0
0
0
0
0
0
0
1000
-1000
0
1000
0
0
59.5682237490468
0
0
999.808026604356
-999.808026604356
999.955940532147
0
0.0440594678528015
0
-1000
0.276945226503358
0
1000
-61.4139581075993
0
-585.422691533744
0.0181445076948544
0
0
0
0
0
558.703465462542
0
0
0
26.4395861158339
0
0
0
0
0
465.456820963282
0
465.456820963282
0
465.456820963282
0
465.456820963282
0
465.456820963282
0
465.456820963282
0
0
465.456820963282
0
0
0
0
0
0
585.422691533744
0
0
0
0
0
0
0
0
0
0
0
0
0
0
0
-1000
0
0
0
0
0
0
0
0
0
0
0
0
0
0
0
0
0
0
0
0
0
0
0
0
0
0
0
666.503820656873
0
0
0
611.23478756971
0
0
0
0
0
0
0
0
0
0
0
0
666.503820656873
0
0
0
0
1000
0
0
1000
0
0
0
0
1000
0
0
0
0
-0.0269472886557196
0
0
0
0
-1000
0
0
0
0
0
0
242.568607843845
363.859205975461
1000
121.284303921922
0
0
0
-1000
121.284303921922
180.852527670969
1000
-940.431776250953
0
0
1000
0
0
0
0
0
149.572636665601
-1000
0
0
0
1.79297842351806
0
-2.61651338389811
0
0
0
0
0
0
1000
-997.257602422237
-1000
0
0
0
86.7980433449377
0
0
0
0
1000
0
0
0
0
0
-2.61966048874478
0
-1000
0
0
0
0
1000
258.197746742974
0
0
0
0
0
-1000
0.347580969617314
0
-999.652419030383
0
996.647927393276
0
0
0
0
0
3.35207260672424
0
-631.514419719858
0
0
0
-998.954109986301
0
0
0
0
0
0
0
0
0
0
-0.347580969617297
0
-1000
0
1000
1000
-1000
-1000
1000
1000
1.45168038131567
-1000
-1000
-0.72853491952344
-0.347580969617297
0
1.43723016898209
260.923190310409
998.606529016684
1000
-348.434578505417
1000
0
0
1000
0
0.135325508405033
0
-0.135325508405003
0
0.00134345902863321
0
0
0
0
1.62995166648918
0
0
0
1000
0
0
0
0
0
0
0
1.39347098331621
998.606529016684
0
1000
0.353875179310571
0
0
1000
0
-0.135325508405003
0
-1.91484243774221
0
0
1.91484243774221
0
0
0
1.39347098331621
1.43723016898207
0
0
0
-86.990016740582
0
0
0
-85.04535458943
1.91484243774221
0
-1000
-0.72853491952344
0
0
2.83339588116382
0
0
0
0
0
0
0
0
0
1.04589001369889
0
0
0
0
0
0
1.73790484808657
0
7.31612377995994
0
0
0
0
1.43723016898209
0
0
0
1000
498.954306341344
998.957257091148
-998.840014254872
-1000
1000
1000
-1000
-1000
-1.16132920415646
1000
-1000
1000
1000
0
1.43723016898207
-1000
0
0
0
0
-1000
1.43723016898207
0
-1000
-998.606529016684
-1000
1000
0
1000
1000
1000
0
0
0
0
0
0
0.728534919523427
1000
1000
-998.200738649067
0
1000
-1000
-1000
-1000
-2.14684232055026
-1000
1000
1000
1000
1000
1000
-1000
-1000
1000
-1000
-918.309468289686
-1000
-1000
0
1000
1000
0
0
0
-1000
1000
0
0
0
995.373625695318
0
0
0
1000
-0.00269472886554922
0
0
-437.924628124899
415.750602533058
0
0
0
0
0
0
0
0
0
112.956768792738
0
750.002234542076
0
112.956768792738
0
0
0
0.00269472886557243
0
1000
-1000
0
0
0
0
0
0
0
0
0
0
0
0
0
0
0
1000
0
0
0
0
0
0
0
0
0
1000
0
0
0
0
0
-1000
1000
0
0
0
0
0
0
0
0
0
0
1000
0.00269472886554922
1000
0.0786776211657525
0.0786776211657525
0
-973.707148379903
0
0
0
0
0
0
0
0
0
-1000
-1000
0
0
0
0
0
-999.997305271134
0
0
0
0
0
0
0
0
0
0
0
0
0
0
0
0
0
0
0
0
0
0
0
0
0
0
0
0
0
0
0
0
0
0
0.122737089018074
0
0
214.781348897945
1000
0
0
0
0
0
0
-1000
0
0
0
0
0
0
0
0
0
0
0
0
0
0
0
0
0
0
0
0
0
0
0
0
0
0
0
-1000
0
0
0.122737089018074
0
0
0
0
0
0
0
0
0
501.199561818488
0
0
0
0
0
0
0
0
0
0
0
0
0
0
0
0
0
0
0
0
0
0
0
0
0
0
0
0
0
0
0
0
0
0
0
0
0
0
0
0
0
0
0
0
0
0
0
0
0
0
0
0
0
0
0
0
0
0
0
0
0
0
0
0
0
0
0
0
0
0
0
-1000
0
750.005381646923
0
0
0
0
0.56962597723979
0.56962597723979
0
0
0
0
0
0
0
0
0
0
0
0
0
0
0
0
0
0
0
0
1000
0
0
0
0
0
-0.00269472886554922
0
0
0
-1000
0
0
-1000
0
0
0
0
560.315695706786
0
0
560.315695706786
0
0
0
0
0
0
0
0
0
0
560.315695706786
0
560.315695706786
0
0
0
9.76245266888405
27.8282013799862
17.7878141155467
13.0281841666602
19.3164543911015
6.35775387333018
14.8695008622148
27.2028485399865
25.048855424432
7.92113597332941
15.3558864044368
31.6498020688732
24.9793717755432
7.71268502666284
12.7849913955492
17.7183304666579
22.9643459577664
18.5868760777686
3.40469879555387
23.1727969044329
0
0
0
0
0
0
0
0
0
0
0
0
0
0
0
0
0
0
0
0
0
0
0
0
0
0
0
0
0
0
0
0
0
0
0
0
0
0
0
0
0
0
0
0
0
0
0
0
0
0
0
0
0
0
0
0
0
0
0
0
0
0
0
0
0
0
0
0
0
0
0
0
0
0
0
0
0
0
0
0
0
0
0
0
0
0
0
0
0
0
0
0
0
-1000
0
975.621990817645
0
0
-501.045693658656
-501.045693658656
1000
1000
366.132161906823
0
0
0
0
0
0
415.750602533058
-804.1700858062
-366.245457681302
-1000
0
-0.00269472886554922
999.997305271134
-0.0908136645712148
1000
1000
366.138456116516
1000
0
0
1000
0
-1000
-1000
-1000
0
0
0
999.997305271134
999.997305271134
0.00269472886554922
0
0
0
0
0
0
0
0
0
0
0
-1000
498.946222154747
1000
1000
0
500
0
41.9258936024633
5
0
0
0
0
0.742716743804408
0
164.416465956838
0
0.00214872264245969
0
0
-0.00109201244617907
0
0
0
0
-0.00109201244617907
999.290227212216
498.182655759971
0
-0.00109201244617907
0.00109201244617907
-0.00109201244617907
-0.407194322397572
0
-0.0682507778877834
0
-1000
-0.423973832239085
0
-0.00109201244617907
-0.00109201244617907
0.00109201244617907
-0.00109201244617907
0.00109201244617907
-0.00218402489235814
0
-0.00109201244617907
-0.00109201244617907
-0.00109201244617907
-0.00109201244617907
-0.00109201244617907
-0.00109201244617907
-0.00109201244617907
-0.00109201244617907
-0.00109201244617907
-0.0229322613703289
0
-0.0313953578283872
0
-0.0161071835815392
0.00109201244617907
125.001092012446
-0.103550807215356
0.00109201244617907
0.00109201244617907
0.00109201244617907
0.00109201244617907
-0.522800958620678
-39.424383047073
-0.354358038793521
0
-0.0186079036849378
0.00109201244617907
0.00109201244617907
0.0103741182389285
0.00109201244617907
0.00109201244617907
-0.00109201244617907
0
0
0
0
0
0
0
0
0
0
0
0
0
0
0
0
0
0
0
0
0
0
0
0
0
0
0
0
0
0
0
0
0
0
0
0
0.00394836359873807
0
0
0
0
0
0
0
0
0
0
0
0
0
0
0
0
0
0
0
0
0
0
0
0
0
0
0
0
0
0
0
0
0
0
0
0
0
0
0
1000
0
0
0
0
0
0
0
0
0
0
0
0
0
0
0
0
0
0
0
0
0
0
0
0
0
0
0
0
0
0
0
0
0
0
0
0
0
0
0
0
0
0
0
0
0
0
0
0
0
0
0
0
0
0
0
0
0
0
0
0
0
0
0
0
0
0
0
0
0
0
0
0
0
0
0
0
0
0
0
0
0
0
0
0
0
0
0
0
0
0
0
0
0
0
0
0
0
0
0
0
0
0.00109201244620513
0.00109201244620513
0.00433274753488012
0.0597876814297307
0.00109201244620513
0
0
0
0
0.00109201244620513
0
0.00109201244620513
0
0
0
0
0
0
0
0
0
0
0
0
0
0
0
0
0
0
0
0
0
0
0
0
0
0
0
0
0
0
0
0
0
0
0
0
0
0
0
0
0
0
0
0
0
0
0
0
0
0
0
0
0
0
0
0
0
0
0
0
0
0
0
0
0
0
0
0
0
0
0
0
0
0
0
0
0
0
0
0
0
0
0
0
0
0
0
0
0
0
0.295662369810038
0
0
0
0
0
0
0
0
0
0
0
0
0
0
0
0
0
0
0
0
0
0
0
0
0
0
0
0
0
0
0
0
0
0
0
0
0
0
0
0
0
0
0
0
0
0
0
0
0
0
0
0
0
0
0
0
0
0
0
0
0
0
0
0
0
0
0
0
0
0
0
0
0
0
0
0
0
0
0
0
0
0
0
0
0
0
0
0
0
0
0
0
0
0
0
0
0
0
0
-1000
0
0
0
0
0
0
0
0
0
0
0
0
0
0
0
0
0
0
0
1000
0
0
0
0
0
0
0
0
0
0
0
0
0
0
0
0
0
0
0
0
0
0
0
0
0
0
0
0
0
0
0
0
0
0
0
0
0
0
0
0
0
0
0
0
0
0
0
0
0
0
0
0
0
0
0
0
0
0
0
0
0
0
0
0
0
0
0
0
0
0
0
1000
1000
0
0
0
0
0
0
0
0
0
0
0
0
0
0
0
0
0
-1000
0
-1000
0
0
0
0
0
0
0
1000
1000
0
0
0
0
0
0
0
0
0
0
0
0
0
0
0
0
0
0
0
0
0
0
0
0
0
0
0
0
0
0
0
0
0
0
0
0
0
0
0
0
0
0
0
0
0
0
0
0
0
0
0
0
0
0
0
0
0
0
0
0
0
0
0
0
0
0
0
0
0
0
0
0
0
0
0
0
0
0
0
0
0
0
0
-998.545078883596
435.402831782446
0
0
0.00109201244617907
0
-999.957173813736
0
0
0.00324073508863876
0
999.957173813736
0
498.182655759971
0
0
0
0.00394836359873807
0.422881819792906
0
-999.577118180207
999.998907987554
0
0
0
0
0
0
0
0
0
0
0
0
0
-1000
-0.00682507778878971
0
-0.0316683609399888
0
0.0276559422040918
0
0
0
0
-39.416465956838
0
0
0.0147858601233111
0
0
0
0
0
164.416465956838
1000
-998.545078883596
-39.416465956838
-39.416465956838
0
169.048223365074
286.443852560978
-0.016168373193409
0
0
0.00109201244617907
-0.00109201244617907
0
0
0.04282618626371
-0.04282618626371
-1000
0
0
0
-0.00324073508863876
-0.00324073508863876
-1000
0
-0.04282618626371
-999.957173813736
-1000
0
-501.817344240029
-498.182655759971
-1000
0
0
0
0
0
-1000
0
1000
0
0
0
-999.577118180207
999.577118180207
-1000
0
0
0
-1000
0
0
0
1000
0
0
0
0
0
0
0
0
0
0
0
0
0
0
0
0
0
0
0
-1000
1000
-1000
0.0107734413874141
-1000
0
-1000
0.0316683609399888
-1000
0
-0.0424418023274029
-0.0424418023274029
0
0
0
0
0
0
1000
0
-1000
39.416465956838
-1000
0
1000
0
-1000
0
-1000
0
0
0
0
0
0
0
0
0
-125
-875
125
-125
0
0
0
0
0
0
0
0
0
0
0
0
0
0
0
0
0
0
0
0
0
0
0
0
0
0
0
0
0
0
0
0
0.00394836359873807
-0.00394836359873807
0
0
0
0
0
0
0
0
0
0
0
0
0
0
0
0
0
0
0
0
0
0
0
0
0
0
0
0
0
0
0
0
0
0
0
0
0.00394836359873807
-0.00394836359873807
0
0
0
0
0
0
0.0147858601233111
0.0147858601233111
0
0
0
0
0
0
0
0
0
0
0
0
0
0
0
0
-0.0147858601233111
-0.0147858601233111
0
0
0
0
0
0
0
0
0
0
0
0
0
0
0
0
0
0
0
0
0
0
0
0
0
0
0
0
0
0
0
0
0
0
0
0
0
0
0
0
0
0
0
0
0.882592698948342
0.00269472886557243
0
0
0
0
0
0
0
0
0.111048865289271
0
0
0
0
0
0
0
0
0
0
0
0
0
0
0
0
0
0
0
0
0
0
0
0
0
0
0
0
0
0
0
0
0
0
0
0
0
0
0
0
0
0
0
0
0
0
0
0
0
0
0
0
0.04282618626371
0.04282618626371
0.04282618626371
0
0
0
0
0
0
0
0
0
0
0
0
0
0
0
0
0
0
0
0
0
0
0
0
0
0
0
0
0
0
0
0
0
0
0
0
0
0
0
0
0
0
0
0
0
0
0
0
0
0
0
0
0
0
0
0
0
0
0
0
0
0
0
0
0
0
0
0
0
0
0
0
0
0
0
0
0
0
0
0
0
0
0
0
0
0
0
0
0
0
0
0
0
0
0
0
0
0
0
0
0
0
0
0
0
0
0
0
0
0
0
0
0.003240735088675
0.003240735088675
0.003240735088675
0.003240735088675
-0.00324073508863876
0
0
0
0
0
0
0
0
0
0
0
0
0
0
0
0
0
0
0
0
0
0
0
0
0
0
0
0
0
0
0
0
0
0
0
0
0
0
0
0
0
0
0
0
0
0
0
0
0
0
0
0
0
0
0.00269472886557243
0.00269472886557243
0.00269472886557243
0.00269472886557243
0.00269472886557243
0
0
0
0
0
0
0
0
0
0
0
0
0
0
0
0
0
0
0
0
0
0
0
0
0
0
0
0
0
0
0
0
0
0
0
0
0
0
0
0
0
0
0
0
0
0
0
0.0269472886557243
0.0269472886557243
-0.0269472886557196
0.00269472886557243
0
0
0
0
0
0
0
0
0
0
0
0
0
0
0
0
0
0
0
0
0
0
0
0
1.83391009657847
0
1.82853626046394
0
0
0
0
0
0
0
0
0
0
0
0
0
0
0
0
0.0269472886557243
0.0269472886557243
0.00269472886557243
0.00269472886557243
0
0
0
0
0
0
0
0
0
0
0
0
0
0
0
0
0
0
0
0
0
0
0
0
0
0
0
0
0
0
0
0
0
0
0
0
0
0
0
0
0
0
0
0
0
0
0
0
0
0
0
0
0
0
0
0
0
0
0
0
0
0
0
0
0
0
0
0
0
0
0
0
0
0
0
0
0
0
0
0
0
0
0
0
0
0
0
0
0
0
0
0
0
0
0
0
0
0
0
0
0
0
0
0
0
0
0
0
0
0
0
0
0
0
0
0
0
0
0
0
0
0
0
0
0
0
0
0
0
0
0
0
0
0
0
0
0
0
0
0
0
0
0
0
0
0
0
0
0
0
0
0
0
0
0
0
0
0
0
0
0
0
0
0
0
0
0
0
0
0
0
0
0
0
0
0
0
0
0
0
0
0
0
0
0
0
0
0
0
0
0
0
0.882592698948342
0
0
0
0
0
0
-0.885287427813864
0.885287427813914
0
0
0.00269472886557243
0
0
0
0
0
0
0
0
0
0
0
0
0
0
0
0
0
0
0
0
0
0
0
0
0
0
0
0
0
0
0
0
0
0
0
0
0
0
0
0
0
0
0
0
0
0
0
0
0
0
0
0
0
0
0
0
0
0
0
0
0
0
0
0
0
0
0
0
0
0
0
0
0
0
0
0
0
0
0
0
0
0
0
0
0
0
0
0
0
0
0
0
0
0
0
0
0
0
0
0
0
0
0
0
0
0
0
0
0
0
0
0
0
0
0
0
0
0
0
0
0
0
0
0.882592698948342
0.00269472886557243
0
0
0
0
0
0
0
1.16191241117669
0
0
0
0.728534919523427
0.728534919523427
0.728534919523427
0
0
0
0
0
0
0.996336293103185
0
0
0
0.00269472886557243
0
0
0
0
-0.996336293103241
0.996336293103185
0
0
0
0
0.273560542904054
0
0
0
0
0
0.165576118073506
0
0.165576118073506
0
0
0
0
0
0
0
0
0
0
8.12330833191932
8.12330833191932
8.12330833191932
0
0
0
0
-0.111048865289263
0
0
0
0
0
0
0
0
0
0
0
0
0
0
0
0
0
0
0
0
0
0
0
0
0
0
0
0
0
0
0
0
0
0
0
0
0
0
0
0
0
0
0
0
0
0
0
0
0
0
0
0
0
0
0
0
0
0
0
0
0
0
0
0
0
0
0
0
0
0
0
0
0
0
0
0
0
0
0
0
0
0
0
0
0
0
0
0
0
0
0
0
0
0
0
0
0
0
0
0
0
0
0
0
0
0
0
0
0
0
0
0
0
0
0
0
0
0
0
0
0
0
0
0
1000
0
0
1000
1000
0
0
0
0
0
0
0
0
0
0
0
0
0
0
0
0
0
0
0
0
0
0
0
0
0
0
0
0
0
0
0
0
0
0
0
0
0
0
0
0
0
0
0
0
0
0
0
0
0
0
0
0
0
0
0
0
0
0
0
0
0
0
0
0
0
0
0
0
0
0
0
0
0
0
0
0
0
0
0
0
0
0
0
0
0
0
0
0
0
0
0
0
0
0
0
0
0
0
0
0
0
0
0
0
0
0
0
0
0
0
0
0
0
0
0
0
0
0
0
0
0
0
0
0
0
0
0
0
0
0
0
0
0
0
0
0
0
0
0
0
0
0
0
0
0
0
0
0
0
0
0
0
0
0
0
0
0
0
0
0
0
0
0
0
0
0
0
0
0
0
0
0
0
0
0
0
0
0
0
0
0
0
0
0
0
0
0
0
0
0
0
0
0
0
0
0
953.129666555746
0
0
0
0
0
0
0
0
0
0
0
0
0
0
0
0
0
0
0
0
0
0
0
0
0
0
0
0
0
0
0
0
0
0
0
0
0
0
0
0
0
0
0
0
0
0
0
0
0
0
0
0
0
0
0
0
0
0
0
0
0
0
0
0
0
0
0
0
0
0
0
0
0
0
0
0
0
0
0
0
0
0
0
0
0
0
0
0
0
0
0
0
0
0
0
0
0
0
0
0
0
0
0
0
0
0
0
0
0
0
0
0
0
0
0
1000
0
0
0
0
0
0
0
0
0
0
0
0
0
0
0
0
0
0
0
0
0
0
0
0
0
0
0
0
0
0
0
0
0
0
0
0
0
0
0
0
0
0
0
0
0
0
0
0
0
0
0
0
0
0
0
0
0
0
0
0
0
0
0
0
0
0
0
0
0
0
0
0
0
0
0
0
0
0
0
0.122737089018074
0.122737089018074
0
0
0
0
0.122737089018074
0
0.122737089018074
0
0
0
0
0
0.018882629079144
0
0
0
0
0
0
0
0
0
0
0
0
0
0
0
0
0
0
0
0
0
0
0
0
0
0
0
0
0
0
0
0
0
0
0
0
0
0
0
0
0
0
0
0
0
0
0
0
0
0
0
0
0
0
0
0
0
0
0
0
0
414.436426869542
414.436426869542
0
0
0
0
0
0
0
0
0
0
0
0
0
0
0
0
0
0
0
0
0
0
0
0
0
0
0
0
0
0
0
0
0
0
0
0
0
0
0
0
0
0
0
0
0
0
0
0
1000
-1000
342.761030690926
0
0
0
-1000
-1000
1000
0
24.3780091823547
0
0
340.846188253184
-1000
0
0
0
0
0
0
0
0
0
0
0
0
0
0
0
0
0
0
0
0
0
0
0
0
0
0
0
0
0
0
0
0
0
0
0
0
0
0
0
0
1000
0
0
9.39374671730252
0
0
0
0
0
0
0
0
0
0
0
0
0
0
-999.997305271134
999.997305271134
1000
999.997305271134
1000
-1000
-1000
0
0
0
0
0
0
0.00269472886554922
0
0
0
0
0
0
0
0
0
0
0
0
0
0
0
0
0
299.134620589059
0
0
0
0
0.00201518854294982
0.00269472886557243
0
1000
0.00134345902863321
0.00134345902863321
0.00269472886554922
0
0.000671729514316607
0.00134345902863321
0.00403818789418244
-0.00134345902858968
0.00134345902863321
0.00134345902863321
0.00134345902863321
0.00134345902863321
0.00134345902863321
-0.00134345902858968
-0.00268691805729304
0.00134345902863321
0.00134345902863321
0.00134345902858968
0.00134345902863321
-0.00403818789425259
-0.00403818789425259
0.00269472886554922
0.00269472886554922
0.00134345902863321
0.00134345902863321
0.00269472886557243
0.00269472886557243
-0.00269472886554922
-0.00269472886554922
0.00269472886554922
0.00269472886554922
0.00134345902863321
0.00134345902863321
0.00134345902863321
0.00134345902863321
-0.00403818789425259
-999.997305271134
0
0
0
0
0
0
-785.218651102055
0
0
0
0.00269472886557243
0
0
0
0
0.00134736443278622
0.00269472886554922
0.00269472886554922
0
0.00269472886557243
0
0
0
0
0
-0.00269472886554922
0
0
0.00537383611453285
0.00134345902863321
0.00403037708589964
0.00134345902863321
-0.00134345902858968
0.00134345902863321
0.00134345902863321
0.00134345902863321
0.00134345902863321
0.00134345902863321
0.00134345902863321
0.00268691805726643
0.00134345902863321
0.00134345902863321
0.00134345902863321
0.00134345902863321
0.00134345902863321
0
0.00134345902863321
0.00269472886557243
0.00269472886557243
0.00269472886557243
0.00269472886557243
0.00269472886557243
0.00269472886557243
0.00269472886557243
0.00269472886557243
0.00269472886557243
0.00269472886557243
0.00269472886557243
0.00269472886557243
0.00269472886557243
0.00269472886557243
0
0
0
0
0
0
0
0
0
0
0
0
-0.00269472886554922
0.00269472886557243
0.00269472886557243
0
0
0
0
0
0
0
0
0
0
0
0
0
0
0
0
0
0
0
0
0
0
0
0
0
0
0
0
0
0
0
0
0
0
0
0
0
0
0
0
0
0
0
0
0
0
0
0
0
0
0
0
0
0
0
0
0
0
0
0
0
977.516633854207
500
0
0
0
0
0
0.00269472886557243
0
0
0
0
0
0
0
0
0
0
1000
0
0
0
0
0
0
0
0
0
0
-1000
0
-0.742716743804408
0
-164.416465956838
0
-0.00214872264245969
0
0
0
0.00109201244620513
0
0
0
0
0
0
0
0
0
0.00109201244620513
0
0
999.290227212217
0
0
0
0
0.00109201244620513
0
0.00109201244620513
0
0.00109201244620513
0
0.407194322397544
0
0
0
0.0682507778878204
0
0
0
0
0
0.423973832239141
0
0
0
0.00109201244620513
0
0.00109201244620513
0
0.00109201244620513
0
0.00109201244620513
0
0.00109201244620513
0
0.00218402489241025
0
0
0
0.00109201244620513
0
0.00109201244620513
0
0.00109201244620513
0
0.00109201244620513
0
0.00109201244620513
0
0.00109201244620513
0
0.00109201244620513
0
0.00109201244620513
0
0.00109201244620513
0
0.0229322613703077
0
0
0
0.0313953578283974
0
0
0
0.0161071835815256
0
0.00109201244620513
0
125.001092012446
0
0.103550807215402
0
0.00109201244620513
0
0.00109201244620513
0
0.00109201244620513
0
0.00109201244620513
0
0.522800958620704
0
39.424383047073
0
0.354358038793564
0
0
0
0.0186079036849893
0
0.00109201244620513
0
0.00109201244620513
0
0.0103741182389487
0
0.00109201244620513
0
0.00109201244620513
0
0.00109201244620513
0
0
663.703147235278
0
0
0.00269472886554922
0
0
0
0
0
0
1000
-1000
1000
0
0
-1000
997.070133259382
0
0
413.440090576439
1000
1000
-1000
0
0
1000
0
0
0
0
-6.94747879607542
818.145902340544
0
0
0
0
-998.606529016684
365.51833882178
-0.00269472886554922
0
0
-2.35848658601265
1000
0
0
0
0
465.474965470977
0
1000
-998.562769831018
631.514419719858
0
0
1000
1000
0
-1000
0
0
1000
1000
-1000
-1000
0
1000
0
0
-1000
842.247064053955
1000
1000
0
0
0
0
0
0
0
0
0
0
0
0
0
0
0
1000
0
1000
0
0
0
0
0
0
0
0
0
0
1000
0
0
0
0
0
971.352818426762
0
0
-1000
-1000
-1000
-1000
-1000
-1000
-254.595211949244
-1000
-1000
-1000
-1000
-1000
1000
267.658904050464
1000
-1000
-1000
-1000
-1000
1000
-1000
-1000
-1000
1000
1000
1000
1000
1000
1000
-1000
-1000
-1000
-1000
-1000
-1000
308.581898492921
-1000
-1000
1000
1000
-1000
1000
-1000
-1000
-651.61135607509
-1000
-1000
-1000
-1000
1000
-1000
-1000
-1000
1000
-1000
-1000
1000
281.157626707719
726.671501198269
-1000
-1000
-1000
-1000
-1000
-1000
-1000
-1000
-1000
1000
3.5589069330382
1000
-1000
-1000
1000
1000
-1000
-1000
-1000
-1000
-20.4418380320583
-882.96924330849
-1000
-1000
-1000
-1000
1000
-1000
1000
-1000
1000
1000
1000
-1000
-711.899257917478
1000
1000
1000
1000
-1000
-1000
-1000
-1000
1000
1000
-1000
-1000
-1000
-1000
1000
1000
1000
-267.658904050464
1000
906.418985439426
1000
1000
-1000
0
1000
-1000
-1000
738.380850337006
-1000
1000
1000
-17.8350206882461
-1000
730.700625727862
0
0
0
0
0
0
0
0
0
0
0
0
0
0
0
0
0
0
0
0
0
0
0
0
0
0
0
0
0
0
0
0
0
0
0
0
0
0
0
0
0
0
0
0
0
0
0
0
0
0
0
0
0
0
0
0
0
0
0
0
0
0
0
0
0
0
0
0
0
0
0
0
0
0
0
0
0
0
0
0
0
0
0
0
0
0
0
0
0
0
0
0
0
0
0
0
0
0
0
0
0
0
0
0
0
0
0
0
0
0
0
0
0
0
0
0
0
0
0
0
0
0
0
0
0
0
0
0
0
0
0
0
0
0
0
0
0
0
0
0
0
0
0
0
0
0
0
0
0
0
0
1000
0
0
0
0
0
0
0
0
0
0
0
0
0
0
0
0
0
0
0
0
0
0
0
0
0
0
0
0
0
0
0
0
0
0
0
0
0
0
0
0
0
0
0
0
83.9798741437319
0
0
0
0
0
0
0
0
0
0
0
0
0
0
0
0
0
0
0
0
0
0
0
0
0
0
0
0
0
0
0
0
0
0
0
0
0
0
0
0
0
0
0
0
0
0
0
0
0
0
0
0
0
0
0
0
0
0
0
0
0
0
0
0
0
0
0
0
0
0
0
0
0
0
0
0
0
0
0
0
0
0
251.464353583892
0
0
0
0
0
0
0
0
0
0
0
0
0
0
0
0
0
0
0
0
0
0
0
0
0
0
0
0
0
0
0
0
0
0
0
0
0
0
0
0
0
0
0
0
0
503.01424495952
1000
-503.01424495952
1000
1000
1000
1000
1000
-1000
-1000
0
-1000
1000
1000
1000
999.969725307006
-1000
-1000
-1000
-1000
1000
1000
-1000
-1000
-1000
-1000
-1000
0
1000
-1000
-1000
-1000
0
-1000
-1000
-999.969725307006
1000
-1000
1000
-1000
-1000
1000
-1000
-1000
-1000
1000
-1000
-1000
0
-1000
-1000
-1000
-1000
1000
-1000
0
0
0
0
0
0
0
0
0
0
0
0
0
0
0
0
0
-1000
-1000
-0.353875179310535
0
0
0
0
21.5006818438067
702.029597762606
0
0
0
0
0
0
0
0
0
0
-0.00269472886554922
0.00269472886557243
0
0
-0.00269472886554922
-0.00269472886554922
0
0
0
0
0
0
0
0
0
0.00739683546578868
0
0
0
0
0
0
0
0
0
0
0
558.679201186539
0
0
0
1000
0
0
0
0.00269472886557243
0
0
1000
-1000
1000
-1000
214.781348897945
0
0
0
0
-0.00269472886554922
0.273560542904079
0
0
0
0
0
0
0
0
0
0
0
0
0
0
0
0
0
-1000
-465.456820963282
465.456820963282
0.00269472886557243
0
0
0
496.98575504048
-270.567807954538
0
0
0
0
0
0
0
0
-818.145902340544
0
1000
0
0
0
271.012896380296
112.836726432585
0
0
0
0
0
0
0
0
0
0
0
0
0
0
0
0
0
0
0
0
0
0
0
0
0
0
0
0
0.00269472886557243
0
0
0
0
0
1000
0
-998.545078883596
0
-0.00214872264245969
0
1.45706983904685
0
0
0
0
0
0.00403037708589964
1000
0
0
437.924628124899
0
0
0
0
0
0
0
0
0
0
0.00269472886554922
-804.172780535066
0.00269472886554922
0
-1000
1000
0
0
0
-1000
1000
0
0
0
0
0
2.83339588116382
-1.39347098331621
0
1000
0
539.857772394057
0
0
1000
0
0
-1000
0
0
-1000
0
0.107001564785378
999.892998435215
0
0
0
0
0
0
0
0
0
0
0
0
1000
0
460.142227605943
0
0
0
0
0
0
460.142227605943
101.929113892072
0
0
1000
0
1000
0
0
0
0
0
0
0
0
0
0
0.728534919523427
0
0.00269472886557243
-0.00269472886554922
0.00269472886557243
0.00269472886557243
0
0
0.00269472886554922
0
0
-1.43723016898207
0.72853491952344
0
0
-0.00808418659676136
-1000
-1.45168038131567
-2.88891055029774
1000
-1000
-1000
0
0
-1000
995.717618466386
0
-1000
0
0
0
0
0
0
0
0
0
0
0
0
0
0
0
0
0
1000
0
0
0
0
0
0
1.45168038131567
0
0
0
0
0
0
0.00134345902863321
0
1000
0
0
0
0
0
0
0.00269472886557243
0
0
0
0
0
0
0
0
125
0
-1000
0
0
0
0
0
0
0
0
0
0
0
0
0
1000
0
0
0
1000
0
0
0
0
0
0
0
0
0
0
0
0
0
0
0
0
0
0
0
0
0
0
0
0
0
0
1.7379048480866
0
0
0
0
0
0
0
0
0
0
0
0
0
0
0
0
0
0
0
0
0
0
0
0
0
0
0
0
0
0
0
0
0
0
0
0
0
0
0
0
0
0
0
0
0
0
0
0
0
0
0
0
0
0
0
0
0
0
0
0
0
0
0
0
0
0
0
0
0
0
0
0
0
0
0
0
0
0
0
0
0
0
0
0
0
0
0
0
0
0
0
0
0
0
0
0
0
0
0
0
0
0
0
0
0
0
0
0
0
0
0
0
0
-999.981855492305
0
0.00134345902858968
0
0.0147858601233111
0
0
-0.0181445076948421
0
1000
0.00335864757153104
0
0
0
0
0
0
0
0
0
0
0
0
0
0
0
0
0.00269472886557243
0.00269472886557243
0.00269472886557243
1000
-1000
0
169.048223365074
-1000
0
0
0
0
0
0
1000
-101.929113892072
0
0
0
0
0
0
0
0
0
0
-1000
0
1000
0
-1000
-1000
-1000
-999.577118180207
0.422881819792906
1000
0
0
0
0
0
0
0
0
0
0
-1000
0
1000
0.295157427870163
0.00269472886557243
0.00269472886557243
0.00269472886557243
0.00269472886557243
0.00269472886557243
1000
0
0
1000
0
0
0
0
0.00109201244620513
0.00109201244620513
0
0
0
0
0
0
0
0
0
-1000
0
0
0
0
0
0
0
1000
-999.998907987554
0
1000
1000
1000
-1000
0
0
0
0
0
0
0
0
0
0
0
0
0
0
0
0
0
0
0
0
0
39.416465956838
0
125
0
0
0
0
0
0.0107734413874686
125
0
0
0
0
0.0424418023274173
125
0
0
0
0
0
125
0
0
0
0
-1000
0
0
0
0
0
0
0
0
-1000
0
0
0
0
0
0
0
0
1000
1000
-1000
-1000
-1000
-960.583534043162
0
0
0
0
0
0
-6.02848991903988
-1000
-1000
1000
0
0
0
0
286.427684187785
11.1423679943849
0
0
0
0
0
0.433377491653264
0.433377491653264
0
-999.980512033277
0
0
0
0
0
0
0
0
-1000
0
0
0
0
0
0
0
999.989226558613
0.00269472886557243
0
0
0
0
0
0
0
0
-340.843493524319
-214.781348897945
0
0
999.96833163906
0
0
0
-1000
0
0
0
-999.957173813736
0
-1000
0
0
0
0
-1000
0
0
0
0
-0.00324073508863876
0
1000
0
0
0
-1.3686713922641
1.3686713922641
0
0
-1000
0
0
0
0
-1000
-1000
0
0
-633.754542318698
0
0
0
0
0.00394836359868656
0
0
0
0
0
0
0
0
997.169298847702
0
998.606529016684
0
0
0
0
0
0
0
0
0
1000
0
0
-1000
1000
-1000
-1000
1000
0
0
0
0
0
0
0
0
-1000
0
0
1000
0.00134345902863321
0.00134345902863321
0
-1000
0
0
498.182655759971
0
0
0
0
0
0
0
0
0
0
0
0
0
0
0
0
0
0
0
0
0
0
0
0
0
-0.0147858601233111
0
0
0
0
0
0
0
0
0
0
0
0
0
0
0
0
0
0
0
0
0
0
0
0
0
0
0
0
0
0
0
0
0
0
0
0
0
0
0
0
0
0
0
0
0
0
-1000
0
-1000
0
0
0
0
0
0
-1000
0
0
0
0
0
0
0
0
0
0
0
-1000
0
0
0
0
0
0
0
0
0
0
0
0
0
1000
0
0
0
1.45492111640408
0
0
0
0
0
0
0
0
0
0
0
0
0
0
0
0
0
0
0
0
0
0
0
0
0
0
0
0
0
0
0
0
0
0
0
0
0
0
0
0.00214872264246987
0
0
0
0
0
0
0
0
0
0
0
0
0
0
0
0
0
0
0
0
0
0
0
0
0
0
0
0
0
0
0
0
0
0
0
0
0
0
0
0
0
0
0
0
0
0
0
0
0
0
0
0
0
0
0
0
0
0
0
0
0
0
0
0
0
0
0
0
0
0
0
0
0
0
0
0
0
0
0
0
0
0
0
0
0
0
0
0
0
0
0
0
0
0
0
0
0
0
0
0
0
0
0
0
0
0
0
0
0
0
0
0
0
0
0
0
0
0
0
0
0
0
0
0
0
0
0
0
0
0
0
0
0
0
0
0
0
0
0
0
0
0
0
0
0
0
-1000
340.846188253184
0
0
0
0
0
0
0
0
0
0
0
0
0
0
0
0
0
0
0
0
0
0
0
0
0
0
0
-378.715696078078
0
450.060409468578
549.939590531422
-999.877262910982
0
-1000
0
0
663.703147235278
0
0
0
0
270.54894485248
0.0161683731934346
0
0
0
0
0
-1000
0
0
0
0
0
0
0
0
0
0
0
0
0
0
0
0
0
0
0
-0.742716743804408
-1.83391009657851
0
0
0
0
0
0
0
0
0
0
0
0
0
0
0
0
0
0
0
0
0
0
0
0
0
0
0
0
0
0
0
0
0
0
0
0
0
0
0
0
-986.93405057518
0
0
0
0
0
0
0
0
0
0
0
0
0
0
0
0
0
0
0
0
0
0
0
0
0
0
0
0
0
0
0
0
0
0
0
0
0
0
0
0
0
0
0
0
0
0
0
0
0
0
0
0
0
0
0
0
0
0
-984.323108901207
0
0
0
0
0
0
0
0
0
0
0
0
0
0
0
0
0
0
0
0
0
0
0
0
0
0
0
0
0
0
0
0
0
0
0
0
0
0
0
0
0
0
0
0
0
0
0
0
0
0
0
0
0
0
0
0
0
0
0
0
0
0
0
0
0
0
0
0
0
0
0
0
0
0
0
0
0
0
0
0
0
0
0
0
0
0
0
0
0
0
0
0
0
0
0
0
0
0
0
0
0
0
0
0
0
0
0
0
0
0
0
0
0
0
0
0
0
0
0
0
0
0
0
0
0
0
0
0
0
0
0
0
0
0
0
0
0
0
0
0
0
0
0
0
0
0
0
0
0
0
-986.93405057518
-984.323108901207
0
0
0
0
0
0
0
0
0
0
0
0
0
0
0
0
0
498.182655759971
0
0
0
0
0
0
0
0
0
0
0
0
-1000
0
0
0
0
0.00269472886554922
-500.878557124132
0
0
0
0
0
0
0
0
0
0
0
0
0
0
0
0
0
0
0
0
0
0
0
0
0
0
0
0
0
0
0
0
0
0
0
0
0
0
0
0
0
0
0
0
0
0
0
0
0
0
0
0
0
0
0
0
0
0
0
0
0
0
0
0
0
0
0
0
0
0
0
0
0
0
0
0
0
0
0
0
0
0
0
0
0
0
0
0
0
0
0
0
0
0
0
0
0
0
0
0
0
0
0
0
0
0
0
0
0
0
0
0
0
0
0
0
0
0
0
0
0
0
0
0
0
0
0
0
0
0
0
0
0
0
0
0
0
0
0
0
0
0
0
0
0
0
0
0
0
0
0
0
0
0
0
0
0
0
1000
0
0
1000
1000
0
0
0
0
0
0
0
1000
0.00269472886554922
0
0
-1000
1000
0
0
0
0
0
0
0.885287427813864
0
0
0
0
0
0
0
0
0
0
0
0
0
0
1000
0
0
0
0
0.00269472886557243
0
0
0
0
0
0
0
0
0
0
0
0
0
0
0
0
0
0
0
1000
0
0
0
0
0
0
0
0
0
0
0
0
0
0
0
0
0
0
0
0
0
0
0
0
0
0
0
0
0
0
0
0
0
0
0
0
0
0
0
0
0
0
0
0
0
0
0
0
0
0
0
0
0
0
0
0
0
0
0
0
0
0
0
0
0
0
0
0
0
0
0
0
0
0
0
0
0
0
0
0
0
0
0
0
0
0
0
0
0
0
0
0
0
0
0
0
0
0
0
0
0
0
0
0
0
0
0
0
0
0
0
0
0
0
0
0
0
0
0
0
0
0
0
0
1000
500
65.0900692167255
-2.73003111551282
0
0
0
-0.72853491952344
0
0
0
347.418244444272
14.3979233107397
31.4710484662868
0.0781080830600705
65.0900692167255
0
0
0
0
0
0
0
0
0
0
0
0
0
0
0
0
0
0
0
0
531.947412379346
-1000
0
0
-1000
999.997305271134
0
0
0
0
-1000
-125
750
-250
0
0
0
0.0175040214137425
0
0.00874029449442189
0
0
0.00269472886557243
0
0
0
0
0
0
0
0
0
0
0
0
0
0
0.742716743804408
0
164.416465956838
0
0.00214872264245969
0
0
465.477660199842
-0.522800958620678
-0.0229322613703289
0
-992.319775390856
-1000
-31.9708067632293
-1000
-7.82912790598812
-514.138761351522
-19.8079527582605
-3.43616984402013
-23.4497421309362
-1000
-1000
0
0
0
0
-1000
83.9798741437319
-1000
-691.418101507079
-996.869141634648
-6.94311537480303
982.164979311754
13.0636921012194
-17.9417749107686
949.581758312484
0
-1000
0
-887.163273567415
0
1000
598.269241178119
0
977.381308345802
-1000
0
0
0
0
0.273560542904079
0
1000
0
0
0
-598.269241178118
0
0
0
0
0
0
0
-0.00269472886554922
9.39105198843697
-9.39374671730252
0
-953.129666555746
953.129666555746
0
0
0
0
0
0
0
0
558.679201186539
0
0
0
0
497.016029733474
0
1000
0
0
1000
1000
0
-0.00269472886554922
-0.00269472886554922
0
659.153811746816
-0.00739683546578362
0
0
-0.00269472886554922
0
-0.00269472886554922
0
0
-299.134620589059
-0.00269472886554922
0
0
0
-0.00269472886554922
0
0
0
0
0
0
0
0
0
0
0
1000
0
0
0
0
1000
0
0
0
0
0
0
-2.92986674061797
-1000
0
0
0
-1000
0
1000
0
0
-0.00269472886554922
0
0
0
0
0
0
0
0
0
0
0
0
1000
0
729.432192045462
0
-2.35848658601265
-0.353875179310535
-1000
-1000
299.134620589059
0
0
0
0
0
0
0
0
953.129666555746
0
0
0
0
0
631.514419719858
0
0
0
0
365.51833882178
0
0
0
0
413.440090576439
1000
0
-1000
1000
465.456820963282
0
0
0
0
0
-1000
-785.218651102055
0
0
0
0
0
-0.0302746929937712
0
0
0
0
-659.156506475681
-998.606529016684
1000
0
0
0
0
0
0
1000
-1000
-998.562769831018
-6.94747879607542
0
0
-465.456820963282
0
0
0
0
0
0
0
1000
0
-0.0186079036849378
-0.00109201244617907
0
0
-0.0161071835815392
-0.103550807215356
-0.0103741182389285
-0.354358038793521
-0.0313953578283872
0
0
0
999.290227212216
0
-0.00109201244617907
-1000
-0.00109201244617907
-0.00109201244617907
0
-39.424383047073
0
-0.00109201244617907
-0.407194322397572
0
0
-11.1423679943848
0
0
-0.00109201244617907
0
0
-125.001092012446
-0.00109201244617907
-0.00109201244617907
-0.00109201244617907
0
0
-0.0682507778877834
0
0
0
-1000
1000
0
0
0
1000
-0.00269472886554922
0
1000
-1000
1000
0
0
-1000
0
-1000
-1000
0
0
0
0
0
0
0
0
0
0
0
0
0
0
-1000
1000
1000
-1000
-1000
0.00269472886554922
-1000
-1000
0
0
0
-0.00109201244617907
-0.00109201244617907
0
0
0
0
1000
-1000
999.877262910982
270.54894485248
0.016168373193409
0
0
0
0
0
1000
0
-1000
0
0
0
0
-0.742716743804408
-1.83391009657851
0
0
0
0
0
0
0
0
0
0
0
0
0
0
0
0
0
0
0
0
0
0
0
0
0
0
0
0
0
0
0
0
0
0
0
0
0
0
0
0
0
0
0
0
0
0
0
0
0
0
0
0
0
0
0
0
0
0
0
0
0
0
0
0
0
0
-0.00109201244617907
0
0
0
0
0
0
0
0
0
0
0
0
0
0
0
0
0
0
0
0
0
0
0
0
0
0
0
0
0
0
0
0
0
0
0
0
0
986.93405057518
0
0
0
0
0
0
0
0
0
0
0
0
0
0
0
0
0
0
0
0
0
0
0
0
0
0
0
0
0
0
0
0
0
0
0
0
0
0
0
0
0
0
0
0
0
0
0
0
0
0
0
0
0
0
0
0
0
0
984.323108901207
0
0
0
0
0
0
0
0
0
0
0
0
0
0
0
0
0
0
0
0
0
0
0
0
0
0
0
0
0
0
0
0
0
0
0
0
0
0
0
0
0
0
0
0
0
0
0
0
0
0
0
0
0
0
0
0
0
0
0
0
0
0
0
0
0
0
0
0
0
0
0
0
0
0
0
0
0
0
0
0
0
0
0
0
0
0
0
0
0
0
0
0
0
0
0
0
0
0
0
0
0
0
0
0
0
0
0
0
0
0
0
0
0
0
0
0
0
0
0
0
0
0
0
0
0
0
0
0
0
0
0
0
0
0
0
0
0
0
0
0
0
0
0
0
0
0
0
0
0
0
0
0
0
-1000
0
0
0
0
0
0
0
-1000
0
1000
0
0
0
500.878557124131
0
0
0
0
0
0
0
0
0
0
0
0
0
0
0
0
0
0
0
0
0
0
0
1000
0
-1000
0
-1000
-0.00269472886554922
-0.885287427813864
0
0
0
0
0
0
0
1000
1000
-1000
-1000
0
0
0
-1000
0
0
0
0
0
0
0
0
0
0
0
0
0
0
0
0
0
0
0
0
0
0
0
0
0
0
0
0
0
0
0
0
0
0
0
0
0
0
0
0
0
0
0
0
0
0
0
0
0
0
0
0
0
0
0
0
0
0
0
0
0
0
-0.00109201244617907
-0.00109201244617907
-0.00109201244617907
-0.00109201244617907
0
-0.00109201244617907
-0.423973832239085
0
-0.00109201244617907
-0.00109201244617907
-0.00109201244617907
-0.00109201244617907
0
-0.00218402489235814
-0.00109201244617907
-0.00109201244617907
-0.00109201244617907
-0.00109201244617907
0
-0.00109201244617907
0
-0.00109201244617907
-0.00109201244617907
-0.00109201244617907
0
-1000
65.0900692167254
0
0
0
0
0
0
0
0
0
0
0
