0
0
0
0
0
0
0
433.968224410648
-1000
0
1000
0
0
193.282209528968
0
0
999.630164344621
-999.630164344621
999.915119685651
0
0.0848803143493531
0
-1000
0.533533404481659
0
1000
-211.089186599143
0
-784.873007065186
0.0181171632696034
0
0
0
0
0
0.0467449897815805
0
76.3272421156069
76.3272421156069
50.9357123485112
76.3272421156069
76.3272421156069
76.3272421156069
76.3272421156069
76.3272421156069
0
0
0
0
0
0
0
0
0
0
0
0
0
0
0
0
0
0
0
0
1000
0
0
548.145428221255
0
0
0
0
1000
1000
0
0
0
0
548.145428221255
0
-1000
0
0
0
0
0
0
0
0
0
0
0
0
0
0
0
0
0
0
0
0
0
0
0
0
0
0
0
0
0
0
0
436.399439128797
0
0
0
0
0
0
0
0
0
0
0
0
0
0
0
0
1000
0
0
1000
207.500518026132
0
0
0
1000
0
0
0
0
-21.2500180523317
0
0
0
0
437.428667800879
0
0
0.0129558783846582
-214.872423467286
0
0
595.034441671443
1000
1000
404.953432569364
0
0
0
-1000
404.953432569364
598.235642098333
1000
-806.717790471032
0
214.872423467286
1000
0
0
0.0129558783846733
0
0
1000
699.866453803358
0
0
0
0
0
-5.71031092177702
0
0
0
0
0
0
787.08725880388
-588.732961201141
-1000
0
0
0
1000
0
0
0
0
787.08725880388
0
0
0
0
0
-5.71637380137338
0
-999.993937120404
0
0
0
0
0
0
0
0
0
0
0
-1000
0
0
-594.449335002515
0
998.213828020559
0
0.669612762040989
0
0
0
1.11655921739961
0
411.267038798859
0
0
0
-1000
0
0
0
0
0
0
0
0
0
0
0
0
-1000
0
1000
1000
-1000
-1000
1000
-258.415821098913
1000
-1000
1000
-1.40351838088975
1000
0
0
-1.00441914306145
1000
0
-1000
1000
0
75.7481495627512
1000
0
0.260703822644442
0
-0.260703822644473
0
0.00258816618137191
0
0
0
0
3.14009261954959
0
0
0
999.630164344621
0
0
0
0
0
0
0
0
-118.436613245628
0
1000
0.681738521233754
0
0
1000
0
-0.260703822644473
0
-1.00441914306145
0.112140074338131
0
1.00441914306145
0
0
0
0
0
0
0
0
-1000
0
0
0
1000
1.11655921739964
0
-1000
-1.40351838088975
0
0
0.00519137984050152
0
0
0
0
0
0
0
0
0
0
0
0
712.885948248143
0
0
0
3.34806381020495
14.0944708714246
0
0
0
0
0
0
0
0
0
1000
-1000
1000
324.653491951307
1000
1000
-1000
-991.831334979907
-1000
-1000
1000
-999.330387237959
-1000
742.253791663128
1000
0
0
0
0
0
0
-1000
0
-1000
0
-1000
0
1000
0
0
-1000
1000
0
0
0
0
0
0
1.40351838088978
-1000
-1000
1000
1000
1000
-1000
-1000
1000
-0.66961276204097
-1000
1000
1000
-1000
-1000
0
-1000
0
697.459062575922
0
-721.580455389275
0
2.00883828612302
-1000
1000
1000
0
0
0
-1000
1000
2.79665400209842
0
0
588.732961201141
0
0
0
-0.00519137984053941
1000
0
0
38.1049725510961
-255.867327748259
213.149193500382
38.1049725510962
0
0
0
961.889836069063
0
0
0
0
0
0
0
0
0
0
0.0051913798405425
0
1000
-1000
0
0
0
0
0
0
0
0
0
0
0
0
0
0
0
0
0
0
0
0
0
0
0
0
0
0
0
0
0
0
0
0
0
0
0
0
0
0
0
0
0
0
0
1000
1000
1000
0.151571989909598
0.151571989909598
0
-27.6130809973843
0
0
0
0
0
0
0
0
0
0
0
0
0
0
0
0
-603.089703294585
0
0
0
0
0
0
0
0
0
0
0
0
0
0
0
0
0
0
0
0
0
0
0
0
0
0
0
0
0
0
0
0
0
0
0.236452304262154
0
0
0
1000
0
0
0
0
0
0
-1000
0
0
0
0
0
0
0
0
0
0
0
0
0
0
0
0
0
0
0
0
0
0
0
0
-9.1006691257744
0
0
0.236452304262154
0
0
0
0
0
0
0
0
0
775.743316358587
0
0
0
0
0
0
0
0
0
0
0
0
0
0
0
0
0
0
0
0
0
0
0
0
0
0
0
0
0
0
0
0
0
0
0
0
0
0
0
0
0
0
0
0
0
0
0
0
0.0155741395216275
0.0155741395216275
0
0.0155741395216275
0
0
0
0
0
0
0
0
0
0
0
0
0
0
0
0
0
0
0
0
0
-1000
0
0.00606287959638236
0
0
0
0
1.09738120694521
1.09738120694521
0
0
0
0
0
0
0
0
0
0
0
0
0
0
0
0
0
0
0
0
1000
0
0
0
0
0
-1000
0
0
0
-1000
0
0
-1000
0
0
0
0
3.15269739011883
0
0
3.15269739011883
0
0
0
0
0
0
0
0
0
0
3.15269739011883
0
3.15269739011883
0
0
0
18.8073095690571
53.6108717609067
34.2681227735134
25.0987227345069
37.2130395743622
12.2481766944394
28.6460088809838
52.4061330696503
48.2564775775452
15.2600234225802
29.5830278630721
60.9731637630287
48.1226177229612
14.8584438588281
24.6302132434627
34.1342629189293
44.2406819400241
35.8075111012298
6.5591328746178
44.6422615037762
0
0
0
0
0
0
0
0
0
0
0
0
0
0
0
0
0
0
0
0
0
0
0
0
0
0
0
0
0
0
0
0
0
0
0
0
0
0
0
0
0
0
0
0
0
0
0
0
0
0
0
0
0
0
0
0
0
0
0
0
0
0
0
0
0
0
0
0
0
0
0
0
0
0
0
0
0
0
0
0
0
0
0
0
0
0
0
0
0
0
-1000
0
0
0
0
0
0
-1000
-1000
0
0
0
0
0
161.197984927531
0
-255.867327748259
-123.311276041904
-161.416248593001
-1000
0
-396.910296705415
0
1000
-183.930863833732
1000
161.210110686724
1000
0
0
838.802015072469
0
-1000
-1000
-1000
0
0
603.089703294585
0
603.089703294585
396.910296705415
0
0
0
0
0
0
0
0
0
0
0
-1000
301.542255957372
1000
1000
0
0
0
2.518162305703
0
5
0
0
1000
0
0
0
252.696793219215
0
1000
0
0
-0.0139577494880996
0
0
0
0
-0.0139577494880996
0
300.071249638555
0
-0.0139577494880996
0.0139577494880996
-0.0139577494880996
0
0
-0.872359343009066
5.39118073979632
-1000
-0.0139577494880996
0.0139577494880996
-0.0139577494880996
-0.0139577494880996
0.0139577494880996
-0.0139577494880996
0.0139577494880996
-0.0139577494880996
-0.0139577494880996
-0.0139577494880996
-0.0139577494880996
-0.0139577494880996
-0.0139577494880996
-0.0139577494880996
-0.0139577494880996
-0.0139577494880996
-0.0139577494880996
-0.0139577494880996
-0.293112739251114
-0.08852813645683
-0.40128529778417
-0.404774735156252
-0.205876804950094
0.0139577494880996
54.2599858008191
-0.975254969266643
0.0139577494880996
0.0139577494880996
0.0139577494880996
0.0139577494880996
-6.68227256744979
-0.101193683789006
-0.750229034987797
-3.77906067391552
-0.0436607433679228
0.0139577494880996
0.0139577494880996
0.132598620137401
0.0139577494880996
0.0139577494880996
-0.0139577494880996
0
0
0
0
0
0
0
0
0
0
0
0
0
0
0
0
0
0
0
0
0
0
0
0
0
0
0
0
0
0
0
0
0
0
0
0
0.00129220215592341
0
0
0
0
0
0
0
0
0
0
0
0
0
0
0
0
0
0
0
0
0
0
0
0
0
0
0
0
0
0
0
0
0
0
0
0
0
0
0
1000
0
0
0
0
0
0
0
0
0
0
0
0
0
0
0
0
0
0
0
0
0
0
0
0
0
0
0
0
0
0
0
0
0
0
0
0
0
0
0
0
0
0
0
0
0
0
0
0
0
0
0
0
0
0
0
0
0
0
0
0
0
0
0
0
0
0
0
0
0
0
0
0
5.23984273064279
0
0
0
0
0
0
0
0
0
0
0
0
0
0
0
0
0
0
0
0
0
0
0
0
0
0
0
0
0.0139577494881458
198.47868066686
0.0139577494881458
0
0.0139577494881458
0
0
0
0
0.0139577494881458
0
0
0
0
0
0
0
0
0
0
0
0
0
0
0
0
0
0
0
0
0
0
0
0
0
0
0
0
0
0
0
0
0
0
0
0
0
0
0
0
0
0
0
0
0
0
0
0
0
0
0
0
0
0
0
0
0
0
0
0
0
0
0
0
0
0
0
0
0
0
0
0
0
0
0
0
0
0
0
0
0
0
0
0
0
0
0
0
0
0
0
0
0
0
0
0
0
0
0
0
0
0
0
0
0
0
0
0
0
0
0
0
0
0
0
0
0
0
0
0
0
0
0
0
0
0
0
0
0
0
0
0
0
0
0
0
0
0
0
0
0
0
0
0
0
0
0
0
0
0
0
0
0
0
0
0
0
0
0
0
0
0
0
0
0
0
0
0
0
0
0
0
0
0
0
0
0
0
0
0
0
0
0
0
0
0
0
0
0
0
0
0
0
0
0
0
0
0
0
-1000
0
0
0
0
0
0
0
0
0
0
0
0
0
0
0
0
0
0
0
0
0
0
0
0
0
0
0
0
0
0
0
0
0
0
0
0
0
0
0
0
0
0
0
0
0
0
0
0
0
0
0
0
0
0
0
0
0
0
0
0
0
0
0
0
0
0
0
0
0
0
0
0
0
0
0
0
0
0
0
0
0
0
0
0
0
0
0
0
0
0
0
1000
1000
0
0
0
0
0
0
0
0
0
0
0
0
0
0
0
0
0
0
-1000
0
-1000
0
0
0
0
0
0
0
1000
1000
0
0
0
0
0
0
0
0
0
0
0
0
0
0
0
0
0
-447.232834947708
0
-447.232834947708
0
0
0
0
0
0
0
0
0
0
0
0
0
0
0
0
0
0
0
0
0
0
0
0
0
0
0
0
0
0
0
0
0
0
0
0
0
0
0
0
0
0
0
0
0
0
0
0
0
0
0
0
0
0
0
0
0
0
0
0
0
0
0
0
0
-1000
66.9148773063066
-54.246028051331
0
0.0139577494880996
0
-801.029308663683
0
198.464722917372
0
0
8.56616634869818
0
300.071249638555
0
0
0
0.00129220215592341
0
0
-1000
999.986042250512
0
0
0
0
0
0
0
0
0
0
0
0
0
-1000
0.00129220215592341
0
0
0
0.00519137984053941
0
0
0
0
0
0
0
-0.00519137984053941
0
0
0
0
0
252.696793219215
1000
0
-198.450765167884
-198.450765167884
0
-632.946652895659
1000
-207.531666305175
0
0
0.0139577494880996
-0.0139577494880996
0
0
198.970691336317
-198.970691336317
1000
0
-198.464722917372
-198.464722917372
0
0
-1000
0
941.578877503072
-801.029308663683
-1000
0
-699.928750361445
-300.071249638555
-1000
0
0
0
0
0
-1000
0
0
0
0
0
-1000
1000
-1000
0
0
0
-1000
0
0
0
-1000
0
0
0
0
0
0
0
0
0
0
0
0
0
0
0
0
0
0
0
-1000
1000
-1000
0
-1000
0
-1000
0
-1000
0
0
0
0
0
0
0
0
0
-1000
0
1000
0
-1000
0
-1000
0
-1000
0
-1000
0
0
0
0
0
0
0
0
0
-566.031775589352
-433.968224410648
54.246028051331
-54.246028051331
-54.246028051331
54.246028051331
0
0
0
0
0
0
0
0
0
0
0
0
0
0
0
0
0
0
0
0
0
0
0
0
0
0
0
0
0
0
0.00129220215592341
-0.00129220215592341
0
0
0
0
0
0
0
0
0
0
0
0
0
0
0
0
0
0
0
0
0
0
0
0
0
0
0
0
0
0
0
0
0
0
0
0
0.00129220215592341
-0.00129220215592341
0
0
0
0
0
0
-0.00519137984053941
-0.00519137984053941
0
0
0
0
0
0
0
0
0
0
0
0
0
0
0
0
0.00519137984053941
0.00519137984053941
0
0
0
0
0
0
0
0
0
0
0
0
0
0
0
0
0
0
0
0
0
0
0
0
0
0
0
0
0
0
0
0
0
0
0
0
0
0
0
0
0
0
0
0
0
0.0051913798405425
0
0
0
0
0.0051913798405425
0
0
0
15.8686337096253
0
0
0
0
0
0
0
0
0
0
0
0
0
0
0
0
0
0
0
0
0
0
0
0
0
0
0
0
0
0
0
0
0
0
0
0
0
0
0
0
0
0
0
0
0
0
0
0
0
0
0
0
198.970691336317
198.970691336317
198.970691336317
0
0
0
0
198.450765167884
198.450765167884
0
0
0
0
0
0
0
0
0
0
0
0
0
0
0
0
0
0
0
0
0
0
0
0
0
0
0
0
0
0
0
0
0
0
0
0
0
0
0
0
0
0
0
0
0
0
0
0
0
0
0
0
0
0
0
0
0
0
0
0
0
0
0
0
0
0
0
0
0
0
0
0
0
0
0
0
0
0
0
0
0
0
0
0
198.464722917372
198.464722917372
198.464722917372
198.464722917372
-198.464722917372
0
0
0
0
0
0
0
0
0
0
0
0
0
0
0
0
0
0
0
0
0
0
0
0
0
0
0
0
0
0
0
0
0
0
0
0
0
0
0
0
0
0
0
0
0
0
0
0
0
0
0
0
0
0
0
0
0
0
0
0
0
0
0
0
0
0
0
0
0
0
0
0
0
0
0
0
0.0051913798405425
0.0051913798405425
0.0051913798405425
0.0051913798405425
0.0051913798405425
0
0
0
0
0
0
0
0
0
0
0
0
0
0
0
0
0
0
0
0
0
0
0
0
0
0
0
0
0
0
0
0
0
0
0
0
0
0
0
0
0
0
0
0
0
21.2500180523317
21.2500180523317
-21.2500180523317
7.0712261311493
-3.53301737565437
3.53301737565438
3.53301737565438
3.53301737565438
3.53301737565438
3.53301737565438
3.53301737565438
3.53301737565438
3.53301737565438
3.53301737565438
3.53301737565438
3.53301737565438
0
3.53301737565437
3.53301737565438
3.53301737565438
3.53301737565438
3.53301737565438
3.53301737565438
3.53301737565438
3.52266471092889
3.52266471092889
3.52266471092889
0.0103526647254876
0
0.0103526647254876
0
0
0
0
0
0
0
0
0
0
0
0
0
0
0
0
0
21.2500180523317
21.2500180523317
7.0712261311493
7.0712261311493
0
0
0
0
0
0
0
0
0
0
0
0
0
0
0
0
0
0
0
0
0
0
0
0
0
0
0
0
0
0
0
0
0
0
0
0
0
0
0
0
0
0
0
0
0
0
0
0
0
0
0
0
0
0
0
0
0
0
0
0
0
0
0
0
0
0
0
0
0
0
0
0
0
0
0
0
0
0
0
0
0
0
0
0
0
0
0
0
0
0
0
0
0
0
0
0
0
0
0
0
0
0
0
0
0
0
0
0
0
0
0
0
0
0
0
0
0
0
0
0
0
0
0
0
0
0
0
0
0
0
0
0
0
0
0
0
0
0
0
0
0
0
0
0
0
0
0
0
0
0
0
0
0
0
0
0
0
0
0
0
0
0
0
0
0
0
0
0
0
0
0
0
0
0
0
0
0
0
0
0
0
0
0
0
0
0
0
0
0
0
0
0
0
1.70030981716489
0.0414708488131453
0.0414708488131453
0
0
0
0
-0.0414708488131055
0.0414708488131453
0
0
657.029774206804
658.688613175156
0
1000
0
0
0
0
0
0
0
0
0
0
0
0
0
0
0
0
0
0
0
0
0
0
0
0
0
0
0
0
0
0
0
0
0
0
0
0
0
0
0
0
0
0
0
0
0
0
0
0
0
0
0
0
0
0
0
0
0
0
0
0
0
0
0
0
0
0
0
0
0
0
0
0
0
0
0
0
0
0
0
0
0
0
0
0
0
0
0
0
0
0
0
0
0
0
0
0
0
0
0
0
0
0
0
0
0
0
0
0
0
0
0
0
0
0
0
0
0
0
0
0
0
0
0
0
0
0
0
0
1.40351838088978
0
0
0.834899274007556
0
0
0
1.40351838088978
1.40351838088978
1.40351838088978
0
0
0
13.9491975049302
0
0
1.91943620469511
0
0
13.9491975049302
0.0051913798405425
0
0
0
0
-1.9194362046951
1.91943620469511
0
0
0
0
0
0
15.6495073220951
0
0
0
0.350069539334283
0
0.318981450202222
0
15.6495073220951
15.6495073220951
0
0
0
0
0
0
0
0
0
0
0
0
0
0
-15.8686337096253
0
0
0
0
0
0
0
0
0
0
0
0
0
0
0
0
0
0
0
0
0
0
0
0
0
0
0
0
0
0
0
0
0
0
0
0
0
0
0
0
0
0
0
0
0
0
0
0
0
0
0
0
0
0
0
0
0
0
0
0
0
0
0
0
0
0
0
0
0
0
0
0
0
0
0
0
0
0
0
0
0
0
0
0
0
0
0
0
0
0
0
0
0
0
0
0
0
0
0
0
0
0
0
0
0
0
0
0
0
0
0
0
0
0
0
0
0
0
0
0
0
0
0
0
0
0
0
0
0
0
0
0
0
0
0
0
0
0
0
0
0
0
0
0
0
0
0
0
0
0
0
0
0
0
0
0
0
0
0
0
0
0
0
0
0
0
0
0
0
0
0
0
0
0
0
0
0
0
0
0
0
0
0
0
0
0
0
0
0
0
0
0
0
0
0
0
0
0
0
0
0
0
0
0
0
0
0
0
0
0
0
0
0
0
0
0
0
0
0
0
0
0
0
0
0
0
0
0
0
0
0
0
0
0
0
0
0
0
0
0
0
0
0
0
0
0
0
0
0
0
0
0
0
0
0
0
0
0
0
0
0
0
0
0
0
0
0
0
0
0
0
0
0
0
0
0
0
0
0
0
0
0
0
0
0
0
0
0
0
0
0
0
0
0
0
0
0
0
0
0
0
0
0
0
0
0
0
0
0
0
0
0
0
0
0
0
0
0
0
0
0
0
0
0
0
0
0
0
0
0
0
0
0
0
0
0
0
0
0
0
0
0
0
0
0
0
0
0
0
0
0
0
0
0
0
0
0
0
0
0
0
0
0
0
0
0
0
0
0
0
0
0
0
0
0
0
0
0
0
0
0
0
0
0
0
0
0
0
0
0
0
0
0
0
0
0
0
0
0
42.8008865407844
0
42.8008865407844
0
0
0
0
0
0
0
0
0
0
0
0
0
0
0
0
0
0
0
0
0
0
0
0
0
0
0
0
1000
0
0
0
0
0
0
0
0
0
0
0
0
0
0
0
0
0
0
0
0
0
0
0
0
0
0
0
0
0
0
0
0
0
0
0
0
0
0
0
0
0
0
0
0
0
0
0
0
0
0
0
0
0
0
0
0
0
0
0
0
0
0
0
0
0
0
0
0
0
0
0
0
0
0
0
0
0
0
0
0.236452304262154
0.236452304262154
0
0
0
0.236452304262116
0
0.236452304262154
-192.401471497103
0
0
0
0.0363772775805652
0
1000
0
0
0
0
192.401471497103
0
0
0
0
0
0
1.43083958474622
0
0
0
0
0
0
1.43083958474622
0
1.43083958474622
1.4308395847462
0
0
0
0
0
0
0
0
0
0
0
0
0
0
0
0
0
0
0
0
0
0
0
0
0
0
0
0
0
0
0
0
0
0
0
0
0
0
0
0
0
0
0
0
0
0
0
0
0
0
0
0
0
0
0
0
0
0
0
0
0
0
0
0
0
0
0
0
0
0
0
0
0
0
0
0
0
0
0
0
0
0
0
0
0
0
0
1000
-1000
972.376536242935
0
0
0
-1000
1000
1000
576.381342002226
395.001157857328
0
0
971.372117099873
-1000
0
0
0
0
0
0
0
0
0
0
0
0
0
0
0
0
0
0
0
0
0
0
0
0
0
0
0
0
0
0
0
0
0
0
0
0
0
0
0
0
-1000
0
0
0
0
0
0
0
0
0
0
0
0
0
0
0
0
0
-999.994808620159
-1000
1000
-1000
1000
999.994808620159
-1000
0
0
0
0
0
0
0.00519137984053941
0
0
0
0
0
0
0
0
0
0
0
0
0
0
0
0
0
0
0
0
0
0.020720376928774
0
0.0051913798405425
0.0310880891320603
1000
0.00258816618137191
0.00258816618137191
0.00519137984053941
0
0.0181322107474021
0.00258816618137191
0.038867635153938
-0.00258816618134006
0.00258816618137191
0.00258816618137191
0.00258816618137191
0.00258816618137191
0.00258816618137191
-0.00258816618134006
-0.0051763323627938
-0.0648094868788576
0.00258816618137191
0.00258816618137191
0.00258816618134006
0.00258816618137191
0.0570299408569781
-0.00777954602187947
-0.0596181070383182
0.00519137984053941
0.00258816618137191
0.00258816618137191
0.0051913798405425
0.0051913798405425
-0.00519137984053941
-0.00519137984053941
0.00519137984053941
0.00519137984053941
0.00258816618137191
0.00258816618137191
0.00258816618137191
0.00258816618137191
-0.00777954602187947
-999.963720531027
0
0
0
0
0
0
-1000
0
0
0
0.0051913798405425
0
0
0
0
0.00259568992027125
0.00519137984053941
0.00519137984053941
0
0
0.0051913798405425
0.0051913798405425
0
0
0
0
0
0
0.0103526647254876
0.00258816618137191
0.00776449854411574
0.00258816618137191
-0.00258816618134006
0.00258816618137191
0.00258816618137191
0.00258816618137191
0.00258816618137191
0.00258816618137191
0.00258816618137191
0.00517633236274382
0.00258816618137191
0.00258816618137191
0.00258816618137191
0.00258816618137191
0.00258816618137191
0
0.00258816618137191
0.0051913798405425
0.0051913798405425
0.0051913798405425
0.0051913798405425
0.0051913798405425
0.0051913798405425
0.0051913798405425
0.0051913798405425
0.0051913798405425
0.0051913798405425
0.0051913798405425
0.0051913798405425
0.0051913798405425
0.0051913798405425
0
0
0
0
0
0
0
0
0
0
0
0
-0.00519137984053941
0.0051913798405425
0.0051913798405425
0
0
0
0
0
0
0
0
0
0
0
0
0
0
0
0
0
0
0
0
0
0
0
0
0
0
0
0
0
0
0
0
0
0
0
0
0
0
0
0
0
0
0
0
0
0
0
0
0
0
0
0
0
0
0
0
0
0
0
0
0
0
653.090075765633
216.984112205324
0
0
0
0
0
0.0051913798405425
0
0
0
0
0
0
0
0
0
0
0
0
0
0
0
0
0
0
0
0
0
-1000
0
0
0
-252.696793219215
0
-1000
0
0
0
0.0139577494881458
0
0
0
0
0
0
0
0
0
0.0139577494881458
0
0
0
0
0
0
0
0.0139577494881458
0
0.0139577494881458
0
0.0139577494881458
0
0
0
0
0
0.872359343009113
0
5.39118073979632
0
5.25380048013085
0
0.0139577494881458
0
0.0139577494881458
0
0.0139577494881458
0
0.0139577494881458
0
0.0139577494881458
0
0.0139577494881458
0
0.0139577494881458
0
0.0139577494881458
0
0.0139577494881458
0
0.0139577494881458
0
0.0139577494881458
0
0.0139577494881458
0
0.0139577494881458
0
0.0139577494881458
0
0.0139577494881458
0
0.0139577494881458
0
0.0139577494881458
0
0.0139577494881458
0
0.293112739251062
0
0.0885281364568725
0
0.401285297784192
0
0.404774735156229
0
0.205876804950151
0
0.0139577494881458
0
54.2599858008191
0
0.975254969266677
0
0.0139577494881458
0
0.0139577494881458
0
0.0139577494881458
0
0.0139577494881458
0
6.68227256744981
0
0.101193683789057
0
0.750229034987837
0
3.77906067391548
0
0.0436607433679678
0
0.0139577494881458
0
0.0139577494881458
0
0.132598620137385
0
0.0139577494881458
0
0.0139577494881458
0
0.0139577494881458
0
0
-1000
0
0
-1.6588389683518
447.232834947708
0
0
0
0
-1000
-1000
0
1.43083958474622
-1000
1000
-212.91274119612
0
-1.9194362046951
287.114051751857
-1000
-1000
0
0
1000
0
0
0
0
0
-83.7912383647881
1000
-15.6495073220951
0
0
0
118.436613245628
1000
-0.00519137984053941
0
0
-4.54361100043934
164.905807181465
712.998088322481
0
0
0
735.033972454033
411.27742155854
-118.436613245628
-924.251850437249
-411.267038798859
0
0
1000
1000
0
-1000
0
0
1000
847.006400970877
-1000
-1000
0
1000
0
0
-1000
1000
1000
1000
0
0
0
0
0
-397.841363064378
0
0
0
0
0
0
0
0
0
1000
0
1000
0
0
0
0
0
1000
0
0
0
0
1000
0
0
0
0
0
0
354.304187649365
0
0
-55.823822813583
1000
1000
-1000
1000
-1000
-1000
-1000
-1000
373.497088435354
-1000
-954.824205091742
1000
-1000
1000
-1000
1000
-1000
-1000
1000
1000
-1000
-1000
-1000
-1000
1000
1000
1000
1000
-828.627597133244
1000
1000
-199.329389297728
-1000
-1000
-1000
-1000
-1000
-1000
-1000
-1000
-972.043013569028
-1000
1000
-1000
-1000
-1000
-1000
-1000
-1000
-1000
-1000
1000
-1000
1000
-1000
-1000
-1000
-1000
-1000
-63.2764498407597
-1000
-1000
-921.640779755346
-1000
-1000
-1000
-1000
-1000
-1000
-1000
-1000
-1000
-1000
997.755544849069
-1000
-1000
-1000
-1000
-1000
-1000
-1000
-1000
-1000
-976.646803499487
638.599339821158
319.027451740805
1000
-1000
1000
1000
1000
-1000
-1000
1000
1000
1000
1000
-1000
-1000
-1000
-1000
1000
-1000
1000
1000
-1000
-19.9049093242771
1000
1000
1000
1000
1000
1000
1000
1000
98.0630397316086
1000
-1000
48.2984412312562
-1000
-1000
-1000
0
15.4055325328934
-1000
-1000
-1000
0
0
0
0
0
0
0
0
0
0
0
0
0
0
0
0
0
0
0
0
0
0
0
0
0
0
0
0
0
0
0
0
0
0
0
0
0
0
0
0
0
0
0
0
0
0
0
0
0
0
0
0
0
0
0
0
0
0
0
0
0
0
0
0
0
0
0
0
0
0
0
0
0
0
0
0
0
0
0
0
0
0
0
0
0
0
0
0
0
0
0
0
0
0
0
0
0
0
0
0
0
0
0
0
0
0
0
0
0
0
0
0
0
0
0
0
0
0
0
0
0
0
0
0
0
0
0
0
0
0
0
0
0
0
0
0
0
0
0
0
0
0
0
0
0
0
0
0
0
0
0
0
0
0
0
0
0
0
0
0
0
0
0
0
0
0
0
0
0
0
0
0
0
0
0
0
0
0
0
0
0
0
0
0
0
0
0
0
0
0
0
0
0
0
0
0
0
0
0
0
0
0
0
0
0
0
0
0
0
0
0
0
0
0
0
0
0
0
0
0
0
0
0
0
0
0
0
0
0
0
0
0
0
0
0
0
0
0
0
0
0
0
0
0
0
0
0
0
0
0
0
0
0
0
0
0
0
0
0
1000
0
0
0
0
0
0
0
0
0
0
0
0
0
0
0
0
0
0
0
0
0
0
0
0
0
0
0
0
0
0
0
0
0
0
0
0
0
0
0
0
0
0
0
0
0
0
901.936960268391
0
0
0
0
0
0
0
0
0
0
0
0
0
0
0
0
0
0
-1000
1000
1000
1000
1000
1000
1000
1000
-1000
-1000
562.571332199121
-1000
-1000
1000
1000
1000
-1000
-1000
1000
-1000
1000
0
1000
-1000
-1000
0
-1000
-1000
1000
1000
-1000
-1000
1000
-1000
0
-1000
1000
-1000
-1000
-1000
-996.466982624346
1000
-1000
-1000
562.571332199121
1000
1000
0
-566.031775589352
-1000
-1000
-566.031775589352
-1000
-1000
-1000
0
0
0
447.232834947708
-447.232834947708
-447.232834947708
447.232834947708
0
447.232834947708
0
0
0
0
0
-594.449335002515
-1000
-0.681738521233797
0
0
0
0
1000
1000
0
0
0
0
0
0
156.517350651986
0
0
0
-0.00519137984053941
0.0051913798405425
0
0
-0.00519137984053941
-0.00519137984053941
0
0
0
0
0
0
0
0
0
0
0
0
0
0
0
0
0
0
0
0
0
0
0
0
0
0
0.0051913798405425
0
0
-1000
971.366925720033
1000
-1000
-28.6330742799673
0
0
0
0
-0.00519137984053941
0
0
0
0
0
192.401471497104
0
0
0
0
0
0
0
0
0
1000
0
0
0
0
0
0
0
0.0051913798405425
0
0
0
0
0
1000
0
0
0
0
0
0
-1000
0
0
0
0
0
0
0
0
0
0
0
0
0
0
0
0
0
0
0
0
0
0
0
0
0
0
0
0
0
0
0
0
0
0
0
0
0
0.0051913798405425
0
0
0
0
0
0
0
1000
0
0
0
1.40351838088975
2.80703676177956
0
0
0
0
0.00776449854411574
1000
0
0
0
0
0
0
0
0
0
0
0
0
0
0
0.00519137984053941
1000
-905.039150835599
1000
-787.020567128317
0
1000
1000
0
-1000
-1000
0
-1000
1000
-2.8070367617795
1000
0
0
0
615.182421911721
-1000
1000
0
0
0
0
0
0.00519137984053941
0
0
1000
0
38.1049725510962
1000
0
0
0
0.00519137984056475
0
-1000
207.500518026132
0
-1000
0
-1000
1000
0
0
0
0
0
0
0
0
0
0
385.023715994556
0.0121257591927133
999.987874240807
0
0
0
499.996117750728
0
0
499.996117750728
0
0
0
0
0
1000
0
0
0
997.203345997902
0
0
0
0
0
0
0
0
0
0
0
0
0.0051913798405425
-0.00519137984053941
0.0051913798405425
0.0051913798405425
0
0
-1000
1000
0.00519137984053941
0
0
0
1.40351838088975
0
0
-0.0155741395216182
-1000
-997.203345997902
-1000
1000
-1000
1000
0
0
-1000
0
-1000
-1000
0
0
0
0
0
0
0
0
0
0
0
0
0
0
0
0
0
0
0
0
0
0
0
0
0
1000
0
0
0
0
0
0.00258816618137191
0
1000
0
0
0
0
0
0
0.0051913798405425
-1000
1000
0
0
0
0
0
0
0
0
54.246028051331
0
-433.968224410648
0
0
0
0
0
0
0
0
0
0
0
0
0
1000
0
0
0
433.968224410648
0
0
0
0
0
0
0
0
0
0
0
0
0
0
0
0
0
0
0
0
0
0
0
0
0
0
3.34806381020496
0
0
0
0
0
0
0
0
0
0
0
0
0
0
0
0
0
0
0
0
0
0
0
0
0
0
0
0
0
0
0
0
0
0
0
0
0
0
0
0
0
0
0
0
0
0
0
0
0
0
0
0
0
0
0
0
0
0
0
0
0
0
0
0
0
0
0
0
0
0
0
0
0
0
0
0
0
0
0
0
0
0
0
0
0
0
0
0
0
0
0
0
0
0
0
0
0
0
0
0
0
0
0
0
0
0
0
0
0
0
0
0
0
-999.98188283673
0
0.00258816618134006
0
0.028484875472941
0
0
-0.0181171632696078
0
1000
0.0233085431101472
0
0
0
0
0
0
0
0
0
0
0
0
0
0
0
0
0.0051913798405425
0.0051913798405425
0.0051913798405425
-1000
-1000
0
-632.946652895659
-1000
0
0
0
0
0
0
-1000
-499.996117750728
0
0
0
0
0
0
0
0
0
140.549568839389
0
1000
0
-1000
-1000
-1000
-1000
-1000
-1000
0
0
0
0
0
0
0
0
0
-499.996117750728
-1000
74.3538253270423
1000
0.568619106882223
0.0051913798405425
0.0051913798405425
0.0051913798405425
0.0051913798405425
0.0051913798405425
0
0
0
1000
0.764186784475983
0
0
0
0
0
0
0
0
0
0
0
0
0
0
-1000
0
0
0
0
0
0
0
1000
-999.986042250512
0
1000
0.0051913798405425
0.0051913798405425
-994.746199519869
0
0
0
0
0
0
0
0
0
0
0
0
0
0
0
0
0
0
0
0
0
0
0
54.246028051331
0
0
0
0
0
0
54.246028051331
0
0
0
0
0
54.246028051331
0
0
0
0
0
54.246028051331
0
0
0
0
806.466309918409
0
0
0
0
0
961.889836069063
0
0
0
0
-1000
0
0
0
0
0
0
0
0
0
0
1000
-1000
-1000
-1000
-1000
1000
0
0.0310880891320603
0
0
0
0
148.707650654085
-1000
-1000
0
192.401471497103
0
0
0
792.468333694825
5.28918844623388
0
0
0
0
0
0.834899274007556
0.834899274007556
0
-999.979294670549
0
0
0
0
0
0
0.527012830768889
0
-1000
0
0
0
0
0
0
0
1000
0.0051913798405425
0
0
0
0
0
0
0
0
-1000
28.6330742799673
0
0
1000
0
0
0
1000
0
0
0
-801.029308663683
0
-1000
0
0
0
-1000
-1000
0
0
0
0
-198.464722917372
0
1000
198.450765167884
0
0
0
0
-642.675611743052
642.675611743052
-750
0
0
0
0
-1000
-1000
0
0
0.0051913798405425
0
-1000
0
0
0
0
0.00129220215596112
0
0
0
0
0
0
0
0
0
997.203345997902
0
1000
0
0
0
0
0
0
0
0
0
1000
385.023715994556
0
-1000
385.035841753749
-1000
-1000
1000
0
0
0
0
0
0
0
0
-1000
0
0
-272.118145335947
0.00258816618137191
0.00258816618137191
0
61.5915774818595
1000
116.922611410104
-42.8008865407844
-42.8008865407844
0
300.071249638555
0
0
0
0
0
0
0
0
0
0
0
0
0
0
0
0
0
0
0
0
0
0
0
0
0
0.00519137984053941
0
0
0
0
0
0
0
0
0
0
0
0
0
0
0
0
0
0
0
0
0
0
0
0
0
0
0
0
0
0
0
0
0
0
0
0
0
0
0
0
0
0
0
0
0
-1000
0
-1000
0
0
0
0
0
-1000
0
0
0
0
0
0
-1000
0
0
0
0
0
0
0
0
-1000
0
0
0
0
0
0
0
0
0
0
0
0
0
1000
0
0
0
1000
0
0
0
0
0
0
0
0
0
0
0
0
0
0
0
0
198.450765167884
0
0
0
0
0
0
0
0
0
0
0
0
0
0
0
0
0
0
0
0
0
0
0
198.450765167884
0
0
0
0
0
0
0
0
0
0
0
0
0
0
0
0
0
0
0
0
0
0
0
0
0
0
0
0
0
0
0
0
0
0
0
0
0
0
0
0
0
0
0
0
0
0
0
0
0
0
0
0
0
0
0
0
0
0
0
0
0
0
0
0
0
0
0
0
0
0
0
0
0
0
0
0
0
0
0
0
0
0
0
0
0
0
0
0
0
0
0
0
0
0
0
0
0
0
0
0
0
0
0
0
0
0
0
0
0
0
0
0
0
0
0
0
0
0
0
0
0
0
0
0
0
0
0
0
0
0
0
0
0
0
0
0
0
0
0
0
1000
0
0
0
0
-1000
0
0
0
0
0
0
0
0
0
0
0
0
0
0
0
0
0
0
0
0
0
0
0
0
0
71.6241411557619
0
0
-95.0465674306356
0
-290.708413571208
299.809082696982
-8.86421682151229
0
0
0
0
-998.601672998951
0
0
0
0
1000
207.531666305175
0
0
0
792.463142314985
0
0
0
0
0
0
0
0
0
0
0
0
0
0
0
0
0
0
0
0
0
0
0
0
0
0
0
0
0
0
0
0
0
0
0
0
0
0
0
0
0
0
0
0
0
0
0
0
0
0
0
0
0
0
0
0
0
0
0
0
0
0
0
0
0
0
0
0
0
0
0
0
0
0
0
0
0
0
0
0
0
0
0
0
0
0
0
0
0
0
0
0
0
0
0
0
0
0
0
0
0
0
0
0
0
0
0
0
0
0
0
0
0
0
0
0
0
0
0
0
0
0
0
0
0
0
0
0
0
0
0
0
0
0
0
0
0
0
0
0
0
0
0
0
0
0
0
0
0
0
0
0
0
0
0
0
0
0
0
0
0
0
0
0
0
0
0
0
0
0
0
0
0
0
0
0
0
0
0
0
0
0
0
0
0
0
0
0
0
0
0
0
0
0
0
0
0
0
0
0
0
0
0
0
0
0
0
0
0
0
0
0
0
0
0
0
0
0
0
0
0
0
0
0
0
0
0
0
0
0
0
0
0
0
0
0
0
0
0
0
0
0
0
0
0
0
0
0
0
0
0
0
0
0
0
-961.840091615374
0
0
0
0
0
0
0
0
0
0
0
0
0
0
0
0
0
0
-961.840091615374
0
0
0
0
0
0
0
1000
1000
0
0
0
0
0
0
0
0
300.071249638555
0
0
0
0
0
0
0
0
0
0
0
-1000
0
0
1.43083958474622
0
0.00519137984053941
-775.124902639755
0
0
0
0
0
0
0
0
0
0
0
0
0
0
0
0
0
0
0
0
0
0
0
0
0
0
0
0
0
0
0
0
0
0
0
0
0
0
0
0
0
0
0
0
0
0
0
0
0
0
0
0
0
0
0
0
0
0
0
0
0
0
0
0
0
0
0
0
0
0
0
0
0
0
0
0
0
0
0
0
0
0
0
0
0
0
0
0
0
0
0
0
0
0
0
0
0
0
0
0
0
0
0
0
0
0
0
0
0
0
0
0
0
0
0
0
0
0
0
0
0
0
0
0
0
0
0
0
0
0
0
0
0
0
0
0
0
0
0
0
0
0
0
0
0
0
0
0
0
0
0
0
0
0
0
0
1000
0
0
0
-229.928149774748
1000
0
0
0
0
0
0
0
1000
0.00519137984053941
0
0
-1000
0
0
0
0
0
0
0
-1000
0
0
0
0
0
0
0
0
0
325.471863475379
0
325.471863475379
0
0
1.6588389683518
0
0
0
0
0
0
0
0
0
0
0
0
0
0
0
0
0
0
0
0
0
0
0
0
0
0
0
0
0
0
0
0
0
0
0
0
0
0
0
0
0
0
0
0
0
0
0
0
0
0
0
0
0
0
0
0
0
0
0
0
0
0
0
0
0
0
0
0
0
0
0
0
0
0
0
0
0
0
0
0
0
0
0
0
0
0
0
0
0
0
0
0
0
0
0
0
0
0
0
0
0
0
0
0
0
0
0
0
0
0
0
0
0
0
0
0
0
0
0
0
0
0
0
0
0
0
0
0
0
0
0
0
0
0
0
0
0
0
0
0
0
0
0
0
0
0
0
0
0
0
0
0
0
0
0
0
0
0
0
0
0
0
0
0
0
0
0
0
0
500
125.395648322283
0
0
-1.40351838088975
0
0
0
669.299272920183
27.7375174088889
60.6287959638236
0.150474777986739
125.395648322283
0
0
0
0
0
0
0
0
0
0
0
0
0
0
0
0
0
0
0
0
0
0
0
0
0
535.360504647823
-1000
0
0
-1000
0
0
0
0
0
-971.793397628088
325.476168307986
-108.492056102662
-54.246028051331
0
-34.8943737203646
0
0
0
0
0
0
0
0
0
0
0
0
0
0
0
0
1000
0
0
0
252.696793219215
0
1000
0
0
735.033972454033
-6.68227256744979
-0.293112739251114
0
-15.4055325328934
-30.2014415819032
1000
-48.2984412312562
-15.0827704038942
-800.670610702272
-1000
-6.61976167058151
-45.1757949082579
1000
-1000
0
0
0
0
-1000
-55.823822813583
-63.2764498407597
-1000
-980.979988062476
-976.646803499487
-34.3590659674591
-525.503293842805
-34.5647273702725
-18.3788038376329
0
0
-1000
0
0
1000
0
0
652.829371942988
-1000
0
0
0
-15.6495073220951
0
-1.39832700104921
1000
1000
0
0
0
0
0
0
0
0
0
0
0
-0.00519137984053941
-0.00519137984053941
0
0
0
0
0
0
0
0
0
0
0
0
0
0
0
0
1000
0
433.968224410648
0
0
-1000
-998.341161031648
192.401471497104
-0.00519137984053941
-0.00519137984053941
-1.4308395847462
28.6278829001267
0
0
-0.00519137984053941
0
-0.00519137984053941
0
0
0
-0.00519137984053941
0
0
0
-0.00519137984053941
0
0
0
0
0
0
0
0
0
0
0
-437.428667800879
0
0
0
0
0
971.366925720033
0
0
0
0
0
0
0
-588.72257844146
0
0
0
-1000
0
1000
0
0
-0.00519137984053941
0
0
0
0
0
0
0
0
0
0
0
0
0
0
1000
-4.54361100043934
-0.681738521233797
-1000
-594.449335002515
0
0
0
0
712.998088322481
0
0
0
3.53301737565437
0
0
0
0
0
0
-411.267038798859
0
0
0
0
1000
1000
-212.91274119612
0
0
-1.9194362046951
1000
447.232834947708
0
-447.232834947708
0
0
0
0
0
0
-1000
0
0
0
0
0
0
-0.0725739854229914
0
0
0
0
0
118.436613245628
-118.436613245628
0
0
0
0
0
287.114051751857
-1000
-924.251850437249
-83.7912383647881
0
0
0
0
0
0
0
0
0
0
0
1000
0
-0.0436607433679228
-0.0139577494880996
-3.77906067391552
-397.841363064378
-0.205876804950094
-0.975254969266643
-0.132598620137401
-0.750229034987797
-0.40128529778417
-5.25380048013085
0
0
0
0
-0.0139577494880996
-1000
-0.0139577494880996
-0.0139577494880996
-0.0139577494880996
-0.101193683789006
0
-0.0139577494880996
0
-5.39118073979637
0
-5.28918844623388
0
-0.527012830768854
-0.0139577494880996
-0.08852813645683
0
-54.2599858008191
-0.0139577494880996
-0.0139577494880996
-0.0139577494880996
-0.404774735156252
0
-0.872359343009066
0
0
0
-1000
1000
0
0
-1000
1000
-0.00519137984053941
0
750
-750
0
0
0
-1000
0
0
0
0
0
0
0
0
0
0
0
0
0
0
0
0
0
0
0
272.118145335947
-272.118145335947
-61.5915774818596
61.5915774818595
-1000
1000
-116.922611410104
116.922611410104
116.922611410104
0
-1000
-1000
-1000
-1000
0
-0.0139577494880996
-0.0139577494880996
0
0
0
0
1000
-9.1006691257744
8.86421682151229
1000
207.531666305175
0
0
0
792.463142314984
0
1000
0
-1000
0
0
0
0
0
0
0
0
0
0
0
0
0
0
0
0
0
0
0
0
0
0
0
0
0
0
0
0
0
0
0
0
0
0
0
0
0
0
0
0
0
0
0
0
0
0
0
0
0
0
0
0
0
0
0
0
0
0
0
0
0
0
0
0
0
0
0
0
0
0
0
0
-0.0139577494880996
0
0
0
0
0
0
0
0
0
0
0
0
0
0
0
0
0
0
0
0
0
0
0
0
0
0
0
0
0
0
0
0
0
0
0
0
0
0
0
0
0
0
0
0
0
0
0
0
0
0
0
0
0
0
0
0
0
0
0
0
0
0
0
0
0
0
0
0
0
0
0
0
0
0
0
0
0
0
0
0
0
0
0
0
0
0
0
0
0
0
0
0
0
0
0
0
0
0
0
0
0
0
0
0
0
0
0
0
0
0
0
0
0
0
0
0
0
0
0
0
0
0
0
0
0
0
0
0
0
0
0
0
0
0
0
0
0
0
0
0
0
0
0
0
0
0
0
0
0
0
0
0
0
0
0
0
0
0
0
0
0
0
0
0
0
0
0
0
0
0
0
0
0
0
0
0
0
0
0
0
0
0
0
0
0
0
0
0
0
0
0
0
0
0
0
0
0
0
0
0
0
0
0
0
0
0
0
0
0
0
0
0
0
0
0
0
0
0
0
0
0
0
0
0
0
0
0
0
961.840091615374
0
0
0
0
0
0
0
0
0
0
0
0
0
0
0
0
0
0
0
0
0
0
0
0
0
0
0
0
229.928149774748
0
1000
0
0
0
775.124902639755
0
0
0
0
0
0
0
0
0
0
0
0
0
0
0
0
0
0
0
0
0
0
0
0
1000
0
-1000
0
-1000
-0.00519137984053941
0
0
0
0
0
0
0
0
-1000
0
0
0
0
0
-1.6588389683518
0
0
0
0
0
0
0
0
0
0
0
0
0
0
0
0
0
0
0
0
0
0
0
0
0
0
0
0
0
0
0
0
0
0
0
0
0
0
0
0
0
0
0
0
0
0
0
0
0
0
0
0
0
0
0
0
0
0
0
0
0
0
0
0
0
0
0
-0.0139577494880996
-0.0139577494880996
-0.0139577494880996
-0.0139577494880996
0
-0.0139577494880996
-0.0139577494880996
0
-0.0139577494880996
-0.0139577494880996
-0.0139577494880996
-0.0139577494880996
0
-0.0139577494880996
-0.0139577494880996
-0.0139577494880996
-0.0139577494880996
-0.0139577494880996
-0.0139577494880996
-0.0139577494880996
0
-0.0139577494880996
-0.0139577494880996
-0.0139577494880996
0
-1000
125.395648322283
0
0
1000
0
0
0
0
0
0
0
0
0
0
0
