0
0
0
0
0
0
0
0
-1000
367.176013528395
632.823986471605
0
0
194.964434113721
999.744083994166
0
999.744083994166
-999.744083994166
999.941265178989
0
0.058734821011025
0
-1000
0.369190303497817
0
1000
-208.253971337192
0
-35.6476353637059
0.0304667902989971
0
0
0
0
0
0.032346235155104
0
0
0
35.246098825053
0
0
0
0
0
0
0
0
0
0
0
0
0
0
0
0
0
0
0
0
0
0
0
0
0
35.647635363706
0
0
0
0
0
0
0
1000
1000
0
0
0
0
0
0
0
-1000
0
0
0
0
0
0
0
0
0
0
0
0
0
0
0
0
0
0
0
0
0
0.0035922907221989
0
0
0
0
0
0
0
0
0
0
0
0
0
0
0
0
0
0
0
0
0
0
0
0
0
0
998.31766691247
0
0
1000
0
0
0
0
0
0
1000
0
0
0
0
-14.7044225313271
0
0
0
0
0
0
0
0
1000
0
0
596.370450802009
1000
1000
403.621158509275
0
0
0
-1000
403.621158509275
598.585592622997
1000
-805.035565886279
0
210.871866216541
1000
0
0
0
0
0
64.2603949619006
742.949862422064
0
0
0
0
0
-3.95137662341176
0
0
0
0
0
0
0
745.583637569203
-1000
0
0
0
0
0
0
0
0
605.054660669413
605.054660669413
1000
0
0
0
-609.010232637182
0
-999.995804655642
0
0
0
0
0
0
0
0
0
0
0
136.57340493202
0
0
-1000
998.841616397552
0
0
0.463353440979279
0
0
0
0.695030161468918
0
609.010232637183
0
0
0
-1000
0
0
0
0
0
0
0
0
0
0
0
0
-1000
0
1000
0
-1000
-1000
1000
-1000
2.62604174350085
-1000
144.454685936124
-0.971195753917186
1000
-2.17285691483403
0
-0.695030161468935
2.54844392538598
1000
-1000
1000
0
0
1000
0
0.180399807391006
0
-0.180399807391041
0
0.00179093914266148
0
0
0
0
0
0
0
0
0
0
491.951119047911
0
0
0
0
0
0
1000
0
1000
0.47174412969514
0
0
1000
0
-0.180399807391041
0
-0.695030161468935
0
0
0.695030161468935
2.17285691483404
0
0
0
0
0
0
0
-1000
0
0
0
-999.373028129061
0.695030161468935
0
1000
-0.971195753917186
0
0
0.00359229072224328
0
0
0
0
0
0
0
0
0
0
0
0
0
0
0
0
2.31676720489639
0
9.75298254046272
0
0
0
0
0
0
0
0
1000
-1000
1000
-842.17983373205
-1000
1000
1000
1000
0
-1000
1000
-652.862471439483
1000
-996.91060481552
-1000
0
-1000
0
0
0
0
-1000
0
0
-1000
-2.54844392538598
-1000
1000
0
0
1000
1000
0
0
0
0
0
0
0.971195753917152
-1000
1000
1000
1000
1000
-1000
-1000
-1000
-1000
-1000
1000
1000
1000
-0.46335344097929
0
-1000
-1000
1000
-1000
329.755828154634
-1000
-1000
0
653.325824880463
1000
0
0
0
-1000
1000
0
0
0
-745.583637569203
0
0
0
1000
-394.945339330587
0
0
0
-29.5597629227341
0
0
0
0
0
0
0
0
0
0
0
0
0
0
0
0.0035922907221989
0
525.398655203923
0
-525.398655203923
0
0
525.398655203923
0
0
0
0
0
0
0
0
0
0
0
0
0
0
0
0
0
0
0
0
0
0
0
0
0
0
0
0
0
0
0
0
0
0
0
0
0
0
0
0
0
0
0.00359229072216749
-1000
0.104883608948285
0.104883608948285
0
0.695030161468935
0
0
0
0
0
0
0
0
0
0
0
0
0
0
0
0
0
0
0
0
0
0
0
0
0
0
0
0
0
0
0
0
0
0
0
0
0
0
0
0
0
0
0
0
0
0
0
0
0
0
0.163618429959284
0
0
0
1000
0
1000
0
1000
0
0
-1000
0
0
0
0
0
0
0
0
0
0
0
0
0
0
0
0
0
0
0
0
0
0
0
0
0
-21.4545039073432
0
0
0.163618429959284
0
0
0
0
0
0
0
0
0
1000
0
0
0
0
0
0
0
0
0
0
0
0
0
0
0
0
0
0
0
0
0
0
0
0
0
0
0
0
0
0
0
0
0
0
0
0
0
0
0
0
0
0
0
0
0
0
0
0.0107768721665967
0.0107768721665967
0
0.0107768721665967
0
0
0
0
0
0
0
0
0
0
0
0
0
0
0
0
0
0
0
0
500.00297882465
0
0
-1000
0
500.007174169007
0
0
0
0
0.759357328785395
0.759357328785395
0
0
0
0
0
0
0
0
0
0
0
0
0
0
0
0
0
0
0
0
0
0
0
0
0
0
-0.00359229072216749
0
0
0
1000
0
0
-1000
0
0
0
0
2.18157906612379
0
0
2.18157906612379
0
0
0
0
0
0
0
0
0
2.18157906612379
0
2.18157906612379
0
0
0
13.0141360774299
37.0972348684035
23.7125895788047
17.3676193204136
25.7503902457333
8.47539822836185
19.8222428510321
36.2635891410237
33.3921427467153
10.5595125468115
20.4706339723275
42.1917365357248
33.2995154436731
10.2816306376849
17.0434237597659
23.6199622757625
30.6133236554491
24.7778035637901
4.53873784906809
30.8912055645757
0
0
0
0
0
0
0
0
0
0
0
0
0
0
0
0
0
0
0
0
0
0
0
0
0
0
0
0
0
0
0
0
0
0
0
0
0
0
0
0
0
0
0
0
0
0
0
0
0
0
0
0
0
0
0
0
0
0
0
0
0
0
0
0
0
0
0
0
0
0
0
0
0
0
0
0
0
0
0
0
0
0
0
0
0
0
0
0
0
0
0
0
0
-1000
0
0
0
0
-1000
-1000
1000
1000
0
0
0
0
0
484.914159927322
0
-29.5597629227341
-485.065192324207
-485.065192324207
-1000
0
-484.917752218044
0
-485.035221860066
1000
1000
484.922550616038
1000
0
0
515.085840072678
0
-1000
-1000
-1000
0
515.082247781956
0
0
0
484.917752218044
0
0
0
0
0
0
0
0
0
0
0
-1000
258.024925622575
1000
1000
0
500
0
2.51256781130926
5
0
0
0
0
0
0
28.5539856000491
0
213.901858185223
0
0
-0.00965693822274716
0
0
0
0
-0.00965693822274716
300.440182001149
707.837860887442
0
-0.00965693822274716
0.00965693822274716
-0.00965693822274716
-3.62080358053925
0
-0.603558638919935
3.72999238852524
-1000
-0.00965693822274716
0.00965693822274716
-0.00965693822274716
-0.00965693822274716
0.00965693822274716
-0.00965693822274716
0.00965693822274716
-0.00965693822274716
-0.00965693822274716
-0.00965693822274716
-0.00965693822274716
-0.00965693822274716
-0.00965693822274716
-0.00965693822274716
-0.00965693822274716
-0.00965693822274716
-0.00965693822274716
-0.00965693822274716
-0.202795702677122
-0.0657325859838238
-0.277636973903213
-0.280051208458872
-0.142439838785094
0.00965693822274716
0.00965693822274716
-0.656819280900777
0.00965693822274716
0.00965693822274716
0.00965693822274716
0.00965693822274716
-4.6232591741267
-0.0700128021146611
-0.519060429471097
-2.6146160238012
-0.0481372093577193
0.00965693822274716
0.00965693822274716
0.0917409131158138
0.00965693822274716
0.00965693822274716
-0.00965693822274716
0
0
0
0
0
0
0
0
0
0
0
0
0
0
0
0
0
0
0
0
0
0
0
0
0
0
0
0
0
0
0
0
0
0
0
0
0.00537672209179618
0
0
0
0
0
0
0
0
0
0
0
0
0
0
0
0
0
0
0
0
0
0
0
0
0
0
0
0
0
0
0
0
0
0
0
0
0
0
0
1000
0
0
0
0
0
0
0
0
0
0
0
0
0
0
0
0
0
0
0
0
0
0
0
0
0
0
0
0
0
0
0
0
0
0
0
0
0
0
0
0
0
0
0
0
0
0
0
0
0
0
0
0
0
0
0
0
0
0
0
0
0
0
0
0
0
0
0
0
0
0
0
0
0
0
0
0
0
0
0
0
0
0
0
0
0
0
0
0
0
0
0
0
0
0
0
0
0
0
0
0
0
0.00965693822271906
0.00965693822271906
0.00965693822271906
0
0
0
0
0
0
0.00965693822271906
0
0
0
0
0
0
0
0
0
0
0
0
0
0
0
0
0
0
0
0
0
0
0
0
0
0
0
0
0
0
0
0
0
0
0
0
0
0
0
0
0
0
0
0
0
0
0
0
0
0
0
0
0
0
0
0
0
0
0
0
0
0
0
0
0
0
0
0
0
0
0
0
0
0
0
0
0
0
0
0
0
0
0
0
0
0
0
0
0
0
0
0
0
0
0
0
0
0
0
0
0
0
0
0
0
0
0
0
0
0
0
0
0
0
0
0
0
0
0
0
0
0
0
0
0
0
0
0
0
0
0
0
0
0
0
0
0
0
0
0
0
0
0
0
0
0
0
0
0
0
0
0
0
0
0
0
0
0
0
0
0
0
0
0
0
0
0
0
0
0
0
0
0
0
0
0
0
0
0
0
0
0
0
0
0
0
0
0
0
0
0
0
0
0
0
0
0
0
0
0
-1000
0
0
0
0
0
0
0
0
0
0
0
0
0
0
0
0
0
0
0
0
0
0
0
0
0
0
0
0
0
0
0
0
0
0
0
0
0
0
0
0
0
0
0
0
0
0
0
0
0
0
0
0
0
0
0
0
0
0
-0.00448255407513898
0
0
0.00448255407513898
0
0.00448255407509167
0
0.00448255407509167
0
0
0
0
0
0
0
0
0
0
0
0
0
0
0
0
0
0
0
0
0
0
0
0
0
0
0
0
0
0
0
0
0
0
0
0
0
0
0
0
0
0
0
1000
1000
0
0
0
0
0
0
0
0
0
0
0
0
0
0
0
0
0
0
0
0
0
-1000
0
-1000
0
0
0
0
0
0
0
1000
1000
0
0
0
0
0
0
0
0
0
0
0
0
0
0
0
0
0
0
0
0
0
0
0
0
0
0
0
0
0
0
0
0
0
0
0
0
0
0
0
0
0
0
0
0
0
0
0
0
0
0
0
0
0
0
0
0
0
0
0
0
0
0
0
0
0
0
0
0
0
0
0
0
0
0
0
0
0
0
0
0
0
0
0
-1000
46.3032373488209
0
0
0.00965693822274716
0
1000
0
0
0
0
757.184435265932
-0.00965693822274716
257.00703008927
0
0
0
0.00537672209179618
0
0
-1000
999.990343061777
0
0
0
0
0
0
0
0
0
0
0
0
0
-1000
0.00537672209179618
0
0
0
-0.014337925578161
0
0
0
0
0
0
0
0.014337925578161
0
0
0
0
0
28.5539856000491
1000
-1000
-28.5539856000491
-28.5539856000491
0
-271.243663972288
1000
-0.0215537443332323
0
0
0.00965693822274716
-0.00965693822274716
0
0
0.350064010573533
-0.350064010573533
1000
0
0
0
0
0
-1000
0
-242.815564734068
-757.184435265932
-1000
0
-742.99296991073
-257.00703008927
-1000
0
0
0
0
0
1000
0
528.27224780589
0
0
0
-1000
1000
-1000
0
0
0
-1000
0
0
0
-1000
0
0
0
0
0
0
0
0
0
0
0
0
0
0
0
0
0
0
0
-1000
1000
-1000
0
-1000
0
-1000
0
-1000
0
0
0
0
0
0
0
0
0
-1000
0
1000
0
-1000
0
-1000
0
-1000
0
-1000
0
0
0
0
0
0
0
0
0
-1000
0
0
0
0
0
0
0
0
0
0
0
0
0
0
0
0
0
0
0
0
0
0
0
0
0
0
0
0
0
0
0
0
0
0
0
0.00537672209179618
-0.00537672209179618
0
0
0
0
0
0
0
0
0
0
0
0
0
0
0
0
0
0
0
0
0
0
0
0
0
0
0
0
0
0
0
0
0
0
0
0
0.00537672209179618
-0.00537672209179618
0
0
0
0
0
0
0.014337925578161
0.014337925578161
0
0
0
0
0
0
0
0
0
0
0
0
0
0
0
0
-0.014337925578161
-0.014337925578161
0
0
0
0
0
0
0
0
0
0
0
0
0
0
0
0
0
0
0
0
0
0
0
0
0
0
0
0
0
0
0
0
0
0
0
0
0
0
0
0
0
0
0
0
0
0.0035922907221989
0
0
0
0
0
0
0
0
10.9770616779735
0
0
0
0
0
0
0
0
0
0
0
0
0
0
0
0
0
0
0
0
0
0
0
0
0
0
0
0
0
0
0
1000
-1000
0
0
0
0
0
0
0
0
0
0
0
0
0
0
0
0
0
0
0
0
0
0
0
0
0
242.815564734068
242.815564734068
242.815564734068
0
0
0
0
0
0
0
0
0
0
0
0
0
0
0
0
0
0
0
0
0
0
0
0
0
0
0
0
0
0
0
0
0
0
0
0
0
0
0
0
0
0
0
0
0
0
0
0
0
0
0
0
0
0
0
0
0
0
0
0
0
0
0
0
0
0
0
0
0
0
0
0
0
0
0
0
0
0
0
0
0
0
0
0
0
0
0
0
0
0
0
0
0
0
0
0
0
0
0
0
0
0
0
0
0
0
0
0
0
0
0
0
0
0
0
0
0
0
0
0
0
0
0
0
0
0
0
0
0
0
0
0
0
0
0
0
0
0
0
0
0
0
0
0
0
0
0
0
0
0
0
0
0
0
0
0
0
0
0
0
0
0
0
0
0
0
0
0
0
0
0
0.0035922907221989
0.0035922907221989
0.0035922907221989
0.0035922907221989
0.0035922907221989
0
0
0
0
0
0
0
0
0
0
0
0
0
0
0
0
0
0
0
0
0
0
0
0
0
0
0
0
0
0
0
0
0
0
0
0
0
0
0
0
0
0
0
0
0
0
0
0
0
0
14.7044225313271
14.7044225313271
-14.7044225313271
4.8930921654239
-2.44474993735082
2.44474993735085
2.44474993735085
2.44474993735085
2.44474993735085
2.44474993735085
2.44474993735085
2.44474993735085
2.44474993735085
2.44474993735085
2.44474993735085
2.44474993735085
0
2.44474993735082
2.44474993735085
2.44474993735085
2.44474993735085
2.44474993735085
2.44474993735085
2.44474993735085
0
0
0
2.44474993735085
2.44474993735085
0
2.4375861807802
0
0
0
0
0
0
0
0
0
0
0
0
0
0
0
0
14.7044225313271
14.7044225313271
4.8930921654239
4.8930921654239
0
0
0
0
0
0
0
0
0
0
0
0
0
0
0
0
0
0
0
0
0
0
0
0
0
0
0
0
0
0
0
0
0
0
0
0
0
0
0
0
0
0
0
0
0
0
0
0
0
0
0
0
0
0
0
0
0
0
0
0
0
0
0
0
0
0
0
0
0
0
0
0
0
0
0
0
0
0
0
0
0
0
0
0
0
0
0
0
0
0
0
0
0
0
0
0
0
0
0
0
0
0
0
0
0
0
0
0
0
0
0
0
0
0
0
0
0
0
0
0
0
0
0
0
0
0
0
0
0
0
0
0
0
0
0
0
0
0
0
0
0
0
0
0
0
0
0
0
0
0
0
0
0
0
0
0
0
0
0
0
0
0
0
0
0
0
0
0
0
0
0
0
0
0
0
0
0
0
0
0
0
0
0
0
0
0
0
0
0
0
0
0
1.17656718804588
0.0251043853078886
0.0251043853078886
0
0
0
0
-0.0251043853079409
0
0
0
0
1.15146280273799
0
1000
0
0
0
0
0
0
0
0
0
0
0
0
0
0
0
0
0
0
0
0
0
0
0
0
0
0
0
0
0
0
0
0
0
0
0
0
0
0
0
0
0
0.0251043853078886
0
0
0
0
0
0
0
0
0
0
0
0
0
0
0
0
0
0
0
0
0
0
0
0
0
0
0
0
0
0
0
0
0
0
0
0
0
0
0
0
0
0
0
0
0
0
0
0
0
0
0
0
0
0
0
0
0
0
0
0
0
0
0
0
0
0
0
0
0
0
0
0
0
0
0
0
0
0
0
0.0035922907221989
0
0
0
0
0
0
0
1.54892287235404
0
0
0
0.971195753917152
0.971195753917152
0.971195753917152
0
0
0
9.65245740405012
0
0
1.32819656464559
0
0
9.65245740405012
0.0035922907221989
0
0
0
0
-1.32819656464562
1.32819656464559
0
0
0
0
0.364678247518298
0
10.829024592096
0
0
0
0.242238402294133
0
0.220726307708444
0
10.829024592096
10.829024592096
0
0
0
0
0
0
0
0
0
0
0
0
0
0
-10.9770616779736
0
0
0
0
0
0
0
0
0
0
0
0
0
0
0
0
0
0
0
0
0
0
0
0
0
0
0
0
0
0
0
0
0
0
0
0
0
0
0
0
0
0
0
0
0
0
0
0
0
0
0
0
0
0
0
0
0
0
0
0
0
0
0
0
0
0
0
0
0
0
0
0
0
0
0
0
0
0
0
0
0
0
0
0
0
0
0
0
0
0
0
0
0
0
0
0
0
0
0
0
0
0
0
0
0
0
0
0
0
0
0
0
0
0
0
0
0
0
0
0
0
0
0
0
0
0
0
0
0
0
0
0
0
0
0
0
0
0
0
0
0
0
0
0
0
0
0
0
0
0
0
0
0
0
0
0
0
0
0
0
0
0
0
0
0
0
0
0
0
0
0
0
0
0
0
0
0
0
0
0
0
0
0
0
0
0
0
0
0
0
0
0
0
0
0
0
0
0
0
0
0
0
0
0
0
0
0
0
0
0
0
0
0
0
0
0
0
0
0
0
0
0
0
0
0
0
0
0
0
0
0
0
0
0
0
0
0
0
0
0
0
0
0
0
0
0
0
0
0
0
0
0
0
0
0
0
0
0
0
0
0
0
0
0
0
0
0
0
0
0
0
0
0
0
0
0
0
0
0
0
0
0
0
0
0
0
0
0
0
0
0
0
0
0
0
0
0
0
0
0
0
0
0
0
0
0
0
0
0
0
0
0
0
0
0
0
0
0
0
0
0
0
0
0
0
0
0
0
0
0
0
0
0
0
0
0
0
0
0
0
0
0
0
0
0
0
0
0
0
0
0
0
0
0
0
0
0
0
0
0
0
0
0
0
0
0
0
0
0
0
0
0
0
0
0
0
0
0
0
0
0
0
0
0
0
0
0
0
0
0
0
0
0
0
0
0
0
0
0
0
0
0
0
0
507.458745925098
0
507.458745925098
0
0
0
0
0
0
0
0
0
0
0
0
0
0
0
0
0
0
0
0
0
0
0
0
0
0
0
0
1000
0
0
0
0
0
0
0
0
0
0
0
0
0
0
0
0
0
0
0
0
0
0
0
0
0
0
0
0
0
0
0
0
0
0
0
0
0
0
0
0
0
0
0
0
0
0
0
0
0
0
0
0
0
0
0
0
0
0
0
0
0
0
0
0
0
0
0
0
0
0
0
0
0
0
0
0
0
0
451.359548165866
0.163618429959284
0.163618429959284
0
0
0
0.163618429959229
0.163618429959284
0
-249.513328123563
0
0
0
0.0251720661475823
0
850.651862549977
0
0
0
0
249.513328123563
0
0
0
0
0
0
0.99010126847179
0
0
0
0
0
0
0.99010126847179
0.99010126847179
0.99010126847179
0.99010126847179
0
0
0
0
0
0
0
0
0
0
0
0
0
0
0
0
0
0
0
0
0
0
0
0
0
0
0
0
0
0
0
0
0
0
0
0
0
753.286413199495
753.286413199495
0
0
0
0
0
0
0
0
0
0
0
0
0
0
0
0
0
0
0
0
0
0
0
0
0
0
0
0
0
0
0
0
0
0
0
0
0
0
0
0
0
0
0
0
0
0
0
0
1000
322.302985570718
-1000
0
0
0
-1000
1000
1000
0
0
0
0
-770.905911036595
92.5138664458436
0
0
0
0
0
0
0
0
0
0
0
0
0
0
0
0
0
0
0
0
0
0
0
0
0
0
0
0
0
0
0
0
0
0
0
0
0
0
0
0
-1000
0
0
1000
0
0
0
0
0
0
0
0
0
0
0
0
0
0
-999.996407709278
999.996407709278
1000
999.996407709278
1000
-1000
-1000
0
0
0
0
0
0
0.00359229072216749
0
0
0
0
0
0
0
0
0
0
0
0
0
0
0
0
0
0
0
0
0
0.0143379255781678
0
0.0035922907221989
0.0215120945856897
1000
0.00179093914266148
0.00179093914266148
0.00359229072216749
0
0.0125469864355063
0.00179093914266148
0.0268953244506024
-0.00179093914266559
0.00179093914266148
0.00179093914266148
0.00179093914266148
0.00179093914266148
0.00179093914266148
-0.00179093914266559
-0.00358187828533119
0.00179093914266148
0.00179093914266148
0.00179093914266559
0.00179093914266148
-0.00538322986483308
-0.00538322986483308
0.00359229072216749
0.00359229072216749
0.00179093914266148
0.00179093914266148
0.0035922907221989
0.0035922907221989
-0.00359229072216749
-0.00359229072216749
0.00359229072216749
0.00359229072216749
0.00179093914266148
0.00179093914266148
0.00179093914266148
0.00179093914266148
0.0448463656247213
-0.00538322986483308
-999.974895614692
0
0
0
0
0
0
-1000
0
0
0
0.0035922907221989
0
0
0
0
0.00179614536109945
0.00359229072216749
0.00359229072216749
0
0.0035922907221989
0
0
0
0
0
-0.00359229072216749
0
0
0.00716375657064593
0.00179093914266148
0.00537281742798444
0.00179093914266148
-0.00179093914266559
0.00179093914266148
0.00179093914266148
0.00179093914266148
0.00179093914266148
0.00179093914266148
0.00179093914266148
0.00358187828532296
0.00179093914266148
0.00179093914266148
0.00179093914266148
0.00179093914266148
0.00179093914266148
0
0.00179093914266148
0.0035922907221989
0
0.0035922907221989
0
0.0035922907221989
0.0035922907221989
0.0035922907221989
0.0035922907221989
0.0035922907221989
0.0035922907221989
0
0.0035922907221989
0
0.0035922907221989
0.0035922907221989
0.0035922907221989
0.0035922907221989
0.0035922907221989
0
0
0
0
0
0
0
0
0
0
0
0
0
0
0
0
-0.00359229072216749
0
0
0
0
0
0
0
0
0
0
0
0
0
0
0
0
0
0
0
0
0
0
0
0
0
0
0
0
0
0
0
0
0
0
0
0
0
0
0
0
0
0
0
0
0
0
0
0
0
0
0
0
0
0
0
0
0
0
0
0
0
0
0
0
234.089362643659
0
0
0
0
0
0
0.0035922907221989
0
0
0
0
0
0
0
0
0
1000
0
0
0
0
0
0
0
0
0
0
0
607.487232394134
0
0
0
-28.5539856000491
0
-213.901858185223
0
0
0
0.00965693822271906
0
0
0
0
0
0
0
0
0
0.00965693822271906
0
0
300.440182001149
0
0
0
0
0.00965693822271906
0
0.00965693822271906
0
0.00965693822271906
0
3.62080358053919
0
0
0
0.603558638919941
0
3.72999238852524
0
0.00965693822274716
0
0.00965693822271906
0
0.00965693822271906
0
0.00965693822271906
0
0.00965693822271906
0
0.00965693822271906
0
0.00965693822271906
0
0.00965693822271906
0
0.00965693822271906
0
0.00965693822271906
0
0.00965693822271906
0
0.00965693822271906
0
0.00965693822271906
0
0.00965693822271906
0
0.00965693822271906
0
0.00965693822271906
0
0.00965693822271906
0
0.00965693822271906
0
0.00965693822271906
0
0.2027957026771
0
0.0657325859838071
0
0.277636973903173
0
0.280051208458853
0
0.142439838785106
0
0.00965693822271906
0
0.00965693822271906
0
0.656819280900807
0
0.00965693822271906
0
0.00965693822271906
0
0.00965693822271906
0
0.00965693822271906
0
4.62325917412675
0
0.0700128021147132
0
0.51906042947115
0
2.61461602380119
0
0.0481372093576845
0
0.00965693822271906
0
0.00965693822271906
0
0.0917409131158311
0
0.00965693822271906
0
0.00965693822271906
0
0.00965693822271906
0
-1000
0
0
-1.15146280273802
0
0
0
0
0
0
921.549625984171
-1000
0
0.427925124508874
0.99010126847179
-254.409177849353
1000
741.628065601433
0
751.958216634849
508.048880952089
-1000
-1000
0
0
1000
0
0
0
0
486.463122714017
1000
-10.8290245920959
0
0
0
-1000
1000
-0.00359229072216749
0
0
-3.14405266875121
0
0
0
0
0
-998.818070406963
1000
1000
-1000
-609.010232637182
-390.982582781373
0
1000
1000
0
-1000
0
0
1000
1000
1000
-38.8553239981131
0
1000
0
0
-41.6972542470019
1000
1000
1000
0
0
0
0
0
-1000
0
0
0
0
0
0
0
0
0
1000
0
0
0
0
0
0
0
1000
233.908962836268
0
0
0
1000
0
0
0
0
0
0
0
0
-38.628535559048
497.769324225567
424.782319715532
-1000
1000
-1000
-1000
-1000
-1000
1000
-1000
1000
1000
-1000
-1000
-1000
-1000
-1000
1000
1000
1000
-1000
-1000
-1000
-1000
1000
1000
1000
1000
-1000
1000
1000
-1000
-1000
-1000
-1000
-1000
-1000
-1000
-1000
-1000
1000
-1000
-1000
-1000
-1000
-1000
-1000
-799.740077121935
-1000
-1000
-1000
-1000
1000
-1000
-1000
-1000
-1000
-1000
-1000
-1000
-10.4368583789283
-1000
-1000
-1000
0.707769267972139
-1000
-1000
-1000
-1000
-17.4179634527088
-1000
-1000
1000
1000
-1000
-1000
-1000
-1000
-1000
-1000
1000
1000
979.101440903164
-10.2458335474087
-251.325192915126
-698.779099399317
1000
-1000
973.594402825333
1000
1000
-1000
-1000
1000
1000
1000
1000
-1000
-1000
-1000
-1000
-1000
-1000
1000
1000
-1000
-1000
1000
1000
1000
1000
1000
-1000
1000
1000
-1000
-1000
1000
-23.7755197441737
-1000
-942.803299825773
-1000
-1000
1000
0
1000
1000
0
0
0
0
0
0
0
0
0
0
0
0
0
0
0
0
0
0
0
0
0
0
0
0
0
0
0
0
0
0
0
0
0
0
0
0
0
0
0
0
0
0
0
0
0
0
0
475.695881950712
0
0
0
0
0
0
0
0
0
0
0
0
0
0
0
0
0
0
0
0
0
0
0
0
0
0
0
0
0
0
0
0
0
0
0
0
0
0
0
0
0
0
0
0
0
0
0
0
0
0
0
0
0
0
0
0
0
0
0
0
0
0
0
0
0
0
0
0
0
0
0
0
0
0
0
0
0
0
0
0
0
0
0
0
0
0
0
0
0
0
0
0
0
0
0
0
0
0
0
0
0
0
0
0
0
0
0
0
0
0
0
0
0
0
0
0
0
0
0
0
0
0
0
0
0
0
0
0
0
0
0
0
0
0
0
0
0
0
0
0
0
0
0
0
0
0
0
0
0
0
0
0
0
0
0
0
0
0
0
0
0
0
0
0
0
0
0
0
0
0
0
0
0
0
0
0
0
0
0
0
0
0
0
0
0
0
0
0
0
0
0
0
0
0
0
0
0
0
0
0
0
0
0
0
0
0
0
0
0
0
932.143099014371
0
0
0
0
0
0
0
0
0
0
0
0
0
0
0
0
0
0
0
0
0
0
0
0
0
0
0
0
0
0
0
0
0
0
0
0
0
0
0
0
0
0
0
0
0
0
0
0
0
0
0
0
0
0
0
0
0
0
0
0
0
0
0
0
0
0
1000
1000
-1000
1000
1000
1000
-1000
1000
-1000
-1000
1000
-1000
1000
1000
1000
1000
-1000
-1000
0
-1000
1000
-1000
1000
1000
-1000
-1000
-1000
-607.487232394134
1.73255227058269
1000
-1000
0
-1000
-1000
-1000
1000
1000
-1000
-1000
-1000
-1000
1000
-1000
-1000
-1000
1000
-1000
1000
-1000
-1.68233308753008
-1000
-1000
-1000
-1000
-1000
0
0
0
0
0
0
0
0
0
0
0
0
0
0
0
0
-1000
-1000
-0.471744129695139
0
0
0
0
0
1000
0
0
0
0
0
0
0
0
0
0
-0.00359229072216749
0.0035922907221989
0
0
-0.00359229072216749
-0.00359229072216749
0
0
0
0
0
0
0
0
0
0
0
0
0
0
0
0
0
0
0
0
0
1000
0
0
0
0
0
0
0
0
0.0035922907221989
0
0
1000
-1000
678.384860009307
321.615139990693
1000
0
0
0
0
-0.00359229072216749
0.364678247518327
0
0
0
249.513328123563
0
0
0
0
0
0
0
0
0
0
0
0
0
999.572074875491
0
0
0
0.0035922907221989
0
0
0
1000
324.213253481529
0
0
0
0
0
0
0
-1000
0
1000
0
0
0
0
0
0
0
0
0
0
0
0
0
0
0
0
0
0
0
0
0
0
0
0
0
0
0
0
0
0
0
0
0
0
0.0035922907221989
0
0
0
0
0
0
1000
0
-1000
0
-213.901858185223
0
1.9423915078343
0
0
0
0
0
0.00537281742798444
1000
0
-525.398655203923
0
0
0
0
0
0
0
0
0
0
0
0
0.00359229072216749
1000
-626.46384555679
-1000
1000
0
0
1000
0
515.082247781956
-1000
0
-1000
1000
-788.040533322611
998.31766691247
0
0
0
343.519098985462
-1000
1000
0
0
0
0
0
0.00359229072228118
0
0
1000
0
0
0
0
920.340402243788
0
0
0
-632.823986471605
0
0
-1000
0
-1000
1000
0
0
0
0
0
0
0
0
0
0
0
738.318204317157
261.681795682843
0
0
0
0
149.339172341873
149.339172341873
0
0
0
0
0
0
1000
0
0
0
998.142390891725
0
0
0
0
0
0
0
0
0
0
0.971195753917152
0
0.0035922907221989
-0.00359229072216749
0.0035922907221989
0.0035922907221989
0
0
1000
-1000
0.00359229072216749
0
0
0
0.971195753917186
0
0
-0.0107768721666162
-1000
-0.768432635225849
-1000
-1000
-0.0775978181148957
1000
0
0
-1000
-1000
1000
1000
0
0
0
0
0
0
0
0
0
0
0
0
0
0
997.451556074614
0
0
0
0
0
0
0
0
0
2.62604174350085
0
0
0
0
0
0
0.00179093914266148
0
632.823986471605
0
0
0
0
0
0
0.0035922907221989
-1000
484.917752218044
0
0
0
0
0
0
0
0
0
0
0
0
0
0
0
0
0
0
0
0
0
0
0
0
1000
0
0
0
0
0
0
0
0
0
0
0
0
0
0
0
0
0
0
0
0
0
0
0
0
0
0
0
0
0
0
0
2.31676720489645
0
0
0
0
0
0
0
0
0
0
0
0
0
0
0
0
0
0
0
0
0
0
0
0
0
0
0
0
0
0
0
0
0
0
0
0
0
0
0
0
0
0
0
0
0
0
0
0
0
0
0
0
0
0
0
0
0
0
0
0
0
0
0
0
0
0
0
0
0
0
0
0
0
0
0
0
0
0
0
0
0
0
0
0
0
0
0
0
0
0
0
0
0
0
0
0
0
0
0
0
0
0
0
0
0
0
0
0
0
0
0
0
0
-999.969533209701
0
0.00179093914266559
0
0.0286758511563221
0
0
-0.0304667902989877
0
1000
0
0
0
0
0.0161288647208266
0
0
0
0
0
0
0
0
0
0
0
0
0
0
0
0
0
0
0
0.0035922907221989
0.0035922907221989
0.0035922907221989
1000
0
-78.4395971436621
0
-271.243663972288
-1000
0
0
0
0
0
0
0
-1000
0
0
0
0
0
0
0
0
0
0
0
-1000
450.830830798172
1000
0
-1000
1000
-1000
-1000
-471.72775219411
-1000
0
0
0
0
0
0
0
0
0
0
-1000
0
1000
0.393468635480269
0.0035922907221989
0.0035922907221989
0.0035922907221989
0.0035922907221989
0.0035922907221989
0
0
0
0
1000
0
0
0
0
0
0
0
0
0
0
0
0
0
0
0
-1000
0
0
0
0
0
0
0
1000
-999.990343061777
0
1000
0
0
-999.990343061777
0
0
0
0
0
0
0
0
0
0
0
0
0
0
0
0
0
0
0
0
0
0
0
0
0
0
0
0
0
0
0
0
0
0
0
0
0
0
0
0
0
0
0
0
0
0
0
0
-0.00718458144444867
0
0
0
0
0
0
0
0
0
0
-1000
0
0
0
0
0
0
0
1.68233308753008
1000
-1000
-1000
-1000
-1000
1000
0
0.0215120945856897
0
0
0
0
0
-1000
-1000
1000
249.513328123563
0
0
0
0
999.978446255667
4.0246498094108
0
0
0
0
0.577727118436883
0.577727118436883
-1000
0
-999.967742270558
0
0
0
0
0
0
0
0
-1000
0
0
0
0
0
0
0
1000
0.0035922907221989
0
0
0
0
0
0
0
0
1000
-1000
0
0
1000
0
0
0
1000
0
0
0
0
-757.184435265932
0
-1000
0
0
0
-1000
-1000
451.359548165866
0
0
0
0
0
1000
28.5539856000491
0
0
0
0
0
0
-750
0
0
0
0
-1000
-1000
0
0
-738.309813628441
0
0
0
450.830830798172
0.00537672209181292
0
0
0
0
0
0
0
0
998.142390891725
0
998.142390891725
0
0
0
0
0
0
0
0
0
0
1000
261.681795682843
-1000
-1000
-1000
-1000
1000
738.318204317157
0
0
0
0
0
0
0
0
-1000
0
0
1000
0.00179093914266148
0.00179093914266148
0
1000
-507.458745925098
-507.458745925098
257.00703008927
0
0
0
0
0
0
0
0
0
0
0
0
0
0
-1000
0
0
0
0
0
0
0
0
0
0
-0.014337925578161
0
0
0
0
0
0
0
0
0
0
0
0
0
0
0
0
0
0
0
0
0
0
0
0
0
0
0
0
0
0
0
0
0
0
0
0
0
0
0
0
0
0
0
0
0
0
-1000
0
-1000
0
0
0
0
0
-1000
0
0
0
0
0
0
0
0
0
0
0
999.649935989426
0
0
0
0
0
0
0
0
0
0
0
0
0
1000
0
0
0
0
0
0
0
0
0
0
0
0
0
0
0
0
0
0
0
0
28.5539856000491
0
0
0
0
0
0
0
0
0
0
0
0
0
0
0
0
0
0
0
0
0
0
0
242.455843785272
0
0
0
0
0
0
0
0
0
0
0
0
242.465500723495
0
0
0
0
0
0
0
0
0
0
0
0
0
0
0
0
0
0
0
0
0
0
0
0
0
0
0
0
0
0
0
0
0
0
0
0
0
0
0
0
0
0
0
0
0
0
0
0
0
0
0
0
0
0
0
0
0
0
0
0
0
0
0
0
0
0
0
0
0
0
0
0
0
0
0
0
0
0
0
0
0
0
0
0
0
0
0
0
0
0
0
0
0
0
0
0
0
0
0
0
0
0
0
0
0
0
0
0
0
0
0
0
0
0
0
0
0
0
0
0
0
0
0
0
0
0
0
0
0
0
0
0
0
0
0
0
-1000
0
0
0
0
0
0
0
0
0
0
0
0
0
0
0
0
0
0
0
0
0
0
403.623955405514
0
70.2906220721803
0
0
-96.378841490725
0
-187.251027347549
208.705531254893
-21.290885477384
0
-1000
0
-1000
-1000
0
0
0
0
224.940426623467
0.0215537443332323
0
0
0
0
0
0
0
0
0
0
0
0
0
0
0
0
0
0
0
0
0
0
0
0
0
0
0
0
0
0
0
0
0
0
0
0
0
0
0
0
0
0
0
0
0
0
0
0
0
0
0
0
0
0
0
0
0
0
0
0
0
0
0
0
0
0
0
0
0
0
0
0
0
0
0
0
0
0
0
0
0
0
0
0
0
0
0
0
0
0
0
0
0
0
0
0
0
0
0
0
0
0
0
0
0
0
0
0
0
0
0
0
0
0
0
0
0
0
0
0
0
0
0
0
0
0
0
0
0
0
0
0
0
0
0
0
0
0
0
0
0
0
0
0
0
0
0
0
0
0
0
0
0
0
0
0
0
0
0
0
0
0
0
0
0
0
0
0
0
0
0
0
0
0
0
0
0
0
0
0
0
0
0
0
0
0
0
0
0
0
0
0
0
0
0
0
0
0
0
0
0
0
0
0
0
0
0
0
0
0
0
0
0
0
0
0
0
0
0
0
0
0
0
0
0
0
0
0
0
0
0
0
0
0
0
0
0
0
0
0
0
0
0
0
0
0
0
0
0
0
0
0
0
0
0
0
0
0
0
0
0
0
0
0
0
0
0
0
0
0
0
0
0
0
0
0
0
0
0
0
0
0
0
0
0
0
0
0
0
0
257.00703008927
0
0
0
0
0
0
0
0
0
0
0
-1000
0
0
0
0
0.00359229072216749
0.427925124508874
-1000
0
0
0
0
0
0
0
0
0
0
0
0
0
0
0
0
0
0
0
0
0
0
0
0
0
0
0
0
0
0
0
0
0
0
0
0
0
0
0
0
0
0
0
0
0
0
0
0
0
0
0
0
0
0
0
0
0
0
0
0
0
0
0
0
0
0
0
0
0
0
0
0
0
0
0
0
0
0
0
0
0
0
0
0
0
0
0
0
0
0
0
0
0
0
0
0
0
0
0
0
0
0
0
0
0
0
0
0
0
0
0
0
0
0
0
0
0
0
0
0
0
0
0
0
0
0
0
0
0
0
0
0
0
0
0
0
0
0
0
0
0
0
0
0
0
0
0
0
0
0
0
0
0
0
1000
0
0
0
0
0
0
0
0
0
0
0
1000
0.00359229072216749
0
0
-1000
549.178826140051
0
0
0
0
0
0
0
0
0
0
0
0
0
0
0
0
0
0
0
0
1.15146280273799
0
0
0
0
0
0
0
0
0
0
0
0
0
0
0
0
0
0
0
0
0
0
0
0
0
0
0
0
0
0
0
0
0
0
0
0
0
0
0
0
0
0
0
0
0
0
0
0
0
0
0
0
0
0
0
0
0
0
0
0
0
0
0
0
0
0
0
0
0
0
0
0
0
0
0
0
0
0
0
0
0
0
0
0
0
0
0
0
0
0
0
0
0
0
0
0
0
0
0
0
0
0
0
0
0
0
0
0
0
0
0
0
0
0
0
0
0
0
0
0
0
0
0
0
0
0
0
0
0
0
0
0
0
0
0
0
0
0
0
0
0
0
0
0
0
0
0
0
0
0
0
0
0
0
0
0
0
0
0
0
0
0
0
0
0
0
0
0
0
500
86.7703072994904
0
0
-0.971195753917186
0
0
463.13651521103
19.1935919746473
41.9534435793036
0.104124368759388
86.7703072994904
0
0
0
0
0
0
0
0
0
0
0
0
0
0
0
0
0
0
0
0
0
0
0
0
0
0
1000
-1000
0
0
-1000
605.054660669413
-1000
0
1000
0
394.941747039865
2.44474993735085
0
0
0
0
0
-24.1423455567976
0
-0.00448255407513898
0
0.0035922907221989
0
0
0
0
0
0
0
0
0
0
0
0
0
0
0
0
0
0
28.5539856000491
0
213.901858185223
0
0
-998.818070406963
-4.6232591741267
-0.202795702677122
-10.6602008114019
-20.8985590968364
-42.6196616602338
966.578819569947
-10.4368583789283
-17.2489956333045
-26.4055971746672
-4.58069129264743
-31.2603958680736
920.401755472155
-1000
0
0
0
0
-1000
-38.628535559048
-17.4179634527088
-26.5347938237206
-13.2442769634804
-10.2458335474087
-23.7755197441737
-34.3584689509868
501.480823478747
-32.8812235586804
0
1000
-1000
-1000
0
1000
0
0
233.908962836269
-1000
0
0
0
-10.8290245920959
0.364678247518327
0
1000
0
0
0
0
0
0
0
0
0
0
0
0
0
0
-0.00359229072216749
999.996407709278
-1000
0
0
0
0
0
0
0
0
0
0
0
0
0
0
0
1000
0
-1.68233308753008
0
0
0
-998.848537197262
249.513328123563
-0.00359229072216749
-0.00359229072216749
-0.99010126847179
678.392044590752
0
0
-0.00359229072216749
0
-0.00359229072216749
0
0
0
-0.00359229072216749
0
0
0
-0.00359229072216749
0
0
0
0
0
0
0
0
0
0
0
0
0
0
0
0
0
-0.0107768721666162
0
0
0
0
0
0
0
745.590822150647
0
0
0
-605.754680123551
0
1000
0
0
-0.00359229072216749
0
0
0
0
0
0
0
0
0
0
0
0
0
0
324.213253481529
-3.14405266875121
-0.471744129695139
-1000
-1000
0
0
0
0
0
0
0
0
0
0
0
0
0
0
0
0
-609.010232637182
0
0
0
0
1000
1000
741.628065601433
0
0
751.958216634849
-136.57340493202
0
0
0
0
0
0
0
0
0
-1000
-1000
0
0
0
0
-0.0502191830526044
0
0
0
0
-678.384860009307
-1000
1000
0
0
0
0
0
0
508.048880952089
-1000
-1000
486.463122714017
0
0
0
0
0
0
0
0
0
0
0
0
1000
0
-0.0481372093577193
-0.00965693822274716
-2.6146160238012
-1000
-0.142439838785094
-0.656819280900777
-0.0917409131158138
-0.519060429471097
-0.277636973903213
-0.00965693822274716
0
0
300.440182001149
0
-0.00965693822274716
-1000
-0.00965693822274716
-0.00965693822274716
-0.00965693822274716
-0.0700128021146611
0
-0.00965693822274716
-3.62080358053925
-3.72999238852526
0
-4.02464980941079
0
0
0
-0.00965693822274716
-0.0657325859838238
0
-0.00965693822274716
-0.00965693822274716
-0.00965693822274716
-0.00965693822274716
-0.280051208458872
0
-0.603558638919935
0
0
0
-1000
1000
0
0
-1000
1000
-0.00359229072216749
-1000
750
-750
0
0
0
-1000
0
0
1000
0
0
0
0
0
0
0
0
0
0
0
0
0
0
0
0
-1000
1000
-1000
1000
1000
0
-1000
-1000
0
-0.00965693822274716
-0.00965693822274716
0
0
0
0
1000
-21.4545039073432
21.290885477384
224.940426623467
0.0215537443332323
0
0
0
0
0
1000
-1000
0
0
0
0
0
0
0
0
0
0
0
0
0
0
0
0
0
0
0
0
0
0
0
0
0
0
0
0
0
0
0
0
0
0
0
0
0
0
0
0
0
0
0
0
0
0
0
0
0
0
0
0
0
0
0
0
0
0
0
0
0
0
0
0
0
0
0
0
0
-0.00965693822274716
0
0
0
0
0
0
0
0
0
0
0
0
0
0
0
0
0
0
0
0
0
0
0
0
0
0
0
0
0
0
0
0
0
0
0
0
0
0
0
0
0
0
0
0
0
0
0
0
0
0
0
0
0
0
0
0
0
0
0
0
0
0
0
0
0
0
0
0
0
0
0
0
0
0
0
0
0
0
0
0
0
0
0
0
0
0
0
0
0
0
0
0
0
0
0
0
0
0
0
0
0
0
0
0
0
0
0
0
0
0
0
0
0
0
0
0
0
0
0
0
0
0
0
0
0
0
0
0
0
0
0
0
0
0
0
0
0
0
0
0
0
0
0
0
0
0
0
0
0
0
0
0
0
0
0
0
0
0
0
0
0
0
0
0
0
0
0
0
0
0
0
0
0
0
0
0
0
0
0
0
0
0
0
0
0
0
0
0
0
0
0
0
0
0
0
0
0
0
0
0
0
0
0
0
0
0
0
0
0
0
0
0
0
0
0
0
0
0
0
0
0
0
0
0
0
0
0
0
0
0
0
0
0
0
0
0
0
0
0
0
0
0
0
0
0
0
0
0
0
0
0
0
0
0
0
0
0
0
0
1000
0
0
0
-0.427925124508874
0
0
0
0
0
0
0
0
0
0
0
0
0
0
0
0
0
0
0
0
0
0
0
1000
0
-549.178826140051
0
0
-0.00359229072216749
0
0
0
0
0
0
0
0
-1000
0
0
0
0
0
-1.15146280273802
0
0
0
0
0
0
0
0
0
0
0
0
0
0
0
0
0
0
0
0
0
0
0
0
0
0
0
0
0
0
0
0
0
0
0
0
0
0
0
0
0
0
0
0
0
0
0
0
0
0
0
0
0
0
0
0
0
0
0
0
0
0
0
0
0
0
0
0
0
-0.00965693822274716
-0.00965693822274716
-0.00965693822274716
-0.00965693822274716
0
-0.00965693822274716
-0.00965693822274716
0
-0.00965693822274716
-0.00965693822274716
-0.00965693822274716
-0.00965693822274716
0
-0.00965693822274716
-0.00965693822274716
-0.00965693822274716
-0.00965693822274716
-0.00965693822274716
-0.00965693822274716
-0.00965693822274716
0
-0.00965693822274716
-0.00965693822274716
-0.00965693822274716
0
-1000
86.7703072994905
0
1000
0
0
0
0
0
0
0
0
0
0
0
