0
0
0
0
0
0
0
1000
-1000
1000
0
0
0
199.343470864498
1000
0
999.723229790286
-999.723229790286
999.936478968262
0
0.0635210317375317
0
-1000
0.399275056635929
0
1000
-201.742508867551
0
-323.358979401154
0.0426451435408537
0
0
0
0
0
0
0.0349820803827996
0
0
0
38.1182495077343
0
0
0
0
0
61.6864541761596
938.31354582384
61.6864541761596
0
61.6864541761596
0
61.6864541761596
0
61.6864541761596
0
61.6864541761596
0
0
0
0
61.6864541761596
0
0
0
0
323.358979401154
0
0
0
0
0
0
0
1000
1000
0
0
0
0
0
-1000
0
0
0
0
0
0
0
0
0
0
0
0
0
0
0
0
0
0
0
0
0
0
0
0
0
0
0
0
0
0
23.7966518547186
264.106426822711
0
0
0
0
0
0
0
0
0
0
0
0
0
0
0
0
0
0
728.805693960291
0
0
1000
0
0
0
0
1000
0
0
0
-15.9026634322964
0
0
0
0
-1000
0
0
0
-204.573731996424
0
0
598.469373045788
1000
1000
401.521552521106
0
0
0
-1000
401.521552521106
600.865023385604
1000
-800.656529135502
0
204.573731996424
1000
0
0
0
0
0
1000
-1000
0
0
0
0
0
-4.27336826063652
0
0
0
0
0
0
0
687.150431358289
-1000
0
0
0
0
546.893189706958
0
0
0
0
0
1.49425977938579
0
0
0
-4.27790547718917
0
-999.995462783447
0
0
0
0
0
0
0
0
0
0
435.773121737287
559.515570540806
0
0
-563.793476017996
0
998.237035652322
0.501111404163716
0
0.510185837269205
0
0
0.751667106245574
0
440.484429459194
0
0
440.484429459194
-559.515570540806
0
-440.484429459194
0
0
0
0
0
0
0
0
0
0
-1000
0
-723.086665900578
1000
-1000
-1000
1000
1000
0
-1000
-2.18255036916764
-1.05033701041407
-1000
0
0
-0.751667106245577
1000
-1000
-1000
1000
0
0
1000
0
0.195100311765276
0
-0.195100311765259
0
0.00193688003407099
1000
0
0
0
2.86010553860571
0
0
0
562.455848273613
0
436.206523982004
0
0
0
0
0
0
1000
0
1000
0
0
0
1000
0
-0.195100311765259
0
-0.751667106245577
0
0
0.751667106245577
0
0
0
0
0
0
0
-1000
0
0
0
1000
0.751667106245577
0
1000
-1.05033701041407
0
0.00388502099857154
0
0
0
0
0
0
0
0
0
0
0
-436.206523982004
0
0
0
2.50555702081858
0
10.5477381700378
0
0
0
0
0
0
0
0
280.451502487746
620.648328012999
1000
-1000
-1000
1000
1000
-1000
-1000
-1000
1000
-0.435339124751067
1000
564.226878262713
0
0
-1000
0
0
0
0
-1000
0
0
-1000
-1000
1000
1000
0
999.573735308354
1000
-1000
0
0
0
0
0
0
1.0503370104141
-1000
1000
1000
0
1000
-1000
0.00907443310541112
0
-1000
-1000
1000
1000
1000
-1000
0
-1000
0
1000
-1000
-5.34687182017899
-1000
-1000
-1000
-1000
1000
0
0
0
-1000
1000
0
0
0
-1000
0
0
0
-431.470060134716
1000
0
0
0
-31.9685427902547
0
0
0
0
0
0
128.222461851645
0
0
0
0
0
0
0
0
0
0.00388502099857263
0
753.238317246666
-8.38804185917911
-744.850275387486
0
744.850275387486
0
0
0
0
0
0
0
0
0
0
0
0
35.9319849083463
0
0
0
0
0
0
0
0
0
0
0
0
0
0
0
0
0
0
0
0
0
0
0
0
0
0
0
0.00388502099860943
-1000
1000
0.113430413817014
0.113430413817014
0
-998.022029769198
0
0
0
0
0
0
0
0
-35.9319849083463
0
0
0
0
0
0
0
0
0
0
0
0
0
0
0
0
0
0
0
0
0
0
0
0
0
0
0
0
0
0
0
0
0
0
0
0
0
0
0.17695144555457
0
0
1000
1000
0
0
0
0
0
0
-1000
0
0
0
0
0
0
0
0
0
0
0
0
0
0
0
0
0
0
0
0
0
0
0
0
399.087897546749
0
0
0.17695144555457
0
0
0
0
0
0
0
0
0
958.105426128159
0
0
0
0
0
0
0
0
0
0
0
0
0
0
0
0
0
0
0
0
0
0
0
0
0
0
0
0
0
0
0
-1000
0
0
0
0
0
0
0
0
0
0
0
0
0
0
0
0
0
0
0
0
0
0
0
0
0
0
0
0
0
0
0
0
0
0
0
0
0
0
-1000
0
0.00453721655268083
0
0
0
0
0.821236196035231
0.821236196035231
0
0
0
0
0
0
0
0
0
0
0
0
0
0
0
0
0
0
0
0
0
0.00388502099857263
0
0
0
0
0
1000
0
0
0
-1000
0
0
-1000
0
0
0
0
2.35935260739403
0
0
2.35935260739403
0
0
0
0
0
0
0
0
0
0
2.35935260739403
0
2.35935260739403
0
0
0
14.0746381206441
40.1202317958575
25.6448922340562
18.7828800542404
27.8487501604204
9.16604546646932
21.4375271019064
39.218653553254
36.1132173842862
11.4199910729782
22.1387546239314
45.629876611768
36.0130420239969
11.1194649921103
18.4322662932279
25.5447168737669
33.1079565756078
26.796908877383
4.90859265417483
33.4084826564756
0
0
0
0
0
0
0
0
0
0
0
0
0
0
0
0
0
0
0
0
0
0
0
0
0
0
0
0
0
0
0
0
0
0
0
0
0
0
0
0
0
0
0
0
0
0
0
0
0
0
0
0
0
0
0
0
0
0
0
0
0
0
0
0
0
0
0
0
0
0
0
0
0
0
0
0
0
0
0
0
0
0
0
0
0
0
0
0
0
0
0
0
0
-1000
0
0
0
0
0
-379.351671987001
-379.351671987001
1000
1000
222.801691102719
0
0
0
0
216.43412707687
0
-31.9685427902547
-439.399157975486
-439.399157975486
-1000
0
-240.234663952587
0
-240.361706016062
1000
1000
439.244892612695
1000
0
0
783.56587292313
0
-1000
-1000
-1000
0
759.765336047413
0
0
0
240.234663952587
0
0
0
0
0
0
0
0
0
0
0
1000
380.405894018414
1000
1000
0
500
250.001610782257
2.51359194302979
5
0
0
0
0
0
0
370.061631577131
0
0
0
0.116183567429403
0.000897748106353902
3.8631036170259
-0.116183567429403
-0.116183567429403
0.116183567429403
0.000897748106353902
333.636120819866
385.666102051774
0.116183567429403
-0.114388071216695
-0.116183567429403
0.000897748106353902
0.344445444052099
-0.116183567429403
0.0561092566465504
0
-999.999102251894
0.116183567429403
-0.116183567429403
0.000897748106353902
0.000897748106353902
-0.000897748106353902
0.000897748106353902
-0.0017954962127078
0.000897748106353902
0.000897748106353902
0.000897748106353902
0.000897748106353902
0.000897748106353902
0.000897748106353902
0.000897748106353902
0.000897748106353902
0.000897748106353902
0.000897748106353902
0.000897748106353902
0.0188527102332046
0.726147296433396
0.0258102580573905
3.36932345545108
0.0132417845685495
-0.000897748106353902
-0.000897748106353902
-3.98446845366755
-0.000897748106353902
-0.000897748106353902
-0.000897748106353902
-0.000897748106353902
0.429796905912212
0.00650867377100894
0.0482539607160106
0.243065299792647
-0.0220598439316291
-0.000897748106353902
-0.000897748106353902
-0.00852860701024838
-0.000897748106353902
-0.000897748106353902
0.000897748106353902
0
0
0
0
0
0
0
0
0
0
0
0
0
0
0
0
0
0
0
0
0
0
0
0
0
0
0
0
0
0
0
0
0
0
0
0
0.00823877822631403
0
0
0
0
0
0
0
0
0
0
0
0
0
0
0
0
0
0
0
0
0
0
0
0
0
0
0
0
0
0
0
0
0
0
0
0
0
0
0
0
0
0
0
0
0
0
0.000897748106343975
0
0
0
0
0
0
0
0
0
0
0
0
0
0
0
0
0
0
0
0
0
0
0
0
0
0
0
0
0
0
0
0
0
0
0
0
0
0
0
0
0
0
0
0
0
0
0
0
0
0
0.000897748106343975
0.000897748106343975
0.000897748106343975
0.000897748106343975
0
0
0
0
0
0
0
0
0
0
0
0
0
0
0
0
0
0
0
0
0
0
0
0
0
0
0
0
0
0
0
0
0
0
0
0
0
0
0
0
0.115285819323005
0.115285819323005
120.292203215777
0
0.115285819323005
0
0
0
0
0
0.115285819323006
0
0.115285819323005
0
0
0
0
0
0
0
0
0
0
0
0
0
0
0
0
0
0
0
0
0
0
0
0
0
0
0
0
0
0
0
0
0
0
0
0
0
0
0
0
0
0
0
0
0
0
0
0
0
0
0
0
0
0
0
0
0
0
0
0
0
0
0
0
0
0
0
0
0
0
0
0
0
0
0
0
0
0
0
0
0
0
0
0
0
0
0
0
0
0
0
0
0
0
0
0
0
0
0
0
0
0
0
0
0
0
0
0
0
0
0
0
0
0
0
0
0
0
0
0
0
0
0
0
0
0
0
0
0
0
0
0
0
0
0
0
0
0
0
0
0
0
0
0
0
0
0
0
0
0
0
0
0
0
0
0
0
0
0
0
0
0
0
0
0
0
0
0
0
0
0
0
0
0
0
0
0
0
0
0
0
0
0
0
0
0
0
0
0
0
0
0
-1000
0
0
0
0
0
0
0
0
0
0
0
0
0
0
0
0
0
0
0
0
0
0
0
0
0
0
0
0
0
0
0
0
0
0
0
0
0
0
0
0
0
0
0
0
0
0
0
0
0
0
0
0
0
0
0
0
0
0
0
0
0
0
0
0
0
0
0
0
0
0
0
0
0
0
0
0
0
0
0
0
0
0
0
0
0
0
0
0
0
0
0
0
0
0
0
0
0
0
0
1000
1000
0
0
0
0
0
0
0
0
0
0
0
0
0
0
0
0
0
0
0
0
0
0
-1000
0
-1000
0
0
0
0
0
0
0
0
0
0
0
1000
1000
0
0
0
0
0
0
0
0
0
0
0
0
0
0
0
0
0
0
0
0
0
0
0
0
0
0
0
0
0
0
0
0
0
0
0
0
0
0
0
0
0
0
0
0
0
0
0
0
0
0
0
0
0
0
0
0
0
0
0
0
0
0
0
0
0
0
0
0
0
0
0
0
0
0
0
0
0
0
0
0
0
0
0
1000
50.077315085495
0
0
0.115285819323049
0
1000
0
0
120.176917396454
0
625.643971653087
0
379.305051735018
0
0
0
0.00823877822631403
-0.231469386752337
0
-1000
1000
0
0
0
0
0
0
0
0
0
0
0
0
0
-1000
-0.720536370768741
0
-3.34328876036716
0
4.04686194705846
0
0
0
0
0
0
0
0.025201962303754
0
0
0
0
0
370.061631577131
-1000
1000
-120.061631577131
-120.061631577131
0
-50.077315085495
1000
-0.0233101259914292
0
0
0.115285819323049
-0.115285819323049
0
0
124.356028346913
-124.356028346913
1000
0
0
0
-120.176917396454
-120.176917396454
1000
0
-124.356028346913
-875.643971653087
-1000
0
-620.694948264981
-379.305051735019
-1000
0
0
0
0
0
-1000
0
0
0
0
0
-1000
1000
-1000
0
0
0
-1000
0
0
0
-1000
0
0
0
0
0
0
0
0
0
0
0
0
0
0
0
0
0
0
0
-1000
1000
-433.477740855867
0.728775148995055
-1000
0
-1000
3.34328876036716
-1000
0
-4.07206390936221
-4.07206390936221
0
0
0
0
0
0
-1000
0
-1000
0
1000
0
-1000
0
-1000
0
-1000
0
0
0
0
0
0
0
0
0
0
0
-1000
250
-250
0
0
0
0
0
0
0
0
0
0
0
0
0
0
0
0
0
0
0
0
0
0
0
0
0
0
0
0
0
0
0
0
0.00823877822631403
-0.00823877822631403
0
0
0
0
0
0
0
0
0
0
0
0
0
0
0
0
0
0
0
0
0
0
0
0
0
0
0
0
0
0
0
0
0
0
0
0
0.00823877822631403
-0.00823877822631403
0
0
0
0
0
0
0.025201962303754
0.025201962303754
0
0
0
0
0
0
0
0
0
0
0
0
0
0
0
0
-0.025201962303754
-0.025201962303754
0
0
0
0
0
0
0
0
0
0
0
0
0
0
0
0
0
0
0
0
0
0
0
0
0
0
0
0
0
0
0
0
0
0
0
0
0
0
0
0
0
0
0
0
1.27244384858467
0.00388502099857263
0
0
0
0
0
0
0
0
0.160100401575961
0
0
0
0
0
0
0
0
0
0
0
0
0
0
0
0
0
0
0
0
0
0
0
0
0
0
0
0
0
0
0
0
0
0
0
0
0
0
0
0
0
0
0
0
0
0
0
0
0
0
0
0
0
0
0
0
0
0
0
0
0
0
0
0
0
124.356028346913
124.356028346913
124.356028346913
0
0
0
0
0
0
0
0
0
0
0
0
0
0
0
0
0
0
0
0
0
0
0
0
0
0
0
0
0
0
0
0
0
0
0
0
0
0
0
0
0
0
0
0
0
0
0
0
0
0
0
0
0
0
0
0
0
0
0
0
0
0
0
0
0
0
0
0
0
0
0
0
0
0
0
0
0
0
0
0
0
0
0
0
0
0
0
0
0
0
0
0
0
0
0
0
0
0
0
0
0
0
0
0
0
0
0
0
0
0
0
0
0
0
0
0
120.176917396454
120.176917396454
120.176917396454
120.176917396454
-120.176917396454
0
0
0
0
0
0
0
0
0
0
0
0
0
0
0
0
0
0
0
0
0
0
0
0
0
0
0
0
0
0
0
0
0
0
0
0
0
0
0
0
0
0
0
0
0
0
0
0
0
0
0
0
0
0
0.00388502099857263
0.00388502099857263
0.00388502099857263
0.00388502099857263
0.00388502099857263
0
0
0
0
0
0
0
0
0
0
0
0
0
0
0
0
0
0
0
0
0
0
0
0
0.0096956611007856
0.0096956611007856
0
0
0
0
0
0
0
0
0
0
0
0
0
0
0
0
0
0.0096956611007856
0
0
15.9026634322964
15.9026634322964
-15.9026634322964
5.29182276176881
-2.64396887038515
2.64396887038512
2.64396887038512
2.64396887038512
2.64396887038512
2.64396887038512
2.64396887038512
2.64396887038512
2.64396887038512
2.64396887038512
2.64396887038512
0
2.64396887038512
2.64396887038515
2.64396887038512
2.64396887038512
2.64396887038512
2.64396887038512
2.64396887038512
2.64396887038512
0
0
0
2.64396887038512
0
2.64396887038512
2.63622135024883
0
0
0
0
0
0
0
0
0
0
0
0
0
0
0
0
15.9026634322964
15.9026634322964
5.29182276176881
5.29182276176881
0
0
0
0
0
0
0
0
0
0
0
0
0
0
0
0
0
0
0
0
0
0
0
0
0
0
0
0
0
0
0
0
0
0
0
0
0
0
0
0
0
0
0
0
0
0
0
0
0
0
0
0
0
0
0
0
0
0
0
0
0
0
0
0
0
0
0
0
0
0
0
0
0
0
0
0
0
0
0
0
0
0
0
0
0
0
0
0
0
0
0
0
0
0
0
0
0
0
0
0
0
0
0
0
0
0
0
0
0
0
0
0
0
0
0
0
0
0
0
0
0
0
0
0
0
0
0
0
0
0
0
0
0
0
0
0
0
0
0
0
0
0
0
0
0
0
0
0
0
0
0
0
0
0
0
0
0
0
0
0
0
0
0
0
0
0
0
0
0
0
0
0
0
0
0
0
0
0
0
0
0
0
0
0
0
0
0
0
0
0
0
0
1.27244384858467
286.078916604985
286.078916604985
0
5.94157395942331
5.94157395942331
0
-292.020490564409
0
5.94157395942331
0
284.806472756401
0
0
284.806472756401
0
5.94157395942331
0
5.94157395942331
5.94157395942331
0
0
0
0
0
0
0
0
0
0
0
0
0
0
0
0
0
0
0
0
0
0
0
0
0
0
0
0
0
0
0
0
0
0
0
0
292.020490564409
0
0
0
0
0
0
0
0
0
0
0
0
0
0
0
0
0
0
0
0
0
0
0
0
0
0
0
0
0
0
0
0
0
0
0
0
0
0
0
0
0
0
0
0
0
0
0
0
0
0
0
0
0
0
0
0
0
0
0
0
0
0
0
0
0
0
0
0
0
0
0
0
0
0
0
0
0
0
1.27244384858467
0.00388502099857263
0
0
0
0
0
0
0
1.41316418888949
0
0
0
1.0503370104141
1.0503370104141
1.0503370104141
0
0
0
0
0
0
1.43642927115921
0
0
0
0.00388502099857263
0
0
0
0
-1.43642927115923
1.43642927115921
0
0
0
0
0.394395320115967
0
0
0
0
0
0
0.261978039182009
0.238712956912296
0.261978039182009
0
0
0
0
0
0
0
0
0
11.9734432817835
11.9734432817835
11.9734432817835
0
0
0
0
-0.16010040157596
0
0
0
0
0
0
0
0
0
0
0
0
0
0
0
0
0
0
0
0
0
0
0
0
0
0
0
0
0
0
0
0
0
0
0
0
0
0
0
0
0
0
0
0
0
0
0
0
0
0
0
0
0
0
0
0
0
0
0
0
0
0
0
0
0
0
0
0
0
0
0
0
0
0
0
0
0
0
0
0
0
0
0
0
0
0
0
0
0
0
0
0
0
0
0
0
0
0
0
0
0
0
0
0
0
0
0
0
0
0
0
0
0
0
0
0
0
0
0
0
0
0
1000
0
0
1000
1000
0
0
0
0
0
0
0
0
0
0
0
0
0
0
0
0
0
0
0
0
0
0
0
0
0
0
0
0
0
0
0
0
0
0
0
0
0
0
0
0
0
0
0
0
0
0
0
0
0
0
0
0
0
0
0
0
0
0
0
0
0
0
0
0
0
0
0
0
0
0
0
0
0
0
0
0
0
0
0
0
0
0
0
0
0
0
0
0
0
0
0
0
0
0
0
0
0
0
0
0
0
0
0
0
0
0
0
0
0
0
0
0
0
0
0
0
0
0
0
0
0
0
0
0
0
0
0
0
0
0
0
0
0
0
0
0
0
0
0
0
0
0
0
0
0
0
0
0
0
0
0
0
0
0
0
0
0
0
0
0
0
0
0
0
0
0
0
0
0
0
0
0
0
0
0
0
0
0
0
0
0
0
0
0
0
0
0
0
0
0
0
0
0
0
0
0
0
0
0
0
0
0
0
0
0
0
0
0
0
0
0
0
0
0
0
0
0
0
0
0
0
0
0
0
0
0
0
0
0
0
0
0
0
0
0
0
0
0
0
0
0
0
0
0
0
0
0
0
0
0
0
0
0
0
0
0
0
0
0
0
0
0
0
0
0
0
0
0
0
0
0
0
0
0
0
0
0
0
0
0
0
0
0
0
0
0
0
0
0
0
0
0
0
0
0
0
0
0
0
0
0
0
0
0
0
0
0
0
0
0
0
0
1000
0
0
0
0
0
0
0
0
0
0
0
0
0
0
0
0
0
0
0
0
0
0
0
0
0
0
0
0
0
0
0
0
0
0
0
0
0
0
0
0
0
0
0
0
0
0
0
0
0
0
0
0
0
0
0
0
0
0
0
0
0
0
0
0
0
0
0
0
0
0
0
0
0
0
0
0
0
0
0
0
0
0
0
0
0
0
0
0
0.17695144555457
0.17695144555457
0
0
0
0
0.17695144555455
0
0.17695144555457
-246.489050453541
0
0
0
0
0.0272232993160834
0
0
0
0
0
753.510949546459
246.489050453541
0
0
0
0
0
0
1.07078310643243
0
0
0
0
0
0
1.07078310643243
0
1.07078310643243
1.07078310643237
0
0
0
0
0
0
0
0
0
0
0
0
0
0
0
0
0
0
0
0
0
0
0
0
0
0
0
0
0
0
0
0
0
0
0
0
0
471.847692013327
471.847692013327
0
0
0
0
0
0
0
0
0
0
0
0
0
0
0
0
0
0
0
0
0
0
0
0
0
0
0
0
0
0
0
0
0
0
0
0
0
0
0
0
0
0
0
0
0
0
0
0
1000
-1000
549.097258975913
0
0
0
-1000
-1000
1000
0
1.22630312455597
0
0
-974.179424822935
522.525016692602
0
0
0
0
0
0
0
0
0
0
0
0
0
0
0
0
0
0
0
0
0
0
0
0
0
0
0
0
0
0
0
0
0
0
0
0
0
0
0
0
1000
0
0
0
0
0
0
0
0
0
0
0
0
0
0
-999.996114979001
999.996114979002
1000
999.996114979002
1000
-1000
-1000
0
0
0
0
0
0
0.00388502099860943
0
0
0
0
0
0
0
0
0
0
0
0
0
0
0
0
238.923759479765
0
0
0
0.0155063012029986
0
0.00388502099857263
0.0232650822697132
1000
0.00193688003407099
0.00193688003407099
0.00388502099860943
0
0.0135694211689276
0.00193688003407099
0.0290869833023118
-0.00193688003412262
0.00193688003407099
0.00193688003407099
0.00193688003407099
0.00193688003407099
0.00193688003407099
-0.00193688003412262
-0.00387376006813156
0.00193688003407099
0.00193688003407099
0.00193688003412262
0.00193688003407099
-0.00582190103261837
-0.00582190103261837
0.00388502099860943
0.00388502099860943
0.00193688003407099
0.00193688003407099
0.00388502099857263
0.00388502099857263
-0.00388502099860943
-0.00388502099860943
0.00388502099860943
0.00388502099860943
0.00193688003407099
0.00193688003407099
0.00193688003407099
0.00193688003407099
-0.00582190103261837
-999.972849896732
0
0
0
0
0
0
0
0
0
0
0.00388502099857263
0
0
0
0
0.00194251049928631
0.00388502099860943
0.00388502099860943
0
0.00388502099857263
0
0
0
0
0
-0.00388502099860943
0
0
0.00774752013628396
0.00193688003407099
0.00581064010221297
0.00193688003407099
-0.00193688003412262
0.00193688003407099
0.00193688003407099
0.00193688003407099
0.00193688003407099
0.00193688003407099
0.00193688003407099
0.00387376006814198
0.00193688003407099
0.00193688003407099
0.00193688003407099
0.00193688003407099
0.00193688003407099
0
0.00193688003407099
0.00388502099857263
0.00388502099857263
0.00388502099857263
0.00388502099857263
0.00388502099857263
0.00388502099857263
0.00388502099857263
0.00388502099857263
0.00388502099857263
0.00388502099857263
0.00388502099857263
0.00388502099857263
0.00388502099857263
0.00388502099857263
0
0
0
0
0
0
0
0
0
0
0
0
-0.00388502099860943
0.00388502099857263
0.00388502099857263
0
0
0
0
0
0
0
0
0
0
0
0
0
0
0
0
0
0
0
0
0
0
0
0
0
0
0
0
0
0
0
0
0
0
0
0
0
0
0
0
0
0
0
0
0
0
0
0
0
0
0
0
0
0
0
0
0
0
0
0
0
0
0
1000
500
0
0
0
0
0
0.00388502099857263
0
0
0
0
0
0
0
0
0
1000
0
0
0
0
0
0
0
0
0
0
0
-1000
0
0
0
-370.061631577131
0
0
0
0
0
0.115285819323005
0
0
0
0
0
0
0
0
0
0.115285819323005
0
0
269.154240896577
0
0
0
0
0.230571638646011
0
0
0
0.115285819323005
0
43.1663005582392
0
0
0
7.20536370768784
0
44.8759029195862
0
0.115285819323049
0
0
0
0
0
0.115285819323005
0
0.115285819323005
0
0.115285819323005
0
0.115285819323005
0
0.114388071216662
0
0.115285819323005
0
0.115285819323005
0
0.115285819323005
0
0.115285819323005
0
0.115285819323005
0
0.115285819323005
0
0.115285819323005
0
0.115285819323005
0
0.115285819323005
0
0.115285819323005
0
0.115285819323005
0
2.42100220578311
0
0
0
3.31446730553641
0
0
0
1.70046583501433
0
0.115285819323005
0
0.115285819323005
0
12.0592263900074
0
0.115285819323005
0
0.115285819323005
0
0.115285819323005
0
0.115285819323005
0
55.1930860008889
0
0.83582219009179
0
6.19661278861154
0
31.2136355817037
0
0.428702329934303
0
0.115285819323005
0
0.115285819323005
0
1.09521528356855
0
0.115285819323005
0
0.115285819323005
0
0.115285819323005
0
0
-1000
0
0
284.806472756401
0
0
0
0
0
-1000
-1000
-506.508366590723
0
1.07078310643243
246.666001899095
1000
0
470.411262742168
1000
1000
-1000
0
0
1000
0
0
0
0
430.271319221011
1000
0.261978039182054
0
0
0
-1000
1000
-35.9319849083463
-0.00388502099860943
0
0
0
-3.91044254901976
0
-436.206523982004
0
0
0
61.6864541761595
999.996114979002
1000
-1000
-440.484429459194
-559.515570540806
0
1000
36.1446213040247
0
-1000
0
0
1000
1000
-1000
1000
0
1000
0
0
-1000
1000
1000
1000
0
0
0
0
0
-938.930401822341
0
0
0
0
0
0
0
0
0
1000
0
1000
0
0
0
0
0
0
0
0
0
0
1000
0
0
0
0
0
0
0
0
-41.776315837586
-1000
1000
-1000
1000
-41.776315837586
-1000
-1000
-1000
-1000
-1000
-1000
1000
-1000
-1000
-1000
1000
-1000
1000
-1000
-1000
-1000
1000
-1000
-1000
1000
1000
1000
1000
1000
1000
1000
211.628866089617
-1000
-1000
-1000
612.791223265224
-18.8373266528725
-1000
-1000
-1000
-1000
-1000
433.204089328191
-1000
-1000
-1000
-1000
-1000
-1000
-1000
-1000
-1000
-1000
1000
-1000
-1000
255.244518877002
-1000
-1000
-1000
-1000
-1000
-1000
-1000
-1000
-1000
966.060759664113
-1000
-1000
-1000
-1000
-1000
-1000
-1000
-1000
-1000
-1000
-1000
-1000
-1000
-1000
1000
-1000
-1000
985.469739942078
1000
1000
-1000
1000
1000
1000
-1000
-1000
1000
1000
1000
-977.398449287695
-1000
-1000
202.843335312812
1000
1000
-1000
1000
1000
-174.285986412988
1000
1000
1000
1000
1000
1000
797.156664687188
1000
1000
-1000
-1000
-1000
-1000
-1000
-1000
1000
-960.92717268059
1000
1000
988.471115729757
0
0
0
0
0
0
0
0
0
0
0
0
0
0
0
0
0
0
0
0
0
0
0
0
0
0
0
0
0
0
0
0
0
0
0
0
0
0
0
0
0
0
0
0
0
0
0
0
0
0
0
0
0
0
0
0
0
0
0
0
0
0
0
0
0
0
0
0
0
0
0
0
0
0
0
0
0
0
0
0
0
0
0
0
0
0
0
0
0
0
0
0
0
0
0
0
0
0
0
0
0
0
0
0
0
0
0
0
0
0
0
0
0
0
0
0
0
0
0
0
0
0
0
0
0
0
0
0
0
0
0
0
0
0
0
0
0
0
0
0
0
0
0
0
0
0
0
0
0
0
0
0
0
0
0
0
0
0
0
0
0
0
0
0
0
0
0
0
0
0
0
0
0
0
0
0
0
0
0
0
0
0
0
0
0
0
0
0
0
0
0
0
0
0
0
0
0
0
0
0
0
0
0
0
0
0
0
0
0
0
0
0
0
0
0
0
0
0
0
0
0
0
0
0
0
0
0
0
0
0
0
0
0
0
0
0
0
0
0
0
0
0
0
0
0
0
0
0
0
0
0
0
0
0
0
0
0
0
0
0
0
0
0
0
0
0
0
0
0
0
0
0
0
0
0
0
0
0
0
0
0
0
0
0
0
0
0
0
0
0
0
0
0
0
0
0
0
0
0
0
0
0
0
0
0
0
0
0
0
0
0
0
0
0
0
0
0
0
0
0
0
0
0
0
0
0
1000
1000
557.277960879514
1000
1000
1000
1000
442.722039120486
-1000
-1000
1000
-1000
557.277960879514
1000
1000
-1000
-1000
-1000
1000
-1000
1000
1000
-1000
-1000
0
-1000
-1000
-1000
1000
-1000
-1000
-1000
-1000
-1000
-1000
1000
0
-1000
-271.194306039709
-1000
-711.27237628981
1000
-1000
-1000
-1000
0
-557.277960879514
1000
-1000
-1000
-1000
-1000
1000
-1000
-1000
0
0
0
0
0
0
0
0
0
0
0
0
0
0
0
0
0
0
-563.793476017996
-1000
0
0
0
0
0
212.922790321787
0
1000
0
0
0
0
0
0
0
0
0
-0.00388502099860943
0.00388502099857263
0
0
-0.00388502099860943
-0.00388502099860943
0
0
0
0
0
0
0
0
0
0
0
0
0
0
0
0
0
0
0
0
0
0
0
0
0
0.00388502099857263
0
0
1000
1.22630312455601
-548.341706848669
-452.884596275887
1000
0
0
0
0
-0.00388502099860943
0
0.394395320116018
0
0
0
0
246.489050453541
0
0
0
0
0
0
0
0
0
0
0
0
0
0
0
-61.6864541761596
61.6864541761595
0.00388502099857263
0
0
0
0
-0.0271951469896976
0
0
0
0
0
-1000
0
999.804001940128
0
0
0
0
0
0
0
0
0
0
0
0
0
0
0
0
0
0
0
0
0
0
0
0
0
0
0
0
0
0
0
0
0
0
0.00388502099857263
0
0
0
0
0
1000
0
1000
0
0
2.1006740208282
0
0
0
0
0
0
-744.850275387486
0
0
0
0
0
0
0
0
0
0
0
0.00388502099860943
-703.430473782792
240.234663952587
997.899325979171
705.009042105572
0
0
0
-222.810765535825
1000
0
0
0
0
0
0.00388502099860943
0
0
1000
0
0
0
0
1000
0
0
0
0
-1000
0
-1000
1000
0
0
0
0
0
0
0
0
0
0
0
222.810765535825
0
0
0
0
8.38804185917911
0
0
0
0
0
951.592610015885
0
0
1000
0
997.480831329523
0
0
0
0
0
0
0
0
0
0
1.0503370104141
0
0.00388502099857263
-0.00388502099860943
0.00388502099857263
0.00388502099857263
0
0
0.00388502099860943
0
0
0
1.05033701041407
0
0
-0.0116550629957146
0.426264691645656
-1000
-1000
2.51916867047657
997.907096021169
-1000
0
0
1000
-1000
-1000
-1000
0
0
0
0
0
0
0
0
0
0
0
0
0
0
0
0
0
999.573735308354
0
0
0
0
0
0
0
0
0
0
0
0
0
0.00193688003407099
0
0
0
0
0
0
0
0
0.00388502099857263
0
0
0
0
0
0
0
0
0
0
-1000
0
0
0
0
0
0
0
0
0
0
0
0
0
1000
0
0
0
1000
0
0
0
0
0
0
0
0
0
0
0
0
0
0
0
0
0
0
0
0
0
0
0
0
0
0
2.50555702081863
0
0
0
0
0
0
0
0
0
0
0
0
0
0
0
0
0
0
0
0
0
0
0
0
0
0
0
0
0
0
0
0
0
0
0
0
0
0
0
0
0
0
0
0
0
0
0
0
0
0
0
0
0
0
0
0
0
0
0
0
0
0
0
0
0
0
0
0
0
0
0
0
0
0
0
0
0
0
0
0
0
0
0
0
0
0
0
0
0
0
0
0
0
0
0
0
0
0
0
0
0
0
0
0
0
0
0
0
0
0
-999.957354856459
0
0.00193688003412262
0
0.0358604329563832
0
0
-0.0426451435408808
0
1000
0.0174431812370131
0
0
0
0
0
0
0
0
0
0
0
0
0
0
0
0
0
0
0
0.00388502099857263
0.00388502099857263
0.00388502099857263
1000
-1000
0
-50.077315085495
-1000
0
0
0
0
0
0
-1000
-959.980651875064
0
0
0
0
0
0
0
0
0
0
-1000
0
1000
0
-1000
-1000
-999.768530613248
-1000
-1000
-1000
0
0
0
0
0
0
0
0
0
0
-1000
0
1000
0.425531792756701
0.00388502099857263
0.00388502099857263
0.00388502099857263
0.00388502099857263
0.00388502099857263
0
0
0
1000
6.31189860793343
0
0
0
0
0
0
0
0
0
0
0
0
0
0
1000
0
0
0
0
0
0
1000
-1000
0
1000
1000
1000
-1000
0
0
0
0
0
0
0
0
0
250
0
0
0
0
0
0
0
0
0
0
0
0
0
0
0
0
0
0
0
0.728775148995105
0
0
0
0
0
4.07206390936226
0
0
0
0
0
0
0
0
0
0
-999.996114979002
0
0
0
0
0
0
0
0
-1000
0
0
0
0
0
0
271.194306039709
1000
-1000
-1000
-1000
-1000
-1000
0
0.0232650822697132
0
0
0
0
-999.804001940128
-1000
0
0
246.489050453541
0
0
0
999.976689874009
0
0
0
0
16.3260556482713
0
0
0.624805217657401
0.624805217657401
-806.907465780438
-999.955417976425
0
0
0
0
0
0
0
0
1000
0
0
0
0
0
0
0
432.748965706872
0.00388502099857263
0
0
0
0
0
0
0
0
-1000
-1000
0
0
996.656711239633
0
0
30.8219045163094
1000
0
0.00581064010221297
0
0
-875.643971653087
0
-1000
-250
0
0
-1000
-1000
0
0
0
0
-120.176917396454
0
120.061631577131
-661.86950102832
661.86950102832
-1000
1000
0
0
-750
0
0
0
0
-1000
-1000
0
0
-1000
0
0
0
0
0.00823877822632086
0
0
0
0
0
997.480831329523
0
997.480831329523
0
0
0
0
0
0
0
0
0
0
1000
0
0
-1000
1000
-1000
-1000
1000
0
0
0
0
0
0
0
0
-1000
0
0
-1000
0.00193688003407099
0.00193688003407099
0
46.0926727001415
-1000
0
0
379.305051735019
0
0
0
0
0
0
0
0
0
0
0
0
0
0
0
0
0
0
0
0
0
0
0
0
0
-0.025201962303754
0
0
0
0
0
0
0
0
0
0
0
0
0
0
0
0
0
0
0
0
0
0
0
0
0
0
0
0
0
0
0
0
0
0
0
0
0
0
0
0
0
0
0
0
0
-1000
0
-1000
0
0
0
0
0
-1000
0
0
0
0
0
0
0
0
0
0
0
875.643971653087
0
0
0
0
0
0
0
0
0
0
0
0
0
1000
0
0
0
0
0
0
0
0
0
0
0
0
0
0
0
0
0
0
0
120.061631577131
0
0
0
0
0
0
0
0
0
0
0
0
0
0
0
0
0
0
0
0
0
0
0
120.061631577131
0
0
0
0
0
0
0
0
0
0
0
0
0
0
0
0
0
0
0
0
0
0
0
0
0
0
0
0
0
0
0
0
0
0
0
0
0
0
0
0
0
0
0
0
0
0
0
0
0
0
0
0
0
0
0
0
0
0
0
0
0
0
0
0
0
0
0
0
0
0
0
0
0
0
0
0
0
0
0
0
0
0
0
0
0
0
0
0
0
0
0
0
0
0
0
0
0
0
0
0
0
0
0
0
0
0
0
0
0
0
0
0
0
0
0
0
0
0
0
0
0
0
0
0
0
0
0
0
0
0
0
0
0
0
0
0
0
0
0
0
0
0
0
0
0
-501.055243022438
0
0
0
0
0
0
0
0
0
0
0
0
0
0
0
0
0
0
0
0
0
0
0
0
0
68.191243998808
0
0
-98.4784474788937
0
0
-164.682149591718
-234.405747955031
399.264848992303
0
-999.804001940128
0
0
-1000
0
0
0
0
1000
0.0233101259914358
0
0
0
0
0
0
0
0
0
0
0
0
0
0
0
0
0
0
0
0
0
0
0
0
0
0
0
0
0
0
0
0
0
0
0
30.8219045163094
288.673312242723
0
0
0
0
0
0
0
0
0
0
0
0
0
0
0
0
0
0
0
0
0
0
0
0
28.8537928934097
0
0
0
0
0
0
0
0
0
0
0
0
0
0
0
0
0
0
0
0
0
0
0
0
0
0
0
0
0
-243.957176872443
0
0
0
0
0
0
0
0
0
0
0
0
0
0
0
0
0
0
0
0
0
0
0
0
0
0
0
0
0
0
0
0
0
0
0
0
0
0
0
0
0
0
0
0
0
0
0
0
0
0
0
0
0
0
0
0
0
0
0
0
0
0
0
0
0
0
0
0
0
0
0
0
0
0
0
0
0
0
0
0
0
0
0
0
0
0
0
0
0
0
0
0
0
0
0
0
0
0
0
0
0
0
0
0
0
0
0
0
0
0
0
425.354206347273
0
0
0
0
0
0
0
0
0
0
0
0
0
0
0
0
0
0
0
0
0
0
0
0
0
0
0
0
0
0
0
0
0
0
0
0
0
0
0
0
0
0
4.95396481970181
0
0
0
0
0
0
0
0
0
0
0
0
0
0
0
0
0
0
0
0
0
0
0
0
0
0
-1000
0
0
0
0
0
28.8537928934097
-243.957176872443
425.354206347273
4.95396481970181
-1000
0
0
0
0
0
0
0
0
0
0
0
0
0
0
379.305051735018
0
0
0
0
0
0
0
0
0
0
0
-1000
0
0
1.07078310643243
0
0.00388502099860943
-150.735164259348
-806.907465780438
0
0
0
0
0
0
0
0
0
0
0
0
0
0
0
0
0
0
0
0
0
0
0
0
0
0
0
0
0
0
0
0
0
0
0
0
0
0
0
0
0
0
0
0
0
0
0
0
0
0
0
0
0
0
0
0
0
0
0
0
0
0
0
0
0
0
0
0
0
0
0
0
0
0
0
0
0
0
0
0
0
0
0
0
0
0
0
0
0
0
0
0
0
0
0
0
0
0
0
0
0
0
0
0
0
0
0
0
0
0
0
0
0
0
0
0
0
0
0
0
0
0
0
0
0
0
0
0
0
0
0
0
0
0
0
0
0
0
0
0
0
0
0
0
0
0
0
0
0
0
0
0
0
0
1000
0
0
1000
1000
0
0
0
0
0
0
0
1000
0.00388502099860943
0
0
-1000
0
1000
0
0
0
0
0
0
0
0
0
0
0
0
0
0
1000
0
-1000
0
0
1000
0
0
0
0
0
0
0
0
0
0
0
0
0
0
0
0
0
0
0
0
0
0
0
0
0
0
0
0
0
0
0
0
0
0
0
0
0
0
0
0
0
0
0
0
0
0
0
0
0
0
0
0
0
0
0
0
0
0
0
0
0
0
0
0
0
0
0
0
0
0
0
0
0
0
0
0
0
0
0
0
0
0
0
0
0
0
0
0
0
0
0
0
0
0
0
0
0
0
0
0
0
0
0
0
0
0
0
0
0
0
0
0
0
0
0
0
0
0
0
0
0
0
0
0
0
0
0
0
0
0
0
0
0
0
0
0
0
0
0
0
0
0
0
0
0
0
0
0
0
0
0
0
0
0
0
0
0
0
0
0
0
0
0
0
0
0
0
0
0
0
0
0
0
0
0
233.107997323499
500
93.8410869220442
-290.458918573374
2.24437026585997
0
0
-1.05033701041407
0
0
0
500.876801446411
20.7576484271562
45.3721655268083
0.112609304306453
93.8410869220442
0
0
0
0
0
0
0
0
0
0
0
0
0
0
0
0
0
0
0
0
0
0
0
0
0
492.544615806366
-1000
0
0
-1000
568.529939865284
-1000
0
806.907465780438
0
222.965030898616
0
500
0
-250
0
0
0
0
288.721813070088
0
0.00388502099857263
0
0
0
0
0
0
0
0
0
0
0
0
0
0
0
0
0
370.061631577131
0
0
0
0
1000
-55.1930860008889
-2.42100220578311
0
-11.5288842702425
-22.6015507123049
-1000
-36.1446213040247
-255.244518877002
-169.852550252031
-28.5573488998232
-1000
-1000
-1000
-1000
0
0
0
0
-1000
-41.776315837586
-18.8373266528725
-156.742583992286
14.5302600579222
-255.037927724142
39.0728273194097
-1000
1000
433.204089328191
0
1000
546.893189706958
-1000
0
1000
477.847518959531
0
999.804001940128
-1000
0
0
0
0.261978039182054
0.394395320116018
0
1000
-27.5439430491672
0
0
0
-477.847518959531
0
0
0
0
0
0
0
-0.00388502099860943
-0.00388502099860943
0
0
0
0
0
0
0
0
0
0
0
0
0
0
0
0
557.277960879514
0
728.805693960291
0
0
-506.508366590723
715.193527243599
1000
-0.00388502099860943
-0.00388502099860943
-1.07078310643237
451.654408130333
0
0
-0.00388502099860943
0
-0.00388502099860943
-546.893189706958
0
-238.923759479765
-0.00388502099860943
0
0
0
-0.00388502099860943
0
0
0
0
0
0
0
0
0
0
0
1000
0
0
0
0
0
1.22630312455601
0
0
0
0
0
0
-753.333998100905
999.996114979002
0
0
0
-1000
0
1000
0
0
-0.00388502099860943
0
0
0
0
0
0
0
0
0
0
0
0
0
-35.9319849083463
0
-0.0271951469896976
-3.91044254901976
0
-1000
-563.793476017996
238.923759479765
0
0
0
-436.206523982004
0
0
0
2.64396887038527
0
0
0
0
0
0
-440.484429459194
0
0
0
1000
1000
1000
546.893189706958
0
470.411262742168
-559.515570540806
0
0
0
61.6864541761595
0
0
-753.510949546459
0
753.510949546459
-1000
0
0
0
0
0
0
0
-288.72762371019
0
0
0
547.115403724113
-1000
1000
0
-30.8219045163094
0
0
-1000
1000
1000
-1000
-1000
430.271319221011
0
0
-1000
0
0
0
0
0
0
0
1000
0
-0.428702329934254
-0.115285819323049
-31.2136355817038
-938.930401822341
-1.70046583501437
-12.0592263900073
-1.09521528356856
-6.19661278861156
-3.31446730553637
-0.115285819323049
0
0
269.154240896577
0
-0.115285819323049
-1000
-0.230571638645984
-0.115285819323049
0
-0.83582219009179
0
-0.115285819323049
-43.1663005582392
-44.8759029195862
0
-16.3260556482713
0
0
-0.115285819323049
0
0
-0.115285819323049
-0.115285819323049
-0.115285819323049
-0.115285819323049
0
0
-7.20536370768787
0
0
0
-1000
1000
0
0
-1000
1000
-0.00388502099860943
-1000
750
-750
0
0
0
-1000
0
0
0
1000
0
0
0
0
0
0
0
0
0
0
0
0
0
0
0
938.31354582384
1000
-1000
-46.0926727001415
46.0926727001415
1000
-1000
0
-1000
-1000
0
-0.115285819323049
-0.115285819323049
0
0
0
0
1000
0
399.087897546749
-399.264848992303
1000
0.0233101259914292
0
0
0
0
0
1000
-1000
0
0
0
0
0
0
0
0
0
0
0
0
0
0
0
0
0
0
0
0
0
0
0
0
0
0
0
0
0
0
0
0
0
0
0
0
0
0
0
0
0
0
0
0
0
0
0
0
0
0
0
0
0
0
0
0
0
0
0
0
0
0
0
0
0
0
0
0
0
0
-0.115285819323049
0
0
0
0
288.673312242723
0
0
0
0
0
0
0
0
0
0
0
0
0
0
0
0
0
0
0
0
0
0
0
0
0
-28.8537928934097
0
0
0
0
0
0
0
0
0
0
0
0
0
0
0
0
0
0
0
0
0
0
0
0
0
0
0
0
0
243.957176872443
0
0
0
0
0
0
0
0
0
0
0
0
0
0
0
0
0
0
0
0
0
0
0
0
0
0
0
0
0
0
0
0
0
0
0
0
0
0
0
0
0
0
0
0
0
0
0
0
0
0
0
0
0
0
0
0
0
0
0
0
0
0
0
0
0
0
0
0
0
0
0
0
0
0
0
0
0
0
0
0
0
0
0
0
0
0
0
0
0
0
0
0
0
0
0
0
0
0
0
0
0
0
0
0
0
0
0
0
0
0
0
-425.354206347273
0
0
0
0
0
0
0
0
0
0
0
0
0
0
0
0
0
0
0
0
0
0
0
0
0
0
0
0
0
0
0
0
0
0
0
0
0
0
0
0
0
0
-4.95396481970181
0
0
0
0
0
0
0
0
0
0
0
0
0
0
0
0
0
0
0
0
0
0
0
0
0
0
1000
0
0
0
0
0
0
0
0
0
0
0
0
0
0
0
-1000
0
1000
0
0
150.735164259348
0
0
0
0
0
0
0
0
0
0
0
0
0
0
0
0
0
0
0
0
0
0
0
0
0
1000
0
-1000
0
-1000
-0.00388502099860943
0
0
0
0
0
0
0
0
1000
0
0
0
0
0
-1000
0
0
0
0
0
0
0
0
0
0
0
0
0
0
0
0
0
0
0
0
0
0
0
0
0
0
0
0
0
0
0
0
0
0
0
0
0
0
0
0
0
0
0
0
0
0
0
0
0
0
0
0
0
0
0
0
0
0
0
0
0
0
0
0
0
0
0
0
0
0
0
0
-0.115285819323049
-0.115285819323049
-0.115285819323049
0
-0.115285819323049
0
0
-0.115285819323049
-0.115285819323049
-0.115285819323049
-0.115285819323049
0
-0.115285819323049
-0.114388071216695
-0.115285819323049
-0.115285819323049
-0.115285819323049
-0.115285819323049
-0.115285819323049
0
-0.115285819323049
-0.115285819323049
-0.115285819323049
0
-1000
93.8410869220443
0
284.806472756401
0
0
0
0
0
0
0
0
0
0
0
