0
0
0
0
0
0
0
0
-501.141841874353
0
1000
52.1232851183982
0
0
1000
0
999.824142819448
-999.824142819448
999.959639335611
0
0.0403606643889577
0
-1000
-51.8695895136676
0
1000
50.4325006258214
0
-423.198901133644
0.0166212716872003
0
0
0
0
0
0.022227283898531
0
0
0
24.2199761778618
0
0
0
0
0
465.456820963282
0
465.456820963282
0
465.456820963282
0
465.456820963282
0
465.456820963282
0
465.456820963282
0
0
465.456820963282
0
0
0
0
0
0
423.198901133644
0
0
0
0
0
0
0
1.74297013401053
1.74297013401053
0
0
0
0
0
-1000
0
0
0
0
0
0
0
0
0
0
0
0
0
0
0
0
0
0
0
0
0
0
0
0
0
0
0
0
0
0
0
230.129907405853
0
196.518428613173
0
0
0
0
0
0
0
0
0
0
0
0
0
0
0
0
926.634133149096
0
0
-1000
0
0
0
0
-1000
0
0
0
0
-10.1044023392685
0
0
0
0
-56.4890011277104
0
0
0
0
0
0
-204.558053805391
-306.831314898888
1000
-102.279026902695
0
0
0
-1000
-102.279026902695
-102.279026902695
1000
-1000
0
0
1000
0
0
0
0
0
-62.7667373745221
-1000
0
0
0
0
0
-2.71525788325744
0
0
0
0
0
0
1000
-749.358635563006
-1000
1000
0
0
1000
0
0
0
0
1000
0
0
0
0
0
-2.71814078785656
0
-999.997117095401
0
0
0
0
998.257029865989
259.940716876985
0
0
0
0
0
-1000
0
0
-1000
0
999.203996351614
0.318401459354504
0
0
0
0
0.477602189031691
0
-1000
0
0
0
-1000
0
0
0
0
0
0
0
0
0
0
0
0
-1000
0
-1.92518222608646
1000
1000
-1000
1000
1000
196.571751317497
-686.736348868843
-1000
-0.667374228866265
-1000
0
0
195.86496924359
1000
-1000
-1000
1000
0
0
1000
0
0.123964897766084
0
-0.123964897766086
0
0.0012306753035723
0
0
0
0
1.49311681205916
0
0
0
0
0
0
0
0
0
0
0
0
1000
0
1000
0.324167268552883
0
0
1000
0
-0.123964897766086
0
-0.4776021890317
0
0
0.4776021890317
0
0
0
0
0
0
0
0
-803.657428567378
0
0
0
-1000
0.4776021890317
0
-1000
-0.667374228866265
0
0
0.00246850569611885
1000
0
0
0
0
0
0
0
0
0
0
0
0
0
0
0
1.5920072967723
0
6.70193333922123
0
0
0
0
0
0
0
0
1000
598.597838432412
1000
-1000
-1000
1000
1000
-0.00123067530353183
-1000
-1000
1000
-1000
1000
1000
0
0
-1000
0
0
0
0
-1000
0
0
-1000
-1000
1000
1000
0
1000
1000
-1000
0
0
0
0
0
0
0.667374228866265
-738.556497400722
1000
935.128248718219
0
1000
-1000
64.5533498224265
0
-1000
-1000
1000
1000
1000
-1000
0
-1000
0
1000
-1000
734.484545805591
-1000
1000
-1000
0.318401459354504
1000
0
0
0
-1000
1000
1.27648874201702
0
0
693.168685101112
0
0
0
-18.1214165854043
1000
0
0
0
-20.31251053813
0
0
0
0
0
981.878583414596
0
0
0
0
0
0
0
0
0
0.00246850569611885
0
0
981.881051920292
18.1189480797082
-1000
0
1000
0
0
0
0
0
0
0
0
0
0
0
0
0
0
0
0
0
0
0
0
0
0
1000
0
0
0
0
0
-1000
1000
0
0
0
0
0
0
0
0
0
0
0.00246850569612889
-1000
0.0720726149802431
0.0720726149802431
0
-975.912372099152
0
0
0
0
0
0
0
0
0
0
0
0
0
0
0
0
0
0
0
0
0
0
0
0
0
0
0
0
0
0
0
0
0
0
0
0
0
0
0
0
0
0
0
0
0
0
0
0
0
0
0.11243327937118
0
0
0
-1000
0
119.086960699321
0
119.086960699321
0
0
1000
0
0
0
0
0
0
0
0
0
0
0
0
0
0
0
0
0
0
0
0
0
0
0
0
0
0
0
-373.420766402482
0
0
0.11243327937118
0
0
0
0
0
0
0
0
0
54.8543942199592
0
0
0
0
0
0
0
0
0
0
0
0
0
0
0
0
0
0
0
0
0
0
0
0
0
0
0
0
0
0
0
0
0
0
0
0
0
0
0
0
0
0
0
0
0
0
0
0
0
22.3314691490852
0
22.3314691490852
0
0
0
0
0
0
0
0
0
0
0
0
0
0
0
0
0
0
0
0
500.002046951704
0
0
1000
0
500.004929856303
0
0
0
0
0.521805732457239
0.521805732457239
0
0
0
0
0
0
0
0
0
0
0
0
0
0
0
0
0
0
0
0
0
0
0
0
0
0
-0.00246850569612889
0
0
0
1000
0
0
1000
0
0
0
0
1.49911039158986
0
0
1.49911039158986
0
0
0
0
0
0
0
0
0
0
1.49911039158986
0
1.49911039158986
0
0
0
8.94289229952333
25.4920168395665
16.2945226240425
11.9344648125311
17.6948331620462
5.82401882851519
13.6212025060355
24.919162528565
22.9459976795599
7.25615460601893
14.0667558590367
28.9927931845756
22.8823472005597
7.06520316901843
11.7116881360305
16.2308721450423
21.0364833095549
17.0265031325444
3.11887347100813
21.2274347465554
0
0
0
0
0
0
0
0
0
0
0
0
0
0
0
0
0
0
0
0
0
0
0
0
0
0
0
0
0
0
0
0
0
0
0
0
0
0
0
0
0
0
0
0
0
0
0
0
0
0
0
0
0
0
0
0
0
0
0
0
0
0
0
0
0
0
0
0
0
0
0
0
0
0
0
0
0
0
0
0
0
0
0
0
0
0
247.810790369766
0
0
0
0
0
0
-1000
0
0
0
0
1000
1000
-597.920590180761
-597.920590180761
0
0
0
0
356.10023515709
0
0
-20.31251053813
-552.722448335835
-356.204019722662
-1000
0
-196.520897118869
0
501.140638852817
302.257742699536
1000
356.106000966288
1000
0
-356.10023515709
1000
0
-1000
-1000
-1000
0
803.479102881131
0
0
0
196.520897118869
0
0
0
0
0
0
0
0
0
0
0
-1000
402.07200430215
1000
1000
0
500
0
2.51357320378417
5
0
0
0
0
0
0
621.868276526221
0
-523.686833989514
0
0.161730237466486
0.0012496863165552
5.37753039575887
-0.161730237466486
-0.161730237466486
0.161730237466486
0.0012496863165552
488.075941226118
410.227270000522
0.161730237466486
-0.159230864833376
-0.161730237466486
0.0012496863165552
0.471624423023286
-0.161730237466486
0.0781053947841883
0
-999.998750313683
0.161730237466486
-0.161730237466486
0.0012496863165552
0.0012496863165552
-0.0012496863165552
0.0012496863165552
-0.0024993726331104
0.0012496863165552
0.0012496863165552
0.0012496863165552
0.0012496863165552
0.0012496863165552
0.0012496863165552
0.0012496863165552
0.0012496863165552
0.0012496863165552
0.0012496863165552
0.0012496863165552
0.0262434126474318
0.00419364200195105
0.035928481600763
0.0362409031798734
0.0184328731691039
-0.0012496863165552
-0.0012496863165552
0.100397782428217
-0.0012496863165552
-0.0012496863165552
-0.0012496863165552
-0.0012496863165552
0.598287324046737
0.00906022579499677
0.0671706395144156
0.338352570205075
-0.00917068132037002
-0.0012496863165552
-0.0012496863165552
-0.0118720200072175
-0.0012496863165552
-0.0012496863165552
0.0012496863165552
0
0
0
0
0
0
0
0
0
0
0
0
0
0
0
0
0
0
0
0
0
0
0
0
0
0
0
0
0
0
0
0
0
0
0
0
0.00361689747649052
0
0
0
0
0
0
0
0
0
0
0
0
0
0
0
0
0
0
0
0
0
0
0
0
0
0
0
0
0
0
0
0
0
0
0
0
0
0
0
1000
0
0
0
0
0
0
0
0
0
0
0
0
0
0
0
0
0
0
0
0
0
0
0
0
0
0
0
0
0
0
0
0
0
0
0
0
0
0
0
0
0
0
0
0
0
0
0
0
0
0
0
0
0
0
0
0
0
0.00124968631654679
0.00124968631654679
0.00124968631654679
0.00124968631654679
0
0
0
0
0
0
0
0
0
0
0
0
0
0
0
0
0
0
0
0
0
0
0
0
0
0
0
0
0
0
0
0
0
0
0
0
0
0
0
0
0.160480551149884
98.5024036390073
0.160480551149884
8.78631017545615
0
0
0
0
0
0
0.160480551149884
0
0.160480551149884
0
0
0
0
0
0
0
0
0
0
0
0
0
0
0
0
0
0
0
0
0
0
0
0
0
0
0
0
0
0
0
0
0
0
0
0
0
0
0
0
0
0
0
0
0
0
0
0
0
0
0
0
0
0
0
0
0
0
0
0
0
0
0
0
0
0
0
0
0
0
0
0
0
0
0
0
0
0
0
0
0
0
0
0
0
0
0
0
0
0
0
0
0
0
0
0
0
0
0
0
0
0
0
0
0
0
0
0
0
0
0
0
0
0
0
0
0
0
0
0
0
0
0
0
0
0
0
0
0
0
0
0
0
0
0
0
0
0
0
0
0
0
0
0
0
0
0
0
0
0
0
0
0
0
0
0
0
0
0
0
0
0
0
0
0
0
0
0
0
0
0
0
0
0
0
0
0
0
0
0
0
0
0
0
0
0
0
0
0
0
0
0
0
0
0
0
0
-1000
0
0
0
0
0
0
0
0
0
0
0
0
0
0
0
0
0
0
0
0
0
0
0
0
0
0
0
0
0
0
0
0
0
0
0
0
0
0
0
0
0
0
0
0
0
0
0
0
0
0
0
0
0
0
0
0
0
0
0
0
0
0
0
0
0
0
0
0
0
0
0
0
0
0
0
0
0
0
0
0
0
0
0
0
0
0
0
0
0
0
0
0
0
0
0
0
0
0
0
0
0
0
0
0
0
0
0
0
1000
1000
0
0
0
0
0
0
0
0
0
0
0
0
0
0
0
0
0
0
0
0
0
-1000
0
-1000
0
0
0
0
0
0
0
1000
1000
0
0
0
0
0
0
0
0
0
0
0
0
0
0
0
0
0
0
0
0
0
0
0
0
0
0
0
0
0
0
0
0
0
0
0
0
0
0
0
0
0
0
0
0
0
0
0
0
0
0
0
0
0
0
0
0
0
0
0
0
0
0
0
0
0
0
0
0
0
0
0
0
0
0
0
0
0
0
0
0
0
0
0
1000
31.8193329049104
0
0
0.160480551149931
0
-895.840656932959
0
98.3419230878574
0
0
895.680176381809
-0.160480551149931
401.372539499235
0
0
0
0.00361689747649052
-0.322210788616303
0
999.677789211384
1000
0
0
0
0
0
0
0
0
0
0
0
0
0
-1000
0.00361689747649052
0
0
0
-0.0135445834282564
0
0
0
0
0
0
0
0.0135445834282564
0
0
0
0
0
621.868276526221
-1000
1000
-621.868276526221
-621.868276526221
0
-566.359308023646
-999.985188965823
-0.0148110341766596
0
0
0.160480551149931
-0.160480551149931
0
0
104.159343067041
-104.159343067041
-1000
0
-98.3419230878574
-98.3419230878574
0
0
-1000
0
-104.319823618191
-895.680176381809
-1000
0
-598.627460500765
-401.372539499235
-1000
0
0
0
0
0
-1000
0
0.322210788616303
0
0
0
999.677789211384
-999.677789211384
-1000
0
0
0
-1000
0
0
0
1000
0
0
0
0
0
0
0
0
0
0
0
0
0
0
0
0
0
0
0
-1000
1000
-1000
0
-1000
0
-1000
0
-1000
0
0
0
0
0
0
0
0
0
-32.1076719259697
0
-1000
0
-1000
0
1000
0
-1000
0
-1000
0
0
0
0
0
0
0
0
0
0
-1000
0
0
0
0
0
0
0
0
0
0
0
0
0
0
0
0
0
0
0
0
0
0
0
0
0
0
0
0
0
0
0
0
0
0
0
0.00361689747649052
-0.00361689747649052
0
0
0
0
0
0
0
0
0
0
0
0
0
0
0
0
0
0
0
0
0
0
0
0
0
0
0
0
0
0
0
0
0
0
0
0
0.00361689747649052
-0.00361689747649052
0
0
0
0
0
0
0.0135445834282564
0.0135445834282564
0
0
0
0
0
0
0
0
0
0
0
0
0
0
0
0
-0.0135445834282564
-0.0135445834282564
0
0
0
0
0
0
0
0
0
0
0
0
0
0
0
0
0
0
0
0
0
0
0
0
0
0
0
0
0
0
0
0
0
0
0
0
0
0
0
0
0
0
0
0
0
0.808498818764863
0.00246850569611885
0
0
0
0
0
0
0
0
0.101726284976677
0
0
0
0
0
0
0
0
0
0
0
0
0
0
0
0
0
0
0
0
0
0
0
0
0
0
0
0
0
0
0
0
0
0
0
0
0
0
0
0
0
0
0
0
0
0
0
0
0
104.159343067041
104.159343067041
104.159343067041
0
0
0
0
0
0
0
0
0
0
0
0
0
0
0
0
0
0
0
0
0
0
0
0
0
0
0
0
0
0
0
0
0
0
0
0
0
0
0
0
0
0
0
0
0
0
0
0
0
0
0
0
0
0
0
0
0
0
0
0
0
0
0
0
0
0
0
0
0
0
0
0
0
0
0
0
0
0
0
0
0
0
0
0
0
0
0
0
0
0
98.3419230878574
98.3419230878574
98.3419230878574
98.3419230878574
-98.3419230878574
0
0
0
0
0
0
0
0
0
0
0
0
0
0
0
0
0
0
0
0
0
0
0
0
0
0
0
0
0
0
0
0
0
0
0
0
0
0
0
0
0
0
0
0
0
0
0
0
0
0
0
0
0
0
0
0
0
0
0
0
0
0
0
0
0
0
0
0
0
0
0
0
0
0
0
0
0.00246850569611885
0.00246850569611885
0.00246850569611885
0.00246850569611885
0.00246850569611885
0
0
0
0
0
0
0
0
0
0
0
0
0
0
0
0
0
0
0
0
0
0
0
0
0
0
0
0
0
0
0
0
0
0
0
0
0
0
0
0
0
0
0
0
0
0
0
0
0
10.1044023392685
10.1044023392685
-10.1044023392685
3.36237426646524
-1.67995288038458
1.67995288038456
1.67995288038456
1.67995288038456
1.67995288038456
1.67995288038456
1.67995288038456
1.67995288038456
1.67995288038456
1.67995288038456
1.67995288038456
1.67995288038456
0
1.67995288038458
1.67995288038456
1.67995288038456
1.67995288038456
1.67995288038456
1.67995288038456
1.67995288038456
0
0
0
1.67995288038456
0
1.67995288038456
1.67503017917027
0
0
0
0
0
0
0
0
0
0
0
0
0
0
0
0
10.1044023392685
10.1044023392685
3.36237426646524
3.36237426646524
0
0
0
0
0
0
0
0
0
0
0
0
0
0
0
0
0
0
0
0
0
0
0
0
0
0
0
0
0
0
0
0
0
0
0
0
0
0
0
0
0
0
0
0
0
0
0
0
0
0
0
0
0
0
0
0
0
0
0
0
0
0
0
0
0
0
0
0
0
0
0
0
0
0
0
0
0
0
0
0
0
0
0
0
0
0
0
0
0
0
0
0
0
0
0
0
0
0
0
0
0
0
0
0
0
0
0
0
0
0
0
0
0
0
0
0
0
0
0
0
0
0
0
0
0
0
0
0
0
0
0
0
0
0
0
0
0
0
0
0
0
0
0
0
0
0
0
0
0
0
0
0
0
0
0
0
0
0
0
0
0
0
0
0
0
0
0
0
0
0
0
0
0
0
0
0
0
0
0
0
0
0
0
0
0
0
0
0
0
0
0
0
0.808498818764863
399.511500885918
399.511500885918
0
5.63183597387844
5.63183597387844
0
-405.143336859797
0
5.63183597387844
0
398.703002067154
0
0
140.618381817141
0
5.63183597387844
0
5.63183597387844
5.63183597387844
0
0
0
0
0
0
0
0
0
0
0
0
0
0
0
0
0
0
0
0
0
0
0
0
0
0
0
0
0
0
0
0
0
0
0
0
0
0
405.143336859797
0
0
0
0
0
0
0
0
0
0
0
0
0
0
0
0
0
0
0
0
0
0
0
0
0
0
0
0
0
0
0
0
0
0
0
0
0
0
0
0
0
0
0
0
0
0
0
0
0
0
0
0
0
0
0
0
0
0
0
0
0
0
0
0
0
0
0
0
0
0
0
0
0
0
0
0
0
0.808498818764863
0.00246850569611885
0
0
0
0
0
0
0
1.06436957054363
0
0
0
0.667374228866265
0.667374228866265
0.667374228866265
0
0
0
0
0
0
0.912693609437659
0
0
0
0.00246850569611885
0
0
0
0
-0.912693609437611
0.912693609437659
0
0
0
0
0
0
0
0
0
0
0.158451830364591
0
0.151675961105969
0
0
0
0
0
0
0
0
0
0
7.44135454399895
7.44135454399895
7.44135454399895
0
0
0
0
-0.101726284976621
0
0
0
0
0
0
0
0
0
0
0
0
0
0
0
0
0
0
0
0
0
0
0
0
0
0
0
0
0
0
0
0
0
0
0
0
0
0
0
0
0
0
0
0
0
0
0
0
0
0
0
0
0
0
0
0
0
0
0
0
0
0
0
0
0
0
0
0
0
0
0
0
0
0
0
0
0
0
0
0
0
0
0
0
0
0
0
0
0
0
0
0
0
0
0
0
0
0
0
0
0
0
0
0
0
0
0
0
0
0
0
0
0
0
0
0
0
0
0
0
0
0
1000
0
0
1000
1000
0
0
0
0
0
0
0
0
0
0
0
0
0
0
0
0
0
0
0
0
0
0
0
0
0
0
0
0
0
0
0
0
0
0
0
0
0
0
0
0
0
0
0
0
0
0
0
0
0
0
0
0
0
0
0
0
0
0
0
0
0
0
0
0
0
0
0
0
0
0
0
0
0
0
0
0
0
0
0
0
0
0
0
0
0
0
0
0
0
0
0
0
0
0
0
0
0
0
0
0
0
0
0
0
0
0
0
0
0
0
0
0
0
0
0
0
0
0
0
0
0
0
0
0
0
0
0
0
0
0
0
0
0
0
0
0
0
0
0
0
0
0
0
0
0
0
0
0
0
0
0
0
0
0
0
0
0
0
0
0
0
0
0
0
0
0
0
0
0
0
0
0
0
0
0
0
0
0
0
0
0
0
0
0
0
0
0
0
0
0
0
0
0
0
0
0
0
0
0
0
0
0
0
0
0
0
0
0
0
0
0
0
0
0
0
0
0
0
0
0
0
0
0
0
0
0
0
0
0
0
0
0
0
0
0
0
0
0
0
0
0
0
0
0
0
0
0
0
0
0
0
0
0
0
0
0
0
0
0
0
0
0
0
0
0
0
0
0
0
0
0
0
0
0
0
0
0
0
0
0
0
507.466714526092
0
0
507.466714526092
0
0
0
0
0
0
0
0
0
0
0
0
0
0
0
0
0
0
0
0
0
0
0
0
0
0
0
1000
0
0
0
0
0
0
0
0
0
0
0
0
0
0
0
0
0
0
0
0
0
0
0
0
0
0
0
0
0
0
0
0
0
0
0
0
0
0
0
0
0
0
0
0
0
0
0
0
0
0
0
0
0
0
0
0
0
0
0
0
0
0
0
0
0
0
0
0
0
0
0
0
0
0
0
0
0
0
0
0
0
0
0
0
0
0
0
0
0.11243327937118
0.11243327937118
0
0
0
0.112433279371203
0
0.11243327937118
-247.810790369766
0
0
0
0.0172974275932347
0
0
0
0
0
0
0
247.810790369766
0
0
0
0
0
0.680365485413857
0
0
0
0
0
0
0.680365485413857
0.680365485413857
0.680365485413857
0.680365485413859
0
0
0
0
0
0
0
0
0
0
0
0
0
0
0
0
0
0
0
0
0
0
0
0
0
0
0
0
0
0
0
0
0
0
0
0
0
576.672044315299
576.672044315299
0
0
0
0
0
0
0
0
0
0
0
0
0
0
0
0
0
0
0
0
0
0
0
0
0
0
0
0
0
0
0
0
0
0
0
0
0
0
0
0
0
0
0
0
0
0
0
0
1000
-1000
1.75862725745844
0
0
0
-1000
-963.965725729325
1000
23.6100257118158
0
0
0
-1000
1.28102506842674
0
0
0
0
0
0
0
0
0
0
0
0
0
0
0
0
0
0
0
0
0
0
0
0
0
0
0
0
0
0
0
0
0
0
0
0
0
0
0
0
963.965725729325
0
0
0
0
0
0
0
0.00124968631654679
0.00124968631654679
0
0
0
0
0
0
0
0
-999.997531494304
999.997531494304
1000
999.997531494304
1000
-1000
-1000
0
0
0
0
0
0
0.00246850569612889
0
0
0
0
0
0
0
0
0
0
0
0
0
0
0
0
0
500
0
0
0
0
0.00184601295535845
0.00246850569611885
0.00677586925862189
1000
0.0012306753035723
0.0012306753035723
0.00246850569612889
0
0.000615337651786148
0.0012306753035723
0.0104750502583051
-0.00123067530353183
0.0012306753035723
0.0012306753035723
0.0012306753035723
0.0012306753035723
0.0012306753035723
-0.00123067530353183
-0.00246135060717734
0.0012306753035723
0.0012306753035723
0.00123067530353183
0.0012306753035723
0.0308098131231418
-0.00369918099966071
-0.0320404884266736
0.00246850569612889
0.0012306753035723
0.0012306753035723
0.00246850569611885
0.00246850569611885
-0.00246850569612889
-0.00246850569612889
0.00246850569612889
0.00246850569612889
0.0012306753035723
0.0012306753035723
0.0012306753035723
0.0012306753035723
-0.00369918099966071
-999.990755625045
0
0
0
0
0
0
-1000
0
0
0
0.00246850569611885
0
0
0
0
0.00123425284805943
0.00246850569612889
0.00246850569612889
0
0.00246850569611885
0
0
0
0
0
-0.00246850569612889
0.00492270121428919
0.0012306753035723
0.00369202591071689
0.0012306753035723
-0.00123067530353183
0.0012306753035723
0.0012306753035723
0.0012306753035723
0.0012306753035723
0.0012306753035723
0.0012306753035723
0.00246135060714459
0.0012306753035723
0.0012306753035723
0.0012306753035723
0.0012306753035723
0.0012306753035723
0
0.0012306753035723
0
0
0
0
0
0
0
0
0.00246850569611885
0
0
0
0
0
0
0
0
0.00246850569611885
0.00246850569611885
0
0.00246850569611885
0
0.00246850569611885
0.00246850569611885
0.00246850569611885
0.00246850569611885
0.00246850569611885
0
0.00246850569611885
0
0.00246850569611885
0.00246850569611885
0.00246850569611885
0.00246850569611885
-0.00246850569612889
0.00246850569611885
0.00246850569611885
0
0
0
0
0
0
0
0
0
0
0
0
0
0
0
0
0
0
0
0
0
0
0
0
0
0
0
0
0
0
0
0
0
0
0
0
0
0
0
0
0
0
0
0
0
0
0
0
0
0
0
0
0
0
0
0
0
0
0
0
0
1000
0
0
0
0
0
0
0.00246850569611885
0
0
0
0
0
0
0
0
0
0
0
0
0
0
0
0
0
0
0
0
0
0
0
-1000
0
0
0
-621.868276526221
0
523.686833989514
0
0
0
0.160480551149884
0
0
0
0
0
0
0
0
0
0.160480551149884
0
0
398.315659432249
0
0
0
0
0.320961102299768
0
0
0
0.160480551149884
0
60.0963495081551
0
0
0
10.0300344468678
0
62.4683042214089
0
0.160480551149931
0
0
0
0
0
0.160480551149884
0
0.160480551149884
0
0.160480551149884
0
0.160480551149884
0
0.159230864833337
0
0.160480551149884
0
0.160480551149884
0
0.160480551149884
0
0.160480551149884
0
0.160480551149884
0
0.160480551149884
0
0.160480551149884
0
0.160480551149884
0
0.160480551149884
0
0.160480551149884
0
0.160480551149884
0
3.37009157414757
0
1.00662034216326
0
4.61381584555917
0
4.65393598334664
0
2.36708812946079
0
0.160480551149884
0
0.160480551149884
0
11.1398537214887
0
0.160480551149884
0
0.160480551149884
0
0.160480551149884
0
0.160480551149884
0
76.830063863007
0
1.16348399583666
0
8.62582962430627
0
43.4501092238311
0
0.575226512452864
0
0.160480551149884
0
0.160480551149884
0
1.5245652359239
0
0.160480551149884
0
0.160480551149884
0
0.160480551149884
0
663.703147235278
0
398.703002067154
0
0
0
0
0
0
-1000
-1000
1000
1000
0.680365485413857
-1000
943.810049538106
0
0
575.759350705861
1000
-1000
-1000
0
0
1000
0
0
0
0
0
-3.77117311992038
1000
0
0
0
0
-1000
-2.71814078785656
-0.00246850569612889
0
0
-2.16049104092542
472.945827698069
0
0
0
0
465.473442234969
329.160315542277
1000
-1000
1000
0
0
1000
64.7480100230758
0
1000
0
0
1000
1000
-1000
-1000
0
1000
971.123087693859
0
-1000
842.247064053955
1000
1000
0
0
0
0
0
-501.813955473594
0
0
0
0
0
0
0
0
0
0
0
0
0
0
0
0
0
1000
20.2754756317549
0
0
0
1000
0
0
0
0
0
0
0
0
0
-26.5442770182767
26.5442770182767
-1000
-1000
1000
-1000
1000
-1000
-1000
1000
1000
1000
1000
-1000
-1000
-1000
-1000
-1000
1000
-1000
-1000
-1000
-1000
1000
1000
1000
1000
1000
1000
1000
-1000
1000
-1000
-1000
-1000
-1000
-1000
-1000
-1000
-1000
-1000
973.455722981723
-1000
513.646319660269
-1000
-1000
-1000
-1000
-1000
-1000
-1000
-1000
1000
959.094910853567
-1000
-1000
-1000
864.797286029275
-1000
-120.043115460829
-1000
-1000
-1000
-1000
-1000
-1000
-1000
-1000
-1000
-1000
-883.806950266379
-1000
-1000
1000
-1000
-66.7073446813511
-1000
-1000
-1000
1000
-1000
1000
-1000
1000
-1000
1000
75.808382334928
1000
-1000
1000
1000
1000
-1000
-128.162109401343
1000
1000
1000
1000
-1000
-1000
380.789280275572
-1000
1000
-1000
-1000
-359.308149924286
-824.101993936917
-1000
1000
1000
1000
1000
1000
-1000
1000
1000
-1000
-1000
-1000
-1000
-1000
-1000
958.217941410861
1000
25.4442923961083
-41.7820585891391
-981.881051920292
-1000
0
0
0
0
0
0
0
0
0
0
0
0
0
0
0
0
0
0
0
0
0
0
0
0
0
0
0
0
0
0
0
0
0
0
0
0
0
0
0
0
0
0
0
0
0
0
0
0
0
0
0
0
0
0
0
0
0
0
0
0
0
0
0
0
0
0
0
0
0
0
0
0
0
0
0
0
0
0
0
0
0
0
0
0
0
0
0
0
0
0
0
0
0
0
0
0
0
0
0
0
0
0
0
0
0
0
0
0
0
0
0
0
0
0
0
0
0
0
0
0
0
0
0
0
0
0
0
0
0
0
0
0
0
0
0
0
0
0
0
0
0
0
0
0
0
0
0
0
0
0
0
0
0
0
0
0
0
0
0
0
0
0
0
0
0
0
0
0
0
0
0
0
0
0
0
0
0
0
0
0
0
0
0
0
0
0
0
0
0
0
0
0
0
0
0
0
0
0
0
0
0
0
0
0
0
0
0
0
0
0
0
0
0
0
0
0
0
0
0
0
0
0
0
0
0
0
0
0
0
0
0
0
0
0
0
0
0
0
0
0
0
0
0
0
0
0
0
0
0
0
0
0
0
0
0
0
0
0
0
0
0
0
0
0
0
0
0
0
0
0
0
0
0
0
0
0
0
0
0
0
0
0
0
0
0
0
0
0
0
0
0
0
0
0
0
0
0
0
0
0
0
0
0
0
0
0
0
0
0
0
0
0
0
0
0
0
0
0
0
0
0
0
0
0
0
0
0
1000
1000
1000
1000
1000
1000
-1000
-1000
-943.51099887229
-1000
1000
1000
1000
1000
-1000
-1000
1000
-1000
1000
-1000
1000
-1000
-1000
-1000
-1000
518.018707597547
1000
1000
-1000
-1000
518.018707597547
-1000
-518.018707597547
1000
1000
-1000
-1000
-1000
-1000
1000
-574.507708725257
-1000
-1000
1000
-1000
1000
-1000
-1000
-1000
-1000
-1000
-1000
-1000
0
0
0
0
0
0
0
0
0
0
0
0
0
0
0
0
-1000
-1000
-0.324167268552856
0
0
0
0
0
0
1000
0
0
0
0
0
0
0
0
0
0
0
-0.00246850569612889
-0.00246850569612889
-0.00246850569612889
-0.00246850569612889
0
0
0.11243327937118
0
0
0
0
0
0
0
0
0
0
0
0
0
0
0
0
0
0
0
0
0
0
0.00246850569611885
0
0
998.721443437269
1.27855656273061
1000
-1000
1000
0
0
0
0
-0.00246850569612889
0
0
0
0
0
247.810790369766
0
0
0
0
0
0
0
0
0
0
0
0
0
0
-465.456820963282
465.456820963282
0.00246850569611885
0
0
0
1.67995288038456
465.442745341392
0
0
0
0
0
-1000
0
0
0
0
0
0
0
0
0
0
0
0
0
0
0
0
0
0
0
0
0
0
0
0
0
0
0
0
0
0
0
0
16.815917896326
0
0
0
0
0.00246850569611885
0
0
0
0
1000
0
1000
0
523.686833989514
0
1.33474845773253
0
0
0
0
0
0.00369202591071689
1000
0
-1000
0
0
0
0
0
0
0
0
0
0
0
0
0.00246850569612889
-498.778639818406
-1000
1000
-1000
0
1000
501.221360181594
0
-1000
-1000
0
-1000
1000
474.978417552754
926.634133149096
0
0
0
231.849709668855
-534.009433612017
1000
0
0
0
0
0
0.00246850569612889
0
0
1000
0
0
0
0
0.00246850569624257
0
0
0
-1000
0
0
-1000
0
-1000
1000
0
0
0
0
0
0
0
0
0
0
302.257742699536
-662.508995001156
1000
490.937445694343
490.937445694343
0
0
0
0
18.1189480797082
0
0
0
0
0
1000
0
0
0
998.723511257983
0
0
0
0
0
0
0
0
0
0
0.667374228866265
0
0
-0.00246850569612889
0
0.00246850569611885
0.00246850569611885
0.00246850569611885
-1000
1000
0.00246850569612889
0
0
0
0.667374228866265
0
0
-0.00740551708838666
-1000
-1000
-1000
1000
-1000
0
0
0
-1000
-1.27648874201702
-195.29526257548
-195.29526257548
0
0
0
0
0
0
0
0
0
0
0
0
0
0
0
0
0
1000
0
0
0
0
0
0
0
196.571751317497
0
0
0
0
0
0.0012306753035723
0
1000
0
0
0
0
0
0
0.00246850569611885
-501.221360181594
1000
0
0
0
0
0
0
0
0
0
0
0
0
0
0
0
0
0
0
0
0
0
0
0
0
1000
0
0
0
0
0
0
0
0
0
0
0
0
0
0
0
0
0
0
0
0
0
0
0
0
0
0
0
0
0
0
0
1.59200729677229
0
0
0
0
0
0
0
0
0
0
0
0
0
0
0
0
0
0
0
0
0
0
0
0
0
0
0
0
0
0
0
0
0
0
0
0
0
0
0
0
0
0
0
0
0
0
0
0
0
0
0
0
0
0
0
0
0
0
0
0
0
0
0
0
0
0
0
0
0
0
0
0
0
0
0
0
0
0
0
0
0
0
0
0
0
0
0
0
0
0
0
0
0
0
0
0
0
0
0
0
0
0
0
0
0
0
0
0
0
0
0
0
0
-999.983378728313
0
0.00123067530353183
0
0.0135445834282564
0
0
-0.0166212716871996
0
1000
0
0
0
0
0.00307668825894325
0
0
0
0
0
0
0
0
0
0
0
0
0
0
0
0
0
0
0.00246850569611885
0.00246850569611885
0.00246850569611885
998.721443437269
-1000
0
-566.359308023646
-1000
0
0
0
0
0
0
1000
0
0
0
0
0
0
0
0
0
0
0
-1000
0
999.83951944885
-0.160480551149931
-1000
-1000
1000
999.677789211384
1000
1000
0
0
0
0
0
0
0
0
0
-18.1189480797082
-1000
0
1000
0.270378887188902
0.00246850569611885
0.00246850569611885
0.00246850569611885
0.00246850569611885
0.00246850569611885
0
0
0
1000
0
0
0
0
0
0
0
0
0
0
0
0
0
0
0
-1000
0
0
0
0
0
0
1000
-1000
0
1000
0
0
-1000
0
0
0
0
0
0
0
0
0
0
0
0
0
0
0
0
0
0
0
0
0
0
0
0
0
0
0
0
0
0
0
0
0
0
0
0
0
0
0
0
0
0
0
0
0
0
0
0
-471.664802629643
0
0
0
0
0
0
0
0
0
-1000
0
0
0
0
0
0
73.3658668509045
1000
-32.1076719259697
-1000
-1000
-1000
-1000
0
0.00677586925862189
0
0
0
0
-979.599309784162
-1000
-1000
0
247.810790369766
0
0
0
-1000
9.95636831845048
0
0
0
0
0.396995341677363
0.396995341677363
-1000
0
-999.982148053009
0
0
0
0
0
0
0.25059506617508
0
-1000
0
0
0
0
0
0
0
1000
0.00246850569611885
0
0
0
0
0
0
0
0
-1000
-1000
0
0
1000
0
0
0
-1000
0
0
0
-895.680176381809
0
-1000
0
0
0
-1000
-1000
0
0
0
0
-98.3419230878574
0
1000
621.868276526221
0
0
0
0
-1000
1000
-750
0
0
0
0
-981.385004032555
-1000
0
0
1000
0
0
0
0
0.00361689747648718
0
0
0
0
0
0
0
0
998.723511257983
0
1000
0
0
0
0
0
0
0
0
0
1000
302.257742699536
-1000
-1000
302.257742699536
-1000
-1000
1000
0
0
0
0
0
0
0
0
-1000
0
0
-996.02812461051
0.0012306753035723
0.0012306753035723
0
-1000
-507.466714526092
-507.466714526092
401.372539499235
0
0
0
0
0
0
0
0
0
0
0
0
0
0
0
0
0
0
0
0
0
0
0
0
0
-0.0135445834282564
0
0
0
0
0
0
0
0
0
0
0
0
0
0
0
0
0
0
0
0
0
0
0
0
0
0
0
0
0
0
0
0
0
0
0
0
0
0
0
0
0
0
0
0
0
0
-1000
0
-1000
0
0
0
0
0
-1000
0
0
0
0
0
0
0
0
0
0
0
-1000
0
0
0
0
0
0
0
0
0
0
0
0
0
1000
0
0
0
0
0
0
0
0
0
0
0
0
0
0
0
0
0
0
0
0
621.868276526221
0
0
0
0
0
0
0
0
0
0
0
0
0
0
0
0
0
0
0
0
0
0
98.1814425367075
0
0
0
0
0
0
0
0
0
0
0
0
0
0
0
0
0
0
0
0
0
0
0
0
0
0
0
0
0
0
0
0
0
0
0
0
0
0
0
0
0
0
0
0
0
0
0
0
0
0
0
0
0
0
0
0
0
0
0
0
0
0
0
0
0
0
0
0
0
0
0
0
0
0
0
0
0
0
0
0
0
0
0
0
0
0
0
0
0
0
0
0
0
0
0
0
0
0
0
0
0
0
0
0
0
0
0
0
0
0
0
0
0
0
0
0
0
0
0
0
0
0
0
0
0
0
0
0
0
0
0
0
0
0
0
0
0
0
0
0
0
0
-1000
0
0
0
0
0
0
0
0
0
0
0
0
0
0
0
0
0
0
0
0
0
0
0
0
0
0
0
-602.279026902695
0
0
783.496896131749
-410.076129729267
-373.30833312311
0
-16.815917896326
0
-1000
663.703147235278
0
0
0
0
534.539975118735
0.0148110341767131
0
0
0
0
0
0
0
0
0
0
0
0
0
0
0
-22.3314691490853
0
0
0
0
0
0
0
0
0
0
0
0
0
0
0
0
0
0
0
0
0
0
0
0
0
0
0
0
0
0
0
0
0
0
0
0
0
0
0
0
0
0
0
0
0
0
0
0
0
0
0
0
0
0
0
0
0
0
0
0
0
0
0
0
0
0
0
0
0
0
0
0
0
0
0
0
0
0
0
0
0
0
0
0
0
0
0
0
0
0
0
0
0
0
0
0
0
0
0
0
0
0
0
0
0
0
0
0
0
0
0
0
0
0
0
0
0
0
0
0
0
0
0
0
0
0
0
0
0
0
0
0
0
0
0
0
0
0
0
0
0
0
0
0
0
0
0
0
0
0
0
0
0
0
0
0
0
0
0
0
0
0
0
0
0
0
0
0
0
0
0
0
0
0
0
0
0
0
0
0
0
0
0
0
0
0
0
0
0
0
0
0
0
0
0
0
0
0
0
0
0
0
0
0
0
0
0
0
0
0
0
0
0
0
0
0
0
0
0
0
0
0
0
0
0
0
0
0
0
0
0
0
0
0
0
0
0
0
0
0
0
0
0
0
0
0
0
0
0
0
0
0
0
0
0
0
0
0
0
0
0
0
0
0
0
0
0
0
0
0
0
0
0
0
0
401.372539499235
0
0
0
0
0
0
0
0
0
0
0
-1000
0
0
0
0
0.00246850569612889
945.43966204916
-1000
0
0
0
0
0
0
0
0
0
0
0
0
0
0
0
0
0
0
0
0
0
0
0
0
0
0
0
0
0
0
0
0
0
0
0
0
0
0
0
0
0
0
0
0
0
0
0
0
0
0
0
0
0
0
0
0
0
0
0
0
0
0
0
0
0
0
0
0
0
0
0
0
0
0
0
0
0
0
0
0
0
0
0
0
0
0
0
0
0
0
0
0
0
0
0
0
0
0
0
0
0
0
0
0
0
0
0
0
0
0
0
0
0
0
0
0
0
0
0
0
0
0
0
0
0
0
0
0
0
0
0
0
0
0
0
0
0
0
0
0
0
0
0
0
0
0
0
0
0
0
0
0
0
0
977.668530850915
0
56.4890011277103
1000
0
0
0
0
0
0
0
1000
0.00246850569612889
0
0
-1000
1000
0
0
0
0
0
0
-0.0345089941228025
0
0
0
0
0
0
0
0
0
0
0
0
0
0
0
0
0
0
0
0
0
0
0
0
0
0
0
0
0
0
0
0
0
0
0
0
0
0
0
0
0
0
0
0
0
0
0
0
0
0
0
0
0
0
0
0
0
0
0
0
0
0
0
0
0
0
0
0
0
0
0
0
0
0
0
0
0
0
0
0
0
0
0
0
0
0
0
0
0
0
0
0
0
0
0
0
0
0
0
0
0
0
0
0
0
0
0
0
0
0
0
0
0
0
0
0
0
0
0
0
0
0
0
0
0
0
0
0
0
0
0
0
0
0
0
0
0
0
0
0
0
0
0
0
0
0
0
0
0
0
0
0
0
0
0
0
0
0
0
0
0
0
0
0
0
0
0
0
0
0
0
0
0
500
59.6257414521462
-404.325593666077
3.12421579136696
0
0
-0.667374228866265
0
0
318.25239500083
13.1892140092147
28.8290459921127
0.0715508897425754
59.6257414521462
0
0
0
0
0
0
0
0
0
0
0
0
0
0
0
0
0
0
0
0
0
0
0
0
0
1000
-1000
0
-999.887566720629
-0.112433279371203
0
0
1000
981.878583414596
0
-1000
0
0
0
0
0
0
0
-0.0116985704729586
0.00246850569611885
0
0
0.00800654456219418
0
0
0
0
0
0
0
0
0
0
0
0
0
0
0
0
0
621.868276526221
0
-523.686833989514
0
0
465.473442234969
-76.830063863007
-3.37009157414752
-7.32534431640011
-14.3608121281562
-29.2868494536951
-22.9659514339368
15.159598509896
933.292655318649
-18.1450701170385
-3.1477025170002
-21.481130351286
-1000
-1000
0
0
0
0
-1000
-26.5442770182767
-11.9690596677217
-1000
-9.1010376535769
-7.04060456938225
-16.3377661930307
-1000
983.564441628414
554.551408806702
0
0
1000
-0.112433279371203
0
1000
1000
0
999.874785415917
-1000
0
0
0
0
0
0
1000
-18.1189480797083
0
-1000
0
0
0
0
0
0
0
-0.00246850569612889
-0.00246850569612889
0
0
0
0
0
0
0
0
0
0
0
0
0
0
0
0
1000
0
425.492291274743
0
0
1000
-140.618381817141
247.810790369766
-0.00246850569612889
-0.00246850569612889
-0.680365485413859
998.718974931573
0
-0.00246850569612889
0
-0.00246850569612889
0
0
0
-500
-0.00246850569612889
0
0
0
-0.00246850569612889
0
0
0
0
0
0
0
0
0
0
0
56.4890011277103
0
0
0
0
0
1.27855656273061
0
0
0
0
0
0
-56.1899504618939
-670.839684457723
0
0
0
-481.981292402453
0
1000
0
0
-0.00246850569612889
0
0
0
0
0
0
0
0
0
0
0
0
0
0
465.442745341392
-2.16049104092542
-0.324167268552856
-1000
-1000
500
0
0
0
0
0
0
0
1.67995288038458
0
0
0
0
1000
0
1000
0
0
0
-1000
-2.71814078785656
1000
0
0
0
575.759350705861
1000
0
0
0
465.456820963282
0
0
0
0
0
-1000
-1000
0
0
0
0
0
0
0
0
0
0
-1000
1000
0
0
0
0
0
1000
-1000
-1000
-3.77117311992038
0
0
-465.456820963282
0
0
0
0
0
0
0
0
1000
0
-0.5752265124529
-0.160480551149931
-43.4501092238311
-501.813955473594
-2.36708812946074
-11.1398537214886
-1.52456523592389
-8.62582962430622
-4.6138158455592
-0.160480551149931
0
0
398.315659432249
0
-0.160480551149931
-977.668530850915
-0.320961102299748
-0.160480551149931
0
-1.16348399583671
0
-0.160480551149931
-60.0963495081551
-62.468304221409
0
-9.95636831845047
0
0
-0.250595066175038
-0.160480551149931
-1.00662034216327
0
-0.160480551149931
-0.160480551149931
-0.160480551149931
-0.160480551149931
-4.65393598334663
0
-10.0300344468677
0
0
0
-1000
1000
0
0
-1000
1000
-0.00246850569612889
0
750
-750
0
0
0
-1000
0
0
0
0
0
0
0
0
0
0
0
0
0
0
0
0
0
0
996.028124610511
-996.02812461051
1000
-1000
-1000
0
-1000
-1000
0
0
0
-0.160480551149931
-0.160480551149931
0
0
0
0
977.668530850915
0
-373.420766402482
373.30833312311
534.539975118735
0.0148110341766596
0
0
0
0
0
1000
-1000
0
0
0
0
0
0
0
0
0
0
0
0
0
0
0
0
0
0
0
0
0
0
0
0
0
0
0
0
0
0
0
0
0
0
0
0
0
0
0
0
0
0
0
0
0
0
0
0
0
0
0
0
0
0
0
0
0
0
0
0
0
0
0
0
0
0
0
0
0
-0.160480551149931
0
0
0
0
0
0
0
0
0
0
0
0
0
0
0
0
0
0
0
0
0
0
0
0
0
0
0
0
0
0
0
0
0
0
0
0
0
0
0
0
0
0
0
0
0
0
0
0
0
0
0
0
0
0
0
0
0
0
0
0
0
0
0
0
0
0
0
0
0
0
0
0
0
0
0
0
0
0
0
0
0
0
0
0
0
0
0
0
0
0
0
0
0
0
0
0
0
0
0
0
0
0
0
0
0
0
0
0
0
0
0
0
0
0
0
0
0
0
0
0
0
0
0
0
0
0
0
0
0
0
0
0
0
0
0
0
0
0
0
0
0
0
0
0
0
0
0
0
0
0
0
0
0
0
0
0
0
0
0
0
0
0
0
0
0
0
0
0
0
0
0
0
0
0
0
0
0
0
0
0
0
0
0
0
0
0
0
0
0
0
0
0
0
0
0
0
0
0
0
0
0
0
0
0
0
0
0
0
0
0
0
0
0
0
0
0
0
0
0
0
0
0
0
0
0
0
0
0
0
0
0
0
0
0
0
0
0
0
0
0
0
0
0
0
0
0
0
0
0
0
0
0
0
0
0
0
0
-56.4890011277104
0
1000
0
0
-945.43966204916
0
0
0
0
0
0
0
0
0
0
0
0
0
0
0
0
0
0
-0.0345089941228025
0
0
0
0
0
977.668530850915
0
-1000
0
-1000
-0.00246850569612889
0
0
0
0
0
0
0
0
258.084620250013
0
0
0
0
0
0
0
0
0
0
0
0
0
0
0
0
0
0
0
0
0
0
0
0
0
0
0
0
0
0
0
0
0
0
0
0
0
0
0
0
0
0
0
0
0
0
0
0
0
0
0
0
0
0
0
0
0
0
0
0
0
0
0
0
0
0
0
0
0
0
0
0
0
0
0
0
-0.160480551149931
-0.160480551149931
-0.160480551149931
0
-0.160480551149931
0
0
-0.160480551149931
-0.160480551149931
-0.160480551149931
-0.160480551149931
0
-0.160480551149931
-0.159230864833376
-0.160480551149931
-0.160480551149931
-0.160480551149931
-0.160480551149931
-0.160480551149931
0
-0.160480551149931
-0.160480551149931
-0.160480551149931
-1000
59.6257414521463
0
140.618381817141
0
0
0
0
0
0
0
0
0
0
0
