0
0
0
0
0
0
0
50.7946618055289
-50.7946618055289
0
0
0
0
159.154909806484
980.891359345337
0
999.719260083933
-999.719260083933
999.935567888116
0
0.0644321118842733
0
-1000
0.405001846129721
0
823.394633592176
-173.733535135268
0
-307.250986689963
0.0648794910035761
0
0
0
0
0
0.0354838272539805
0
0
0
38.6649783533636
0
0
0
0
0
0
0
0
0
0
0
0
0
0
0
0
0
0
0
0
0
500
0
0
0
307.250986689963
0
0
0
0
0
0
0
-1000
-1000
0
0
0
0
0
0
0
-1000
0
0
0
0
0
0
0
0
0
0
0
0
0
0
0
0
0
0
0
0
0
0.0039407437317313
0
1000
0
0
119.985453003084
0
0
0
0
0
0
0
0
0
0
0
0
0
0
0
119.985453003084
0
0
0
0
1000
0
0
1000
0
0
0
0
0
0
1000
0
0
0
-16.1307548303289
0
0
0
0
-1000
0
0
0
1000
0
0
666.660530275059
1000
1000
333.330265137529
0
0
0
-1000
333.330265137529
492.485174944013
1000
-840.845090193516
0
0
1000
0
0
0
0
0
1000
565.043558459048
0
0
0
0
0
-4.33466104627746
0
0
0
0
0
0
456.233819310477
-202.248945674076
-1000
0
0
0
0
0
0
0
0
1000
543.766180689523
0
0
0
0
-548.105444029506
0
-999.995397706294
0
0
0
0
0
0
0
0
0
0
0
-750.354389703582
0
0
-1000
0
888.451054738554
0.508298829165341
0
0.51750341657738
0
0
0.762448243748012
0
548.105444029506
0
0
0
-1000
0
0
0
0
0
0
0
0
0
0
0
0
-1000
0
-1000
1000
-1000
1000
0
-1000
889.806926635425
-193.021236694771
-14.0932970377181
-1.06540196089429
1000
0
0
18.0654524948472
0
0
-1000
890.239305228045
0
0
1000
0
0.197898629358839
0
-0.19789862935886
0
0.00196466064306604
0
0
0
0
2.90112794177725
0
0
0
1000
0
0
0
0
0
0
0
0
1000
0
1000
0
712.998088322481
0
1000
0
-0.19789862935886
0
-0.762448243748054
0
0
0.762448243748054
0
0
0
0
0
0
0
0
-981.172099261405
0
0
0
1000
0.762448243748054
0
-1000
-1.06540196089429
0
0
0.00394074373177909
0
0
0
0
0
0
0
0
0
0
0
0
0
0
0
0
2.54149414582671
0
10.6990240446038
0
0
0
0
0
0
0
0
-154.703467994362
-1000
1000
1000
-1000
1000
-1000
-1000
0
-1000
1000
-889.808891296069
1000
-110.193073364575
0
0
0
0
0
0
0
-1000
0
1000
-1000
0
0
-1000
0
0
1000
-1000
0
0
0
0
0
0
1.06540196089429
-1000
0
1000
-1000
889.799686708657
-1000
-1000
-1000
-48.0828663410834
1000
1000
1000
1000
-841.707615780161
0
-1000
-1000
1000
-1000
-1000
1000
-17.3030042510992
-1000
1000
1000
0
0
0
0
0
0
0
0
202.248945674076
0
0
0
1000
0
0
0
0
-32.4270665871729
0
0
0
0
0
0
0
0.7639807551991
0
0
0
0.7639807551991
0
0
0
0.0039407437317313
0
1000
0
-1000
0
0
1000
0
0
0
0.0236444623903878
0
0
0
0
0
0
0
0
0
0
0
0
0
0
0
0
0
1000
0
0
0
0
0
-1000
1000
0
0
0
0
0
0
0
0
0
0
0
1000
-0.00394074373173225
0.115057342650516
0.115057342650516
0
-999.237551756252
0
0
0
0
0
0
0
0
0
0
0
0
0
-1000
0
0
-870.990107273993
0
0
0
0
0
0
0
0
0
0
0
0
0
0
0
0
0
0
0
0
0
0
0
0
0
0
0
0
0
0
0.179489454534763
0
0
0
-1000
0
452.843774621675
0
452.843774621675
0
0
1000
0
0
0
0.0236444623903878
0
0.0236444623903878
0.0236444623903878
0
0
0
0
0
0
0
0
0
0
0
0
0
0
0
0
0
0
0
0
0
-281.991909798189
0
0
0.179489454534763
0
0
0
0
0
0
0
0
0
1000
0
0
0
0
0
0
0
0
0
0
0
0
0
0
0
0
0
0
0
0
0
0
0
0
0
0
0
0
0
0
-1000
0
0
0
0
0
0
0
0
0
0
0
0.0118222311951939
0.0118222311951939
0
0.0118222311951939
0
0
0
0
0
0
0
0
0
0
0
0
0
0
0
0
0
0
0
0
0
1000
0
0.00460229370601952
0
0
0
0
0.833015160789533
0.833015160789533
0
0
0
0
0
0
0
0
0
0
0
0
0
0
0
0
0
0
0
0
0
0
0
0
0
0
0
-1000
0
0
0
0.00394074373173225
0
0
-1000
0
0
0
0
2.39319272713015
0
0
2.39319272713015
0
0
0
0
0
0
0
0
0
0
2.39319272713015
0
2.39319272713015
0
0
0
14.2765102095182
40.6956750100501
26.012716111293
19.0522823080759
28.2481839021072
9.29751376634104
21.745004874284
39.7811654592625
36.6311881176606
11.5837876433101
22.4562900804521
46.2843444870857
36.5295759453509
11.2789511263809
18.6966397049918
25.9111039389832
33.5828229483685
27.181256092855
4.97899644317717
33.8876594652977
0
0
0
0
0
0
0
0
0
0
0
0
0
0
0
0
0
0
0
0
0
0
0
0
0
0
0
0
0
0
0
0
0
0
0
0
0
0
0
0
0
0
0
0
0
0
0
0
0
0
0
0
0
0
0
0
0
0
0
0
0
0
0
0
0
0
0
0
0
0
0
0
0
0
0
0
0
0
0
0
0
0
0
0
0
0
0
249.466120841883
0
0
0
0
0
0
-1000
0
0
0
0
0
-1000
-1000
0
0
0
0
0
0
837.919352561838
0
0
-32.4270665871729
-838.085035135255
-838.085035135255
-1000
0
-128.986248263616
870.990107273993
-129.115112487385
1000
1000
837.92855714925
1000
0
-837.919352561838
1000
0
-1000
-1000
-1000
0
0
0
870.990107273993
870.990107273993
128.986248263616
0
0
0
0
0
0
0
0
0
0
0
-1000
436.025784245578
1000
1000
0
500
230.953635708583
2.51378689183826
5
0
0
0
0
1.0861413146207
0
464.73387548163
0
0
0
0.118357134453277
0
3.93537472057255
-0.118357134453277
-0.118357134453277
0.118357134453277
0
194.210501424048
441.38920572749
0.118357134453277
0
0
0
0.0137626191414029
-0.118357134453277
0
0
-1000
-0.118357134453277
0
0
0
0
0
0
0
0
0
0
0
0
0
0
0
0
0
0
-0.0137626191414029
0
0
0
0
6.34933272569117
0.0471861227704267
0
0
0
0
0
0
0
32.045194153234
-0.0471861227704267
0
0
0
0
0
0
0
0
0
0
0
0
0
0
0
0
0
0
0
0
0
0
0
0
0
0
0
0
0
0
0
0
0
0
0
0
0
0
0
0
0
0
0.0137626191414029
0
0
0
0
0
0
0
0
0
0
0
0
0
0
0
0
0
0
0
0
0
0
0
0
0
0
0
0
0
0
0
0
0
0
0
0
0
0
0
0
0
0
0
0
0
0
0
0
0
0
0
0
0
0
0
0
0
0
0
0
0
0
0
0
0
0
0
0
0
0
0
0
0
0
0
0
0
0
0
0
0
0
0
0
0
0
0
0
0
0
0
0
0
0
0
0
0
0
0
0
0
0
0
0
0
0
0
0
0
0
0
0
0
0
0
0
0
0
0
0
0
0
0
0
0
0
0
0
0
0
0
0
0
0
0
0
0
0
0
0
0
0.118357134453311
129.108546141801
0.118357134453311
0
0.118357134453311
0
0
0
0
0
0
0
0
0
0
0
0
0
0
0
0
0
0
0
0
0
0
0
0
0
0
0
0
0
0
0
0
0
0
0
0
0
0
0
0
0
0
0
0
0
0
0
0
0
0
0
0
0
0
0
0
0
0
0
0
0
0
0
0
0
0
0
0
0
0
0
0
0
0
0
0
0
0
0
0
0
0
0
0
0
0
0
0
0
0
0
0
0
0
0
0
0
0
0
0
0
0
0
0
0
0
0
0
0
0
0
0
0
0
0
0
0
0
0
0
0
0
0
0
0
0
0
0
0
0
0
0
0
0
0
0
0
0
0
0
0
0
0
0
0
0
0
0
0
0
0
0
0
0
0
0
0
0
0
0
0
0
0
0
0
0
0
0
0
0
0
0
0
0
0
0
0
0
0
0
0
0
0
0
0
0
0
0
0
0
0
0
0
0
0
0
0
0
0
0
0
0
-1000
0
0
0
0
0
0
0
0
0
0
0
0
0
0
0
0
0
0
0
0
0
0
0
0
0
0
0
0
0
0
0
0
0
0
0
0
0
0
0
0
0
0
0
0
0
0
0
0
0
0
0
0
0
0
0
0
0
-0.0127817166255682
0
0
0.0127817166255682
0
0.0127817166255285
0
0.0127817166255285
0
0
0
0
0
0
0
0
0
0
0
0
0
0
0
0
0
0
0
0
0
0
0
0
0
0
0
0
0
0
0
0
0
0
0
0
0
0
0
0
0
0
0
0
0
0
0
0
0
0
1000
1000
0
0
0
0
0
0
0
0
0
0
0
0
0
0
0
0
0
0
0
0
0
0
0
0
0
-1000
0
-1000
0
0
0
0
0
0
0
0
0
0
0
1000
1000
0
0
0
0
0
0
0
0
0
0
0
0
0
0
0
0
0
0
0
0
0
0
0
0
0
0
0
0
0
0
0
0
0
0
0
0
0
0
0
0
0
0
0
0
0
0
0
0
0
0
0
0
0
0
0
0
0
0
0
0
0
0
0
0
0
0
0
0
0
0
0
0
0
0
0
0
0
0
0
0
0
0
0
0
0
1000
44.4453290798378
0
0
0.118357134453277
0
1000
0
128.990189007348
0
0
470.245128803447
0
434.909152616171
0
0
0
0.0137626191414029
0
0
1000
1000
0
0
0
0
0
0
0
0
0
0
0
0
0
-1000
0.0137626191414029
0
0
0
-0.0471861227704267
0
0
0
0
0
0
0
0.0471861227704267
0
0
0
0
0
464.73387548163
-1000
1000
-458.384542755939
-458.384542755939
0
-1000
-565.090847383829
0
0
0
0.118357134453277
-0.118357134453277
0
0
133.280635131281
-133.280635131281
1000
0
-128.990189007348
-128.990189007348
0
0
-1000
0
-462.793346014325
-537.206653985675
-1000
0
-565.090847383829
-434.909152616171
-1000
0
0
0
0
0
-1000
0
-1000
0
0
0
1000
-1000
-1000
0
0
0
-1000
0
0
0
-1000
0
0
0
0
0
0
0
0
0
0
0
0
0
0
0
0
0
0
0
-1000
1000
-1000
0
-1000
0
-1000
0
-1000
0
0
0
0
0
0
0
0
0
-1000
0
-1000
0
-1000
0
1000
0
1000
0
-1000
0
0
0
0
0
0
0
0
0
0
-955.554670920162
-44.4453290798378
6.34933272569117
-6.34933272569117
0
0
0
0
0
0
0
0
0
0
0
0
0
0
0
0
0
0
0
0
0
0
0
0
0
0
0
0
0
0
0
0
0.0137626191414029
-0.0137626191414029
0
0
0
0
0
0
0
0
0
0
0
0
0
0
0
0
0
0
0
0
0
0
0
0
0
0
0
0
0
0
0
0
0
0
0
0
0.0137626191414029
-0.0137626191414029
0
0
0
0
0
0
0.0471861227704267
0.0471861227704267
0
0
0
0
0
0
0
0
0
0
0
0
0
0
0
0
-0.0471861227704267
-0.0471861227704267
0
0
0
0
0
0
0
0
0
0
0
0
0
0
0
0
0
0
0
0
0
0
0
0
0
0
0
0
0
0
0
0
0
0
0
0
0
0
0
0
0
0
0
0
0
0.0039407437317313
0
0
0
0
0
0
0
0
12.0418391342845
0
0
0
0
0
0
0
0
0
0
0
0
0
0
0
0
0
0
0
0
0
0
0
0
0
0
0
0
0
0
0
0
0
0
0
0
0
0
0
0
0
0
0
0
0
0
0
0
0
0
0
0
0
0
0
0
0
0
0
0
0
0
0
0
0
0
0
0
0
0
0
0
0
0
0
0
0
0
0
0
0
0
0
0
0
0
0
0
0
0
0
0
0
0
0
0
0
0
0
0
0
0
0
0
0
462.793346014325
462.793346014325
462.793346014325
0
329.512710883044
329.512710883044
329.512710883044
0
458.384542755939
458.384542755939
458.384542755939
0
458.384542755939
458.384542755939
458.384542755939
0
0
0
0
0
0
0
0
0
0
0
0
0
0
0
0
0
0
0
0
0
0
0
0
0
0
0
0
0
0
0
0
0
0
0
0
0
0
0
0
0
0
0
0
0
0
0
0
0
0
0
0
0
0
0
0
0
0
0
0
0
0
0
0
0
0
0
0
0
0
0
0
0
0
0
0
0
0
0
0
0
128.990189007348
128.990189007348
128.990189007348
128.990189007348
-128.990189007348
0
0
0
0
0
0
0
0
0
0
0
0
0
0
0
0
0
0
0
0
0
0
0
0
0
0
0
0
0
0
0
0
0
0
0
0
0
0
0
0
0
0
0
0
0
0
0
0
0
0
0
0
0
0
0
0
0
0
0
0
0
0
0
0
0
0
0
0
0
0
0
0
0
0
0
0
0
0
0
0
0
0
0.0039407437317313
0.0039407437317313
0.0039407437317313
0.0039407437317313
0.0039407437317313
0
0
0
0
0
0
0
0
0
0
0
0
0
0
0
0
0
0
0
0
0
0
0
0
0
0
0
0
0
0
0
0
0
0
0
0
0
0
0
0
0
0
0
0
0
0
0
0
16.1307548303289
16.1307548303289
-16.1307548303289
5.36772320806893
-2.6818912321686
2.6818912321686
2.6818912321686
2.6818912321686
0
0
0
0
0
0
0
0
0
0
0
0
0
0
0
0
0
0
0
0
0
2.6818912321686
2.67403258959633
2.6818912321686
2.6818912321686
2.6818912321686
2.6818912321686
2.6818912321686
2.6818912321686
2.6818912321686
2.6818912321686
2.6818912321686
2.6818912321686
2.6818912321686
2.6818912321686
2.6818912321686
2.6818912321686
2.6818912321686
2.6818912321686
16.1307548303289
16.1307548303289
5.36772320806893
5.36772320806893
0
0
0
0
0
0
0
0
0
0
0
0
0
0
0
0
0
0
0
0
0
0
0
0
0
0
0
0
0
0
0
0
0
0
0
0
0
0
0
0
0
0
0
0
0
0
0
0
0
0
0
0
0
0
0
0
0
0
0
0
0
0
0
0
0
0
0
0
0
0
0
0
0
0
0
0
0
0
0
0
0
0
0
0
0
0
0
0
0
0
0
0
0
0
0
0
0
0
0
0
0
0
0
0
0
0
0
0
0
0
0
0
0
0
0
0
0
0
0
0
0
0
0
0
0
0
0
0
0
0
0
0
0
0
0
0
0
0
0
0
0
0
0
0
0
0
0
0
0
0
0
0
0
0
0
0
0
0
0
0
0
0
0
0
0
0
0
0
0
0
0
0
0
0
0
0
0
0
0
0
0
0
0
0
0
0
0
0
0
0
0
0
1.29069447041146
269.436217133627
269.436217133627
0
26.4841585159915
26.4841585159915
0
-295.920375649618
295.920375649618
26.4841585159915
0
268.145522663215
0
0
1000
0
26.4841585159915
0
26.4841585159915
26.4841585159915
0
0
0
0
0
0
0
0
0
0
0
0
0
0
0
0
0
0
0
0
0
0
0
0
0
0
0
0
0
0
0
0
0
0
0
0
0
0
0
0
0
0
0
0
0
0
0
0
0
0
0
0
0
0
0
0
0
0
0
0
0
0
0
0
0
0
0
0
0
0
0
0
0
0
0
0
0
0
0
0
0
0
0
0
0
0
0
0
0
0
0
0
0
0
0
0
0
0
0
0
0
0
0
0
0
0
0
0
0
0
0
0
0
0
0
0.0039407437317313
0
0
0
0
0
0
0
1.69916874000334
0
0
0
1.06540196089429
1.06540196089429
1.06540196089429
0
0
0
10.5887479473071
0
0
1.45703193070918
0
0
10.5887479473071
0.0039407437317313
0
0
0
0
-1.45703193070915
1.45703193070918
0
0
0
0
0
0
11.8794424177185
0
0
0
0.265735581902147
0
0.242136809294156
0
11.8794424177185
11.8794424177185
0
0
0
0
0
0
0
0
0
0
0
0
0
0
-12.0418391342845
0
0
0
0
0
0
0
0
0
0
0
0
0
0
0
0
0
0
0
0
0
0
0
0
0
0
0
0
0
0
0
0
0
0
0
0
0
0
0
0
0
0
0
0
0
0
0
0
0
0
0
0
0
0
0
0
0
0
0
0
0
0
0
0
0
0
0
0
0
0
0
0
0
0
0
0
0
0
0
0
0
0
0
0
0
0
0
0
0
0
0
0
0
0
0
0
0
0
0
0
0
0
0
0
0
0
0
0
0
0
0
0
0
0
0
0
1000
0
0
1000
1000
0
0
0
0
0
0
0
0
0
0
0
0
0
0
0
0
0
0
0
0
0
0
0
0
0
0
0
0
0
0
0
0
0
0
0
0
0
0
0
0
0
0
0
0
0
0
0
0
0
0
0
0
0
0
0
0
0
0
0
0
0
0
0
0
0
0
0
0
0
0
0
0
0
0
0
0
0
0
0
0
0
0
0
0
0
0
0
0
0
0
0
0
0
0
0
0
0
0
0
0
0
0
0
0
0
0
0
0
0
0
0
0
0
0
0
0
0
0
0
0
0
0
0
0
0
0
0
0
0
0
0
0
0
0
0
0
0
0
0
0
0
0
0
0
0
0
0
0
0
0
0
0
0
0
0
0
0
0
0
0
0
0
0
0
0
0
0
0
0
0
0
0
0
0
0
0
0
0
0
0
0
0
0
0
0
0
0
0
0
0
0
0
0
0
0
0
0
0
0
0
0
0
0
0
0
0
0
0
0
0
0
0
0
0
0
0
0
0
0
0
0
0
0
0
0
0
0
0
0
0
0
0
0
0
0
0
0
0
0
0
0
0
0
0
0
0
0
0
0
0
0
0
0
0
0
0
0
0
0
0
0
0
0
0
0
0
0
0
0
0
0
0
0
0
0
0
0
0
0
0
0
0
0
0
0
0
0
0
0
0
0
0
0
0
0
0
0
0
0
0
0
0
0
0
0
0
0
0
0
0
0
0
0
0
1000
0
0
0
0
507.454744270536
0
0
0
0
0
0
0
0
0
0
0
0
0
0
0
0
0
0
0
0
0
0
0
0
0
0
0
0
0
0
0
0
0
0
0
0
0
0
0
0
0
0
0
0
0
0
0
0
0
0
0
0
0
0
0
0
0
0
0
0
0
0
0
0
0
0
0
0
0
0
0
0
0
0
0
0
0.179489454534763
0.179489454534763
0
0
0
0
0.179489454534746
0.179489454534763
0
-249.466120841883
0
0
0
0
0.0276137622359871
0
0.00986899299773091
0
0
0
0
0
249.466120841883
0
0
1000
0
0
0
0
0
0
0
0
0
0
0
0
0
0
0
0
0
0
0
0
0
0
0
0
0
0
0
0
0
0
0
0
0
0
0
0
0
0
0
0
0
0
0
0
0
0
0
0
0
0
515.899277956676
515.899277956676
0
0
0
0
0
0
0
0
0
0
0
0
0
0
0
0
0
0
0
0
0
0
0
0
0
0
0
0
0
0
0
0
0
0
0
0
0
0
0
0
0
0
0
0
0
0
0
0
1000
-1000
-804.047876082605
1000
0
0
-1000
1000
0
0
0
1000
-1000
-804.810324326353
-1000
1000
0
0
0
0
0
0
0
0
0
0
0
0
0
0
0
0
0
0
0
0
0
0
0
0
0
0
0
0
0
0
0
0
0
0
0
0
0
0
0
0
0
0
0
0
0
0
0
0
0
0
0
0
0
0
0
-999.996059256268
-1000
1000
-1000
1000
999.996059256268
-1000
0
0
0
0
0
0
0.00394074373173225
0
0
0
0
0
0
0
0
0
0
0
0
0
0
0
0
208.774076302639
0
0
0
0
0.0157287075901275
0.0039407437317313
0.0235987726079909
1000
0.00196466064306604
0.00196466064306604
0.00394074373173225
0
0.0137640469470615
0.00196466064306604
0.0295041769828094
-0.00196466064301148
0.00196466064306604
0.00196466064306604
0.00196466064306604
0.00196466064306604
0.00196466064306604
-0.00196466064301148
-0.00392932128613666
0.00196466064306604
0.00196466064306604
0.00196466064301148
0.00196466064306604
-0.00590540437474374
-0.00590540437474374
0.00394074373173225
0.00394074373173225
0.00196466064306604
0.00196466064306604
0.0039407437317313
0.0039407437317313
-0.00394074373173225
-0.00394074373173225
0.00394074373173225
0.00394074373173225
0.00196466064306604
0.00196466064306604
0.00196466064306604
0.00196466064306604
0.0491964731958205
-0.00590540437474374
-999.97246048366
0
0
0
0
0
0
-1000
0
0
0
0.0039407437317313
0
0
0
0
0.00197037186586565
0.00394074373173225
0.00394074373173225
0
0.0039407437317313
0
0
0
0
0
-0.00394074373173225
0
0
0.00785864257226415
0.00196466064306604
0.00589398192919811
0.00196466064306604
-0.00196466064301148
0.00196466064306604
0.00196466064306604
0.00196466064306604
0.00196466064306604
0.00196466064306604
0.00196466064306604
0.00392932128613207
0.00196466064306604
0.00196466064306604
0.00196466064306604
0.00196466064306604
0.00196466064306604
0
0.00196466064306604
0.0039407437317313
0
0.0039407437317313
0
0.0039407437317313
0.0039407437317313
0.0039407437317313
0.0039407437317313
0.0039407437317313
0.0039407437317313
0
0.0039407437317313
0
0.0039407437317313
0.0039407437317313
0.0039407437317313
0.0039407437317313
0.0039407437317313
0
0
0
0
0
0
0
0
0
0
0
0
0
0
0
0
-0.00394074373173225
0
0
0
0
0
0
0
0
0
0
0
0
0
0
0
0
0
0
0
0
0
0
0
0
0
0
0
0
0
0
0
0
0
0
0
0
0
0
0
0
0
0
0
0
0
0
0
0
0
0
0
0
0
0
0
0
0
0
0
0
0
0
0
1000
25.3973309027645
0
0
0
0
0
0.0039407437317313
0
0
0
0
0
0
0
0
0
0
0
0
0
0
0
0
0
0
0
0
0
0
0
0
0
-1000
0
-1.0861413146207
0
-464.73387548163
0
0
0
0
0
0.118357134453311
0
0
0
0
0
0
0
0
0
0.118357134453311
0
0
128.52229180246
0
0
0
0
0.118357134453311
0
0.118357134453311
0
0.118357134453311
0
44.3109842336237
0
0
0
7.39732090333196
0
45.7154431825915
0
0.118357134453311
0
0.236714268906623
0
0.118357134453311
0
0.118357134453311
0
0.118357134453311
0
0.118357134453311
0
0.118357134453311
0
0.118357134453311
0
0.118357134453311
0
0.118357134453311
0
0.118357134453311
0
0.118357134453311
0
0.118357134453311
0
0.118357134453311
0
0.118357134453311
0
0.118357134453311
0
0.118357134453311
0
0.118357134453311
0
0.118357134453311
0
2.48549982351954
0
0.753494709474558
0
3.4027676155327
0
3.43235689914603
0
1.74576773318634
0
0.118357134453311
0
6.46768986014443
0
8.17863472173476
0
0.118357134453311
0
0.118357134453311
0
0.118357134453311
0
0.118357134453311
0
56.6634781195228
0
0.858089224786508
0
6.36169597686549
0
0
0
0.461436093356972
0
0.118357134453311
0
0.118357134453311
0
1.12439277730646
0
0.118357134453311
0
0.118357134453311
0
0.118357134453311
0
-1000
0
0
268.145522663215
1000
0
0
0
0
0
-0.0118222311951968
-1000
1000
0
0
-1000
1000
249.645610296418
0
514.442246025966
1000
-1000
-1000
0
0
1000
0
0
0
0
0
-6.02033321493491
1000
-11.8794424177186
0
0
0
-1000
1000
-0.00394074373173225
0
0
0
0
-3.96652990267148
0
712.998088322481
0
0
0
0
-999.935120508996
797.758935813387
1000
-1000
-548.105444029506
-249.645610296418
0
1000
74.4390356719633
0
-1000
0
0
1000
847.006400970877
-1000
752.727464030988
0
1000
0
0
-1000
1000
1000
1000
0
0
0
0
0
0
-507.74348290354
0
0
0
0
0
0
0
0
0
1000
0
731.572753601586
0
87.3629522264974
0
0
0
0
0
0
0
0
1000
0
0
0
0
0
0
0
0
0
-1000
-1000
-1000
-1000
-1000
-1000
-1000
-1000
-1000
-1000
-1000
1000
1000
1000
-37.6912481814962
-1000
-1000
-1000
991.639845434997
1000
-1000
-33.2513768925455
-1000
-1000
1000
1000
1000
1000
1000
-1000
1000
-1000
387.4598641094
1000
-1000
107.370750665062
-1000
-475.296729666423
-1000
-1000
-1000
1000
-1000
-1000
-1000
-1000
-1000
-1000
-1000
-1000
-1000
-1000
1000
1000
-1000
-1000
-1000
-1000
-1000
444.739983840371
-1000
-1000
-1000
-1000
-1000
-1000
-1000
-1000
-1000
-1000
1000
-1000
731.572753601586
1000
1000
-1000
-1000
-1000
-1000
1000
615.790544263167
-1000
-1000
-1000
-14.4379712374156
1000
-1000
1000
-1000
1000
1000
1000
-1000
-1000
1000
1000
1000
1000
-1000
-1000
-1000
-1000
-1000
-60.6169722199623
-1000
-581.497882951739
-1000
-1000
1000
1000
1000
1000
1000
-1000
1000
1000
1000
1000
1000
962.224006790862
1000
-1000
1000
-1000
11.6942426922546
0
-1000
-1000
0
0
0
0
0
0
0
0
0
0
0
0
0
0
0
0
0
0
0
0
0
0
0
0
0
0
0
0
0
0
0
0
0
0
0
0
0
0
0
0
0
0
0
0
0
0
0
0
0
0
0
0
0
0
0
0
0
0
0
0
0
0
0
0
0
0
0
0
0
0
456.189219833875
0
0
0
0
0
0
0
0
0
0
0
0
0
0
0
0
0
0
0
0
0
0
0
0
0
0
0
0
0
0
0
0
0
0
0
0
0
0
0
0
0
0
0
0
0
0
0
0
0
0
0
0
0
0
0
0
0
0
0
0
0
0
0
0
0
0
0
0
0
0
0
0
0
0
0
0
0
0
0
0
0
0
0
0
0
0
0
0
0
0
0
0
0
0
0
0
0
0
0
0
0
0
0
0
0
0
0
0
0
0
0
0
0
0
0
0
0
0
0
0
0
0
0
0
0
0
0
0
0
0
0
0
0
0
0
0
0
0
0
0
0
0
0
0
0
0
0
0
0
0
0
0
0
0
0
0
0
0
0
0
0
0
0
0
0
0
0
0
0
0
0
0
0
0
0
0
0
0
0
0
0
0
0
0
0
0
0
0
0
0
0
0
0
0
0
0
0
0
0
0
0
0
0
0
0
0
0
0
0
0
0
0
0
0
0
0
0
0
0
0
0
0
0
0
0
0
0
0
0
0
0
0
0
0
0
0
0
0
0
0
0
0
0
0
0
0
0
0
0
0
0
0
0
0
-1000
0
-1000
1000
1000
1000
0
1000
-1000
-1000
1000
-1000
1000
1000
1000
1000
-997.390499468687
-1000
1000
-1000
1000
1000
0
-1000
-1000
-1000
-1000
-1000
1000
-1000
-1000
-0.055090455124855
-1000
-1000
1000
-999.944909544875
1000
-1000
0
-1000
-1000
1000
-1000
-1000
-1000
1000
-1000
-1000
-1000
-1000
-1000
-1000
-1000
1000
-1000
0
0
0
0
0
0
0
1000
0
0
0
-1000
0
0
0
0
0
-1000
0
0
0
-1000
-1000
-712.998088322481
0
0
0
0
0
458.072934179964
1000
0
0
0
1000
0
0
0
0
0
-0.00394074373173225
0.0039407437317313
0
0
-0.00394074373173225
-0.00394074373173225
0
0
0
0
0
0
0
0
0
0
0
0
0
0
0
0
0
0
0
0
0
0
0
0
0
0
0.0039407437317313
0
0
1000
-1000
1000
-1000
0
0
0
0
0
-0.00394074373173225
0
0
0
0
249.466120841883
0
0
0
0
0
0
0
0
0
0
0
0
710.983975768168
0
0
-500
0.0039407437317313
0
0
0
0.0173002457307803
-1000
0
0
0
0
0
0
0
-1000
0
288.852726093935
0
0
0
0
0
0
0
0
0
0
0
0
0
0
0
0
0
0
0
0
0
0
0
0
0
0
0
0
0
0
0
0
0
0
0
0.0039407437317313
0
0
0
0
0
1000
0
1000
0
0
2.13080392178858
0
0
0
0
0.00589398192919811
1000
0
-1000
0
0
0
0
0
0
0
0
0
0
0
0
0.00394074373173225
-533.883578648593
128.986248263616
997.869196078211
1000
0
0
433.187704750278
1000
1000
0
0
0
1000
0
0.00394074373173225
0
0
1000
0
0
0
1000
999.97635553761
-1000
0
0
0
0
-1000
0
-1000
1000
0
0
0
0
0
0
0
0
0
0
0
-1000
0
0
0
0
0
0
0
0
0
0
0
1000
0
1000
0
887.6840042011
0
0
0
0
0
0
0
0
0
0
1.06540196089429
0
0.0039407437317313
-0.00394074373173225
0.0039407437317313
0.0039407437317313
0
0
0.00394074373173225
0
0
0
1.06540196089429
0
0
-0.0118222311951968
-1000
-777.490930836526
1000
-1000
-1000
1000
0
0
1000
110.193073364575
-1000
-1000
0
0
0
0
0
0
0
0
0
0
0
0
0
0
0
0
0
0
0
0
0
0
0
0
0
889.806926635425
0
0
0
0
0
0.00196466064306604
0
0
0
0
0
0
0
0
0.0039407437317313
0
0
0
0
0
0
0
0
6.34933272569117
0
-50.7946618055289
0
0
0
0
0
0
0
0
0
0
0
0
0
1000
0
38.0959963541466
0
0
50.7946618055289
0
0
0
0
0
0
0
0
0
0
0
0
0
0
0
0
0
0
0
0
0
0
0
0
0
0
0
2.54149414582673
0
0
0
0
0
0
0
0
0
0
0
0
0
0
0
0
0
0
0
0
0
0
0
0
0
0
0
0
0
0
0
0
0
0
0
0
0
0
0
0
0
0
0
0
0
0
0
0
0
0
0
0
0
0
0
0
0
0
0
0
0
0
0
0
0
0
0
0
0
0
0
0
0
0
0
0
0
0
0
0
0
0
0
0
0
0
0
0
0
0
0
0
0
0
0
0
0
0
0
0
0
0
0
0
0
0
0
0
0
0
0
0
0
-999.935120508996
0
0.00196466064301148
0
0.0471861227704267
0
0
-0.0648794910035804
0
1000
0
0
0
0
0.0176933682331537
0
0
0
0
0
0
0
0
0
0
0
0
0
0
0
0
0
0.0039407437317313
0.0039407437317313
0.0039407437317313
1000
-1000
0
-1000
1000
0
0
0
0
0
0
-1000
1000
0
0
0
0
0
0
0
0
0
0
-1000
0
1000
0
-1000
-1000
1000
1000
0
1000
0
0
0
0
0
0
0
0
0
0
-1000
0
1000
0.431635181785235
0.0039407437317313
0.0039407437317313
0.0039407437317313
0.0039407437317313
0.0039407437317313
933.03453407404
0
0
1000
6.4800531113188
0
0
0
0
0
0
0
0
0
0
0
0
0
0
-1000
0
0
0
0
0
0
1000
-1000
0
1000
0
0
-1000
0
0
0
0
0
0
0
0
0
0
0
0
0
0
0
0
0
0
0
0
0
0
0
0
6.34933272569111
0
0
0
0
0
0
6.34933272569111
0
0
0
0
0
6.34933272569111
0
0
0
0
0
6.34933272569111
0
0
0
0
195.189675673646
0
0
0
0
0
0
0
0
0
0
0
-1000
0
0
0
0
0
0
0
0
1000
-1000
-1000
-1000
-1000
-1000
0
0.0235987726079909
0
0
0
0
-999.802101370641
-1000
-713.76206907768
0
249.466120841883
0
0
0
-565.090847383829
4.01498962812623
0
0
0
0
0.633766779109053
0.633766779109053
-999.980296281341
0
-999.933155848353
0
0
0
0
0
0
0.400052119703389
0
-1000
0
0
0
0
0
0
0
1000
0.0039407437317313
0
0
0
0
0
0
0
-195.19755716111
0
0
0
1000
0
0
0
1000
0
0
0
-537.206653985675
0
-1000
0
0
0
-1000
-1000
0
0
0
0
329.394353748591
329.512710883044
0
458.384542755939
0
0
0
0
-1000
1000
-750
0
0
0
0
-1000
-1000
0
0
837.92855714925
0
0
0
0
0.0137626191413616
0
0
0
0
0
0
0
0
887.6840042011
0
887.6840042011
0
0
0
0
0
0
0
0
0
-433.031226764273
0
0
-1000
1000
-1000
-1000
1000
0
0
0
0
0
0
0
0
-1000
-507.454744270536
0
1000
0.00196466064306604
0.00196466064306604
0
1000
0
0
434.909152616171
0
0
0
0
0
0
0
0
0
0
0
0
0
0
0
0
0
0
0
0
0
0
0
0
0
-0.0471861227704267
0
0
0
0
0
0
0
0
0
0
0
0
0
0
0
0
0
0
0
0
0
0
0
0
0
0
0
0
0
0
0
0
0
0
0
0
0
0
0
0
0
0
0
0
0
0
-1000
0
-1000
0
0
0
0
0
0
-1000
0
0
0
0
0
0
0
0
0
0
0
866.719364868719
0
0
0
0
0
0
0
0
0
0
0
0
0
1000
0
0
0
0
0
0
0
0
0
0
0
0
0
0
0
0
0
0
0
0
0
0
0
0
0
0
0
0
0
0
0
0
0
0
0
0
0
0
0
0
0
0
0
0
0
0
0
0
0
0
0
0
0
0
0
0
0
0
0
0
0
0
0
0
0
0
0
0
0
0
0
0
0
0
0
0
0
0
0
0
0
0
0
0
0
0
0
0
0
0
0
0
0
0
0
0
0
0
0
0
0
0
0
0
0
0
0
0
0
0
0
0
0
0
0
0
0
0
0
0
0
0
0
0
0
0
0
0
0
0
0
0
0
0
0
0
0
0
0
0
0
0
0
0
0
0
0
0
0
0
0
0
0
0
0
0
0
0
0
0
0
0
0
0
0
0
0
0
0
0
0
0
0
0
0
0
0
0
0
0
0
0
0
0
0
0
0
0
0
0
0
0
0
0
0
0
0
0
0
0
0
0
-1000
0
0
0
0
0
0
0
0
0
0
0
0
0
0
0
0
0
0
0
0
0
0
0
333.333333333333
0
0
0
0
-166.669734862471
0
0
-718.008090201811
1000
-281.812420343654
32.0451941532341
-288.852726093935
0
-710.983975768168
-1000
0
0
0
0
1000
0
0
0
0
66.961525182228
0
0
0
0
0
0
0
0
0
0
0
0
0
0
0
0
0
0
0
0
0
0
-1.0861413146207
0
0
0
0
0
0
0
0
0
0
0
0
0
0
0
0
0
0
0
0
0
0
0
0
0
0
0
0
0
0
0
0
0
0
0
0
0
0
0
0
0
0
0
0
0
0
0
0
0
0
0
0
0
0
0
0
0
0
0
0
0
0
0
0
0
0
0
0
0
0
0
0
0
0
0
0
0
0
0
0
0
0
0
0
0
0
0
0
0
0
0
0
0
0
0
0
0
0
0
0
0
0
0
0
0
0
0
0
0
0
0
0
0
0
0
0
0
0
0
0
0
0
0
0
0
0
0
0
0
0
0
0
0
0
0
0
0
0
0
0
0
0
0
0
0
0
0
0
0
0
0
0
0
0
0
0
0
0
0
0
0
0
0
0
0
0
0
0
0
0
0
0
0
0
0
0
0
0
0
0
0
0
0
0
0
0
0
0
0
0
0
0
0
0
0
0
0
0
0
0
0
0
0
0
0
0
0
0
0
0
0
0
0
0
0
0
0
0
0
0
0
0
0
0
0
0
0
0
0
0
0
-971.033053949209
0
0
0
0
0
0
0
0
0
0
0
0
0
0
0
0
0
0
-971.033053949209
0
0
0
0
0
0
0
0
0
0
0
0
0
434.909152616171
0
0
0
0
0
0
0
0
0
0
0
-1000
0
0
0
0
0.00394074373173225
0.44973023935529
-999.980296281341
0
0
0
0
0
0
0
0
0
0
0
0
0
0
0
0
0
0
0
0
0
0
0
0
0
0
0
0
0
0
0
0
0
0
0
0
0
0
0
0
0
0
0
0
0
0
0
0
0
0
0
0
0
0
0
0
0
0
0
0
0
0
0
0
0
0
0
0
0
0
0
0
0
0
0
0
0
0
0
0
0
0
0
0
0
0
0
0
0
0
0
0
0
0
0
0
0
0
0
0
0
0
0
0
0
0
0
0
0
0
0
0
0
0
0
0
0
0
0
0
0
0
0
0
0
0
0
0
0
0
0
0
0
0
0
0
0
0
0
0
0
0
0
0
0
0
0
0
0
0
0
0
0
0
0
0
0
1000
0
0
0
1000
0
0
0
0
0
0
0
0
1000
0.00394074373173225
0
0
-1000
0
0
1000
0
0
0
0
0
0
0
0
0
0
0
0
0
0
0
0
1000
-1000
0
0
0
0
0
0
0
0
0
0
0
0
0
0
0
0
0
0
0
0
0
0
0
0
0
0
0
0
0
0
0
0
0
0
0
0
0
0
0
0
0
0
0
0
0
0
0
0
0
0
0
0
0
0
0
0
0
0
0
0
0
0
0
0
0
0
0
0
0
0
0
0
0
0
0
0
0
0
0
0
0
0
0
0
0
0
0
0
0
0
0
0
0
0
0
0
0
0
0
0
0
0
0
0
0
0
0
0
0
0
0
0
0
0
0
0
0
0
0
0
0
0
0
0
0
0
0
0
0
0
0
0
1000
500
95.1870466601762
-295.892836133278
0
0
-1.06540196089429
0
0
508.060861548691
21.055374721231
46.0229370601952
0.114224455992211
95.1870466601762
0
0
0
0
0
0
0
0
0
1000
-1000
0
-713.76206907768
-286.23793092232
1000
-870.970403555335
999.980296281341
-1000
0
0
0
0
-6.34933272569106
-12.6986654513822
0
0
-0.0127817166255682
0.0039407437317313
0
0
0
0
0
0
0
0
0
0
0
0
0
0
0
0
1.0861413146207
0
464.73387548163
0
0
0
0
-999.935120508996
-56.6634781195228
-2.48549982351949
-11.6942426922546
-22.9257240384661
-46.7537784450997
-36.6630424628254
-11.4492359935036
-18.9418558152455
-1000
-5.02501938023738
-34.2926613114274
999.992118512537
-1000
0
0
0
0
-1000
-41.6115314575482
-19.1075098325482
-29.8726555591143
-985.562028762584
-981.18659434487
-26.0817505168833
-37.6912481814962
973.762133207889
-305.079335150841
0
-87.3629522264973
-1000
-286.23793092232
0
1000
417.548152605279
0
999.802101370641
-1000
0
0
0
-11.8794424177186
0
0
1000
0
0
0
0
0
-417.548152605279
0
0
0
0
0
0
0
0
-0.00394074373173225
-0.00394074373173225
0
0
0
0
0
0
0
0
0
0
0
0
0
0
0
0
-2.60950053131296
0
1000
0
0
1000
-1000
249.466120841883
-0.00394074373173225
-0.00394074373173225
0
804.810324326354
0
0
-0.00394074373173225
0
-0.00394074373173225
0
0
-208.774076302639
-0.00394074373173225
0
0
0
-0.00394074373173225
0
0
0
0
0
0
0
0
0
0
0
1000
0
0
0
0
0
-0.0118222311951968
0
0
0
0
0
0
0
0
-202.241064186613
0
1000
0
-1000
0
1000
0
0
-0.00394074373173225
0
0
0
0
0
0
0
0
0
0
0
0
0
0
-66.9654659259597
-3.96652990267148
-712.998088322481
-1000
-1000
208.77407630264
0
0
0
0
712.998088322481
0
0
2.6818912321686
0
0
0
0
0
0
-548.105444029506
0
0
0
0
1000
1000
249.645610296418
0
0
514.442246025966
750.354389703582
0
0
0
-500
0
0
0
-1000
1000
-1000
-1000
0
0
0
0
0
0
-0.055090455124855
0
0
0
0
0
-804.80244283889
-1000
1000
0
0
0
0
0
0
1000
-1000
-1000
-6.02033321493491
0
0
0
0
0
0
0
0
0
0
1000
0
0
0
-0.461436093356951
-0.118357134453277
-32.0451941532341
-507.74348290354
-1.74576773318631
-8.17863472173474
-1.12439277730641
-6.36169597686546
-3.40276761553275
-0.118357134453277
0
0
128.52229180246
0
-0.118357134453277
-1000
-0.118357134453277
-0.118357134453277
-0.118357134453277
-0.858089224786454
0
-0.118357134453277
-44.3109842336238
-45.7154431825916
0
-4.01498962812627
0
0
-0.400052119703332
-0.118357134453277
-0.75349470947458
0
-6.46768986014445
-0.118357134453277
-0.118357134453277
-0.118357134453277
-3.43235689914604
0
-7.397320903332
0
0
0
-1000
1000
0
0
-1000
1000
-0.00394074373173225
0
750
-750
0
0
0
-1000
0
0
0
0
0
0
0
0
0
0
0
0
0
0
0
0
0
-1000
1000
-1000
1000
1000
0
-1000
-1000
-0.118357134453277
-0.118357134453277
0
0
0
0
1000
0
-281.991909798189
281.812420343654
1000
0
0
0
0
66.9615251822279
0
1000
0
0
-1000
0
0
0
0
0
-1.0861413146207
0
0
0
0
0
0
0
0
0
0
0
0
0
0
0
0
0
0
0
0
0
0
0
0
0
0
0
0
0
0
0
0
0
0
0
0
0
0
0
0
0
0
0
0
0
0
0
0
0
0
0
0
0
0
0
0
0
0
0
0
0
0
0
0
0
0
-0.118357134453277
0
0
0
0
0
0
0
0
0
0
0
0
0
0
0
0
0
0
0
0
0
0
0
0
0
0
0
0
0
0
0
0
0
0
0
0
0
0
0
0
0
0
0
0
0
0
0
0
0
0
0
0
0
0
0
0
0
0
0
0
0
0
0
0
0
0
0
0
0
0
0
0
0
0
0
0
0
0
0
0
0
0
0
0
0
0
0
0
0
0
0
0
0
0
0
0
0
0
0
0
0
0
0
0
0
0
0
0
0
0
0
0
0
0
0
0
0
0
0
0
0
0
0
0
0
0
0
0
0
0
0
0
0
0
0
0
0
0
0
0
0
0
0
0
0
0
0
0
0
0
0
0
0
0
0
0
0
0
0
0
0
0
0
0
0
0
0
0
0
0
0
0
0
0
0
0
0
0
0
0
0
0
0
0
0
0
0
0
0
0
0
0
0
0
0
0
0
0
0
0
0
0
0
0
0
0
0
0
0
0
0
0
0
0
0
0
0
0
0
0
0
0
0
0
0
0
0
0
971.033053949209
0
0
0
0
0
0
0
0
0
0
0
0
0
0
0
0
0
0
0
0
0
0
0
0
0
0
0
0
-1000
0
1000
0
0
0
0
-0.44973023935529
0
0
0
0
0
0
0
0
0
0
0
0
0
0
0
0
0
0
0
0
0
0
0
0
0
1000
0
0
-1000
0
0
-0.00394074373173225
0
0
0
0
0
0
0
0
-731.854477336785
0
0
0
0
0
0
0
0
0
0
0
0
0
0
0
0
0
0
0
0
0
0
0
0
0
0
0
0
0
0
0
0
0
0
0
0
0
0
0
0
0
0
0
0
0
0
0
0
0
0
0
0
0
0
0
-0.118357134453277
-0.118357134453277
-0.118357134453277
-0.118357134453277
0
-0.118357134453277
-0.236714268906667
0
-0.118357134453277
-0.118357134453277
-0.118357134453277
-0.118357134453277
0
-0.118357134453277
-0.118357134453277
-0.118357134453277
-0.118357134453277
-0.118357134453277
-0.118357134453277
-0.118357134453277
0
-0.118357134453277
-0.118357134453277
-0.118357134453277
0
-1000
0
0
95.1870466601763
0
1000
0
0
0
0
0
