0
0
0
0
0
0
0
1000
-1000
1000
0
0
0
194.878576087436
1000
0
999.739720543533
-999.739720543533
999.940263731303
0
0.0597362686973623
0
-1000
0.375485117526296
0
1000
-208.394704216878
0
-328.033913413569
0.0309862589230578
0
0
0
0
0
0.0328977489215582
0
0
0
35.8470562045628
0
0
0
0
0
0
0
0
0
0
0
0
0
0
0
0
0
0
0
0
0
0
0
0
328.033913413569
0
0
0
0
0
0
0
161.840217888349
161.840217888349
0
0
0
0
0
0
-1000
0
0
0
0
0
0
0
0
0
0
0
0
0
1000
1000
0
0
0
0
0
0
0
0.00365354044034688
0
0
0
0
0
0
0
0
0
0
0
999.739720543533
0
0
0
0
0
0
0
0
0
0
0
0
0
1000
0
0
-1000
0
0
0
0
0
0
-1000
0
0
0
0
-14.9551376892086
0
0
0
0
-999.983960604468
0
0
0
1000
0
0
596.308565814804
1000
1000
403.682900432525
0
211.057235050246
0
-1000
403.682900432525
598.561476519962
1000
-805.121423912564
0
211.057235050246
1000
0
0
0
0
0
-134.679353212599
624.113088682535
0
0
0
0
0
-4.01874887226256
0
0
0
0
0
0
1000
-746.30554586358
-1000
0
0
0
0
1000
0
0
0
1000
0
0
0
0
0
-4.02301574859814
0
998.119251808562
0
0
0
0
0
0
0
0
0
0
0
-1000
0
0
-4.03032282947891
0
998.821865582642
0.471253766943293
0
0
0
0
0.706880650414939
0
999.992692919119
0
0
253.701761217301
-746.298238782699
0
-253.701761217301
0
0
0
0
0
0
0
0
0
0
-1000
0
-1000
1000
-1000
-161.840217888349
1000
-1000
1000
-1000
1000
-0.987754955494665
1000
0
0
-0.706880650414973
1000
0
-1000
1000
0
0
1000
0
0.183475682427613
0
-0.18347568242757
0
0.00182147523402801
0
0
0
0
0
0
0
0
0
994.418431554425
0
0
0
0
0
0
0
4.03032282947891
0
1000
0.479787519614344
331.565995659391
0
1000
0
-0.18347568242757
0
-0.706880650414973
0
0
0.706880650414973
0
0
0
0
0
0
0
0
-1000
0
0
0
-1000
0.706880650414973
0
-1000
-0.987754955494665
0
0
0.00365354044026844
0
2.20990482768432
0
0
0
0
0
0
0
0
0
0
0
0
0
0
2.35626883471646
0
9.91927404577268
0
0
0
0
0
0
0
0
1000
-1000
-998.114984932227
-147.986572339537
1000
1000
0
0.637661944028764
-1000
-1000
1000
-852.652911079726
1000
0
-1000
0
-1000
0
0
0
0
-1000
0
-1000
-1000
-1000
0
1000
0
0.0789208859999917
1000
1000
0
0
0
0
0
0
0.987754955494669
-1000
1000
1000
1000
1000
-1000
-0.471253766943278
0
-1000
-1000
1000
1000
-1000
-1000
1000
-1000
-1000
1000
-1000
130.227765961255
-1000
1000
0
853.203085732669
1000
0
0
0
-1000
1000
1.8892819441088
0
0
0.00730708088076426
0
0
0
-306.061156695577
1000
0
0
-139.943819023322
109.880052586521
0
0
0
0
0
0
0
0
0.708301471697268
0
0
0
0.708301471697268
0
0
0
0.00365354044034688
0
918.982180349274
0
-918.982180349274
0
0
918.982180349274
0
0
0
0
0
0
0
0
0
1000
0
0
0
0
0
0
0
0
0
0
0
1000
0
0
0
0
0
-1000
1000
0
0
0
0
0
0
0
0
0
0
0
0.00365354044038213
-1000
1000
0.106671908388194
0.106671908388194
0
-999.293119349585
0
0
0
0
0
0
0
0
0
0
0
0
0
0
0
0
0
0
0
0
0
0
0
0
0
0
0
0
0
0
0
0
0
0
0
0
0
0
0
0
0
0
0
0
0
0
0
0
0
0
0
0.166408177085486
0
0
144.97426983924
-1000
1000
0
1000
0
0
0
1000
0
0
0
0
0
0
0
0
0
0
0
0
0
0
0
0
0
0
0
0
0
0
0
0
0
0
0
0
-1000
0
0
0.166408177085486
0
0
0
0
0
0
0
0
0
1000
0
0
0
0
0
0
0
0
0
0
0
0
0
0
0
0
0
0
0
0
0
0
0
0
0
0
0
0
0
0
0
0
0
0
-1000
0
0
0
0
0
0
0
0
0
0
0
0
0.0109606213210406
0.0109606213210406
0
0.0109606213210406
0
0
0
0
0
0
0
0
0
0
0
0
0
0
0
0
0
0
0
0
0
0
0
0
1000
0
0.00426687633552588
500
0
0
0
0.772304616730184
0.772304616730184
0
34.9442919541862
0
0
0
0
0
0
0
0
0
0
0
0
0
0
0
0
0
0
0
0.00365354044034688
0
0
0
0
0
1000
0
0
0
-1000
0
0
1000
0
0
0
0
2.21877569447346
0
0
2.21877569447346
0
0
0
0
0
0
0
0
0
2.21877569447346
0
2.21877569447346
0
0
0
13.2360313048279
37.7297547158974
24.116896897053
17.6637428445212
26.1894427241435
8.61990650812636
20.1602184998802
36.8818950593603
33.9614895757328
10.7395556494689
20.819664899409
42.9111192836236
33.8672829472287
10.4569357639566
17.3340196447568
24.0226902685489
31.1352907206094
25.2002731248503
4.61612479670155
31.4179106061218
0
0
0
0
0
0
0
0
0
0
0
0
0
0
0
0
0
0
0
0
0
0
0
0
0
0
0
0
0
0
0
0
0
0
0
0
0
0
0
0
0
0
0
0
0
0
0
0
0
0
0
0
0
0
0
0
0
0
0
0
0
0
0
0
0
0
0
0
0
0
1000
0
0
0
0
0
0
0
0
0
0
0
0
0
0
249.505030210737
0
0
249.505030210737
0
0
0
0
0
-1000
0
0
0
0
0
-1000
-1000
0
0
474.866266458481
0
0
0
0
247.223808247813
0
109.880052586521
-862.187501277695
-722.243682254373
-1000
0
-247.227461788254
0
-247.346934325648
1000
1000
722.098608458965
1000
0
0
752.776191752187
0
-1000
-1000
-1000
0
752.772538211746
0
0
0
247.227461788254
0
0
0
0
0
0
0
0
0
0
0
1000
376.8783198134
1000
1000
0
500
750.001514807286
2.51278209655507
5
0
0
0
0
0
0
293.513617144745
0
0
0
0.127001420124657
0
4.22279721914606
-0.127001420124657
-0.127001420124657
0.127001420124657
0
481.738588211671
382.796396584008
0.127001420124657
-0.127001420124657
-0.127001420124657
0
0.00546839694163737
-0.127001420124657
0
0
-1000
-0.127001420124657
0
0
0
0
0
0
0
0
0
0
0
0
0
0
0
0
0
0
0.793758875779304
0
0
0
0
80.0384398095398
-0.784644880876499
0
0
0
0
0
0
0
0
-0.0145823918445558
0
0
0
0
0
0
0
0
0
0
0
0
0
0
0
0
0
0
0
0
0
0
0
0
0
0
0
0
0
0
0
0
0
0
0
0
0
0
0
0
0
0
0.00546839694163737
0
0
0
0
0
0
0
0
0
0
0
0
0
0
0
0
0
0
0
0
0
0
0
0
0
0
0
0
0
0
0
0
0
0
0
0
0
0
0
0
0
0
0
0
0
0
0
0
0
0
0
0
0
0
0
0
0
0
0
0
0
0
0
0
0
0
0
0
0
0
0
0
0
0
0
0
0
0
0
0
0
0
0
0
0
0
0
0
0
0
0
0
0
0
0
0
0
0
0
0
0
0
0
0
0
0
0
0
0
0
0
0
0
0
0
0
0
0
0
0
0
0
0
0
0
0
0
0
0
0
0
0
0
0
0
0
0
0
0
0
0
0.127001420124695
0.127001420124695
0.127001420124695
0
0
0
0
0
0
0
0
0
0.127001420124695
0
0
0
0
0
0
0
0
0
0
0
0
0
0
0
0
0
0
0
0
0
0
0
0
0
0
0
0
0
0
0
0
0
0
0
0
0
0
0
0
0
0
0
0
0
0
0
0
0
0
0
0
0
0
0
0
0
0
0
0
0
0
0
0
0
0
0
0
0
0
0
0
0
0
0
0
0
0
0
0
0
0
0
0
0
0
0
0
0
0
0
0
0
0
0
0
0
0
0
0
0
0
0
0
0
0
0
0
0
0
0
0
0
0
0
0
0
0
0
0
0
0
0
0
0
0
0
0
0
0
0
0
0
0
0
0
0
0
0
0
0
0
0
0
0
0
0
0
0
0
0
0
0
0
0
0
0
0
0
0
0
0
0
0
0
0
0
0
0
0
0
0
0
0
0
0
0
0
0
0
0
0
0
0
0
0
0
0
0
0
0
0
0
0
0
0
0
0
0
0
0
0
1000
0
0
0
0
0
0
0
0
0
0
0
0
0
0
0
0
0
0
0
0
0
0
0
0
0
0
0
0
0
0
0
0
0
0
0
0
0
0
0
0
0
0
0
0
0
0
0
0
0
0
0
0
0
0
0
0
0
0
0
0
0
0
-0.00455898307120606
0
0
0.00455898307120606
0
0.00455898307121545
0
0.00455898307121545
0
0
0
0
0
0
0
0
0
0
0
0
0
0
0
0
0
0
0
0
0
0
0
0
0
0
0
0
0
0
0
0
0
0
0
0
0
0
0
0
0
0
1000
1000
0
0
0
0
0
0
0
0
0
0
0
0
0
0
0
0
0
0
0
0
0
-1000
0
-1000
0
0
0
0
0
0
0
1000
1000
0
0
0
0
0
0
0
0
0
0
0
0
0
0
0
0
0
0
0
0
0
0
0
0
0
0
0
0
0
0
0
0
0
0
0
0
0
0
0
0
0
0
0
0
0
0
0
0
0
0
0
0
0
0
0
0
0
0
0
0
0
0
0
0
0
0
0
0
0
0
0
0
0
0
0
0
0
0
0
0
0
0
0
-998.024490089011
47.0927225147705
0
0
0.127001420124657
0
1000
0
0
0
0
871.590138725946
-0.127001420124657
375.843068832181
0
0
0
0.00546839694163737
0
0
-1000
1000
0
0
0
0
0
0
0
0
0
0
0
0
0
-1000
-0.793758875779304
0
0
0
0.784644880876499
0
0
0
0
0
0
0
0.0145823918445558
0
0
0
0
0
293.513617144745
-1.97550991098922
-998.024490089011
-123.552056954285
-123.552056954285
0
221.56092786982
1000
-0.0219212426420654
0
0
0.127001420124657
-0.127001420124657
0
0
4.60380147952026
-4.60380147952026
1000
0
0
0
0
0
1000
0
1000
-871.590138725946
-1000
0
-624.156931167819
-375.843068832181
-1000
0
0
0
0
0
-1000
0
0
0
0
0
-1000
1000
-1000
0
0
0
-1000
0
0
0
-1000
0
0
0
0
0
0
0
0
0
0
0
0
0
0
0
0
0
0
0
-1000
1000
-1000
0.799227272721055
-1000
0
-1000
0
-1000
0
-0.799227272721055
-0.799227272721055
0
0
0
0
0
0
-975.155080287195
0
-1000
0
-1000
0
-1000
0
1000
0
-1000
0
0
0
0
0
0
0
0
0
0
-1000
169.96156019046
-169.96156019046
0
0
0
0
0
0
0
0
0
0
0
0
0
0
0
0
0
0
0
0
0
0
0
0
0
0
0
0
0
0
0
0
0.00546839694163737
-0.00546839694163737
0
0
0
0
0
0
0
0
0
0
0
0
0
0
0
0
0
0
0
0
0
0
0
0
0
0
0
0
0
0
0
0
0
0
0
0
0.00546839694163737
-0.00546839694163737
0
0
0
0
0
0
0.0145823918445558
0.0145823918445558
0
0
0
0
0
0
0
0
0
0
0
0
0
0
0
0
-0.0145823918445558
-0.0145823918445558
0
0
0
0
0
0
0
0
0
0
0
0
0
0
0
0
0
0
0
0
0
0
0
0
0
0
0
0
0
0
0
0
0
0
0
0
1000
0
0
0
0
0
0
0
0
0.00365354044034688
0
0
0
0
0
0
0
0
11.1642241283047
0
0
0
0
0
0
0
0
0
0
0
0
0
0
0
0
0
0
0
0
0
0
0
0
0
0
0
0
0
0
0
0
0
0
0
0
0
0
0
1000
-1000
0
0
0
0
0
0
0
0
0
0
0
0
0
0
0
0
0
0
0
0
0
0
0
0
0
128.28285985393
128.28285985393
128.28285985393
0
0
0
0
0
0
0
0
0
0
0
0
0
0
0
0
0
0
0
0
0
0
0
0
0
0
0
0
0
0
0
0
0
0
0
0
0
0
0
0
0
0
0
0
0
0
0
0
0
0
0
0
0
0
0
0
0
0
0
0
0
0
0
0
0
0
0
0
0
0
0
0
0
0
0
0
0
0
0
0
0
0
0
0
0
0
0
0
0
0
0
0
0
0
0
0
0
0
0
0
0
0
0
0
0
0
0
0
0
0
0
0
0
0
0
0
0
0
0
0
0
0
0
0
0
0
0
0
0
0
0
0
0
0
0
0
0
0
0
0
0
0
0
0
0
0
0
0
0
0
0
0
0
0
0
0
0
0
0
0
0
0
0
0
0
0
0
0
0
0
0
0
0
0
0
0.00365354044034688
0.00365354044034688
0.00365354044034688
0.00365354044034688
0.00365354044034688
0
0
0
0
0
0
0
0
0
0
0
0
0
0
0
0
0
0
0
0
0
0
0
0
0
0
0
0
0
0
0
0
0
0
0
0
0
0
0
0
0
0
0
0
0
0
0
0
0
14.9551376892086
14.9551376892086
-14.9551376892086
4.97652096870873
-2.48643371413414
2.48643371413419
2.48643371413419
2.48643371413419
0
0
0
0
0
0
0
0
0
0
0
0
0
0
0
0
0
0
0
0
2.48643371413419
0
2.47914781319808
2.48643371413419
2.48643371413419
2.48643371413419
2.48643371413419
2.48643371413419
2.48643371413419
2.48643371413419
2.48643371413419
2.48643371413419
2.48643371413419
2.48643371413419
2.48643371413419
2.48643371413419
2.48643371413419
2.48643371413419
2.48643371413419
14.9551376892086
14.9551376892086
4.97652096870873
4.97652096870873
0
0
0
0
0
0
0
0
0
0
0
0
0
0
0
0
0
0
0
0
0
0
0
0
0
0
0
0
0
0
0
0
0
0
0
0
0
0
0
0
0
0
0
0
0
0
0
0
0
0
0
0
0
0
0
0
0
0
0
0
0
0
0
0
0
0
0
0
0
0
0
0
0
0
0
0
0
0
0
0
0
0
0
0
0
0
0
0
0
0
0
0
0
0
0
0
0
0
0
0
0
0
0
0
0
0
0
0
0
0
0
0
0
0
0
0
0
0
0
0
0
0
0
0
0
0
0
0
0
0
0
0
0
0
0
0
0
0
0
0
0
0
0
0
0
0
0
0
0
0
0
0
0
0
0
0
0
0
0
0
0
0
0
0
0
0
0
0
0
0
0
0
0
0
0
0
0
0
0
0
0
0
0
0
0
0
0
0
0
0
0
0
1.19662803896884
292.975102381527
292.975102381527
0
24.5539803534045
24.5539803534045
0
-317.529082734931
317.529082734931
24.5539803534045
0
291.778474342558
0
0
1000
0
24.5539803534045
0
24.5539803534045
24.5539803534045
0
0
0
0
0
0
0
0
0
0
0
0
0
0
0
0
0
0
0
0
0
0
0
0
0
0
0
0
0
0
0
0
0
0
0
0
0
0
0
0
0
0
0
0
0
0
0
0
0
0
0
0
0
0
0
0
0
0
0
0
0
0
0
0
0
0
0
0
0
0
0
0
0
0
0
0
0
0
0
0
0
0
0
0
0
0
0
0
0
0
0
0
0
0
0
0
0
0
0
0
0
0
0
0
0
0
0
0
0
0
0
0
0
0
0
0
0
0
0.00365354044034688
0
0
0
0
0
0
0
1.57533250807154
0
0
0
0.987754955494669
0.987754955494669
0.987754955494669
0
0
0
9.81703492328595
0
0
1.35084274545911
0
0
9.81703492328595
0.00365354044034688
0
0
0
0
-1.35084274545909
1.35084274545911
0
0
0
0
0.370896129533571
0
11.0136629622548
0
0
0
0.246368645365342
0
0.224489762612425
0
11.0136629622548
11.0136629622548
0
0
0
0
0
0
0
0
0
0
0
0
0
0
-11.1642241283047
0
0
0
0
0
0
0
0
0
0
0
0
0
0
0
0
0
0
0
0
0
0
0
0
0
0
0
0
0
0
0
0
0
0
0
0
0
0
0
0
0
0
0
0
0
0
0
0
0
0
0
0
0
0
0
0
0
0
0
0
0
0
0
0
0
0
0
0
0
0
0
0
0
0
0
0
0
0
0
0
0
0
0
0
0
0
0
0
0
0
0
0
0
0
0
0
0
0
0
0
0
0
0
0
0
0
0
0
0
0
0
0
0
0
0
0
1000
0
0
1000
1000
0
0
0
0
0
0
0
0
0
0
0
0
0
0
0
0
0
0
0
0
0
0
0
0
0
0
0
0
0
0
0
0
0
0
0
0
0
0
0
0
0
0
0
0
0
0
0
0
0
0
0
0
0
0
0
0
0
0
0
0
0
0
0
0
0
0
0
0
0
0
0
0
0
0
0
0
0
0
0
0
0
0
0
0
0
0
0
0
0
0
0
0
0
0
0
0
0
0
0
0
0
0
0
0
0
0
0
0
0
0
0
0
0
0
0
0
0
0
0
0
0
0
0
0
0
0
0
0
0
0
0
0
0
0
0
0
0
0
0
0
0
0
0
0
0
0
0
0
0
0
0
0
0
0
0
0
0
0
0
0
0
0
0
0
0
0
0
0
0
0
0
0
0
0
0
0
0
0
0
0
0
0
0
0
0
0
0
0
0
0
0
0
0
0
0
0
0
0
0
0
0
0
0
0
0
0
0
0
0
0
0
0
0
0
0
0
0
0
0
0
0
0
0
0
0
0
0
0
0
0
0
0
0
0
0
0
0
0
0
0
0
0
0
0
0
0
0
0
0
0
0
0
0
0
0
0
0
0
0
0
0
0
0
0
0
0
0
0
0
0
0
0
0
0
0
0
0
0
0
0
0
0
0
0
0
0
0
0
0
0
0
0
0
0
0
0
0
0
0
0
0
0
0
0
0
0
0
0
0
0
0
0
1000
0
0
0
0
0
0
0
0
0
0
0
0
0
0
0
0
0
0
0
0
0
0
0
0
0
0
0
0
0
0
0
0
0
0
0
0
0
0
0
0
0
0
0
0
0
0
0
0
0
0
0
0
0
0
0
0
0
0
0
0
0
0
0
0
0
0
0
0
0
0
0
0
0
0
0
0
0
0.166408177085486
0.166408177085486
0
0
0
0
0.166408177085486
0.166408177085486
0
-249.505030210737
0
0
0
0
0.0256012580131517
0
0
0
0
0
0
0
0
249.505030210737
0
1000
0
0
1.00698281518373
0
0
0
0
0
0
1.00698281518373
1.00698281518373
1.00698281518373
1.00698281518373
0
0
0
0
0
0
0
0
0
0
0
0
0
0
0
0
0
0
0
0
0
0
0
0
0
0
0
0
0
0
0
0
0
0
0
0
0
460.711457100176
460.711457100176
0
0
0
0
0
0
0
0
0
0
0
0
0
0
0
0
0
0
0
0
0
0
0
0
0
0
0
0
0
0
0
0
0
0
0
0
0
0
0
0
0
0
0
0
0
0
0
0
1000
-39.7569683447517
-959.536151004833
0
0
0
-1000
-1000
1000
0
0
0
0
-1000
0
0
0
0
0
0
0
0
0
0
0
0
0
0
0
0
0
0
0
0
0
0
0
0
0
0
0
0
0
0
0
0
0
0
0
0
0
0
0
0
0
1000
0
0
0
0
0
0
0
0
0
0
0
0
0
0
0
0
0
-999.99634645956
999.99634645956
1000
999.99634645956
1000
-1000
-1000
0
0
0
0
0
0
0.00365354044038213
0
0
0
0
0
0
0
0
0
0
0
0
0
0
0
0
0
0
0
0
0
0.0145823918445149
0
0.00365354044034688
0.0218788827529178
1000
0.00182147523402801
0.00182147523402801
0.00365354044038213
0
0.0127609166104869
0.00182147523402801
0.0273538984272544
-0.00182147523400999
0.00182147523402801
0.00182147523402801
0.00182147523402801
0.00182147523402801
0.00182147523402801
-0.00182147523400999
-0.00364295046801999
-0.0456110106567849
0.00182147523402801
0.00182147523402801
0.00182147523400999
0.00182147523402801
0.0401359949823927
-0.00547501567439213
-0.0419574702164027
0.00365354044038213
0.00182147523402801
0.00182147523402801
0.00365354044034688
0.00365354044034688
-0.00365354044038213
-0.00365354044038213
0.00365354044038213
0.00365354044038213
0.00182147523402801
0.00182147523402801
0.00182147523402801
0.00182147523402801
-0.00547501567439213
-999.974467576807
0
0
0
0
0
0
-855.02573016076
0
0
0
0.00365354044034688
0
0
0
0
0.00182677022017344
0.00365354044038213
0.00365354044038213
0
0
0.00365354044034688
0.00365354044034688
0
0
0
0
0
0
0.00728590093611203
0.00182147523402801
0.00546442570208402
0.00182147523402801
-0.00182147523400999
0.00182147523402801
0.00182147523402801
0.00182147523402801
0.00182147523402801
0.00182147523402801
0.00182147523402801
0.00364295046805601
0.00182147523402801
0.00182147523402801
0.00182147523402801
0.00182147523402801
0.00182147523402801
0
0.00182147523402801
0.00365354044034688
0
0.00365354044034688
0
0.00365354044034688
0.00365354044034688
0.00365354044034688
0.00365354044034688
0.00365354044034688
0.00365354044034688
0
0.00365354044034688
0
0.00365354044034688
0.00365354044034688
0.00365354044034688
0.00365354044034688
0.00365354044034688
0
0
0
0
0
0
0
0
0
0
0
0
0
0
0
0
-0.00365354044038213
0
0
0
0
0
0
0
0
0
0
0
0
0
0
0
0
0
0
0
0
0
0
0
0
0
0
0
0
0
0
0
0
0
0
0
0
0
0
0
0
0
0
0
0
0
0
0
0
0
0
0
0
0
0
0
0
0
0
0
0
0
0
0
1000
259.884680571381
0
0
0
0
0
0.00365354044034688
0
0
0
0
0
0
0
0
0
0
0
0
0
0
0
0
0
0
0
0
0
0
0
-1000
0
0
0
-293.513617144745
0
0
0
0
0
0.127001420124695
0
0
0
0
0
0
0
0
0
0.127001420124695
0
0
411.252800042465
0
0
0
0
0.25400284024939
0
0
0
0.127001420124695
0
47.5565634397567
0
0
0
7.93758875779345
0
49.0542985231635
0
0.127001420124695
0
0.25400284024939
0
0.127001420124695
0
0.127001420124695
0
0.127001420124695
0
0.127001420124695
0
0.127001420124695
0
0.127001420124695
0
0.127001420124695
0
0.127001420124695
0
0.127001420124695
0
0.127001420124695
0
0.127001420124695
0
0.127001420124695
0
0.127001420124695
0
0.127001420124695
0
0.127001420124695
0
0.127001420124695
0
0.127001420124695
0
2.6670298226186
0
0
0
3.65129082858499
0
3.68304118361616
0
1.87327094683925
0
0.127001420124695
0
80.1654412296645
0
9.61124357954284
0
0.127001420124695
0
0.127001420124695
0
0.127001420124695
0
0.127001420124695
0
60.8019298846978
0
0.92076029590404
0
6.82632633170237
0
34.3856344987612
0
0.459087362280948
0
0.127001420124695
0
0.127001420124695
0
1.2065134911846
0
0.127001420124695
0
0.127001420124695
0
0.127001420124695
0
0
-1000
0
0
291.778474342558
0
0
0
0
0
0
-0.0109606213210327
-1000
-1000
0
1.00698281518373
-1000
0
253.701761217301
0
459.360614354717
1000
-1000
-1000
0
0
1000
0
0
0
0
0
-5.5815684455747
-281.303571886398
-11.0136629622548
0
0
0
-4.03032282947891
1000
-0.00365354044038213
0
0
-3.19765978317901
855.018423079879
331.565995659391
0
0
0
0.0309862589230079
1000
4.03032282947891
-1000
-999.992692919119
0
0
1000
69.0138830845665
0
-1000
0
0
1000
1000
-1000
1000
0
333.311006828401
0
0
-1000
1000
1000
1000
0
0
0
0
0
0
-508.186116974407
0
0
0
0
0
0
0
0
0
1000
0
0
0
0
0
0
0
0
0
0
0
0
1000
0
0
0
0
0
0
0
0
0
-1000
648.703878151247
-1000
1000
1000
-1000
-1000
-1000
-1000
-1000
-1000
592.504699911428
1000
-978.745113714367
-1000
-1000
-1000
-1000
-1000
1000
-38.5788631066671
-1000
-1000
1000
1000
1000
1000
1000
1000
1000
-1000
1000
-676.399400259666
-1000
-1000
-1000
-1000
-1000
-1000
-1000
-1000
1000
-1000
-1000
-1000
-1000
-1000
-1000
-1000
977.45985290231
-1000
-1000
-1000
-1000
-1000
-1000
-1000
-1000
-1000
-1000
-1000
-1000
1000
-1000
1000
1000
-1000
-1000
-1000
-1000
4.82520173714227
-1000
-1000
-1000
1000
-1000
-1000
-1000
-1000
1000
-1000
-1000
1000
-1000
-842.607582586849
1000
-105.343458139097
1000
-1000
1000
1000
1000
-1000
-1000
842.801864453502
1000
1000
1000
-1000
-1000
-376.657347498249
-1000
1000
-1000
-1000
-1000
-1000
1000
-1000
1000
1000
1000
1000
973.144178856966
1000
1000
-1000
1000
-978.745113714367
-1000
-1000
-35.0228607236076
0
1000
975.819099957914
-1000
-1000
-1000
0
0
0
0
0
0
0
0
0
0
0
0
0
0
0
0
0
0
0
0
0
0
0
0
0
0
0
0
0
0
0
0
0
0
0
0
0
0
0
0
0
0
0
0
0
0
0
0
0
0
0
0
0
0
0
0
0
0
0
0
0
0
0
0
0
0
0
0
0
0
0
0
0
0
0
0
0
0
0
0
0
0
0
0
0
0
0
0
0
0
0
0
0
0
0
0
0
0
0
0
0
0
0
0
0
0
0
0
0
0
0
0
0
0
0
0
0
0
0
0
0
0
0
0
0
0
0
0
0
0
0
0
0
0
0
0
0
0
0
0
0
0
0
0
0
0
0
0
0
0
0
0
0
0
0
0
0
0
0
0
0
0
0
0
0
0
0
0
0
0
0
0
0
0
0
0
0
0
0
0
0
0
0
0
0
0
0
0
0
0
0
0
0
0
0
0
0
0
0
0
0
0
0
0
0
0
0
0
0
0
0
0
0
0
0
0
0
0
0
0
0
0
0
0
0
0
0
0
0
0
0
0
0
0
0
0
0
0
0
0
0
0
0
0
0
0
0
0
0
0
0
0
0
0
0
0
0
0
0
0
0
0
0
0
0
0
0
0
0
0
0
0
0
0
0
0
0
0
0
0
0
0
0
0
0
0
0
0
0
0
0
0
0
0
0
0
0
0
0
0
0
0
0
0
0
0
0
0
0
0
0
0
0
0
0
0
0
0
0
0
0
0
0
0
0
1000
1000
1000
1000
1000
1000
1000
1000
-1000
-1000
0
-1000
999.983960604468
1000
999.932885168109
-1000
-997.513566285866
-1000
1000
-1000
1000
1000
-1000
-1000
-1000
0.0510754363588148
-1000
-999.983960604468
1000
-1000
-1000
-1000
-1000
-1000
1000
-999.948924563641
0.0510754363588148
-1000
-1000
-1000
-1000
1000
0
-1000
-1000
1000
-1000
-0.0510754363588148
-1000
-1000
-1000
-1000
-1000
1000
-1000
0
0
0
0
0
0
0
0
0
0
0
0
0
0
0
-4.03032282947891
-1000
-332.045783179005
0
0
0
0
0
1000
947.201116558676
0
0
0
391.115649359346
0
0
0
0
0
-0.00365354044038213
0.00365354044034688
0
0
-0.00365354044038213
-0.00365354044038213
0
0
0
0
0
0
0
0
0
0
0
0
0
0
0
0
0
0
0
0
0
0
0
0
0
0.00365354044034688
0
0
1000
1000
855.018423079879
-999.992692919119
1000
0
0
0
0
-0.00365354044038213
0.370896129533548
0
0
0
0
249.505030210737
0
0
0
0
0
0
0
0
0
1000
0
0
0
0
0
-1000
0
0
0.00365354044034688
0
0
0
0
268.628075601508
0
0
0
0
0
0
281.303571886398
0
999.816524317572
0
0
0
0
892.037215043966
0
0
0
0
0
0
0
0
0
0
0
0
0
0
0
0
0
0
0
0
0
0
0
0
0
0
0
0
0
0
0.00365354044034688
0
0
0
0
1000
0
-998.024490089011
0
0
1.97550991098934
0
0
0
0
0.00546442570208402
1000
0
-918.982180349274
139.943819023322
0
0
0
0
0
0
0
0
0
0
0.00365354044038213
-1000
247.227461788254
-1000
1000
0
0
109.414963065949
-295.150911706404
1000
0
0
0
0
0
0.00365354044026844
0
0
1000
0
166.108219706112
0
0
918.982180349274
0
0
0
0
0
-1000
0
-814.118977564137
1000
0
0
0
0
0
0
0
0
814.118977564137
0
0
-704.849088293596
1000
0
0
0
0
0
0
166.108219706112
0
0
0
0
0
1000
0
998.110718055891
0
0
0
0
0
0
0
0
0
0
0.987754955494669
0
0.00365354044034688
-0.00365354044038213
0.00365354044034688
0.00365354044034688
0
0
0.00365354044038213
0
0
0
0.987754955494665
0
0
-0.0109606213210327
-1000
-998.110718055891
-1000
1000
-1000
999.921079114
0
0
-1000
0
-1000
-1000
0
0
0
0
0
0
0
0
0
0
0
0
0
0
0
0
0
0.0789208859999767
0
0
0
0
0
0
0
1000
0
0
0
0
0
0.00182147523402801
0
0
0
0
0
0
0
0
0.00365354044034688
0
0
0
0
0
0
0
0
80.0384398095398
0
-1000
0
89.9231203809204
0
0
0
0
0
0
0
0
0
0
0
830.03843980954
0
0
0
1000
0
0
0
0
0
0
0
0
0
0
0
0
0
0
0
0
0
0
0
0
0
0
0
0
0
0
2.3562688347165
0
0
0
0
0
0
0
0
0
0
0
0
0
0
0
0
0
0
0
0
0
0
0
0
0
0
0
0
0
0
0
0
0
0
0
0
0
0
0
0
0
0
0
0
0
0
0
0
0
0
0
0
0
0
0
0
0
0
0
0
0
0
0
0
0
0
0
0
0
0
0
0
0
0
0
0
0
0
0
0
0
0
0
0
0
0
0
0
0
0
0
0
0
0
0
0
0
0
0
0
0
0
0
0
0
0
0
0
0
0
0
0
0
-999.969013741077
0
0.00182147523400999
0
0.0291647836889979
0
0
-0.0309862589230079
0
1000
0
0
0
0
0.0164038670785658
0
0
0
0
0
0
0
0
0
0
0
0
0
0
0
0
0
0
0
0.00365354044034688
0.00365354044034688
0.00365354044034688
1000
1000
0
221.56092786982
1000
0
0
0
0
0
0
-1000
0
0
0
0
0
0
0
0
0
0
0
128.409861274054
0
999.872998579875
-0.127001420124657
-1000
-1000
-1000
-1000
-1000
-1000
0
0
0
0
0
0
0
0
0
-166.108219706112
-1000
0
1000
0.400177402917801
0.00365354044034688
0.00365354044034688
0.00365354044034688
0.00365354044034688
0.00365354044034688
0
0
0
0
1000
6.95332775182706
0
0
0
0
0
0
0
0
0
0
0
0
0
0
-1000
0
0
0
0
0
0
1000
-1000
0
1000
1000
1000
-1000
0
0
0
0
0
0
0
0
0
0
89.9231203809204
0
0
0
0
0
0
0
0
0
0
0
0
0
80.0384398095398
0
0
0
0
0
0.799227272721038
80.0384398095398
0
0
0
0
0.799227272721038
80.0384398095398
0
0
0
0
0
80.0384398095398
0
0
0
0
-1000
0
0
0
0
0
0
0
0
0
0
-1000
0
0
0
0
0
0
0
0
1000
-975.155080287195
-1000
-1000
-1000
-1000
0
0.0218788827529178
0
0
0
0
-999.816524317572
-1000
0
0
249.505030210737
0
0
0
999.978078757358
4.09327138977104
0
0
0
0
0
0.587577552576868
0.587577552576868
-693.942496844864
-999.967192265843
0
0
0
0
0
0
0
0
1000
0
0
0
0
0
0
0
999.200772727279
0.00365354044034688
0
0
0
0
0
0
0
0
-1000
-1000
0
0
1000
0
0
0
1000
0
0
0
-871.590138725946
0
-1000
0
0
0
-680.741067572272
-1000
0
0
0
0
0
0
0
123.552056954285
-502.727255825943
502.727255825943
0
0
0
0
-1000
0
0
0
0
-1000
-1000
0
0
-634.395089059389
0
0
0
0
0.00546839694169309
0
0
0
0
0
0
0
0
998.110718055891
0
1000
0
0
0
0
0
0
0
0
0
0
1000
0
814.118977564137
-1000
1000
-1000
-1000
1000
0
0
0
0
0
0
0
0
-1000
0
0
-1000
0.00182147523402801
0.00182147523402801
0
-1000
43.3463406698472
889.335575280212
0
0
375.843068832181
0
0
0
0
0
0
0
0
0
0
0
0
0
0
-1000
0
0
0
0
0
0
0
0
0
0
-0.0145823918445558
0
0
0
0
0
0
0
0
0
0
0
0
0
0
0
0
0
0
0
0
0
0
0
0
0
0
0
0
0
0
0
0
0
0
0
0
0
0
0
0
0
0
0
0
0
0
-1000
0
-1000
0
0
0
0
0
0
-1000
0
0
0
0
0
0
0
0
0
0
0
995.39619852048
0
0
0
0
0
0
0
0
0
0
0
0
0
1000
0
0
0
-1000
0
0
0
169.96156019046
-169.96156019046
-169.96156019046
0
0
0
0
0
0
0
0
0
123.552056954285
0
0
0
0
0
0
0
0
0
0
0
0
0
0
0
0
0
0
0
0
0
0
0
123.552056954285
0
0
0
0
0
0
0
0
0
0
0
0
0
123.67905837441
0
0
0
0
0
0
0
0
0
0
0
0
0
0
0
0
0
0
0
0
0
0
0
0
0
0
0
0
0
0
0
0
0
0
0
0
0
0
0
0
0
0
0
0
0
0
0
0
0
0
0
0
0
0
0
0
0
0
0
0
0
0
0
0
0
0
0
0
0
0
0
0
0
0
0
0
0
0
0
0
0
0
0
0
0
0
0
0
0
0
0
0
0
0
0
0
0
0
0
0
0
0
0
0
0
0
0
0
0
0
0
0
0
0
0
0
0
0
0
0
0
0
0
0
0
0
0
1000
0
0
0
0
-1000
0
0
0
0
0
0
0
0
0
0
0
0
0
0
0
0
0
0
0
0
0
0
403.685745016749
0
0
0
0
-96.317099567475
0
1000
0
-999.833591822915
0
-999.816524317572
0
0
-1000
0
0
0
0
731.346349615409
0.0219212426420654
0
0
0
0
0
0
0
0
0
0
0
0
0
0
0
0
0
0
0
0
0
0
0
0
0
0
0
0
0
0
0
0
0
0
0
0
0
0
0
0
0
0
0
0
0
0
0
0
0
0
0
0
0
0
0
0
0
0
0
0
0
0
0
0
0
0
0
0
0
0
0
0
0
0
0
0
0
0
0
0
0
0
0
0
0
0
-989.385189811629
0
0
0
0
0
0
0
0
0
0
0
0
0
0
0
0
0
0
0
0
0
0
0
0
0
0
0
0
0
0
0
0
0
0
0
0
0
0
0
0
0
0
0
0
0
0
0
0
0
0
0
0
0
0
0
0
0
0
0
0
0
0
0
0
0
0
0
0
0
0
0
0
0
0
0
0
0
0
0
0
0
0
0
0
0
0
0
0
0
0
0
0
0
0
0
0
0
0
0
0
0
0
0
0
0
0
0
0
0
0
0
0
0
0
0
0
0
0
0
0
0
0
0
0
0
0
0
0
0
0
0
0
0
0
0
0
0
0
0
0
0
0
0
0
0
0
0
0
0
0
0
0
0
0
0
0
0
0
0
0
0
0
0
0
0
0
0
0
0
0
0
0
0
0
0
0
0
0
0
0
0
0
0
0
0
0
0
-989.385189811629
0
0
0
0
0
0
0
0
0
0
0
0
0
0
0
375.843068832181
0
0
0
0
0
0
0
0
0
0
0
-1000
0
0
0
0
0.00365354044038213
-305.622281768913
-693.942496844864
0
0
0
0
0
0
0
0
0
0
0
0
0
0
0
0
0
0
0
0
0
0
0
0
0
0
0
0
0
0
0
0
0
0
0
0
0
0
0
0
0
0
0
0
0
0
0
0
0
0
0
0
0
0
0
0
0
0
0
0
0
0
0
0
0
0
0
0
0
0
0
0
0
0
0
0
0
0
0
0
0
0
0
0
0
0
0
0
0
0
0
0
0
0
0
0
0
0
0
0
0
0
0
0
0
0
0
0
0
0
0
0
0
0
0
0
0
0
0
0
0
0
0
0
0
0
0
0
0
0
0
0
0
0
0
0
0
0
0
0
0
0
0
0
0
0
0
0
0
0
0
0
0
0
1000
0
0
999.983960604468
0
0
0
0
0
0
0
0
1000
0.00365354044038213
0
0
0
1000
0
0
0
0
0
0
0
0
0
0
0
0
0
0
0
1000
0
-1000
0
0
0
0
0
0
0
0
0
0
0
0
0
0
0
0
0
0
0
0
0
0
0
0
0
0
0
0
0
0
0
0
0
0
0
0
0
0
0
0
0
0
0
0
0
0
0
0
0
0
0
0
0
0
0
0
0
0
0
0
0
0
0
0
0
0
0
0
0
0
0
0
0
0
0
0
0
0
0
0
0
0
0
0
0
0
0
0
0
0
0
0
0
0
0
0
0
0
0
0
0
0
0
0
0
0
0
0
0
0
0
0
0
0
0
0
0
0
0
0
0
0
0
0
0
0
0
0
0
0
0
0
0
0
0
0
0
0
0
0
0
0
0
0
0
0
0
0
0
0
0
0
0
0
0
0
0
0
0
0
0
0
0
0
0
0
1000
500
88.2497690905042
0
0
-0.987754955494665
0
0
0
471.033142520566
19.5208489228195
42.6687633552588
0.105899722908605
88.2497690905042
0
0
0
0
0
0
0
0
0
0
0
0
0
0
0
0
0
0
0
0
0
0
0
0
0
492.541957470216
-1000
0
0
-1000
693.938843304423
-1000
0
693.942496844864
0
0
0
0
480.230638857239
259.884680571381
169.96156019046
0
0
-317.503550311738
0
-0.00455898307120606
0
0
0
0.00365354044034688
0
0
0
0
0
0
0
0
0
0
0
0
0
0
0
0
293.513617144745
0
0
0
0
0.0309862589230079
-60.8019298846979
-2.66702982261859
0
-10.8419606815215
-21.2548862856327
-1000
-33.9910223609589
-1000
-323.600599740334
-26.8558211430343
-4.65879356005678
-31.793395723648
1000
-1000
0
0
0
0
-1000
-38.5788631066671
-17.7149453605476
-27.6955221084189
-13.4700961673866
-964.861426179161
-24.180900042086
-1000
894.656541860903
-315.776618820332
0
0
319.258932427728
-107.962784956034
0
1000
0
0
999.816524317572
-1000
0
0
0
-11.0136629622548
0.370896129533548
0
1000
-1000
0
0
0
0
0
0
0
0
0
-0.00365354044038213
-0.00365354044038213
0
0
0
0
0
0
0
0
0
0
0
0
1000
-1000
0
0
-2.41931888224315
0
1000
0
0
-1000
-1000
249.505030210737
-0.00365354044038213
-0.00365354044038213
-1.00698281518373
1000
0
0
-0.00365354044038213
0
-0.00365354044038213
-1000
0
0
-0.00365354044038213
0
0
0
-0.00365354044038213
0
0
0
0
0
0
0
0
0
0
0
999.983960604468
0
0
0
0
0
-0.0109606213210327
0
0
0
0
0
0
-1000
0
0
1000
0
-1000
0
1000
0
0
-0.00365354044038213
0
0
0
0
-34.9442919541862
0
0
0
0
0
0
0
0
0
268.628075601508
-3.19765978317901
-332.045783179005
-1000
-4.03032282947891
0
0
0
0
331.565995659391
0
0
0
2.48643371413414
1000
0
0
0
0
0
-999.992692919119
0
500
-1000
0
1000
-500
253.701761217301
1000
0
459.360614354717
1000
0
0
0
0
0
0
0
-1000
1000
-1000
-855.02573016076
0
0
0
0
0
0
-0.0510754363588148
0
0
0
0
0.00730708088065057
-4.03032282947891
4.03032282947891
0
0
0
0
0
994.418431554425
1000
-1000
-1000
-1000
0
0
0
0
0
0
0
0
0
0
0
1000
0
-0.459087362280911
-0.127001420124657
-34.3856344987612
-508.186116974407
-1.87327094683928
-9.61124357954282
-1.20651349118464
-6.82632633170238
-3.65129082858493
-0.127001420124657
0
0
411.252800042465
0
-0.127001420124657
-1000
-0.254002840249427
-0.127001420124657
-0.127001420124657
-0.920760295904074
0
-0.127001420124657
-47.5565634397567
-49.0542985231635
0
-4.09327138977108
0
0
-0.127001420124657
0
0
-80.1654412296645
-0.127001420124657
-0.127001420124657
-0.127001420124657
-3.68304118361618
0
-7.93758875779349
0
0
0
-1000
1000
0
0
-680.741067572272
1000
-0.00365354044038213
0
1000
-1000
0
0
0
-1000
0
-319.258932427728
0
0
0
0
0
0
0
0
0
0
0
0
0
0
0
0
0
1000
-1000
1000
-1000
-43.3463406698472
43.3463406698472
-889.335575280212
889.335575280212
889.335575280212
0
-1000
1000
0
-0.127001420124657
-0.127001420124657
0
0
0
0
1000
-1000
999.833591822915
731.346349615409
0.0219212426420654
0
0
0
0
0
-1000
-1000
0
0
0
0
0
0
0
0
0
0
0
0
0
0
0
0
0
0
0
0
0
0
0
0
0
0
0
0
0
0
0
0
0
0
0
0
0
0
0
0
0
0
0
0
0
0
0
0
0
0
0
0
0
0
0
0
0
0
0
0
0
0
0
0
0
0
0
0
0
-0.127001420124657
0
0
0
0
0
0
0
0
0
0
0
0
0
0
0
0
0
0
0
0
0
0
0
0
0
0
0
0
0
0
0
0
0
0
0
0
0
0
0
0
0
0
0
0
0
0
0
0
0
0
0
0
0
0
0
0
0
0
0
989.385189811629
0
0
0
0
0
0
0
0
0
0
0
0
0
0
0
0
0
0
0
0
0
0
0
0
0
0
0
0
0
0
0
0
0
0
0
0
0
0
0
0
0
0
0
0
0
0
0
0
0
0
0
0
0
0
0
0
0
0
0
0
0
0
0
0
0
0
0
0
0
0
0
0
0
0
0
0
0
0
0
0
0
0
0
0
0
0
0
0
0
0
0
0
0
0
0
0
0
0
0
0
0
0
0
0
0
0
0
0
0
0
0
0
0
0
0
0
0
0
0
0
0
0
0
0
0
0
0
0
0
0
0
0
0
0
0
0
0
0
0
0
0
0
0
0
0
0
0
0
0
0
0
0
0
0
0
0
0
0
0
0
0
0
0
0
0
0
0
0
0
0
0
0
0
0
0
0
0
0
0
0
0
0
0
0
0
0
0
0
0
0
0
0
0
0
0
0
0
-999.983960604468
994.418431554425
1000
0
0
1000
305.622281768913
0
0
0
0
0
0
0
0
0
0
0
0
0
0
0
0
0
0
0
0
0
0
0
1000
0
-1000
0
-1000
-0.00365354044038213
0
0
0
0
0
0
0
0
-708.221525657442
0
0
0
0
0
0
0
0
0
0
0
0
0
0
0
0
0
0
0
0
0
0
0
0
0
0
0
0
0
0
0
0
0
0
0
0
0
0
0
0
0
0
0
0
0
0
0
0
0
0
0
0
0
0
0
0
0
0
0
0
0
0
0
0
0
0
0
0
0
0
0
-1000
1000
1000
0
0
-0.127001420124657
-0.127001420124657
-0.127001420124657
0
-0.127001420124657
-0.254002840249427
0
-0.127001420124657
-0.127001420124657
-0.127001420124657
-0.127001420124657
0
-0.127001420124657
-0.127001420124657
-0.127001420124657
-0.127001420124657
-0.127001420124657
-0.127001420124657
-0.127001420124657
0
-0.127001420124657
-0.127001420124657
-0.127001420124657
0
-1000
88.2497690905043
0
1000
0
0
0
0
0
0
0
0
0
0
0
