0
0
0
0
0
0
0
0
-1000
771.137768255902
228.862231744098
0
0
194.878576087436
1000
0
999.739720543533
-999.739720543533
999.940263731303
0
0.0597362686973623
0
-1000
0.375485117526296
0
1000
-208.394704216878
0
-328.033913413568
0.012750326638196
0
0
0
0
0
0.0328977489215581
0
0
0
35.8470562045628
0
0
0
0
0
91.3405741809918
0
91.3405741809918
0
91.3405741809918
0
91.3405741809918
0
91.3405741809918
0
91.3405741809918
0
0
0
0
91.3405741809918
0
0
0
328.033913413568
0
0
0
0
0
0
0
1000
1000
0
0
0
0
0
0
-1000
0
0
0
0
0
0
0
0
0
0
0
0
0
0
0
0
0
0
0
0
0
0
0.00365354044034687
0
0
0
0
0
0
0
0
0
0
247.223808247814
0
0
0
0
0
0
0
0
0
0
0
0
0
0
743.364180079274
0
0
-1000
0
0
0
0
0
0
-1000
0
0
0
0
-14.9551376892086
0
0
0
0
1000
0
0
0.00911796614243089
1000
0
0
596.308565814804
1000
1000
403.682900432525
0
211.057235050246
0
-1000
403.682900432525
598.561476519962
1000
-805.121423912564
0
211.057235050246
1000
0
0
0.00911796614241212
0
0
1000
624.113088682535
0
0
0
0
0
-4.01874887226256
0
0
0
0
0
0
4.02301574859809
741.485321413413
-1000
0
0
0
246.963528791346
0
0
0
0
4.02301574859814
0
0
0
0
0
-4.02301574859814
0
-999.995733123664
0.00730708088085744
0
0
0
0
0
0
0
0
0
0
995.976984251402
0
0
-1000
998.821865582642
0
0.471253766943292
0
0
0.706880650414973
0
0
0
4.02301574859814
0
0
0
-1000
0
0
0
0
0
0
0
0
0
0
0
0
-809.670566341679
0
95.8414212394546
1000
1000
-1000
1000
-1000
1000
-1000
1000
-0.987754955494665
-1000
0.706880650414973
0
-997.643731165283
1000
-1000
-3.06314948513159
1000
0
0
1000
0
0.183475682427613
0
-0.18347568242757
0
0.00182147523402801
0
0
0
0
2.20990482768448
0
0
0
1000
875.989859422434
491.813883025592
0
0
0
0
0
0
1000
0
1000
0.479787519614344
712.998088322481
0
1000
0
-0.18347568242757
0
-0.706880650414973
0
0
0.706880650414973
0
0
0
0
0
0
0
0
-1000
0
0
0
1000
0.706880650414973
0
-886.084678028911
-0.987754955494665
0
0
0.00365354044018318
0
0
0
0
0
0
0
0
0
0
0
0
0
0
0
0
2.35626883471646
0
9.91927404577267
0
0
0
0
0
0
0
0
356.127546997808
-1000
1000
12.5863832771612
-1000
1000
1000
-504.402087777987
-1000
-1000
1000
-1000
1000
0
0
0
-1000
0
0
0
0
-1000
0
0
-1000
-1000
1000
1000
0
247.302729133813
1000
-1000
0
0
0
0
0
0
0.987754955494668
-1000
1000
1000
0
1000
-1000
-0.471253766943278
-1000
-1000
-1000
1000
1000
1000
-1000
1000
-1000
-1000
1000
-1000
-377.251470362739
-1000
1000
0
-752.226017099244
1000
0
0
0
-1000
1000
1.8892819441088
0
0
-1000
0
0
0
1000
-309.958809484762
0
0
0
-30.063766436801
0
0
0
0
0
0
0
0
973.179187540364
0
0
0
973.179187540364
0
0
0
0.00365354044034687
0
918.815772172189
0
-918.815772172189
0
918.815772172189
0
0
0
0
0
0
0
0
0
0
0
0
0
0
0
0
0
0
0
0
0
0
1000
0
0
0
0
0
-1000
1000
0
0
0
0
0
0
0
0
0
0
0
0.00365354044038213
-1000
1000
0.106671908388194
0.106671908388194
0
-431.707786354115
0
0
0
0
0
0
0
0
0
0
0
0
0
0
0
0
0
0
0
0
0
0
0
0
0
0
0
0
0
0
0
0
0
0
0
0
0
0
0
0
0
0
0
0
0
0
0
0
0
0
0
0.166408177085509
0
0
0
-1000
0
1000
0
1000
0
0
1000
0
0
0
0
0
0
0
0
0
0
0
0
0
0
0
0
0
0
0
0
0
0
0
0
0
0
0
0
-1000
0
0
0.166408177085509
0
0
0
0
0
0
0
0
0
1000
0
0
0
0
0
0
0
0
0
0
0
0
0
0
0
0
0
0
0
0
0
0
0
0
0
0
0
0
0
0
0
0
0
0
-1000
0
0
0
0
0
0
0
0
0
0
0
0
0.0109606213210406
0.0109606213210406
0
0.0109606213210406
0
0
0
0
0
0
0
0
0
0
0
0
0
0
0
0
0
0
0
0
0
0
0
0
1000
0
0.00426687633552588
0
0
0
1000
0.772304616730184
0.772304616730184
0
0
0
0
0
0
0
0
0
0
0
0
0
0
0
0
0
0
0
0
0
0.00365354044034687
0
0
0
0
0
1000
0
0
0
-1000
0
0
1000
0
0
0
0
2.21877569447346
0
0
2.21877569447346
0
0
0
0
0
0
0
0
0
2.21877569447346
0
2.21877569447346
0
0
0
13.2360313048279
37.7297547158974
24.116896897053
17.6637428445212
26.1894427241435
8.61990650812636
20.1602184998802
36.8818950593603
33.9614895757328
10.7395556494689
20.819664899409
42.9111192836236
33.8672829472287
10.4569357639566
17.3340196447568
24.0226902685489
31.1352907206094
25.2002731248503
4.61612479670155
31.4179106061218
0
0
0
0
0
0
0
0
0
0
0
0
0
0
0
0
0
0
0
0
0
0
0
0
0
0
0
0
0
0
0
0
0
0
0
0
0
0
0
0
0
0
0
0
0
0
0
0
0
0
0
0
0
0
0
0
0
0
0
0
0
0
0
0
0
0
0
0
0
0
0
0
0
0
0
0
0
0
0
0
0
0
0
0
0
249.505030210736
0
0
249.505030210736
0
0
0
0
0
-1000
0
0
0
0
0
-1000
-1000
-247.223808247814
-247.223808247814
474.86626645848
0
0
0
0
0
0
-30.063766436801
-722.243682254373
-475.019874006559
-1000
0
-247.227461788254
0
-247.346934325649
1000
1000
474.874800211152
1000
0
0
1000
0
-1000
-1000
-1000
0
752.772538211746
0
0
0
247.227461788254
0
0
0
0
0
0
0
0
0
0
0
1000
376.8783198134
1000
1000
0
500
154.836797978126
6.06615800467993
5
0
0
0
0
0
0
127.098125781529
0
0
0
0.127001420124657
0
4.22279721914606
-0.127001420124657
-0.127001420124657
0.127001420124657
0
571.661708592592
382.796396584008
0.127001420124657
0
0
0
0.000909413870431308
-0.127001420124657
0
0
-1000
-0.127001420124657
0
0
0
0
0
0
0
0
0
0
0
0
0
0
0
0
0
0
0.793758875779304
0
3.68304118361618
0
0
0
-4.4813630137063
0
0
0
0
0
-3.5460688272442
0
0
0.00365354044038213
0
0
0
0
0
0
0
0
0
0
0
0
0
0
0
0
0
0
0
0
0
0
0
0
0
0
0
0
0
0
0
0
0
0
0
0
0
0
0
0
0
0
0.000909413870431308
0
0
0
0
0
0
0
0
0
0
0
0
0
0
0
0
0
0
0
0
0
0
0
0
0
0
0
0
0
0
0
0
0
0
0
0
0
0
0
0
0
0
0
0
0
0
0
0
0
0
0
0
0
0
0
0
0
0
0
0
0
0
0
0
0
0
0
0
0
0
0
0
0
0
0
0
0
0
0
0
0
0
0
0
0
0
0
0
0
0
0
0
0
0
0
0
0
0
0
0
0
0
0
0
0
0
0
0
0
0
0
0
0
0
0
0
0
0
0
0
0
0
0
0
0
0
0
0
0
0
0
0
0
0
0
0
0
0
0
0
0
0.127001420124695
123.806059794534
0.127001420124695
6.95332775182709
0.127001420124695
0
0
0
0
0
0
0
0
0
0
0
0
0
0
0
0
0
0
0
0
0
0
0
0
0
0
0
0
0
0
0
0
0
0
0
0
0
0
0
0
0
0
0
0
0
0
0
0
0
0
0
0
0
0
0
0
0
0
0
0
0
0
0
0
0
0
0
0
0
0
0
0
0
0
0
0
0
0
0
0
0
0
0
0
0
0
0
0
0
0
0
0
0
0
0
0
0
0
0
0
0
0
0
0
0
0
0
0
0
0
0
0
0
0
0
0
0
0
0
0
0
0
0
0
0
0
0
0
0
0
0
0
0
0
0
0
0
0
0
0
0
0
0
0
0
0
0
0
0
0
0
0
0
0
0
0
0
0
0
0
0
0
0
0
0
0
0
0
0
0
0
0
0
0
0
0
0
0
0
0
0
0
0
0
0
0
0
0
0
0
0
0
0
0
0
0
0
0
0
0
0
0
0
0
0
0
0
0
0
0
1000
0
0
0
0
0
0
0
0
0
0
0
0
0
0
0
0
0
0
0
0
0
0
0
0
0
0
0
0
0
0
0
0
0
0
0
0
0
0
0
0
0
0
0
0
0
0
0
0
0
0
0
0
0
0
0
0
0
0
0
0
0
0
0
0
0
0
0
0
0
0
0
0
0
0
0
0
0
0
0
0
0
0
0
0
0
0
0
0
0
0
0
0
0
0
0
0
0
0
0
0
0
0
0
0
0
0
0
0
0
0
0
0
1000
1000
0
0
0
0
0
0
0
0
0
0
0
0
0
0
0
0
0
0
0
0
0
-1000
0
-1000
0
0
0
0
0
0
0
1000
1000
0
0
0
0
0
0
0
0
0
0
0
0
0
0
0
0
0
0
0
0
0
0
0
0
0
0
0
0
0
0
0
0
0
0
0
0
0
0
0
0
0
0
0
0
0
0
0
0
0
0
0
0
0
0
0
0
0
0
0
0
0
0
0
0
0
0
0
0
0
0
0
0
0
0
0
0
0
0
0
0
0
0
0
647.790459299302
47.0927225147705
0
0
0.127001420124657
0
1000
0
123.67905837441
0
0
871.71714014607
0
375.843068832181
0
0
0
0.000909413870431308
0
0
-1000
1000
0
0
0
0
0
0
0
0
0
0
0
0
0
-1000
-0.793758875779304
0
-3.68304118361618
0
4.4813630137063
0
0
0
0
-3.5460688272442
0
0
-0.00365354044038213
0
0
0
0
0
127.098125781529
-1000
647.790459299302
-127.098125781529
-127.098125781529
0
-47.0671477316879
1000
-0.0219212426420654
0
0
0.127001420124657
-0.127001420124657
0
0
128.28285985393
-128.28285985393
1000
0
-123.67905837441
-123.67905837441
0
0
1000
0
1000
-871.71714014607
-1000
0
-624.156931167819
-375.843068832181
-1000
0
0
0
0
0
-1000
0
0
0
0
0
-1000
1000
-1000
0
0
0
-1000
0
0
0
-1000
0
0
0
0
0
0
0
0
0
0
0
0
0
0
0
0
0
0
0
-1000
1000
-1000
0.794668289649849
-1000
0
-1000
3.68304118361618
-1000
0
-4.47770947326592
-4.47770947326592
0
0
0
0
0
0
-1000
0
-1000
3.5460688272442
-1000
0
-1000
0
-1000
0
-1000
0
0
0
0
0
0
0
0
0
-1000
0
0
0
0
0
0
0
0
0
0
0
0
0
0
0
0
0
0
0
0
0
0
0
0
0
0
0
0
0
0
0
0
0
0
0
0.000909413870431308
-0.000909413870431308
0
0
0
0
0
0
0
0
0
0
0
0
0
0
0
0
0
0
0
0
0
0
0
0
0
0
0
0
0
0
0
0
0
0
0
0
0.000909413870431308
-0.000909413870431308
0
0
0
0
0
0
-0.00365354044038213
-0.00365354044038213
0
0
0
0
0
0
0
0
0
0
0
0
0
0
0
0
0.00365354044038213
0.00365354044038213
0
0
0
0
0
0
0
0
0
0
0
0
0
0
0
0
0
0
0
0
0
0
0
0
0
0
0
0
0
0
0
0
0
0
0
0
1000
0
0
0
0
0
0
0
0
0.00365354044034687
0
0
0
0
0
0
0
0
11.1642241283047
0
0
0
0
0
0
0
0
0
0
0
0
0
0
0
0
0
0
0
0
0
0
0
0
0
0
0
0
0
0
0
0
0
0
0
0
0
0
0
1000
-1000
0
0
0
0
0
0
0
0
0
0
0
0
0
0
0
0
0
0
0
0
0
0
0
0
0
128.28285985393
128.28285985393
128.28285985393
0
0
0
0
0
0
0
0
0
0
0
0
0
0
0
0
0
0
0
0
0
0
0
0
0
0
0
0
0
0
0
0
0
0
0
0
0
0
0
0
0
0
0
0
0
0
0
0
0
0
0
0
0
0
0
0
0
0
0
0
0
0
0
0
0
0
0
0
0
0
0
0
0
0
0
0
0
0
0
0
0
0
0
0
0
0
0
0
0
0
123.67905837441
123.67905837441
123.67905837441
123.67905837441
-123.67905837441
0
0
0
0
0
0
0
0
0
0
0
0
0
0
0
0
0
0
0
0
0
0
0
0
0
0
0
0
0
0
0
0
0
0
0
0
0
0
0
0
0
0
0
0
0
0
0
0
0
0
0
0
0
0
0
0
0
0
0
0
0
0
0
0
0
0
0
0
0
0
0
0
0
0
0
0
0
0
0
0
0.00365354044034687
0.00365354044034687
0.00365354044034687
0.00365354044034687
0.00365354044034687
0
0
0
0
0
0
0
0
0
0
0
0
0
0
0
0
0
0
0
0
0
0
0
0
0
0
0
0
0
0
0
0
0
0
0
0
0
0
0
0
0
0
0
0
0
0
0
0
0
14.9551376892086
14.9551376892086
-14.9551376892086
4.97652096870873
-2.48643371413414
2.48643371413419
2.48643371413419
2.48643371413419
0
0
0
0
0
0
0
0
0
0
0
0
0
0
0
0
0
0
0
0
0
2.48643371413419
2.47914781319808
2.48643371413419
2.48643371413419
2.48643371413419
2.48643371413419
2.48643371413419
2.48643371413419
2.48643371413419
2.48643371413419
2.48643371413419
2.48643371413419
2.48643371413419
2.48643371413419
2.48643371413419
2.48643371413419
2.48643371413419
2.48643371413419
14.9551376892086
14.9551376892086
4.97652096870873
4.97652096870873
0
0
0
0
0
0
0
0
0
0
0
0
0
0
0
0
0
0
0
0
0
0
0
0
0
0
0
0
0
0
0
0
0
0
0
0
0
0
0
0
0
0
0
0
0
0
0
0
0
0
0
0
0
0
0
0
0
0
0
0
0
0
0
0
0
0
0
0
0
0
0
0
0
0
0
0
0
0
0
0
0
0
0
0
0
0
0
0
0
0
0
0
0
0
0
0
0
0
0
0
0
0
0
0
0
0
0
0
0
0
0
0
0
0
0
0
0
0
0
0
0
0
0
0
0
0
0
0
0
0
0
0
0
0
0
0
0
0
0
0
0
0
0
0
0
0
0
0
0
0
0
0
0
0
0
0
0
0
0
0
0
0
0
0
0
0
0
0
0
0
0
0
0
0
0
0
0
0
0
0
0
0
0
0
0
0
0
0
0
0
0
0
1.19662803896884
292.975102381526
292.975102381526
0
24.5539803534044
24.5539803534044
0
-317.529082734931
0
24.5539803534044
0
291.778474342557
0
0
1000
0
24.5539803534044
0
24.5539803534044
24.5539803534044
0
0
0
0
0
0
0
0
0
0
0
0
0
0
0
0
0
0
0
0
0
0
0
0
0
0
0
0
0
0
0
0
0
0
0
0
0
0
317.529082734931
0
0
0
0
0
0
0
0
0
0
0
0
0
0
0
0
0
0
0
0
0
0
0
0
0
0
0
0
0
0
0
0
0
0
0
0
0
0
0
0
0
0
0
0
0
0
0
0
0
0
0
0
0
0
0
0
0
0
0
0
0
0
0
0
0
0
0
0
0
0
0
0
0
0
0
0
0
0
0
0.00365354044034687
0
0
0
0
0
0
0
1.57533250807154
0
0
0
0.987754955494668
0.987754955494668
0.987754955494668
0
0
0
9.81703492328594
0
0
1.35084274545911
0
0
9.81703492328594
0.00365354044034687
0
0
0
0
-1.35084274545909
1.35084274545911
0
0
0
0
0
0
11.0136629622548
0
0
0
0.246368645365342
0
0.224489762612425
0
11.0136629622548
11.0136629622548
0
0
0
0
0
0
0
0
0
0
0
0
0
0
-11.1642241283047
0
0
0
0
0
0
0
0
0
0
0
0
0
0
0
0
0
0
0
0
0
0
0
0
0
0
0
0
0
0
0
0
0
0
0
0
0
0
0
0
0
0
0
0
0
0
0
0
0
0
0
0
0
0
0
0
0
0
0
0
0
0
0
0
0
0
0
0
0
0
0
0
0
0
0
0
0
0
0
0
0
0
0
0
0
0
0
0
0
0
0
0
0
0
0
0
0
0
0
0
0
0
0
0
0
0
0
0
0
0
0
0
0
0
0
0
1000
0
0
1000
1000
0
0
0
0
0
0
0
0
0
0
0
0
0
0
0
0
0
0
0
0
0
0
0
0
0
0
0
0
0
0
0
0
0
0
0
0
0
0
0
0
0
0
0
0
0
0
0
0
0
0
0
0
0
0
0
0
0
0
0
0
0
0
0
0
0
0
0
0
0
0
0
0
0
0
0
0
0
0
0
0
0
0
0
0
0
0
0
0
0
0
0
0
0
0
0
0
0
0
0
0
0
0
0
0
0
0
0
0
0
0
0
0
0
0
0
0
0
0
0
0
0
0
0
0
0
0
0
0
0
0
0
0
0
0
0
0
0
0
0
0
0
0
0
0
0
0
0
0
0
0
0
0
0
0
0
0
0
0
0
0
0
0
0
0
0
0
0
0
0
0
0
0
0
0
0
0
0
0
0
0
0
0
0
0
0
0
0
0
0
0
0
0
0
0
0
0
0
0
0
0
0
0
0
0
0
0
0
0
0
0
0
0
0
0
0
0
0
0
0
0
0
0
0
0
0
0
0
0
0
0
0
0
0
0
0
0
0
0
0
0
0
0
0
0
0
0
0
0
0
0
0
0
0
0
0
0
0
0
0
0
0
0
0
0
0
0
0
0
0
0
0
0
0
0
0
0
0
0
0
0
0
0
0
0
0
0
0
0
0
0
0
0
0
0
0
0
0
0
0
0
0
0
0
0
0
0
0
0
0
0
0
0
1000
0
0
0
0
0
0
0
0
0
0
0
0
0
0
0
0
0
0
0
0
0
0
0
0
0
0
0
0
0
0
0
0
0
0
0
0
0
0
0
0
0
0
0
0
0
0
0
0
0
0
0
0
0
0
0
0
0
0
0
0
0
0
0
0
0
0
0
0
0
0
0
0
0
0
0
0
0
0.166408177085509
0.166408177085509
0
0
0
0
0.166408177085486
0
0.166408177085509
-249.505030210736
0
0
0
0
0.0256012580131553
0
0
0
0
0
750.494969789264
0
0
249.505030210736
0
0
0
0
1.00698281518447
0
0
0
0
0
0
1.00698281518447
0
1.00698281518447
1.00698281518453
0
0
0
0
0
0
0
0
0
0
0
0
0
0
0
0
0
0
0
0
0
0
0
0
0
0
0
0
0
0
0
0
0
0
0
0
0
460.729693032462
460.729693032462
0
0
0
0
0
0
0
0
0
0
0
0
0
0
0
0
0
0
0
0
0
0
0
0
0
0
0
0
0
0
0
0
0
0
0
0
0
0
0
0
0
0
0
0
0
0
0
0
-971.407246901726
1000
-999.293119349585
0
0
0
-1000
-1000
1000
567.58533299547
0
0
0
1000
-1000
0
0
0
0
0
0
0
0
0
0
0
0
0
0
0
0
0
0
0
0
0
0
0
0
0
0
0
0
0
0
0
0
0
0
0
0
0
0
0
0
1000
0
0
0
0
0
0
0
0
0
0
0
0
0
0
0
0
0
971.410900442167
999.99634645956
1000
999.99634645956
1000
-1000
-1000
0
0
0
0
0
0
0.00365354044038213
0
0
0
0
0
0
0
0
0
0
0
0
0
0
0
0
0
0
0
0
0
0.0145823918445149
0
0.00365354044034687
0.0218788827529178
1000
0.00182147523402801
0.00182147523402801
0.00365354044038213
0
0.0127609166104869
0.00182147523402801
0.0273538984272544
-0.00182147523400999
0.00182147523402801
0.00182147523402801
0.00182147523402801
0.00182147523402801
0.00182147523402801
-0.00182147523400999
-0.00364295046801999
-0.0456110106567849
0.00182147523402801
0.00182147523402801
0.00182147523400999
0.00182147523402801
0.0401359949823927
-0.00547501567439213
-0.0419574702164027
0.00365354044038213
0.00182147523402801
0.00182147523402801
0.00365354044034687
0.00365354044034687
-0.00365354044038213
-0.00365354044038213
0.00365354044038213
0.00365354044038213
0.00182147523402801
0.00182147523402801
0.00182147523402801
0.00182147523402801
-0.00547501567439213
-999.974467576807
0
0
0
0
0
0
-1000
0
0
0
0.00365354044034687
0
0
0
0
0.00182677022017344
0.00365354044038213
0.00365354044038213
0
0
0.00365354044034687
0.00365354044034687
0
0
0
0
0
0
0.00728590093611203
0.00182147523402801
0.00546442570208402
0.00182147523402801
-0.00182147523400999
0.00182147523402801
0.00182147523402801
0.00182147523402801
0.00182147523402801
0.00182147523402801
0.00182147523402801
0.00364295046805601
0.00182147523402801
0.00182147523402801
0.00182147523402801
0.00182147523402801
0.00182147523402801
0
0.00182147523402801
0
0
0
0
0
0
0
0
0.00365354044034687
0
0
0
0
0
0
0
0
0.00365354044034687
0.00365354044034687
0
0.00365354044034687
0
0.00365354044034687
0.00365354044034687
0.00365354044034687
0.00365354044034687
0.00365354044034687
0
0.00365354044034687
0
0.00365354044034687
0.00365354044034687
0.00365354044034687
0.00365354044034687
-0.00365354044038213
0
0
0
0
0
0
0
0
0
0
0
0
0
0
0
0
0
0
0
0
0
0
0
0
0
0
0
0
0
0
0
0
0
0
0
0
0
0
0
0
0
0
0
0
0
0
0
0
0
0
0
0
0
0
0
0
0
0
0
0
0
0
0
1000
0
0
0
0
0
0
0.00365354044034687
0
0
0
0
0
0
0
0
0
0
0
0
0
0
0
0
0
0
0
0
0
0
0
1000
0
0
0
-127.098125781529
0
0
0
0
0
0.127001420124695
0
0
0
0
0
0
0
0
0
0.127001420124695
0
0
501.175920423386
0
0
0
0
0.127001420124695
0
0.127001420124695
0
0.127001420124695
0
47.5611224228278
0
0
0
7.93758875779343
0
49.0542985231634
0
0.127001420124695
0
0.25400284024939
0
0.127001420124695
0
0.127001420124695
0
0.127001420124695
0
0.127001420124695
0
0.127001420124695
0
0.127001420124695
0
0.127001420124695
0
0.127001420124695
0
0.127001420124695
0
0.127001420124695
0
0.127001420124695
0
0.127001420124695
0
0.127001420124695
0
0.127001420124695
0
0.127001420124695
0
0.127001420124695
0
0.127001420124695
0
2.66702982261859
0
0
0
3.65129082858498
0
0
0
1.87327094683925
0
0.127001420124695
0
0.127001420124695
0
13.3079617123726
0
0.127001420124695
0
0.127001420124695
0
0.127001420124695
0
0.127001420124695
0
60.8019298846977
0
4.4668291231482
0
6.82632633170235
0
34.3856344987611
0
0.440851429996085
0
0.127001420124695
0
0.127001420124695
0
1.2065134911846
0
0.127001420124695
0
0.127001420124695
0
0.127001420124695
0
0
-1000
0
0
291.778474342557
0
0
0
0
0
0
-1000
-1000
-269.275406552066
0
1.00698281518447
1000
741.485321413413
1000
0
459.378850287003
508.186116974408
-1000
-1000
0
0
1000
0
0
0
0
0
486.232314580018
1000
-11.0136629622548
0
0
0
-1000
1000
-0.00365354044038213
0
0
-3.19765978317912
0
712.998088322481
0
0
0
0.0127503266381837
0
1000
-1000
-4.02301574859814
4.03032282947902
0
1000
69.0138830845665
0
-1000
0
0
1000
847.006400970877
-1000
-532.602745941114
0
1000
0
0
-1000
1000
1000
1000
0
0
0
0
0
0
-1000
0
0
0
0
0
0
0
0
0
1000
0
48.110707428667
0
0
0
0
0
1000
0
0
0
0
1000
0
0
0
0
0
0
274.580364828119
0
0
-1000
-1000
-1000
1000
1000
-1000
-1000
-1000
-501.481666023376
-1000
-1000
-965.87729293534
1000
-1000
-1000
-1000
-1000
-1000
4.63091987048983
1000
-70.7388969084903
-1000
-1000
1000
1000
1000
1000
1000
1000
1000
-794.895506588405
1000
-205.104493411595
-1000
-1000
-1000
-1000
-1000
-1000
-1000
-1000
1000
-1000
-1000
-1000
-1000
-1000
-544.828006693223
-1000
1000
-1000
-1000
-1000
1000
-1000
-1000
-1000
-1000
-1000
-794.895506588405
-1000
-1000
-1000
-1000
-1000
1000
-1000
-999.805718133348
-1000
-1000
-1000
-1000
-1000
-1000
1000
-1000
-1000
-1000
-1000
1000
-1000
1000
1000
-1000
-1000
1000
84.2089930758771
1000
-1000
1000
1000
1000
-1000
-1000
1000
1000
1000
1000
-1000
-1000
-1000
-1000
1000
-1000
-17.7149453605475
997.670688658988
-1000
1000
-1000
1000
1000
1000
1000
1000
1000
1000
-1000
978.745113714367
-1000
-1000
-1000
-1000
964.977139276393
1000
10.8419606815215
-35.0228607236074
-1000
-1000
0
0
0
0
0
0
0
0
0
0
0
0
0
0
0
0
0
0
0
0
0
0
0
0
0
0
0
0
0
0
0
0
0
0
0
0
0
0
0
0
0
0
0
0
0
0
0
0
0
0
0
0
0
0
0
0
0
0
0
0
0
0
0
0
0
0
0
0
0
0
0
0
0
0
0
0
0
0
0
0
0
0
0
0
0
0
0
0
0
0
0
0
0
0
0
0
0
0
0
0
0
0
0
0
0
0
0
0
0
0
0
0
0
0
0
0
0
0
0
0
0
0
0
0
0
0
0
0
0
0
0
0
0
0
0
0
0
0
0
0
0
0
0
0
0
0
0
0
0
0
0
0
0
0
0
0
0
0
0
0
0
0
0
0
0
0
0
0
0
0
0
0
0
0
0
0
0
0
0
0
0
0
0
0
0
0
0
0
0
0
0
0
0
0
0
0
0
0
0
0
0
0
0
0
0
0
0
0
0
0
0
0
0
0
0
0
0
0
0
0
0
0
0
0
0
0
0
0
0
0
0
0
0
0
0
0
0
0
0
0
0
0
0
0
0
0
0
0
0
0
0
0
0
0
0
0
0
0
0
0
0
0
0
0
0
0
0
0
0
0
0
0
0
0
0
0
0
0
0
0
0
0
0
0
0
0
0
0
0
0
0
0
0
0
0
0
0
0
0
0
0
0
0
0
0
0
0
0
0
0
0
0
0
0
0
0
0
0
0
0
0
0
0
0
0
1000
997.529605681398
997.529605681398
1000
1000
1000
1000
1000
-1000
-1000
-274.752922179147
-1000
-1000
1000
1000
-1000
-1000
-1000
471.030576782371
-1000
1000
1000
-1000
-1000
-1000
-1000
-1000
1000
1000
-1000
-725.247077820853
-1000
274.752922179147
-1000
-1000
727.717472139455
1000
-1000
-1000
-1000
-1000
1000
-1000
-1000
-1000
1000
-1000
1000
-1000
-727.666396703096
-1000
-1000
-1000
-1000
-1000
0
0
0
0
0
0
0
0
0
0
0
0
0
0
0
-1000
-1000
-713.477875842095
0
0
0
0
1000
580.812661408614
0
0
0
0
0
0
0
0
0
0
0
0
-0.00365354044038213
-0.00365354044038213
-0.00365354044038213
-0.00365354044038213
0
0
0
1000
0
0
0
0
0
0
0
0
0
0
0
0
0
0
0
0
0
0
0
0
0
0.00365354044034687
0
0
1000
567.574372374149
1000
-567.578025914589
999.99634645956
0
0
0
0
-0.00365354044038213
0
0
0
0
0
249.505030210736
0
0
0
0
0
0
0
0
0
1000
0
0
0
1000
0
190.329433658321
-91.3405741809918
91.3405741809918
0.00365354044034687
0
0
0
0.0160393955324025
1000
0
0
0
0
0
0
-1000
0
725.268238280519
0
0
0
0
1000
0
0
0
0
0
0
0
0
0
0
0
0
0
0
0
0
0
0
0
0
0
0
0
0
0
0
0
0
0
0
0.00365354044034687
0
0
0
0
1000
0
647.790459299302
0
0
1.97550991098934
0
0
0
0
0.00546442570208402
1000
0
-918.815772172189
0
0
0
0
0
0
0
0
0
0
0
0.00365354044038213
-1000
247.227461788254
645.814949388312
743.364180079274
0
0
0
-247.223808247814
1000
0
0
0
0
0
0.00365354044015476
0
0
1000
0
0
0
0
918.815772172189
0
0
-228.862231744098
0
0
-1000
0
-1000
1000
0
0
0
0
0
0
0
0
0
0
0
-1000
1000
0
0
0
0
0
0
0
0
0
898.585822380928
0
0
1000
0
998.110718055891
0
0
0
0
0
0
0
0
0
0
0.987754955494668
0
0
-0.00365354044038213
0
0.00365354044034687
0.00365354044034687
0.00365354044034687
0.00365354044038213
0
0
0
0.987754955494665
0
0
-0.0109606213210327
-1000
-1000
-1000
1000
-1000
752.697270866187
0
0
-998.110718055891
-1.8892819441088
-1000
-1000
0
0
0
0
0
0
0
0
0
0
0
0
0
0
0
0
0
247.302729133813
0
0
0
0
0
0
0
1000
0
0
0
0
0
0.00182147523402801
0
228.862231744098
0
0
0
0
0
0
0.00365354044034687
0
0
0
0
0
0
0
0
0
0
0
0
0
0
0
0
0
0
0
0
0
0
0
0
1000
0
0
0
0
0
0
0
0
0
0
0
0
0
0
0
0
0
0
0
0
0
0
0
0
0
0
0
0
0
0
2.3562688347165
0
0
0
0
0
0
0
0
0
0
0
0
0
0
0
0
0
0
0
0
0
0
0
0
0
0
0
0
0
0
0
0
0
0
0
0
0
0
0
0
0
0
0
0
0
0
0
0
0
0
0
0
0
0
0
0
0
0
0
0
0
0
0
0
0
0
0
0
0
0
0
0
0
0
0
0
0
0
0
0
0
0
0
0
0
0
0
0
0
0
0
0
0
0
0
0
0
0
0
0
0
0
0
0
0
0
0
0
0
0
0
0
0
-999.987249673362
0
0.00182147523400999
0
0.0200468175465858
0
0
-0.0127503266381837
0
1000
0
0
0
0
0.0164038670785658
0
0
0
0
0
0
0
0
0
0
0
0
0
0
0
0
0
0
0
0.00365354044034687
0.00365354044034687
0.00365354044034687
1000
-1000
0
-47.0671477316879
-1000
0
0
0
0
0
0
-1000
-898.585822380928
0
0
0
0
0
0
0
0
0
0
128.28285985393
0
1000
0
-1000
-1000
-1000
-1000
-1000
-1000
0
0
0
0
0
0
0
0
0
0
-969.471144042627
0
1000
0.4001774029178
0.00365354044034687
0.00365354044034687
0.00365354044034687
0.00365354044034687
0.00365354044034687
0
0
0
0
1000
0
0
0
0
0
0
0
0
0
0
0
0
0
0
0
-1000
0
0
0
0
0
0
1000
-1000
0
1000
1000
1000
-1000
0
0
0
0
0
0
0
0
0
0
0
0
0
0
0
0
0
0
0
0
0
0
3.54606882724416
0
0
0
0
0
0
0
0.794668289649821
0
0
0
0
0
4.47770947326597
0
0
0
0
0
0
0
0
0
0
0
1000
0
0
0
0
0
0
0
0
0
0
-1000
0
0
0
0
0
0
0
256.635819920726
1000
-1000
-1000
-1000
-1000
-996.453931172756
0
0.0218788827529178
0
0
0
0
-725.236159489454
-1000
-1000
0
249.505030210736
0
0
0
999.978078757358
3.72237526023747
0
0
0
0
0
0.587577552576868
0.587577552576868
-690.044844055679
-999.985428198128
0
0
0
0
0
0
0.370896129533571
0
1000
0
0
0
0
0
0
0
999.20533171035
0.00365354044034687
0
0
0
0
0
0
0
0
-1000
-999.99634645956
0
0
996.316958816384
0
0
0
1000
0
0
0
-871.71714014607
0
-1000
0
0
0
-1000
-1000
0
0
0
0
-123.67905837441
0
0
123.552056954285
-563.798314383529
563.798314383529
0
0
0
0
-750
0
0
0
0
-1000
-1000
0
0
474.874800211152
0
0
0
0
0.000909413870477644
0
0
0
0
0
0
0
0
998.110718055891
0
1000
0
0
0
0
0
0
0
0
0
0
1000
277.897738000595
0
-1000
277.897738000595
-1000
-1000
722.102261999405
0
0
0
0
0
0
0
0
-1000
0
0
-1000
0.00182147523402801
0.00182147523402801
0
-1000
43.3463406698472
330.172483658895
0
0
375.843068832181
0
0
0
0
0
0
0
0
0
0
0
0
0
0
-1000
0
0
0
0
0
0
0
0
0
0
0.00365354044038213
0
0
0
0
0
0
0
0
0
0
0
0
0
0
0
0
0
0
0
0
0
0
0
0
0
0
0
0
0
0
0
0
0
0
0
0
0
0
0
0
0
0
0
0
0
0
-1000
0
-1000
0
0
0
0
0
0
-1000
0
0
0
0
0
0
0
0
0
0
0
871.71714014607
0
0
0
0
0
0
0
0
0
0
0
0
0
1000
0
0
0
-352.209540700698
0
0
0
0
0
0
0
0
0
0
0
0
0
0
0
123.552056954285
0
0
0
0
0
0
0
0
0
0
0
0
0
0
0
0
0
0
0
0
0
0
0
123.552056954285
0
0
0
0
0
0
0
0
0
0
0
0
0
0
0
0
0
0
0
0
0
0
0
0
0
0
0
0
0
0
0
0
0
0
0
0
0
0
0
0
0
0
0
0
0
0
0
0
0
0
0
0
0
0
0
0
0
0
0
0
0
0
0
0
0
0
0
0
0
0
0
0
0
0
0
0
0
0
0
0
0
0
0
0
0
0
0
0
0
0
0
0
0
0
0
0
0
0
0
0
0
0
0
0
0
0
0
0
0
0
0
0
0
0
0
0
0
0
0
0
0
0
0
0
0
0
0
0
0
0
0
0
0
0
0
0
0
0
0
0
0
1000
0
0
0
0
-1000
0
0
0
0
0
0
0
0
0
0
0
0
0
0
0
0
0
0
0
0
0
0
403.685745016749
0
0
0
0
-96.3170995674749
0
1000
0
-999.833591822915
0
-725.268238280519
0
-1000
-1000
0
0
0
0
-0.0255747830824475
0.0219212426420812
0
0
0
0
0
0
0
0
0
0
0
0
0
0
0
0
0
0
0
0
0
0
0
0
0
0
0
0
0
0
0
0
0
0
0
0
0
0
0
0
0
0
0
0
0
0
0
0
0
0
0
0
0
0
0
0
0
0
0
0
0
0
0
0
0
0
0
0
0
0
0
0
0
0
0
0
0
0
0
0
0
0
0
0
0
0
-989.385189811629
0
0
0
0
0
0
0
0
0
0
0
0
0
0
0
0
0
0
0
0
0
0
0
0
0
0
0
0
0
0
0
0
0
0
0
0
0
0
0
0
0
0
0
0
0
0
0
0
0
0
0
0
0
0
0
0
0
0
0
0
0
0
0
0
0
0
0
0
0
0
0
0
0
0
0
0
0
0
0
0
0
0
0
0
0
0
0
0
0
0
0
0
0
0
0
0
0
0
0
0
0
0
0
0
0
0
0
0
0
0
0
0
0
0
0
0
0
0
0
0
0
0
0
0
0
0
0
0
0
0
0
0
0
0
0
0
0
0
0
0
0
0
0
0
0
0
0
0
0
0
0
0
0
0
0
0
0
0
0
0
0
0
0
0
0
0
0
0
0
0
0
0
0
0
0
0
0
0
0
0
0
0
0
0
0
0
0
-989.385189811629
0
0
0
0
0
0
0
0
0
0
0
0
0
0
0
375.843068832181
0
0
0
0
0
0
0
0
0
0
0
-1000
0
0
1.00698281518447
0
0.00365354044038213
-309.519934558098
-690.044844055679
0
0
0
0
0
0
0
0
0
0
0
0
0
0
0
0
0
0
0
0
0
0
0
0
0
0
0
0
0
0
0
0
0
0
0
0
0
0
0
0
0
0
0
0
0
0
0
0
0
0
0
0
0
0
0
0
0
0
0
0
0
0
0
0
0
0
0
0
0
0
0
0
0
0
0
0
0
0
0
0
0
0
0
0
0
0
0
0
0
0
0
0
0
0
0
0
0
0
0
0
0
0
0
0
0
0
0
0
0
0
0
0
0
0
0
0
0
0
0
0
0
0
0
0
0
0
0
0
0
0
0
0
0
0
0
0
0
0
0
0
0
0
0
0
0
0
0
0
0
0
0
0
0
0
1000
0
0
-1000
0
0
0
0
0
0
0
0
1000
0.00365354044038213
0
0
0
1000
0
0
0
0
0
0
0
0
0
0
0
0
0
0
0
1000
0
-1000
0
0
0
0
0
0
0
0
0
0
0
0
0
0
0
0
0
0
0
0
0
0
0
0
0
0
0
0
0
0
0
0
0
0
0
0
0
0
0
0
0
0
0
0
0
0
0
0
0
0
0
0
0
0
0
0
0
0
0
0
0
0
0
0
0
0
0
0
0
0
0
0
0
0
0
0
0
0
0
0
0
0
0
0
0
0
0
0
0
0
0
0
0
0
0
0
0
0
0
0
0
0
0
0
0
0
0
0
0
0
0
0
0
0
0
0
0
0
0
0
0
0
0
0
0
0
0
0
0
0
0
0
0
0
0
0
0
0
0
0
0
0
0
0
0
0
0
0
0
0
0
0
0
0
0
0
0
0
0
0
0
0
0
0
0
0
411.363869137692
500
88.2497690905042
0
0
-0.987754955494665
0
0
0
471.033142520566
19.5208489228195
42.6687633552588
0.105899722908605
88.2497690905042
0
0
0
0
0
0
0
0
0
0
0
0
0
0
0
0
0
0
0
0
0
0
0
0
0
496.095333378341
-1000
0
0
-1000
690.041190515238
-1000
0
690.044844055679
0
0
0
0
0
0
0
0
0
-317.503550311737
0
0
0
0
0
0.00365354044034687
0
0
0
0
0
0
0
0
0
0
0
0
0
0
0
0
127.098125781529
0
0
0
0
0.0127503266381837
-60.8019298846978
-2.66702982261859
0
-10.8419606815215
-21.2548862856327
-1000
-33.9910223609591
-1000
-327.498252529519
-26.8558211430343
-4.65879356005678
-31.793395723648
1000
-1000
0
0
0
0
-1000
933.892022961999
-17.7149453605475
-1000
-13.4700961673866
-999.805718133348
-24.1809000420859
-467.358958958716
894.490133683817
-882.991055686268
0
1000
-1000
0
0
809.670566341679
0
0
999.816524317572
-1000
0
0
0
-11.0136629622548
0
0
1000
0
0
0
0
0
0
0
0
0
0
-0.00365354044038213
-0.00365354044038213
0
0
0
0
0
0
0
0
0
0
0
0
0
0
0
0
528.969423217629
0
-256.635819920726
0
0
-269.275406552066
-1000
1000
-0.00365354044038213
-0.00365354044038213
-1.00698281518453
0
0
-0.00365354044038213
0
-0.00365354044038213
0
0
0
0
-0.00365354044038213
0
0
0
-0.00365354044038213
0
0
0
0
0
0
0
0
0
0
0
-1000
0
0
0
0
0
567.574372374149
0
0
0
0
0
0
-258.514678586587
1000
0
0
0
-274.752922179147
0
1000
0
0
-0.00365354044038213
0
0
0
0
1000
0
0
0
0
0
0
0
0
0
1000
-3.19765978317912
-713.477875842095
-1000
-1000
0
0
0
0
712.998088322481
0
0
0
2.48643371413414
0
0
0
0
0
0
-4.02301574859814
0
0
-1000
0
1000
1000
1000
0
0
459.378850287003
-995.969677170521
0
0
0
91.3405741809918
0
0
-750.494969789264
0
750.494969789264
-1000
-1000
0
0
0
0
0
0
-0.0510754363588148
0
0
0
0
432.421974085411
-1000
1000
0
0
0
0
0
875.989859422434
508.186116974408
-809.670566341679
-1000
-389.757544842416
0
0
-91.3405741809918
0
0
0
0
0
0
0
0
1000
0
-0.440851429996087
-0.127001420124657
-34.3856344987612
-1000
-1.87327094683928
-13.3079617123726
-1.20651349118464
-6.82632633170238
-3.65129082858493
-0.127001420124657
0
0
501.175920423386
0
-0.127001420124657
-1000
-0.127001420124657
-0.127001420124657
-0.127001420124657
-4.46682912314816
0
-0.127001420124657
-47.5611224228278
-49.0542985231634
0
-3.72237526023741
0
-0.370896129533548
-0.127001420124657
0
0
-0.127001420124657
-0.127001420124657
-0.127001420124657
-0.127001420124657
0
0
-7.93758875779338
0
0
0
-1000
1000
0
0
-1000
1000
-0.00365354044038213
0
750
-750
0
0
0
-1000
0
0
0
0
0
0
0
0
0
0
0
0
0
0
0
0
0
0
0
1000
-1000
1000
-1000
-43.3463406698472
43.3463406698472
-330.172483658895
330.172483658895
330.172483658895
0
-809.670566341679
1000
0
-0.127001420124657
-0.127001420124657
0
0
0
0
1000
-1000
999.833591822915
-0.0255747830824475
0.0219212426420654
0
0
0
0
0
-1000
-1000
0
0
0
0
0
0
0
0
0
0
0
0
0
0
0
0
0
0
0
0
0
0
0
0
0
0
0
0
0
0
0
0
0
0
0
0
0
0
0
0
0
0
0
0
0
0
0
0
0
0
0
0
0
0
0
0
0
0
0
0
0
0
0
0
0
0
0
0
0
-0.127001420124657
0
0
0
0
0
0
0
0
0
0
0
0
0
0
0
0
0
0
0
0
0
0
0
0
0
0
0
0
0
0
0
0
0
0
0
0
0
0
0
0
0
0
0
0
0
0
0
0
0
0
0
0
0
0
0
0
0
0
0
989.385189811629
0
0
0
0
0
0
0
0
0
0
0
0
0
0
0
0
0
0
0
0
0
0
0
0
0
0
0
0
0
0
0
0
0
0
0
0
0
0
0
0
0
0
0
0
0
0
0
0
0
0
0
0
0
0
0
0
0
0
0
0
0
0
0
0
0
0
0
0
0
0
0
0
0
0
0
0
0
0
0
0
0
0
0
0
0
0
0
0
0
0
0
0
0
0
0
0
0
0
0
0
0
0
0
0
0
0
0
0
0
0
0
0
0
0
0
0
0
0
0
0
0
0
0
0
0
0
0
0
0
0
0
0
0
0
0
0
0
0
0
0
0
0
0
0
0
0
0
0
0
0
0
0
0
0
0
0
0
0
0
0
0
0
0
0
0
0
0
0
0
0
0
0
0
0
0
0
0
0
0
0
0
0
0
0
0
0
0
0
0
0
0
0
0
0
0
0
0
1000
875.989859422434
1000
0
0
0
309.519934558098
0
0
0
0
0
0
0
0
0
0
0
0
0
0
0
0
0
0
0
0
0
0
0
1000
0
-1000
0
-1000
-0.00365354044038213
0
0
0
0
0
0
0
0
-708.221525657443
0
0
0
0
0
0
0
0
0
0
0
0
0
0
0
0
0
0
0
0
0
0
0
0
0
0
0
0
0
0
0
0
0
0
0
0
0
0
0
0
0
0
0
0
0
0
0
0
0
0
0
0
0
0
0
0
0
0
0
0
0
0
0
0
0
0
0
0
0
0
0
-1000
1000
1000
0
-0.127001420124657
-0.127001420124657
-0.127001420124657
-0.127001420124657
0
-0.127001420124657
-0.254002840249427
0
-0.127001420124657
-0.127001420124657
-0.127001420124657
-0.127001420124657
0
-0.127001420124657
-0.127001420124657
-0.127001420124657
-0.127001420124657
-0.127001420124657
-0.127001420124657
-0.127001420124657
0
-0.127001420124657
-0.127001420124657
-0.127001420124657
0
-1000
88.2497690905043
0
1000
0
0
0
0
0
0
0
0
0
0
0
