0
0
0
0
0
0
0
0
-336.312521699436
0
0
0
0
199.292697767587
999.742867523647
0
999.742867523647
-999.742867523647
999.940985989034
0
0.0590140109663659
0
-1000
0.37094521178858
0
1000
-201.764906193719
0
-35.8423064633747
0.0125961653189844
0
0
0
0
0
0.0324999896706188
0
0
0
35.4136375454836
0
0
0
0
0
0
0
0
0
0
0
0
0
0
0
0
0
0
0
0
0
0
0
0
0
0
0
0
35.8423064633748
0
0
0
0
1000
1000
0
0
0
0
35.8423064633747
0
-1000
0
0
0
0
0
0
0
0
0
0
0
0
0
0
0
0
0
0
0
0
0
0
0
0
1000
0
0
0
0
0
21.5937346733584
438.834298419004
0
0
0
0
0
0
0
0
0
0
0
0
0
0
0
0
0
1000
0
0
-1000
0
0
0
0
-1000
0
0
0
-14.7743184976239
0
0
0
0
-0.0504578947952723
0
0
0.00900772287345977
-204.39524496822
0
0
598.52929796193
1000
1000
401.462271465075
0
204.39524496822
0
-1000
401.462271465075
600.754969232662
1000
-800.707302232413
0
204.39524496822
1000
0
0
0.00900772287343443
0
0
1000
633.649052167775
0
0
0
0
0
-3.97015908744311
0
0
0
0
0
0
0
748.285476680309
-1000
0
0
0
0
0
0
0
0
996.025625626059
996.025625626059
1000
0
0
0
-1000
0
-705.39508762327
0
0
0
0
0
0
0
0
0
0
0
3.97437437394069
0
0
-1000
79.7737496726948
0
0
0.465555944098676
0
0
0.473986517093871
0.698333916148014
0
744.311102306368
0
0
0
-1000
0
0
0
0
0
0
0
0
0
0
0
0
-1000
0
-1000
0
-1000
-1000
1000
-1000
0
-1000
1000
-0.975812233451734
999.534444055901
-2.65717188470217
0
-0.698333916148044
1000
1000
-1000
81.4116260500353
0
0
1000
0
0.181257319396695
0
-0.18125731939665
0
0.00179945218842634
0
0
0
0
0
0
0
0
0
0
497.347695092932
0
0
0
0
0
0
1000
0
1000
0
0
0
1000
62.7526724943855
-0.18125731939665
0
-0.698333916148044
0
0
0.698333916148044
2.65717188470217
0
0
0
0
0
0
-1000
0
0
0
-1000
0.698333916148044
0
1000
-0.975812233451734
0
0.00360936630818287
0
0
0
0
0
0
0
0
0
0
0
0
0
0
0
2.32777972049338
0
9.79934234394966
0
0
0
0
0
0
0
0
53.7105746321968
-1000
705.399302909767
2.54851252227365
-1000
1000
1000
500.101992932606
-1000
-1000
1000
-1000
1000
-1000
-1000
0
0
0
0
0
0
-1000
0
0
-1000
-1000
-1000
0
0
0
1000
1000
0
0
0
0
0
0
0.97581223345171
-999.534444055901
1000
1000
0
1000
-1000
-1000
-1000
-446.343398035609
-1000
1000
1000
1000
-553.648171391396
1000
-1000
-1000
1000
-1000
-222.651472936485
-1000
-783.776384750166
0
1000
1000
0
0
0
-1000
1000
0
0
0
-748.285476680309
0
0
0
-880.207568062085
1000
0
0
-29.7002722279167
0
0
0
0
0
0
0
0
204.949775093738
0
0
0
0
0
0
0
0
0.00360936630818075
0
0
0
0
0
0
0
0
0
0
0
0
0
0
0
1000
0
0
0
0
0
0
0
0
0
0
0
0
0
0
0
0
0
0
0
0
0
0
0
0
0
0
1000
0.00360936630818287
1000
0.105382162439923
0.105382162439923
0
-815.926289613627
0
0
0
0
0
0
0
0
0
0
0
0
122.357059981753
0
0
0
0
0
0
0
0
0
0
0
0
0
0
0
0
0
0
0
0
0
0
0
0
0
0
0
0
0
0
0
0
0
0
0
0
0
0
0
0.164396173406567
0
0
0
-1000
0
466.345389142777
0
466.345389142777
0
0
1000
0
0
0
0
0
0
0
0
0
0
0
0
0
0
0
0
0
0
0
0
0
0
0
0
-1000
0
0
0.164396173406567
0
0
0
0
0
0
0
0
0
755.456831269886
0
0
0
0
0
0
0
0
0
0
0
0
0
0
0
0
0
0
0
0
0
0
0
0
0
0
0
0
0
0
0
0
0
0
0
0
0
0
0
0
0
0
0
0
0
0
0
32.6523258526867
0
32.6523258526867
0
0
0
0
0
0
0
0
0
0
0
0
0
0
0
0
0
0
0
0
0
1000
0
0.00421528649759756
0
0
0
0
0.762966856065159
0.762966856065159
0
0
0
0
0
0
0
0
0
0
0
0
0
0
0
0
0
0
0
0
0
1000
0
0
0
0
0
-0.00360936630818287
0
0
0
-1000
0
0
1000
0
0
0
0
2.19194897875073
0
0
2.19194897875073
0
0
0
0
0
0
0
0
0
0
2.19194897875073
0
2.19194897875073
0
0
0
13.0759974402078
37.2735727744002
23.8253049444356
17.4501745198503
25.872792088098
8.51568516568695
19.9164658519891
36.4359643974474
33.5508688768322
10.609706108069
20.5679390340636
42.3922906335563
33.457801279393
10.3305033157514
17.1244379288131
23.7322373469964
30.7588409536561
24.8955823149864
4.56031227452088
31.0380437459737
0
0
0
0
0
0
0
0
0
0
0
0
0
0
0
0
0
0
0
0
0
0
0
0
0
0
0
0
0
0
0
0
0
0
0
0
0
0
0
0
0
0
0
0
0
0
0
0
0
0
0
0
0
0
0
0
0
0
0
0
0
0
0
0
0
0
0
0
0
0
0
0
0
0
0
0
0
0
0
0
0
0
0
0
0
0
0
0
0
0
0
0
0
0
-1000
0
0
0
0
0
1000
1000
-1000
-1000
242.949014134396
0
0
0
0
0
0
-29.7002722279167
-243.10076444831
-243.10076444831
-1000
0
-266.311464003173
0
-266.429492025106
1000
1000
242.957444707391
1000
0
0
1000
0
-1000
-1000
-1000
0
856.04559597858
0
0
0
266.311464003173
0
0
0
0
0
0
0
0
0
0
0
-1000
367.330369431985
1000
1000
0
500
272.943445238672
2.51262755111297
5
0
0
0
0
0
0
133.156801031721
0
0
0
0
-0.00147130604023005
0
0
0
0
-0.00147130604023005
274.229616231609
366.307635436527
0
-0.00294261208046009
0
-0.00147130604023005
-0.55157699975689
0
-0.0919566275149464
0.569763264082461
-1000
-0.00147130604023005
0
-0.00147130604023005
-0.00147130604023005
0.00147130604023005
-0.00147130604023005
0.00147130604023005
-0.00147130604023005
-0.00147130604023005
-0.00147130604023005
-0.00147130604023005
-0.00147130604023005
-0.00147130604023005
-0.00147130604023005
-0.00147130604023005
-0.00147130604023005
-0.00147130604023005
-0.00147130604023005
-0.0308974268450584
-0.0100940811042847
-0.0423000486568981
-0.0426678751668987
-0.0217017640935637
0.00147130604023005
0.00147130604023005
-0.10586513610474
0.00147130604023005
0.00147130604023005
0.00147130604023005
0.00147130604023005
-0.704387766764285
-0.0106669687917247
-0.0790826996628766
-0.398356110394616
-0.00154020483262229
0.00147130604023005
0.00147130604023005
0.0139774073822991
0.00147130604023005
0.00147130604023005
-0.00147130604023005
0
0
0
0
0
0
0
0
0
0
0
0
0
0
0
0
0
0
0
0
0
0
0
0
0
0
0
0
0
0
0
0
0
0
0
0
0.000898418352790031
0
0
0
0
0
0
0
0
0
0
0
0
0
0
0
0
0
0
0
0
0
0
0
0
0
0
0
0
0
0
0
0
0
0
0
0
0
0
0
1000
0
0
0
0
0
0
0
0
0
0
0
0
0
0
0
0
0
0
0
0
0
0
0
0
0
0
0
0
0
0
0
0
0
0
0
0
0
0
0
0
0
0
0
0
0
0
0
0
0
0
0
0
0
0
0
0
0
0
0
0
0
0
0
0
0
0
0
0
0
0
0
0
0
0
0
0
0
0
0
0
0
0
0
0
0
0
0
0
0
0
0
0
0
0
0
0
0
0
0
0
0
0.00147130604023876
0.00147130604023876
133.159743643801
0
0
0
0
0
0
0.00147130604023876
0.00147130604023876
0
0.00147130604023876
0
0
0
0
0
0
0
0
0
0
0
0
0
0
0
0
0
0
0
0
0
0
0
0
0
0
0
0
0
0
0
0
0
0
0
0
0
0
0
0
0
0
0
0
0
0
0
0
0
0
0
0
0
0
0
0
0
0
0
0
0
0
0
0
0
0
0
0
0
0
0
0
0
0
0
0
0
0
0
0
0
0
0
0
0
0
0
0
0
0
0
0
0
0
0
0
0
0
0
0
0
0
0
0
0
0
0
0
0
0
0
0
0
0
0
0
0
0
0
0
0
0
0
0
0
0
0
0
0
0
0
0
0
0
0
0
0
0
0
0
0
0
0
0
0
0
0
0
0
0
0
0
0
0
0
0
0
0
0
0
0
0
0
0
0
0
0
0
0
0
0
0
0
0
0
0
0
0
0
0
0
0
0
0
0
0
0
0
0
0
0
0
0
0
0
0
0
0
0
0
0
0
0
1000
0
0
0
0
0
0
0
0
0
0
0
0
0
0
0
0
0
0
0
0
0
0
0
0
0
0
0
0
0
0
0
0
0
0
0
0
0
0
0
0
0
0
0
0
0
0
0
0
0
0
0
0
0
0
0
0
0
0
0
0
0
0
0
0
0
0
0
0
0
0
0
0
0
0
0
0
0
0
0
0
0
0
0
0
0
0
0
0
0
0
0
0
0
0
0
0
0
0
0
0
0
0
1000
1000
0
0
0
0
0
0
0
0
0
0
0
0
0
0
0
0
0
0
0
0
0
0
-1000
0
-1000
0
0
0
0
0
0
0
0
0
0
0
1000
1000
0
0
0
0
0
0
0
0
0
0
0
0
0
0
0
0
0
0
0
0
0
0
0
0
0
0
0
0
0
0
0
0
0
0
0
0
0
0
0
0
0
0
0
0
0
0
0
0
0
0
0
0
0
0
0
0
0
0
0
0
0
0
0
0
0
0
0
0
0
0
0
0
0
0
0
0
0
0
0
0
0
0
0
1000
46.5233350446174
0
0
0.00147130604023005
0
-866.788392818281
0
0
133.158272337761
0
276.334128685733
-0.00147130604023005
366.307635436527
0
0
0
0.000898418352790031
0
0
-1000
999.99852869396
0
0
0
0
0
0
0
0
0
0
0
0
0
-1000
0.000898418352790031
0
0
0
0.00360936630818287
0
0
0
0
0
0
0
-0.00360936630818287
0
0
0
0
0
133.156801031721
-1000
1000
-133.156801031721
-133.156801031721
710.399236033848
-289.600763966152
1000
-0.0216561978490972
0
0
0.00147130604023005
-0.00147130604023005
0
0
133.21160718172
-133.211607181719
1000
0
0
0
-133.158272337761
-133.158272337761
1000
0
-504.715986659988
-495.284013340012
-1000
0
-633.692364563473
-366.307635436527
-1000
0
0
0
0
0
-1000
0
0
0
0
0
-1000
1000
-1000
0
0
0
-1000
0
0
0
-1000
0
0
0
0
0
0
0
0
0
0
0
0
0
0
0
0
0
0
0
-1000
1000
-1000
0
-1000
0
-1000
0
-1000
0
0
0
0
0
0
0
0
0
-1000
0
-1000
0
737.833671112645
0
-1000
0
-1000
0
-1000
0
0
0
0
0
0
0
0
0
-1000
0
0
0
0
0
0
0
0
0
0
0
0
0
0
0
0
0
0
0
0
0
0
0
0
0
0
0
0
0
0
0
0
0
0
0
0.000898418352790031
-0.000898418352790031
0
0
0
0
0
0
0
0
0
0
0
0
0
0
0
0
0
0
0
0
0
0
0
0
0
0
0
0
0
0
0
0
0
0
0
0
0.000898418352790031
-0.000898418352790031
0
0
0
0
0
0
-0.00360936630818287
-0.00360936630818287
0
0
0
0
0
0
0
0
0
0
0
0
0
0
0
0
0.00360936630818287
0.00360936630818287
0
0
0
0
0
0
0
0
0
0
0
0
0
0
0
0
0
0
0
0
0
0
0
0
0
0
0
0
0
0
0
0
0
0
0
0
0.00360936630829656
0
0
0
0
0
0
0
1.18215987965593
0.00360936630818075
0
0
0
0
0
0
0
0
0.148740765001474
0
0
0
0
0
0
0
0
0
0
0
0
0
0
0
0
0
0
0
0
0
0
0
0
0
0
0
0
0
0
0
0
0
0
0
0
0
0
0
0
0
0
0
0
0
0
0
0
0
0
0
0
0
0
0
0
0
0
0
0
0
0
0
0
0
133.211607181719
133.211607181719
133.211607181719
0
0
0
0
0
0
0
0
0
0
0
0
0
0
0
0
0
0
0
0
0
0
0
0
0
0
0
0
0
0
0
0
0
0
0
0
0
0
0
0
0
0
0
0
0
0
0
0
0
0
0
0
0
0
0
0
0
0
0
0
0
0
0
0
0
0
0
0
0
0
0
0
0
0
0
0
0
0
0
0
0
0
0
0
0
0
0
0
0
0
0
0
0
0
0
0
0
0
0
0
0
0
0
0
0
0
0
0
0
0
0
0
0
0
0
0
133.158272337761
133.158272337761
133.158272337761
133.158272337761
-133.158272337761
0
0
0
0
0
0
0
0
0
0
0
0
0
0
0
0
0
0
0
0
0
0
0
0
0
0
0
0
0
0
0
0
0
0
0
0
0
0
0
0
0
0
0
0
0
0
0
0
0
0
0
0
0
0
0.00360936630818075
0.00360936630818075
0.00360936630818075
0.00360936630818075
0.00360936630818075
0
0
0
0
0
0
0
0
0
0
0
0
0
0
0
0
0
0
0
0
0
0
0
0
0
0
0
0
0
0
0
0
0
0
0
0
0
0
0
0
0
0
0
0
0
0
0
0
0
0
14.7743184976239
14.7743184976239
-14.7743184976239
4.9163509778222
-2.45637080575705
2.45637080575701
2.45637080575701
2.45637080575701
2.45637080575701
2.45637080575701
2.45637080575701
2.45637080575701
2.45637080575701
2.45637080575701
2.45637080575701
0
2.45637080575701
2.45637080575705
2.45637080575701
2.45637080575701
2.45637080575701
2.45637080575701
2.45637080575701
2.45637080575701
0
0
0
2.45637080575701
0
2.45637080575701
2.4491729970033
0
0
0
0
0
0
0
0
0
0
0
0
0
0
0
0
14.7743184976239
14.7743184976239
4.9163509778222
4.9163509778222
0
0
0
0
0
0
0
0
0
0
0
0
0
0
0
0
0
0
0
0
0
0
0
0
0
0
0
0
0
0
0
0
0
0
0
0
0
0
0
0
0
0
0
0
0
0
0
0
0
0
0
0
0
0
0
0
0
0
0
0
0
0
0
0
0
0
0
0
0
0
0
0
0
0
0
0
0
0
0
0
0
0
0
0
0
0
0
0
0
0
0
0
0
0
0
0
0
0
0
0
0
0
0
0
0
0
0
0
0
0
0
0
0
0
0
0
0
0
0
0
0
0
0
0
0
0
0
0
0
0
0
0
0
0
0
0
0
0
0
0
0
0
0
0
0
0
0
0
0
0
0
0
0
0
0
0
0
0
0
0
0
0
0
0
0
0
0
0
0
0
0
0
0
0
0
0
0
0
0
0
0
0
0
0
0
0
0
0
0
0
0
0
1.18215987965593
1.20738359608788
1.20738359608788
0
0
0
0
-1.20738359608788
0
0
0
0.0252237164319529
0
0
1000
0
0
0
0
0
0
0
0
0
0
0
0
0
0
0
0
0
0
0
0
0
0
0
0
0
0
0
0
0
0
0
0
0
0
0
0
0
0
0
0
0
1.20738359608788
0
0
0
0
0
0
0
0
0
0
0
0
0
0
0
0
0
0
0
0
0
0
0
0
0
0
0
0
0
0
0
0
0
0
0
0
0
0
0
0
0
0
0
0
0
0
0
0
0
0
0
0
0
0
0
0
0
0
0
0
0
0
0
0
0
0
0
0
0
0
0
0
0
0
0
0
0
0
1.18215987965593
0.00360936630818075
0
0
0
0
0
0
0
1.55628551856824
0
0
0
0.97581223345171
0.97581223345171
0.97581223345171
0
0
0
0
0
0
1.33451001096558
0
0
0
0.00360936630818075
0
0
0
0
-1.33451001096557
1.33451001096558
0
0
0
0
0.366411708213093
0
0
0
0
0
0.243389857726434
0
0.221775507602661
0
0
0
0
0
0
0
0
0
0
10.880499251254
10.880499251254
10.880499251254
0
0
0
0
-0.148740765001435
0
0
0
0
0
0
0
0
0
0
0
0
0
0
0
0
0
0
0
0
0
0
0
0
0
0
0
0
0
0
0
0
0
0
0
0
0
0
0
0
0
0
0
0
0
0
0
0
0
0
0
0
0
0
0
0
0
0
0
0
0
0
0
0
0
0
0
0
0
0
0
0
0
0
0
0
0
0
0
0
0
0
0
0
0
0
0
0
0
0
0
0
0
0
0
0
0
0
0
0
0
0
0
0
0
0
0
0
0
0
0
0
0
0
0
0
0
0
0
0
0
0
0
0
0
0
0
0
0
0
0
0
0
0
0
0
0
0
0
0
0
0
0
0
0
0
0
0
0
0
0
0
0
0
0
0
0
0
0
0
0
0
0
0
0
0
0
0
0
0
0
0
0
0
0
0
0
0
0
0
0
0
0
0
0
0
0
0
0
0
0
0
0
0
0
0
0
0
0
0
0
0
0
0
0
0
0
0
0
0
0
0
0
0
0
0
0
0
0
0
0
0
0
0
0
0
0
0
0
0
0
0
0
0
0
0
0
0
0
0
0
0
0
0
0
0
0
0
0
0
0
0
0
0
0
0
0
0
0
0
0
0
0
0
0
0
0
0
0
0
0
0
0
0
0
0
0
0
0
0
0
0
0
0
0
0
0
0
0
0
0
0
0
0
0
0
0
0
0
0
0
0
0
0
0
0
0
0
0
0
0
0
0
0
0
0
0
0
0
0
0
0
0
0
0
0
0
0
0
0
0
0
0
0
0
0
0
0
0
0
0
0
0
0
0
0
0
0
0
0
0
0
0
0
0
0
0
0
0
0
0
0
0
0
0
0
0
0
0
0
0
0
0
0
0
0
0
0
0
0
0
0
0
0
0
0
0
0
0
0
0
0
0
0
0
0
0
0
0
0
0
0
0
0
0
0
0
0
0
0
0
0
0
0
0
0
0
0
0
0
0
0
0
0
0
0
0
0
0
0
0
0
1000
0
0
0
0
58.7084564394543
0
0
0
0
0
0
0
0
0
0
0
0
0
0
0
0
0
0
0
0
0
0
0
0
0
0
0
0
0
0
0
0
0
0
0
0
0
0
0
0
0
0
0
0
0
0
0
0
0
0
0
0
0
0
0
0
0
0
0
0
0
0
0
0
0
0
0
0
0
0
0
0
0
0.0805540057031067
0.164396173406567
0.164396173406567
0
0
0
0.164396173406544
0
0.164396173406567
-246.799011040029
0
0
0
0.0252917189858408
0
0
0
0
0
0
246.799011040029
0
0
0
0
0
0
0.994807613433021
0
0
0
0
0
0
0.994807613433021
0.994807613433021
0.994807613433021
0.994807613433068
0
0
0
0
0
0
0
0
0
0
0
0
0
0
0
0
0
0
0
0
0
0
0
0
0
0
0
0
0
0
0
0
0
0
0
0
0
759.58545622968
759.58545622968
0
0
0
0
0
0
0
0
0
0
0
0
0
0
0
0
0
0
0
0
0
0
0
0
0
0
0
0
0
0
0
0
0
0
0
0
0
0
0
0
0
0
0
0
0
0
0
0
1000
1000
-1000
0
0
0
-1000
816.445391747922
1000
0
183.375376470225
0
0
-1000
999.301666083852
0
0
0
0
0
0
0
0
0
0
0
0
0
0
0
0
0
0
0
0
0
0
0
0
0
0
0
0
0
0
0
0
0
0
0
0
0
0
0
0
-816.445391747922
0
0
0
0
0
0
0
0
0
0
0
0
0
0
0
0
0
-999.996390633692
999.996390633692
1000
999.996390633692
1000
-1000
-1000
0
0
0
0
0
0
0.00360936630818287
0
0
0
0
0
0
0
61.1785299908766
15.2946324977192
15.2946324977192
15.2946324977192
15.2946324977192
0
15.2946324977192
0
0
0
0
0
0
0
0.0144060794387388
0
0.00360936630818075
0.0216143501237722
1000
0.00179945218842634
0.00179945218842634
0.00360936630818287
0
0.0126066272503125
0.00179945218842634
0.0270231686203503
-0.00179945218837929
0.00179945218842634
0.00179945218842634
0.00179945218842634
0.00179945218842634
0.00179945218842634
-0.00179945218837929
-0.00359890437687227
0.00179945218842634
0.00179945218842634
0.00179945218837929
0.00179945218842634
-0.00540881849656216
-0.00540881849656216
0.00360936630818287
0.00360936630818287
0.00179945218842634
0.00179945218842634
0
0
0.00360936630818075
0.00360936630818075
-0.00360936630818287
-0.00360936630818287
0.00360936630818287
0.00360936630818287
0.00179945218842634
0.00179945218842634
0.00179945218842634
0.00179945218842634
0.045059538229907
-0.00540881849656216
-999.974776283568
0
0
0
0
0
0
-1000
0
0
0
0.00360936630818075
0
0
0
0
0.00180468315409037
0.00360936630818287
0.00360936630818287
0
0.00360936630818075
0
0
0
0
0
-0.00360936630818287
0
0
0.00719780875370537
0.00179945218842634
0.00539835656527903
0.00179945218842634
-0.00179945218837929
0.00179945218842634
0.00179945218842634
0.00179945218842634
0.00179945218842634
0.00179945218842634
0.00179945218842634
0.00359890437685269
0.00179945218842634
0.00179945218842634
0.00179945218842634
0.00179945218842634
0.00179945218842634
0
0.00179945218842634
0.00360936630818075
0.00360936630818075
0.00360936630818075
0.00360936630818075
0.00360936630818075
0.00360936630818075
0.00360936630818075
0.00360936630818075
0.00360936630818075
0.00360936630818075
0.00360936630818075
0.00360936630818075
0.00360936630818075
0.00360936630818075
0
0
0
0
0
0
0
0
0
0
0
0
0
-0.00360936630818287
0.00360936630818075
0.00360936630818075
0
0
0
0
0
0
0
0
0
0
0
0
0
0
0
0
0
0
0
0
0
0
0
0
0
0
0
0
0
0
0
0
0
0
0
0
0
0
0
0
0
0
0
0
0
0
0
0
0
0
0
0
0
0
0
0
0
0
0
0
0
0
0
0
1000
0
0
0
0
0
0
0.00360936630818075
0
0
0
0
0
0
0
0
0
0
0
0
0
0
0
0
0
0
0
0
0
0
0
-1000
0
0
0
-133.156801031721
0
0
0
0
0
0.00147130604023876
0
0
0
0
0
0
0
0
0
0.00147130604023876
0
0
274.229616231609
0
0
0
0
0.00294261208047753
0
0
0
0.00147130604023876
0
0.551576999756858
0
0
0
0.0919566275149227
0
0.569763264082461
0
0.00147130604023005
0
0.00147130604023876
0
0
0
0.00147130604023876
0
0.00147130604023876
0
0.00147130604023876
0
0.00147130604023876
0
0.00147130604023876
0
0.00147130604023876
0
0.00147130604023876
0
0.00147130604023876
0
0.00147130604023876
0
0.00147130604023876
0
0.00147130604023876
0
0.00147130604023876
0
0.00147130604023876
0
0.00147130604023876
0
0.00147130604023876
0
0.00147130604023876
0
0.030897426845014
0
0.0100940811042894
0
0.0423000486568644
0
0.0426678751669241
0
0.0217017640935218
0
0.00147130604023876
0
0.00147130604023876
0
0.105865136104775
0
0.00147130604023876
0
0.00147130604023876
0
0.00147130604023876
0
0.00147130604023876
0
0.704387766764308
0
0.010666968791731
0
0.0790826996628335
0
0.398356110394645
0
0.00154020483265492
0
0.00147130604023876
0
0.00147130604023876
0
0.0139774073822682
0
0.00147130604023876
0
0.00147130604023876
0
0.00147130604023876
0
0
-1000
0
0
0.025223716431924
1000
0
0
0
0
0
-1000
-1000
-1000
0
0.994807613433021
-219.065806833313
1000
1000
0
758.250946218714
502.652304907068
-1000
-1000
0
0
1000
0
0
0
0
0
491.833612130612
1000
0
0
0
0
-1000
744.311102306368
-0.00360936630818287
0
0
-66.3856566125394
1000
0
0
0
0
0.0125961653189961
1000
1000
-937.247327505615
-744.311102306368
-223.040181207254
0
1000
33.5800445878233
0
-1000
0
0
1000
1000
-1000
1000
0
1000
0
0
-403.640107028028
1000
1000
1000
0
0
0
0
0
-1000
0
0
0
0
0
0
0
0
0
0
0
1000
0
0
0
0
0
798.120273285416
0
0
0
0
1000
0
0
0
0
0
0
4.73148429211732
0
0
-1000
-1000
-1000
-1000
1000
-1000
-1000
-1000
1000
-1000
-1000
-1000
1000
-1000
-1000
-1000
1000
-243.761927439761
-1000
1000
1000
-1000
-1000
-1000
-1000
1000
1000
1000
1000
1000
-1000
1000
-1000
-1000
-1000
-1000
-1000
-1000
1000
-1000
-1000
1000
-1000
-1000
-1000
-1000
-1000
467.409233459052
-1000
-1000
-1000
585.98599845527
-1000
336.17182243287
-1000
-1000
-1000
-1000
716.980698447555
1000
-495.384627944318
-1000
-1000
-1000
-1000
-1000
-1000
632.535743242638
-1000
-1000
-1000
-372.231118070265
-1000
1000
1000
-1000
-1000
-1000
-1000
-1000
-1000
-1000
1000
-1000
-1000
1000
-24.0315226883258
1000
-1000
37.338754965712
1000
1000
-1000
-1000
1000
1000
1000
357.169720689689
-1000
-1000
-1000
-1000
1000
-1000
1000
-1000
-1000
-1000
1000
1000
1000
1000
1000
1000
1000
1000
-1000
-1000
-1000
-1000
1000
1000
1000
-1000
1000
976.1114657581
-1000
-23.8885342418996
0
0
0
0
0
0
0
0
0
0
0
0
0
0
0
0
0
0
0
0
0
0
0
0
0
0
0
0
0
0
26.4965280747389
0
0
0
0
0
0
0
0
0
0
0
0
0
0
0
0
0
0
0
0
0
0
0
0
0
0
0
0
0
0
0
0
0
0
0
0
0
0
0
0
0
0
0
0
0
0
0
0
0
0
0
0
0
0
0
0
0
0
0
0
0
0
0
0
0
0
0
0
0
0
0
0
0
0
0
0
0
0
0
0
0
0
0
0
0
0
0
0
0
0
0
0
0
0
0
0
0
0
0
0
0
0
0
0
0
0
0
0
0
0
0
0
0
0
0
0
0
0
0
0
0
0
0
0
0
0
0
0
0
0
0
0
0
0
0
0
0
0
0
0
0
0
0
0
0
0
0
0
0
0
0
0
0
0
0
0
0
0
0
0
0
0
0
0
0
0
0
0
0
0
0
0
0
0
0
477.883869986497
0
0
0
0
0
0
0
0
0
0
0
0
0
0
0
0
0
0
0
0
0
0
0
0
0
0
0
0
0
0
0
0
0
0
0
0
0
0
0
0
0
0
0
0
0
0
0
0
0
0
0
0
0
0
0
0
0
0
0
0
0
0
0
0
0
0
0
0
0
0
0
0
0
0
0
0
0
0
0
0
0
0
0
0
0
0
0
0
0
0
0
0
0
0
0
0
0
0
0
0
0
0
0
0
0
0
0
0
0
0
0
0
0
15.2946324977192
0
0
0
0
1000
1000
1000
0.0504578947952723
1000
1000
0.0504578947952723
0
-1000
-1000
1000
-1000
1000
1000
1000
-1000
-1000
-1000
1000
-1000
1000
1000
-1000
-1000
-1000
-1000
336.312521699436
-1000
1000
-1000
-1000
-1000
0
-1000
1000
-1000
1000
-1000
-1000
-1000
-1000
1000
-1000
-1000
-1000
999.949542105205
-1000
1000
-1000
1000
-1000
-1000
-1000
-999.949542105205
-1000
0
0
0
0
0
1000
1000
-1000
0
0
0
0
0
0
0
0
-1000
-1000
0
0
0
0
0
0
0
0
0
0
0
0
0
0
34.5994072259109
0
0
-0.00360936630818287
0.00360936630818075
0
0
-0.00360936630818287
-0.00360936630818287
0
0
0
0
0
0
0
0
0
0
0
0
0
0
0
0
0
0
0
0
0
0
0
0
0
0
0.00360936630818075
0
0
-1000
999.301666083852
0.698333916148044
1000
1000
0
0
0
0
15.291023131411
0.366411708213036
0
0
0
246.799011040029
0
0
0
0
0
0
0
0
0
0
0
0
0
0
0
0
0.00360936630818075
0
0
0
2.45637080575701
166.4445126878
0
0
0
0
0
0
0
-1000
0
0
0
0
0
0
0
0
0
0
0
0
0
0
0
0
0
0
0
0
0
0
0
0
0
0
0
0
0
0
0
0
0
0
0
0
0.00360936630818075
0
0
0
0
0
1000
0
1000
0
0
1.95162446690342
0
0
0
0
1000
0
0
0
0
0
0
0
0
0
0
-122.357059981753
0
15.2946324977191
-15.291023131411
-531.005963124841
266.311464003173
998.048375533097
773.456490232904
0
0
0
0
1000
0
0
0
0
0
0.00360936630818287
0
0
1000
0
0
204.949775093738
0
675.254183602039
122.357059981753
0
0
0
0
-1000
15.2946324977192
468.839930793991
531.160069206009
0
0
0
0
0
0
0
0
0
0
0
-1000
1000
0
0
0
0
0
0
0
0
0
0
0
0
918.984393795664
79.0712004700491
0
0
0
0
0
0
0
0
0
0
0
0.97581223345171
0
0.00360936630818075
-0.00360936630818287
0.00360936630818075
0.00360936630818075
0
0
0.00360936630818287
0
0
0
0.975812233451734
0
0
-0.0108280989245486
-1000
-1000
-1000
1000
-1000
1000
0
0
1000
-1000
-1000
-1000
0
0
0
0
0
0
0
0
0
0
0
0
0
0
0
0
0
0
0
0
0
0
0
0
0
0
0
0
0
0
0
0.00179945218842634
0
0
0
0
0
0
0
0
0.00360936630818075
0
0
0
0
0
0
0
0
0
0
0
0
0
0
0
0
0
0
0
0
0
0
0
0
1000
0
0
0
0
0
0
0
0
0
0
0
0
0
0
0
0
0
0
0
0
0
0
0
0
0
0
0
0
0
0
0
2.32777972049337
0
0
0
0
0
0
0
0
0
0
0
0
0
0
0
0
0
0
0
0
0
0
0
0
0
0
0
0
0
0
0
0
0
0
0
0
0
0
0
0
0
0
0
0
0
0
0
0
0
0
0
0
0
0
0
0
0
0
0
0
0
0
0
0
0
0
0
0
0
0
0
0
0
0
0
0
0
0
0
0
0
0
0
0
0
0
0
0
0
0
0
0
0
0
0
0
0
0
0
0
0
0
0
0
0
0
0
0
0
0
0
-999.987403834681
0
0
0.00179945218837929
0
0.0198044360040512
0
0
-0.0125961653189961
0
1000
0.016205531627179
0
0
0
0
0
0
0
0
0
0
0
0
0
0
0
0
0
0
0.00360936630818075
0.00360936630818075
0.00360936630818075
-1000
-151.421384533686
0
-1000
-1000
0
0
0
0
0
0
-1000
0
0
0
0
0
0
0
0
0
0
-1000
0
628.495620521731
-371.504379478269
-1000
-1000
-1000
-1000
-1000
-1000
0
0
0
0
0
0
0
0
0
0
-1000
0
1000
0.395338948335179
0.00360936630818075
0.00360936630818075
0.00360936630818075
0.00360936630818075
0.00360936630818075
0
0
0
0
1000
0
0
0
0
0
0
0
0
0
0
0
0
0
0
0
737.833671112645
0
0
0
0
0
0
1000
-999.99852869396
0
1000
1000
1000
-999.99852869396
0
0
0
0
0
0
0
0
0
0
0
0
0
0
0
0
0
0
0
0
0
0
0
0
0
0
0
0
0
0
0
0
0
0
0
0
0
0
0
0
0
0
0
0
0
0
15.2946324977192
-1000
0
0
0
0
0
0
0
0
0
-1000
0
0
0
0
0
0
0
0
1000
-1000
-1000
-1000
-1000
-1000
0
0.0216143501237722
0
0
0
0
4.91274161151398
-1000
-1000
0
246.799011040029
0
0
0
999.978343802151
14.9242798212803
0
0
0
0
0.580473285116531
0.580473285116531
-1000
-999.985604382493
0
0
0
0
0
0
0
0
1000
0
0
0
0
0
0
0
1000
0.00360936630818075
0
0
0
0
0
0
0
0
151.424993899994
-1000
0
0
1000
0
0
0
1000
0
0
0.00539835656527903
0
0
-495.284013340012
0
-1000
0
0
0
-1000
-1000
0.0805540057030723
0
0
0
-133.158272337761
0
1000
133.156801031721
-1000
1000
-1000
1000
-1000
1000
-1000
0
0
0
0
-1000
-1000
0
0
711.797375501382
0
0
0
0
0.000898418352797163
0
0
0
0
0
0
0
0
79.0712004700491
0
79.0712004700491
0
0
0
0
0
0
0
0
0
-1000
0
0
-1000
1000
-1000
-1000
1000
0
0
0
0
0
0
0
0
-1000
-58.7084564394543
0
1000
0.00179945218842634
0.00179945218842634
0
-1000
0
0
366.307635436527
0
0
0
0
0
0
0
0
0
0
0
0
0
0
0
0
0
0
0
0
0
0
0
0
0
0.00360936630818287
0
0
0
0
0
0
0
0
0
0
0
0
0
0
0
0
0
0
0
0
0
0
0
0
0
0
0
0
0
0
0
0
0
0
0
0
0
0
0
0
0
0
0
0
0
-1000
0
-1000
0
0
0
0
0
0
-1000
0
0
0
0
0
0
0
0
0
0
0
-1000
0
0
0
0
0
0
0
0
0
0
0
0
0
1000
0
0
0
0
0
0
0
0
0
0
0
0
0
0
0
0
0
0
0
133.156801031721
0
0
0
0
0
0
0
0
0
0
0
0
0
0
0
0
0
0
0
0
0
0
0
133.156801031721
0
0
0
0
0
0
0
0
0
0
0
0
0
0
0
0
0
0
0
0
0
0
0
0
0
0
0
0
0
0
0
0
0
0
0
0
0
0
0
0
0
0
0
0
0
0
0
0
0
0
0
0
0
0
0
0
0
0
0
0
0
0
0
0
0
0
0
0
0
0
0
0
0
0
0
0
0
0
0
0
0
0
0
0
0
0
0
0
0
0
0
0
0
0
0
0
0
0
0
0
0
0
0
0
0
0
0
0
0
0
0
0
0
0
0
0
0
0
0
0
0
0
0
0
0
0
0
0
0
0
0
0
0
0
0
0
0
0
0
0
0
0
0
0
0
0
-1000
0
0
0
0
0
0
0
0
0
0
0
0
0
0
0
0
0
0
0
0
0
0
0
0
0
0
0
-98.5377285349251
0
1000
227.212181762919
-227.212181762918
-999.835603826593
0
0
0
0
-1000
0
0
0
0
243.077428921535
0.0216561978490972
0
0
0
218.949884654279
0
0
0
0
0
0
0
0
0
0
0
-32.6523258526867
0
0
0
0
0
0
0
0
0
0
0
0
0
0
0
0
0
0
0
0
0
0
0
0
0
0
0
0
0
0
0
0
0
0
0
0
0
0
0
0
0
0
0
0
0
0
0
0
0
0
0
0
0
0
0
0
0
0
0
0
0
0
0
0
0
0
0
0
0
0
0
0
0
0
0
0
0
0
0
0
0
0
0
0
0
0
0
0
0
0
0
0
0
0
0
0
0
0
0
0
0
0
0
0
0
0
0
0
0
0
0
0
0
0
0
0
0
0
0
0
0
0
0
0
0
0
0
0
0
0
0
0
0
0
0
0
0
0
0
0
0
0
0
0
0
0
0
0
0
0
0
0
0
0
0
0
0
0
0
0
0
0
0
0
0
0
0
0
0
0
0
0
0
0
0
0
0
0
0
0
0
0
0
0
0
0
0
0
0
0
0
0
0
0
0
0
0
0
0
0
0
0
0
0
0
0
0
0
0
0
0
0
0
0
0
0
0
0
0
0
0
0
0
0
0
0
0
0
0
0
0
0
0
0
0
0
0
0
0
0
0
0
0
0
0
0
0
0
0
0
0
0
0
0
0
0
0
0
0
0
0
0
0
0
0
0
0
0
0
0
0
0
0
366.307635436527
0
0
0
0
0
0
0
0
0
0
0
0
-1000
0
0
0
0
0.00360936630818287
244.973127952869
-1000
0
0
0
0
0
0
0
0
0
0
0
0
0
0
0
0
0
0
0
0
0
0
0
0
0
0
0
0
0
0
0
0
0
0
0
0
0
0
0
0
0
0
0
0
0
0
0
0
0
0
0
0
0
0
0
0
0
0
0
0
0
0
0
0
0
0
0
0
0
0
0
0
0
0
0
0
0
0
0
0
0
0
0
0
0
0
0
0
0
0
0
0
0
0
0
0
0
0
0
0
0
0
0
0
0
0
0
0
0
0
0
0
0
0
0
0
0
0
0
0
0
0
0
0
0
0
0
0
0
0
0
0
0
0
0
0
0
0
0
0
0
0
0
0
0
0
0
0
0
0
0
0
0
0
0
422.685796222542
0
0
0.0504578947952723
1000
0
0
0
0
0
0
0
1000
0.00360936630818287
0
0
-1000
628.497091827771
0
0
0
0
0
0
0
0
0
0
0
0
0
0
0
0
0
0
0
0
0
0
0
0
0
0
0
0
0
0
0
0
0
0
0
0
0
0
0
0
0
0
0
0
0
0
0
0
0
0
0
0
0
0
0
0
0
0
0
0
0
0
0
0
0
0
0
0
0
0
0
0
0
0
0
0
0
0
0
0
0
0
0
0
0
0
0
0
0
0
0
0
0
0
0
0
0
0
0
0
0
0
0
0
0
0
0
0
0
0
0
0
0
0
0
0
0
0
0
0
0
0
0
0
0
0
0
0
0
0
0
0
0
0
0
0
0
0
0
0
0
0
0
0
0
0
0
0
0
0
0
0
0
0
0
0
0
0
0
0
0
0
0
0
0
0
0
0
0
0
0
0
0
0
0
0
0
0
0
0
0
0
0
0
0
0
1000
500
87.1827610671678
-3.67826510059695
0
0
-0.975812233451734
0
0
465.337987196008
19.2848267480575
42.1528649759756
0.104619313280601
87.1827610671678
0
0
0
0
0
0
0
0
0
0
0
0
0
0
0
0
0
0
0
0
0
0
0
0
0
551.249906611376
-1000
0
-1000
0
119.792431937915
-1000
0
1000
531.303388946927
0
0
0
0
0
0
0
0
0
0
0
0.00360936630818075
0
0
0
0
0
0
0
0
0
0
0
0
0
0
0
0
133.156801031721
0
0
0
0
0.0125961653189961
-0.704387766764285
-0.0308974268450584
0
-10.7108729840113
-20.9978982568185
-42.8222498563114
-33.5800445878233
22.1658569365243
227.212181762919
-26.5311134760543
-4.60246513949687
-31.4089889577623
1000
-1000
0
0
0
0
-1000
-243.761927439761
-17.5007579578214
-26.496528074739
-13.3072322773862
-10.2945360676732
-23.8885342418996
-973.503471925261
-24.0315226883258
782.404942563347
0
0
-1000
0
0
1000
-15.2946324977191
0
999.818742680603
-1000
0
0
0
0
0.366411708213036
0
1000
-1000
0
0
0
0
0
0
0
0
0
0
15.291023131411
-0.00360936630818287
0
0
0
0
0
0
0
0
0
0
0
0
0
0
0
0
1000
0
663.687478300564
0
0
-1000
-1000
246.799011040029
-0.00360936630818287
-0.00360936630818287
-0.994807613433068
0.698333916148044
0
0
-0.00360936630818287
0
-0.00360936630818287
0
0
0
-0.00360936630818287
0
0
0
-0.00360936630818287
0
0
0
0
0
0
0
0
0
0
0
0.0504578947952723
0
0
0
0
0
150.723050617538
0
0
0
0
0
0
0
780.934193166687
0
0
0
-663.687478300564
0
1000
0
0
-0.00360936630818287
0
0
0
0
0
0
0
0
0
0
0
0
0
0
166.4445126878
-66.3856566125394
0
-1000
-1000
0
0
0
0
0
0
0
0
2.45637080575705
0
0
0
0
0
0
-744.311102306368
0
0
0
0
744.311102306368
1000
1000
0
0
758.250946218714
-3.97437437394069
0
0
0
0
0
0
0
0
0
-1000
-1000
0
0
0
0
0
-0.0504578947952723
0
0
0
0
848.575006100005
-1000
1000
0
0
0
0
0
0
502.652304907068
-1000
-937.247327505615
491.833612130612
0
0
0
0
0
0
0
0
0
0
1000
0
-0.00154020483262229
-0.00147130604023005
-0.398356110394616
-1000
-0.0217017640935637
-0.10586513610474
-0.0139774073822991
-0.0790826996628766
-0.0423000486568981
-0.00147130604023005
0
0
274.229616231609
0
-0.00147130604023005
-422.685796222542
-0.00294261208046009
-0.00147130604023005
0
-0.0106669687917247
0
-0.00147130604023005
-0.55157699975689
-0.569763264082439
0
-14.9242798212803
0
0
-0.00147130604023005
-0.0100940811042847
0
-0.00147130604023005
-0.00147130604023005
-0.00147130604023005
-0.00147130604023005
-0.0426678751668987
0
-0.0919566275149464
0
0
0
-1000
1000
0
0
-1000
1000
-0.00360936630818287
0
1000
-1000
0
0
0
-1000
0
0
0
0
0
0
0
0
0
0
0
0
0
0
0
0
0
0
0
-1000
1000
1000
-1000
-1000
0
-1000
1000
-0.00147130604023005
-0.00147130604023005
0
0
0
0
422.685796222542
-1000
999.835603826593
243.077428921535
0.0216561978490972
0
0
0
218.949884654279
0
-1000
-455.338122075229
0
0
0
0
0
0
0
0
0
0
0
0
0
0
0
0
0
0
0
0
0
0
0
0
0
0
0
0
0
0
0
0
0
0
0
0
0
0
0
0
0
0
0
0
0
0
0
0
0
0
0
0
0
0
0
0
0
0
0
0
0
0
0
0
0
0
0
0
0
-0.00147130604023005
0
0
0
0
0
0
0
0
0
0
0
0
0
0
0
0
0
0
0
0
0
0
0
0
0
0
0
0
0
0
0
0
0
0
0
0
0
0
0
0
0
0
0
0
0
0
0
0
0
0
0
0
0
0
0
0
0
0
0
0
0
0
0
0
0
0
0
0
0
0
0
0
0
0
0
0
0
0
0
0
0
0
0
0
0
0
0
0
0
0
0
0
0
0
0
0
0
0
0
0
0
0
0
0
0
0
0
0
0
0
0
0
0
0
0
0
0
0
0
0
0
0
0
0
0
0
0
0
0
0
0
0
0
0
0
0
0
0
0
0
0
0
0
0
0
0
0
0
0
0
0
0
0
0
0
0
0
0
0
0
0
0
0
0
0
0
0
0
0
0
0
0
0
0
0
0
0
0
0
0
0
0
0
0
0
0
0
0
0
0
0
0
0
0
0
0
0
0
0
0
0
0
0
0
0
0
0
0
0
0
0
0
0
0
0
0
0
0
0
0
0
0
0
0
0
0
0
0
0
0
0
0
0
0
0
0
0
0
0
0
0
0
0
0
0
0
0
0
0
0
0
0
0
0
0
0
0
-0.0504578947952723
0
1000
0
0
1000
-244.973127952869
0
0
0
0
0
0
0
0
0
0
0
0
0
0
0
0
0
0
0
0
0
0
0
422.685796222542
0
-628.497091827771
0
-1000
-0.00360936630818287
0
0
0
0
0
0
0
0
-999.974776283568
0
0
0
0
0
0
0
0
0
0
0
0
0
0
0
0
0
0
0
0
0
0
0
0
0
0
0
0
0
0
0
0
0
0
0
0
0
0
0
0
0
0
0
0
0
0
0
0
0
0
0
0
0
0
0
0
0
0
0
0
0
0
0
0
0
0
0
0
0
0
0
-0.00360936630829656
0.00360936630829656
0.00360936630829656
0
0
-0.00147130604023005
-0.00147130604023005
-0.00147130604023005
0
-0.00147130604023005
-0.00147130604023005
0
-0.00147130604023005
-0.00147130604023005
-0.00147130604023005
-0.00147130604023005
0
-0.00147130604023005
-0.00147130604023005
-0.00147130604023005
-0.00147130604023005
-0.00147130604023005
-0.00147130604023005
-0.00147130604023005
0
-0.00147130604023005
-0.00147130604023005
-0.00147130604023005
0
-1000
87.1827610671678
0
1000
0
0
0
0
0
0
0
0
0
0
0
