0
0
0
0
0
0
0
0
-591.483944522693
1000
0
0
0
250.154839634645
1000
0
999.740671635255
-999.740671635255
999.940482014649
0
0.0595179853512121
0
-1000
0.374113050779101
0
1000
-263.621578243459
0
-312.410703747592
0.0127037354462153
0
0
0
0
0
276.320523848442
0
0
0
35.716066848371
0
0
0
0
0
0
0
0
0
0
0
0
0
0
0
0
0
0
0
0
0
0
0
0
0
0
0
0
0
312.410703747592
0
0
0
0
-1000
-1000
0
0
0
0
312.410703747592
0
0
-1000
0
0
0
0
0
0
0
0
0
0
0
0
1000
0
-1000
0
1000
-1000
0
0
0
0
0
0
0
0
0
0
0
0
0
436.366304418938
0
0
0
0
0
0
0
0
0
0
0
0
0
0
0
0
0
991.132123082836
0
0
1000
0
0
0
0
1000
0
0
0
0
-14.9004898585335
0
0
0
0
-1000
0
0
0.00908464802258419
1000
0
0
485.806956224437
1000
1000
514.184541206227
0
0
0
-1000
514.184541206227
764.339380840872
1000
-749.845160365355
0
542.562126188017
1000
0
0
0.00908464802262188
0
0
769.678040593431
633.778841234535
0
0
0
0
0
-4.00406389159161
0
0
0
0
0
0
253.688234546774
-0.0072803799483836
-1000
0
0
0
647.135800444382
0
0
0
0
1000
746.311765453226
0
0
0
0
-750.320080629485
0
-999.995748715332
0
0
0
0
0
0
0
0
0
0
0
0
0
0
-1000
15.0327369051686
983.323901968795
0.469531750296163
0
0.469531750296163
0
0
0.704297625444156
0
-0.0072803799483836
0
0
0
-1000
0
0
0
0
0
0
0
0
0
0
0
0
-1000
0
1000
1000
-1000
1000
0
1000
999.609100749511
-1000
-1000
-0.984145582804331
-1000
0
0
-0.704297625444269
0
1000
-1000
1000
0
0
1000
0
0.18280524072158
0
-0.182805240721564
0
0.00181481934945933
0
0
0
0
2.67136132602769
0
0
0
352.604871190873
0
0
0
0
0
0
0
0
1000
0
1000
0.00850256933588745
0
0
1000
0
-0.182805240721564
0
-0.704297625444156
0
0
0.704297625444156
0
0
0
0
0
0
0
-1000
0
0
0
1000
0.704297625444156
0
-1000
-0.984145582804331
0
0.0036401899742062
0
0
0
0
0
0
0
0
0
0
0
0
0
0
0
2.34765875148081
0
9.88302785267579
0
0
0
0
0
0
0
0
356.170892733992
-1000
1000
14.0132260854193
-1000
1000
1000
-1000
-1000
-13.6241416542802
1000
-1000
1000
-0.390899250488587
0
0
-1000
0
0
0
0
-1000
0
0
-1000
0
-1000
1000
0
0
1000
1000
0
0
0
0
0
0
0.984145582804283
1000
1000
1000
0
1000
-1000
-1000
0
-1000
-1000
1000
1000
1000
0
0
-1000
0
1000
-1000
-16.978134441222
-1000
-1000
-1000
-1000
1000
0
0
0
-1000
1000
0
0
0
0.0072803799483836
0
0
0
-965.137878635204
1000
0
0
-29.9539099010848
0
0
0
0
0
0
0
35.0133607069492
0
0
0
35.0133607069492
0
0
0
0.00364018997420621
0
793.31239670671
-34.8948830745642
-758.417513632146
0
0
758.417513632146
0
0
0
0
0
0
0
0
0
1000
0
0
0
0
0
0
0
0
0
0
0
0
0
0
0
0
0
0
0
0
0
0
0
0
0
0
0
0.00364018997424864
1000
0.106282116698594
0.106282116698594
0
-999.295702374556
0
0
0
0
0
0
0
0
0
0
0.0291215197936497
0
0
0
0
0
0
0
0
0
0
0
0
0
0
0
0
0
0
0
0
0
0
0
0
0
0
0
0
0
0
0
0
0
0
0
0
0
0
0.165800102049804
0
0
0
-1000
0
0
0
0
0
0
1000
0
0
0
0
0
0
0
0
0
0
0
0
0
0
0
0
0
0
0
0
0
0
0
0
-1000
0
0
0.165800102049804
0
0
0
0
0
0
0
0
0
597.941343033133
0
0
0
0
0
0
0
0
0
0
0
0
0
0
0
0
0
0
0
0
0
0
0
0
0
0
0
0
0
0
0
0
0
-1000
0
0
0
0
0
0
0
0
0
0
0
0
0.0109205699226186
0.0109205699226186
0
0.0109205699226186
0
0
0
0
0
0
0
0
0
0
0
0
0
0
0
0
0
0
0
0
0
0
1000
0
0.00425128466794372
0
0
0
0
0.769482524897814
0.769482524897814
0
34.8457229244538
0
0
0
0
0
0
0
0
0
0
0
0
0
0
0
0
0
0
0
0
0
0
0
0
0
0
0
-0.00364018997424864
0
0
0
-1000
0
0
-1000
0
0
0
0
278.498414339092
0
0
278.498414339092
0
0
0
0
0
0
0
0
0
0
278.498414339092
0
278.498414339092
0
0
0
13.1876652909143
37.5918857580866
24.0287709215235
17.5991974522877
26.0937434225919
8.5884083567164
20.086550692211
36.7471242803767
33.8373903015985
10.7003120509909
20.7435873970965
42.7543170107576
33.7435279151863
10.4187248917543
17.270679099845
23.9349085351113
31.0215187092325
25.1081883652638
4.59925693419786
31.3031058684691
0
0
0
0
0
0
0
0
0
0
0
0
0
0
0
0
0
0
0
0
0
0
0
0
0
0
0
0
0
0
0
0
0
0
0
0
0
0
0
0
0
0
0
0
0
0
0
0
0
0
0
0
0
0
0
0
0
0
0
0
0
0
0
0
0
0
0
0
0
0
1000
0
0
0
0
0
0
0
0
0
0
0
0
0
0
249.506838888516
0
0
249.506838888516
0
0
0
0
0
-1000
0
0
0
0
0
0
-1000
-1000
0
0
0
0
0
266.500733086782
0
-29.9539099010848
-266.653779334828
-266.653779334828
-1000
0
-266.562616316343
0
-266.681652287046
1000
1000
266.509235656118
1000
0
0
733.499266913218
0
-1000
-1000
-1000
0
733.46650520345
0
0
0
266.562616316343
0
0
0
0
0
0
0
0
0
0
0
1000
367.208944538243
1000
1000
0
500
250.001509272003
2.51819567423339
5
0
0
0
0
0
0
133.278235401714
0
0
0
0
-0.00978570288941683
106.455811883721
0
0
0
-0.00978570288941683
753.8993781175
366.177476485774
0
-0.00978570288941683
0.00978570288941683
-0.00978570288941683
-3.67362534421318
0
-0.611606430588949
0
-1000
-0.00978570288941683
0.00978570288941683
-0.00978570288941683
-0.00978570288941683
0.00978570288941683
-0.00978570288941683
0.00978570288941683
-0.00978570288941683
-0.00978570288941683
-0.00978570288941683
-0.00978570288941683
-0.00978570288941683
-0.00978570288941683
-0.00978570288941683
-0.00978570288941683
-0.00978570288941683
-0.00978570288941683
-0.00978570288941683
-0.205499760677867
0
-0.281338958070933
0
-0.144339117618983
0.00978570288941683
0.00978570288941683
-1.0295986584066
0.00978570288941683
0.00978570288941683
0.00978570288941683
0.00978570288941683
-4.68490525831146
-0.0709463459483004
-0.525981530306467
-2.6494790573114
-0.0306097701387671
0.00978570288941683
0.00978570288941683
0.0929641774495167
0.00978570288941683
0.00978570288941683
-0.00978570288941683
0
0
0
0
0
0
0
0
0
0
0
0
0
0
0
0
0
0
0
0
0
0
0
0
0
0
0
0
0
0
0
0
0
0
0
0
0.000906090765283807
0
0
0
0
0
0
0
0
0
0
0
0
0
0
0
0
0
0
0
0
0
0
0
0
0
0
0
0
0
0
0
0
0
0
0
0
0
0
0
1000
0
0
0
0
0
0
0
0
0
0
0
0
0
0
0
0
0
0
0
0
0
0
0
0
0
0
0
0
0
0
0
0
0
0
0
0
0
0
0
0
0
0
0
0
0
0
0
0
0
0
0
0
0
0
0
0
0
0
0
0
0
0
0
0
0
0
0
0
0
0
0
0
0
0
0
0
0
0
0
0
0
0
0
0
0
0
0
0
0
0
0
0
0
0
0
0
0
0
0
0
0
0.00978570288942339
0.00978570288942339
0.00978570288942339
0
0
0
0
0
0
0.00978570288942339
0
0
0
0
0
0
0
0
0
0
0
0
0
0
0
0
0
0
0
0
0
0
0
0
0
0
0
0
0
0
0
0
0
0
0
0
0
0
0
0
0
0
0
0
0
0
0
0
0
0
0
0
0
0
0
0
0
0
0
0
0
0
0
0
0
0
0
0
0
0
0
0
0
0
0
0
0
0
0
0
0
0
0
0
0
0
0
0
0
0
0
0
0
0
0
0
0
0
0
0
0
0
0
0
0
0
0
0
0
0
0
0
0
0
0
0
0
0
0
0
0
0
0
0
0
0
0
0
0
0
0
0
0
0
0
0
0
0
0
0
0
0
0
0
0
0
0
0
0
0
0
0
0
0
0
0
0
0
0
0
0
0
0
0
0
0
0
0
0
0
0
0
0
0
0
0
0
0
0
0
0
0
0
0
0
0
0
0
0
0
0
0
0
0
0
0
0
0
0
0
0
1000
0
0
0
0
0
0
0
0
0
0
0
0
0
0
0
0
0
0
0
0
0
0
0
0
0
0
0
0
0
0
0
0
0
0
0
0
0
0
0
0
0
0
0
0
0
0
0
0
0
0
0
0
0
0
0
0
0
0
0
0
0
0
0
0
0
0
0
0
0
0
0
0
0
0
0
0
0
0
0
0
0
0
0
0
0
0
0
0
0
0
0
0
0
0
0
0
0
0
0
0
0
0
0
0
0
0
0
0
0
0
0
0
0
0
0
0
0
0
0
0
1000
1000
0
0
0
0
0
0
0
0
0
0
0
0
0
0
0
0
0
0
0
0
0
0
0
0
0
-1000
0
-1000
0
0
0
0
0
0
0
0
0
0
0
1000
1000
0
0
0
0
0
0
0
0
0
0
0
0
0
0
0
0
0
0
0
0
0
0
0
0
0
0
0
0
0
0
0
0
0
0
0
0
0
0
0
0
0
0
0
0
0
0
0
0
0
0
0
0
0
0
0
0
0
0
0
0
0
0
0
0
0
0
0
0
0
0
0
0
0
0
0
0
0
0
0
0
0
0
0
1000
323.208386484028
0
0
0.00978570288941683
0
-893.189456386538
0
0
0
0
759.891649579045
-0.00978570288941683
366.177476485774
0
0
0
0.000906090765283807
0
0
-1000
999.99021429711
0
0
0
0
0
0
0
0
0
0
0
0
0
-1000
-0.0611606430588836
0
-0.283785383793315
0
0.349492307591731
0
0
0
0
0
0
0
-0.00364018997424864
0
0
0
0
0
133.278235401714
-1000
1000
-133.278235401714
-133.278235401714
0
-373.715397092583
1000
-0.0218411398452645
0
0
0.00978570288941683
-0.00978570288941683
0
0
106.810543613462
-106.810543613462
1000
0
0
0
0
0
-1000
0
-240.108350420955
-759.891649579045
-1000
0
-633.822523514226
-366.177476485774
-1000
0
0
0
0
0
-1000
0
0
0
0
0
-1000
1000
-1000
0
0
0
-1000
0
0
0
-1000
0
0
0
0
0
0
0
0
0
0
0
0
0
0
0
0
0
0
0
-1000
1000
-1000
0.0620667338241674
-1000
0
-1000
0.283785383793315
-1000
0
-0.345852117617483
-0.345852117617483
0
0
0
0
0
0
-1000
0
1000
0
-259.729647461291
0
-1000
0
-1000
0
-1000
0
0
0
0
0
0
0
0
0
-1000
0
0
0
0
0
0
0
0
0
0
0
0
0
0
0
0
0
0
0
0
0
0
0
0
0
0
0
0
0
0
0
0
0
0
0
0.000906090765283807
-0.000906090765283807
0
0
0
0
0
0
0
0
0
0
0
0
0
0
0
0
0
0
0
0
0
0
0
0
0
0
0
0
0
0
0
0
0
0
0
0
0.000906090765283807
-0.000906090765283807
0
0
0
0
0
0
-0.00364018997424864
-0.00364018997424864
0
0
0
0
0
0
0
0
0
0
0
0
0
0
0
0
0.00364018997424864
0.00364018997424864
0
0
0
0
0
0
0
0
0
0
0
0
0
0
0
0
0
0
0
0
0
0
0
0
0
0
0
0
0
0
0
0
0
0
0
0
20.7674571828881
0
0
0
0
0
0
0
0
0.00364018997420621
0
0
0
0
0
0
0
0
11.1234287412971
0
0
0
0
0
0
0
0
0
0
0
0
0
0
0
0
0
0
0
0
0
0
0
0
0
0
0
0
0
0
0
0
0
0
0
0
0
0
0
0
0
0
0
0
0
0
0
0
0
0
0
0
0
0
0
0
0
0
0
0
0
0
0
0
0
0
0
0
240.098564718066
240.098564718066
240.098564718066
0
0
0
0
0
0
0
0
0
0
0
0
0
0
0
0
0
0
0
0
0
0
0
0
0
0
0
0
0
0
0
0
0
0
0
0
0
0
0
0
0
0
0
0
0
0
0
0
0
0
0
0
0
0
0
0
0
0
0
0
0
0
0
0
0
0
0
0
0
0
0
0
0
0
0
0
0
0
0
0
0
0
0
0
0
0
0
0
0
0
0
0
0
0
0
0
0
0
0
0
0
0
0
0
0
0
0
0
0
0
0
0
0
0
0
0
0
0
0
0
0
0
0
0
0
0
0
0
0
0
0
0
0
0
0
0
0
0
0
0
0
0
0
0
0
0
0
0
0
0
0
0
0
0
0
0
0
0
0
0
0
0
0
0
0
0
0
0
0
0
0
0
0
0
0
0.00364018997420621
0.00364018997420621
0.00364018997420621
0.00364018997420621
0.00364018997420621
0
0
0
0
0
0
0
0
0
0
0
0
0
0
0
0
0
0
0
0
0
0
0
0
0
0
0
0
0
0
0
0
0
0
0
0
0
0
0
0
0
0
0
0
0
14.9004898585335
14.9004898585335
-14.9004898585335
4.95833617623802
-2.47734799313196
2.47734799313191
2.47734799313191
2.47734799313191
2.47734799313191
2.47734799313191
2.47734799313191
2.47734799313191
2.47734799313191
2.47734799313191
2.47734799313191
0
2.47734799313191
2.47734799313196
2.47734799313191
2.47734799313191
2.47734799313191
2.47734799313191
2.47734799313191
2.47734799313191
2.47008871573407
2.47008871573407
2.47008871573407
0.00725927739783731
0
0.00725927739783731
0
0
0
0
0
0
0
0
0
0
0
0
0
0
0
0
0
14.9004898585335
14.9004898585335
4.95833617623802
4.95833617623802
0
0
0
0
0
0
0
0
0
0
0
0
0
0
0
0
0
0
0
0
0
0
0
0
0
0
0
0
0
0
0
0
0
0
0
0
0
0
0
0
0
0
0
0
0
0
0
0
0
0
0
0
0
0
0
0
0
0
0
0
0
0
0
0
0
0
0
0
0
0
0
0
0
0
0
0
0
0
0
0
0
0
0
0
0
0
0
0
0
0
0
0
0
0
0
0
0
0
0
0
0
0
0
0
0
0
0
0
0
0
0
0
0
0
0
0
0
0
0
0
0
0
0
0
0
0
0
0
0
0
0
0
0
0
0
0
0
0
0
0
0
0
0
0
0
0
0
0
0
0
0
0
0
0
0
0
0
0
0
0
0
0
0
0
0
0
0
0
0
0
0
0
0
0
0
0
0
0
0
0
0
0
0
0
0
0
0
0
0
0
0
0
1.19225541948424
0.0254391247182932
0.0254391247182932
0
0
0
0
-0.0254391247183321
0.0254391247182932
0
0
0
1.16681629476595
0
1000
0
0
0
0
0
0
0
0
0
0
0
0
0
0
0
0
0
0
0
0
0
0
0
0
0
0
0
0
0
0
0
0
0
0
0
0
0
0
0
0
0
0
0
0
0
0
0
0
0
0
0
0
0
0
0
0
0
0
0
0
0
0
0
0
0
0
0
0
0
0
0
0
0
0
0
0
0
0
0
0
0
0
0
0
0
0
0
0
0
0
0
0
0
0
0
0
0
0
0
0
0
0
0
0
0
0
0
0
0
0
0
0
0
0
0
0
0
0
0
0
0.00364018997420621
0
0
0
0
0
0
0
1.5695760579507
0
0
0
0.984145582804283
0.984145582804283
0.984145582804283
0
0
0
9.78116232395798
0
0
1.34590660731337
0
0
9.78116232395798
0.00364018997420621
0
0
0
0
-1.3459066073134
1.34590660731337
0
0
0
0
0.369540831487774
0
10.9734177434422
0
0
0
0.245468385381424
0
0.223669450637337
0
10.9734177434422
10.9734177434422
0
0
0
0
0
0
0
0
0
0
0
0
0
0
-11.1234287412972
0
0
0
0
0
0
0
0
0
0
0
0
0
0
0
0
0
0
0
0
0
0
0
0
0
0
0
0
0
0
0
0
0
0
0
0
0
0
0
0
0
0
0
0
0
0
0
0
0
0
0
0
0
0
0
0
0
0
0
0
0
0
0
0
0
0
0
0
0
0
0
0
0
0
0
0
0
0
0
0
0
0
0
0
0
0
0
0
0
0
0
0
0
0
0
0
0
0
0
0
0
0
0
0
0
0
0
0
0
0
0
0
0
0
0
1000
0
0
1000
1000
0
0
0
0
0
0
0
0
0
0
0
0
0
0
0
0
0
0
0
0
0
0
0
0
0
0
0
0
0
0
0
0
0
0
0
0
0
0
0
0
0
0
0
0
0
0
0
0
0
0
0
0
0
0
0
0
0
0
0
0
0
0
0
0
0
0
0
0
0
0
0
0
0
0
0
0
0
0
0
0
0
0
0
0
0
0
0
0
0
0
0
0
0
0
0
0
0
0
0
0
0
0
0
0
0
0
0
0
0
0
0
0
0
0
0
0
0
0
0
0
0
0
0
0
0
0
0
0
0
0
0
0
0
0
0
0
0
0
0
0
0
0
0
0
0
0
0
0
0
0
0
0
0
0
0
0
0
0
0
0
0
0
0
0
0
0
0
0
0
0
0
0
0
0
0
0
0
0
0
0
0
0
0
0
0
0
0
0
0
0
0
0
0
0
0
0
0
0
0
0
0
0
0
0
0
0
0
0
0
0
0
0
0
0
0
0
0
0
0
0
0
0
0
0
0
0
0
0
0
0
0
0
0
0
0
0
0
0
0
0
0
0
0
0
0
0
0
0
0
0
0
0
0
0
0
0
0
0
0
0
0
0
0
0
0
0
0
0
0
0
0
0
0
0
0
0
0
0
0
0
0
0
0
0
0
0
0
0
0
0
0
0
0
0
0
0
0
0
0
0
0
0
0
0
0
0
0
0
0
0
0
0
1000
0
0
0
0
229.350040245577
0
0
0
0
0
0
0
0
0
0
0
0
0
0
0
0
0
0
0
0
0
0
0
0
0
0
0
0
0
0
0
0
0
0
0
0
0
0
0
0
0
0
0
0
0
0
0
0
0
0
0
0
0
0
0
0
0
0
0
0
0
0
0
0
0
0
0
0
0
0
0
0
0
0
0
0.165800102049804
0.165800102049804
0
0
0
0
0.165800102049843
0
0.165800102049804
-249.506838888516
0
0
0
0
0.0255077080076613
0
0
0
0
0
0
0
0
249.506838888516
0
0
0
0
1.00330318163446
0
0
0
0
0
0
1.00330318163446
1.00330318163446
1.00330318163446
1.00330318163446
0
0
0
0
0
0
0
0
0
0
0
0
0
0
0
0
0
0
0
0
0
0
0
0
0
0
0
0
0
0
0
0
0
0
0
0
0
144.848666226895
144.848666226895
0
0
0
0
0
0
0
0
0
0
0
0
0
0
0
0
0
0
0
0
0
0
0
0
0
0
0
0
0
0
0
0
0
0
0
0
0
0
0
0
0
0
0
0
0
0
0
0
1000
558.08301214443
-1000
0
0
0
-1000
1000
1000
0
0
0
0
-141.971246718912
-300.650038762102
0
0
0
0
0
0
0
0
0
0
0
0
0
0
0
0
0
0
0
0
0
0
0
0
0
0
0
0
0
0
0
0
0
0
0
0
0
0
0
0
-1000
0
0
0
0
0
0
0
0
0
0
0
0
0
0
-999.996359810026
-1000
1000
-1000
1000
999.996359810026
-1000
0
0
0
0
0
0
0.00364018997424864
0
0
0
0
0
0
0.0145607598968248
0.00364018997420621
0.00364018997420621
0.00364018997420621
0.00364018997420621
0.00364018997420621
0
0
0
0
0
0
0
0
0.0145291060709622
0
0.00364018997420621
0.021798934744087
1000
0.00181481934945933
0.00181481934945933
0.00364018997424864
0
0.0127142867215028
0.00181481934945933
0.0272539440677914
-0.00181481934941985
0.00181481934945933
0.00181481934945933
0.00181481934945933
0.00181481934945933
0.00181481934945933
-0.00181481934941985
-0.00362963869895339
-0.00545500932366849
0.00181481934945933
0.00181481934945933
0.00181481934941985
0.00181481934945933
-0.00545500932366849
-0.00181481934941985
0.00364018997424864
0.00181481934945933
0.00181481934945933
0.00364018997420621
0.00364018997420621
-0.00364018997424864
-0.00364018997424864
0.00364018997424864
0.00364018997424864
0.00181481934945933
0.00181481934945933
0.00181481934945933
0.00181481934945933
0.039989333339804
-0.00545500932366849
-999.974560875282
0
0
0
0
0
-1000
0
0
0
0.00364018997420621
0
0
0
0
0.0018200949871031
0.00364018997424864
0.00364018997424864
0
0
0.00364018997420621
0.00364018997420621
0
0
0
0
0
0
0.00725927739783731
0.00181481934945933
0.00544445804837798
0.00181481934945933
-0.00181481934941985
0.00181481934945933
0.00181481934945933
0.00181481934945933
0.00181481934945933
0.00181481934945933
0.00181481934945933
0.00362963869891865
0.00181481934945933
0.00181481934945933
0.00181481934945933
0.00181481934945933
0.00181481934945933
0
0.00181481934945933
0.00364018997420621
0
0.00364018997420621
0
0.00364018997420621
0.00364018997420621
0.00364018997420621
0.00364018997420621
0.00364018997420621
0.00364018997420621
0
0.00364018997420621
0
0.00364018997420621
0.00364018997420621
0.00364018997420621
0.00364018997420621
0.00364018997420621
0
0
0
0
0
0
0
0
0
0
0
0
0
0
0
0
-0.00364018997424864
0.00364018997420621
0.00364018997420621
0
0
0
0
0
0
0
0
0
0
0
0
0
0
0
0
0
0
0
0
0
0
0
0
0
0
0
0
0
0
0
0
0
0
0
0
0
0
0
0
0
0
0
0
0
0
0
0
0
0
0
0
0
0
0
0
0
0
0
0
0
1000
0
0
0
0
0
0
0.00364018997420621
0
0
0
0
0
0
0
0
0
0
0
0
0
0
0
0
0
0
0
0
0
-955.182225067216
0
0
0
-133.278235401714
0
0
0
0
0
0.00978570288942339
0
0
106.455811883721
0
0
0
0
0
0
0.00978570288942339
0
0
753.899378117501
0
0
0
0
0.00978570288942339
0
0.00978570288942339
0
0.00978570288942339
0
3.67362534421317
0
0
0
0.611606430588962
0
0
0
0.00978570288941683
0
0.00978570288942339
0
0.00978570288942339
0
0.00978570288942339
0
0.00978570288942339
0
0.00978570288942339
0
0.00978570288942339
0
0.00978570288942339
0
0.00978570288942339
0
0.00978570288942339
0
0.00978570288942339
0
0.00978570288942339
0
0.00978570288942339
0
0.00978570288942339
0
0.00978570288942339
0
0.00978570288942339
0
0.00978570288942339
0
0.00978570288942339
0
0.00978570288942339
0
0.205499760677891
0
0
0
0.281338958070923
0
0
0
0.144339117618995
0
0.00978570288942339
0
0.00978570288942339
0
1.02959865840663
0
0.00978570288942339
0
0.00978570288942339
0
0.00978570288942339
0
0.00978570288942339
0
4.68490525831145
0
0.0709463459483196
0
0.525981530306507
0
2.64947905731138
0
0.0306097701387757
0
0.00978570288942339
0
0.00978570288942339
0
0.0929641774495222
0
0.00978570288942339
0
0.00978570288942339
0
0.00978570288942339
0
0
-1000
0
0
-1.16681629476591
0
0
0
0
0
0
0
-844.769501940776
-1000
0
0
0
0
-1000
1000
1000
0
143.502759619582
1000
-1000
-1000
0
0
1000
0
0
0
0
0
-5.56117273851703
1000
-10.9734177434423
0
0
0
-1000
249.672638990566
-0.00364018997424864
0
0
-3.65550690883197
0
0
0
0
0
-998.820479969788
1000
1000
-1000
0.0072803799483836
-1000
0
1000
33.8668151705567
0
-1000
0
0
1000
1000
-1000
330.082787917824
0
735.686736283011
0
0
-1000
1000
1000
1000
0
0
0
0
0
-508.156203940933
0
0
0
0
0
0
0
0
0
1000
0
0
0
0
0
0
0
1000
1000
0
0
0
1000
0
0
0
0
0
0
893.602020129974
0
0
-1000
-1000
-1000
-1000
1000
-1000
965.154277075546
-1000
-1000
-1000
-1000
-1000
1000
-1000
-1000
-1000
-1000
903.021200043258
-1000
1000
1000
-1000
-1000
92.848556001805
-1000
1000
1000
1000
1000
1000
-924.122396538038
1000
-1000
-1000
-10.3824504865884
-1000
-1000
-17.650212868303
1000
1000
-1000
1000
-1000
-1000
-945.503122999531
-1000
-1000
-1000
-1000
-1000
-1000
-1000
-1000
978.822781566773
-1000
-1000
-1000
-1000
-1000
-1000
-1000
-1000
-1000
-1000
-1000
-1000
-1000
-1000
4.80756988292717
-1000
-1000
-1000
-1000
1000
1000
-1000
-1000
-1000
-1000
-1000
-1000
-1000
1000
-1000
-1000
-783.682254212826
-199.728366929011
1000
-1000
1000
1000
1000
-1000
-1000
1000
1000
1000
1000
-1000
-1000
0
-1000
1000
-1000
1000
1000
-973.242313183574
-1000
1000
1000
1000
1000
1000
-1000
1000
1000
-1000
-1000
-1000
-1000
-1000
-1000
1000
965.105116925436
10.8023428830215
0
-1000
-1000
0
0
0
0
0
0
0
0
0
0
0
0
0
0
0
0
0
0
0
0
0
0
0
0
0
0
0
0
0
0
0
0
0
0
0
0
0
0
0
0
0
0
0
0
0
0
0
0
0
0
0
0
0
0
0
0
0
0
0
0
0
0
0
0
0
0
0
0
0
0
0
0
0
0
0
0
0
0
0
0
0
0
0
0
0
0
0
0
0
0
0
0
0
0
0
0
0
0
0
0
0
0
0
0
0
0
0
0
0
0
0
0
0
0
0
0
0
0
0
0
0
0
0
0
0
0
0
0
0
0
0
0
0
0
0
0
0
0
0
0
0
0
0
0
0
0
0
0
0
0
0
0
0
0
0
0
0
0
0
0
0
0
0
0
0
0
0
0
0
0
0
0
0
0
0
0
0
0
0
0
0
0
0
0
0
0
0
0
0
0
0
0
0
0
0
0
0
0
0
0
0
0
0
0
0
0
0
0
0
0
0
0
0
0
0
0
0
0
0
0
0
0
0
0
0
0
0
0
0
0
0
0
0
0
0
0
0
0
0
0
0
0
0
0
0
0
0
0
0
0
0
0
0
0
0
0
0
0
0
0
0
0
0
0
0
0
0
0
0
0
0
0
0
0
0
0
0
0
0
0
0
0
0
0
0
0
0
0
0
0
0
0
0
0
0
0
0
0
0
0
0
0
0
0
0
0
0
0
0
0
0
0
0
0
0
0
0
0
0
0
0.00364018997420621
0
0
0
0
1000
0
-1000
1000
1000
1000
0
1000
-1000
-1000
1000
-1000
1000
1000
1000
0
-1000
-1000
1000
-1000
1000
-1000
0
-1000
-1000
-1000
-1000
1000
1000
1000
-1000
1000
-1000
-1000
-1000
1000
1000
-1000
-600.402710240568
-955.182225067216
-1000
1000
-1000
-1000
-1000
1000
-1000
1000
-1000
-999.949111199288
-1000
-1000
-1000
-1000
-1000
0
0
0
0
0
0
0
0
0
0
0
0
0
0
0
-1000
-1000
-0.00850256933586024
0
0
0
0
1000
0
1000
0
0
441.934179894434
0
0
0
0
0
0
-0.00364018997424864
0.00364018997420621
0
0
-0.00364018997424864
-0.00364018997424864
0
0
0
1000
0
0
0
0
0
0
0
0
0
0
0
0
0
0
0
0
0
276.287746311761
0
0
0
0
0
0.00364018997420621
0
0
1000
-155.241418629147
-557.378714518986
-287.379866851868
-1000
0
0
0
0
0.369540831487825
0
0
0
0
249.506838888516
0
0
0
0
0
0
0
1000
0
0
-1000
1000
0
0
0
0.00364018997420621
0
0
0
446.892412685348
949.467508061627
0
0
0
0
0
0
-1000
1000
0
0
0
0
0
1000
0
0
0
0
0
0
0
0
0
0
0
0
0
0
0
0
0
0
0
0
0
0
0
0
0
0
0
0
1.00330318163446
0.00364018997420621
0
0
0
0
1000
0
1000
0
0
1.96829116560857
0
0
0
0
0.00544445804837798
1000
0
-758.417513632146
0
0
0
0
0
0
0
0
0
-0.0291215197936481
0.00364018997420621
0
0
0
-1000
-1000
1000
0
1000
-1000
0
-1000
1000
0
-1000
1000
998.031708834391
991.132123082836
0
0
0
533.216395651172
-533.071851972461
1000
0
0
0
0
0
0.00364018997424864
0
0
1000
0
156.798936760323
0
0
793.341518226504
0.0291215197936481
0
0
0
-1000
0.00364018997420621
-1000
1000
0
0
0
0
0
0
0
0
0
0
0
-466.928148027539
1000
0
0
121.904053685759
0
878.090501856193
878.090501856193
0
0
0
1000
0
0
1000
0
0
0
997.648089963851
0
0
0
0
0
0
0
0
0
0
0.984145582804283
0
0.00364018997420621
-0.00364018997424864
0.00364018997420621
0.00364018997420621
0
0
266.562616316343
-266.562616316343
0.00364018997424864
0
0
0
0.984145582804331
0
0
-0.0109205699226322
-1000
-1000
-1000
1000
-1000
1000
0
0
-997.257190713363
-2.35191003614875
-1000
-1000
0
0
0
0
0
0
0
0
0
0
0
0
0
0
0
0
0
0
0
0
0
0
0
0
0
999.609100749511
0
0
0
0
0
0.00181481934945933
0
0
0
0
0
0
0
0
0.00364018997420621
-1000
1000
0
0
0
0
0
0
0
0
0
0
0
0
0
0
0
0
0
0
0
0
0
0
0
0
1000
0
0
0
0
0
0
0
0
0
0
0
0
0
0
0
0
0
0
0
0
0
0
0
0
0
0
0
0
0
0
0
2.34765875148082
0
0
0
0
0
0
0
0
0
0
0
0
0
0
0
0
0
0
0
0
0
0
0
0
0
0
0
0
0
0
0
0
0
0
0
0
0
0
0
0
0
0
0
0
0
0
0
0
0
0
0
0
0
0
0
0
0
0
0
0
0
0
0
0
0
0
0
0
0
0
0
0
0
0
0
0
0
0
0
0
0
0
0
0
0
0
0
0
0
0
0
0
0
0
0
0
0
0
0
0
0
0
0
0
0
0
0
0
0
0
0
0
-999.987296264554
0
0.00181481934941985
0
0.0199735641193683
0
0
-0.0127037354461663
0
1000
0
0
0
0
0.016343925420415
0
0
0
0
0
0
0
0
0
0
0
0
0
0
0
0
0
0.00364018997420621
0.00364018997420621
0.00364018997420621
1000
-1000
0
0
-373.715397092583
-1000
0
0
0
0
0
0
-1000
-878.095946314241
0
0
0
0
0
0
0
0
0
0
-1000
0
999.99021429711
-0.00978570288941683
-1000
-1000
-1000
-1000
-1000
-1000
0
0
0
0
0
0
0
0
0
0
-1000
0
1000
0.398715107657862
0.00364018997420621
0.00364018997420621
0.00364018997420621
0.00364018997420621
0.00364018997420621
0
0
0
0
1000
0.535767233195931
0
0
0
0
0
0
0
0
0
0
0
0
0
0
-259.729647461291
0
0
0
0
0
0
1000
-999.990214297111
0
1000
0
0
-999.990214297111
0
0
0
0
0
0
0
0
0
0
0
0
0
0
0
0
0
0
0
0
0
0
0
0
0
0
0
0
0
0.0620667338242149
0
0
0
0
0
0.345852117617493
0
0
0
0
0
0
0
0
0
0
0.00364018997420621
-1000
0
0
0
0
0
0
0
0
0
-1000
0
0
0
0
0
0
0
8.86787691716404
1000
-1000
-1000
-1000
-1000
1000
0
0.021798934744087
0
0
0
0
893.784825370695
-1000
-1000
0
249.506838888516
0
0
0
999.978158860155
0
0
0
4.07831409506309
0
0
0.585430475146421
0.585430475146421
0
-999.985481445204
0
0
0
0
0
0
0
0
-1000
0
0
0
0
0
0
0
999.937933266176
0.00364018997420621
0
0
0
0
0
0
0
0
-844.765861750802
1000
0
0
999.716214616207
0
0
0
1000
0
0
0
0
-759.891649579045
0
-1000
0
0
0
-1000
-1000
0
0
0
0
0
0
1000
133.278235401714
-1000
1000
0
0
-821.188285371945
821.188285371945
-1000
0
0
0
0
-1000
-1000
0
0
466.936650596875
0
0
0
0
0.000906090765318717
0
0
0
0
0
0
0
0
997.648089963851
0
997.648089963851
0
0
0
0
0
0
0
0
0
1000
0
-1000
-1000
0
-1000
-1000
1000
0
0
0
0
0
0
0
-1000
-229.350040245577
0
98.4541418470906
0.00181481934945933
0.00181481934945933
0
1000
0
0
366.177476485774
0
0
0
0
0
0
0
0
0
0
0
0
0
0
0
0
0
0
0
0
0
0
0
0
0
0.00364018997424864
0
0
0
0
0
0
0
0
0
0
0
0
0
0
0
0
0
0
0
0
0
0
0
0
0
0
0
0
0
0
0
0
0
0
0
0
0
0
0
0
0
0
0
0
0
0
-1000
0
-1000
0
0
0
0
0
0
-1000
0
0
0
0
0
0
0
0
0
0
0
-1000
0
0
0
0
0
0
0
0
0
0
0
0
0
1000
0
0
0
0
0
0
0
0
0
0
0
0
0
0
0
0
0
0
0
133.278235401714
0
0
0
0
0
0
0
0
0
0
0
0
0
0
0
0
0
0
0
0
0
0
0
133.278235401714
0
0
0
0
0
0
0
0
0
0
0
0
0
133.288021104604
0
0
0
0
0
0
0
0
0
0
0
0
0
0
0
0
0
0
0
0
0
0
0
0
0
0
0
0
0
0
0
0
0
0
0
0
0
0
0
0
0
0
0
0
0
0
0
0
0
0
0
0
0
0
0
0
0
0
0
0
0
0
0
0
0
0
0
0
0
0
0
0
0
0
0
0
0
0
0
0
0
0
0
0
0
0
0
0
0
0
0
0
0
0
0
0
0
0
0
0
0
0
0
0
0
0
0
0
0
0
0
0
0
0
0
0
0
0
0
0
0
0
1000
0
0
0
0
-1000
0
0
0
0
0
0
0
0
0
0
3.77972774103978
0
0
0
0
0
0
0
0
0
0
514.187375396006
0
180.854042062672
0
0
14.184541206227
0
1000
0
-999.83419989795
0
0
0
-1000
-1000
0
0
0
0
50.5070106085545
0.0218411398452372
0
0
0
0
0
0
0
0
0
0
0
0
0
0
0
0
0
0
0
0
0
0
0
0
0
0
0
0
0
0
0
0
0
0
0
0
0
0
0
0
0
0
0
0
0
0
0
0
0
0
0
0
0
0
0
0
0
0
0
0
0
0
0
0
0
0
0
0
0
0
0
0
0
0
0
0
0
0
0
0
0
0
0
0
0
0
0
0
0
0
0
0
0
0
0
0
0
0
0
0
0
0
0
0
0
0
0
0
0
0
0
0
0
0
0
0
0
0
0
0
0
0
0
0
0
0
0
0
0
0
0
0
0
0
0
0
0
0
0
0
0
0
0
0
0
0
0
0
0
0
0
0
0
0
0
0
0
0
0
0
0
0
0
0
0
0
0
0
0
0
0
0
0
0
0
0
0
0
0
0
0
0
0
0
0
0
0
0
0
0
0
0
0
0
0
0
0
0
0
0
0
0
0
0
0
0
0
0
0
0
0
0
0
0
0
0
0
0
0
0
0
0
0
0
0
0
0
0
0
0
0
0
0
0
0
0
0
0
0
0
0
0
0
0
0
0
0
0
0
0
0
0
0
0
0
0
0
0
0
0
0
0
0
-968.322781080752
0
0
0
0
0
0
0
0
0
0
0
-968.322781080752
0
0
0
0
0
0
0
0
0
0
0
0
0
0
0
366.177476485774
0
0
0
0
0
0
0
0
0
0
0
0
-1000
0
0
0
0
0.00364018997424864
-597.507711997002
0
0
0
0
0
0
0
0
0
0
0
0
0
0
0
0
0
0
0
0
0
0
0
0
0
0
0
0
0
0
0
0
0
0
0
0
0
0
0
0
0
0
0
0
0
0
0
0
0
0
0
0
0
0
0
0
0
0
0
0
0
0
0
0
0
0
0
0
0
0
0
0
0
0
0
0
0
0
0
0
0
0
0
0
0
0
0
0
0
0
0
0
0
0
0
0
0
0
0
0
0
0
0
0
0
0
0
0
0
0
0
0
0
0
0
0
0
0
0
0
0
0
0
0
0
0
0
0
0
0
0
0
0
0
0
0
0
0
0
0
0
0
0
0
0
0
0
0
0
0
0
0
0
0
0
0
1000
0
0
1000
0
0
0
0
0
0
0
1000
0.00364018997424864
0
0
0
1000
0
0
0
0
0
0
0
0
0
0
0
0
0
0
0
1000
-1000
0
0
1.16681629476595
0
0
0
0
0
0
0
0
0
0
0
0
0
0
0
0
0
0
0
0
0
0
0
0
0
0
0
0
0
0
0
0
0
0
0
0
0
0
0
0
0
0
0
0
0
0
0
0
0
0
0
0
0
0
0
0
0
0
0
0
0
0
0
0
0
0
0
0
0
0
0
0
0
0
0
0
0
0
0
0
0
0
0
0
0
0
0
0
0
0
0
0
0
0
0
0
0
0
0
0
0
0
0
0
0
0
0
0
0
0
0
0
0
0
0
0
0
0
0
0
0
0
0
0
0
0
0
0
0
0
0
0
0
0
0
0
0
0
0
0
0
0
0
0
0
0
0
0
0
0
0
0
0
0
500
87.9272940629519
0
0
-0.984145582804331
0
0
469.311932061006
19.449517446725
42.5128466794372
0.105512752875542
87.9272940629519
0
0
0
0
0
0
0
0
0
0
0
0
0
0
0
0
0
0
0
721.897304683228
-1000
0
-1000
34.8621213647962
0
0
0
-1000
0
0
0
0
0
-24.4642572235584
0
0
0
0
0
0.00364018997420621
0
0
0
0
0
0
0
0
0
0
0
0
0
0
0
0
133.278235401714
0
0
0
0
-998.820479969788
-4.68490525831146
-0.205499760677867
0
-10.8023428830215
-21.1772184332267
-43.1879480468879
-33.8668151705567
-978.89880350522
-615.420335081707
-26.7576868164259
-4.64176978087733
-1000
1000
-1000
0
0
0
0
-1000
-4.13024395493665
-17.650212868303
-338.023913077581
-981.743655933709
24.4632724378653
-24.0925401915425
-1000
734.18076388561
966.680341432757
0
0
-1000
0
0
1000
-0.00364018997424864
0
999.817194759278
-1000
0
0
0
-10.9734177434423
0.369540831487825
0
1000
-965.105116925436
0
0
0
0
0
0
0
0
0
0
-0.00364018997424864
0
0
0
0
0
0
0
0
0
0
0
276.287746311761
-276.287746311761
1000
-1000
0
0
1000
0
399.648178560143
0
0
0
-998.833183705234
249.506838888516
-0.00364018997424864
-0.00364018997424864
-1.00330318163446
442.621285481014
0
0
-0.00364018997424864
0
-0.00364018997424864
0
0
0
-0.00364018997424864
0
0
0
-0.00364018997424864
0
0
0
0
0
1000
0
0
0
0
0
1000
0
0
0
0
-0.0109205699226322
0
0
0
0
0
0
0
0
0
0
0
-1000
0
1000
0
0
-0.00364018997424864
-1000
0
0
0
-34.8457229244538
0
0
0
0
0
0
0
0
0
949.467508061627
-3.65550690883197
-0.00850256933586024
-1000
-1000
0
0
0
0
0
0
0
2.47734799313184
1000
0
0
0
0
0
0.0072803799483836
0
0
0
0
249.672638990566
1000
1000
0
0
143.502759619582
0
0
0
0
0
0
0
0
0
0
-1000
-1000
0
0
0
0
0
-0.0508888007117321
0
0
0
0
0
0
557.385994898934
-1000
1000
0
0
0
0
0
0
1000
-1000
-1000
-5.56117273851703
0
0
0
0
0
0
0
0
0
0
1000
0
-0.0306097701387671
-0.00978570288941683
-2.6494790573114
-508.156203940933
-0.144339117618983
-1.0295986584066
-0.0929641774495167
-0.525981530306467
-0.281338958070933
-0.00978570288941683
0
0
753.8993781175
0
-0.00978570288941683
-1000
-0.00978570288941683
-0.00978570288941683
-0.00978570288941683
-0.0709463459483004
0
-0.00978570288941683
-3.67362534421318
-3.77972774103978
0
-4.07831409506309
0
0
-0.00978570288941683
0
0
-0.00978570288941683
-0.00978570288941683
-0.00978570288941683
-0.00978570288941683
0
106.455811883721
-0.611606430588949
0
0
0
-1000
1000
0
0
-1000
1000
-0.00364018997424864
0
1000
-1000
0
0
0
-1000
0
0
0
0
0
0
0
0
0
0
0
0
0
0
0
0
0
0
-98.4541418470906
98.4541418470906
-1000
1000
1000
0
-1000
1000
0
-0.00978570288941683
-0.00978570288941683
0
0
0
0
1000
-1000
999.83419989795
50.5070106085545
0.0218411398452645
0
0
0
0
0
-1000
-1000
0
0
0
0
0
0
0
0
0
0
0
0
0
0
0
0
0
0
0
0
0
0
0
0
0
0
0
0
0
0
0
0
0
0
0
0
0
0
0
0
0
0
0
0
0
0
0
0
0
0
0
0
0
0
0
0
0
0
0
0
0
0
0
0
0
0
0
0
0
0
0
-0.00978570288941683
0
0
0
0
0
0
0
0
0
0
0
0
0
0
0
0
0
0
0
0
0
0
0
0
0
0
0
0
0
0
0
0
0
0
0
0
0
0
0
0
0
0
0
0
0
0
0
0
0
0
0
0
0
0
0
0
0
0
0
0
0
0
0
0
0
0
0
0
0
0
0
0
0
0
0
0
0
0
0
0
0
0
0
0
0
0
0
0
0
0
0
0
0
0
0
0
0
0
0
0
0
0
0
0
0
0
0
0
0
0
0
0
0
0
0
0
0
0
0
0
0
0
0
0
0
0
0
0
0
0
0
0
0
0
0
0
0
0
0
0
0
0
0
0
0
0
0
0
0
0
0
0
0
0
0
0
0
0
0
0
0
0
0
0
0
0
0
0
0
0
0
0
0
0
0
0
0
0
0
0
0
0
0
0
0
0
0
0
0
0
0
0
0
0
0
0
0
0
0
0
0
0
0
0
0
0
0
0
0
0
0
0
0
0
0
0
0
0
0
0
0
0
0
0
0
0
0
0
0
0
0
0
0
0
0
968.322781080752
0
0
0
0
0
0
0
0
0
0
0
0
0
0
0
0
0
0
0
0
0
-1000
0
1000
0
0
1000
597.507711997002
0
0
0
0
0
0
0
0
0
0
0
0
0
0
0
0
0
0
0
0
0
0
0
1000
0
-1000
0
-1000
-0.00364018997424864
0
0
0
0
0
0
0
0
-1000
0
0
0
0
0
-1.16681629476591
0
0
0
0
0
0
0
0
0
0
0
0
0
0
0
0
0
0
0
0
0
0
0
0
0
0
0
0
0
0
0
0
0
0
0
0
0
0
0
0
0
0
0
0
0
0
0
0
0
0
0
0
0
0
0
0
0
0
0
-20.7674571828882
20.7674571828882
20.7674571828882
0
-0.00978570288941683
-0.00978570288941683
-0.00978570288941683
-0.00978570288941683
0
-0.00978570288941683
-0.00978570288941683
0
-0.00978570288941683
-0.00978570288941683
-0.00978570288941683
-0.00978570288941683
0
-0.00978570288941683
-0.00978570288941683
-0.00978570288941683
-0.00978570288941683
-0.00978570288941683
-0.00978570288941683
-0.00978570288941683
0
-0.00978570288941683
-0.00978570288941683
-0.00978570288941683
0
-1000
87.9272940629519
0
1000
0
0
0
0
0
0
0
0
0
