0
0
0
0
0
0
0
267.085875499136
-1000
169.055251280486
830.944748719514
0
0
199.210635467915
0
0
999.669766248518
-999.669766248518
999.924208647201
0
0.0757913527991944
0
-1000
0.476402789023496
0
1000
-202.08812936366
0
-507.235993330078
0.0312122876441179
0
0
0
0
0
0.0417395486726011
0
34.9066385405135
34.9066385405135
45.4815297784499
34.9066385405135
34.9066385405135
34.9066385405135
34.9066385405135
34.9066385405135
0
0
0
0
0
0
0
0
0
0
0
0
0
0
0
0
0
0
0
0
0
0
0
856.302378735213
0
0
0
0
1000
1000
0
0
0
0
856.302378735213
0
-1000
0
0
0
0
0
0
0
0
0
0
0
0
0
0
0
0
0
0
0
0
0
0
0
0.00463548826397791
0
0
0
0
0
0
0
0
0
0
0
1000
0
0
0
0
0
0
0
0
0
0
0
0
0
1000
0
0
1000
0
0
0
0
1000
0
0
0
0
-18.9745717548205
0
0
0
0
0.0851530236627696
0
0
0
1000
0
0
311.11529260206
712.94459690323
1000
401.818476965056
0
0
0
-1000
401.818476965056
601.029112432971
1000
-800.789364532085
0
492.521661328052
1000
0
0
0
0
0
1000
621.189031978624
0
0
0
0
0
-5.09885234265516
0
0
0
0
0
0
0
5.31539906493856
-1000
338.363497743763
0
0
0
1000
0
0
0
0
0
242.398516695884
0
0
0
-5.10426601071219
0
-999.994586331943
0
0
0
0
0
0
0
0
0
0
0
0.898668897476227
0
0
-0.00463548826394344
998.509858475604
0
0
0.597910805063862
0
0
0
0.892230719331748
0
-287.05540309677
0
0
999.101331102524
-0.898668897476227
0
-999.101331102524
0
0
0
0
0
0
0
0
0
0
-1000
0
-1000
0
-1000
-1000
1000
991.75325587795
0
-1000
992.951388514111
-1.25323000487901
1000
-2.80385233460481
0
-240.006873475629
1000
-1000
-760.889992731967
1000
0
0
1000
0
0.232787726454668
0
-0.232787726454717
0
0.00231102603305565
0
0
0
0
0
0
0
0
757.271249552634
992.922930647029
0
0
0
0
0
0
0
-999.995364511736
0
1000
0.608738141177987
0
0
1000
0
-0.232787726454717
0
-0.892230719331792
0
0
0.892230719331792
2.80385233460477
0
0
-0.00463548826394344
0
0
0
0
-1000
0
0
0
1000
0.892230719331792
0
1000
-1.25323000487901
0
0
0
0
0
0
0
0
0.00463548826397791
0
0
0
0
0
0
1000
0
0
0
2.98955402531909
12.5852386683845
0
0
0
0
0
0
0
0
0
-96.5359061399496
-1000
1000
-1000
0
1000
1000
-1000
-1000
-1000
1000
7.64652229095316
1000
992.351166683014
-1000
0
-1000
0
0
0
0
-1000
0
0
-1000
-1000
1000
1000
0
0
1000
-1000
0
0
0
0
0
0
1.25323000487901
-1000
1000
1000
1000
1000
-1000
-1000
0
-101.623931146491
-1000
1000
1000
-1000
-898.973979658573
1000
-1000
-1000
1000
0
-1000
-1000
-1000
-1000
-7.0486114858893
1000
0
0
0
-1000
1000
0
0
0
-0.898668897476227
0
0
0
0
1000
0
0
0
-38.1438877615195
0
0
0
0
0
0
0
0
0.898668897476199
0
0
0
0.898668897476199
0
0
0
0.00463548826397791
0
897.207336747486
-897.207336747486
0
0
0
0
0
0
0
0
0
0
0
0
0
0
0
983.258404524512
0
0
0
0
0
0
0
0
0
1000
0
0
0
0
0
-1000
1000
0
0
0
0
0
0
0
0
0
0
0
0.00463548826394344
-1000
0.135341701427137
0.135341701427137
0
-938.025405217683
0
0
0
0
0
0
0
0
0
-983.258404524512
-983.258404524512
0
0
0
0
0
-758.898343488951
0
0
0
0
0
0
0
0
0
0
0
0
0
0
0
0
0
0
0
0
0
0
0
0
0
0
0
0
0
0
0
0.211133054226325
0
0
0
1000
378.560447014542
0
378.560447014542
0
0
0
-1000
0
0
0
0
0
0
0
0
0
0
0
0
0
0
0
0
0
0
0
0
0
0
0
0
0
0
0
-782.703823429127
0
0
0.211133054226325
0
0
0
0
0
0
0
0
0
1000
0
0
0
0
0
0
0
0
0
0
0
0
0
0
0
0
0
0
0
0
0
0
0
0
0
0
0
0
0
0
0
0
0
-1000
0
0
0
0
0
0
0
0
0
0
0
0
0
0
0
0
0
0
0
0
0
0
0
0
0
0
0
0
0
0
0
0
0
0
0
0
0
355.640766963196
0
-1000
0
355.646180631253
0
0
0
0
0.979873918332441
0.979873918332441
0
1000
0
0
0
0
0
0
0
0
0
0
0
0
0
0
0
0
0
0
0
0
0
0
0
0
0
-0.00463548826394344
0
0
0
1000
0
0
-1000
0
0
0
0
2.81510738968436
0
0
2.81510738968436
0
0
0
0
0
0
0
0
0
2.81510738968436
0
2.81510738968436
0
0
0
16.7934278481255
47.8702338304219
30.5987012748764
22.4111581603099
33.2282771656861
10.9366451822312
25.578601846967
46.794498238727
43.0891867562224
13.6259841614684
26.4152850849519
54.4441735574461
42.9696605793674
13.2674056309034
21.9928165413174
30.4791750980214
39.5034014505729
31.9732523087087
5.85678266589431
39.8619799811378
0
0
0
0
0
0
0
0
0
0
0
0
0
0
0
0
0
0
0
0
0
0
0
0
0
0
0
0
0
0
0
0
0
0
0
0
0
0
0
0
0
0
0
0
0
0
0
0
0
0
0
0
0
0
0
0
0
0
0
0
0
0
0
0
0
0
0
0
0
0
0
0
0
0
0
0
0
0
0
0
0
0
0
0
0
0
0
0
0
0
0
0
-1000
0
940.430564133309
0
0
0
-1000
-1000
1000
1000
478.872452836369
0
0
0
0
241.097021022785
0
-38.1438877615195
-720.164365909209
-720.164365909209
-1000
0
-241.101656511049
0
-241.253239216647
1000
1000
719.980301195269
1000
0
0
758.902978977215
0
-1000
-1000
-1000
0
0
758.898343488951
0
758.898343488951
241.101656511049
0
0
0
0
0
0
0
0
0
0
0
-1000
380.073469002783
1000
1000
0
500
572.181538454538
2.51621749082499
5
0
0
0
0
153.937998158969
0
1000
0
0
0
0
-0.00176455615940085
0
0
0
0
-0.00176455615940085
0
765.685463430132
0
-0.00176455615940085
0.00176455615940085
-0.00176455615940085
-0.657563395991588
0
-0.110284759962383
0
-1000
-0.685088928885989
0
-0.00176455615940085
-0.00176455615940085
0.00176455615940085
-0.00176455615940085
0.00176455615940085
-0.00176455615940085
-0.00176455615940085
-0.00176455615940085
-0.00176455615940085
-0.00176455615940085
-0.00176455615940085
-0.00176455615940085
-0.00176455615940085
-0.00176455615940085
-0.00176455615940085
-0.00176455615940085
-0.0370556793473042
0
-0.0507309895826893
0
-0.0260272033510773
0.00176455615940085
33.3874989935514
-0.166194533156954
0.00176455615940085
0.00176455615940085
0.00176455615940085
0.00176455615940085
-0.85757429346711
0
-0.094844893567597
0
-0.0483739526335967
0.00176455615940085
0.00176455615940085
0
0.00176455615940085
0.00176455615940085
-0.00176455615940085
0
0
0
0
0
0
0
0
0
0
0
0
0
0
0
0
0
0
0
0
0
0
0
0
0
0
0
0
0
0
0
0
0
0
0
0
0.00679199802152652
0
0
0
0
0
0
0
0
0
0
0
0
0
0
0
0
0
0
0
0
0
0
0
0
0
0
0
0
0
0
0
0
0
0
0
0
0
0
0
1000
0
0
0
0
0
0
0
0
0
0
0
0
0
0
0
0
0
0
0
0
0
0
0
0
0
0
0
0
0
0
0
0
0
0
0
0
0
0
0
0
0
0
0
0
0
0
0
0
0
0
0
0
0
0
0
0
0
0
0
0
0
0
0
0
0
0
0
0
0
0
0
0
0
0
0
0
0
0
0
0
0
0
0
0
0
0
0
0
0
0
0
0
0
0
0
0
0
0
0
0
0
0.00176455615939739
0.00176455615939739
0.00176455615939739
387.022095229387
0
0
0
0
0
0.00176455615939739
0
0
0
0
0
0
0
0
0
0
0
0
0
0
0
0
0
0
0
0
0
0
0
0
0
0
0
0
0
0
0
0
0
0
0
0
0
0
0
0
0
0
0
0
0
0
0
0
0
0
0
0
0
0
0
0
0
0
0
0
0
0
0
0
0
0
0
0
0
0
0
0
0
0
0
0
0
0
0
0
0
0
0
0
0
0
0
0
0
0
0.012793032155631
0
0
0
0
0
0
0
0
0.0167632835142752
0
0
0
0
0
0
0
0
0
0
0
0
0
0
0
0
0
0
0
0
0
0
0
0
0
0
0
0
0
0
0
0
0
0
0
0
0
0
0
0
0
0
0
0
0
0
0
0
0
0
0
0
0
0
0
0
0
0
0
0
0
0
0
0
0
0
0
0
0
0
0
0
0
0
0
0
0
0
0
0
0
0
0
0
0
0
0
0
0
0
0
0
0
0
0
0
0
0
0
0
1000
0
0
0
0
0
0
0
0
0
0
0
0
0
0
0
0
0
0
0
0
0
0
0
1000
0
0
0
0
0
0
0
0
0
0
0
0
0
0
0
0
0
0
0
0
0
0
0
0
0
0
0
0
0
0
0
0
0
0
0
0
0
0
0
0
0
0
0
0
0
0
0
0
0
0
0
0
0
0
0
0
0
0
0
0
0
0
0
0
0
0
0
0
0
0
0
0
0
0
0
0
0
0
0
0
0
0
0
0
1000
1000
0
0
0
0
0
0
0
0
0
0
0
0
0
0
0
0
0
0
0
0
0
-1000
0
-1000
0
0
0
0
0
0
0
1000
1000
0
0
0
0
0
0
0
0
0
0
0
0
0
0
0
0
0
0
0
0
0
0
0
0
0
0
0
0
0
0
0
0
0
0
0
0
0
0
0
0
0
0
0
0
0
0
0
0
0
0
0
0
0
0
0
0
0
0
0
0
0
0
0
0
0
0
0
0
0
0
0
0
0
0
0
0
0
0
0
0
0
0
0
-852.491522445081
59.74964999026
0
0
0.00176455615940085
0
1000
0
0
0
0
389.834573638851
-0.00176455615940085
378.759977650472
0
0
0
0.00679199802152652
0.683324372726588
0
-999.316675627273
999.998235443841
0
0
0
0
0
0
0
0
0
0
0
0
0
-1000
-0.0110284759962269
0
-0.0511721286225111
0
0.043557880078879
0
0
0
0
0
0
0
0.0254347225614993
0
0
0
0
0
1000
1000
-852.491522445081
33.3857344373921
33.3857344373921
0
83.8398280728588
1000
-0.027812929583888
0
0
0.00176455615940085
-0.00176455615940085
0
0
0.0639651607782525
-0.0639651607782525
1000
0
0
0
0
0
-1000
0
-120.617993438514
-879.382006561486
-1000
0
-621.240022349528
-378.759977650472
-1000
0
0
0
0
0
-1000
0
-0.683324372726588
0
0
0
-999.316675627273
999.316675627274
-1000
0
0
0
-1000
0
0
0
-1000
0
0
0
0
0
0
0
0
0
0
0
0
0
0
0
0
0
0
0
-1000
1000
-1000
0.0178204740177534
-1000
0
-1000
0.0511721286225111
-1000
0
-0.0689926026403782
-0.0689926026403782
0
0
0
0
0
0
-1000
0
1000
0
-1000
0
1000
0
-1000
0
-1000
0
0
0
0
0
0
0
0
0
-732.914124500864
-267.085875499136
33.3857344373921
-33.3857344373921
0
0
0
0
0
0
0
0
0
0
0
0
0
0
0
0
0
0
0
0
0
0
0
0
0
0
0
0
0
0
0
0
0.00679199802152652
-0.00679199802152652
0
0
0
0
0
0
0
0
0
0
0
0
0
0
0
0
0
0
0
0
0
0
0
0
0
0
0
0
0
0
0
0
0
0
0
0
0.00679199802152652
-0.00679199802152652
0
0
0
0
0
0
0.0254347225614993
0.0254347225614993
0
0
0
0
0
0
0
0
0
0
0
0
0
0
0
0
-0.0254347225614993
-0.0254347225614993
0
0
0
0
0
0
0
0
0
0
0
0
0
0
0
0
0
0
0
0
0
0
0
0
0
0
0
0
0
0
0
0
0
0
0
0
0
0
0
0
0
0
0
0
1.51824109286725
0.00463548826397791
0
0
0
0
0
0
0
0
0.191026903802111
0
0
0
0
0
0
0
0
0
0
0
0
0
0
0
0
0
0
0
0
0
0
0
0
0
0
0
0
0
0
0
0
0
0
0
0
0
0
0
0
0
0
0
0
0
0
0
0
0
0
0
0
0
0
0
0
0
120.617993438514
120.617993438514
120.617993438514
0
0
0
0
120.552263721577
120.552263721577
0
0
0
0
153.937998158969
153.937998158969
153.937998158969
0
0
0
0
0
0
0
0
0
0
0
0
0
0
0
0
0
0
0
0
0
0
0
0
0
0
0
0
0
0
0
0
0
0
0
0
0
0
0
0
0
0
0
0
0
0
0
0
0
0
0
0
0
0
0
0
0
0
0
0
0
0
0
0
0
0
0
0
0
0
0
0
0
0
0
0
0
0
0
0
0
0
0
0
0
0
0
0
0
0
0
0
0
0
0
0
0
0
0
0
0
0
0
0
0
0
0
0
0
0
0
0
0
0
0
0
0
0
0
0
0
0
0
0
0
0
0
0
0
0
0
0
0
0
0
0
0
0
0
0
0
0
0
0
0
0
0
0
0
0
0
0
0
0
0
0
0
0
0.00463548826397791
0.00463548826397791
0.00463548826397791
0.00463548826397791
0.00463548826397791
0
0
0
0
0
0
0
0
0
0
0
0
0
0
0
0
0
0
0
0
0
0
0
0
0
0
0
0
0
0
0
0
0
0
0
0
0
0
0
0
0
0
0
0
0
0
0
0
0
0
18.9745717548205
18.9745717548205
-18.9745717548205
6.31404111232422
-3.15470281203011
3.15470281203012
3.15470281203012
3.15470281203012
0
0
0
0
0
0
0
0
0
0
0
0
0
0
0
0
0
0
0
0
0
3.15470281203012
3.1454587078979
3.15470281203012
3.15470281203012
3.15470281203012
3.15470281203012
3.15470281203012
3.15470281203012
3.15470281203012
3.15470281203012
3.15470281203012
3.15470281203012
3.15470281203012
3.15470281203012
3.15470281203012
3.15470281203012
3.15470281203012
3.15470281203012
18.9745717548205
18.9745717548205
6.31404111232422
6.31404111232422
0
0
0
0
0
0
0
0
0
0
0
0
0
0
0
0
0
0
0
0
0
0
0
0
0
0
0
0
0
0
0
0
0
0
0
0
0
0
0
0
0
0
0
0
0
0
0
0
0
0
0
0
0
0
0
0
0
0
0
0
0
0
0
0
0
0
0
0
0
0
0
0
0
0
0
0
0
0
0
0
0
0
0
0
0
0
0
0
0
0
0
0
0
0
0
0
0
0
0
0
0
0
0
0
0
0
0
0
0
0
0
0
0
0
0
0
0
0
0
0
0
0
0
0
0
0
0
0
0
0
0
0
0
0
0
0
0
0
0
0
0
0
0
0
0
0
0
0
0
0
0
0
0
0
0
0
0
0
0
0
0
0
0
0
0
0
0
0
0
0
0
0
0
0
0
0
0
0
0
0
0
0
0
0
0
0
0
0
0
0
0
0
1.51824109286725
1.83314974099944
1.83314974099944
0
0
0
0
-1.83314974099949
0
0
0
426.329682673418
426.014774025286
0
0.314908648132189
0
0
0
0
0
0
0
0
0
0
0
0
0
0
0
0
0
0
0
0
0
0
0
0
0
0
0
0
0
0
0
0
0
0
0
0
0
0
0
0
0
1.83314974099944
0
0
0
0
0
0
0
0
0
0
0
0
0
0
0
0
0
0
0
0
0
0
0
0
0
0
0
0
0
0
0
0
0
0
0
0
0
0
0
0
0
0
0
0
0
0
0
0
0
0
0
0
0
0
0
0
0
0
0
0
0
0
0
0
0
0
0
0
0
0
0
0
0
0
0
0
0
1.51824109286725
0.00463548826397791
0
0
0
0
0
0
0
1.70117940555367
0
0
0
1.25323000487901
1.25323000487901
1.25323000487901
0
0
0
0
0
0
1.71390348493334
0
0
0
0.00463548826397791
0
0
0
0
-1.71390348493333
1.71390348493334
0
0
0
0
0.470580436614646
0
0
0
0
0
0
0.297549080488538
0.284825001108865
0.297549080488538
0
0
0
0
0
0
0
0
0
14.2713113088035
14.2713113088035
14.2713113088035
0
0
0
0
-0.19102690380214
0
0
0
0
0
0
0
0
0
0
0
0
0
0
0
0
0
0
0
0
0
0
0
0
0
0
0
0
0
0
0
0
0
0
0
0
0
0
0
0
0
0
0
0
0
0
0
0
0
0
0
0
0
0
0
0
0
0
0
0
0
0
0
0
0
0
0
0
0
0
0
0
0
0
0
0
0
0
0
0
0
0
0
0
0
0
0
0
0
0
0
0
0
0
0
0
0
0
0
0
0
0
0
0
0
0
0
0
0
0
0
0
0
0
0
0
0
0
0
0
0
0
0
0
0
0
0
0
0
0
0
0
0
0
0
0
0
0
0
0
0
0
0
0
0
0
0
0
0
0
0
0
0
0
0
0
0
0
0
0
0
0
0
0
0
0
0
0
0
0
0
0
0
0
0
0
0
0
0
0
0
0
0
0
0
0
0
0
0
0
0
0
0
0
0
0
0
0
0
0
0
0
0
0
0
0
0
0
0
0
0
0
0
0
0
0
0
0
0
0
0
0
0
0
0
0
0
0
0
0
0
0
0
0
0
0
0
0
0
0
0
0
0
0
0
0
0
0
0
0
0
0
0
0
0
0
0
0
0
0
0
0
0
0
0
0
0
0
0
0
0
0
0
0
0
0
0
0
0
0
0
0
0
0
0
0
0
0
0
0
0
0
0
0
0
0
0
0
0
0
0
0
0
0
0
0
0
0
0
0
0
0
0
0
0
0
0
0
0
0
0
0
0
0
0
0
0
0
0
0
0
0
0
0
0
0
0
0
0
0
0
0
0
0
0
0
0
0
0
0
0
0
0
0
0
0
0
0
0
0
0
0
0
0
0
0
0
0
0
0
0
0
0
0
0
0
0
0
0
0
0
0
0
0
0
0
0
0
0
0
0
0
0
0
0
0
0
0
0
0
0
341.457201944002
0
0
341.457201944002
0
0
0
0
0
0
0
0
0
0
0
0
0
0
0
0
0
0
0
0
0
0
0
0
0
0
0
1000
0
0
0
0
0
0
0
0
0
0
0
0
0
0
0
0
0
0
0
0
0
0
0
0
0
0
0
0
0
0
0
0
0
0
0
0
0
0
0
0
0
0
0
0
0
0
0
0
0
0
0
0
0
0
0
0
0
0
0
0
0
0
0
0
0
0
0
0
0
0
0
0
0
0
0
0
0
0
0
0.211133054226325
0.211133054226325
0
0
0
0.211133054226366
0.211133054226325
0
0
0
0
0
0.0324820083425117
0
0
0
0
0
0
0
0
0
0
0
0
0
1.27762566147218
0
0
0
0
0
0
1.27762566147218
1.27762566147218
1.27762566147218
1.27762566147214
0
0
0
0
0
0
0
0
0
0
0
0
0
0
0
0
0
0
0
0
0
0
0
0
0
0
0
0
0
0
0
0
0
0
0
0
0
0
0
0
0
0
0
0
0
0
0
0
0
0
0
0
0
0
0
0
0
0
0
0
0
0
0
0
0
0
0
0
0
0
0
0
0
0
0
0
0
0
0
0
0
0
0
0
0
0
0
1000
-1000
1000
0
0
0
-292.325582786968
-1000
292.325582786968
0
59.5694358666907
0
0
-1000
999.107769280668
0
0
0
0
0
0
0
0
0
0
0
0
0
0
0
0
0
0
0
0
0
0
0
0
0
0
0
0
0
0
0
0
0
0
0
0
0
0
0
0
1000
0
0
43.1266569530229
0
0
0
0
0
0
0
0
0
0
0
-999.995364511736
-1000
1000
-1000
1000
999.995364511736
-1000
0
0
0
0
0
0
0.00463548826394344
0
0
0
0
0
0
0
0
0
0
0
0
0
0
0
0
0
0
0
0
0
0.00346653904958348
0.00463548826397791
0.0127240793796727
1000
0.00231102603305565
0.00231102603305565
0.00463548826394344
0
0.00115551301652783
0.00231102603305565
0.0196705936767218
-0.00231102603311228
0.00231102603305565
0.00231102603305565
0.00231102603305565
0.00231102603305565
0.00231102603305565
-0.00231102603311228
-0.00462205206611088
0.00231102603305565
0.00231102603305565
0.00231102603311228
0.00231102603305565
-999.942143731986
-0.00694651429705573
999.939832705953
0.00463548826394344
0.00231102603305565
0.00231102603305565
0.00463548826397791
0.00463548826397791
-0.00463548826394344
-0.00463548826394344
0.00463548826394344
0.00463548826394344
0.00231102603305565
0.00231102603305565
0.00231102603305565
0.00231102603305565
-0.00694651429705573
-999.982640432356
0
0
0
0
0
0
-1000
0
0
0
0.00463548826397791
0
0
0
0
0.00231774413198895
0.00463548826394344
0.00463548826394344
0
0.00463548826397791
0
0
0
0
0
-0.00463548826394344
0
0
0.00924410413222261
0.00231102603305565
0.00693307809916696
0.00231102603305565
-0.00231102603311228
0.00231102603305565
0.00231102603305565
0.00231102603305565
0.00231102603305565
0.00231102603305565
0.00231102603305565
0.00462205206611131
0.00231102603305565
0.00231102603305565
0.00231102603305565
0.00231102603305565
0.00231102603305565
0
0.00231102603305565
0.00463548826397791
0
0.00463548826397791
0
0.00463548826397791
0.00463548826397791
0.00463548826397791
0.00463548826397791
0.00463548826397791
0.00463548826397791
0
0.00463548826397791
0
0.00463548826397791
0.00463548826397791
0.00463548826397791
0.00463548826397791
0.00463548826397791
0
0
0
0
0
0
0
0
0
0
0
0
0
0
0
0
-0.00463548826394344
0
0
0
0
0
0
0
0
0
0
0
0
0
0
0
0
0
0
0
0
0
0
0
0
0
0
0
0
0
0
0
0
0
0
0
0
0
0
0
0
0
0
0
0
0
0
0
0
0
0
0
0
0
0
0
0
0
0
0
0
0
0
0
1000
33.3857344373921
0
0
0
0
0
0.00463548826397791
0
0
0
0
0
0
0
0
0
0
1000
0
0
0
0
0
0
0
0
0
0
1000
0
-153.937998158969
0
-1000
0
0
0
0
0
0.00176455615939739
0
0
0
0
0
0
0
0
0
0.00176455615939739
0
0
0
0
0
0
0
0.00176455615939739
0
0.00176455615939739
0
0.00176455615939739
0
0.657563395991548
0
0
0
0.110284759962337
0
0
0
0
0
0.685088928886035
0
0
0
0.00176455615939739
0
0.00176455615939739
0
0.00176455615939739
0
0.00176455615939739
0
0.00176455615939739
0
0.00176455615939739
0
0.00176455615939739
0
0.00176455615939739
0
0.00176455615939739
0
0.00176455615939739
0
0.00176455615939739
0
0.00176455615939739
0
0.00176455615939739
0
0.00176455615939739
0
0.00176455615939739
0
0.00176455615939739
0
0.0370556793473451
0
0
0
0.0507309895826748
0
0
0
0.0260272033511114
0
0.00176455615939739
0
33.3874989935515
0
0.166194533156965
0
0.00176455615939739
0
0.00176455615939739
0
0.00176455615939739
0
0.00176455615939739
0
0.85757429346713
0
0
0
0.0948448935676095
0
0
0
0.0483739526336448
0
0.00176455615939739
0
0.00176455615939739
0
0
0
0.00176455615939739
0
0.00176455615939739
0
0.00176455615939739
0
0
-1000
0
0
0.314908648132132
1000
0
0
0
0
-1000
-1000
-1000
0
1.27762566147218
-999.101331102524
5.31539906493856
1000
0
-1.71390348493333
0
1000
-1000
0
0
1000
0
0
0
0
0
-7.07706935297074
620.342317635905
0.297549080488579
0
0
0
999.995364511736
-292.155033619218
-0.00463548826394344
0
0
-4.05708233948383
0
1000
0
0
0
460.952624853443
1000
-1000
-1000
287.05540309677
-1000
0
1000
1000
1000
-1000
0
0
1000
1000
1000
-1000
0
1000
68.779484263732
0
-1000
1000
1000
1000
0
0
0
0
0
-11.6329985303272
0
0
0
0
0
0
0
0
0
1000
0
328.115452579658
0
0
0
0
0
279.943366072613
0
0
0
0
1000
0
0
0
0
0
0
0
0
0
-1000
-1000
1000
-1000
-1000
-1000
-1000
-1000
1000
184.225770833355
1000
-1000
-184.225770833356
-1000
1000
-1000
-1000
-1000
236.639442073886
-1000
714.413004152332
-1000
-1000
1000
1000
1000
1000
1000
1000
-1000
1000
1000
-1000
1000
-1000
-1000
-1000
-937.893381137446
-1000
1000
-1000
-973.032520773225
-1000
-1000
-1000
-1000
-1000
588.520140922414
-1000
-1000
-1000
1000
-1000
1000
-1000
1000
-697.32260274086
-1000
-643.516508621683
-1000
-1000
-959.661617229839
-1000
-1000
1000
-1000
-1000
986.778786897679
-1000
-1000
1000
-1000
-1000
1000
1000
-1000
-1000
-1000
-1000
-1000
1000
-1000
919.460787535337
-1000
-1000
-1000
-1000
1000
-1000
1000
1000
1000
-1000
-1000
-1000
1000
1000
1000
-1000
-1000
-1000
-1000
-1000
-1000
-84.5827410395491
1000
-1000
-1000
1000
1000
1000
1000
1000
1000
1000
1000
-1000
-1000
1000
-1000
-1000
-956.873343046977
1000
952.578498228779
1000
0
-866.527430451753
-1000
0
0
0
0
0
0
0
0
0
0
0
0
0
0
0
0
0
0
0
0
0
0
0
0
0
0
0
0
0
0
0
0
0
0
0
0
0
0
0
0
0
0
0
0
0
0
0
0
0
0
0
0
0
0
0
0
0
0
0
0
0
0
0
0
0
0
0
0
0
0
0
0
0
0
0
0
0
0
0
0
0
0
0
0
0
0
0
0
0
0
0
0
0
0
0
0
0
0
0
0
0
0
0
0
0
0
0
0
0
0
0
0
0
0
0
0
0
0
0
0
0
0
0
0
0
0
0
0
0
0
0
0
0
0
0
0
0
0
0
0
0
0
0
0
0
0
0
0
0
0
0
0
0
0
0
0
0
0
0
0
0
0
0
0
0
0
0
0
0
0
0
0
0
0
0
0
0
0
0
0
0
0
0
0
0
0
0
0
0
0
0
0
0
0
0
0
0
0
0
0
0
0
0
0
0
0
0
0
80.5392124646633
0
0
0
0
0
0
0
0
0
0
0
0
0
0
0
0
0
0
0
0
0
0
0
0
0
0
0
0
0
0
0
0
0
0
0
0
0
0
0
0
0
0
0
0
0
0
0
0
0
0
0
0
0
0
0
0
0
0
0
0
0
0
0
0
0
0
0
0
0
0
0
0
0
0
0
0
0
0
0
0
0
0
0
0
0
0
0
0
0
0
0
0
0
0
0
0
0
0
0
809.644861303892
0
0
0
0
0
0
0
0
0
0
0
0
0
0
0
0
1000
1000
996.84529718797
1000
1000
1000
1000
1000
-1000
-1000
1000
-1000
-1000
1000
270.155425287504
1000
-1000
-1000
-1000
-1000
1000
1000
729.844574712496
-1000
-1000
-1000
-1000
-1000
1000
-1000
-1000
-1000
-1000
-732.914124500864
996.84529718797
0
999.914846976337
-1000
-1000
-1000
-1000
1000
-1000
-1000
-1000
1000
-996.84529718797
1000
-1000
1000
-1000
-1000
-1000
-1000
-999.914846976337
0
0
0
0
1000
0
0
1000
0
-1000
-1000
0
0
0
0
1000
0
-0.00463548826394344
-1000
-0.608738141178037
0
0
0
0
0
516.788239880188
1000
0
0
0
0
0
0
0
0
0
-0.00463548826394344
0.00463548826397791
0
0
-0.00463548826394344
-0.00463548826394344
0
0
500.116393863227
0
0
0
0
0
0
0
0
0
0
0
0
0
0
0
0
0
0
0
0
0
0
0
0.00463548826397791
0
0
-1000
1000
-999.107769280668
-0.892230719331792
-1000
0
0
0
0
-0.00463548826394344
0.470580436614682
0
0
0
0
0
0
0
0
0
0
0
0
0
0
0
0
0
1000
0
-1000
0
0
0.00463548826397791
0
0
0
0
1000
0
0
0
0
0
0
-620.342317635905
0
1000
0
0
0
0
0
0
0
0
0
0
0
0
0
0
0
0
0
0
0
0
0
0
0
0
0
0
0
0
0
0
0
0
0
0
0
0.00463548826397791
0
0
0
0
1000
0
-852.491522445081
-153.937998158969
0
2.50646000975801
0
0
0
0
0
0.00693307809916696
1000
0
0
0
0
0
0
0
0
0
0
0
0
0
0
0.00463548826394344
-1000
241.101656511049
0
-701.05998429587
1000
0
0
0
0.18406471394087
1000
0
0
0
0
0
0
0.00463548826394344
0
1000
0
897.207336747486
0
0
897.207336747486
0
0
-830.944748719514
0
0
-1000
0
-1000
1000
0
0
0
0
0
0
0
0
0
38.7339775797418
0
961.081957706317
-961.266022420258
0
0
0
0
0
0
0
0
0
0
0
1000
-0.0954966566537223
0
997.602943111688
0
0
0
0
0
0
0
0
0
0
1.25323000487901
0
0.00463548826397791
-0.00463548826394344
0.00463548826397791
0.00463548826397791
0
0
0.00463548826394344
0
0
0
1.25323000487901
0
0
-0.013906464791944
-1000
-1000
-1000
2.39705688831236
-2.39705688831236
1000
0
0
1000
-1000
-1000
-1000
0
0
0
0
0
0
0
0
0
0
0
0
0
0
0
0
0
0
0
0
0
0
0
0.00463548826397791
0
0
0
0
0
0
0
0.00231102603305565
0
830.944748719514
0
0
0
0
0
0
0.00463548826397791
0
0
0
0
0
0
0
0
33.3857344373921
0
-267.085875499136
0
0
0
0
0
0
0
0
0
0
0
0
0
1000
0
0
0
267.085875499136
0
0
0
0
0
0
0
0
0
0
0
0
0
0
0
0
0
0
0
0
0
0
0
0
0
0
0
2.98955402531908
0
0
0
0
0
0
0
0
0
0
0
0
0
0
0
0
0
0
0
0
0
0
0
0
0
0
0
0
0
0
0
0
0
0
0
0
0
0
0
0
0
0
0
0
0
0
0
0
0
0
0
0
0
0
0
0
0
0
0
0
0
0
0
0
0
0
0
0
0
0
0
0
0
0
0
0
0
0
0
0
0
0
0
0
0
0
0
0
0
0
0
0
0
0
0
0
0
0
0
0
0
0
0
0
0
0
0
0
0
0
0
0
0
0
0
-999.968787712356
0
0.00231102603311228
0
0.0254347225614993
0
0
-0.0312122876441663
0
1000
0
0
0
0
0.00577756508266702
0
0
0
0
0
0
0
0
0
0
0
0
0
0
0
0
0
0.00463548826397791
0.00463548826397791
0.00463548826397791
-1000
-1000
0
83.8398280728588
-1000
0
0
0
0
0
0
-1000
0
0
0
0
0
0
0
0
0
0
0
-1000
386.92548577966
1000
0
-1000
-1000
-1000
-999.316675627273
-1000
1000
0
0
0
0
0
0
0
0
0
-1000
-1000
0
1000
0.507731523715803
0.00463548826397791
0.00463548826397791
0.00463548826397791
0.00463548826397791
0.00463548826397791
0
0
0
1000
0
0
0
0
0.00176455615939739
0.00176455615939739
0
0
0
0
0
0
0
0
0
-1000
0
0
0
0
0
0
0
1000
-999.998235443841
0
1000
0
0
-1000
0
0
0
0
0
0
0
0
0
0
0
0
0
0
0
0
0
0
0
0
0
0
0
33.3857344373921
0
0
0
0
0
0.0178204740178013
33.3857344373921
0
0
0
0
0.0689926026403255
33.3857344373921
0
0
0
0
0
33.3857344373921
0
0
0
0
-1000
0
0
0
0
0
0
0
0
0
-1000
0
0
0
0
0
0
0
0
1000
-1000
-1000
-1000
-1000
1000
0
0.0127240793796727
0
0
0
0
-999.767212273545
-1000
-500.116393863227
0
0
0
0
0
999.972187070416
0
0
0
19.4647152955289
0
0
0.745498481163203
0.745498481163203
-102.797298740778
-999.966476686323
0
0
0
0
0
0
0
0
-1000
0
0
0
0
0
0
0
999.982179525982
0.00463548826397791
0
0
0
0
0
0
0
0
1.51756368455824
1000
0
0
999.948827871377
0
0
0
1000
0
0
0
-879.382006561486
0
-992.922930647029
0
0
0
-1000
-1000
0
0
0
153.937998158969
0
0
1000
120.552263721577
0
0
0
0
0
0
-1000
0
0
0
0
-1000
-1000
0
0
0
-482.198677533834
0
0
0
386.925485779659
0.00679199802156763
0
0
0
0
0
0
0
0
997.607578599952
0
997.607578599952
0
0
0
0
0
0
0
0
0
1000
0
-1000
-1000
1000
0
-1000
1000
0
0
0
0
0
0
0
0
-1000
0
0
1000
0.00231102603305565
0.00231102603305565
0
-1000
-341.457201944002
-341.457201944002
378.759977650472
0
0
0
0
0
0
0
0
0
0
0
0
0
0
0
0
0
0
0
0
0
0
0
0
0
-0.0254347225614993
0
0
0
0
0
0
0
0
0
0
0
0
0
0
0
0
0
0
0
0
0
0
0
0
0
0
0
0
0
0
0
0
0
0
0
0
0
0
0
0
0
0
0
0
0
0
-1000
0
-1000
0
0
0
0
0
0
-1000
0
0
0
0
0
0
0
0
0
0
0
999.936034839222
0
0
0
0
0
0
0
0
0
0
0
0
0
1000
0
0
0
147.508477554919
0
0
0
0
0
0
0
0
0
0
0
0
0
0
0
120.552263721577
0
0
0
0
0
0
0
0
0
0
0
0
0
0
0
0
0
0
0
0
0
0
0
0
120.552263721577
0
0
0
0
0
0
0
0
0
0
0
120.554028277736
0
0
0
0
0
0
0
0
0
0
0
0
0
0
0
0
0
0
0
0
0
0
0
0
0
0
0
0
0
0
0
0
0
0
0
0
0
0
0
0
0
0
0
0
0
0
0
0
0
0
0
0
0
0
0
0
0
0
0
0
0
0
0
0
0
0
0
0
0
0
0
0
0
0
0
0
0
0
0
0
0
0
0
0
0
0
0
0
0
0
0
0
0
0
0
0
0
0
0
0
0
0
0
0
0
0
0
0
0
0
0
0
0
0
0
0
0
0
0
0
0
0
0
0
0
0
0
0
0
0
-1000
0
0
0
0
0
0
0
0
0
0
0
0
0
0
0
0
0
0
0
0
0
0
0
497.507220442684
0
164.173887109351
0
0
-98.1815230349441
0
782.703823429127
-1000
1000
-782.4926903749
0.477753580156842
-1000
0
-1000
-1000
0
0
0
0
123.496397436018
0.027812929583888
0
0
0
489.547432922634
0
-983.258404524512
0
0
0
0
0
0
0
0
0
0
0
0
0
0
0
0
0
0
0
0
0
0
0
0
0
0
0
0
0
0
0
0
0
0
0
0
0
0
0
0
0
0
0
0
0
0
0
0
0
0
0
0
0
0
0
0
0
0
0
0
0
0
0
0
0
0
0
0
0
0
0
0
0
0
0
0
0
0
0
0
0
0
0
0
0
0
0
0
0
0
0
0
0
0
0
0
0
0
0
0
0
0
0
0
0
0
0
-1000
0
0
0
0
0
0
0
0
0
0
0
0
0
0
0
0
0
0
0
0
0
0
0
0
0
0
0
0
0
0
0
0
0
0
0
0
0
0
0
0
0
0
0
0
0
0
0
0
0
0
0
0
0
0
0
0
0
0
0
0
0
0
0
0
0
0
0
0
0
0
0
0
0
0
0
0
0
0
0
0
0
0
0
0
0
0
0
0
0
0
0
0
0
0
0
0
0
0
0
0
0
0
0
0
0
0
0
0
0
0
0
0
0
0
0
0
0
0
0
0
0
0
0
0
0
0
0
0
0
0
0
0
0
0
0
0
0
0
0
0
0
0
0
0
0
0
0
0
0
0
0
0
0
0
0
0
0
0
0
0
0
0
0
0
0
-1000
0
0
0
0
0
0
0
0
0
1000
0
0
0
0
0
0
0
378.759977650472
0
0
0
0
0
0
0
0
0
0
0
-1000
0
0
0
0
0.00463548826394344
-896.650507117399
-102.797298740778
0
0
0
0
0
0
0
0
0
0
0
0
0
0
0
0
0
0
0
0
0
0
0
0
0
0
0
0
0
0
0
0
0
0
0
0
0
0
0
0
0
0
0
0
0
0
0
0
0
0
0
0
0
0
0
0
0
0
0
0
0
0
0
0
0
0
0
0
0
0
0
0
0
0
0
0
0
0
0
0
0
0
0
0
0
0
0
0
0
0
0
0
0
0
0
0
0
0
0
0
0
0
0
0
0
0
0
0
0
0
0
0
0
0
0
0
0
0
0
0
0
0
0
0
0
0
0
0
0
0
0
0
0
0
0
0
0
0
0
0
0
0
0
0
0
0
0
0
0
0
0
0
0
0
0
1000
0
-0.0851530236627696
998.487071803706
0
0
0
0
0
0
0
1000
0.00463548826394344
0
0
-1000
613.0762787765
0
0
0
0
0
0
999.935197217689
0
0
0
0
0
0
0
0
0
0
0
1000
-1000
0
0
1000
0
0
0
0
0
0
0
0
0
0
0
0
0
0
0
0
0
0
0
0
0
0
0
0
0
0
0
0
0
0
0
0
0
0
0
0
0
0
0
0
0
0
0
0
0
0
0
0
0
0
0
0
0
0
0
0
0
0
0
0
0
0
0
0
0
0
0
0
0
0
0
0
0
0
0
0
0
0
0
0
0
0
0
0
0
0
0
0
0
0
0
0
0
0
0
0
0
0
0
0
0
0
0
0
0
0
0
0
0
0
0
0
0
0
0
0
0
0
0
0
0
0
0
0
0
0
0
0
0
0
0
0
0
0
0
0
0
0
0
0
0
0
0
0
0
0
0
0
0
0
0
0
0
0
0
0
0
0
0
0
0
0
0
0
0
0
0
0
897.191132692859
500
111.968315555022
0
0
-1.25323000487901
0
0
597.63088427493
24.7673914007709
54.1366805708531
0.134361978666026
111.968315555022
0
0
0
0
0
0
0
0
0
0
0
0
0
0
0
0
0
0
0
0
0
0
0
0
0
834.010436159951
-1000
0
0
-1000
1000
-1000
0
102.797298740778
0
0
0
0
200.314406624352
33.3857344373921
-33.3857344373921
0
-4.4113903984935
0
0
0
999.978031816488
0.00463548826397791
0
0
0.0150351054126639
0
0
0
0
0
0
0
0
0
0
0
0
0
0
0
153.937998158969
0
1000
0
0
0
0
460.952624853443
-0.85757429346711
-0.0370556793473042
0
-13.7559121948384
-26.9674792267746
-54.9963676992688
-1000
-13.467711349016
-919.460787535337
-34.0737555148578
-5.91091934646511
-40.3383827701613
-1000
-1000
0
0
0
0
-1000
-48.9475537737819
-22.4761221769949
-35.1391396357797
-17.0904014114722
-13.2212131023213
952.578498228779
1000
-30.8635455300745
894.691619197398
0
-1000
338.363497743763
-1000
0
1000
0
0
999.767212273545
-1000
0
0
0
0.297549080488579
0.470580436614682
0
1000
-86.0510677770254
0
0
0
0
0
0
0
0
0
0
-0.00463548826394344
43.122021464759
-43.1266569530229
0
0
0
0
0
0
0
0
0
0
0
0
0
0
0
729.844574712496
0
267.085875499136
0
0
-1000
999.685091351868
0
-0.00463548826394344
-0.00463548826394344
-1.27762566147214
0.892230719331792
0
0
-0.00463548826394344
0
-0.00463548826394344
-1000
0
0
-0.00463548826394344
0
0
0
-0.00463548826394344
0
0
0
0
0
0
0
0
0
0
0
-0.0851530236627696
0
0
0
0
0
1000
0
0
0
0
0
0
-994.684600935061
0.898668897476227
0
0
0
-1000
0
1000
0
0
-0.00463548826394344
0
0
0
0
-1000
0
0
0
0
0
0
0
0
0
1000
-4.05708233948383
-0.608738141178037
-1000
-0.00463548826394344
0
0
0
0
1000
0
0
3.15470281203011
0
0
-338.363497743763
0
338.363497743763
0
287.05540309677
0
0
0
0
-292.155033619218
0
1000
1000
0
-1.71390348493333
-0.898668897476227
0
-1000
1000
0
0
0
0
0
0
-1000
-1000
0
0
0
0
0
-1000
0
0
0
0
-2.40979440389003
999.995364511736
-1000
0
0
0
0
992.922930647029
0
-1000
-1000
-1000
0
0
0
0
0
0
0
0
0
0
0
1000
0
-0.0483739526335967
-0.00176455615940085
-0.477753580156786
-11.6329985303272
-0.0260272033510773
-0.166194533156954
0
-0.094844893567597
-0.0507309895826893
0
0
0
0
0
-0.00176455615940085
-1000
-0.00176455615940085
-0.00176455615940085
0
0
0
-0.00176455615940085
-0.657563395991588
0
0
-19.4647152955289
0
0
-0.00176455615940085
0
0
-33.3874989935515
-0.00176455615940085
-0.00176455615940085
-0.00176455615940085
0
0
-0.110284759962383
0
0
0
-992.922930647029
992.922930647029
0
0
-1000
1000
-0.00463548826394344
0
1000
-1000
1000
0
0
-1000
0
0
-1000
0
0
0
0
0
0
0
0
0
0
0
0
0
0
-1000
1000
1000
-1000
-1000
0
-1000
1000
0
0
-1000
-0.00176455615940085
-0.00176455615940085
0
0
0
0
1000
-782.703823429127
782.492690374901
123.496397436018
0.027812929583888
0
0
0
489.547432922634
0
-1000
0
-1000
0
0
0
0
0
0
0
0
0
0
0
0
0
0
0
0
0
0
0
0
0
0
0
0
0
0
0
0
0
0
0
0
0
0
0
0
0
0
0
0
0
0
0
0
0
0
0
0
0
0
0
0
0
0
0
0
0
0
0
0
0
0
0
0
0
0
0
0
0
0
0
-0.00176455615940085
0
0
0
0
0
0
0
0
0
0
0
0
0
0
0
0
0
0
0
0
0
0
0
0
0
0
0
0
0
0
0
0
0
0
0
0
0
0
0
0
0
0
0
0
0
0
0
0
0
0
0
0
0
0
0
0
0
0
0
0
0
0
0
0
0
0
0
0
0
0
0
0
0
0
0
0
0
0
0
0
0
1000
0
0
0
0
0
0
0
0
0
0
0
0
0
0
0
0
0
0
0
0
0
0
0
0
0
0
0
0
0
0
0
0
0
0
0
0
0
0
0
0
0
0
0
0
0
0
0
0
0
0
0
0
0
0
0
0
0
0
0
0
0
0
0
0
0
0
0
0
0
0
0
0
0
0
0
0
0
0
0
0
0
0
0
0
0
0
0
0
0
0
0
0
0
0
0
0
0
0
0
0
0
0
0
0
0
0
0
0
0
0
0
0
0
0
0
0
0
0
0
0
0
0
0
0
0
0
0
0
0
0
0
0
0
0
0
0
0
0
0
0
0
0
0
0
0
0
0
0
0
0
0
0
0
0
0
0
0
0
0
0
0
0
0
0
0
0
0
0
-983.258404524512
0
0
0
0
0
0
0
0.0851530236627696
1000
1000
0
0
896.650507117399
0
0
0
0
0
0
0
0
0
0
0
0
0
0
0
0
0
0
999.935197217689
0
0
0
0
0
1000
0
-613.0762787765
0
-998.487071803706
-0.00463548826394344
0
0
0
0
0
0
0
0
1000
0
0
0
0
0
-1000
0
0
0
0
0
0
0
0
0
0
0
0
0
0
0
0
0
0
0
0
0
0
0
0
0
0
0
0
0
0
0
0
0
0
0
0
0
0
0
0
0
0
0
0
0
0
0
0
0
0
0
0
0
0
0
0
0
0
0
0
0
0
0
0
0
0
0
0
0
-0.00176455615940085
-0.00176455615940085
-0.00176455615940085
-0.00176455615940085
0
-0.00176455615940085
-0.685088928885989
0
-0.00176455615940085
-0.00176455615940085
-0.00176455615940085
-0.00176455615940085
0
-0.00176455615940085
-0.00176455615940085
-0.00176455615940085
-0.00176455615940085
-0.00176455615940085
-0.00176455615940085
-0.00176455615940085
0
-0.00176455615940085
-0.00176455615940085
-0.00176455615940085
0
-1000
111.968315555022
0
0.314908648132132
0
0
0
0
0
0
0
0
0
0
0
