0
0
0
0
0
0
0
1000
-741.290296079179
0
1000
0
0
243.344455269676
0
0
999.725873219222
-999.725873219222
999.937085656871
0
0.0629143431294586
0
-1000
0.395461585385192
0
1000
-245.980055979783
0
-258.691223579142
0.0259092957464439
0
0
0
0
0
220.527169263745
0
0
0
37.7541825663851
0
0
0
0
0
0
0
0
0
0
0
0
0
0
0
0
0
0
0
0
0
0
0
0
0
0
0
0
258.691223579142
0
0
0
0
-764.817189823646
-764.817189823646
0
0
0
0
258.691223579142
0
-1000
0
0
0
0
0
0
0
0
0
0
0
0
0
0
0
0
0
0
0
0
0
0
0
0
0
0
0
0
0
0
0
0
0
0
0
0
0
0
0
0
0
0
0
0
0
0
0
0
0
0
741.290296079179
0
0
-1000
0
0
0
0
0
0
-1000
0
0
0
0
-15.7507772856378
0
0
0
0
-143.919912790194
0
0
0
-469.276759427486
0
0
510.235088348635
1000
1000
489.755923888061
0
469.276759427486
0
-1000
489.755923888061
733.100379157736
1000
-756.655544730324
0
0
1000
0
0
0
0
0
1000
-1000
0
0
0
0
0
-4.23255337191517
0
0
0
0
0
0
4.23704725356731
246.762713847272
-1000
0
0
0
1000
0
0
0
0
1000
995.762952746433
0
0
0
0
-1000
0
0.00449388165213804
0
0
0
0
0
0
0
0
0
0
999.725873219222
-999.99615208479
0
0
-1000
998.676067146261
0
0.496325295185898
0
0.0831196157739402
0
0
0.744487942778791
0
1000
0
0
246.758865932063
-753.241134067938
0
-246.758865932062
0
0
0
0
0
0
0
0
0
0
-1000
0
-1000
1000
-2.81290873929618
764.817189823646
1000
-1000
1000
-1000
-1000
-1.04030525429448
1000
0
0
-0.744487942778846
1000
1000
-1000
1000
0
0
1000
0
0.19323691104048
0
-0.193236911040458
0
0.001918380916224
0
0
0
0
0
0
0
0
0
0
0
0
0
0
0
0
0
1000
0
1000
0.422193442716207
0
0
1000
0
-0.193236911040458
0
-0.744487942778846
0
0
0.744487942778846
0
0
0
0
0
0
0
-1000
0
0
0
-1000
0.744487942778846
0
994.039678790863
-1.04030525429448
0
0
0.00384791520991712
0
2.41059526238269
0
0
0
0
0
0
0
0
0
0
0
0
0
0
2.4816264759293
0
10.4469968499795
0
0
0
0
0
0
0
0
748.213561083051
-1000
-1000
1000
0
-999.328413320382
-1000
-1000
1000
-0.673505060534126
1000
1000
1000
0
-1000
0
0
0
0
-1000
0
1000
-1000
-1000
-1000
1000
0
0
1000
0
0
0
0
0
0
0
1.04030525429451
-1000
1000
-999.725873219222
-1000
1000
-1000
-1000
-1000
232.755966301967
1000
-1000
1000
0
1000
-233.443298762157
-1000
1000
0
-1000
1000
1000
-1000
1.08671073994606
1000
0
0
0
1000
-1000
0
0
0
-0.00384791520991712
0
0
0
1000
-753.41639545237
0
0
-32.153044723679
0.489833100079409
0
0
0
0
0
0
0
0
0
0
0
0
0
0
0
0.00384791520986791
0
0
1000
-246.58745246284
-265.851839688942
-487.560707848217
0
265.851839688942
0
0
0
0
0
0
0
0
0
0
34.8103712835523
0
0
0
0
0
0
0
0
0
1000
0
0
0
0
0
-1000
1000
0
0
0
0
0
0
487.560707848217
0
0
0
0
-1000
-1000
0.112347041302655
0.112347041302655
0
-849.83281534958
0
0
0
0
0
0
0
0
0
-34.8103712835523
0
0
0
0
0
0
0
0
0
0
0
0
0
0
0
0
0
0
0
0
0
0
0
0
0
0
0
0
0
0
0
0
0
0
0
0
0
0
0.175261384432063
0
0
0
1000
0
1000
0
1000
0
0
-1000
0
0
0
0
0
0
0
0
0
0
0
0
0
0
0
0
0
0
0
0
0
0
0
0
0
0
0
0
0
0
0
0.175261384432063
0
0
0
0
0
0
0
0
0
865.010850066018
0
0
0
0
0
0
0
0
0
0
0
0
0
0
0
0
0
0
0
0
0
0
0
0
0
0
0
0
0
0
0
-1000
0
0
0
0
0
0
0
0
0
0
0
0
0
0
0
0
0
0
0
0
0
0
0
0
0
0
0
0
0
0
0
0
0
0
0
0
0
0
0
-1000
0
0.00449388165210419
0
0
0
0
0.813392579030858
0.813392579030858
0
0
0
0
0
0
0
0
0
0
0
0
0
0
0
0
0
0
0
0
0
0
0
0
0
0
0
1000
0
0
0
1000
0
0
1000
0
0
0
0
222.829339755884
0
0
222.829339755884
0
0
0
0
0
0
0
0
0
0
222.829339755884
0
222.829339755884
0
0
0
13.9402114216914
39.737043945818
25.3999581776015
18.6034849933605
27.5827670834891
9.07850067675991
21.2327775390887
38.8440766661367
35.7683004805677
11.3109188759632
21.9273076455075
45.194066210537
35.6690818939365
11.0132631160694
18.2562199401511
25.3007395909702
32.7917428816301
26.5409719238609
4.86171074493154
33.0893986415238
0
0
0
0
0
0
0
0
0
0
0
0
0
0
0
0
0
0
0
0
0
0
0
0
0
0
0
0
0
0
0
0
0
0
0
0
0
0
0
0
0
0
0
0
0
0
0
0
0
0
0
0
0
0
0
0
0
0
0
0
0
0
0
0
0
0
0
0
0
0
0
0
0
0
0
0
0
0
0
0
0
0
0
0
0
246.58745246284
0
0
246.58745246284
0
0
0
0
0
-1000
0
0
0
0
-251.786438916949
-251.786438916949
1000
1000
0
0
0
0
0
472.309902370666
0
0.489833100079409
-504.624726833821
-472.471682110142
-1000
0
-495.375273166179
0
-495.501101852438
1000
1000
472.31889013397
1000
0
0
527.690097629334
0
-1000
-1000
-1000
0
504.624726833821
0
0
0
495.375273166179
0
0
0
0
0
0
0
0
0
0
0
0.00384791520991712
252.830592086453
1000
1000
0
500
250.001595397695
2.51346212654583
5
0
0
0
0
0
0
250
0
247.688778763293
0
0
-0.00156355480260117
0
0
0
0
-0.00156355480260117
499.257079400747
251.74026393443
0
-0.00156355480260117
0.00156355480260117
-0.00156355480260117
0
0
-0.0977221751606976
0
-1000
-0.605486597296022
0.00156355480260117
-0.00156355480260117
-0.00156355480260117
0.00156355480260117
-0.00156355480260117
0.00156355480260117
-0.00156355480260117
-0.00156355480260117
-0.00156355480260117
-0.00156355480260117
-0.00156355480260117
-0.00156355480260117
-0.00156355480260117
-0.00156355480260117
-0.00156355480260117
-0.00156355480260117
-0.00156355480260117
-0.0328346508540562
-0.0154102498017892
-0.0449522005739027
-0.0453430892746383
-0.023062433337941
0.00156355480260117
0.00156355480260117
-0.0875537153228834
0.00156355480260117
0.00156355480260117
0.00156355480260117
0.00156355480260117
-0.75988763404996
0
-0.0840410706382499
-0.423332462796338
-0.0265857852648423
0.00156355480260117
0.00156355480260117
0.0148537706244269
0.00156355480260117
0.00156355480260117
-0.00156355480260117
0
0
0
0
0
0
0
0
0
0
0
0
0
0
0
0
0
0
0
0
0
0
0
0
0
0
0
0
0
0
0
0
0
0
0
0
0.00563803228578763
0
0
0
0
0
0
0
0
0
0
0
0
0
0
0
0
0
0
0
0
0
0
0
0
0
0
0
0
0
0
0
0
0
0
0
0
0
0
0
1000
0
0
0
0
0
0
0.583040350882605
0
0
0
0
0
0
0
0
0
0
0
0
0
0
0
0
0
0
0
0
0
0
0
0
0
0
0
0
0
0
0
0
0
0
0
0
0
0
0
0
0
0
0
0
0
0
0
0
0
0
0
0
0
0
0
0
0
0
0
0
0
0
0.583040350882605
0.583040350882605
0.583040350882605
106.283009644436
0
0
0
0
0
0
0
0
0
0
0
0
0
0
0
0
0
0
0
0
0
0
0
0
0
0
0
0
0.00156355480257203
0.00156355480257203
247.691905872898
0.0856046254408184
0
0
0
0
0
0.00156355480257203
0
0
0
0
0
0
0
0
0
0
0
0
0
0
0
0
0
0
0
0
0
0
0
0
0
0
0
0
0
0
0
0
0
0
0
0
0
0
0
0
0
0
0
0
0
0
0
0
0
0
0
0
0
0
0
0
0
0
0
0
0
0
0
0
0
0
0
0
0
0
0
0
0
0
0
0
0
0
0
0
0
0
0
0
0
0
0
0
0
0.0113357723186472
0
0
0
0
0
0
0
0
0
0
0
0
0
0
0
0
0
0
0
0
0
0
0
0
0
0
0
0
0
0
0
0
0
0
0
0
0
0
0
0
0
0
0
0
0
0
0
0
0
0
0
0
0
0
0
0
0
0
0
0
0
0
0
0
0
0
0
0
0
0
0
0
0
0
0
0
0
0
0
0
0
0
0
0
0
0
0
0
0
0
0
0
0
0
0
0
0
0
0
0
0
0
0
0
0
0
-1000
0
0
0
0
0
0
0
0
0
0
0
0
0
0
0
0
0
0
0
0
0
0
0
1000
0
0
0
0
0
0
0
0
0
0
0
0
0
0
0
0
0
0
0
0
0
0
0
0
0
0
0
0
0
0
0
0
0
0
0
0
0
0
0
0
0
0
0
0
0
0
0
0
0
0
0
0
0
0
0
0
0
0
0
0
0
0
0
0
0
0
0
0
0
0
0
0
0
0
0
0
0
0
0
0
0
0
0
1000
1000
0
0
0
0
0
0
0
0
0
0
0
0
0
0
0
0
0
0
0
0
0
-1000
0
-1000
0
0
0
0
0
0
0
1000
1000
0
0
0
0
0
0
0
0
0
0
0
0
0
0
0
0
0
0
0
0
0
0
0
0
0
0
0
0
0
0
0
0
0
0
0
0
0
0
0
0
0
0
0
0
0
0
0
0
0
0
0
0
0
0
0
0
0
0
0
0
0
0
0
0
0
0
0
0
0
0
0
0
0
0
0
0
0
0
0
0
0
0
0
0
0
270.673699726985
0
0
0.00156355480260117
0
-752.252978820311
0
0
247.690342318096
0
502.068198208857
-0.00156355480260117
251.74026393443
0
0
0
0.00563803228578763
0.60392304249342
0
0
999.998436445198
0
0
0
0
0
0
0
0
0
0
0
0
0
-1000
0.00563803228578763
0
0
0
-0.0211133434559088
0
0
0
0
0
0
0
0.0211133434559088
0
0
0
0
0
250
1000
0
0
0
0
-270.673699726985
1000
-0.0230874912591617
0
0
0.00156355480260117
-0.00156355480260117
0
0
247.747021179689
-247.747021179689
1000
0
0
0
-247.690342318096
-247.690342318096
-1000
0
-247.748584734491
-752.251415265509
-1000
0
-748.25973606557
-251.74026393443
-1000
0
0
0
0
0
-1000
0
-1000
0
0
0
0
0
-1000
0
0
0
-1000
0
0
0
-477.561385292524
0
0
0
0
0
0
0
0
0
0
0
0
0
0
0
0
0
0
0
-1000
1000
-1000
0
-1000
0
-1000
0
-1000
0
0
0
0
0
0
0
0
0
-1000
0
1000
0
-1000
0
-1000
0
-1000
0
-1000
0
0
0
0
0
0
0
0
0
0
-1000
250
-250
0
0
0
0
0
0
0
0
0
0
0
0
0
0
0
0
0
0
0
0
0
0
0
0
0
0
0
0
0
0
0
0
0.00563803228578763
-0.00563803228578763
0
0
0
0
0
0
0
0
0
0
0
0
0
0
0
0
0
0
0
0
0
0
0
0
0
0
0
0
0
0
0
0
0
0
0
0
0.00563803228578763
-0.00563803228578763
0
0
0
0
0
0
0.0211133434559088
0.0211133434559088
0
0
0
0
0
0
0
0
0
0
0
0
0
0
0
0
-0.0211133434559088
-0.0211133434559088
0
0
0
0
0
0
0
0
0
0
0
0
0
0
0
0
0
0
0
0
0
0
0
0
0
0
0
0
0
0
0
0
0
0
0
0
0
0
0
0
0
0
0
0
1.26029075273228
0.00384791520986791
0
0
0
0
0
0
0
0
0.158571284571291
0
0
0
0
0
0
0
0
0
0
0
0
0
0
0
0
0
0
0
0
0
0
0
0
0
0
0
0
0
0
0
0
0
0
0
0
0
0
0
0
0
0
0
0
0
0
0
0
0
0
0
0
247.747021179689
247.747021179689
247.747021179689
0
0
0
0
0
0
0
0
0
0
0
0
0
0
0
0
0
0
0
0
0
0
0
0
0
0
0
0
0
0
0
0
0
0
0
0
0
0
0
0
0
0
0
0
0
0
0
0
0
0
0
0
0
0
0
0
0
0
0
0
0
0
0
0
0
0
0
0
0
0
0
0
0
0
0
0
0
0
0
0
0
0
0
0
0
0
0
0
0
0
0
0
0
0
0
0
0
0
0
0
0
0
0
0
0
0
0
0
0
0
0
0
247.690342318096
247.690342318096
247.690342318096
247.690342318096
-247.690342318096
0
0
0
0
0
0
0
0
0
0
0
0
0
0
0
0
0
0
0
0
0
0
0
0
0
0
0
0
0
0
0
0
0
0
0
0
0
0
0
0
0
0
0
0
0
0
0
0
0
0
0
0
0
0
0.00384791520986791
0.00384791520986791
0.00384791520986791
0.00384791520986791
0.00384791520986791
0
0
0
0
0
0
0
0
0
0
0
0
0
0
0
0
0
0
0
0
0
0
0
0
0
0
0
0
0
0
0
0
0
0
0
0
0
0
0
0
0
0
0
0
0
0
0
0
15.7507772856378
15.7507772856378
-15.7507772856378
5.24128062638957
-2.61871635558987
2.61871635558985
2.61871635558985
2.61871635558985
2.61871635558985
2.61871635558985
2.61871635558985
2.61871635558985
2.61871635558985
2.61871635558985
2.61871635558985
0
2.61871635558985
2.61871635558987
2.61871635558985
2.61871635558985
2.61871635558985
2.61871635558985
2.61871635558985
2.61871635558985
2.61104283192496
2.61104283192496
2.61104283192496
0.007673523664896
0.007673523664896
0
0
0
0
0
0
0
0
0
0
0
0
0
0
0
0
0
0
15.7507772856378
15.7507772856378
5.24128062638957
5.24128062638957
0
0
0
0
0
0
0
0
0
0
0
0
0
0
0
0
0
0
0
0
0
0
0
0
0
0
0
0
0
0
0
0
0
0
0
0
0
0
0
0
0
0
0
0
0
0
0
0
0
0
0
0
0
0
0
0
0
0
0
0
0
0
0
0
0
0
0
0
0
0
0
0
0
0
0
0
0
0
0
0
0
0
0
0
0
0
0
0
0
0
0
0
0
0
0
0
0
0
0
0
0
0
0
0
0
0
0
0
0
0
0
0
0
0
0
0
0
0
0
0
0
0
0
0
0
0
0
0
0
0
0
0
0
0
0
0
0
0
0
0
0
0
0
0
0
0
0
0
0
0
0
0
0
0
0
0
0
0
0
0
0
0
0
0
0
0
0
0
0
0
0
0
0
0
0
0
0
0
0
0
0
0
0
0
0
0
0
0
0
0
0
0
1.26029075273228
1.2747009163588
1.2747009163588
0
0
0
0
-1.27470091635882
1.2747009163588
0
0
0.0144101636265198
0
0
0
0
0
0
0
0
0
0
0
0
0
0
0
0
0
0
0
0
0
0
0
0
0
0
0
0
0
0
0
0
0
0
0
0
0
0
0
0
0
0
0
0
0
0
0
0
0
0
0
0
0
0
0
0
0
0
0
0
0
0
0
0
0
0
0
0
0
0
0
0
0
0
0
0
0
0
0
0
0
0
0
0
0
0
0
0
0
0
0
0
0
0
0
0
0
0
0
0
0
0
0
0
0
0
0
0
0
0
0
0
0
0
0
0
0
0
0
0
0
0
0
1.26029075273228
0.00384791520986791
0
0
0
0
0
0
0
1.6591429648531
0
0
0
1.04030525429451
1.04030525429451
1.04030525429451
0
0
0
0
0
0
1.42270995251344
0
0
0
0.00384791520986791
0
0
0
0
-1.4227099525134
1.42270995251344
0
0
0
0
0
0
0
0
0
0
0.246995260756313
0
0.236433012339661
0
0
0
0
0
0
0
0
0
0
11.5996091793076
11.5996091793076
11.5996091793076
0
0
0
0
-0.158571284571281
0
0
0
0
0
0
0
0
0
0
0
0
0
0
0
0
0
0
0
0
0
0
0
0
0
0
0
0
0
0
0
0
0
0
0
0
0
0
0
0
0
0
0
0
0
0
0
0
0
0
0
0
0
0
0
0
0
0
0
0
0
0
0
0
0
0
0
0
0
0
0
0
0
0
0
0
0
0
0
0
0
0
0
0
0
0
0
0
0
0
0
0
0
0
0
0
0
0
0
0
0
0
0
0
0
0
0
0
0
0
0
0
0
0
0
0
0
0
0
0
0
0
0
0
0
0
0
0
0
0
0
0
0
0
0
0
0
0
0
0
0
0
0
0
0
0
0
0
0
0
0
0
0
0
0
0
0
0
0
0
0
0
0
0
0
0
0
0
0
0
0
0
0
0
0
0
0
0
0
0
0
0
0
0
0
0
0
0
0
0
0
0
0
0
0
0
0
0
0
0
0
0
0
0
0
0
0
0
0
0
0
0
0
0
0
0
0
0
0
0
0
0
0
0
0
0
0
0
0
0
0
0
0
0
0
0
0
0
0
0
0
0
0
0
0
0
0
0
0
0
0
0
0
0
0
0
0
0
0
0
0
0
0
0
0
0
0
0
0
0
0
0
0
0
0
0
0
0
0
0
0
0
0
0
0
0
0
0
0
0
0
0
0
0
0
0
0
0
0
0
0
0
0
0
0
0
0
0
0
0
0
0
0
0
0
0
0
0
0
0
0
0
0
0
0
0
0
0
0
0
0
0
0
0
0
0
0
0
0
0
0
0
0
0
0
0
0
0
0
0
0
0
0
0
0
0
0
0
0
0
0
0
0
0
0
0
0
0
0
0
0
0
0
0
0
0
0
0
0
0
0
0
0
0
0
0
0
0
0
0
0
0
0
0
0
0
0
0
0
0
0
373.618136664736
0
0
373.618136664736
0
0
0
0
0
0
0
0
0
0
0
0
0
0
0
0
0
0
0
0
0
0
0
0
0
0
0
1000
0
0
0
0
0
0
0
0
0
0
0
0
0
0
0
0
0
0
0
0
0
0
0
0
0
0
0
0
0
0
0
0
0
0
0
0
0
0
0
0
0
0
0
0
0
0
0
0
0
0
0
0
0
0
0
0
0
0
0
0
0
0
0
0
0
0
0
0
0
0
0
0
0
0
0
0
0
0.175261384432063
0.175261384432063
0
0
0
0
0.175261384432019
0
0.175261384432063
-246.58745246284
0
0
0
0
0.0269632899126253
0
0
0
0
0
0
0
0
246.58745246284
0
949.66458541304
0
0
1.06055606989702
0
0
0
0
0
0
1.06055606989702
0
1.06055606989702
1.06055606989707
0
0
0
0
0
0
0
0
0
0
0
0
0
0
0
0
0
0
0
0
0
0
0
0
0
0
0
0
0
0
0
0
0
0
0
0
0
271.830846313193
271.830846313193
0
0
0
0
0
0
0
0
0
0
0
0
0
0
0
0
0
0
0
0
0
0
0
0
0
0
0
0
0
0
0
0
0
0
0
0
0
0
0
0
0
0
0
0
0
0
0
0
1000
517.945537394489
-1000
0
0
0
-362.507819789643
1000
362.507819789643
0
149.422696707641
0
0
-1000
517.20104945171
0
0
0
0
0
0
0
0
0
0
0
0
0
0
0
0
0
0
0
0
0
0
0
0
0
0
0
0
0
0
0
0
0
0
0
0
0
0
0
0
-1000
0
0
0
0
0
0
0
0
0
0
0
0
0
0
0
0
0
-999.99615208479
-1000
1000
-1000
1000
999.99615208479
-1000
0
0
0
0
0
0
0.00384791520991712
0
0
0
0
0
0
0
0
0
0
0
0
0
0
0
0
0
0
0
0
0
0
0.002877571374336
0.00384791520986791
0.0105622484166519
1000
0.001918380916224
0.001918380916224
0.00384791520991712
0
0.000959190458112
0.001918380916224
0.0163285445428454
-0.00191838091620866
0.001918380916224
0.001918380916224
0.001918380916224
0.001918380916224
0.001918380916224
-0.00191838091620866
-0.00383676183241732
0.001918380916224
0.001918380916224
0.00191838091620866
0.001918380916224
-999.95197355683
-0.00576629612612578
999.950055175913
0.00384791520991712
0.001918380916224
0.001918380916224
0.00384791520986791
0.00384791520986791
-0.00384791520991712
-0.00384791520991712
0.00384791520991712
0.00384791520991712
0.001918380916224
0.001918380916224
0.001918380916224
0.001918380916224
-0.00576629612612578
-999.985589836373
0
0
0
0
0
0
-1000
0
0
0
0.00384791520986791
0
0
0
0
0.00192395760493395
0.00384791520991712
0.00384791520991712
0
0.00384791520986791
0
0
0
0
0
-0.00384791520991712
0
0
0.007673523664896
0.001918380916224
0.005755142748672
0.001918380916224
-0.00191838091620866
0.001918380916224
0.001918380916224
0.001918380916224
0.001918380916224
0.001918380916224
0.001918380916224
0.003836761832448
0.001918380916224
0.001918380916224
0.001918380916224
0.001918380916224
0.001918380916224
0
0.001918380916224
0.00384791520986791
0
0.00384791520986791
0
0.00384791520986791
0.00384791520986791
0.00384791520986791
0.00384791520986791
0.00384791520986791
0.00384791520986791
0
0.00384791520986791
0
0.00384791520986791
0.00384791520986791
0.00384791520986791
0.00384791520986791
0.00384791520986791
0
0
0
0
0
0
0
0
0
0
0
0
0
0
0
0
-0.00384791520991712
0.00384791520986791
0.00384791520986791
0
0
0
0
0
0
0
0
0
0
0
0
0
0
0
0
0
0
0
0
0
0
0
0
0
0
0
0
0
0
0
0
0
0
0
0
0
0
0
0
0
0
0
0
0
0
0
0
0
0
0
0
0
0
0
0
0
0
0
0
0
470.297005265572
500
0
0
0
0
0
0.00384791520986791
0
0
0
0
0
0
0
0
0
0
1000
0
0
0
0
0
0
0
0
0
0
721.020251816977
0
0
0
-250
0
-247.688778763293
0
0
0
0.00156355480257203
0
0
0
0
0
0
0
0
0
0.00156355480257203
0
0
499.257079400747
0
0
0
0
0.00156355480257203
0
0.00156355480257203
0
0.00156355480257203
0
0
0
0
0
0.0977221751607516
0
0
0
0
0
0.605486597296017
0
0.00156355480257203
0
0.00156355480257203
0
0.00156355480257203
0
0.00156355480257203
0
0.00156355480257203
0
0.00156355480257203
0
0.00156355480257203
0
0.00156355480257203
0
0.00156355480257203
0
0.00156355480257203
0
0.00156355480257203
0
0.00156355480257203
0
0.00156355480257203
0
0.00156355480257203
0
0.00156355480257203
0
0.00156355480257203
0
0.00156355480257203
0
0.0328346508540125
0
0.0154102498018381
0
0.0449522005739457
0
0.0453430892745888
0
0.0230624333379374
0
0.00156355480257203
0
0.00156355480257203
0
0.0875537153228719
0
0.00156355480257203
0
0.00156355480257203
0
0.00156355480257203
0
0.00156355480257203
0
0.759887634050005
0
0
0
0.0840410706382464
0
0.423332462796376
0
0.026585785264886
0
0.00156355480257203
0
0.00156355480257203
0
0.0148537706244342
0
0.00156355480257203
0
0.00156355480257203
0
0.00156355480257203
0
0
-1000
0
0.0144101636265077
0
0
0
0
0
0
-482.8027984635
-1000
-1000
1000
1.06055606989702
-1000
1000
246.762713847272
0
270.40813636068
1000
-1000
-1000
0
0
1000
0
0
0
0
0
-5.87851769189842
1000
0
0
0
0
-1000
1000
-34.8103712835523
-0.00384791520991712
0
0
0
-3.45090051667717
0
0
0
0
0
0.0259092957464873
1000
1000
-1000
-1000
-0.00384791520991712
0
1000
0
0
-1000
0
0
1000
1000
1000
-1000
0
1000
0
0
-1000
1000
1000
826.098090437004
0
0
0
0
0
-502.827600060977
0
0
0
0
0
0
0
0
0
272.20725765111
0
0
0
0
0
0
0
1000
0
0
0
0
1000
0
0
0
0
0
0
0
0
0
-1000
-1000
-1000
-1000
-1000
-1000
-1000
-1000
-1000
1000
852.570321680829
1000
-1000
1000
1000
-1000
-1000
-1000
-1000
-1000
-1000
10.9749187339484
947.647770517216
1000
1000
1000
1000
1000
1000
-1000
1000
751.259751905186
-1000
-1000
-1000
-1000
-1000
-1000
-1000
1000
-1000
1000
-1000
-1000
-1000
-1000
-1000
-1000
-1000
229.166129711182
-1000
-655.164491641223
1000
1000
-614.688309110557
-116.512729792878
-985.813271053885
-1000
-1000
-1000
-1000
-1000
683.449089646101
-1000
977.614316425978
-1000
-1000
-1000
868.510468151255
-1000
1000
-1000
1000
1000
1000
-1000
-1000
-1000
-1000
-1000
-1000
-1000
1000
-1000
1000
1000
1000
1000
1000
1000
1000
1000
-1000
-1000
1000
1000
1000
1000
-1000
-1000
-966.515139773091
-1000
-1000
-1000
-1000
-1000
-1000
-1000
1000
1000
1000
1000
1000
-1000
1000
1000
-1000
1000
1000
-964.200595538153
-1000
-1000
1000
-1000
1000
973.543600419322
962.124828383708
-26.4563995806782
0
0
0
0
0
0
0
0
0
0
0
0
0
0
0
0
0
0
0
0
0
0
0
0
0
0
0
0
0
0
0
0
0
0
0
0
0
0
0
0
0
0
0
0
0
0
0
0
0
0
0
0
0
0
0
0
0
0
0
0
0
0
0
0
0
0
0
0
0
0
0
0
0
0
0
0
0
0
0
0
0
0
0
0
0
0
0
0
0
0
0
0
0
0
0
0
0
0
0
0
0
0
0
0
0
0
0
0
0
0
0
0
0
0
0
0
0
0
0
0
0
0
0
0
0
0
0
0
0
0
0
0
0
0
0
0
0
0
0
0
0
0
0
0
0
0
0
0
0
0
0
0
0
0
0
0
0
0
0
0
0
0
0
0
0
0
0
0
0
0
0
0
0
0
0
0
0
0
0
0
0
0
0
0
0
0
0
0
0
0
0
0
0
0
0
0
0
0
0
0
0
0
0
0
0
0
0
0
0
0
0
0
0
0
0
0
0
0
0
0
0
0
0
0
0
0
0
0
0
0
0
0
0
0
0
0
0
0
0
0
0
0
0
0
0
0
0
0
0
0
0
0
0
0
0
0
0
0
0
0
0
0
0
0
0
0
0
0
0
0
0
0
0
0
0
0
0
0
0
0
0
0
0
0
0
0
0
0
0
0
0
0
0
0
0
0
0
0
0
0
0
0
0
0
0
0
0
0
0
0
0
0
0
0
0
0
0
0
0
0
0
0
0
0
0
-132.441119037239
-132.441119037239
-1000
1000
1000
1000
1000
1000
-1000
-1000
1000
-1000
1000
1000
134.243165579733
1000
-1000
-1000
1000
-1000
1000
1000
1000
-1000
-1000
-1000
-1000
-1000
1000
-1000
-1000
997.38128364441
-1000
-278.979748183023
-1000
1000
143.919912790194
-1000
-1000
-1000
-1000
1000
-1000
-1000
-1000
1000
-1000
-1000
-721.020251816977
-1000
-1000
-1000
-1000
0
856.080087209806
0
0
0
0
0
0
0
0
0
0
0
0
0
0
0
0
-1000
-1000
-0.422193442716207
0
0
0
0
0
301.170281721897
0
0
0
0
0
100.393862965197
0
0
0
0
-0.00384791520991712
0.00384791520986791
0
0
-0.00384791520991712
-0.00384791520991712
0
0
0
563.268466015644
0
0
0
0
0
0
0
0
0
0
0
0
0
0
0
0
220.49252129679
0
0
0
0
0
0
0
0.00384791520986791
0
0
-1000
-367.774504828859
1000
-632.225495171141
-1000
0
0
0
0
-0.00384791520991712
0
0
0
0
0
246.58745246284
0
0
0
0
0
0
0
0
0
0
0
0
0
0
0
0
0
0.00384791520986791
0
0
0
0
-0.210152463120266
0
0
0
0
0
0
-1000
0
32.7891940192921
0
0
0
0
1000
0
0
0
0
0
0
0
0
0
0
0
0
0
0
0
0
0
0
0
0
0
0
0
0
0
0
0
0
0
0
0
0.00384791520986791
0
0
0
0
1000
0
0
0
-247.688778763293
0
2.08061050858902
0
0
0
0
0
0.005755142748672
1000
0
-265.851839688942
0
32.1530447236792
32.1530447236791
0
0
0
0
0
0
0
0
0
0.00384791520991712
-1000
495.375273166179
0
245.608168254704
741.290296079179
0
0
0
0
1000
0
0
0
0
0
0.00384791520991712
0
0
1000
0
246.58745246284
0
0
1000
0
0
0
-1000
0
0
-1000
0
-1000
1000
0
0
0
0
0
0
0
0
0
0
0
-1000
1000
0
0
0
0
0
0
0
0
0
480.276644370145
0
0
1000
0
997.927085321831
0
0
0
0
0
0
0
0
0
0
1.04030525429451
0
0.00384791520986791
-0.00384791520991712
0.00384791520986791
0.00384791520986791
0
0
0.00384791520991712
0
0
0
1.04030525429448
0
0
-0.0115437456296377
-1000
-997.927085321831
1000
-1000
-1000
1000
0
0
-1000
0
1000
1000
0
0
0
0
0
0
0
0
0
0
0
0
0
0
0
0
0
0
0
0
0
0
0
0
0
1000
0
0
0
0
0
0.001918380916224
0
1000
0
0
0
0
0
0
0.00384791520986791
0
0
0
0
0
0
0
0
0
0
-1000
0
0
0
0
0
0
0
0
0
0
0
0
0
1000
0
0
0
1000
0
0
0
0
0
0
0
0
0
0
0
0
0
0
0
0
0
0
0
0
0
0
0
0
0
0
0
2.48162647592926
0
0
0
0
0
0
0
0
0
0
0
0
0
0
0
0
0
0
0
0
0
0
0
0
0
0
0
0
0
0
0
0
0
0
0
0
0
0
0
0
0
0
0
0
0
0
0
0
0
0
0
0
0
0
0
0
0
0
0
0
0
0
0
0
0
0
0
0
0
0
0
0
0
0
0
0
0
0
0
0
0
0
0
0
0
0
0
0
0
0
0
0
0
0
0
0
0
0
0
0
0
0
0
0
0
0
0
0
0
0
0
0
-999.974090704254
0
0.00191838091620866
0
0.0211133434559088
0
0
-0.0259092957464873
0
1000
0
0
0
0
0.0047959522905785
0
0
0
0
0
0
0
0
0
0
0
0
0
0
0
0
0
0
0.00384791520986791
0.00384791520986791
0.00384791520986791
-1000
-1000
0
-270.673699726985
-1000
0
0
0
0
0
0
-477.561385292524
-480.276644370145
0
0
0
0
0
0
0
0
0
0
-1000
0
999.998436445198
-0.00156355480260117
-1000
-1000
-0.60392304249342
0
-1000
-1000
0
0
0
0
0
0
0
0
0
0
-1000
0
1000
0.421467543735918
0.00384791520986791
0.00384791520986791
0.00384791520986791
0.00384791520986791
0.00384791520986791
0
0
0
1000
0
0
0
0
105.701532848356
0
0
0
0
0
0
0
0
0
0
-1000
0
0
0
0
0
0
0
1000
-999.998436445197
0
1000
0
0
-1000
0
0
0
0
0
0
0
0
0
250
0
0
0
0
0
0
0
0
0
0
0
0
0
0
0
0
0
0
0
0
0
0
0
0
0
0
0
0
0
0
0
0
0
0
0
0
0
517.20104945171
0
0
0
0
0
0
0
0
0
-1000
0
0
0
0
0
0
0
258.709703920821
1000
-1000
-1000
-1000
-1000
1000
0
0.0105622484166519
0
0
0
0
-469.520728003648
-1000
-563.268466015644
0
246.58745246284
0
0
0
999.976912508741
15.5200213424049
0
0
0
0
0.618837710558592
0.618837710558592
0
-999.972172323337
0
0
0
0
0
0
0.390628455169875
0
-1000
0
0
0
0
0
0
0
1000
0.00384791520986791
0
0
0
0
0
0
0
0
-1000
1000
0
0
1000
0
0
0
1000
0
0
0
0
-752.251415265509
0
-1000
-250
0
0
-1000
-1000
0
0
0
0
-247.690342318096
0
1000
0
0
0
0
0
0
0
-1000
0
0
0
0
-1000
-1000
0
0
0.0089877633041624
0
0
0
0
0.00563803228576287
0
0
0
0
0
0
0
0
997.927085321831
0
997.927085321831
0
0
0
0
0
0
0
0
0
0
1000
0.152791976171557
0
-1000
0.152791976171557
-1000
-1000
999.847208023828
0
0
0
0
0
0
0
0
-1000
0
0
1000
0.001918380916224
0.001918380916224
0
-1000
45.6524421390516
521.869611735992
-373.618136664736
-373.618136664736
251.74026393443
0
0
0
0
0
0
0
0
0
0
0
0
0
0
0
0
0
0
0
0
0
0
0
0
0
-0.0211133434559088
0
0
0
0
0
0
0
0
0
0
0
0
0
0
0
0
0
0
0
0
0
0
0
0
0
0
0
0
0
0
0
0
0
0
0
0
0
0
0
0
0
0
0
0
0
0
-1000
0
-1000
0
0
0
0
0
0
-1000
0
0
0
0
0
0
0
0
0
0
0
-1000
0
0
0
0
0
0
0
0
0
0
0
0
0
1000
0
0
0
1000
0
0
0
0
0
0
0
0
0
0
0
0
0
0
0
0
0
0
0
0
0
0
0
0
0
0
0
0
0
0
0
0
0
0
0
0
0
0
0
0
247.688778763293
0
0
0
0
0
0
0
0
0
0
0
0
0
0
0
0
0
0
0
0
0
0
0
0
0
0
0
0
0
0
0
0
0
0
0
0
0
0
0
0
0
0
0
0
0
0
0
0
0
0
0
0
0
0
0
0
0
0
0
0
0
0
0
0
0
0
0
0
0
0
0
0
0
0
0
0
0
0
0
0
0
0
0
0
0
0
0
0
0
0
0
0
0
0
0
0
0
0
0
0
0
0
0
0
0
0
0
0
0
0
0
0
0
0
0
0
0
0
0
0
0
0
0
0
0
0
0
0
0
0
0
0
0
0
0
0
0
0
0
0
0
0
0
0
0
0
0
-1000
0
0
0
0
0
0
0
0
0
0
0
0
0
0
0
0
0
0
0
0
0
0
0
0
0
156.425586475829
0
-10.2440761119393
0
1000
-1000
0.175261384432019
0
-32.789194019292
0
-1000
-1000
0
0
0
0
1000
0.0230874912591617
0
0
0
0.183217056651415
0
0
0
0
0
0
0
0
0
0
0
0
0
0
0
0
0
0
0
0
0
0
0
0
0
0
0
0
0
0
0
0
0
0
0
0
0
0
0
0
0
0
0
0
0
0
0
0
0
0
0
0
0
0
0
0
0
0
0
0
0
0
0
0
0
0
0
0
0
0
0
0
0
0
0
0
0
0
0
0
0
0
0
0
0
0
0
0
0
0
0
0
0
0
0
0
0
0
0
0
0
0
0
0
0
0
0
0
0
0
0
0
0
0
0
0
0
0
0
0
0
0
0
0
0
0
0
0
0
0
0
0
0
0
0
0
0
0
0
0
0
0
0
0
0
0
0
0
0
0
0
0
0
0
0
0
0
0
0
0
0
0
0
0
0
0
0
0
0
0
0
0
0
0
0
0
0
0
0
0
0
0
0
0
0
0
0
0
0
0
0
0
0
0
0
0
0
0
0
0
0
0
0
0
0
0
0
0
0
0
0
0
0
0
0
0
0
0
0
0
0
0
0
0
0
0
0
0
0
0
0
0
0
0
0
0
0
0
0
0
0
0
0
0
0
0
0
0
0
0
0
0
0
0
0
0
0
0
0
0
0
0
0
0
0
0
0
0
0
0
0
0
0
0
0
0
0
0
0
0
0
0
0
0
0
0
0
251.74026393443
0
0
0
0
0
0
0
0
0
0
0
-1000
0
0
1.06055606989702
0
0.00384791520991712
-864.552474137503
0
0
0
0
0
0
0
0
0
0
0
0
0
0
0
0
0
0
0
0
0
0
0
0
0
0
0
0
0
0
0
0
0
0
0
0
0
0
0
0
0
0
0
0
0
0
0
0
0
0
0
0
0
0
0
0
0
0
0
0
0
0
0
0
0
0
0
0
0
0
0
0
0
0
0
0
0
0
0
0
0
0
0
0
0
0
0
0
0
0
0
0
0
0
0
0
0
0
0
0
0
0
0
0
0
0
0
0
0
0
0
0
0
0
0
0
0
0
0
0
0
0
0
0
0
0
0
0
0
0
0
0
0
0
0
0
0
0
0
0
0
0
0
0
0
0
0
0
0
0
0
0
0
0
0
0
0
0
1000
0
143.919912790194
1000
0
0
0
0
0
0
0
1000
0.00384791520991712
0
0
-1000
0
1000
0
0
0
0
0
0
999.946207260703
0
0
0
0
0
0
0
0
0
0
1000
-1000
0
0
1000
0
0
0
0
0.0144101636265198
0
0
0
0
0
0
0
0
0
0
0
0
0
0
0
0
0
0
0
0
0
0
0
0
0
0
0
0
0
0
0
0
0
0
0
0
0
0
0
0
0
0
0
0
0
0
0
0
0
0
0
0
0
0
0
0
0
0
0
0
0
0
0
0
0
0
0
0
0
0
0
0
0
0
0
0
0
0
0
0
0
0
0
0
0
0
0
0
0
0
0
0
0
0
0
0
0
0
0
0
0
0
0
0
0
0
0
0
0
0
0
0
0
0
0
0
0
0
0
0
0
0
0
0
0
0
0
0
0
0
0
0
0
0
0
0
0
0
0
0
0
0
0
0
0
0
0
0
0
0
0
0
0
0
0
0
0
0
0
0
0
0
0
0
1000
500
92.9448118325581
0
0
-1.04030525429448
0
0
496.092933156279
20.5593923773619
44.9388165210419
0.11153377419907
92.9448118325581
0
0
0
0
0
0
0
0
0
0
0
0
0
0
0
0
0
0
0
0
0
0
0
0
0
866.162326346074
-1000
0
-1000
246.58360454763
0
0
487.560707848217
0
-976.938477119697
500
0
-250
0
0
-3.90888700643006
0
0
999.981764227919
0.00384791520986791
0
0
0.0124806293328669
0
0
0
0
0
0
0
0
0
0
0
0
0
0
0
0
0
250
0
247.688778763293
0
0
0.040319459372995
-0.75988763404996
-0.0328346508540562
0
-11.4187720356136
-22.3856835740222
-1000
-35.7994044618474
-11.1795367371972
-883.487270207122
-28.2845980048774
-4.90664956145258
-33.4848602269091
-1000
-1000
0
0
0
0
-1000
-41.377310748836
-18.6574115731855
-248.740248094814
-14.186728946115
-10.9749187339484
9.34300488116924
147.429678319171
727.79274234889
814.499096925697
0
-1000
-1000
0
0
1000
0
0
469.520728003648
-1000
0
0
0
0
0
0
1000
211.777081179288
0
0
0
0
0
0
0
0
0
0
0
0
-0.00384791520991712
-0.00384791520991712
0
0
0
0
0
0
0
0
0
0
0
0
220.49252129679
0
0
0
0
-1.80204654249383
0
1000
0
0
-1000
1000
246.58745246284
-0.00384791520991712
-0.00384791520991712
-1.06055606989707
482.79895054829
0
0
-0.00384791520991712
0
-0.00384791520991712
0
0
0
-0.00384791520991712
0
0
0
-0.00384791520991712
0
0
0
0
0
0
0
0
0
0
0
143.919912790194
0
0
0
0
0
149.422696707641
0
0
0
0
0
0
0
0
0
949.66458541304
0
-865.756834420267
0
1000
0
0
-0.00384791520991712
0
0
0
0
0
0
0
0
0
0
0
0
0
-34.8103712835523
0
-0.210152463120266
-3.45090051667717
-0.422193442716207
-1000
-1000
0
0
0
0
0
0
0
0
2.61871635558987
0
0
0
0
0
0
-1000
0
0
0
0
1000
1000
246.762713847272
0
0
270.40813636068
999.99615208479
0
-1000
1000
0
0
0
0
-949.66458541304
949.66458541304
-1000
-1000
0
0
0
0
0
-1000
0
0
0
0
367.774504828859
-1000
1000
0
0
0
0
0
1000
-1000
-1000
-5.87851769189842
0
0
0
0
0
0
0
0
0
0
0
1000
0
-0.0265857852648423
-0.00156355480260117
-0.423332462796338
-502.827600060977
-0.023062433337941
-0.0875537153228834
-0.0148537706244269
-0.0840410706382499
-0.0449522005739027
0
0
0
499.257079400747
0
-0.00156355480260117
-1000
-0.00156355480260117
-0.00156355480260117
-0.00156355480260117
0
0
-0.00156355480260117
0
0
0
-15.5200213424049
0
-0.390628455169917
-0.00156355480260117
-0.0154102498017892
0
-0.00156355480260117
-0.00156355480260117
-0.00156355480260117
-0.00156355480260117
-0.0453430892746383
0
-0.0977221751606976
0
0
0
-1000
1000
0
0
-1000
1000
-0.00384791520991712
0
1000
-1000
1000
0
0
-1000
0
0
-1000
0
0
0
0
0
0
0
0
0
0
0
0
0
0
0
-1000
1000
1000
-1000
-45.6524421390516
45.6524421390516
-521.869611735992
521.869611735992
521.869611735992
0.0144101636265077
-1000
-1000
0
-0.00156355480260117
-0.00156355480260117
0
0
0
0
1000
0
-0.175261384432019
1000
0.0230874912591617
0
0
0
0.183217056651415
0
1000
0
0
-1000
0
0
0
0
0
0
0
0
0
0
0
0
0
0
0
0
0
0
0
0
0
0
0
0
0
0
0
0
0
0
0
0
0
0
0
0
0
0
0
0
0
0
0
0
0
0
0
0
0
0
0
0
0
0
0
0
0
0
0
0
0
0
0
0
0
0
0
0
0
0
0
-0.00156355480260117
0
0
0
0
0
0
0
0
0
0
0
0
0
0
0
0
0
0
0
0
0
0
0
0
0
0
0
0
0
0
0
0
0
0
0
0
0
0
0
0
0
0
0
0
0
0
0
0
0
0
0
0
0
0
0
0
0
0
0
0
0
0
0
0
0
0
0
0
0
0
0
0
0
0
0
0
0
0
0
0
0
0
0
0
0
0
0
0
0
0
0
0
0
0
0
0
0
0
0
0
0
0
0
0
0
0
0
0
0
0
0
0
0
0
0
0
0
0
0
0
0
0
0
0
0
0
0
0
0
0
0
0
0
0
0
0
0
0
0
0
0
0
0
0
0
0
0
0
0
0
0
0
0
0
0
0
0
0
0
0
0
0
0
0
0
0
0
0
0
0
0
0
0
0
0
0
0
0
0
0
0
0
0
0
0
0
0
0
0
0
0
0
0
0
0
0
0
0
0
0
0
0
0
0
0
0
0
0
0
0
0
0
0
0
0
0
0
0
0
0
0
0
0
0
0
0
0
0
0
0
0
0
0
0
0
0
0
0
0
0
0
0
0
0
0
0
0
0
0
0
0
0
0
0
0
0
0
-143.919912790194
0
1000
0
0
864.552474137503
0
0
0
0
0
0
0
0
0
0
0
0
0
0
0
0
0
0
0
999.946207260703
0
0
0
0
0
1000
0
-1000
0
-1000
-0.00384791520991712
0
0
0
0
0
0
0
0
1000
0
0
0
0
0
-1000
0
0
0
0
0
0
0
0
0
0
0
0
0
0
0
0
0
0
0
0
0
0
0
0
0
0
0
0
0
0
0
0
0
0
0
0
0
0
0
0
0
0
0
0
0
0
0
0
0
0
0
0
0
0
0
0
0
0
0
0
0
0
0
0
0
0
0
0
0
0
0
-0.00156355480260117
-0.00156355480260117
-0.00156355480260117
-0.00156355480260117
0
-0.00156355480260117
-0.605486597296022
0
-0.00156355480260117
-0.00156355480260117
-0.00156355480260117
-0.00156355480260117
0
-0.00156355480260117
-0.00156355480260117
-0.00156355480260117
-0.00156355480260117
-0.00156355480260117
-0.00156355480260117
-0.00156355480260117
0
-0.00156355480260117
-0.00156355480260117
-0.00156355480260117
-1000
92.9448118325581
0
0
0
0
0
0
0
0
0
0
0
0
0
