0
0
0
0
0
0
0
827.315198336894
-1000
0
0
0
0
199.146794228906
627.572971241286
0
999.689825787751
-999.689825787751
999.928812475877
0
0.0711875241226438
0
-1000
0.447464437342319
0
1000
-202.128974122962
0
-120.685858297597
0.0314933017783526
0
0
0
0
0
0.03920414424943
0
77.449938315359
77.449938315359
42.718824491975
77.449938315359
77.449938315359
77.449938315359
77.449938315359
77.449938315359
0
0
0
0
0
0
0
0
0
0
0
0
0
0
0
0
0
0
0
0
895.185241451187
0
0
0
0
0
0
0
1000
1000
0
0
0
0
0
0
0
-1000
0
0
0
0
0
0
0
0
0
0
0
0
0
0
0
0
0
0
0
0
0
0
0
0
1000
0
0
0
0
0
0
505.66228450216
0
0
0
0
0
0
0
0
0
0
0
0
0
0
0
0
1000
0
0
1000
0
0
0
0
1000
0
0
0
0
-17.8219906971693
0
0
0
0
-1000
0
0
0
1000
0
0
591.914995325437
993.689076346162
1000
401.763911374423
0
0
0
-1000
401.763911374423
600.910705603328
1000
-800.853205771094
0
0
1000
0
0
0
0
0
1000
-1000
0
0
0
0
0
-6.10753072777254
0
0
0
0
0
0
0
6.31092365383745
-1000
0
1.3184002962015
0
0
0
0
0
0
993.887384449076
993.887384449076
1000
0
0
1.31840029620155
-1000
0
-999.994915176848
0
0
0
0
0
0
0
0
0
0
0
-1000
0
0
-1000
191.793789114802
0
0
1.87999193280211
0
0
0
329.027328057472
0
1000
0
0
0
-1000
0
0
0
0
0
0
0
0
0
0
0
0
-1000
0
-1000
1000
1000
-1000
1000
-1000
194.610218274919
-1000
-6.62045446678201
-1.17710448367257
1000
-2.63353665470026
0
-0.842387454900859
1000
0
-1000
522.701109105075
0
0
1000
0
0.218647395519549
0
-0.218647395519497
0
0.00217064632573699
0
0
0
0
0
0
0
0
372.116854546465
0
0
0
0
0
0
0
0
615.18685228009
0
1000
0.571761282903822
0
0
1000
0
-0.218647395519497
0
-0.842387454900859
328.184940602571
0
0.842387454900859
2.63353665470026
0
0
0
0
0
0
0
-1000
0
0
0
1000
329.027328057472
0
929.399005423322
-1.17710448367257
0
0
1.3227542088898
0
0
0
0
0
0
0
0
0
0
0
0
384.81314771991
0
0
0
2.80795818300279
11.8207677816297
0
0
0
0
0
0
0
0
0
-59.1994086783022
613.721151276205
1000
-1000
-1000
1000
0
-936.583222173031
-1000
-1000
1000
-63.4189484732951
1000
1000
1000
0
-1000
0
0
0
0
-1000
0
1000
-1000
-1000
0
-1000
0
0
1000
-1000
0
0
0
0
0
0
1.17710448367262
-1000
-1000
-804.82819008848
-1000
1000
-1000
809.890985795
-1000
-5.6243873431207
1000
1000
1000
1000
-1000
0
-1000
0
1000
-1000
-1000
1000
-1000
-1000
63.9805401098956
1000
0
0
0
1000
-1000
807.735282867049
0
0
-6.31092365383745
0
0
0
-1000
993.689076346162
0
0
-35.8268962073923
0
0
0
0
0
0
0
0
0
0
0
0
0
0
0
0.00435391268825152
0
0
0
0
0
0
0
0
0
0
0
0
0
0
0
0
0
0
0
0
0
0
0
0
0
0
0
0
0
0
0
0
0
0
0
0
0
0
0
0
0
0
0
1000
-0.0043539126882024
0.127120578790482
0.127120578790482
0
-999.157612545099
0
0
0
0
0
0
0
0
0
500.003610382188
0
0
0
0
-771.111063076924
0
0
0
0
0
0
0
0
0
0
0
0
0
0
0
0
0
0
0
0
0
0
0
0
0
0
0
0
0
0
0
0
0
0
0.198308102913285
0
0
0
1000
0
0
0
0
0
0
-1000
0
0
0
0
0
0
0
0
0
0
0
0
0
0
0
0
0
0
0
0
0
0
0
0
0
0
0
126.367734750364
0
0
0.198308102913285
0
0
0
0
0
0
0
0
0
774.103032827076
0
0
0
0
0
0
0
0
0
0
0
0
0
0
0
0
0
0
0
0
0
0
0
0
0
0
0
0
0
0
-1000
0
0
0
0
0
0
0
0
0
0
0
0
0
0
0
0
0
0
0
0
0
0
0
0
0
0
0
0
0
0
0
0
0
0
0
0
0
-1000
0
0.00508482315161741
0
0
0
0
0.920352990442752
0.920352990442752
0
41.6430031651303
0
0
0
0
0
0
0
0
0
0
0
0
0
0
0
0
0
0
0
0
0
0
0
0
-1000
0
0
0
0.0043539126882024
0
0
-1000
0
0
0
0
2.64410803884105
0
0
2.64410803884105
0
0
0
0
0
0
0
0
0
0
2.64410803884105
0
2.64410803884105
0
0
0
15.7733370086122
44.9624304053322
28.7400304213859
21.0498269687885
31.2098767857237
10.2723155607688
24.0248691803772
43.9520387108303
40.4718006519906
12.7982947970234
24.810729387212
51.1370463161768
40.3595349081571
12.4614975655228
20.6568968653711
28.6277646775523
37.1038283369845
30.0310864754716
5.50102144784339
37.4406255684851
0
0
0
0
0
0
0
0
0
0
0
0
0
0
0
0
0
0
0
0
0
0
0
0
0
0
0
0
0
0
0
0
0
0
0
0
0
0
0
0
0
0
0
0
0
0
0
0
0
0
0
0
0
0
0
0
0
0
0
0
0
0
0
0
0
0
0
0
0
0
0
0
0
0
0
0
0
0
0
0
0
0
0
0
0
0
0
0
0
0
0
0
0
0
-1000
0
0
460.61570577724
0
0
500.003610382188
1000
1000
-386.278848723795
-386.278848723795
0
0
0
0
0
228.884583010387
0
-35.8268962073923
-229.067636643846
-229.067636643846
-1000
0
-228.888936923076
0
57.6331732661422
713.335514762537
677.183159064751
551.711593591939
1000
0
0
771.115416989613
0
-1000
-1000
-1000
0
0
771.111063076924
0
771.111063076924
228.888936923076
0
0
0
0
0
0
0
0
0
0
0
-1000
386.141906823954
1000
1000
0
500
0
2.51523238439049
5
0
0
0
0
0
0
217.860157805185
0
1000
0
0
-0.00177480961747278
0
0
0
0
-0.00177480961747278
0
384.908201475334
0
-0.00177480961747278
0.00177480961747278
-0.00177480961747278
-0.663057380961845
0
-0.110925601094777
0
-1000
-0.00177480961747278
0.00177480961747278
-0.00177480961747278
-0.00177480961747278
0.00177480961747278
-0.00177480961747278
0.00177480961747278
-0.00177480961747278
-0.00177480961747278
-0.00177480961747278
-0.00177480961747278
-0.00177480961747278
-0.00177480961747278
-0.00177480961747278
-0.00177480961747278
-0.00177480961747278
-0.00177480961747278
-0.00177480961747278
-0.0372710019678379
-0.016251000142347
-0.0510257765035931
-0.0514694789079613
-0.0261784418584057
0.00177480961747278
103.416174601729
-0.111404403607366
0.00177480961747278
0.00177480961747278
0.00177480961747278
0.00177480961747278
-0.849690104385672
-0.0128673697270187
-0.0953960169414358
-0.480529703942352
-0.0181566984712163
0.00177480961747278
0.00177480961747278
0.0168606913664462
0.00177480961747278
0.00177480961747278
-0.00177480961747278
0
0
0
0
0
0
0
0
0
0
0
0
0
0
0
0
0
0
0
0
0
0
0
0
0
0
0
0
0
0
0
0
0
0
0
0
0.00515844003280108
0
0
0
0
0
0
0
0
0
0
0
0
0
0
0
0
0
0
0
0
0
0
0
0
0
0
0
0
0
0
0
0
0
0
0
0
0
0
0
0
0
0
0
0
0
0
0
0
0
0
0
0
0
0
0
0
0
0
0
0
0
0
0
0
0
0
0
0
0
0
0
0
0
0
0
0
0
0
0
0
0
0
0
0
0
0
0
0
0
0
0
0
0
0
0
0
0
0
0
0
0
0
0
0
0
0
0
0
0
0
0
0
0
0
0
0
0
0
0
0
0
0
0
0
0
0
0
0
0
0
0
0
0
0
0
0
0
0
0
0
0
0.00177480961751579
114.449307632308
0.00177480961751579
0
882.94949537333
0
0
0
0
0.00177480961751579
0
0
0
0
0
0
0
0
0
0
0
0
0
0
0
0
0
0
0
0
0
0
0
0
0
0
0
0
0
0
0
0
0
0
0
0
0
0
0
0
0
0
0
0
0
0
0
0
0
0
0
0
0
0
0
0
0
0
0
0
0
0
0
0
0
0
0
0
0
0
0
0
0
0
0
0
0
0
0
0
0
0
0
0
0
0
0
0
0
0
0
0
0
0
0
0
0
0
0
0
0
0
0
0
0
0
0
0
0
0
0
0
0
0
0
0
0
0
0
0
0
0
0
0
0
0
0
0
0
0
0
0
0
0
0
0
0
0
0
0
0
0
0
0
0
0
0
0
0
0
0
0
0
0
0
0
0
0
0
0
0
0
0
0
0
0
0
0
0
0
0
0
0
0
0
0
0
0
0
0
0
0
0
0
0
0
0
0
0
0
0
0
0
0
0
0
0
0
0
1000
0
0
0
0
0
0
0
0
0
0
0
0
0
0
0
0
0
0
0
0
0
0
0
0
0
0
0
0
0
0
0
0
0
0
0
0
0
0
0
0
0
0
0
0
0
0
0
0
0
0
0
0
0
0
0
0
0
0
0
0
0
0
0
0
0
0
0
0
0
0
0
0
0
0
0
0
0
0
0
0
0
0
0
0
0
0
0
0
0
0
0
0
0
0
0
0
0
0
0
0
0
0
0
0
0
0
0
0
0
0
0
0
1000
1000
0
0
0
0
0
0
0
0
0
0
0
0
0
0
0
0
0
0
0
0
0
-1000
0
-1000
0
0
0
0
0
0
0
1000
1000
0
0
0
0
0
0
0
0
0
0
0
0
0
0
0
0
0
0
0
0
0
0
0
0
0
0
0
0
0
0
0
0
0
0
0
0
0
0
0
0
0
0
0
0
0
0
0
0
0
0
0
0
0
0
0
0
0
0
0
0
0
0
0
0
0
0
0
0
0
0
0
0
0
0
0
0
0
0
0
0
0
0
0
-997.645791032655
-47.2941500154594
0
0
0.00177480961747278
0
1000
0
114.447532822691
0
0
885.488130328674
882.947720563712
384.908201475334
0
0
0
0.00515844003280108
0
0
-1000
999.998225190383
0
0
0
0
0
0
0
0
0
0
0
0
0
-1000
0.00515844003280108
0
0
0
-0.0119448648099478
0
0
0
0
0
0
0
0.0119448648099478
0
0
0
0
0
217.860157805185
1000
-997.645791032655
-114.445758013073
-114.445758013073
0
-228.805051439758
1000
-0.0261234761295555
0
0
0.00177480961747278
-0.00177480961747278
0
0
114.511869671326
-114.511869671326
1000
0
-114.447532822691
-114.447532822691
0
0
-1000
0
-114.511869671326
-885.488130328674
-1000
0
-615.091798524665
-384.908201475335
-1000
0
0
0
0
0
1000
0
0
0
0
0
-1000
1000
-1000
0
0
0
-1000
0
0
0
-1000
0
0
0
0
0
0
0
0
0
0
0
0
0
0
0
0
0
0
0
-1000
1000
-1000
0
-1000
0
-1000
0
-1000
0
0
0
0
0
0
0
0
0
-1000
0
1000
0
-1000
0
-1000
0
-390.969041543469
0
-1000
0
0
0
0
0
0
0
0
0
-276.099201455218
-723.900798544782
103.414399792112
-103.414399792112
0
0
0
0
0
0
0
0
0
0
0
0
0
0
0
0
0
0
0
0
0
0
0
0
0
0
0
0
0
0
0
0
0.00515844003280108
-0.00515844003280108
0
0
0
0
0
0
0
0
0
0
0
0
0
0
0
0
0
0
0
0
0
0
0
0
0
0
0
0
0
0
0
0
0
0
0
0
0.00515844003280108
-0.00515844003280108
0
0
0
0
0
0
0.0119448648099478
0.0119448648099478
0
0
0
0
0
0
0
0
0
0
0
0
0
0
0
0
-0.0119448648099478
-0.0119448648099478
0
0
0
0
0
0
0
0
0
0
0
0
0
0
0
0
0
0
0
0
0
0
0
0
0
0
0
0
0
0
0
0
0
0
0
0
0
0
0
0
0
0
0
0
1.42601788239391
0.00435391268825152
0
0
0
0
0
0
0
0
0.179423269545221
0
0
0
0
0
0
0
0
0
0
0
0
0
0
0
0
0
0
0
0
0
0
0
0
0
0
0
0
0
0
0
0
0
0
0
0
0
0
0
0
0
0
0
0
0
0
0
0
0
0
0
0
0
0
0
0
0
114.511869671326
114.511869671326
114.511869671326
0
0
0
0
0
0
0
0
0
0
0
0
0
0
0
0
0
0
0
0
0
0
0
0
0
0
0
0
0
0
0
0
0
0
0
0
0
0
0
0
0
0
0
0
0
0
0
0
0
0
0
0
0
0
0
0
0
0
0
0
0
0
0
0
0
0
0
0
0
0
0
0
0
0
0
0
0
0
0
0
0
0
0
0
0
0
0
0
0
0
114.447532822691
114.447532822691
114.447532822691
114.447532822691
-114.447532822691
0
0
0
0
0
0
0
0
0
0
0
0
0
0
0
0
0
0
0
0
0
0
0
0
0
0
0
0
0
0
0
0
0
0
0
0
0
0
0
0
0
0
0
0
0
0
0
0
0
0
0
0
0
0
0
0
0
0
0
0
0
0
0
0
0
0
0
0
0
0
0
0
0
0
0
0
0.00435391268825152
0.00435391268825152
0.00435391268825152
0.00435391268825152
0.00435391268825152
0
0
0
0
0
0
0
0
0
0
0
0
0
0
0
0
0
0
0
0
0
0
0.00543292583273124
0.00543292583273124
0
0
0
0
0
0
0
0
0
0
0
0
0.00543292583273124
0
0
17.8219906971693
17.8219906971693
-17.8219906971693
5.93050443611719
-2.96307526171449
2.96307526171447
2.96307526171447
2.96307526171447
2.96307526171447
2.96307526171447
2.96307526171447
2.96307526171447
2.96307526171447
2.96307526171447
2.96307526171447
2.96307526171447
0
2.96307526171449
2.96307526171447
2.96307526171447
2.96307526171447
2.96307526171447
2.96307526171447
2.96307526171447
0
0
0
2.96307526171447
0
2.96307526171447
2.95439267641152
0
0
0
0
0
0
0
0
0
0
0
0
0
0
0
0
17.8219906971693
17.8219906971693
5.93050443611719
5.93050443611719
0
0
0
0
0
0
0
0
0
0
0
0
0
0
0
0
0
0
0
0
0
0
0
0
0
0
0
0
0
0
0
0
0
0
0
0
0
0
0
0
0
0
0
0
0
0
0
0
0
0
0
0
0
0
0
0
0
0
0
0
0
0
0
0
0
0
0
0
0
0
0
0
0
0
0
0
0
0
0
0
0
0
0
0
0
0
0
0
0
0
0
0
0
0
0
0
0
0
0
0
0
0
0
0
0
0
0
0
0
0
0
0
0
0
0
0
0
0
0
0
0
0
0
0
0
0
0
0
0
0
0
0
0
0
0
0
0
0
0
0
0
0
0
0
0
0
0
0
0
0
0
0
0
0
0
0
0
0
0
0
0
0
0
0
0
0
0
0
0
0
0
0
0
0
0
0
0
0
0
0
0
0
0
0
0
0
0
0
0
0
0
0
1.42601788239391
1.45644479106456
1.45644479106456
0
0
0
0
-1.45644479106454
0
0
0
0.0304269086706506
0
0
1000
0
0
0
0
0
0
0
0
0
0
0
0
0
0
0
0
0
0
0
0
0
0
0
0
0
0
0
0
0
0
0
0
0
0
0
0
0
0
0
0
0
1.45644479106456
0
0
0
0
0
0
0
0
0
0
0
0
0
0
0
0
0
0
0
0
0
0
0
0
0
0
0
0
0
0
0
0
0
0
0
0
0
0
0
0
0
0
0
0
0
0
0
0
0
0
0
0
0
0
0
0
0
0
0
0
0
0
0
0
0
0
0
0
0
0
0
0
0
0
0
0
0
1.42601788239391
0.00435391268825152
0
0
0
0
0
0
0
1.87731881091661
0
0
0
1.17710448367262
1.17710448367262
1.17710448367262
0
0
0
0
0
0
1.60979506462738
0
0
0
0.00435391268825152
0
0
0
0
-1.60979506462741
1.60979506462738
0
0
0
0
0
0
0
0
0
0
0.293596742271631
0
0.267523746289232
0
0
0
0
0
0
0
0
0
0
13.1249476222943
13.1249476222943
13.1249476222943
0
0
0
0
-0.179423269545168
0
0
0
0
0
0
0
0
0
0
0
0
0
0
0
0
0
0
0
0
0
0
0
0
0
0
0
0
0
0
0
0
0
0
0
0
0
0
0
0
0
0
0
0
0
0
0
0
0
0
0
0
0
0
0
0
0
0
0
0
0
0
0
0
0
0
0
0
0
0
0
0
0
0
0
0
0
0
0
0
0
0
0
0
0
0
0
0
0
0
0
0
0
0
0
0
0
0
0
0
0
0
0
0
0
0
0
0
0
0
0
0
0
0
0
0
0
0
0
0
1000
0
1000
1000
0
0
0
0
0
0
0
0
0
0
0
0
0
0
0
0
0
0
0
0
0
0
0
0
0
0
0
0
0
0
0
0
0
0
0
0
0
0
0
0
0
0
0
0
0
0
0
0
0
0
0
0
0
0
0
0
0
0
0
0
0
0
0
0
0
0
0
0
0
0
0
0
0
0
0
0
0
0
0
0
0
0
0
0
0
0
0
0
0
0
0
0
0
0
0
0
0
0
0
0
0
0
0
0
0
0
0
0
0
0
0
0
0
0
0
0
0
0
0
0
0
0
0
0
0
0
0
0
0
0
0
0
0
0
0
0
0
0
0
0
0
0
0
0
0
0
0
0
0
0
0
0
0
0
0
0
0
0
0
0
0
0
0
0
0
0
0
0
0
0
0
0
0
0
0
0
0
0
0
0
0
0
0
0
0
0
0
0
0
0
0
0
0
0
0
0
0
0
0
0
0
0
0
0
0
0
0
0
0
0
0
0
0
0
0
0
0
0
0
0
0
0
0
0
0
0
0
0
0
0
0
0
0
0
0
0
0
0
0
0
0
0
0
0
0
0
0
0
0
0
0
0
0
0
0
0
0
0
0
0
0
0
0
0
0
0
0
0
0
0
0
0
0
0
0
0
0
0
0
0
0
0
0
0
0
0
0
0
0
0
0
0
0
0
0
0
0
0
0
0
0
0
0
0
0
0
0
0
0
0
0
0
1000
0
0
0
0
0
0
0
0
0
0
0
0
0
0
0
0
0
0
0
0
0
0
0
0
0
0
0
0
0
0
0
0
0
0
0
0
0
0
0
0
0
0
0
0
0
0
0
0
0
0
0
0
0
0
0
0
0
0
0
0
0
0
0
0
0
0
0
0
0
0
0
0
0
0
0
0
0
0
0
0.198308102913285
0.198308102913285
0
0
0
0.198308102913302
0
0.198308102913285
0
0
0
0
0.0305089389099109
0
0
0
0
0
0
0
0
0
0
0
0
0
1.2000182637816
0
0
0
0
0
0
1.2000182637816
1.2000182637816
1.2000182637816
1.20001826378166
0
0
0
0
0
0
0
0
0
0
0
0
0
0
0
0
0
0
0
0
0
0
0
0
0
0
0
0
0
0
0
0
0
0
0
0
0
667.471512874304
667.471512874304
0
0
0
0
0
0
0
0
0
0
0
0
0
0
0
0
0
0
0
0
0
0
0
0
0
0
0
0
0
0
0
0
0
0
0
0
0
0
0
0
0
0
0
0
0
0
0
0
1000
-1000
0.842387454900859
0
0
0
1000
-1000
-1000
0
0
0
0
-1000
0
0
0
0
0
0
0
0
0
0
0
0
0
0
0
0
0
0
0
0
0
0
0
0
0
0
0
0
0
0
0
0
0
0
0
0
0
0
0
0
0
1000
0
0
0
0
0
0
0
0
0
0
0
0
0
0
0
0
0
-999.995646087312
-1000
1000
-1000
1000
999.995646087312
-1000
0
0
0
0
0
0
0.0043539126882024
0
0
0
0
0
0
0
0
0
0
0
0
0
0
0
0
0
491.773148197856
0
0
0
0.0173777906426734
0
0.00435391268825152
0.0260729959823989
1000
0.00217064632573699
0.00217064632573699
34.0336569986746
0
0.0152071443169365
0.00217064632573699
0.0325975549963569
-0.00217064632568054
0.00217064632573699
0.00217064632573699
0.00217064632573699
0.00217064632573699
0.00217064632573699
-0.00217064632568054
-0.00434129265147476
0.00217064632573699
0.00217064632573699
0.00217064632568054
0.00217064632573699
-0.00652455901399662
-0.00652455901399662
0.0043539126882024
0.0043539126882024
0.00217064632573699
0.00217064632573699
0.00435391268825152
0.00435391268825152
-0.0043539126882024
-0.0043539126882024
0.0043539126882024
0.0043539126882024
0.00217064632573699
0.00217064632573699
0.00217064632573699
0.00217064632573699
-0.00652455901399662
-999.969573091329
0
0
0
0
0
0
-1000
0
0
0
0.00435391268825152
0
0
0
0
0.00217695634412576
0.0043539126882024
0.0043539126882024
0
0.00435391268825152
0
0
0
0
0
-0.0043539126882024
0.00868258530294796
0.00217064632573699
0.00651193897721097
0.00217064632573699
-0.00217064632568054
0.00217064632573699
0.00217064632573699
0.00217064632573699
0.00217064632573699
0.00217064632573699
0.00217064632573699
0.00434129265147398
0.00217064632573699
0.00217064632573699
0.00217064632573699
0.00217064632573699
0.00217064632573699
0
0.00217064632573699
0.00435391268825152
0
0.00435391268825152
0
0.00435391268825152
0.00435391268825152
0.00435391268825152
0.00435391268825152
0.00435391268825152
0.00435391268825152
0
0.00435391268825152
0
0.00435391268825152
0.00435391268825152
0.00435391268825152
0.00435391268825152
0.00435391268825152
0
0
0
0
0
0
0
0
0
0
0
0
0
0
0
0
-0.0043539126882024
0.00435391268825152
0.00435391268825152
0
0
0
0
0
0
0
0
0
0
0
0
0
0
0
0
0
0
0
0
0
0
0
0
0
0
0
0
0
0
0
0
0
0
0
0
0
0
0
0
0
0
0
0
0
0
0
0
0
0
0
0
0
0
0
0
0
0
0
0
0
743.878024303926
103.414399792112
500.003610382188
0
0
0
0
0.00435391268825152
0
0
0
0
0
0
0
0
0
1000
0
0
0
0
0
0
0
0
0
0
0
-903.332990759577
0
0
0
-217.860157805185
0
-1000
0
0
0
0.00177480961751579
0
0
0
0
0
0
0
0
0
0.00177480961751579
0
0
0
0
0
0
0
0.00177480961751579
0
0.00177480961751579
0
0.00177480961751579
0
0.663057380961875
0
0
0
0.110925601094737
0
0
0
0
0
0.00177480961751579
0
0.00177480961751579
0
0.00177480961751579
0
0.00177480961751579
0
0.00177480961751579
0
0.00177480961751579
0
0.00177480961751579
0
0.00177480961751579
0
0.00177480961751579
0
0.00177480961751579
0
0.00177480961751579
0
0.00177480961751579
0
0.00177480961751579
0
0.00177480961751579
0
0.00177480961751579
0
0.00177480961751579
0
0.00177480961751579
0
0.00177480961751579
0
0.0372710019678316
0
0.0162510001422934
0
0.051025776503579
0
0.0514694789079579
0
0.0261784418583579
0
0.00177480961751579
0
103.416174601729
0
0.111404403607405
0
0.00177480961751579
0
0.00177480961751579
0
0.00177480961751579
0
0.00177480961751579
0
0.849690104385684
0
0.0128673697269895
0
0.0953960169414737
0
1000
0
0.0181566984712475
0
0.00177480961751579
0
0.00177480961751579
0
0.0168606913664
0
0.00177480961751579
0
0.00177480961751579
0
0.00177480961751579
0
0
-1000
0
0
0.0304269086706199
999.519470296058
0
0
0
0
-1000
-1000
0
0
1.2000182637816
-995.011830555052
1000
-6.11261555092415
0
665.861717809676
615.18685228009
-1000
-1000
0
0
1000
0
0
0
0
-334.836478219936
1000
0
0
0
0
-615.18685228009
1000
-0.0043539126882024
0
0
-3.81064113837283
0
712.998088322481
0
0
0
-922.518568382863
1000
615.18685228009
-1000
-998.681599703798
4.98816944494763
0
1000
82.2436281008763
0
-1000
0
0
1000
655.43459588406
-1000
1000
0
1000
0
0
-1000
1000
1000
1000
0
0
0
0
-500.003610382188
-10.9220160874702
0
0
0
0
0
0
0
0
0
0
0
1000
0
0
0
0
0
0
0
0
0
0
1000
0
0
0
0
0
503.03995410263
0
0
-1000
1000
-1000
-1000
1000
-125.302699301071
-1000
-1000
83.659696135941
-1000
-1000
1000
1000
-1000
-1000
-1000
-1000
-1000
-1000
1000
-1000
-46.8183908556723
-1000
1000
1000
1000
1000
1000
1000
-1000
-48.0145494915397
1000
-1000
-983.947728628512
-1000
-1000
-1000
-1000
-1000
-1000
-1000
1000
-1000
-1000
-1000
-1000
1000
-1000
-1000
-1000
-439.72015329764
-1000
-54.3181684699941
1000
-1000
-1000
-1000
-939.335814486328
-1000
-1000
-1000
-1000
-1000
-1000
-1000
1000
-1000
-867.882087467363
1000
-1000
-1000
-1000
-1000
-1000
1000
-1000
-273.129444679341
-1000
-1000
1000
477.608243303468
-1000
1000
-1000
-1000
1000
1000
1000
-1000
1000
1000
1000
-1000
-21.1108448466078
1000
1000
1000
1000
-1000
-1000
-1000
-967.996002141701
1000
-1000
1000
-1000
-1000
54.3181684699941
974.670618651323
1000
1000
1000
1000
-1000
1000
1000
-1000
-1000
-1000
-1000
-1000
-41.7366333213223
0
1000
971.18369723134
-1000
-1000
-1000
0
0
0
0
0
0
0
0
0
0
0
0
0
0
0
0
0
0
0
0
0
0
0
0
0
0
0
0
0
0
0
0
0
0
0
0
0
0
0
0
0
0
0
0
0
0
0
0
0
0
0
0
0
0
0
0
0
0
0
0
0
0
0
0
0
0
0
0
0
0
0
0
0
0
0
0
0
0
0
0
0
0
0
0
0
0
0
0
0
0
0
0
0
0
0
0
0
0
0
0
0
0
0
0
0
0
0
0
0
0
0
0
0
0
0
0
0
0
0
0
0
0
0
0
0
0
0
0
0
0
0
0
0
0
0
0
0
0
0
0
0
0
0
0
0
0
0
0
0
0
0
0
0
0
0
0
0
0
0
0
0
0
0
0
0
0
0
0
0
0
0
0
0
0
0
0
0
0
0
0
0
0
0
0
0
0
0
0
0
0
0
0
0
0
0
0
0
1000
0
0
0
0
0
0
0
0
0
0
0
0
0
0
0
0
0
0
0
0
0
0
0
0
0
0
0
0
0
0
0
0
0
0
0
0
0
0
0
0
0
0
0
0
0
0
0
0
0
0
0
0
0
0
0
0
0
0
0
0
0
0
0
0
0
0
0
0
0
0
0
0
0
0
0
0
0
0
0
0
0
0
0
0
0
0
0
0
0
0
0
0
0
0
0
0
0
0
0
0
0
0
0
0
0
0
0
0
0
0
0
0
0
0
0
0
0
0
0
0
0
0
0
0
0
0
0
1000
1000
-1000
1000
1000
1000
-2.96307526171449
399.709720341216
-1000
-1000
1000
-1000
1000
1000
1000
0
-1000
-1000
-76.0177924226837
-1000
1000
1000
1000
-1000
-1000
-1000
-1000
-1000
1000
-1000
-396.746645079501
1000
-1000
-1000
-1000
1000
1000
-1000
-1000
-1000
-997.036924738286
1000
-1000
-1000
-1000
1000
-1000
2.96307526171449
903.332990759577
-1000
-1000
-1000
-1000
-2.96307526171449
-1000
0
0
0
0
0
-999.519470296058
999.519470296058
0
0
0
0
0
0
0
0
0
0
0
-1000
-1000
-0.571761282903822
0
0
0
0
0
0
1000
0
0
0
0
0
0
0
0
0
-0.0043539126882024
0.00435391268825152
0
0
-0.0043539126882024
-0.0043539126882024
0
0
0
0
0
0
693.922513077972
0
0
0
0
0
0
0
0
0
0
0
0
0
0
0
0
0
0
0.00435391268825152
0
0
-1000
460.61570577724
1000
-1000
-1000
0
0
0
0
-0.0043539126882024
0
0
0
0
0
0
0
0
0
0
0
0
0
0
1000
0
0
0
0
0
0
0
0
0.00435391268825152
0
0
0
0
-882.97819795253
0
0
0
0
0
0
-1000
0
934.541935883749
0
0
0
0
0
0
0
0
0
0
0
0
0
0
0
0
0
0
0
0
0
0
0
0
0
0
0
0
0
0
0
0
0
0
0
0.00435391268825152
0
0
0
0
1000
0
-997.645791032655
0
0
2.35420896734524
0
0
0
0
0.00651193897721097
1000
0
0
0
0
0
0
0
0
0
0
0
0
0
0
0.0043539126882024
-457.956573566921
-57.7755483143875
-1000
1000
0
0
0
1000
1000
0
0
0
0
0
1.32275420888982
0
1.31840029620155
1000
0
328.944014750266
0
0
677.356043051906
0
0
0
0
-1000
0
-1000
1000
0
0
0
0
0
0
0
0
0
0
0
-1000
0
0
0
328.944014750266
0
0
0
0
0
0
0
671.055985249734
0
1000
0
192.264717132951
0
0
0
0
0
0
0
0
0
0
1.17710448367262
0
0.00435391268825152
-0.0043539126882024
0.00435391268825152
0.00435391268825152
0
0
0.0043539126882024
0
0
0
1.17710448367257
0
0
-0.0130617380647209
-1000
-1000
-1000
1000
-1000
1000
0
0
-1000
-809.053683163251
614.443464888332
614.443464888332
0
0
0
0
0
0
0
0
0
0
0
0
0
0
0
0
0
0
0
0
0
0
0
0
0
194.610218274919
0
0
0
0
0
0.00217064632573699
0
0
0
0
0
0
0
0
0.00435391268825152
0
0
0
0
0
0
0
0
103.414399792112
0
-827.315198336894
0
0
0
0
0
0
0
0
0
0
0
0
0
1000
0
0
0
827.315198336894
0
0
0
0
0
0
0
0
0
0
0
0
0
0
0
0
0
0
0
0
0
0
0
0
0
0
2.80795818300282
0
0
0
0
0
0
0
0
0
0
0
0
0
0
0
0
0
0
0
0
0
0
0
0
0
0
0
0
0
0
0
0
0
0
0
0
0
0
0
0
0
0
0
0
0
0
0
0
0
0
0
0
0
0
0
0
0
0
0
0
0
0
0
0
0
0
0
0
0
0
0
0
0
0
0
0
0
0
0
0
0
0
0
0
0
0
0
0
0
0
0
0
0
0
0
0
0
0
0
0
0
0
0
0
0
0
0
0
0
-999.968506698222
0
0.00217064632568054
0
0.0320391183689708
0
0
-0.0314933017783687
0
1000
0
0
0
0
0.0195484369684209
0
0
0
0
0
0
0
0
0
0
0
0
0
0
0
0
0.00435391268825152
0.00435391268825152
0.00435391268825152
-1000
-1000
0
-228.805051439758
-390.969041543469
0
0
0
0
0
0
-1000
1000
0
0
0
0
0
0
0
0
0
0
-1000
0
1000
0
-1000
1000
-1000
-1000
-1000
-1000
0
0
0
0
0
0
0
0
0
0
-1000
0
1000
0.476890156428631
0.00435391268825152
0.00435391268825152
0.00435391268825152
0.00435391268825152
0.00435391268825152
1000
0
0
1000
0.0971708265589895
0
0
0
0.00177480961751579
0
0
0
0
0
0
0
0
0
0
-1000
0
0
0
0
0
0
0
1000
-999.998225190383
0
1000
0
0
-1000
0
0
0
0
0
0
0
0
0
0
0
0
0
0
0
0
0
0
0
0
0
0
0
103.414399792112
0
0
0
0
0
0
103.414399792112
0
0
0
0
0
103.414399792112
0
0
0
0
0
103.414399792112
0
0
0
0
0
0
0
0
0
0
0
0
0
0
-1000
0
0
0
0
0
0
0
0
1000
-1000
-1000
-1000
-1000
1000
0
0.0260729959823989
0
0
0
0
453.303090272194
-1000
-1000
0
0
0
0
999.97387652387
17.5608905495999
0
0
0
0
0
0.70021432724399
0.70021432724399
-671.049473310757
-999.966336051896
0
0
0
0
0
0
0.441995754738731
0
-1000
0
0
34.0293030859864
0
0
0
0
1000
0.00435391268825152
0
0
0
0
0
0
0
0
-539.379940310071
1000
0
1000
0
0
0
1000
0
0
0
-885.488130328674
0
-1000
0
0
0
-1000
-1000
0
0
0
0
-114.447532822691
0
0
114.445758013073
0
0
0
0
-458.057924983425
458.057924983425
-750
0
0
0
0
-1000
-1000
0
0
322.827010581552
0
0
0
0
0.00515844003281973
0
0
0
0
0
0
0
0
190.946316836749
1.31840029620155
1000
0
0
0
0
0
0
0
0
0
-1000
0
0
-1000
1000
-1000
-1000
1000
0
0
0
0
0
0
0
0
-1000
0
0
1000
0.00217064632573699
0.00217064632573699
0
-581.022943475202
0
0
384.908201475335
0
0
0
0
0
0
0
0
0
0
0
0
0
0
0
0
0
0
0
0
0
0
0
0
0
-0.0119448648099478
0
0
0
0
0
0
0
0
0
0
0
0
0
0
0
0
0
0
0
0
0
0
0
0
0
0
0
0
0
0
0
0
0
0
0
0
0
0
0
0
0
0
0
0
0
0
-1000
0
-1000
0
0
0
0
0
0
-1000
0
0
0
0
-1000
0
0
0
0
0
0
0
0
885.488130328674
0
0
0
0
0
0
0
0
0
0
0
0
0
1000
0
0
0
2.35420896734513
0
0
0
0
0
0
0
0
0
0
0
0
0
0
0
0
114.445758013073
0
0
0
0
0
0
0
0
0
0
0
0
0
0
0
0
0
0
0
0
0
0
0
114.445758013073
0
0
0
0
0
0
0
0
0
0
0
0
0
0
0
0
0
0
0
0
0
0
0
0
0
0
0
0
0
0
0
0
0
0
0
0
0
0
0
0
0
0
0
0
0
0
0
0
0
0
0
0
0
0
0
0
0
0
0
0
0
0
0
0
0
0
0
0
0
0
0
0
0
0
0
0
0
0
0
0
0
0
0
0
0
0
0
0
0
0
0
0
0
0
0
0
0
0
0
0
0
0
0
0
0
0
0
0
0
0
0
0
0
0
0
0
0
0
0
0
0
0
0
0
0
0
0
0
0
0
0
0
0
0
0
0
0
0
0
0
0
0
1000
0
0
0
0
-1000
0
0
0
0
0
0
0
0
0
0
0
0.685520214765474
0
0
0
0
0
0
0
0
0
0
403.870942474469
0
70.5376091411361
70.5376091411361
0
-98.2360886255774
0
873.632265249636
-1000
126.566042853278
0
-934.541935883749
0
0
-1000
0
0
0
0
1000
0.0261234761295091
0
0
0
0
0
0
0
0
0
0
0
0
0
0
0
0
0
0
0
0
0
0
0
0
0
0
0
0
0
0
0
0
0
0
999.939133562622
0
0
0
0
0
0
0
0
0
0
0
0
0
0
0
0
0
0
0
0
0
0
0
0
0
0
0
0
0
0
0
0
0
0
0
0
0
0
0
0
0
0
0
0
0
0
0
0
0
0
0
0
0
0
0
0
0
0
0
0
0
0
0
0
0
0
0
0
0
0
0
0
0
0
0
0
0
0
0
0
0
0
0
0
0
0
0
0
0
0
0
0
0
0
0
0
0
0
0
0
0
0
0
0
0
0
0
0
0
0
0
0
0
0
0
0
0
0
0
0
0
0
0
0
0
0
0
0
0
0
0
0
0
0
0
0
0
0
0
0
0
0
0
0
0
0
0
0
0
0
0
0
0
0
0
0
0
0
0
0
0
0
0
0
0
0
0
0
0
0
0
0
0
0
0
0
0
0
0
0
0
0
0
0
0
0
0
0
0
0
0
0
0
0
0
0
0
0
0
0
0
0
0
0
0
0
0
0
0
0
0
0
0
0
0
0
0
0
0
0
0
0
0
0
0
0
0
0
0
0
0
0
0
0
0
0
0
0
0
0
0
0
0
0
0
0
0
0
0
1000
0
0
0
0
0
0
0
384.908201475334
0
0
0
0
0
0
0
0
0
0
0
-1000
0
0
0
0
0.0043539126882024
-102.534907554854
-671.049473310757
0
0
0
0
0
0
0
0
0
0
0
0
0
0
0
0
0
0
0
0
0
0
0
0
0
0
0
0
0
0
0
0
0
0
0
0
0
0
0
0
0
0
0
0
0
0
0
0
0
0
0
0
0
0
0
0
0
0
0
0
0
0
0
0
0
0
0
0
0
0
0
0
0
0
0
0
0
0
0
0
0
0
0
0
0
0
0
0
0
0
0
0
0
0
0
0
0
0
0
0
0
0
0
0
0
0
0
0
0
0
0
0
0
0
0
0
0
0
0
0
0
0
0
0
0
0
0
0
0
0
0
0
0
0
0
0
0
0
0
0
0
0
0
0
0
0
0
0
0
0
0
0
0
0
0
0
0
1000
539.38429422276
0
0
0
0
0
0
0
1000
0.0043539126882024
0
0
-539.38429422276
0
117.052279436288
0
0
0
0
0
0
0
0
0
0
0
0
0
0
0
0
1000
-1000
0
0
0
0
0
0
0
0
0
0
0
0
0
0
0
0
0
0
0
0
0
0
0
0
0
0
0
0
0
0
0
0
0
0
0
0
0
0
0
0
0
0
0
0
0
0
0
0
0
0
0
0
0
0
0
0
0
0
0
0
0
0
0
0
0
0
0
0
0
0
0
0
0
0
0
0
0
0
0
0
0
0
0
0
0
0
0
0
0
0
0
0
0
0
0
0
0
0
0
0
0
0
0
0
0
0
0
0
0
0
0
0
0
0
0
0
0
0
0
0
0
0
0
0
0
0
0
0
0
0
0
0
0
0
0
0
0
0
0
0
0
0
0
0
0
0
0
0
0
0
0
0
0
0
0
0
0
0
0
0
0
0
0
0
0
0
0
1000
500
105.166973146172
0
0
-1.17710448367257
0
0
0
561.328719167693
23.2629344599332
50.8482315161741
0.126200367775406
105.166973146172
0
0
0
0
0
0
0
0
0
0
0
0
0
0
0
0
0
0
0
0
0
0
0
0
0
0
492.550000585712
-1000
0
-1000
0
-6.31092365383745
-1000
0
671.049473310757
0
677.356043051906
0
-103.414399792112
620.48639875267
103.414399792112
0
0
-4.43702404378951
0
0
999.993488061023
0
0
0
0.00435391268825152
0
0
0
0
0
0
0
0
0
0
0
0
0
0
0
0
217.860157805185
0
1000
0
0
-922.518568382863
-0.849690104385672
-0.0372710019678379
0
-12.9203305526621
-25.3293813486771
-51.6556982776419
-40.506994779554
-12.6496360221327
-123.95961271612
-32.003997858299
-5.55186967935958
-37.8880900058275
1000
-1000
0
0
0
0
-1000
-46.8183908556723
-21.1108448466078
-31.9622781200519
-16.0522713714878
29.2248922343788
-28.8163027686602
-1000
-28.988787121317
959.163419288294
0
1000
-1000
0
0
1000
983.546296395711
0
743.659376908407
-1000
0
0
0
0
0
0
1000
0
0
0
0
-983.546296395711
0
0
0
0
0
0
0
-0.0043539126882024
-0.0043539126882024
0
0
0
0
0
0
0
0
0
0
0
0
0
0
0
0
676.308072081468
0
827.315198336894
0
0
0
-1000
0
-0.0043539126882024
-0.0043539126882024
-1.20001826378166
1000
0
0
-0.0043539126882024
0
-0.0043539126882024
0
0
-491.773148197856
-0.0043539126882024
0
0
0
-0.0043539126882024
0
0
0
0
0
0
0
0
0
0
0
1000
0
0
0
0
0
460.61570577724
0
0
0
0
0
0
0
4.98816944494763
0
0
0
-603.253354920499
0
1000
0
0
0
-0.0043539126882024
0
0
0
0
-41.6430031651303
0
0
0
0
0
0
0
0
0
117.02180204747
-3.81064113837283
-0.571761282903822
-1000
-1000
491.773148197856
0
0
0
712.998088322481
0
0
2.96307526171449
0
0
0
0
0
0
-998.681599703798
0
0
0
0
1000
1000
-6.11261555092415
0
0
665.861717809676
1000
0
0
0
0
0
-500.003610382188
0
0
0
-1000
-1000
0
0
0
0
0
-1000
0
0
0
0
-460.620059689929
-615.18685228009
615.18685228009
0
0
0
0
0
0
615.18685228009
-1000
-1000
-334.836478219936
0
0
0
0
0
0
0
0
0
0
0
1000
0
-0.0181566984712163
-0.00177480961747278
-0.480529703942352
-10.9220160874702
-0.0261784418584057
-0.111404403607366
-0.0168606913664462
-0.0953960169414358
-0.0510257765035931
0
0
0
0
0
-0.00177480961747278
0
-0.00177480961747278
-0.00177480961747278
-0.00177480961747278
-0.0128673697270187
0
-0.00177480961747278
-0.663057380961845
-0.685520214765461
0
-17.5608905495999
0
-0.441995754738741
-0.00177480961747278
-0.016251000142347
0
-103.416174601729
-0.00177480961747278
-0.00177480961747278
-0.00177480961747278
-0.0514694789079613
0
-0.110925601094777
0
0
0
-1000
1000
0
0
-1000
1000
-0.0043539126882024
-1000
750
-750
0
0
0
-1000
0
0
1000
0
0
0
0
0
0
0
0
0
0
0
0
0
0
0
0
-1000
1000
581.022943475202
-581.022943475202
-581.022943475202
0
-1000
1000
-1000
-0.00177480961747278
-0.00177480961747278
0
0
0
0
0
126.367734750364
-126.566042853278
1000
0.0261234761295555
0
0
0
0
0
-1000
0
0
0
0
0
0
0
0
0
0
0
0
0
0
0
0
0
0
0
0
0
0
0
0
0
0
0
0
0
0
0
0
0
0
0
0
0
0
0
0
0
0
0
0
0
0
0
0
0
0
0
0
0
0
0
0
0
0
0
0
0
0
0
0
0
0
0
0
0
0
0
0
-0.00177480961747278
0
0
0
0
999.939133562622
0
0
0
0
0
0
0
0
0
0
0
0
0
0
0
0
0
0
0
0
0
0
0
0
0
0
0
0
0
0
0
0
0
0
0
0
0
0
0
0
0
0
0
0
0
0
0
0
0
0
0
0
0
0
0
0
0
0
0
0
0
0
0
0
0
0
0
0
0
0
0
0
0
0
0
0
0
0
0
0
0
0
0
0
0
0
0
0
0
0
0
0
0
0
0
0
0
0
0
0
0
0
0
0
0
0
0
0
0
0
0
0
0
0
0
0
0
0
0
0
0
0
0
0
0
0
0
0
0
0
0
0
0
0
0
0
0
0
0
0
0
0
0
0
0
0
0
0
0
0
0
0
0
0
0
0
0
0
0
0
0
0
0
0
0
0
0
0
0
0
0
0
0
0
0
0
0
0
0
0
0
0
0
0
0
0
0
0
0
0
0
0
0
0
0
0
0
0
0
0
0
0
0
0
0
0
0
0
0
0
0
0
0
0
0
0
0
0
0
0
0
0
0
0
0
0
0
0
0
0
0
0
0
0
0
0
0
0
0
0
0
0
0
0
0
0
0
0
0
0
0
0
0
-1000
0
1000
0
0
102.534907554854
0
0
0
0
0
0
0
0
0
0
0
0
0
0
0
0
0
0
0
0
0
0
0
0
0
0
-117.052279436288
0
-1000
-0.0043539126882024
0
0
0
0
0
0
0
0
-999.969573091329
0
0
0
0
0
0
0
0
0
0
0
0
0
0
0
0
0
0
0
0
0
0
0
0
0
0
0
0
0
0
0
0
0
0
0
0
0
0
0
0
0
0
0
0
0
0
0
0
0
0
0
0
0
0
0
0
0
0
0
0
0
0
0
0
0
0
0
0
0
0
0
0
0
0
0
-0.00177480961747278
-0.00177480961747278
-0.00177480961747278
-0.00177480961747278
0
-0.00177480961747278
-0.00177480961747278
0
-0.00177480961747278
-0.00177480961747278
-0.00177480961747278
-0.00177480961747278
0
-0.00177480961747278
-0.00177480961747278
-0.00177480961747278
-0.00177480961747278
-0.00177480961747278
-0.00177480961747278
-0.00177480961747278
0
-0.00177480961747278
-0.00177480961747278
-0.00177480961747278
0
-1000
105.166973146172
0
1000
0
0
0
0
0
0
0
0
0
0
0
