0
0
0
0
0
0
0
0
180.503239362127
0
1000
0
0
257.351357507078
0
0
999.739512593725
-999.739512593725
999.940216005117
0
0.0597839948828822
0
-1000
0.375785110692391
0
1000
-259.855822014355
0
-326.62384653296
0.0310110153394557
0
0
0
0
0
290.372365275973
0
0
0
35.8756961462945
0
0
0
0
0
0
0
0
0
0
0
0
0
0
0
0
0
0
0
0
0
0
0
0
0
0
0
0
0
326.62384653296
0
0
0
0
-1000
-1000
0
0
0
0
326.62384653296
0
-1000
0
0
0
0
0
0
0
0
0
0
0
0
0
1000
0
-1000
0
1000
-1000
0
0
0
0
0
0
0
0
0
0
0
0
0
0
0
182.215623786987
2.0456071113033
0
0
0
0
0
0
0
0
0
0
0
0
0
0
0
0
-1000
0
0
0
0
-1000
0
0
0
0
-14.967086069839
0
0
0
0
-852.692389010592
0
0
0
1000
0
0
482.374332514386
1000
1000
517.617126914916
0
552.859921315446
0
-1000
517.617126914916
774.968484421994
1000
-742.648642492922
0
552.859921315446
1000
0
0
0
0
0
1000
636.637977197599
0
0
0
0
0
-4.02195964451903
0
0
0
0
0
0
0
250.950017270524
-1000
0
0
0
0
0
0
0
0
0
0
1000
0
0
0
-4.02622992986778
0
771.487458854485
0
0
0
0
0
0
0
0
0
0
179.909529269408
283.93496163482
0
0
-1000
0.711715696800797
0
0.47163027430136
0
0
0
0
0.707445411452041
0
-33.0746998448684
0
0
0.0897554805728124
-999.910244519427
0
-0.0897554805727623
0
0
0
0
0
0
0
0
0
0
-1000
0
-1000
-182.215623786987
-1000
1000
0
-820.090470730592
0
-1000
-1000
-0.988544120557776
1000
0
0
-0.707445411451999
0
-1000
-1000
1.8907913825542
0
0
1000
0
0.183622269997424
0
-0.183622269997386
0
0.00182293049842324
0
0
0
0
2.21167042721199
0
0
0
1000
0
0
0
0
0
0
0
0
1000
0
1000
0.480170844998915
0
0
1000
0
-0.183622269997386
0
-0.707445411451999
0
0
0.707445411451999
0
0
0
0
0
0
0
0
-1000
0
0
0
-133.892150442703
0.707445411451999
0
1000
-0.988544120557776
0
0
0.00365645942997684
0
0
0
0
0
0
0
0
0
0
0
0
0
0
0
0
2.3581513715068
0
9.92719903211103
0
0
0
0
0
0
0
0
136.743815203318
-1000
-771.483188569136
-1000
-1000
1000
1000
-0.00182293049840609
0
-1000
1000
1000
1000
-1000
-1000
0
-1000
0
0
0
0
-1000
0
0
-1000
0
1000
1000
0
0
1000
-1000
0
0
0
0
0
0
0.988544120557738
-1000
1000
1000
1000
1000
-1000
-1000
0
-1000
-1000
1000
1000
1000
-1000
-1000
-0.471630274301333
0
1000
-1000
-643.317980073472
-1000
772.186363695239
-1000
-999.528369725699
1000
0
0
0
-1000
1000
0
0
0
-250.860261789951
0
0
0
367.355403486305
-367.417563296615
0
0
0
-30.0877858294693
0
0
0
128.894166764909
0
0
0
0
0
0
0
0
0
0
0
0.00365645942997684
0
999.97074832456
0.0292516754398093
-1000
0
1000
0
0
0
0
0
0
0
0
0
0
999.97074832456
0
0
0
0
0
0
0
0
0
0
0
1000
0
0
0
0
0
-1000
1000
0
0
0
0
0
0
0
0
0
0
0
0.00365645942997617
-1000
0.106757133719384
0.106757133719384
0
-999.292554588548
0
0
0
0
0
0
0
0
0
0
0.0292516754398147
-1000
0
0
-727.752810779089
0
0
0
0
0
0
0
0
0
0
0
0
0
0
0
0
0
0
0
0
0
0
0
0
0
0
0
0
0
0
0
0
0
0.166541128602315
0
0
1000
-1000
0
0
0
0
0
0
1000
0
0
0
0
0
0
0
0
0
0
0
0
0
0
0
0
0
0
0
0
0
0
0
0
0
0
0
592.990121859944
0
0
0.166541128602315
0
0
0
0
0
0
0
0
0
790.909648578638
0
0
0
0
0
0
0
0
0
0
0
0
0
0
0
0
0
0
0
0
0
0
0
0
0
0
0
0
0
0
0
0
0
-1000
0
0
0
0
0
0
0
0
0
0
0
0
0
33.0783563042984
0
33.0783563042984
0
0
0
0
0
0
0
0
0
0
0
0
0
0
0
0
0
0
0
0
500.014001413368
0
1000
0
500.018271698717
0
128.894166764909
0
0
0.772921648128691
0.772921648128691
0
0
0
0
0
0
0
0
0
0
0
0
0
0
0
0
0
0
0
0
0
0
0
0
0
0
0
-0.00365645942997617
0
0
0
1000
0
0
1000
0
0
0
0
292.559989624818
0
0
292.559989624818
0
0
0
0
0
0
0
0
0
0
292.559989624818
0
292.559989624818
0
0
0
13.2466062084732
37.7598988362527
24.1361650488906
17.6778552604179
26.2103667327796
8.62679336708394
20.176325470557
36.9113617837526
33.9886230473635
10.7481359983341
20.8362987336126
42.9454030459753
33.8943411526413
10.4652903141674
17.3478686288901
24.0418831541684
31.1601662056966
25.2204068381962
4.61981284138921
31.4430118898633
0
0
0
0
0
0
0
0
0
0
0
0
0
0
0
0
0
0
0
0
0
0
0
0
0
0
0
0
0
0
0
0
0
0
0
0
0
0
0
0
0
0
0
0
0
0
0
0
0
0
0
0
0
0
0
0
0
0
0
0
0
0
0
0
0
0
0
0
0
0
0
0
0
0
0
0
0
0
0
0
0
0
0
0
0
246.757246212054
0
0
246.757246212054
0
0
0
0
0
-1000
0
0
0
0
1000
1000
-1000
-1000
424.802300812565
0
89.9986572990543
0
0
0
0
-30.0877858294693
-697.170312171163
-514.954688384176
-1000
0
-272.276440896351
0
-272.396008886117
1000
1000
514.809498682317
1000
0
0
1000
0
-1000
-1000
-1000
0
0
727.752810779089
0
727.752810779089
272.276440896351
0
0
0
0
0
0
0
0
0
0
0
-1000
364.354223382388
1000
1000
0
500
0
0
5
0
0
0
0
0
0
196.09651136957
0
1.97708824111533
0
0
-0.00148028174214687
0
0
0
0
-0.00148028174214687
740.378913348159
363.318145289241
121.324971463069
-0.00148028174214687
0.00148028174214687
-0.00148028174214687
-0.551853310028378
0
-0.0925176088870785
0
-1000
-0.574719386406855
0
-0.00148028174214687
-0.00148028174214687
0.00148028174214687
-0.00148028174214687
0.00148028174214687
-0.00148028174214687
-0.00148028174214687
-0.00148028174214687
-0.00148028174214687
-0.00148028174214687
-0.00148028174214687
-0.00148028174214687
-0.00148028174214687
-0.00148028174214687
-0.00148028174214687
-0.00148028174214687
-0.0310859165861075
0
-0.0425581000880584
0
-0.0218341556973201
0.00148028174214687
0.00148028174214687
-0.145938235982044
0.00148028174214687
0.00148028174214687
0.00148028174214687
0.00148028174214687
-62.6537080003724
0
-0.0795651436429807
-0.400786281699084
-0.019775028518211
0.00148028174214687
0.00148028174214687
0.0140626765507932
0.00148028174214687
0.00148028174214687
-0.00148028174214687
0
0
0
0
0
0
0
0
0
0
0
0
0
0
0
0
0
0
0
0
0
0
0
0
0
0
0
0
0
0
0
0
0
0
0
0
0.00547276590771162
0
0
0
0
0
0
0
0
0
0
0
0
0
0
0
0
0
0
0
0
0
0
0
0
0
0
0
0
0
0
0
0
0
0
0
0
0
0
0
0
0
0
0
0
0
0
0
0
0
0
0
0
0
0
0
0
0
0
0
0
0
0
0
0
0
0
0
0
0
0
0
0
0
0
0
0
0
0
0
0
0
0
0
0
0
0
0
0
0
0
0
0
0
0
0
0
0
0
0
0
0
0
0
0
0
0
0
0
0
0
0
0
0
0
0
0
0
0
0
0
0
0
0
0
0
0
0
0
0
0
0
0
0
0
0
0
0
0
0
0
0
0.00148028174219403
136.142269100504
0.00148028174219403
0
0
0
0
0
0.00148028174219403
0.00148028174219403
0
0
0
0
0
0
0
0
0
0
0
0
0
0
0
0
0
0
0
0
0
0
0
0
0
0
0
0
0
0
0
0
0
0
0
0
0
0
0
0
0
0
0
0
0
0
0
0
0
0
0
0
0
0
0
0
0
0
0
0
0
0
0
0
0
0
0
0
0
0
0
0
0
0
0
0
0
0
0
0
0
0
0
0
0
0
61.9450231162969
0
0
0
0
0
0
0
0
0
0
0
0
0
0
0
0
0
0
0
0
0
0
0
0
0
0
0
0
0
0
0
0
0
0
0
0
0
0
0
0
0
0
0
0
0
0
0
0
0
0
0
0
0
0
0
0
0
0
0
0
0
0
0
0
0
0
0
0
0
0
0
0
0
0
0
0
0
0
0
0
0
0
0
0
0
0
0
0
0
0
0
0
0
0
0
0
0
0
0
0
0
0
0
0
0
-1000
0
0
0
0
0
0
0
0
0
0
0
0
0
0
0
0
0
0
0
0
0
0
0
0
0
0
0
0
0
0
0
0
0
0
0
0
0
0
0
0
0
0
0
0
0
0
0
0
0
0
0
0
0
0
0
0
0
-0.00456262546265407
0
0
0.00456262546265407
0
0.00456262546262327
0
0.00456262546262327
0
0
0
0
0
0
0
0
0
0
0
0
0
0
0
0
0
0
0
0
0
0
0
0
0
0
0
0
0
0
0
0
0
0
0
0
0
0
0
0
0
0
0
1000
1000
0
0
0
0
0
0
0
0
0
0
0
0
0
0
0
0
0
0
0
0
0
-1000
0
-1000
0
0
0
0
0
0
0
1000
1000
0
0
0
0
0
0
0
0
0
0
0
0
0
0
0
0
0
0
0
0
0
0
0
0
0
0
0
0
0
0
0
0
0
0
0
0
0
0
0
0
0
0
0
0
0
0
0
0
0
0
0
0
0
0
0
0
0
0
0
0
0
0
0
0
0
0
0
0
0
0
0
0
0
0
0
0
0
0
0
0
0
0
0
1000
337.469788405032
0
0
0.00148028174214687
0
-863.805550968084
0
136.140788818762
0
0
742.479099223272
-121.326451744812
363.318145289241
0
0
0
0.00547276590771162
0.573239104664594
0
-999.426760895335
1000
0
0
0
0
0
0
0
0
0
0
0
0
0
-1000
-0.00925176088867374
0
-0.0429281705236235
0
0.0430586548994825
0
0
0
0
-61.934291073666
0
0
0.0145940424205264
0
0
0
0
0
196.09651136957
-1000
1000
-196.09651136957
-196.09651136957
0
-337.444193189022
1000
-0.021938756579857
0
0
0.00148028174214687
-0.00148028174214687
0
0
136.194449031916
-136.194449031916
1000
0
-136.140788818762
-136.140788818762
0
0
1000
0
-257.520900776728
-742.479099223272
-1000
0
-636.681854710759
-363.318145289241
-1000
0
0
0
0
0
-1000
0
-0.573239104664594
0
0
0
-999.426760895335
999.426760895336
-1000
0
0
0
-1000
0
0
0
-1000
0
0
0
0
0
0
0
0
0
0
0
0
0
0
0
0
0
0
0
-1000
1000
-1000
0.0147245267963854
177.831618323025
0
-1000
0.0429281705236235
-1000
0
-0.0576526973200089
-0.0576526973200089
0
0
0
0
0
0
-1000
0
938.065708926334
61.9342910736659
-1000
0
-1000
0
-1000
0
-1000
0
0
0
0
0
0
0
0
0
0
-1000
0
0
0
0
0
0
0
0
0
0
0
0
0
0
0
0
0
0
0
0
0
0
0
0
0
0
0
0
0
0
0
0
0
0
0
0.00547276590771162
-0.00547276590771162
0
0
0
0
0
0
0
0
0
0
0
0
0
0
0
0
0
0
0
0
0
0
0
0
0
0
0
0
0
0
0
0
0
0
0
0
0.00547276590771162
-0.00547276590771162
0
0
0
0
0
0
0.0145940424205264
0.0145940424205264
0
0
0
0
0
0
0
0
0
0
0
0
0
0
0
0
-0.0145940424205264
-0.0145940424205264
0
0
0
0
0
0
0
0
0
0
0
0
0
0
0
0
0
0
0
0
0
0
0
0
0
0
0
0
0
0
0
0
0
0
0
0
0
0
0
0
0
0
0
0
0
1.19758408281007
0.00365645942997684
0
0
0
0
0
0
0
0
0.15068145662548
0
0
0
0
0
0
0
0
0
0
0
0
0
0
0
0
0
0
0
0
0
0
0
0
0
0
0
0
0
0
0
0
0
0
0
0
0
0
0
0
0
0
0
0
0
0
0
0
0
0
136.194449031916
136.194449031916
136.194449031916
0
0
0
0
136.139308537019
136.139308537019
0
0
0
0
0
0
0
0
0
0
0
0
0
0
0
0
0
0
0
0
0
0
0
0
0
0
0
0
0
0
0
0
0
0
0
0
0
0
0
0
0
0
0
0
0
0
0
0
0
0
0
0
0
0
0
0
0
0
0
0
0
0
0
0
0
0
0
0
0
0
0
0
0
0
0
0
0
0
0
0
0
0
0
0
136.140788818762
136.140788818762
136.140788818762
136.140788818762
-136.140788818762
0
0
0
0
0
0
0
0
0
0
0
0
0
0
0
0
0
0
0
0
0
0
0
0
0
0
0
0
0
0
0
0
0
0
0
0
0
0
0
0
0
0
0
0
0
0
0
0
0
0
0
0
0
0
0
0
0
0
0
0
0
0
0
0
0
0
0
0
0
0
0
0
0
0
0
0
0.00365645942997684
0.00365645942997684
0.00365645942997684
0.00365645942997684
0.00365645942997684
0
0
0
0
0
0
0
0
0
0
0
0
0
0
0
0
0
0
0
0
0
0
0
0
0
0
0
0
0
0
0
0
0
0
0
0
0
0
0
0
0
0
0
0
0
0
0
0
14.9670860698389
14.9670860698389
-14.967086069839
4.98049695127636
-2.48842024592318
2.48842024592319
2.48842024592319
2.48842024592319
2.48842024592319
2.48842024592319
2.48842024592319
2.48842024592319
2.48842024592319
2.48842024592319
2.48842024592319
2.48842024592319
0
2.48842024592318
2.48842024592319
2.48842024592319
2.48842024592319
2.48842024592319
2.48842024592319
2.48842024592319
0
0
0
2.48842024592319
0
2.48842024592319
2.4811285239295
0
0
0
0
0
0
0
0
0
0
0
0
0
0
0
0
14.9670860698389
14.9670860698389
4.98049695127636
4.98049695127636
0
0
0
0
0
0
0
0
0
0
0
0
0
0
0
0
0
0
0
0
0
0
0
0
0
0
0
0
0
0
0
0
0
0
0
0
0
0
0
0
0
0
0
0
0
0
0
0
0
0
0
0
0
0
0
0
0
0
0
0
0
0
0
0
0
0
0
0
0
0
0
0
0
0
0
0
0
0
0
0
0
0
0
0
0
0
0
0
0
0
0
0
0
0
0
0
0
0
0
0
0
0
0
0
0
0
0
0
0
0
0
0
0
0
0
0
0
0
0
0
0
0
0
0
0
0
0
0
0
0
0
0
0
0
0
0
0
0
0
0
0
0
0
0
0
0
0
0
0
0
0
0
0
0
0
0
0
0
0
0
0
0
0
0
0
0
0
0
0
0
0
0
0
0
0
0
0
0
0
0
0
0
0
0
0
0
0
0
0
0
0
0
1.19758408281007
1.19758408281007
1.19758408281007
0
0.0255528222773164
0.0255528222773164
0
-1.22313690508736
1.22313690508738
0.0255528222773164
0
0
0
0
0
0
0.0255528222773164
0
0.0255528222773164
0.0255528222773164
1000
0
0
0
0
0
0
0
0
0
0
0
0
0
0
0
0
0
0
0
0
0
0
0
0
0
0
0
0
0
0
0
0
0
0
0
0
0
0
0
0
0
0
0
0
0
0
0
0
0
0
0
0
0
0
0
0
0
0
0
0
0
0
0
0
0
0
0
0
0
0
0
0
0
0
0
0
0
0
0
0
0
0
0
0
0
0
0
0
0
0
0
0
0
0
0
0
0
0
0
0
0
0
0
0
0
0
0
1.19758408281007
0.00365645942997684
0
0
0
0
0
0
0
1.5765911171741
0
0
0
0.988544120557738
0.988544120557738
0.988544120557738
0
0
0
0
0
0
1.35192199886552
0
0
0
0.00365645942997684
0
0
0
0
-1.35192199886558
1.35192199886552
0
0
0
0
0
0
0
0
0
0
0.246565481155916
0
0.224669118308577
0
0
0
0
0
0
0
0
0
0
11.0224623086695
11.0224623086695
11.0224623086695
0
0
0
0
-0.150681456625534
0
0
0
0
0
0
0
0
0
0
0
0
0
0
0
0
0
0
0
0
0
0
0
0
0
0
0
0
0
0
0
0
0
0
0
0
0
0
0
0
0
0
0
0
0
0
0
0
0
0
0
0
0
0
0
0
0
0
0
0
0
0
0
0
0
0
0
0
0
0
0
0
0
0
0
0
0
0
0
0
0
0
0
0
0
0
0
0
0
0
0
0
0
0
0
0
0
0
0
0
0
0
0
0
0
0
0
0
0
0
0
0
0
0
0
1000
0
0
1000
1000
0
0
0
0
0
0
0
0
0
0
0
0
0
0
0
0
0
0
0
0
0
0
0
0
0
0
0
0
0
0
0
0
0
0
0
0
0
0
0
0
0
0
0
0
0
0
0
0
0
0
0
0
0
0
0
0
0
0
0
0
0
0
0
0
0
0
0
0
0
0
0
0
0
0
0
0
0
0
0
0
0
0
0
0
0
0
0
0
0
0
0
0
0
0
0
0
0
0
0
0
0
0
0
0
0
0
0
0
0
0
0
0
0
0
0
0
0
0
0
0
0
0
0
0
0
0
0
0
0
0
0
0
0
0
0
0
0
0
0
0
0
0
0
0
0
0
0
0
0
0
0
0
0
0
0
0
0
0
0
0
0
0
0
0
0
0
0
0
0
0
0
0
0
0
0
0
0
0
0
0
0
0
0
0
0
0
0
0
0
0
0
0
0
0
0
0
0
0
0
0
0
0
0
0
0
0
0
0
0
0
0
0
0
0
0
0
0
0
0
0
0
0
0
0
0
0
0
0
0
0
0
0
0
0
0
0
0
0
0
0
0
0
0
0
0
0
0
0
0
0
0
0
0
0
0
0
0
0
0
0
0
0
0
0
0
0
0
0
0
0
0
0
0
0
0
0
0
0
0
0
0
0
0
0
0
0
0
0
0
0
0
0
0
0
0
0
0
0
0
0
0
0
0
0
0
0
0
0
0
0
0
0
0
0
0
0
0
247.021004746115
0
0
0
0
0
0
0
0
0
0
0
0
0
0
0
0
0
0
0
0
0
0
0
0
0
0
0
0
0
0
0
0
0
0
0
0
0
0
0
0
0
0
0
0
0
0
0
0
0
0
0
0
0
0
0
0
0
0
0
0
0
0
0
0
0
0
0
0
0
0
0
0
0
0
0
0.166541128602315
0.166541128602315
0
0
0
0.166541128602262
0
0.166541128602315
-246.757246212054
0
0
0
0.0256217120926638
0
0
0
0
0
0
0
0
246.757246212054
0
0
0
0
1.0077873423113
0
0
0
0
0
0
1.0077873423113
0
1.0077873423113
1.0077873423113
0
0
0
0
0
0
0
0
0
0
0
0
0
0
0
0
0
0
0
0
0
0
0
0
0
0
0
0
0
0
0
0
0
0
0
0
0
120.318680007653
120.318680007653
0
0
0
0
0
0
0
0
0
0
0
0
0
0
0
0
0
0
0
0
0
0
0
0
0
0
0
0
0
0
0
0
0
0
0
0
0
0
0
0
0
0
0
0
0
0
0
0
1000
-1000
-32.3672544334164
1000
0
0
-1000
923.952028327362
0
0
0
1000
-1000
-1000
-33.0746998448684
1000
0
0
0
0
0
0
0
0
0
0
0
0
0
0
0
0
0
0
0
0
0
0
0
0
0
0
0
0
0
0
0
0
0
0
0
0
0
0
0
76.0479716726381
0
0
0
0
0
0
0
0
0
0
0
0
0
0
0
0
0
-999.99634354057
-1000
1000
-1000
1000
999.99634354057
-1000
0
0
0
0
0
0
0.00365645942997617
0
0
0
0
0
0
0
0.0146258377199074
0.00365645942997684
0.00365645942997684
0.00365645942997684
0.00365645942997684
0
0.00365645942997684
0
0
0
0
0
0
0
0.0145940424205163
0
0.00365645942997684
0.0218963628473396
1000
0.00182293049842324
0.00182293049842324
0.00365645942997617
0
0.012771111922093
0.00182293049842324
0.0273757527757142
-0.00182293049840609
0.00182293049842324
0.00182293049842324
0.00182293049842324
0.00182293049842324
0.00182293049842324
-0.00182293049840609
-0.00364586099681219
0.00182293049842324
0.00182293049842324
0.00182293049840609
0.00182293049842324
-0.00547938992838226
-0.00547938992838226
0.00365645942997617
0.00365645942997617
0.00182293049842324
0.00182293049842324
0.00365645942997684
0.00365645942997684
-0.00365645942997617
-0.00365645942997617
0.00365645942997617
0.00365645942997617
0.00182293049842324
0.00182293049842324
0.00182293049842324
0.00182293049842324
0.0456474514925276
-0.00547938992838226
-999.974447177723
0
0
0
0
0
0
0
0
0
0
0.00365645942997684
0
0
0
0
0.00182822971498842
0.00365645942997617
0.00365645942997617
0
0.00365645942997684
0
0
0
0
0
-0.00365645942997617
0
0
0.00729172199369294
0.00182293049842324
0.00546879149526971
0.00182293049842324
-0.00182293049840609
0.00182293049842324
0.00182293049842324
0.00182293049842324
0.00182293049842324
0.00182293049842324
0.00182293049842324
0.00364586099684647
0.00182293049842324
0.00182293049842324
0.00182293049842324
0.00182293049842324
0.00182293049842324
0
0.00182293049842324
0.00365645942997684
0.00365645942997684
0.00365645942997684
0.00365645942997684
0.00365645942997684
0.00365645942997684
0.00365645942997684
0.00365645942997684
0.00365645942997684
0.00365645942997684
0.00365645942997684
0.00365645942997684
0.00365645942997684
0.00365645942997684
0
0
0
0
0
0
0
0
0
0
0
0
-0.00365645942997617
0.00365645942997684
0.00365645942997684
0
0
0
0
0
0
0
0
0
0
0
0
0
0
0
0
0
0
0
0
0
0
0
0
0
0
0
0
0
0
0
0
0
0
0
0
0
0
0
0
0
0
0
0
0
0
0
0
0
0
0
0
0
0
0
0
0
0
0
0
1000
1000
0
0
0
0
0
0
0.00365645942997684
0
0
0
0
0
0
0
0
0
524.322956010703
0
0
0
0
0
0
0
0
0
0
0
0
0
0
-811.752887074633
0
0
0
-196.09651136957
0
-1.97708824111533
0
0
0
0.00148028174219403
0
0
0
0
0
0
0
0
0
0.00148028174219403
0
0
740.378913348159
0
0
0
121.324971463069
0.00148028174219403
0
0.00148028174219403
0
0.00148028174219403
0
0.551853310028359
0
0
0
0.092517608887127
0
0
0
0
0
0.574719386406833
0
0
0
0.00148028174219403
0
0.00148028174219403
0
0.00148028174219403
0
0.00148028174219403
0
0.00148028174219403
0
0.00148028174219403
0
0.00148028174219403
0
0.00148028174219403
0
0.00148028174219403
0
0.00148028174219403
0
0.00148028174219403
0
0.00148028174219403
0
0.00148028174219403
0
0.00148028174219403
0
0.00148028174219403
0
0.00148028174219403
0
0.0310859165860747
0
0
0
0.0425581000880784
0
0
0
0.021834155697362
0
0.00148028174219403
0
0.00148028174219403
0
0.145938235982002
0
0.00148028174219403
0
0.00148028174219403
0
0.00148028174219403
0
0.00148028174219403
0
62.6537080003723
0
0
0
0.0795651436429292
0
1000
0
0.0197750285181954
0
0.00148028174219403
0
0.00148028174219403
0
0.0140626765508433
0
0.00148028174219403
0
0.00148028174219403
0
0.00148028174219403
0
0
-1000
0
0
0
1000
0
0
0
0
-33.0783563042984
-1000
-1000
1.0077873423113
-716.06503836518
1000
284.024717115393
0
118.966758008787
1000
-1000
-1000
0
0
1000
0
0
0
0
-5.58602782974685
959.16179854807
0
0
0
0
-1000
962.899070225264
-0.00365645942997617
0
0
-3.20021454776975
0
0
0
0
0
0.0310110153394589
1000
1000
-1000
33.0746998448685
-1000
0
930.901726720977
0
0
-48.4823203862043
0
0
1000
1000
1000
1000
0
-950.452466168756
0
0
-1000
0
1000
1000
0
0
0
0
0
-502.686910792799
0
0
0
0
0
0
0
0
0
1000
0
1000
0
0
0
0
0
537.899009986256
0
0
0
0
1000
0
0
0
0
0
1000
0
0
-1000
-1000
-1000
-1000
1000
1000
-35.0014623094671
-1000
-1000
-1000
-1000
-1000
1000
-1000
-1000
-1000
-1000
1000
-1000
1000
1000
-1000
-1000
-1000
-1000
1000
1000
1000
1000
1000
682.818317856548
1000
-1000
-1000
-1000
-1000
-1000
-1000
-1000
-1000
-1000
1000
-1000
-1000
-1000
-1000
-965.730583831686
1000
-1000
-1000
-1000
-1000
-1000
1000
660.575113336193
-1000
-1000
-44.6982699525817
-1000
1000
-1000
-1000
-1000
-1000
-1000
-1000
-1000
-1000
-1000
1000
-1000
-1000
-62.7559346527696
1000
1000
-1000
-1000
-1000
-1000
-17.7290986846033
-826.195859874222
1000
1000
-1000
-1000
1000
-1000
1000
-1000
1000
1000
1000
-1000
-1000
1000
1000
1000
1000
-950.943162857572
-1000
858.014656874778
-1000
1000
-1000
1000
1000
-996.560104110691
-1000
978.728132160812
1000
1000
1000
1000
-1000
1000
1000
-1000
-1000
-1000
975.770528995438
-1000
-941.752349567682
-1000
-999.97074832456
1000
-1000
1000
0
0
0
0
0
0
0
0
0
0
0
0
0
0
0
0
0
0
0
0
0
0
0
0
0
0
0
0
0
0
0
0
0
0
0
0
0
0
0
0
0
0
0
0
0
0
0
0
0
0
0
0
0
0
0
0
0
0
0
0
0
0
0
0
0
0
0
0
0
0
0
0
0
0
0
0
0
0
0
0
0
0
0
0
0
0
0
0
0
0
0
0
0
0
0
0
0
0
0
0
0
0
0
0
0
0
0
0
0
0
0
0
0
0
0
0
0
0
0
0
0
0
0
0
0
0
0
0
0
0
0
0
0
0
0
0
0
0
0
0
0
0
0
0
0
0
0
0
0
0
0
0
0
0
0
0
0
0
0
0
0
0
0
0
0
0
0
0
0
0
0
0
0
0
0
0
0
0
0
0
0
0
0
0
0
0
0
0
0
0
0
0
0
0
0
0
0
960.681447011444
0
0
0
0
0
0
0
0
0
0
0
0
0
0
0
0
0
0
0
0
0
0
0
0
0
0
0
0
0
0
0
0
0
0
0
0
0
0
0
0
0
0
0
0
0
0
0
0
0
0
0
0
0
0
0
0
0
0
0
0
0
0
0
0
0
0
0
0
0
0
0
0
0
0
0
0
0
0
0
0
0
0
0
0
0
0
0
0
0
0
0
0
0
0
0
0
0
0
0
0
0
0
0
0
0
0
0
0
0
0
0
0
0
0
0
0
0
0
0
0
0
0
0
0.00365645942997684
0
0
0
0
1000
1000
394.916212553971
1000
1000
1000
1000
1000
-1000
-147.307610989408
-1000
-1000
1000
1000
1000
0
-1000
-1000
1000
-1000
1000
-1000
1000
-1000
-1000
-1000
-1000
26.1658602664775
1000
1000
-1000
-1000
1000
-1000
-1000
1000
1000
-1000
-1000
-1000
-999.948883757012
1000
-1000
-1000
-1000
1000
-394.916212553971
1000
-819.496760637873
-1000
-1000
-1000
-1000
-1000
-1000
0
0
0
0
0
0
-1000
1000
0
0
0
0
1000
-1000
0
0
0
0
0
0
-1000
-1000
-0.480170844998952
0
0
0
0
1000
0
0
0
0
0
0
0
0
0
0
0
-0.00365645942997617
0.00365645942997684
0
0
-0.00365645942997617
-0.00365645942997617
0
0
0
0
0
0
0
0
499.908188865001
0
0
0
0
0
0
0
0
0
0
0
0
290.339441243453
0
0
0
0
0
0
0
0.00365645942997684
0
0
-1000
-1000
1000
1000
1000
0
0
0
0
0
0
0
0
0
246.757246212054
0
0
0
0
0
0
0
0
0
0
0
-1000
0
0
0
0
0.00365645942997684
0
0
0
250.045905567499
1000
0
0
0
0
0
0
-959.16179854807
1000
0
0
0
0
0
0
0
0
0
0
0
0
0
0
0.400786281699034
0
0
0
0
0
0
0
0
0
0
0
0
0
0
0
0
0.00365645942997684
0
0
0
0
1000
0
1000
0
-1.97708824111533
0
1.97708824111548
0
0
0
0
0.00546879149526971
1000
0
-1000
0
0
0
0
0
0
0
0
0
-0.0292516754398093
0
0.00365645942997617
0
1000
-1000
-938.897078839454
1000
0
1000
1000
0
-1000
-1000
0
-1000
1000
1000
0
0
0
0
1000
-969.301563365655
1000
0
0
0
1000
0
0.00365645942997617
0
0
1000
0
0
0
1000
1000
-999.97074832456
0
-1000
0
0
-1000
0.00365645942997684
-1000
1000
0
0
0
0
0
0
0
0
908.343831906968
0
0
-212.914060421332
1000
0
499.980811536817
500.010063212257
0
0
0
0
0
499.980811536817
0
0
0
815.814600890757
0
0
0
0
0
0
0
0
0
0
0
0
0
0
0.988544120557738
0
0.00365645942997684
-0.00365645942997617
0.00365645942997684
0.00365645942997684
0
0
211.173519735805
-211.173519735805
0.00365645942997617
0
0
0
0.988544120557776
0
0
-0.0109693782899285
-1000
-1000
1000
1000
-1000
-1000
0
0
1000
-1000
1000
-1000
0
0
0
0
0
0
0
0
0
0
0
0
0
0
0
0
0
0
0
0
0
0
0
0
0
0
0
0
0
0
0
0.00182293049842324
0
1000
0
0
0
0
0
0
0.00365645942997684
-1000
1000
0
0
0
0
0
0
0
0
0
0
0
0
0
0
0
0
0
0
0
0
0
0
0
0
1000
0
0
0
0
0
0
0
0
0
0
0
0
0
0
0
0
0
0
0
0
0
0
0
0
0
0
0
0
0
0
2.35815137150678
0
0
0
0
0
0
0
0
0
0
0
0
0
0
0
0
0
0
0
0
0
0
0
0
0
0
0
0
0
0
0
0
0
0
0
0
0
0
0
0
0
0
0
0
0
0
0
0
0
0
0
0
0
0
0
0
0
0
0
0
0
0
0
0
0
0
0
0
0
0
0
0
0
0
0
0
0
0
0
0
0
0
0
0
0
0
0
0
0
0
0
0
0
0
0
0
0
0
0
0
0
0
0
0
0
0
0
0
0
0
0
0
0
-999.968988984661
0
0.00182293049840609
0
0.0291880848410528
0
0
-0.0310110153394589
0
1000
0.0164169729189325
0
0
0
0
0
0
0
0
0
0
0
0
0
0
0
0
0
0
0
0.00365645942997684
0.00365645942997684
0.00365645942997684
-1000
-1000
0
-337.444193189022
-1000
0
0
0
0
0
0
-1000
500.010063212257
0
0
0
0
0
0
0
0
0
0
-1000
0
878.673548255189
-121.326451744812
-1000
-1000
-1000
-999.426760895335
-1000
-1000
0
0
0
0
0
0
0
0
0
0
-1000
0
1000
0.400497123941376
0.00365645942997684
0.00365645942997684
0.00365645942997684
0.00365645942997684
0.00365645942997684
0
0
0
1000
0.0810454253851232
0
0
0
0
0.00148028174219403
0
0
0
0
0
0
0
0
0
-1000
0
0
0
0
0
0
-177.831618323025
-1000
0
1000
0
0
-1000
0
0
0
0
0
0
0
0
0
0
0
0
0
0
0
0
0
0
0
0
0
61.934291073666
0
0
0
0
0
0
0
0.0147245267964063
0
0
0
0
0
0.0576526973200332
0
0
0
0
0
0
0
0
0
0
0.00365645942997684
966.925300155131
0
0
0
0
0
0
0
0
0
-1000
0
0
0
0
0
0
0
1000
1000
-1000
-1000
-1000
-1000
1000
0
0.0218963628473396
0
0
0
0
1000
-1000
0
0
246.757246212054
0
0
0
999.97806124342
14.7478115539937
0
0
0
0
0
0.588046996616362
0.588046996616362
0
-999.967166054162
0
0
0
0
0
0
0.37119245633591
0
1000
0
0
0
0
0
0
0
999.985275473204
0.00365645942997684
0
0
0
0
0
0
0
1000
-1000
0
0
999.957071829476
0
0
0
1000
0
0
0
0
-742.479099223272
0
-1000
0
0
0
-1000
-1000
0
0
0
0
-136.140788818762
0
0
134.162220295904
-1000
1000
-1000
1000
-1000
1000
-999.99268708114
0
0
0
0
-1000
-969.446753067514
0
0
637.724901804595
0
0
0
0
0.00547276590769359
0
0
0
0
0
0
0
0
0
0
0
0
0
0
0
0
0
0
0
0
1000
0
-1000
-1000
-1000
-1000
908.343831906968
1000
0
0
0
0
0
0
0
0
0
0
-247.021004746115
0
1000
0.00182293049842324
0.00182293049842324
0
43.3809721515506
-1000
-1000
0
0
363.318145289241
0
0
0
0
0
0
0
0
0
0
0
0
0
0
0
0
0
0
0
0
0
0
0
0
0
-0.0145940424205264
0
0
0
0
0
0
0
0
0
0
0
0
0
0
0
0
0
0
0
0
0
0
0
0
0
0
0
0
0
0
0
0
0
0
0
0
0
0
0
0
0
0
0
0
0
0
-1000
0
-1000
0
0
0
0
0
0
-1000
0
0
0
0
0
0
0
0
0
0
0
-1000
0
0
0
0
0
0
0
0
0
0
0
0
0
1000
0
0
0
0
0
0
0
0
0
0
0
0
0
0
0
0
0
0
0
0
134.162220295904
0
0
0
0
0
0
0
0
0
0
0
0
0
0
0
0
0
0
0
0
0
0
136.139308537019
0
0
0
0
0
0
0
0
0
0
0
0
0
0
0
0
0
0
0
0
0
0
0
0
0
0
0
0
0
0
0
0
0
0
0
0
0
0
0
0
0
0
0
0
0
0
0
0
0
0
0
0
0
0
0
0
0
0
0
0
0
0
0
0
0
0
0
0
0
0
0
0
0
0
0
0
0
0
0
0
0
0
0
0
0
0
0
0
0
0
0
0
0
0
0
0
0
0
0
0
0
0
0
0
0
0
0
0
0
0
0
0
0
0
0
0
0
0
0
0
0
0
0
0
0
0
0
0
0
0
0
0
0
0
0
0
0
0
0
-1000
0
0
0
0
0
0
0
0
0
0
0
0
0
0
0
0
0
0
0
0
0
517.619973771815
0
0
0
0
17.6171269149161
0
407.009878140056
-1000
593.156662988546
0
0
-1000
0
0
0
0
-0.0255952160098332
0.021938756579861
0
0
0
0
0
0
0
0
0
0
0
0
0
0
0
-33.0783563042984
0
0
0
0
0
0
0
0
0
0
0
0
0
0
0
0
0
0
0
0
0
0
0
0
0
0
0
0
0
0
0
0
0
0
0
0
0
0
0
0
0
0
0
0
0
0
0
0
0
0
0
0
0
0
0
0
0
0
0
0
0
0
0
0
0
0
0
0
0
0
0
0
0
0
0
0
0
0
0
0
0
0
0
0
0
0
0
0
0
0
0
0
0
0
0
0
0
0
0
0
0
0
0
0
0
0
0
0
0
0
0
0
0
0
0
0
0
0
0
0
0
0
0
0
0
0
0
0
0
0
0
0
0
0
0
0
0
0
0
0
0
0
0
0
0
0
0
0
0
0
0
0
0
0
0
0
0
0
0
0
0
0
0
0
0
0
0
0
0
0
0
0
0
0
0
0
0
0
0
0
0
0
0
0
0
0
0
0
0
0
0
0
0
0
0
0
0
0
0
0
0
0
0
0
0
0
0
0
0
0
0
0
0
0
0
0
0
0
0
0
0
0
0
0
0
0
0
0
0
0
0
0
0
0
0
0
0
0
0
0
0
0
0
0
0
0
0
0
0
0
0
0
0
0
0
0
0
0
0
0
0
0
0
0
0
0
0
0
0
0
0
0
0
0
0
0
0
363.318145289241
0
0
0
0
0
0
0
0
0
0
0
-1000
0
0
1.0077873423113
0
0.00365645942997617
-790.474079473063
0
0
0
0
0
0
0
0
0
0
0
0
0
0
0
0
0
0
0
0
0
0
0
0
0
0
0
0
0
0
0
0
0
0
0
0
0
0
0
0
0
0
0
0
0
0
0
0
0
0
0
0
0
0
0
0
0
0
0
0
0
0
0
0
0
0
0
0
0
0
0
0
0
0
0
0
0
0
0
0
0
0
0
0
0
0
0
0
0
0
0
0
0
0
0
0
0
0
0
0
0
0
0
0
0
0
0
0
0
0
0
0
0
0
0
0
0
0
0
0
0
0
0
0
0
0
0
0
0
0
0
0
0
0
0
0
0
0
0
0
0
0
0
0
0
0
0
0
0
0
0
0
0
0
0
0
0
0
0
0
0
852.692389010592
0
0
0
0
0
0
0
1000
0.00365645942997617
0
0
-1000
1000
0
0
0
0
0
0
0
0
0
0
0
0
0
0
0
0
1000
-1000
0
0
1000
0
0
0
0
440.059573444808
0
0
0
0
0
0
0
0
0
0
0
0
0
0
0
0
0
0
0
0
0
0
0
0
0
0
0
0
0
0
0
0
0
0
0
0
0
0
0
0
0
0
0
0
0
0
0
0
0
0
0
0
0
0
0
0
0
0
0
0
0
0
0
0
0
0
0
0
0
0
0
0
0
0
0
0
0
0
0
0
0
0
0
0
0
0
0
0
0
0
0
0
0
0
0
0
0
0
0
0
0
0
0
0
0
0
0
0
0
0
0
0
0
0
0
0
0
0
0
0
0
0
0
0
0
0
0
0
0
0
0
0
0
0
0
0
0
0
0
0
0
0
0
0
0
0
0
1000
500
88.3202760863971
-3.70070435548507
0
0
-0.988544120557776
0
0
0
471.409473611144
19.536445070311
42.702853487773
0.105984331303676
88.3202760863971
0
0
0
0
0
0
0
0
0
0
0
0
0
0
0
0
0
0
0
865.944370194298
-1000
0
-1000
-0.0621598103095948
-1000
0
-1000
0
0
0
0
0
0
0
0
0
0
-0.00456262546265407
0.00365645942997684
0
0
0
0
0
0
0
0
0
0
0
0
0
0
0
0
0
0
0
196.09651136957
0
1.97708824111533
0
0
440.090584460148
-62.6537080003724
-0.0310859165861075
0
-10.8506228467047
-21.2718678391878
-1000
-34.0181794277559
22.4550654322262
-808.466761189619
-26.8772775535218
-4.66251569487702
-31.8187970005557
-1000
-1000
0
0
0
0
0
-1000
-39.3185529885565
-17.7290986846033
-317.181682143452
-13.4808580767371
-10.4288537842677
-24.2002193291223
-35.0014623094671
975.654926586069
-34.2694161683139
0
524.322956010703
1000
-1000
0
1000
-0.00365645942997617
0
999.816377730003
-1000
0
0
0
0
0
0
1000
-1000
0
0
0
0
0
1000
0
0
0
-0.00365645942997617
0
0
0
0
0
0
0
0
0
0
0
290.339441243453
-290.339441243453
0
0
0
0
0
1000
0
180.503239362127
0
0
-1000
1000
246.757246212054
-0.00365645942997617
-0.00365645942997617
-1.0077873423113
33.0746998448685
0
0
-0.00365645942997617
0
-0.00365645942997617
0
0
0
-0.00365645942997617
0
0
0
-0.00365645942997617
0
0
0
0
0
1000
0
0
0
0
0
852.692389010592
0
0
0
0
0
-33.0783563042984
0
0
0
0
0
0
0
283.93496163482
0
0
0
-973.834139733523
0
1000
0
0
-0.00365645942997617
-1000
0
0
0
0
0
0
0
0
0
0
0
0
0
1000
-3.20021454776975
-0.480170844998952
-1000
-1000
0
0
0
0
0
0
0
0
2.48842024592318
0
0
0
0
0
33.0746998448685
0
0
0
0
962.899070225264
1000
284.024717115393
0
0
118.966758008787
-283.93496163482
0
0
0
0
0
0
0
0
0
-1000
0
0
0
0
0
0
0
-0.0511162429877459
-1000
0
0
0
0
0
0
-1000
1000
0
0
0
0
0
0
1000
-1000
-1000
-5.58602782974685
0
0
0
0
0
0
0
0
-1000
0
1000
0
-0.019775028518211
-0.00148028174214687
-0.400786281699084
-502.686910792799
-0.0218341556973201
-0.145938235982044
-0.0140626765507932
-0.0795651436429807
-0.0425581000880584
0
0
0
740.378913348159
0
-0.00148028174214687
0
-0.00148028174214687
-0.00148028174214687
0
0
0
-0.00148028174214687
-0.551853310028378
0
0
-14.7478115539938
0
-0.371192456335962
-0.00148028174214687
0
0
-0.00148028174214687
-0.00148028174214687
-0.00148028174214687
-0.00148028174214687
0
0
-0.0925176088870785
0
0
0
-1000
1000
0
0
-1000
1000
-0.00365645942997617
-524.322956010703
999.99268708114
-999.99268708114
0
0
0
-1000
0
0
524.322956010703
0
0
0
0
0
0
0
0
0
0
0
0
0
0
0
0
0
0
0
0
-1000
1000
-43.3809721515506
43.3809721515506
1000
-1000
1000
-1000
-1000
440.059573444808
-1000
-1000
0
0
0
-0.00148028174214687
-0.00148028174214687
0
0
0
0
0
592.990121859944
-593.156662988546
-0.0255952160098332
0.021938756579857
0
0
0
0
0
1000
0
-33.0783563042984
0
0
0
0
0
0
0
0
0
0
0
0
0
0
0
0
0
0
0
0
0
0
0
0
0
0
0
0
0
0
0
0
0
0
0
0
0
0
0
0
0
0
0
0
0
0
0
0
0
0
0
0
0
0
0
0
0
0
0
0
0
0
0
0
0
0
0
0
0
0
0
-0.00148028174214687
0
0
0
0
0
0
0
0
0
0
0
0
0
0
0
0
0
0
0
0
0
0
0
0
0
0
0
0
0
0
0
0
0
0
0
0
0
0
0
0
0
0
0
0
0
0
0
0
0
0
0
0
0
0
0
0
0
0
0
0
0
0
0
0
0
0
0
0
0
0
0
0
0
0
0
0
0
0
0
0
0
0
0
0
0
0
0
0
0
0
0
0
0
0
0
0
0
0
0
0
0
0
0
0
0
0
0
0
0
0
0
0
0
0
0
0
0
0
0
0
0
0
0
0
0
0
0
0
0
0
0
0
0
0
0
0
0
0
0
0
0
0
0
0
0
0
0
0
0
0
0
0
0
0
0
0
0
0
0
0
0
0
0
0
0
0
0
0
0
0
0
0
0
0
0
0
0
0
0
0
0
0
0
0
0
0
0
0
0
0
0
0
0
0
0
0
0
0
0
0
0
0
0
0
0
0
0
0
0
0
0
0
0
0
0
0
0
0
0
0
0
0
0
0
0
0
0
0
0
0
0
0
0
0
0
0
0
0
0
0
0
0
0
0
0
0
0
0
0
0
0
0
0
0
0
0
0
-852.692389010592
0
1000
0
0
999.97074832456
790.474079473063
0
0
0
0
0
0
0
0
0
0
0
0
0
0
0
0
0
0
0
0
0
0
0
0
1000
-1000
0
0
-0.00365645942997617
0
0
0
0
0
0
0
0
559.940426555192
0
0
0
0
0
-1000
0
0
0
0
0
0
0
0
0
0
0
0
0
0
0
0
0
0
0
0
0
0
0
0
0
0
0
0
0
0
0
0
0
0
0
0
0
0
0
0
0
0
0
0
0
0
0
0
0
0
0
0
0
0
0
0
0
0
0
0
0
0
0
0
0
-0.00148028174214687
-0.00148028174214687
-0.00148028174214687
-0.00148028174214687
0
-0.00148028174214687
-0.574719386406855
0
-0.00148028174214687
-0.00148028174214687
-0.00148028174214687
-0.00148028174214687
121.324971463069
-0.00148028174214687
-0.00148028174214687
-0.00148028174214687
-0.00148028174214687
-0.00148028174214687
-0.00148028174214687
-0.00148028174214687
0
-0.00148028174214687
-0.00148028174214687
-0.00148028174214687
0
-1000
88.3202760863971
0
0
0
0
0
0
0
0
0
0
0
