Abundance..F16..127C..Sample..5A.	Abundance..F16..127N..Sample..5B.	Abundance..F16..128C..Sample..2B.	Abundance..F16..129C..Sample..2A.	Abundance..F16..130C..Sample..1A.	Abundance..F16..130N..Sample..4B.	Abundance..F16..131N..Sample..1B.	Abundance..F16..132C..Sample..4A.	Abundance..F16..132N..Sample..6A.	Abundance..F16..133C..Sample..3A.	Abundance..F16..133N..Sample..6B.	Abundance..F16..134N..Sample..3B.
26.6296150438175	26.575623055766	26.558541774062	26.5623006178767	26.4321769147696	26.6053166963933	26.4238933143465	26.5567651403133	26.5686287279584	26.368908970488	26.5286636135941	26.403479690856
26.4047483944228	26.3610797632464	26.3874901652789	26.3839781270609	26.0749626930596	26.488796342589	26.1353784192994	26.3079127068649	26.2734352845952	26.0542794389359	26.2260566825006	26.1248830777342
26.0848757896829	26.010842733763	25.935403458756	26.016864645065	25.9515640637451	26.127611253998	25.8927986111122	26.0754009350947	26.0327404373173	25.7237262896497	26.017341200218	25.7988378988682
26.4321951042911	26.4196559504369	26.4818454931691	26.3986544902138	26.2317403742242	26.5008481471845	26.2146372377303	26.4011930311693	26.4247787807175	26.1901838021154	26.3713791778969	26.2261338967224
22.6563111049409	22.2876948138795	22.1191431398905	22.5403610230023	22.3955198702248	22.672972776607	22.2710356859517	22.5729701858831	22.7277545553167	22.4862806507377	22.3677392571808	22.3059775751815
22.6563111049409	22.2876948138795	22.1191431398905	22.5403610230023	22.3955198702248	22.672972776607	22.2710356859517	22.5729701858831	22.7277545553167	22.4862806507377	22.3677392571808	22.3059775751815
20.7849112519706	20.5027352122131	20.3377946064461	20.3546776763116	20.112518369857	20.8636001687182	20.2615392145263	20.4469124435008	20.9002079242289	20.3077712975126	20.5133701545142	20.2105710078999
20.7849112519706	20.5027352122131	20.3377946064461	20.3546776763116	20.112518369857	20.8636001687182	20.2615392145263	20.4469124435008	20.9002079242289	20.3077712975126	20.5133701545142	20.2105710078999
24.9179545782082	24.8900055549375	24.9110664468591	24.806888057404	24.6719739416148	24.9384690182467	24.6689364487031	24.8195495576212	24.8300575377673	24.5694606320692	24.7199554813661	24.6162344952696
23.7857354417026	23.7689148159072	23.7934874445146	23.8794426407084	23.6147431881574	23.9026999280733	23.7368806120027	23.7729488677817	23.7175923207662	23.4437516264042	23.7209800861277	23.4694583047841
24.5158082447749	24.4666764986488	24.4432769002913	24.3626867014995	24.1868393077787	24.5223455114558	24.2228008643941	24.3543473707759	24.3939673130057	24.1183032161557	24.3086193467081	24.1482509868287
23.9115428099285	23.9442402382439	23.9084686242737	23.8784053087585	23.6551683997632	24.0533233702799	23.7149393695705	23.9063572068996	23.8702322946011	23.7465138850686	23.8550469812229	23.7557726788702
23.7174515881146	23.8085226665747	23.858269746431	24.021722982248	24.202085595416	23.9903096251816	24.0106624328399	23.9093871698549	24.3059034244105	25.1193930502042	24.2660258827212	24.1884038610829
24.2322815074477	24.3228795942018	24.2283675588549	24.0788823316451	23.870286304646	24.2755843541076	23.9524580828648	24.0288502940722	24.1294933171617	23.9620607545798	24.2266182545102	24.004005645983
23.0491039991309	23.0175890258904	22.9061049295707	23.0052013230941	22.8511550486537	23.521929164469	22.8713065485941	23.2804021058077	23.1471377662466	23.183256120292	23.0168349515379	22.8868184200332
22.7296512678219	22.7233310784459	22.6436368409264	22.6928187956069	22.5943959898061	22.6703847647635	22.5899188038175	22.6509577585798	22.4205019474349	22.4703375501464	22.4885732830718	22.5005571958041
23.1935568554234	23.1620267303788	23.1356439839352	23.167008894452	23.2038558721453	23.1353504767784	23.1728307899856	23.151321227506	23.1436792181945	23.0582521659469	23.1203334399005	23.0683776037284
23.7395952937718	23.7313023744036	23.7755467324723	23.7420037290314	23.5292332033636	23.8959645918551	23.5268352757686	23.83426347054	23.7181755200253	23.3478531799894	23.6643981693914	23.4062613060472
23.5287816310362	23.4792228741454	23.3307838601372	23.3127378889179	23.2617191693247	23.5471397351191	23.2609188491712	23.3828949326385	23.4932731674075	23.2909860929006	23.3998042722594	23.3258021772948
23.5882213699722	23.565862401577	23.5065261545206	23.5932978523549	23.6274117527481	24.0252675598914	23.4918460614902	23.8986484697543	23.6356453595009	23.9494434266739	23.6998842953259	23.6818023528619
21.0873152642342	21.119518139792	21.3146927894029	21.2292849955054	21.0660365649738	21.1565957812013	21.1055490575771	21.1120211428759	21.0242240661231	20.8884698272581	21.0991104329178	20.9640952298135
22.6619509831878	22.498900651207	22.5534576931052	22.6093477069428	22.4537098213781	22.5867101571772	22.3897391712752	22.6020397447673	22.5558302357124	22.4358211317762	22.5508851659346	22.4262325899193
22.8015189133808	22.7946510453377	22.7955278160648	22.6572778335409	22.2007226656213	22.8905509118434	22.4058120799778	22.5484684255707	22.7178453597071	22.0127083100143	22.5668072749782	22.2296293353156
21.9944275728273	21.9022869400821	21.9028345562809	21.8116640239151	21.5704667268414	21.9469210184912	21.7677231964089	21.6574758689449	21.714007738397	21.4851765782794	21.6358461081594	21.5943313519358
21.0136087811998	20.9917151330377	21.0733717858002	21.5519635529993	21.4096440590122	21.0937547187652	21.3611205175445	21.5433432602255	20.8967343636892	21.3502876765023	21.311902150346	21.0606493283343
22.077375748376	21.9343896276923	22.008110173644	22.2582593883978	22.1297790894936	22.138617340963	22.0926089720624	22.3002377698758	22.0091242587846	21.9456166034072	22.0930883684133	21.9925008156094
22.7078664052286	22.574490852309	22.57930400385	22.6030762004856	22.3651573853679	22.5360074116269	22.3622339016937	22.5614476446106	22.3958433690024	22.2067476326247	22.4902963022385	22.2634986221455
21.0484121977242	21.0471014374267	21.2392276840866	21.2084501356381	20.6171462445275	21.026541446809	20.8632707761323	20.9366237090306	20.6807557990063	20.3597295309219	20.7529434280533	20.5103976154043
18.4516668353384	18.2094739303168	18.2965739843355	18.5125812569124	18.4954411140661	18.3621968320473	18.4333621704565	18.5842324624464	18.3158340099767	18.1847875907039	18.4674263454905	18.242976460008
24.0614345872786	23.9783575318032	24.0652071096631	24.0807404911108	23.7438348683218	24.052699507082	23.8117088229632	23.9849348640799	23.9407822653421	23.4968173470373	23.8855147350278	23.6455464348602
23.5366573244547	23.4795528137466	23.4705930103099	23.5367734801297	23.2652949508456	23.5987599150215	23.1973629966873	23.5025782425476	23.2581317363289	23.3445156463189	23.3652343164506	23.4033812209931
22.533300581892	22.6723797277618	22.649314643216	22.5795353272605	22.5271976322146	22.7429297002735	22.6790404583646	22.5660103352696	22.7262040567146	22.882732051502	22.666471425718	22.8102666013719
23.9682874463874	24.1034421425543	24.000457159166	23.821750486806	23.639356365283	23.9989175903376	23.6902734581179	23.7865319030462	23.828627046623	23.6921526880405	24.0005811188321	23.7628722392055
23.7540662079249	23.7661354285938	23.7238099208048	23.6860391738925	23.5234452299758	23.7597827226073	23.5182398560957	23.6748884263144	23.6562648810391	23.4283717573493	23.6233736906629	23.5123980889473
19.0899755230984	19.0549460697285	19.2361913248344	19.2451781846731	18.9333912498244	19.1345982535395	19.0101734176488	19.1476091909031	18.8921515083226	18.7013753205207	19.0273563625706	18.8187528256295
21.717617053645	21.6268536507487	21.5851791596278	21.4747708960547	21.2202291176331	21.6847283612165	21.4673017020219	21.2829535527253	21.4343128675198	21.1324415106461	21.3180662649609	21.2625789290714
23.8897451677439	23.8409509343515	23.8170031128237	23.7652980972187	23.1467053245145	24.3677316830081	23.0280605973202	24.236352152883	23.1960826840777	23.7896897850471	23.4264694476412	23.9324961433727
22.9812910186687	22.9328549433362	22.9377521586902	22.9785934956375	23.017538905883	22.9656682796805	22.9846802288693	22.9685235260733	23.0136730564506	22.9120070107446	22.9220818726841	22.9042349487032
21.880208772149	21.9874691077254	21.7285598764413	21.7190573843422	21.9451125556926	21.671136727199	21.9720109856174	21.7623791295518	21.9212510386977	21.9851637781671	21.9078117647407	21.987575298664
20.7394171961555	20.6506268068437	20.6076634128282	20.6549523313323	20.4866870405478	20.7028514023114	20.62537151207	20.5678649397216	20.5566090355836	20.5144083210775	20.5235906826714	20.5125275268866
22.9068866351398	22.9476212088901	23.1529367692912	23.0750058433186	22.7999616334968	22.9079795229092	22.8387238696385	22.8681322225983	22.7804514720667	22.594371581719	22.8460361799471	22.6758307685739
22.7640347953034	22.6505429612447	22.698867768876	22.8328112218619	22.7845302433386	22.903808669589	22.7673373688456	22.9156599402131	22.9868110393529	22.7570251204189	22.8228378697374	22.7193279876704
22.6151169454544	22.6016460388782	22.6390822131035	22.5955478020303	22.5050365353442	22.6273277868039	22.6235065588967	22.5425994983893	22.6542981526698	22.4573159823801	22.6126907569535	22.521173753019
19.6361795523692	19.7132883634572	19.6679866833378	19.3968925553734	19.1620812171148	19.6120891571683	19.1971428633543	19.3693761322893	19.5246413802114	19.3379189069398	19.4687529976574	19.3817856393321
23.1552149713994	23.2061446577571	23.3016094418503	23.2652527816642	23.1003803053259	23.2290355919988	23.1209616529614	23.1704498375777	23.249595947044	23.0844712389116	23.2488585997226	23.1601757086615
23.9468390794179	23.9241321063903	23.7896134120179	24.0038973344439	23.7776643535928	24.1137238439368	23.6299432415424	24.2709813387274	23.699935113734	23.6693334174592	23.8254635604981	23.7237437645937
22.5401257870818	22.6629111214154	22.5705260727331	22.4240177416058	22.3420736605599	22.5133971699353	22.3603718402144	22.4260233466287	22.4089130408022	22.2694694678284	22.4940134601027	22.3339816859996
21.8864441425371	21.8958732125982	22.0448295746772	22.1540506198439	22.4217015679559	21.9474506076408	22.5084572588887	21.950735172756	22.0667018968071	22.3560153783538	22.0919694658853	22.3196547339269
21.8864441425371	21.8958732125982	22.0448295746772	22.1540506198439	22.4217015679559	21.9474506076408	22.5084572588887	21.950735172756	22.0667018968071	22.3560153783538	22.0919694658853	22.3196547339269
21.8864441425371	21.8958732125982	22.0448295746772	22.1540506198439	22.4217015679559	21.9474506076408	22.5084572588887	21.950735172756	22.0667018968071	22.3560153783538	22.0919694658853	22.3196547339269
21.8499419890409	21.8690914275119	22.0115969503521	22.1130163149819	22.3681182122842	21.9165088446475	22.4638618155009	21.9050450107221	22.0353181701699	22.3053194795652	22.0318559809468	22.2646626991818
21.8499419890409	21.8690914275119	22.0115969503521	22.1130163149819	22.3681182122842	21.9165088446475	22.4638618155009	21.9050450107221	22.0353181701699	22.3053194795652	22.0318559809468	22.2646626991818
21.8499419890409	21.8690914275119	22.0115969503521	22.1130163149819	22.3681182122842	21.9165088446475	22.4638618155009	21.9050450107221	22.0353181701699	22.3053194795652	22.0318559809468	22.2646626991818
21.8499419890409	21.8690914275119	22.0115969503521	22.1130163149819	22.3681182122842	21.9165088446475	22.4638618155009	21.9050450107221	22.0353181701699	22.3053194795652	22.0318559809468	22.2646626991818
21.8499419890409	21.8690914275119	22.0115969503521	22.1130163149819	22.3681182122842	21.9165088446475	22.4638618155009	21.9050450107221	22.0353181701699	22.3053194795652	22.0318559809468	22.2646626991818
21.71537283332	21.7191716227773	21.8583810368352	21.9704573883155	22.2472914046589	21.7771555531934	22.3394448430243	21.7877807587416	21.8888092082687	22.1809344844429	21.9021546803351	22.1240854734815
21.71537283332	21.7191716227773	21.8583810368352	21.9704573883155	22.2472914046589	21.7771555531934	22.3394448430243	21.7877807587416	21.8888092082687	22.1809344844429	21.9021546803351	22.1240854734815
19.166437976211	19.1541888869501	19.2014298330045	19.1857239174439	19.2145454810433	19.1955230511796	19.243031878807	19.2928409941913	19.2001806333964	19.2155614476231	19.2912764984969	19.1060276827122
22.3140054499986	22.3803079318808	22.508352808118	22.2077883763074	21.8460159018628	22.3272463084779	21.9798608489118	22.1489414814611	22.166558211075	21.6652525155888	22.1679097173608	21.8496808785765
21.6742091176329	21.6888633604983	21.820502990197	21.9237633201569	22.1866758521707	21.7422899383449	22.289209127971	21.7365289389696	21.8532558430463	22.1235657161643	21.8333836972577	22.0609327734305
21.6742091176329	21.6888633604983	21.820502990197	21.9237633201569	22.1866758521707	21.7422899383449	22.289209127971	21.7365289389696	21.8532558430463	22.1235657161643	21.8333836972577	22.0609327734305
20.3701660311591	20.1684341394794	20.2126921665359	20.3463165439844	20.1715856155714	20.2181006977123	19.9798122193574	20.3468196014977	20.2403929702308	20.2483844016589	20.2523163287601	20.1939072541059
21.1948414961736	21.3378468344292	21.3669096896296	21.0563860549795	21.226878288358	21.2808227311679	21.3864301321777	21.0807893517167	21.3227054149679	21.5225654081089	21.2297144432168	21.3968223523008
22.3244133601941	22.276141648227	22.1971430867198	22.2652999054303	22.2160410302912	22.2894863850878	22.1076512701488	22.3140581054052	22.2457853920575	22.1464606761642	22.1832308849832	22.099746953346
22.7898789091476	22.8785607177956	22.9525451546258	22.7876789742554	22.556913199261	22.752714564164	22.6595132918369	22.6259932186395	22.6456394797408	22.5168535145817	22.697842469106	22.6573882139131
21.8663904914429	21.8611200601888	21.881379083923	21.8774877355458	21.5514729512903	21.9172634324636	21.5895611107914	21.8049200401831	21.7244509521964	21.4289452077617	21.7482353490341	21.4998370115764
21.5061907237346	21.4950168753603	21.6139413422406	21.801930174988	22.1242148254314	21.5940532536447	22.1556250831531	21.5992629884163	21.7085816961034	22.0376272682174	21.7049839977415	21.9660099580544
22.5159979470766	22.4712020043032	22.4522463390458	22.5262918148594	22.476868208912	22.5193668850825	22.3458887666871	22.627927745026	22.4588448420821	22.2891436084272	22.4554350443984	22.3339113396514
23.8906403534916	24.0305786138338	23.9104085156245	23.7434074224134	23.5744502274005	23.9167781155681	23.6137970829428	23.7132592717099	23.7570901118061	23.6297120627889	23.9395777814981	23.7032414553814
22.54953174433	22.5023827337968	22.4018310918171	22.3694240822313	22.3037070518545	22.5529344545038	22.3940719808911	22.489981321784	22.4791448838002	22.2263587415952	22.4672845410477	22.3082327386996
22.0511039261437	22.1738991572769	22.1162610799129	22.0275943213829	21.901381240748	22.0594125089977	21.9152672458432	22.0334874863135	21.9266461179945	21.7364186630375	22.0262297663603	21.7875866411044
21.894862121091	22.0792876918604	21.9750529838772	21.7602376229879	21.6677120644329	21.8788310688745	21.7257956535622	21.7842579368267	21.8007872878687	21.6422768010462	21.8374555575132	21.7313817625499
22.1325082949062	22.0970547849499	22.0694931571072	22.0719388164843	21.9481896122579	22.1305527014671	21.9519463119728	22.0292010089536	22.1743112091111	21.9033749727539	22.032259476361	21.9289087698167
22.5611399896874	22.4288236032625	22.342790785765	22.5795608686874	22.4618857858453	22.4237851406052	22.3989867314015	22.5724253344414	22.4812278346069	22.1797146617137	22.4902858825426	22.2381516463086
21.111270837411	21.1059458600712	21.0818621130857	20.9399613201663	20.7847049855543	21.2331880810674	20.8212788809993	21.0321376236054	21.0447737901637	20.7685644641186	20.8671189778177	20.8113941348402
22.4895084457192	22.2749908628972	22.2179609514357	22.3991104055897	22.311803200905	22.4362393667376	22.1592685682058	22.4426734637767	22.4055671395471	22.1740178691079	22.2519041168398	22.1587426841355
21.9594069796973	22.0912109273874	22.0481973639829	21.9637759735851	21.8990852003049	22.0624846481849	21.9731055257224	21.8874796552212	22.0407182875864	21.9855547876922	22.1747403875968	22.0950892432944
21.2082940225336	20.970693477872	20.9444069070199	20.9613062594522	20.7772191398096	21.1654610729193	20.9234679506884	20.9497376983217	20.9489419730361	20.7552853929547	20.8810061453128	20.680253852958
23.0290640416688	22.9375912938787	22.9175424162305	22.9609552371765	22.7412854793928	23.0682046416601	22.7521617922425	22.8552567765793	22.9225885970576	22.7452772451421	22.7978979514123	22.7299138655852
19.0853693956175	19.0209753465088	18.5463414888655	18.5979682131427	18.3358546649055	19.0600277201258	18.287195067656	18.9089208642767	18.4975994486583	18.2615971179298	18.5695967498531	18.3952183141186
21.7601417493834	21.6588492601917	21.6082403709486	21.8211112599822	21.8865444080506	22.1176152935728	21.7162612146057	22.1260633838836	21.7726537579083	22.1919058583439	21.7386999464122	21.8668198661906
22.4226669322472	22.4679410112906	22.3844395893185	22.44408456449	22.419741336777	22.4991075484911	22.4386837325592	22.3655931437042	22.4290760672543	22.5890691615431	22.3666314046214	22.4799350053002
21.0388929066748	20.9708789386401	21.0504209161109	21.3351158820901	21.6865418257362	21.121224035036	21.6974409654722	21.1741549012673	21.2252363301282	21.5761690748458	21.2252214153529	21.4683436666169
21.1528995950768	21.1467815806297	21.1286587894769	21.0154132515683	21.0623889879111	21.0859123414327	21.0775042500849	21.0270081325476	21.1641940561596	21.0781521565068	21.0729799298511	21.0611176446094
20.914263885227	20.8988082977978	20.8674849003849	20.8160550394937	20.7710653075919	20.9669003152418	20.7087680864775	20.9225371921415	20.9652844105781	20.6509512002741	20.8482107228091	20.7112348344355
21.8131671986717	21.8951690180222	21.8339361928504	21.7543798230119	21.5326273594032	21.9456487845377	21.683278041805	21.8749002115207	21.8032980064809	21.526380888863	21.9130607693186	21.7280170285957
22.2628550505373	22.2316337339313	22.2561785140338	22.2123701037962	22.136595247453	22.2026948028603	22.0871446560427	22.2388893235431	22.0402328523608	22.1109383056101	22.0757027180285	22.1357907415773
22.244610013729	22.2684763878349	22.2926416198002	22.1219341624727	21.6879958937012	22.2188095400309	21.8595795013011	21.9613024818878	22.1616027641643	21.5491484996468	22.0742333048887	21.7114094473663
21.0146217926651	21.0194177833756	20.9716214440918	20.8354149932378	20.7171537734548	21.0965731646842	20.7325036180686	20.8001859236653	20.921446004192	20.7053361304963	20.8713072897007	20.7769901209034
22.4526457990663	22.2996824300819	22.2975065388395	22.402605425523	22.1239096037558	22.5166049824866	22.1459143838073	22.2727230939451	22.3413838616516	22.1268855134927	22.135684544166	22.0828767962583
20.2928683375535	20.2590242206493	20.2543453139589	20.2739892983593	20.1473569946131	20.2782931753923	20.087228013754	20.3145390847903	20.1562397471121	19.8175268399632	20.1529438362222	19.967756151708
21.9175282037466	21.8303155429183	21.8933063903742	22.0017146832915	22.0514874895592	21.8789726190514	21.9323488292411	22.0541089846909	21.9691933963068	21.9370505791582	21.957204962195	21.925904159868
18.9573524507763	19.1047576773101	19.0594505474262	18.8231776679301	18.9592746236983	19.2224729660475	18.9255629684579	19.0489797902602	18.9258590344503	19.4679881862105	19.0656398900577	19.3756306708167
21.9263675193107	22.1679453432319	22.3500032838186	22.2057182713394	22.2032483457136	22.0971016316223	22.5063370753527	21.9213312163323	22.2970092334411	22.2408268593052	22.1054861761916	22.3230268971511
22.6256027134674	22.6635473325024	22.66461325735	22.7333229610171	22.5212442454547	22.6843946523436	22.5519078012232	22.7122987388422	22.5163529321664	22.3435717983726	22.6158851671757	22.4350761679079
21.173468356779	21.1436057346567	21.1553408819606	21.2350253752177	21.3783847951294	21.0602956748247	21.2489258725379	21.331672979871	21.0760540081862	21.2155347196489	21.1156514044863	21.2152493021931
22.745270060181	22.5993098736871	22.59949695123	22.6821248630506	22.4719832583468	22.8033016640532	22.4822967421795	22.5742706325836	22.6216244599878	22.4424921938267	22.4691861981466	22.3968047082838
21.0551512804864	21.0061723118659	21.1162121433753	21.2208979380427	21.0313630118613	21.0923774188522	21.0597615929885	21.1666035509517	21.0294587068439	21.0091439159961	21.0392353951759	21.0118804330249
22.2437208651653	22.2220865717103	22.2824524604581	22.8413221536174	23.2441779497264	22.4231583196748	23.0266689351295	22.77312815429	22.941157818075	24.1634009432358	23.0065725460673	22.9870390212296
21.43547202705	21.4248563143475	21.2783466799102	21.2041081775357	21.1061910225996	21.4129520029648	21.2844770236061	21.2837910860229	21.3438879457418	21.0128790233991	21.3822956348219	21.061008642859
22.7068227364506	22.9279189157147	22.8736105009589	22.391662329295	22.2553988802888	22.7562378421393	22.2722953132049	22.3412182423598	22.6034045785114	22.565235889922	22.9199260566719	22.666254752378
17.5168707648705	17.5238885815648	17.5221918183545	17.1752868453805	17.1059877276394	17.5164602730895	17.2108180680897	17.3414674251768	17.5862550901924	17.3295872817081	17.5178391970925	17.4389942359163
21.629306105507	21.7246776976063	21.6937193844825	21.4948745480809	21.4908677933614	21.6229380187862	21.4366371353136	21.5048971307958	21.4844553377882	21.4235058549855	21.565579658045	21.4939121508493
22.2391386600827	22.3646897401	22.4705566630484	22.4122946573593	22.6600790512536	22.1328724425642	22.8551972456841	22.2253145742952	22.1418448555603	22.7270995652338	22.4638050281959	22.8300762276875
22.2391386600827	22.3646897401	22.4705566630484	22.4122946573593	22.6600790512536	22.1328724425642	22.8551972456841	22.2253145742952	22.1418448555603	22.7270995652338	22.4638050281959	22.8300762276875
19.7938197270046	19.9087552542919	19.8548720312264	19.9575839582559	20.0834354199857	19.8633954170129	19.9592852325315	19.9344971619859	19.9337420834731	20.8734381778978	20.2804784439608	20.2118122268493
21.3253114009865	21.3470989530143	21.2086422466759	21.0858479171219	20.9678902009678	21.2959713320186	21.1587339939988	21.1604427619843	21.2233377214936	20.8976924257359	21.2685305539433	20.9547974827105
19.3503135177602	19.185887985061	19.2927172499297	19.5462932642537	19.731605456572	19.3764396404551	19.9969501428388	19.1663820066594	19.7278875695336	19.9459096102443	19.5041308897734	19.7597024605864
19.3503135177602	19.185887985061	19.2927172499297	19.5462932642537	19.731605456572	19.3764396404551	19.9969501428388	19.1663820066594	19.7278875695336	19.9459096102443	19.5041308897734	19.7597024605864
19.3503135177602	19.185887985061	19.2927172499297	19.5462932642537	19.731605456572	19.3764396404551	19.9969501428388	19.1663820066594	19.7278875695336	19.9459096102443	19.5041308897734	19.7597024605864
19.3503135177602	19.185887985061	19.2927172499297	19.5462932642537	19.731605456572	19.3764396404551	19.9969501428388	19.1663820066594	19.7278875695336	19.9459096102443	19.5041308897734	19.7597024605864
19.3503135177602	19.185887985061	19.2927172499297	19.5462932642537	19.731605456572	19.3764396404551	19.9969501428388	19.1663820066594	19.7278875695336	19.9459096102443	19.5041308897734	19.7597024605864
19.3503135177602	19.185887985061	19.2927172499297	19.5462932642537	19.731605456572	19.3764396404551	19.9969501428388	19.1663820066594	19.7278875695336	19.9459096102443	19.5041308897734	19.7597024605864
19.5860246166111	19.7367552761436	19.7283820879418	19.5553287689854	19.0219390073388	19.3530745347419	19.3159305802073	19.3055280219789	19.4187369525347	19.1185908265106	19.5797757649621	19.1649095821811
20.0793521858884	20.0470123144195	20.0280089944207	20.0291520257898	19.9766912161956	20.0825879047469	19.9879929311616	20.0161610321477	20.0460272860694	19.9875545094058	20.0444092905281	19.9676567300204
22.0601756340602	22.1991269853324	22.3048581524786	22.2247660759766	22.4625172560712	21.9517813444652	22.7046984901086	22.015432585376	21.9603850287597	22.5448539395033	22.2965109111213	22.6637182268474
19.3503135177602	19.185887985061	19.2927172499297	19.5462932642537	19.731605456572	19.3764396404551	19.9969501428388	19.1663820066594	19.7278875695336	19.9459096102443	19.5041308897734	19.7597024605864
20.6293029998628	20.8149332103283	21.2203645682584	21.0888167432754	20.9216715409625	20.9796110570107	21.2174423141361	20.7539140734287	21.0182613797728	20.9499528571191	20.9136147027101	20.8630259272758
18.337073657412	18.4084747830318	18.4378047260753	18.6046085247852	18.7342835561853	18.4016335643471	18.7483110394889	18.6139026154209	18.6010697136291	18.8587454217868	18.7122053571449	18.5283800290945
20.8089116462246	20.746089092125	20.6898618673336	20.8684304502894	20.8887073652501	20.7610663089429	20.792890489224	20.8692935647873	20.6805073176141	20.8069506465359	20.776659179333	20.7611311226687
20.7358840441737	20.7439556165392	20.6122008521716	20.5863742457128	20.4618567325003	20.7276027845298	20.4648157575843	20.5681030392373	20.737545797539	20.4102198901077	20.6015266294488	20.4380554164025
20.0997025489833	20.0474224327213	20.080773109324	20.0964865945943	20.0795661442915	20.0401353630986	20.0612947659134	20.1939567932275	20.0577447218649	20.0288233386915	20.0259157599011	19.9806445686448
19.9233530399943	19.9134830683863	19.9222916636703	20.0640325481481	20.0630628806733	19.8861669242421	19.9960129544027	20.0861102872722	19.8973827651816	20.0109535483837	19.9432538354654	19.9208857054791
20.7560251540535	20.7230191121715	20.7268225534492	20.8186315180674	21.0305015974396	20.624787298578	20.8460046669761	20.9475286667112	20.6616360477821	20.8854399399308	20.7123730237723	20.8629974848269
20.5882692511428	20.7728855000302	21.1893258032061	21.0529393619791	20.8590697803802	20.9426534506509	21.1727996389623	20.7043435103593	20.9873330237711	20.9036806232495	20.8737418715614	20.8157184949005
20.5882692511428	20.7728855000302	21.1893258032061	21.0529393619791	20.8590697803802	20.9426534506509	21.1727996389623	20.7043435103593	20.9873330237711	20.9036806232495	20.8737418715614	20.8157184949005
19.6491305679691	19.6665074688118	19.6625911012686	19.5198150690919	19.5743917638397	19.5696018452305	19.4582982509104	19.6788610985133	19.4750032910785	19.4965192740073	19.4772928606093	19.457859453253
16.4822480123975	16.6386750807112	16.6961914451564	16.5533873453504	16.2282878961724	16.4916082103022	16.6922175508625	16.4210962307856	16.939120716322	16.6675646009506	16.901120857739	16.4177046550536
21.0022376854878	20.8644704410975	20.9219118748055	21.041858100944	20.8247932439309	21.0884987064636	21.09063317944	20.9296309985561	21.1998273840479	20.8313710974872	21.0792600330138	20.8254678396738
19.1860421353796	19.2274576695577	19.1129148080804	19.0353821878926	18.9063203794948	19.1735759463238	19.1499594051574	18.9801448234498	19.2959154416323	19.1578009871443	19.2719494237992	19.1862815450572
21.0820510238607	20.7220230655281	20.8011151798756	21.2840221362579	20.9696352830071	20.9866348074516	20.8074603327997	21.3986076699843	20.9370249672179	20.8670321420459	21.0404061374166	20.8137455245621
19.0544148291852	19.0749490919835	19.0461287367461	19.100985458225	19.2006681764357	19.0332202197268	19.1311590323284	19.2068255947911	19.0426142691992	19.0904860203383	19.0346957586467	19.0520027043377
18.1937151361236	18.2258342802401	18.1967870415442	18.0791830360637	17.8109884536821	18.2012380679053	17.9002276896179	18.0274542329241	17.9805241311734	17.7291941821236	17.887220736084	17.8025041175185
20.7752340937403	20.6808589005169	20.6043228982236	20.548185391592	20.5436964166981	20.8027331977326	20.5043785326891	20.6056940656244	20.7442756278856	20.6270153927259	20.6054471952328	20.6382124666288
20.6840270642515	20.6314280257951	20.592360452177	20.6293836941217	20.5752825012198	20.6555324639162	20.4857122056101	20.7707371133057	20.5114511436992	20.4781706692785	20.5890414227712	20.4894760794372
19.5607727827071	19.5764965724643	19.6113882779051	19.7738959152277	20.2580534464386	19.8488658960338	20.4341927816214	19.9469496658317	20.2207915147124	20.5240060675392	20.0810790232896	20.1887740966064
19.5607727827071	19.5764965724643	19.6113882779051	19.7738959152277	20.2580534464386	19.8488658960338	20.4341927816214	19.9469496658317	20.2207915147124	20.5240060675392	20.0810790232896	20.1887740966064
19.5607727827071	19.5764965724643	19.6113882779051	19.7738959152277	20.2580534464386	19.8488658960338	20.4341927816214	19.9469496658317	20.2207915147124	20.5240060675392	20.0810790232896	20.1887740966064
19.5607727827071	19.5764965724643	19.6113882779051	19.7738959152277	20.2580534464386	19.8488658960338	20.4341927816214	19.9469496658317	20.2207915147124	20.5240060675392	20.0810790232896	20.1887740966064
19.9690960204122	19.9736746384765	19.8932187332	20.0462189228175	20.0981737510674	19.9221252357077	19.9866088020181	20.1111659652572	19.9171502783004	20.0155865275139	20.1020841674597	20.0494473067794
20.7050618102517	20.7737929169437	20.7362859670767	20.5825298088404	20.6686895355745	20.8741163550168	20.5199787978088	20.7231987188899	20.7473922927962	20.5854881621562	20.71596499434	20.6163786039992
20.0771513032763	20.0407018369865	19.6763875108882	19.720351433038	20.0001150478042	20.1193496235268	20.101322342175	19.9501842085177	20.0867257364338	19.8216359868209	20.0685803688156	19.8513459463271
18.4382957009217	18.2113102396549	18.2159579623578	18.4350800120129	17.9956194632999	18.5707194143551	18.0508060574416	18.4254132653221	18.4209130939542	18.1468885778523	18.4258538186942	18.1962299268729
20.7337673258341	20.7064666340884	20.7626729949554	20.8991448077123	21.0623468527223	20.6711320479873	20.9049179809522	21.0115054593253	20.5994065196505	20.9303464771904	20.7536479131811	20.8786328426232
20.7305154737914	20.7858585907667	20.6734165128436	20.5690667250209	20.3821304156415	20.7628898139566	20.3596189623232	20.4227939862348	20.7140779091361	20.4037164593957	20.5133884535792	20.5001171596672
20.8683538626138	20.9328196574373	20.9204098619711	20.9788256063979	21.1257758163666	20.8192379560532	20.9266997128326	21.0006505129239	20.8601651228508	21.0896586526671	20.9633512255873	21.0777011439855
20.7511745008346	20.7213383357191	20.6327511610973	20.5853651168804	20.6347845344123	20.5836548738089	20.5450499196902	20.6841157441731	20.5091033413508	20.6309345802434	20.7411446885999	20.7641513041603
20.6116002061477	20.581702974156	20.7127366682314	20.6259593073843	20.50153749608	20.7674358402282	20.4868819788041	20.6112381460895	20.716206765892	20.6081521746702	20.5049225164091	20.5129861221632
19.793929682763	19.6429035671549	19.6436088250044	19.8668021191818	19.9622972103362	19.9068787253328	19.8199189160999	20.0808173099146	19.7942808909316	19.9049052107558	19.8828804227393	19.8601219332793
21.3044074783071	21.2221337471575	21.2720822741164	21.37327383389	21.318083635329	21.3045141419355	21.2792401867695	21.376259440803	21.1873269074466	21.1934446944507	21.1763318826921	21.1740961433647
21.3561885853522	21.2762290414896	21.1519509283651	21.1174235572016	21.0661258676333	21.3258726690829	21.0768934631019	21.1554053649203	21.2685364175353	21.0577341018499	21.1805188870091	21.1049686612347
20.4788984058425	20.3657373883853	20.4420019597178	20.6610185211055	20.592494979809	20.6474922106034	20.6239111700416	20.6086158516793	20.6078646760642	20.5488007774833	20.497307269822	20.4783118845306
20.4220362155333	20.1859060877987	20.0483798778782	20.3200632309013	20.3520545496748	20.2692755422237	20.324583988196	20.417332442197	20.3228993562182	20.1708809744609	20.284822967295	20.1406991854656
19.6471303942665	19.5749142929157	19.4049273692812	19.330161501344	19.3783320993996	19.4995278905024	19.4091503498291	19.5066787463971	19.5058162428518	19.289050398224	19.4493055167381	19.3031195520528
20.7664446472216	20.629642782507	20.4113863439462	20.6733425990701	20.7199090497107	20.6798831176888	20.6127765511496	20.7503845963968	20.7940481788606	20.6814243880993	20.6375216620509	20.6032502579944
19.4608896685821	19.5026160143568	19.5374073589977	19.6375374903033	20.0793887081194	19.7443486072375	20.2575987161895	19.7999405778216	20.1218346155328	20.3616575297301	19.9116808169763	20.031745697548
20.1875055863653	20.1395163233812	19.9960878617174	20.0556809036669	19.8812146028119	20.2383991468377	19.846219832827	20.0475600498515	19.9924465166725	19.8501515784841	19.9424442668738	19.9345115407627
20.0496977586711	19.8947919769992	19.9804107592096	19.8745004388816	19.7871136915476	20.0617161228303	19.7012472472445	19.7662867868401	20.044711045312	19.7796086844306	19.9803273768176	19.8630808280996
20.592641733487	20.7020838778471	20.8266803235294	20.6343505570126	20.5305300197948	20.7712050911832	20.6339204898453	20.6760236100483	20.6849250168414	20.4172566627788	20.4868110567199	20.3814072498404
20.2319477360268	20.1160228568893	20.0040744738282	20.0951002863307	19.9158352845326	20.250608877438	19.9231522594508	20.158752953667	20.1378668051613	19.8488197761448	20.0980851496689	19.8758651103323
19.8309501918616	19.6935061229467	19.6646409388909	19.7670424689157	19.6508483802483	19.7564190169612	19.7006641943334	19.708470675516	19.7340763103663	19.6189264756358	19.7244475549499	19.5939239733723
21.0296603963032	20.9861958065467	20.7919886766843	20.9258459059569	20.9665494332606	21.0099626406843	20.866020240405	21.0037253813233	21.0455714764258	20.9866088272219	21.0059646046545	20.9483259057809
16.6898186276754	16.7286012801617	16.9652580604216	16.819863025091	16.6432182569795	16.8034833601251	16.8520451084031	17.1048415136907	16.6317641626806	16.9488021725211	16.9061095600952	16.7331294808865
16.6898186276754	16.7286012801617	16.9652580604216	16.819863025091	16.6432182569795	16.8034833601251	16.8520451084031	17.1048415136907	16.6317641626806	16.9488021725211	16.9061095600952	16.7331294808865
17.0438862666056	17.6674367432656	17.6682319108125	17.0078852637057	17.1017735283724	17.5144710641425	17.5394714306512	17.1703162319402	17.1983807687521	17.2514936655163	17.7337831561906	17.5001080692517
18.527259366426	18.4513233909434	18.7223104706252	18.6749476010092	18.5009598690922	18.4734137206142	18.5184855122984	18.6864534951356	18.530679888894	18.363708260682	18.5480264036328	18.4317281819261
19.4654101960798	19.5542434792624	19.4650113104494	19.3514918630682	19.1693821244896	19.6303754762231	19.3460173280816	19.4089450298348	19.4137748093675	18.9179409831817	19.3290796627159	19.1842328818518
19.4654101960798	19.5542434792624	19.4650113104494	19.3514918630682	19.1693821244896	19.6303754762231	19.3460173280816	19.4089450298348	19.4137748093675	18.9179409831817	19.3290796627159	19.1842328818518
19.4654101960798	19.5542434792624	19.4650113104494	19.3514918630682	19.1693821244896	19.6303754762231	19.3460173280816	19.4089450298348	19.4137748093675	18.9179409831817	19.3290796627159	19.1842328818518
18.977022565967	19.1374775151033	18.8702095997126	18.7242050443988	18.6715465381427	18.9688466924282	18.6109773892257	18.7549281468673	18.9834398369527	18.7661927291662	18.9556430633754	18.7292427897354
19.7576702431545	19.7730676302006	19.5937265048405	19.373688325632	19.7087960429987	19.5058913749544	19.7534324650093	19.428838479206	19.7922739492429	19.8455764201872	19.7954686894093	19.8897083510095
17.8084480741187	17.6418530480432	17.7100932426743	17.8233992432813	17.9193653477684	17.9141353056393	17.9120988693068	17.9431017948809	17.842836176367	17.9322383887594	17.8286189443457	17.8202283983252
20.8201273274368	20.7783042136177	20.9317218039244	21.2154683961792	21.6426330583995	20.9343160361208	21.5840651227805	21.0580089737573	21.0228076714469	21.4878691949583	21.0522826773177	21.3536743559034
19.8639433479535	19.8256744234694	19.9003760209925	19.9980936265126	20.2383484890935	19.7324333681458	20.1214327038397	19.9582133893281	20.0637375690742	20.1437156972083	20.0140187941846	20.0637135094996
19.3024763676324	19.2215466791832	19.1878687245324	19.0319743181916	19.0770975882532	19.2102757427558	19.0476297621821	19.0631781335921	19.2986304719218	19.0135748127493	19.1029180098895	18.9682538238178
17.5230734244777	17.5539623047147	17.5599948305077	17.8941285973216	18.1545289437631	17.544554059351	18.2377090430062	17.910925032879	17.6513225707752	18.288820899775	17.8747577766284	18.0262287729604
20.9473151909472	21.0107624247602	21.0068853898424	21.1438378594563	21.4737310356274	21.174241069131	21.7484722744058	21.2629887517427	21.457221571704	21.5433201794903	21.4498331993132	21.3696073538098
19.0589690319672	19.1278006656811	19.1301667770721	19.0261228984497	19.0054019773929	18.7850905154973	18.9691797609754	18.7972388556325	19.2308861210153	19.3038681569577	18.9789716989946	19.2402783491823
19.9970261815487	20.0939708388024	20.9424859060822	20.6910224164543	20.0676293643511	19.3238502687435	20.2467785116509	19.2156134619123	20.0669104642121	20.0162984460647	19.8994818266429	20.1273280482131
17.2602941711327	17.1989113915464	17.1791462141305	17.2968557432138	17.2309236357261	17.2845652300351	17.197127662604	17.2957121242259	17.2269096312664	17.2905972473357	16.9747378587117	17.2231929832104
19.233670721083	19.2464490656728	19.3148120873129	19.259499648499	19.0445103759026	19.2398172777325	19.1234848102601	19.2235704959591	19.0897172071146	18.919814787137	19.1781820103214	19.1020415131652
20.1277026474003	20.0130817485322	19.9219621540367	20.1382973379919	20.1366970556005	20.0870237891177	20.0261891062675	20.1034054265913	19.9968629897935	20.0166483360715	20.0674776453847	20.0302872753572
18.6762562288614	18.9528568620184	18.9565927586246	18.9902210307313	19.0710262289766	18.9564972348067	18.9775359254159	18.8326490480827	19.2528312790834	20.1082877218422	19.4178048417671	19.3156300163654
20.7658152221407	20.7243603958137	20.6955306764772	20.8439603395508	20.9508094987187	20.6287206925316	20.8711049341736	20.8577109424249	20.8039276041204	20.8326423841651	20.7866117642578	20.7620309830977
19.7024341828021	19.4969604452639	19.5788330309489	19.6284332668573	19.5300816331188	19.6145628243317	19.4570683603711	19.6677158512156	19.3996730156064	19.2668959609538	19.5091773429727	19.4583046091997
16.475029375588	16.5466313567689	16.5245689916281	16.5394978457643	16.2109116521529	16.4359583836958	16.2694651841135	16.7189175615932	16.5269598054382	16.2914948473978	16.430528599864	16.2785214392722
18.376553388399	18.4916966976272	18.5216348797487	18.9183316890644	19.1647289851158	18.5619357841662	19.2794788185523	18.7193758365764	18.8926315911682	19.6505816991806	19.0528139607794	19.1085334583312
20.1474849522581	20.1960877278326	20.2016079714557	20.2957894035582	20.3016450882703	20.0946891605343	20.2878572649718	20.2635658042969	20.117958299367	20.2798306464264	20.2124460170868	20.2616747136601
20.6850521341895	20.724526722765	20.7396097301885	20.9611983596546	21.3166594129814	20.519327066524	21.3067039061815	20.7640806145545	20.5080439942188	21.5085808686123	21.0738860686534	21.3798412207977
19.8184224960085	19.7299142704553	19.8059360404707	19.8465805303001	19.8332509062826	19.7859867523006	19.69831331327	19.8990120963114	19.85438618145	19.6186993187902	19.7446289522188	19.6715330478327
20.8064429747771	20.7116542436472	20.6388244879443	20.7653279024459	20.5876416124102	20.7980113294442	20.6076425840087	20.7806335070693	20.688044526776	20.5088339178675	20.7057489991581	20.5415063273819
18.0959660509101	18.2244200769569	18.2361413360866	18.264604283164	18.7049108963343	17.9477248749937	18.1754358391705	18.1842902119893	18.293090162419	18.5078755171021	18.2926902391429	18.4165900258536
18.5686330341524	18.4950740492491	18.5899739953143	18.8058152209655	18.9017693209175	18.6363237240278	18.7603492741639	18.8427975293196	18.5093393026445	18.8265433506867	18.514636264317	18.5557336324119
17.5145842908158	17.2584428031221	17.5105584518505	17.4081888220529	17.5384429521834	17.1113603550509	17.4257863928755	17.5790755051885	17.1361698210309	17.4299743163587	17.2168885373148	17.4067063061996
19.1520686900382	19.4659874924021	19.4946240929556	19.2062038569927	19.2744350689828	19.4791566584477	19.5994084243538	19.4022823977744	19.2084121547284	19.5236949085358	19.556948912816	19.5856577577233
20.2605186555657	20.2560658780809	20.2521313222572	20.5169238305764	20.847049670384	20.1226060556406	20.760227133963	20.4789979750273	20.2250606823331	21.0012237234924	20.4354425552284	20.8271113754671
20.2605186555657	20.2560658780809	20.2521313222572	20.5169238305764	20.847049670384	20.1226060556406	20.760227133963	20.4789979750273	20.2250606823331	21.0012237234924	20.4354425552284	20.8271113754671
18.3014077102527	18.4637776207194	18.3471438151154	18.0750014659691	18.1762928900115	18.2285063003143	18.1921540394493	18.2393985548637	18.205884811014	18.109637072303	18.112434911035	18.0156339842837
20.8269556300609	20.9330543184082	20.9451215579855	20.7637933169271	21.0294569999936	20.8101596875333	21.3399669832516	20.6426114823444	21.0013558863351	21.1245455584299	20.8450683495087	21.1733985432588
20.8269556300609	20.9330543184082	20.9451215579855	20.7637933169271	21.0294569999936	20.8101596875333	21.3399669832516	20.6426114823444	21.0013558863351	21.1245455584299	20.8450683495087	21.1733985432588
20.8269556300609	20.9330543184082	20.9451215579855	20.7637933169271	21.0294569999936	20.8101596875333	21.3399669832516	20.6426114823444	21.0013558863351	21.1245455584299	20.8450683495087	21.1733985432588
20.8269556300609	20.9330543184082	20.9451215579855	20.7637933169271	21.0294569999936	20.8101596875333	21.3399669832516	20.6426114823444	21.0013558863351	21.1245455584299	20.8450683495087	21.1733985432588
18.6112823960082	18.7137651061811	18.5197024613565	18.6746864772409	18.6554104290548	18.4876434944006	18.6117514490802	18.6986786546163	18.5372504455033	18.7546448510463	18.6984048247627	18.7783956325272
18.6112823960082	18.7137651061811	18.5197024613565	18.6746864772409	18.6554104290548	18.4876434944006	18.6117514490802	18.6986786546163	18.5372504455033	18.7546448510463	18.6984048247627	18.7783956325272
20.0125215895206	19.9764673299477	20.2436518413682	20.1578697515421	19.8458051604844	20.1223280137841	19.905953635467	19.8954694494991	19.9966099908171	19.5554738085709	19.9648808623696	19.7693749546035
19.602439737804	19.8228164330426	19.5467664376334	19.6074757209013	19.7168782822756	19.5892934610831	19.7444628925242	19.7252048037956	19.5732709815563	19.6216608261268	19.6273810861037	19.6429796563656
20.7944728323828	20.8631014056789	20.8633921241231	20.9866221062113	21.3144518412869	21.0163107565594	21.5806292469267	21.1047616422934	21.3182678222241	21.3814248124806	21.3111111581755	21.2104156450535
19.6073784441985	19.7321191673103	19.5076150075752	19.4367207155437	19.4794930912845	19.7778574218401	19.4385977212548	19.6392334218412	19.6660065349926	19.7965534321474	19.5381634860035	19.864848162477
19.0359109311758	19.0061489365095	19.0521375024965	18.9116576701378	18.848738015029	18.9383618693116	18.9503303603533	18.92640433468	19.0703420852361	18.8430451911915	18.9386797180895	18.9279346916029
18.4385640976027	18.3020733191656	18.1186760397302	18.3440519738528	18.4984754063155	18.2960544640435	18.228445843428	18.3591125479456	18.4486927300519	18.6330598868537	18.4964007365333	18.6002371249524
20.2683898234654	20.2452002966079	20.713183731413	20.8466040103073	20.7922799772227	20.280888852753	20.621517938594	20.5577079687279	20.389705580759	20.7349935426576	20.3472758474429	20.7422579845284
17.9827146194244	17.9018655689188	17.9815701813619	17.9174331721517	17.8735780308636	17.8412891215321	17.8994760498054	17.9565624757632	17.868669895778	17.7818191572983	17.8976140893893	17.7528646812212
17.5513303265235	17.5386127411033	17.508025718494	17.3254980622593	17.0320643706971	17.5092550557092	17.1773801034809	17.3554362400334	17.5645903631992	17.0959785944792	17.382189242521	17.2724897406598
17.9653503120255	17.9606546688892	17.9331995322621	17.7121259866514	17.8082209458483	18.0349793448373	17.6237889199578	17.8262385722536	17.6789749576631	18.2474462597825	18.2006637090514	18.0749354753087
17.6481425089768	17.615713365809	17.6467254105523	17.6530806698496	17.5279999192231	17.7355501709447	17.4685268419087	17.8468627904102	17.5740157334955	17.3845392961118	17.6546113531414	17.590776043044
19.0458758781991	19.0434028821339	19.0935818537074	19.0938330786985	19.0495565315897	19.0444769494001	19.1040512895329	19.066268635076	19.0351517167841	19.0093788642711	19.0567366672791	19.0132064923069
18.4180454013655	18.4920597760198	18.6236689191194	18.3792908965918	18.1838387872673	18.4086445240566	18.3720649774817	18.4870450010389	18.4924700214492	18.2624323084975	18.4409044276553	18.2847542711529
20.1998485964636	20.3099989529931	20.2862838029926	20.0840578683565	20.3471078102511	20.1073080547473	20.6259293972368	19.9686099573946	20.277641375915	20.3594727525655	20.2299639433564	20.5003878541968
20.1998485964636	20.3099989529931	20.2862838029926	20.0840578683565	20.3471078102511	20.1073080547473	20.6259293972368	19.9686099573946	20.277641375915	20.3594727525655	20.2299639433564	20.5003878541968
18.664040349668	18.4888736218843	18.5141641768319	18.6079452562091	18.9331624849502	18.6432978751949	18.6330743077337	18.8060456905907	18.6572757015002	18.6990593646811	18.6281207302151	18.7142039725669
19.8692298676664	19.9546106858013	20.0157591488234	20.1146015038689	19.8522099804436	20.1676431542108	19.8383551631812	19.8729711016941	19.856619928325	19.6328063630886	19.8305750941713	19.7642693480255
18.1366700982788	18.1671744875862	18.3128651907546	18.0511372870334	17.5509567443981	17.8929838894351	17.8638712213119	17.7676975714337	17.9871336008472	17.5255856804932	18.1410850530891	17.7617585968238
18.1810147359979	18.0933208290709	18.1994078544025	18.3079696945471	18.3935146483029	17.9922466053654	18.4615151080197	18.2629391921196	18.0392904589442	18.3717505338	18.3135760125558	18.1920390300898
18.1810147359979	18.0933208290709	18.1994078544025	18.3079696945471	18.3935146483029	17.9922466053654	18.4615151080197	18.2629391921196	18.0392904589442	18.3717505338	18.3135760125558	18.1920390300898
19.1701646445887	19.1113991462677	19.143329858469	19.1038155085147	19.1318940282577	19.1548596089022	19.253947599197	19.1108310552595	19.2817649335908	19.1273488670552	19.2490316275002	19.1272446816756
17.1264263578366	17.1236402153392	17.2858254584066	17.0065506959299	17.0666048871849	17.028847872185	17.2214571500899	17.0764310874297	17.2973576145263	16.953153799815	17.3372593603609	17.1765186188442
19.4308372733609	19.1643073507381	18.9559353157657	19.0330245161438	19.0365094748871	19.1772702482684	18.9377472765508	19.164071127914	19.1996026189448	19.1554793926592	19.115341199479	19.2230848432933
19.1097945267716	18.9429550822483	19.0059327564089	19.0577700836894	18.9544796394185	19.0374290487026	18.9292457211272	18.9969907148449	19.0739848344058	18.8716156757458	19.0081213081001	18.9135515021958
16.8529869901329	16.9369554239558	17.1550416646361	16.9691391518107	16.9960246472864	16.8651426020072	16.9394939818523	16.9768667297419	17.0087847887969	16.8344227381169	16.8641232290392	16.783415855025
19.9060179587001	19.850899058506	19.8017983742045	19.6440382782736	19.3706178342418	19.930158009687	19.4518616388446	19.517952313772	19.8441157671629	19.6202302908515	19.5239652682876	19.5181909581929
19.7417623736461	19.7922357935376	19.9649505727821	20.0965741385501	20.3889382903806	19.9061369116482	20.4150571828718	20.0449091335303	19.8997593402761	20.21484810537	20.0405715039639	20.2593947674505
17.8339728173762	17.8363492519712	17.7158096542889	17.80430392234	17.9274764079096	18.0467363317812	18.1243486768515	18.0409526592701	18.2550809049773	18.0615312508286	18.0963007123393	17.8667477562243
17.4656573232272	17.4554405023178	17.4503433445067	17.6275386397086	17.3180472311259	17.4515648223771	17.0884797147555	17.3264488619251	17.5893384298345	17.0909866189016	17.3413867629337	17.272664711968
17.4656573232272	17.4554405023178	17.4503433445067	17.6275386397086	17.3180472311259	17.4515648223771	17.0884797147555	17.3264488619251	17.5893384298345	17.0909866189016	17.3413867629337	17.272664711968
21.1619267711596	21.2431577421185	21.1911076003327	21.458304330093	21.5807431756303	21.2307600091618	21.3450933800477	21.3941583881718	21.3062886002492	21.9781777357867	21.4629558366076	21.5151116366219
19.2177574301303	19.2382750409303	19.1823496049872	19.3793935735906	19.4256244092154	19.1692957258164	19.3223550573949	19.3986806129425	19.0668182597677	19.3853438467393	19.2099629219362	19.2494883126008
19.2494246695543	19.2707345366093	19.1581820547944	19.2736913143385	19.5047581313779	19.1434316400088	19.4300900352375	19.2028678474625	19.5133886194451	20.0036241915178	19.3888163517485	19.7115475804897
18.4254424834542	18.1350232032397	18.1585988543643	18.4038117360026	18.653799723591	18.2934736243025	18.3537129216724	18.6647463059492	18.2799960248125	18.6182591859836	18.3632803380426	18.5548411102973
19.3816354871155	19.275370084608	19.340932260422	19.1644174537176	19.1965605630974	19.1721952591848	19.1708601278803	19.2515582686814	19.5586315106081	19.4929555198135	19.2308122039263	19.2718281186345
17.3783180257044	17.4816007875484	17.6362007905051	17.5547655322308	17.4943968134522	17.3623343651285	17.4115194488764	17.5459663163316	17.3640764978968	17.695871740872	17.2054087577845	17.8698380840594
17.4561217550786	17.4430561732511	17.4058890134343	17.3478168089964	17.4612851301947	17.4405070630941	17.4269637168134	17.5333112343722	17.4917508396241	17.4770914730778	17.3871939078759	17.3693947581776
16.9097660947124	16.6055031505453	16.5421240483137	16.9124623877091	16.7402566570368	17.0867524277778	16.5004605953449	17.1062968818164	16.660519170928	16.4920714914529	16.6361396419331	16.4951849411217
19.6166504751525	19.6516120497792	19.7050982523512	19.6285677548955	19.5894378438572	19.7070492236304	19.6292855482839	19.6588830910487	19.633638039558	19.6909915358424	19.6141285057405	19.5963890246934
19.3305716455267	19.4456595338908	19.3727102469248	19.1860584844235	19.0894339649244	19.3946551699864	19.2653542017253	18.9979879651707	19.4818595606117	19.0555923273187	19.2588206116293	19.2152916142949
19.184173406869	19.2358591441471	19.2498994245471	19.3149034188831	19.4152934495385	19.1874025027779	19.3169306029907	19.4515259182855	19.0827013943793	19.4266428990569	19.2506455007594	19.329437903077
18.5071033473394	18.6114762255413	18.5063937807201	18.482868645153	18.5143163933304	18.4242619958066	18.5443480866118	18.5140826345398	18.5481785916125	18.5007205518195	18.5344724981646	18.5294929572759
18.0002698378276	17.9313514175889	17.7312243360998	17.8925397757112	17.2276373986	17.932087165613	17.3933628197185	17.714877712349	17.7113867336182	17.5263906816614	17.557948436132	17.396717692972
19.4172064395273	19.475268387212	19.3154309728844	19.3593208003426	19.3374560856395	19.3470142044823	19.3918467835057	19.4616364210205	19.2494125479075	19.319954827106	19.3800744312941	19.2892403749997
15.5288839199497	15.4139984913918	15.3332109909241	15.5613545206434	15.8240112514573	15.509944952149	15.2716170963941	15.6639825262989	15.2215239795187	15.6220124429981	15.5946517448397	15.5658949932553
18.1451807598261	18.4247560296209	18.3888113340969	18.0175273896513	18.0355639220464	18.3136097807237	18.32302748496	17.9940519097647	17.8283916158365	18.1307817698386	18.2583964941112	18.4584269505101
20.3775483394277	20.3181485689201	20.1487107949544	20.2494887333546	19.9844750955293	20.1688262078689	20.0919138691579	20.0890280109029	20.1285127735912	19.8802588141787	20.1499546846801	20.0165462823629
19.7201174292712	19.7417773402286	19.6691474977286	19.7110759005087	19.7951988256128	19.6880001621846	19.7253877100301	19.6971710285397	19.6576116759394	19.8100095118284	19.7291274910721	19.7639187082945
19.8863544074893	19.9334476686418	19.8293629070575	20.02918832898	20.0825708988945	19.9713780149887	19.9222439754795	20.0987976406528	19.9062868628013	20.0364049139546	19.9251566026288	19.9538394247108
19.6601812721894	19.8081645166418	20.0525282294647	19.9212494413964	19.9677641385499	19.7831129251234	20.2826894583538	19.609555441151	19.9191518301907	19.7524708916405	19.8354809032939	19.8788293438135
19.6601812721894	19.8081645166418	20.0525282294647	19.9212494413964	19.9677641385499	19.7831129251234	20.2826894583538	19.609555441151	19.9191518301907	19.7524708916405	19.8354809032939	19.8788293438135
18.4901096049883	18.4792720062326	18.5842530849725	18.7459637929742	18.8260834405812	18.5003534878221	18.7127513213187	18.6693898207392	18.4859157061702	18.5869627741924	18.6376976699271	18.5797065835216
20.380040646492	20.4376782299405	20.6796895265014	20.5158980078342	20.1588988599642	20.512769424054	20.3079549645984	20.2715740725603	20.4561821783995	20.0684674839356	20.4238929332199	20.2645666183085
15.5042637925121	15.2196057964256	15.3091468860858	15.2743717403795	15.7376887248616	15.2339761819562	15.4045066269786	15.5019633543864	15.5100426442508	15.6764420109961	15.5812161431461	15.6036472759384
18.0995591154611	18.1807041769998	18.1594668521269	18.2712683442983	18.1077357420301	18.1184910435126	18.1286461551411	18.2388428423067	18.0974686161397	17.9874111481156	18.1424734938616	18.1059569542692
18.4941306871496	18.4629577193253	18.3355952308131	18.3226084990558	18.4696108549883	18.5142591331792	18.3268391013164	18.3591151449145	18.4974053334577	18.6289688068001	18.400467835609	18.6220892988535
18.7840688623675	18.672583188996	18.6938728660101	18.7279780975274	18.8941321653134	18.756162148818	18.7086719157633	18.8719151119423	18.8137247354629	19.0496823205039	18.7273861226099	18.8088834143136
18.4931953606193	18.4267638808842	18.5132131269178	18.6038256131524	18.2284447900696	18.5109198030525	18.1859556269649	18.4849317045974	18.4902852735676	18.3348154273401	18.4675923652697	18.4023074434241
18.4188093084218	18.4962606106601	18.3986843935481	18.1725053261618	18.5457434950504	18.3455981762268	18.4392987214193	18.2781099075781	18.6504289790242	18.8472103920178	18.5679018086127	18.7397943897002
20.2319477360268	20.1160228568893	20.0040744738282	20.0951002863307	19.9158352845326	20.250608877438	19.9231522594508	20.158752953667	20.1378668051613	19.8488197761448	20.0980851496689	19.8758651103323
19.6506834050772	19.5656674196929	19.7170208347956	19.565993637466	19.6361190837944	19.6296664786222	19.4244552953384	19.7675748823074	19.6078753610653	19.4727720565091	19.675998009412	19.4812480172348
17.7768088029077	17.8361390308751	17.7470052600278	17.5229967599093	17.4552168362344	17.6921290384828	17.6650222106388	17.6922175952405	17.8003338836464	17.5941714100887	17.7989472604035	17.7649891168112
18.0338877233607	17.7073884523609	17.6943873845795	18.2596348055284	18.1756881872999	17.945567614508	18.1241793892424	18.2738838379735	17.7779229615722	18.1361912475728	18.016145096406	18.0963105503467
18.4920124668069	18.7570205882462	18.4482771463035	18.5264651650403	18.6153851240637	18.5603679902527	18.5098711557972	18.6111144270043	18.4746315926169	18.5914644975364	18.6152950805324	18.5344921585088
16.8000002307436	16.9327786486901	16.7523290379087	16.7760453513123	16.7857093376222	16.7579199972508	16.6626484126817	16.9414310280375	16.9955199998467	16.8386686794996	16.9331956858722	16.8932501223982
19.5588937333914	19.5288620719391	19.4817602751404	19.6919144433512	19.7089134417814	19.4645786975686	19.571765230094	19.7083394505126	19.4575519929781	19.6205473750061	19.4688858355876	19.5249594987148
19.5588937333914	19.5288620719391	19.4817602751404	19.6919144433512	19.7089134417814	19.4645786975686	19.571765230094	19.7083394505126	19.4575519929781	19.6205473750061	19.4688858355876	19.5249594987148
18.8778345244713	18.7973419983557	18.5715594478985	18.5785287631285	18.4291707108829	18.5011209607831	18.5895265735946	18.5395622461703	18.55228038362	18.4452011675851	18.6754328710969	18.4623141838091
17.9861263786558	17.9165665482475	17.8599853071109	17.8771395630266	17.7256428349706	17.9413482487543	17.697535506627	18.0344900542166	17.8459792284835	17.7286706349405	17.8416517898953	17.7127026668705
17.2222665235429	17.2318208590734	17.113781639187	17.1261634121467	17.1368725754052	16.9521211839253	17.0171945036589	17.2490809483129	17.3809084515614	16.8836603366744	17.2860814575128	17.1791097790256
17.2222665235429	17.2318208590734	17.113781639187	17.1261634121467	17.1368725754052	16.9521211839253	17.0171945036589	17.2490809483129	17.3809084515614	16.8836603366744	17.2860814575128	17.1791097790256
20.4070049567369	20.7682394831943	20.584163078977	20.5055836204125	20.5663474881955	20.8103032117635	20.6364701460583	20.5842844668635	20.5337453856406	21.1456287706867	20.5388363373943	21.0756221297291
16.5396028451307	16.8102171468964	16.9743834709337	16.7217756483665	16.7163584355609	16.6906798542016	16.6523033565669	17.0053921929311	16.5286418495126	16.7818426665162	16.6737455332034	16.8239532455636
20.1531857928329	20.2733708698307	20.1735524863984	19.8784546642937	19.6020751515537	20.1340210523497	19.6674926881098	19.739093380941	20.0990897346461	19.7035510095475	19.9118498940748	19.8836997507043
20.1531857928329	20.2733708698307	20.1735524863984	19.8784546642937	19.6020751515537	20.1340210523497	19.6674926881098	19.739093380941	20.0990897346461	19.7035510095475	19.9118498940748	19.8836997507043
16.6967194556846	16.8556606270395	17.0123403571999	16.8377017565754	16.4995975112664	16.8646594949032	16.666855936664	16.8355574439975	17.0197191505377	16.6960132079282	16.8368747435072	16.7383607883372
17.9799414240833	17.7825238439036	17.7921946449427	17.881546543063	17.6460908869746	18.0172558149274	17.6516381466959	17.7729991364241	17.8830798195025	17.7091339135616	17.8866292907003	17.8165103325138
18.2659247904802	18.0203428548921	18.1154574600365	18.5865990187688	18.4538292286086	18.2842087715277	18.4866162039567	18.6310951034525	18.1571957755682	18.3617307898716	18.2355590125319	18.2715238880341
18.9593244172777	18.9497364315349	18.9924879202004	19.0762770817274	19.3974348776215	19.1638823908122	19.4652893412879	19.2581058799477	19.2613057215437	19.5981429289651	19.2742267134928	19.3647325755445
19.3866973198557	19.367382443958	19.3666997557497	19.326941219895	19.3093253432437	19.2685058076235	19.2924715593446	19.3127338369805	19.2022166137704	19.1939992670244	19.2201833179058	19.2019707655925
19.2685761702803	19.3289890965571	19.2722238083538	19.15750495468	19.0018095897132	19.1644207149629	19.0662759694283	19.1213190636053	19.1144396999868	18.896145391419	19.0700652036949	18.8849756979298
19.2685761702803	19.3289890965571	19.2722238083538	19.15750495468	19.0018095897132	19.1644207149629	19.0662759694283	19.1213190636053	19.1144396999868	18.896145391419	19.0700652036949	18.8849756979298
19.7714468938658	19.840665655854	19.8042150842753	19.8460737445685	19.8489698772343	19.8382913232926	19.8977843667376	19.6881942326443	19.8740222115725	19.8449398400328	19.8332004346544	19.8743008241014
17.9789554971778	18.2181351269067	17.9354710325364	17.6690073765478	17.6959925466566	18.2133203601431	17.9945350855099	17.6461112532686	17.9234508413202	17.8418444615409	18.0376572612583	18.1121097074138
17.2685241212195	17.5586296267976	17.5399195960193	17.3843324856969	17.3852060295234	17.3106692086075	17.352353208373	17.3433198917711	17.3480719822838	17.3926055792281	17.3000538457412	17.4606286402489
19.2761774945616	19.2609377136253	19.1607791238413	19.5198438453823	19.5301393970293	19.3370305878928	19.4537414921607	19.5642972316228	19.1838906598784	19.3489344616954	19.2731158792393	19.3219088486775
19.4814969691189	19.5710752506075	19.592531068392	19.6934244049726	19.9909881102996	19.7833155688862	20.2795132691771	19.7750947476561	20.0939615298781	20.1583428661992	19.9822544085389	19.9871499215772
18.2490281681369	18.2818540265779	18.2198415943485	17.9991139178858	17.8987864943171	18.1452888226085	17.9663042482142	18.0693806894862	18.0095630633159	17.9069750147421	18.1426323879427	18.0619171170217
17.3480948454598	17.4037786857154	17.4636981110894	17.3554688506473	17.4189547487046	17.458163659327	17.2849375936217	17.5559699894378	17.3490219681906	17.5355283829328	17.3855582553086	17.4193046280774
13.8587536172628	13.7842453741758	13.459645483298	13.8139538601602	13.9815467053508	13.8189784785617	13.2096503897055	13.5606854808543	13.9293933406663	14.0905891279676	14.2427749712488	14.0529703183703
16.8310782097634	16.9368545050844	16.9443318696668	16.8891672160104	16.9136577808962	16.9061419646486	16.9293814131581	16.7611334611503	16.6724153909927	16.8863954021538	16.9248726333218	16.8530375213382
18.7897694304301	18.552654563392	18.7388664395195	19.2316431693973	19.0402911308225	19.0031601292511	18.8606507134164	19.2698605798775	18.7941231479812	18.953651668362	18.8039765096742	18.9221084166524
18.4898155278722	18.5034888611985	18.5884245118762	18.5698459918427	18.7146864727758	18.4472126238401	18.4136879551066	18.5471925492459	18.6362304126417	18.6947855202363	18.5429745173523	18.7301662542991
16.8464479826233	16.9279966511418	17.0644890216297	16.9298977286237	16.940271252722	16.9369863367393	16.7892435803605	17.2192163681537	16.8204411787114	16.7304229047824	16.8994341905655	16.8273003001491
17.3423352924933	16.9931503334318	16.9814296051284	17.1438325864745	17.283813013231	17.1026762886257	17.1718742802085	17.2977771650761	17.1794455628514	17.2206310599216	17.164676025289	17.0487308614598
18.7685769318328	18.6847296404578	18.6222199555173	18.6557033957701	18.3602251136003	18.6563556033892	18.5764552854052	18.4114665435954	18.6402344893372	18.3559175424908	18.6574175298877	18.396582939573
18.7685769318328	18.6847296404578	18.6222199555173	18.6557033957701	18.3602251136003	18.6563556033892	18.5764552854052	18.4114665435954	18.6402344893372	18.3559175424908	18.6574175298877	18.396582939573
18.0917637277204	18.1317590947712	18.1270761062526	18.0664748133669	18.377830629889	18.066793071719	18.2168172541922	17.8992621038479	18.278687090457	18.3672856454235	18.1649494855184	18.3694058544432
17.7983427065145	17.6946336437954	17.6850375705809	17.8252550594385	17.8843006175569	17.6390072972517	17.8329178717014	17.8005346766122	17.7206904707115	17.8440861801749	17.7712178106651	17.7331079797517
19.5787264426924	19.7223931345624	19.9818326811667	19.8393708632329	19.8439246260513	19.6969666197656	20.1961124104569	19.4976087978875	19.8520656186946	19.6440613533552	19.7499647950306	19.7836940524095
19.5787264426924	19.7223931345624	19.9818326811667	19.8393708632329	19.8439246260513	19.6969666197656	20.1961124104569	19.4976087978875	19.8520656186946	19.6440613533552	19.7499647950306	19.7836940524095
19.5787264426924	19.7223931345624	19.9818326811667	19.8393708632329	19.8439246260513	19.6969666197656	20.1961124104569	19.4976087978875	19.8520656186946	19.6440613533552	19.7499647950306	19.7836940524095
18.2511966817085	18.5012323051963	18.6685317000751	18.2164680765949	18.0134864457514	18.4658187501089	18.1357798564527	18.0071810302946	18.2551285221061	17.8419226522523	18.120788734175	17.9097235259207
17.5914956021583	17.1900912090549	17.2819405778735	17.5681028058018	17.819486667732	17.7170499086998	17.2663686497415	17.9286571432001	17.481324193494	17.5458838360144	17.7341717289016	17.5696196949953
18.5081961686443	18.4825303471509	18.397491528049	18.4852097867087	18.6192049224386	18.381486849297	18.4259324890991	18.6077599408477	18.4375130666288	18.4262544366985	18.5220883377976	18.4198332772275
17.7055043940057	17.7530131232613	18.0678131579304	17.4968774161701	17.6631289286034	17.5183281423878	17.7126147626862	17.7371844332009	17.7069509185689	17.526450234802	17.6927929146957	17.675450336172
16.9315426596482	17.1184610451769	17.1779292116001	17.0375083705506	17.0703114156165	16.796482590621	17.1194975448875	17.0434566634203	16.9969661425342	16.965952055658	17.0821137058606	17.0484846622328
17.0850865803408	17.060483952307	17.04596932846	17.1693224423366	17.0249233265488	17.1855363640576	17.0512039755769	17.0542828347387	17.1606756755827	16.847024868321	17.0226546743378	17.052059236023
19.2523692620816	19.2249271246456	19.1687211473024	19.1620817193864	19.2130281050671	19.2066144997499	19.3527729230222	19.3490816588913	18.9434527517271	19.1450076754917	19.1304270742457	19.1768562570755
18.3444202605276	18.342407173297	18.435915157565	18.2279794877076	18.1140911519091	18.170727496521	18.2750031376794	18.0296581604738	18.2658354566038	17.8932476942462	18.3934319225801	18.0325081742733
16.0100190805392	16.2572591685659	16.1894131222514	15.943655402174	16.537611582281	16.2855298716193	16.1391579191576	16.2753201048724	16.141585890564	16.3444136045006	16.3778186413504	16.4346603189969
17.8143547592348	17.922197982734	17.8776176795477	17.9347670597549	17.8825280028608	17.8308958482044	17.988745643854	17.9119872385443	17.8443523662958	18.0028109891495	17.7586929335273	17.9198492526249
16.7452387489486	16.7947450183322	16.7722283105157	16.721131832437	16.588843051214	16.5440857053133	16.5056380595133	16.699990016828	16.8367500990464	16.5682822746178	16.5790714173581	16.6934760467903
17.9235982277201	17.9292453464961	17.8496610425107	17.7896743178587	17.7600693486697	17.8387709789834	18.0674777889469	17.7736182080202	17.8629090595871	17.5856774407339	17.8772617736861	17.8091509247786
17.887855865581	17.7467390771304	17.7581860714839	17.8658238824437	17.9539257289361	17.9010565710099	17.8873365887106	17.8869260882745	17.8348922723174	17.961556735984	17.7159491532809	17.7754014663625
16.9369096692771	17.0535909013708	17.6215540337701	17.3188820169024	17.0453447411082	17.1283024225009	17.2144237485814	17.0938853027088	16.9606726430959	16.6346726433562	16.8172513933169	16.8272534697429
16.6388140460359	16.5855297549694	16.2964953294591	16.7062362429257	16.8732720663432	16.622726287335	16.6445739418027	16.8623952662887	16.5650590474367	16.7678068956904	16.5536987539224	16.6629247162349
17.4656573232272	17.4554405023178	17.4503433445067	17.6275386397086	17.3180472311259	17.4515648223771	17.0884797147555	17.3264488619251	17.5893384298345	17.0909866189016	17.3413867629337	17.272664711968
16.7551351654022	16.8013496390948	16.7919247302655	16.6919572055376	16.98283268994	16.7809270303239	16.8708348248054	16.9854169564416	16.5977679205728	16.9449328801399	16.7318908878156	16.8016074280533
17.8801566351082	17.9332401500126	17.7329894970988	17.7429585634159	18.1024490772574	17.7488407329965	17.7769092655517	18.0324824900943	17.7170111034465	17.9340798561177	17.7744973556901	17.9270407637209
17.7378759371914	18.1004727899507	17.7772998273616	17.4036857250027	17.3076357861813	17.634566294351	17.4742504995438	17.1758251287153	17.580674133839	17.9633625074991	17.1434504334022	17.770534233249
16.7985002626549	16.8144851068655	16.7096820063471	17.0382027707715	16.7416345858034	16.6851727089671	16.6573505394646	17.0150343423471	16.796939113245	16.7464279364546	16.8555951270422	16.8249619508292
18.6143415851028	18.4498536222508	18.2927639427459	18.4373773807211	18.6621271889184	18.0493902526578	18.7330077391549	18.1542734293109	19.1517479801686	19.5793696973434	18.8402393492459	19.2860469826268
17.1900763865678	17.1721991250972	17.0577969194378	16.6710524410151	16.3462554285326	16.8249455612265	16.311706198471	16.8655490863327	16.6170906048261	15.8943827913691	16.4474280993023	16.1683837039594
19.2322245624319	19.2370516441226	19.2768331786124	19.3621147816988	19.0767413375479	19.311151555461	19.1585944550745	19.1931290875606	19.3540850247965	18.9561301285577	19.250801453381	19.1421897546697
16.0678361921071	16.1919244703716	16.2627535296273	15.7833913460853	15.5242230660236	16.1680568861885	15.6909032356882	15.7241960655366	15.9893978495621	15.3109550203647	15.8427463011595	15.5017298410163
18.1356420620056	18.1224454623846	18.1834725276292	18.0606396615302	17.8494315522003	18.1067277492315	18.004265374987	17.9393455938027	18.2092772319177	18.027298829415	18.1235734978397	18.1370578210064
17.8176231862949	17.9703892072321	18.0182425681365	17.9169769370766	17.6671303405901	17.6916942312624	17.9618796109223	18.3078312678975	17.7545429171322	17.3610085879643	17.9804184435241	17.6001569953556
17.3934225026847	17.200114544109	17.2972948168801	17.4133198354673	17.3899368199565	17.1020443673417	17.4170741049465	17.3538326972182	17.270588496459	17.1468937501263	17.1966890685666	17.3267518939673
16.2637580528496	16.273799551271	16.2047332782832	16.1754146232523	16.4841824859677	16.3273108998559	15.984396563228	16.1854876811689	16.0953341341132	16.0470171027728	16.2373632214617	16.0584831250632
17.0202616810581	17.1908146664822	17.3526144058155	16.8736985808366	16.5195582347758	16.8685801351643	16.604922442113	16.7680741596499	16.8997317865099	16.7689132215281	16.9956792155412	16.7898617865853
17.7185282886412	17.6619752382119	17.732358754403	17.64716104278	17.8784989152628	17.4799687283983	17.9057767279614	17.6038986784205	18.0459140721093	18.0686570658875	17.8747701501396	17.9244791046848
18.2407893693877	18.2637738760181	18.2590415773155	18.0474861748346	17.9030041793841	18.2142304379963	18.0112557364462	18.0908334349476	18.1875690801154	17.8531396328319	18.1179312272955	18.0541291026883
19.5595767606631	19.697502910587	20.6545154933832	20.402337398883	19.7624640741353	18.9085037053863	19.9546041788397	18.7167136984313	19.6023855366245	19.6777048895966	19.4010518781866	19.8055765669507
19.5595767606631	19.697502910587	20.6545154933832	20.402337398883	19.7624640741353	18.9085037053863	19.9546041788397	18.7167136984313	19.6023855366245	19.6777048895966	19.4010518781866	19.8055765669507
19.5595767606631	19.697502910587	20.6545154933832	20.402337398883	19.7624640741353	18.9085037053863	19.9546041788397	18.7167136984313	19.6023855366245	19.6777048895966	19.4010518781866	19.8055765669507
17.6564227793668	17.628660154232	17.5412406286289	17.3769404409614	17.7240930468893	17.6299373768578	17.6779268409718	17.6740158016612	17.8966312270518	17.5808081938766	17.5809207146145	17.6802916289182
18.0818725466454	18.046551832931	18.0296307478696	17.6913266335021	17.6646361451765	18.0985720578065	18.0942369223062	17.4599942723679	18.2930569239046	17.696039343027	17.7972916876604	17.8694777889441
17.9036901187512	17.9084741063366	17.7726883300816	17.607395339331	17.9703928987871	17.8750372378096	17.810242267094	17.6555761522557	17.9435677621026	18.1431539777054	17.7662160533381	18.156908654684
17.9036901187512	17.9084741063366	17.7726883300816	17.607395339331	17.9703928987871	17.8750372378096	17.810242267094	17.6555761522557	17.9435677621026	18.1431539777054	17.7662160533381	18.156908654684
17.9036901187512	17.9084741063366	17.7726883300816	17.607395339331	17.9703928987871	17.8750372378096	17.810242267094	17.6555761522557	17.9435677621026	18.1431539777054	17.7662160533381	18.156908654684
19.9458088779031	20.0491908298523	19.9675242558435	19.9867998042053	20.2151250893286	19.9253371712041	20.2420298534398	20.0706986352216	19.9403228730594	20.3171765574788	20.149276097047	20.2689694387515
19.2054407470523	19.2573110039507	19.1386331703636	19.3475044004229	19.3976585115194	19.2530568433187	19.4261511787198	19.3834322399708	19.1386918042988	19.4083824812616	19.2447635242568	19.227024709448
16.0037867117669	15.9440339954201	16.174064254543	16.5312567904225	17.0426734733475	16.1940074012843	16.6684647486062	16.5408501957417	16.5311241369074	16.8896538183304	16.5354321909393	16.8065324192202
16.5658621216567	16.551579218346	16.5220105597753	16.2481171330437	15.8218627205705	16.0798746032249	16.0072847279568	15.8738618613428	16.4066993308824	16.2671929002346	16.2193879718695	16.2746723650454
17.9337513344756	17.7555975318183	17.7677675261424	18.1179876560531	17.9373185949614	17.8889950419633	17.9496501878165	18.1695332746189	17.86662006878	17.9969974142862	17.9575912944273	17.8764213169185
16.5975911423341	16.8816835024267	17.0937221543912	16.7729429851144	16.9743935376167	16.5729077847428	16.8074559824952	16.8502128959328	16.48691766305	17.157281332423	16.8071211358444	17.3087184833784
17.0343939434935	17.2753099428264	17.0998163916865	17.3393916336657	17.9669711749035	17.0859412331916	17.2997476900161	18.8561104875601	18.772470047936	18.0150014875714	18.8328054800904	17.9215199286641
17.9910980478176	17.6167773125111	17.7942154130455	18.3251018325144	18.6201540961842	17.8917182580188	18.1529473256067	18.6008332198223	17.8139868134309	18.3479836385494	18.044739558193	18.2055082124999
17.9910980478176	17.6167773125111	17.7942154130455	18.3251018325144	18.6201540961842	17.8917182580188	18.1529473256067	18.6008332198223	17.8139868134309	18.3479836385494	18.044739558193	18.2055082124999
16.8596669689404	17.2205342179788	17.2848556988463	17.1634709077164	17.0498381766015	17.0512488967029	17.2043830947064	17.2401283800423	17.0358264900997	17.0911075005966	17.1222582953072	17.0337216785319
15.8530231791689	15.0109501176536	16.1405020226015	15.2574481684348	15.7494095196287	14.9561809872575	16.0458342079998	15.4152894057596	15.052014605652	15.8327090688441	15.1885492087297	15.3802184497014
20.4756827375316	20.659878701023	20.5949370338267	20.6086535891144	20.3095204696535	20.5569680333822	20.4074538017844	20.3626743423815	20.3378013383541	20.1309852398987	20.4678295793229	20.3664347497218
16.7400622367935	17.2745407025993	17.3775875904993	17.0535303753046	17.2341951246837	17.2726024454791	17.5601769989339	17.0875471830746	17.2275882059289	17.1884369065347	17.3802446243269	17.4945728209228
16.7400622367935	17.2745407025993	17.3775875904993	17.0535303753046	17.2341951246837	17.2726024454791	17.5601769989339	17.0875471830746	17.2275882059289	17.1884369065347	17.3802446243269	17.4945728209228
16.0957566288581	15.9697804339849	15.788463681517	16.1217003296589	16.7064670768179	15.9374169407552	16.0783442344717	16.411645047854	16.4014232021811	16.4528694887231	16.5385266355904	16.6357630715292
18.8887167358697	18.9764229437499	19.0296397401141	19.063193368624	19.0761085706472	18.7468379986732	19.0005617859553	19.0600506531731	18.8020415179376	18.9262002715017	18.9233005729018	18.9440201927839
19.1050592537395	19.1584646150975	18.9310999822614	18.9694472052524	19.0304041638917	18.954042251477	19.051934120856	19.0025186355869	19.1139904933539	19.1884224300976	19.1359866920793	19.0819612573222
18.747608096729	18.8688191514106	18.9289141875127	18.7688494612169	18.7354816826824	18.8126875816923	18.7816121167706	18.7919849029239	18.9107939446956	18.6431511040457	18.8046915439134	18.6663648822382
18.0714119132267	18.1462470361848	18.034809511617	17.7764396096227	17.7057703395538	17.8623145373527	17.7947116313933	17.8680965540943	17.826882434525	17.7902398732217	17.7622234168388	17.9268027878618
18.6250214017937	18.8912874839702	18.8182079736805	18.5945373027278	18.5283206640176	18.7106453934383	18.5631487597781	18.500356595485	18.5958698326129	18.466213968834	18.7108910106036	18.53038381144
16.3425767460751	16.3358521838085	16.5601319384835	16.615877721027	16.7368304027551	16.4300367995148	16.3523067201924	16.6197383908435	16.2709229741849	16.3781516246156	16.4228878463942	16.3613554600123
18.2253149479628	18.1045986982934	18.2247652292551	18.2996066028444	18.3527118812135	18.1968005200743	18.3580089162765	18.3305771710731	18.4068493204221	18.2904422238114	18.4214986593725	18.2088443105783
18.0565006851063	18.2564145776233	18.3459511820356	17.8148082302749	17.4003862361667	18.275649452176	17.5969958704454	17.6782305520575	18.2382389749466	17.7555904545453	17.8722884634352	17.6957049664263
18.0565006851063	18.2564145776233	18.3459511820356	17.8148082302749	17.4003862361667	18.275649452176	17.5969958704454	17.6782305520575	18.2382389749466	17.7555904545453	17.8722884634352	17.6957049664263
18.6406201880945	18.6102994172963	18.8561932614563	18.5613445206783	18.3611431413933	18.6823435000803	18.3531071675764	18.497153596867	18.5071584123843	18.4699738807479	18.5770282426575	18.9515155178997
16.4673151290275	16.4652578037447	16.4932160811883	16.5489257386681	16.9737494657945	16.4909215399526	16.6936431431606	16.7179633957378	16.4619059913167	17.0594779340512	16.5335961773056	16.9841213124357
16.1420710914557	16.1851600133734	16.355755885044	16.178815358161	16.230323165686	16.1172063607338	16.0846001147422	15.9284134227008	16.3517136014614	16.4432371237317	16.6175143047556	16.7131276283763
16.8143695570387	16.6658285082513	16.6551517497291	16.9627036253831	17.1512752497612	16.620055284018	16.8914965703093	17.1108352049194	16.7834000007801	17.2525190699201	16.9176862033957	17.0175348241398
16.37010681052	16.157686969228	16.245295779864	16.5310742061248	16.572593742242	16.125137661057	16.394657299318	16.6889861255964	16.177275542762	16.3683122889064	16.5515756184576	16.4716007629814
16.9646652289224	16.8858939667632	16.8239975604614	16.8408432114673	16.9558220749331	17.0806440125735	16.8580914199119	16.8227733493387	16.9322217866661	16.7985637087517	16.9198186935642	16.8882755364306
17.2310831845081	16.9282940610096	16.7909508275086	16.9940777820353	17.4236186533003	17.1182804361296	17.0429693611161	17.4236926631433	17.0839194763882	17.0168600299529	17.0623140566173	16.8556865919815
18.9797345685876	18.8328644663659	18.942996715525	18.7266393465195	18.2599459786647	19.0390748069038	18.3671399828321	18.6107116214554	18.6387747609162	18.1171593220269	18.57574164368	18.3349009946129
16.8882406280964	16.9038863257673	16.8911015737181	16.8928771890601	16.5021805726885	16.6711806023698	16.6820029674766	16.9627870404623	16.765072998092	16.5957491195806	16.8978371055493	16.6653682110388
16.6874639157885	16.5725820173078	16.5367663452797	16.8030671203087	16.9566537518792	16.4928589630882	16.6880058579254	16.7652351097859	16.5603830333121	16.9656936737779	16.752547001183	16.6179011166769
17.1970124676342	16.9014559033659	16.7840719835283	17.3425613261875	17.354387367877	17.1917756152908	17.1968770045171	17.4916171034577	17.1318223976698	17.3461768296605	17.1522514008802	17.1745190363006
17.1970124676342	16.9014559033659	16.7840719835283	17.3425613261875	17.354387367877	17.1917756152908	17.1968770045171	17.4916171034577	17.1318223976698	17.3461768296605	17.1522514008802	17.1745190363006
18.1889956499262	18.2680059221056	18.229382292956	18.2479100972855	18.5297588377537	18.2252811253414	18.2959940282996	18.3274350390842	18.1202221570975	18.2518077577638	18.1282615802841	18.1908385173376
17.6697426198907	17.5357836759944	17.6104809044142	17.3788079964135	16.9702913517752	17.5439837972313	17.0795262453891	17.3030987226946	17.2077511191703	17.0546511436216	17.0401102265079	17.3052089292994
16.3331843129198	16.2630344224217	16.4048645901786	16.1891141863572	16.2459770571154	16.2140030625342	16.017298216895	16.1892906026745	16.2545639110493	16.2116394636309	16.3229138856374	16.3892824184782
16.7158964210299	16.6884276906612	16.4341498988513	16.7391528502208	17.0013541010714	16.6775966755997	16.7722356414346	16.8687506389974	16.7536301108377	17.0210861474792	16.9347934044717	17.029545945482
17.8169128101284	17.8567545775686	18.0087244109047	17.5732474113781	17.4853236080733	17.696758741804	17.5011671865395	17.4033642554038	17.6439050483817	17.6316319753791	17.9599746992937	17.9609464110969
18.8062407612171	19.0005718376129	18.9985298019247	18.9627217038648	19.1035205207524	19.0958127528791	19.4227294267264	18.9151489591695	19.416678865742	19.2193655337809	19.294881641925	19.2237035681304
17.7650880934564	17.5391210175665	17.4423099262705	17.2343224411938	17.3499828287113	17.5770985187877	17.3702503577569	17.3933961255855	17.6707881825795	17.1076080340436	17.4714339175446	17.2857575275039
18.8838556906818	18.8951154372568	18.7926321117562	18.9591209252483	19.2514798284124	18.6449451989218	18.9702349306817	19.0009144585828	18.7223066748574	19.0544871659877	18.7994523378044	18.8940831570341
18.8301326733363	18.7217871814877	18.5099618625781	18.6558734843406	18.9146834866933	18.6693156619449	18.7118564664587	18.7997200944428	18.7688945895462	19.1687864173811	18.7817495238147	18.9375572919186
16.4292727585135	16.363242344508	16.3281266712236	16.6096385171364	16.8175795037692	16.4393187366627	16.5599142382463	16.8296731182838	16.5008575128111	16.8570565182886	16.4900373770439	16.7007806376511
18.3712161844948	18.4222109810636	18.4347010372265	18.0536820250977	17.6668791953002	18.3812062911612	17.7439566922652	17.8936645249882	18.3308782684317	17.9381279258138	18.1150968784621	18.0493187718552
18.3564352536603	18.1878374935205	18.3117370196878	18.4731623879937	18.4496748360973	18.3238662068739	18.344345429671	18.653396754712	18.354029571692	18.3621726848782	18.3593357887318	18.2937524533229
18.9037511760874	18.6539520177435	18.6646118797842	18.8932104858998	18.5278729594377	18.8463432130137	18.3274938593377	19.0706540789269	18.6122570512096	19.0528010758949	18.6229940811036	18.9904659288372
18.9037511760874	18.6539520177435	18.6646118797842	18.8932104858998	18.5278729594377	18.8463432130137	18.3274938593377	19.0706540789269	18.6122570512096	19.0528010758949	18.6229940811036	18.9904659288372
17.3909988007723	17.207479090471	17.3367756143947	17.2626371586029	17.144782996637	17.407946228701	17.1651166276687	17.3512799956102	17.2499648086756	16.9966945185222	17.4405206555438	17.1167627671115
17.4850942855997	17.5470928360693	17.5632165200457	17.7002654138174	17.8788807338905	17.4907586548054	17.8041574651854	17.7573523014939	17.4989818074363	17.792807462422	17.6338563327119	17.7385280942439
18.1422589473575	17.9364252744924	17.9687326152192	18.133139952457	18.3480328637437	18.0565198788406	18.0804428142647	18.3740082464655	17.9800906694122	18.0979261260307	18.1946123854462	18.1277745673052
17.2281893926835	17.2745386497013	17.3444000979291	17.1801684733999	17.3364398356821	17.3610660492588	17.201821220032	17.5322010718329	17.1509831647146	17.1776575943986	17.2419401780675	17.1747413378133
17.1833909946906	17.3582996285782	17.4709346851021	17.2719945108011	17.5233862434289	17.3181915751932	17.5394294465176	17.5355388200686	17.1789183666177	17.6189672624179	17.2758878761789	17.3603606726626
19.373492829447	19.4124607791209	19.360513289055	19.4283115285959	19.5193591444684	19.4419558058918	19.5260988302443	19.2855595756387	19.4659140598031	19.5043045230229	19.4779823651337	19.5493159358939
19.373492829447	19.4124607791209	19.360513289055	19.4283115285959	19.5193591444684	19.4419558058918	19.5260988302443	19.2855595756387	19.4659140598031	19.5043045230229	19.4779823651337	19.5493159358939
17.0721203594584	17.0610702276837	16.9964068584914	17.1789255408804	17.0995144951707	16.9390961567058	17.1961474715453	17.2903462915818	16.9092309341572	17.1948161128691	17.0313367269164	17.0161252671078
18.61362469616	18.5183229846126	18.5147513366913	18.7590871980512	18.8729071309643	18.5213719827076	18.7355717223835	18.7590823840481	18.4878105708936	18.7862305156782	18.5484601715855	18.7710133009823
17.5979805051518	17.7094623550603	17.8662609841882	17.4113058338263	17.2513724395538	17.4226651112995	17.3553294323849	17.3771897077513	17.5341299449258	17.3684258385181	17.4746433103138	17.4765164805364
17.7340546325663	17.3315525978435	17.2692908250352	17.708711364544	17.893139467442	17.5177629383025	17.6529068704856	17.7892302398298	17.7658335501238	17.9963057818467	17.5969952103228	17.7603444920784
16.6001766322663	16.5611945684577	16.5663821340122	16.5736200742716	16.4716877950043	16.2348972449739	16.4565856046661	16.8733636422043	16.3800785241142	16.4035641607814	16.4883187897521	16.6420764441975
17.872213962227	18.4039917102739	18.4034008044645	18.20198496316	18.2291081980933	19.8354400101787	18.2357476318884	19.1785597853917	18.1143607207972	18.1385833054778	18.0087143043914	18.3879992187745
18.3834696851118	18.4091447752219	18.5727127859363	18.6979265138592	18.4327804303503	18.4231773814603	18.3625078333114	18.8987720277004	18.4519194514931	18.380822589003	18.613587652657	18.3335582282106
15.2638671116125	15.1511103931907	15.0521495835874	15.4308479661922	15.4132050592646	15.3648508769352	15.2269289014559	15.2222871241854	15.1164612575941	15.2672474297842	15.456684731419	15.3283265103809
13.9107800919782	14.1017345879668	13.8490002757599	14.1432654282037	14.4724455804851	14.261153693031	14.142973870632	14.449200081125	14.2053995366591	14.7044590513971	14.1025485015187	14.2944048324271
20.66315010374	20.7091920312887	20.4659477977461	20.4595965089661	20.1673748121881	20.7443241862468	20.269730153596	20.7813223539466	20.3056752668814	20.3064147574993	20.3838096252189	20.5074042273427
20.7462813456048	20.7375797333766	20.6560971388456	20.6498275446028	20.6181829197208	20.7107532557992	20.5644052163277	20.5868717682554	20.8096683781439	20.5912672475151	20.5880208865226	20.5915279134096
20.7462813456048	20.7375797333766	20.6560971388456	20.6498275446028	20.6181829197208	20.7107532557992	20.5644052163277	20.5868717682554	20.8096683781439	20.5912672475151	20.5880208865226	20.5915279134096
20.7462813456048	20.7375797333766	20.6560971388456	20.6498275446028	20.6181829197208	20.7107532557992	20.5644052163277	20.5868717682554	20.8096683781439	20.5912672475151	20.5880208865226	20.5915279134096
18.2549881304683	18.0877962510798	18.1674848737827	18.0405558445798	18.1864236980891	18.1205608071786	18.1720401550638	18.0485934529111	18.1074651298376	18.101536040931	18.2170987747683	18.0876214958973
19.0074204615166	19.0358118720516	18.9989053980017	19.2403684913289	19.3367210320737	18.8653797361707	19.2817031056051	19.1399412751647	19.0462374456558	19.399069960329	19.2856186190523	19.3474659639589
17.9001776940791	18.0158847385509	18.0141575428834	18.074936184519	17.945989071777	17.9464266940037	18.1141817084492	18.0620933676141	18.1413206052784	17.9524369607578	18.1317174838003	17.9591550258266
17.8902762502887	17.8187661207182	17.7153220858898	17.8693628521126	17.8108206638226	17.7051699773145	17.7313410548764	17.7478444138959	17.7844446244786	17.7386305254175	17.6535117737728	17.6837789633503
15.3203586296619	15.5962904420312	15.6307821193287	15.5856512126225	16.4353952707785	15.354353143986	16.0357548850164	15.6589975742926	15.8652963502651	16.5422797315979	15.8279863446827	16.1264635021656
18.0821305338812	18.0769529766872	17.9961491135209	17.9531536157667	17.8979703400293	18.1330578451268	17.9030471561815	17.9226324488153	18.1003643473038	18.1337374764756	18.0669609491916	18.0280232122121
18.7330828580408	18.6407747450239	18.7146622101202	18.7280178870702	18.8214103428151	18.6899274287839	18.6704524858816	18.8274970486845	18.5996720577034	18.6737045049632	18.6119002362577	18.6981445829255
18.5703571111416	18.5921776738387	18.1195145533876	18.3794367182705	18.7328770522344	18.4815868570149	19.1497217191229	18.5726988586938	19.3034117877514	19.8778789924825	19.1420180700523	19.2247913615642
19.4532904931496	19.3894740293742	19.1393587877848	19.2486690955172	19.1300271069647	19.2373000566355	19.2508521216886	19.2434264915341	19.0503643627931	18.9655436002749	19.0432913381337	19.0889501291239
16.9990228333518	17.2444518439973	17.7659475804723	17.1908995115947	16.7605246260649	16.2695854510877	16.9701761307375	16.225106084566	16.2647974421378	16.8654450930908	16.677961584352	17.0680085244347
18.5136426960162	18.517545897821	18.6760162677792	18.5921472751241	18.3556169873752	18.4420583568433	18.4040824886468	18.5517749279837	18.4222710022473	18.4365815940473	18.4823664919339	18.5968428251697
18.5977261396736	19.040944701069	18.9657239511464	18.4518745600111	18.5971049001641	18.5197998341792	18.3228676378425	18.537158771227	18.3864768284023	18.4560717548324	18.3637097937982	18.3730803260638
16.1833635389952	16.3329552780955	16.2568533829742	16.4436689124264	16.4138847232033	16.4403401783088	16.4169185956554	16.2594681689648	16.2611702414642	16.593630384592	16.3158591121694	16.269742681453
18.7033072670937	18.6204619397899	18.66506179768	18.7911876771725	18.8166089076839	18.615744863365	18.7842861744215	18.8278794641572	18.8418526609724	18.7914928310993	18.9520233334634	18.6985316744131
17.7140805810317	17.8422534213333	17.7340214919391	17.4032665648455	16.9423390244821	17.7114542534095	16.8752316529462	16.9788078128149	17.4039909289489	16.79721026315	17.1553639768366	16.9400142705626
17.7140805810317	17.8422534213333	17.7340214919391	17.4032665648455	16.9423390244821	17.7114542534095	16.8752316529462	16.9788078128149	17.4039909289489	16.79721026315	17.1553639768366	16.9400142705626
17.0922445713169	16.7249608747535	16.629640570352	16.445866851164	16.6071288422749	16.8760084955926	16.6939056272032	16.2394584136488	17.2645602421869	16.7417900033749	17.0677243395169	16.6629121891902
18.5427449065585	18.6374229817494	18.6128541883732	18.4407355633825	18.2963455105481	18.3676233780674	18.4023276793751	18.2387825360583	18.5089949536223	18.1832335347916	18.5016509321155	18.4558456601452
16.1695209332036	16.1673285202612	16.0875705236681	16.0866122389217	16.1823545260309	16.1876117338592	15.9366852888138	16.0717646298752	15.9453964309628	16.2014836425499	16.235867031995	16.334537564197
17.9108186772967	17.9671494638896	17.8089077131772	17.7637648725818	17.9244349151967	17.9788130578925	17.8371329279687	17.8004115021479	18.0046331848434	18.0747265901991	17.9378683382543	18.1089661101821
16.7930818270701	16.9070119363998	16.780681987309	16.9688175634339	16.9484963785806	16.6873863215166	16.9306494689851	17.0701933366165	16.7013306065632	16.8864621191679	16.7891916145479	16.9982105949779
18.0455185276603	17.940119893838	17.9781176181501	17.8340864859523	18.4178828660628	17.9250739910573	18.1290561757265	18.0557032263372	18.120400465118	18.3892141071997	17.9514023162515	18.3431962191013
17.0152390814955	17.1225266605995	17.0202329959862	17.1407933726539	17.345558175331	17.0897884037763	17.2878990645549	17.2153349058126	17.2280326053828	17.2057206570738	17.1986793625907	17.1535646241334
17.1719738572082	17.061362581209	17.065673900038	17.2066557461642	17.2547558561277	17.1864149929581	17.3390549157828	17.366409712765	17.0953328337837	17.0861376276238	17.1999346094262	17.2738357003495
16.532725693714	16.7853146951721	17.0141410968495	16.9355260091668	16.283202529909	16.6956387039694	16.598129184176	16.6248201282947	16.6026025166652	16.2791093162959	16.5748360706018	16.4934201553376
18.1337250524496	18.154819741301	18.203135205915	18.2505460627132	18.1519679739451	18.1234080265598	18.2048626136034	18.284091281457	18.0023807304352	18.1744348748414	18.2063689286784	18.1590196475268
18.764358751822	18.769194594932	18.7842831510217	18.6540478382095	18.7142173003063	18.8244554464719	18.6585487702055	18.4999893772572	18.8639802638611	18.8137920004711	18.79573399327	19.0626663281584
19.5649349838542	19.2902493202091	19.3595408411528	20.0761458075121	20.9465004281574	19.4358303911532	20.83339197327	19.8460236242652	19.5245758861796	21.2647180767068	20.2313432539962	21.0662082666009
18.7069225904097	19.0569509164012	19.2247554451077	18.7108752219564	18.8099600263935	19.1808994347856	19.2275447404513	18.8437821333751	18.7128043918306	19.0068790509726	19.0827475086334	19.2695059731591
18.6602047786432	18.8375013370819	18.7314619670833	18.5084884143752	18.363177184474	18.6804513249997	18.605428033777	18.2263680292116	18.6941047552035	18.1433968222261	18.5508210432938	18.4812029818442
18.6602047786432	18.8375013370819	18.7314619670833	18.5084884143752	18.363177184474	18.6804513249997	18.605428033777	18.2263680292116	18.6941047552035	18.1433968222261	18.5508210432938	18.4812029818442
17.9592366263082	17.9261748120555	17.9849744920984	18.0633005256068	18.1642574950449	17.9163611074141	18.0970801753946	18.1356216338147	17.9273302784085	17.9309051542406	17.8541938333584	17.9939534429296
16.5510675055117	16.5668379658767	16.4055657875174	16.5237878676101	17.0331866329752	16.8605949284283	16.7659381484896	16.9039335043968	16.5200962623019	17.1786425782999	16.4936117631929	16.7611934812457
14.6690802583527	14.7493193604902	14.4128044165511	14.7581320410465	15.0801459467301	14.5214691751911	14.8462258384799	14.7967163038441	14.5623986824437	14.9934165317973	14.7234331178176	14.6226362007411
19.201049978869	19.7701151421522	19.608715691946	19.4040573294331	19.4849921141065	19.8254235410234	19.5700067519165	19.5182017412958	19.4911607933934	19.9928583760543	19.5269164707562	20.000836437046
17.9449007888887	17.8825824312256	17.9589306660774	18.0198052459796	18.2143856680836	17.8390992306596	18.1166455522965	18.0192665685286	18.0052188570771	18.2144246947657	17.915158039117	18.0510761995721
17.0442206684846	17.0451172704476	16.9596565914249	16.906361314628	16.9475523735838	16.9795276983043	16.8349325349508	17.0090470740743	17.1074544279018	17.1845358963494	17.338406866362	17.1582038676047
17.0442206684846	17.0451172704476	16.9596565914249	16.906361314628	16.9475523735838	16.9795276983043	16.8349325349508	17.0090470740743	17.1074544279018	17.1845358963494	17.338406866362	17.1582038676047
17.9380039268042	17.9050106005795	17.9979959325689	17.8923271941101	17.8189391490429	17.9846173749952	17.8025115138664	17.9091175900451	17.7610736360853	17.7904422650746	17.847188569299	17.9126124437502
19.1183644535606	19.2015574820808	19.2394166066323	19.0114469256577	19.4171230940838	19.1868846761388	19.2645050311207	19.0807846720548	19.2457305383123	19.4683782723887	19.2947991655443	19.4482519853985
19.1183644535606	19.2015574820808	19.2394166066323	19.0114469256577	19.4171230940838	19.1868846761388	19.2645050311207	19.0807846720548	19.2457305383123	19.4683782723887	19.2947991655443	19.4482519853985
16.9285380480597	17.2114903824359	17.3034385627414	16.4529148768742	16.8593219073801	16.8817759584346	17.0740272708988	16.1835925966655	17.094777963164	17.5591724095372	17.0448721958687	17.4215639999757
16.9285380480597	17.2114903824359	17.3034385627414	16.4529148768742	16.8593219073801	16.8817759584346	17.0740272708988	16.1835925966655	17.094777963164	17.5591724095372	17.0448721958687	17.4215639999757
18.8761574497046	18.8559200457189	18.9559058586528	19.0554906070525	19.2708252504349	18.7858794763527	19.1278546595725	19.190295780331	18.9058598102727	19.2157192538981	19.0129456364593	19.0955728988064
18.8761574497046	18.8559200457189	18.9559058586528	19.0554906070525	19.2708252504349	18.7858794763527	19.1278546595725	19.190295780331	18.9058598102727	19.2157192538981	19.0129456364593	19.0955728988064
18.8761574497046	18.8559200457189	18.9559058586528	19.0554906070525	19.2708252504349	18.7858794763527	19.1278546595725	19.190295780331	18.9058598102727	19.2157192538981	19.0129456364593	19.0955728988064
17.3009707259814	17.1361351754596	16.6840349746509	16.8185664004343	16.7096464347966	17.1869050626302	16.9889233077244	16.7972473373462	17.4843745835211	16.831916928795	17.1658970747896	16.9507723416454
18.3485749982449	18.3964744469567	18.5505084846499	18.6065087872333	18.4281533822856	18.5051973418413	18.598181819293	18.5449222822328	18.2597171453267	18.2749881435752	18.4016340633109	18.2994282214977
18.7910506323906	18.836486745917	18.6627019180333	18.7015022117765	18.4975596922544	18.7811186134976	18.6668360737198	18.7221748132164	18.7183904534648	18.5907070772778	18.6639282354529	18.606341247486
15.0549483342827	15.4474462867045	15.4815845972293	15.3069480337991	15.9407620700966	15.3324074764959	15.4957290210977	15.6904529249326	15.2591193830676	15.5061885319245	15.0151905357031	15.3318742043543
18.4342081078844	18.3059127807874	18.3332718647077	18.6574894536826	18.5163982121081	18.4726092576058	18.5352485482854	18.5195157134816	18.7137656947361	18.7494352709542	18.3537463950676	18.4602112359001
18.4342081078844	18.3059127807874	18.3332718647077	18.6574894536826	18.5163982121081	18.4726092576058	18.5352485482854	18.5195157134816	18.7137656947361	18.7494352709542	18.3537463950676	18.4602112359001
18.2382627204634	18.2554091319223	18.2983390964657	18.6187307251263	18.7400840412346	18.2434567575021	18.647888638357	18.678006983302	18.3170643616768	18.7521911635618	18.3828117080971	18.5950107882201
17.4844768827243	17.6501767256912	17.5755314458676	17.8710730323231	17.7967021245529	17.501992499339	17.6921154521584	17.8175486427157	17.413700664905	17.7229961461229	17.6359227809307	17.7274873813125
17.0973379587468	17.0069735358482	16.9528044533314	17.2814397696317	17.3793174857048	17.0392920173367	17.2390739244825	17.3753530426734	17.0930268208981	17.1364452010258	17.0479402168761	17.1768000326165
16.2603536851137	16.1736670959068	15.6270814535324	16.0535109293102	17.1198906060654	16.2357542272037	16.7038453586537	16.5088382036312	17.1424242476762	19.4691313463035	17.0869452718108	18.0290943188128
17.4991547704483	17.4801687854626	17.4901270182498	17.5119284841908	17.6668446689312	17.3356487624951	17.6090761571298	17.6761858603312	17.2504273550575	17.6229597393672	17.4369822680115	17.674873040415
15.9289960985808	16.1966329320172	15.9630984534979	15.732629393932	16.0194222224253	16.0296618215023	15.8709978339793	15.9534033341062	15.8420233813432	16.3204543426238	16.2423858794323	16.4947750840677
17.7859759773903	17.9542119445655	17.752560330424	17.6706598260511	17.5308223397852	18.0194670770139	17.6500222756798	17.66218225341	17.837848508942	17.5070123035535	17.7395493344675	17.7355684200459
18.7805599846942	18.4762361813123	18.2649693187723	18.4875468791984	18.2327385715499	18.4397415676547	18.2704537712973	18.6125765788858	18.6330904582954	18.3208337749745	18.4692299247896	18.2806166964973
17.8662536220948	17.8171666940218	17.8796583190269	17.7917547898583	17.746540387259	17.9122535554984	17.6952260504163	17.9369083992647	17.7005415584825	17.8608840851246	17.7772461934367	17.8098160554289
19.3087662150322	19.0125880002087	18.9062851628771	18.9049516877446	19.2369650176675	19.3177937344817	20.0032703490031	19.0979344247788	19.4885327710788	19.5186522522675	19.4376223886975	19.2461500811376
19.3087662150322	19.0125880002087	18.9062851628771	18.9049516877446	19.2369650176675	19.3177937344817	20.0032703490031	19.0979344247788	19.4885327710788	19.5186522522675	19.4376223886975	19.2461500811376
17.9209555640562	17.6212730150144	17.617313475128	18.4404685202995	18.7301100841202	17.9160769505631	18.2221866392062	18.8274962573368	17.8303418082153	18.5832186697255	18.0889092543401	18.2183316000665
