0
0
0
0
0
0
0
1000
-1000
934.999059600727
65.0009403992733
0
0
199.28045168803
1000
0
999.738415586953
-999.738415586953
999.939964233071
0
0.0600357669288908
0
-1000
0.37736767783872
0
1000
-201.795463402036
0
-333.893137101582
0.0247238445695045
0
0
0
0
0
0.0330626875398905
0
0
0
36.0267816908191
0
0
0
0
0
0
0
0
0
0
0
0
0
0
0
0
0
0
0
0
0
0
0
0
0
0
0
0
333.893137101582
0
0
0
0
1000
1000
0
0
0
333.893137101582
0
-1000
0
0
0
0
0
0
0
0
0
0
0
0
0
0
0
0
0
0
0
0
0
0
0
0
0
0
0
0
0
0
0
0
23.7323349433696
0
246.748560138376
0
0
0
0
0
0
0
0
0
0
0
0
0
0
0
1000
0
0
1000
0
0
0
0
0
0
1000
0
0
0
0
-15.0301178878025
0
0
0
0
836.295277064343
0
0
0
1000
0
0
598.503834541432
1000
1000
401.487588920435
0
0
0
-1000
401.487588920435
600.768040608465
1000
-800.71954831197
0
204.471343299438
1000
0
0
0
0
0
1000
-1000
0
223.068067459222
0
0
0
-4.03889757264926
0
0
0
0
0
0
4.04318584171563
246.910832295469
-1000
0
0
0
148.568291643167
0
0
0
0
1000
995.956814158284
97.9186840821618
0
0
0
-1000
0
-999.995711730934
0
0
0
0
0
0
0
0
0
0
0
-1000
0
0
-1000
903.502165358229
95.3174652995489
0.473616480130431
0
0
0
0
0.706752862091243
0
1000
0
0
746.601874857098
-253.398125142902
0
-746.601874857098
0
0
0
0
0
0
0
0
0
0
-1000
0
1000
1000
-1000
-1000
1000
615.441060054847
384.558939945153
-1000
-2.59263692294655
-0.992707237731338
-1000
0
0
-0.710424720195647
1000
-1000
-1000
1000
0
0
1000
0
0.184395569853022
0
-0.184395569852995
0
0.00183060751870632
0
0
0
0
2.22098457207044
0
0
0
1000
0
0
0
0
0
0
0
0
1000
0
1000
0.482193018263112
0
0
1000
0
-0.184395569852995
0
-0.706752862091321
0
0
0.706752862091321
0
0
0
0
0
0
0
0
-1000
0
0
0
1000
0.706752862091321
0
1000
-0.992707237731338
0
0
0
0
0
0
0
0
0.00367185810432602
0
0
0
0
0
0
0
0
0
0
2.36808240065207
0
9.969006061172
0
0
0
0
0
0
0
0
-145.231001009729
623.881649262367
1000
-1000
0
1000
1000
-0.00183060751874109
-1000
-1000
1000
-1000
1000
1000
-1000
0
-1000
0
0
0
0
-1000
0
1000
1000
-1000
1000
1000
0
862.268936762889
-1000
0
0
0
0
0
0
0
0.992707237731326
-1000
1000
1000
1000
1000
-1000
-1000
1000
-1000
-1000
-1000
0
1000
-0.473616480130431
-1000
-1000
1000
1000
0
-868.325891984317
1000
-1000
-1000
-137.257446756981
-1000
0
223.068067459222
0
0
0
0
0
0
0
0
0
0
-1000
999.996328141896
0
0
0
-283.776192166643
253.561695778386
0
0
0
0
0
0
0
0
0
0
0
0
0
0
0.00367185810438186
0
647.215993099358
0
-647.215993099358
0
0
647.215993099358
0
0
0
0
0
0
0
0
0
0
0
0
0
0
0
0
0
0
0
0
0
1000
0
0
0
0
0
-1000
1000
0
0
0
0
0
0
0
0
0
0
0.00367185810432602
1000
1000
0.107206726658774
0.107206726658774
0
-17.6010445610115
0
0
0
0
0
0
0
0
0
0
33.2176612380295
0
0
0
0
0
0
0
0
0
0
0
0
0
0
0
0
0
0
0
0
0
0
0
0
0
0
0
0
0
0
0
0
0
0
0
0
0
0
0
0.167242493587624
0
0
0
1000
0
0
0
0
0
0
-1000
0
0
0
0
0
0
0
0
0
0
0
0
0
0
0
0
0
0
0
0
0
0
0
0
0
0
0
0
-82.6354429907341
0
0
0.167242493587624
0
0
0
0
0
0
0
0
0
982.368948031626
0
0
0
0
0
0
0
0
0
0
0
0
0
0
0
0
0
0
0
0
0
0
0
0
0
0
0
0
0
0
0
0
0
0
-1000
0
0
0
0
0
0
0
0
0
0
0
0
0
0
0
0
0
0
0
0
0
0
0
0
0
0
0
0
0
0
0
0
0
0
0
0
0
0
0
-1000
0
0.00428826906634934
0
0
0
1000
0.776176701009231
0.776176701009231
0
0
0
0
0
0
0
0
0
0
0
0
0
0
0
0
0
0
0
0
0.00367185810438186
0
0
0
0
0
-1000
0
0
0
-1000
0
0
-1000
0
0
0
0
2.22989991450166
0
0
2.22989991450166
0
0
0
0
0
0
0
0
0
2.22989991450166
0
2.22989991450166
0
0
0
13.3023924628764
37.9189194404412
24.23781117791
17.7523031088208
26.3207480760116
8.66312391710455
20.2612952815341
37.0668088912178
34.1317614438928
10.793400290163
20.9240479309301
43.1262616856953
34.0370824939791
10.5093634404219
17.4209267841228
24.1431322279963
31.2913929464815
25.3266191019177
4.63926854577184
31.5754297962226
0
0
0
0
0
0
0
0
0
0
0
0
0
0
0
0
0
0
0
0
0
0
0
0
0
0
0
0
0
0
0
0
0
0
0
0
0
0
0
0
0
0
0
0
0
0
0
0
0
0
0
0
0
0
0
0
0
0
0
0
0
0
0
0
0
0
0
0
0
0
0
0
0
0
0
0
0
0
0
0
0
0
0
0
0
0
0
0
0
0
0
0
0
0
-1000
0
0
0
0
33.2176612380294
-622.866910876009
-622.866910876009
1000
1000
0
0
0
0
451.930577518896
0
0
-283.776192166643
-698.833515343661
-452.084955205285
-1000
0
-246.75223199648
0
771.231340623523
235.458051624524
451.939154057029
1000
1000
0
-451.930577518896
1000
0
-1000
-1000
-1000
0
753.24776800352
0
0
0
246.752231996481
0
0
0
0
0
0
0
0
0
0
0
-1000
377.118401691573
1000
1000
0
500
235.905537964855
0
5
0
0
0
0
0
0
248.317717484411
0
0
0
0.120468885762648
0
4.00559045160878
-0.120468885762648
-0.120468885762648
0.120468885762648
0
66.8602315982816
882.753992632805
500.080360838814
0
0
0
0.0053800703529987
-0.120468885762648
0
0
-1000
-0.120468885762648
0
0
0
0
0
0
0
0
0
0
0
0
0
-125
0
0
0
0
0.75293053601672
0
0
0
0
0
-0.738163280596837
0
0
0
0
0
0
0
0
-0.0201473257727685
0
0
0
0
0
0
0
0
0
0
0
0
0
0
0
0
0
0
0
0
0
0
0
0
0
0
0
0
0
0
0
0
0
0
0
0
0
0
0
0
0
0
0.0053800703529987
0
0
0
0
0
0
0
0
0
0
0
0
0
0
0
0
0
0
0
0
0
0
0
0
0
0
0
0
0
0
0
0
0
0
0
0
0
0
0
1000
0
0
0
0
0
0
0
0
0
0
0
0
0
0
0
0
0
0
0
0
0
0
0
0
0
0
0
0
0
0
0
0
0
0
0
0
0
0
0
0
0
0
0
0
0
0
0
0
0
0
0
0
0
0
0
0
0
0
0
0
0
0
0
0
0
0
0
0
0
0
0
0
0
0
0
0
0
0
0
0
0
0
0
0
0
0
0
0
0
0
0
0
0
0
0
0
0
0
0
0
0
0.12046888576267
123.558655255936
0.12046888576267
506.67603233432
0
0
0
0
0
0
0
0
0
0
0
0
0
0
0
0
0
0
0
0
0
0
0
0
0
0
0
0
0
0
0
0
0
0
0
0
0
0
0
0
0
0
0
0
0
0
0
0
0
0
0
0
0
0
0
0
0
0
0
0
0
0
0
0
0
0
0
0
0
0
0
0
0
0
0
0
0
0
0
0
0
0
0
0
0
0
0
0
0
0
0
0
0
0
0
0
0
0
0
0
0
0
0
0
0
0
0
0
0
0
0
0
0
0
0
0
0
0
0
0
0
0
0
0
0
0
0
0
0
0
0
0
0
0
0
0
0
0
0
0
0
0
0
0
0
0
0
0
0
0
0
0
0
0
0
0
0
0
0
0
0
0
0
0
0
0
0
0
0
0
0
0
0
0
0
0
0
0
0
0
0
0
0
0
0
0
0
0
0
0
0
0
0
0
0
0
0
0
0
0
0
0
0
0
-1000
0
0
0
0
0
0
0
0
0
0
0
0
0
0
0
0
0
0
0
0
0
0
0
0
0
0
0
0
0
0
0
0
0
0
0
0
0
0
0
0
0
0
0
0
0
0
0
0
0
0
0
0
0
0
0
0
0
0
0
0
0
0
0
0
0
0
0
0
0
0
0
0
0
0
0
0
0
0
0
0
0
0
0
0
0
0
0
0
0
0
0
0
0
0
0
0
0
0
0
0
0
0
0
0
0
0
0
0
1000
1000
0
0
0
0
0
0
0
0
0
0
0
0
0
0
0
0
0
0
0
0
0
-1000
0
-1000
0
0
0
0
0
0
0
1000
1000
0
0
0
0
0
0
0
0
0
0
0
0
0
0
0
0
0
0
0
0
0
0
0
0
0
0
0
0
0
0
0
0
0
0
0
0
0
0
0
0
0
0
0
0
0
0
0
0
0
0
0
0
0
0
0
0
0
0
0
0
0
0
0
0
0
0
0
0
0
0
0
0
0
0
0
0
0
0
0
0
0
0
0
0
-77.6711698839582
0
0
0.120468885762648
0
1000
0
123.438186370174
0
0
872.19481652093
-500.080360838814
376.077960298485
0
0
0
0.0053800703529987
0
0
-1000
1000
0
0
0
0
0
0
0
0
0
0
0
0
0
-1000
-0.75293053601672
0
0
0
0.738163280596837
0
0
0
0
0
0
0
0.0201473257727685
0
0
0
0
0
248.317717484411
1000
0
-123.317717484411
-123.317717484411
0
-47.3288301160418
-999.977968851374
-0.0220311486262972
0
0
0.120468885762648
-0.120468885762648
0
0
127.80518347907
-127.80518347907
-1000
0
-123.438186370174
-123.438186370174
0
0
-1000
0
296.359917541826
-872.19481652093
-1000
0
-623.922039701515
-376.077960298485
-1000
0
0
0
0
0
-1000
0
0
0
0
0
-1000
1000
-1000
0
0
0
-1000
0
0
0
1000
0
0
0
0
0
0
0
0
0
0
0
0
0
0
0
0
0
0
0
-1000
1000
-1000
0.758310606369605
-1000
0
-1000
0
-1000
0
-0.758310606369605
-0.758310606369605
0
0
0
0
0
0
1000
0
-1000
0
-1000
0
1000
0
-1000
0
-1000
0
0
0
0
0
0
0
0
0
-125
-875
125
-125
0
0
0
0
0
0
0
0
0
0
0
0
0
0
0
0
0
0
0
0
0
0
0
0
0
0
0
0
0
0
0
0
0.0053800703529987
-0.0053800703529987
0
0
0
0
0
0
0
0
0
0
0
0
0
0
0
0
0
0
0
0
0
0
0
0
0
0
0
0
0
0
0
0
0
0
0
0
0.0053800703529987
-0.0053800703529987
0
0
0
0
0
0
0.0201473257727685
0.0201473257727685
0
0
0
0
0
0
0
0
0
0
0
0
0
0
0
0
-0.0201473257727685
-0.0201473257727685
0
0
0
0
0
0
0
0
0
0
0
0
0
0
0
0
0
0
0
0
0
0
0
0
0
0
0
0
0
0
0
0
0
0
0
0
1000
0
0
0
0
0
0
0
1.20262754294329
0.00367185810438186
0
0
0
0
0
0
0
0
0.15131603079043
0
0
0
0
0
0
0
0
0
0
0
0
0
0
0
0
0
0
0
0
0
0
0
0
0
0
0
0
0
0
0
0
0
0
0
0
0
0
0
0
0
0
0
0
0
0
0
0
0
0
0
0
127.80518347907
127.80518347907
127.80518347907
0
0
0
0
123.317717484411
123.317717484411
0
0
0
0
0
0
0
0
0
0
0
0
0
0
0
0
0
0
0
0
0
0
0
0
0
0
0
0
0
0
0
0
0
0
0
0
0
0
0
0
0
0
0
0
0
0
0
0
0
0
0
0
0
0
0
0
0
0
0
0
0
0
0
0
0
0
0
0
0
0
0
0
0
0
0
0
0
0
0
0
0
0
0
0
123.438186370174
123.438186370174
123.438186370174
123.438186370174
-123.438186370174
0
0
0
0
0
0
0
0
0
0
0
0
0
0
0
0
0
0
0
0
0
0
0
0
0
0
0
0
0
0
0
0
0
0
0
0
0
0
0
0
0
0
0
0
0
0
0
0
0
0
0
0
0
0
0
0
0
0
0
0
0
0
0
0
0
0
0
0
0
0
0
0
0
0
0
0
0.00367185810438186
0.00367185810438186
0.00367185810438186
0.00367185810438186
0.00367185810438186
0
0
0
0
0
0
0
0
0
0
0
0
0
0
0
0
0
0
0
0
0
0
0
0
0
0
0
0
0
0
0
0
0
0
0
0
0
0
0
0
0
0
0
0
0
0
0
0
0
0
0
15.0301178878025
15.0301178878025
-15.0301178878025
5.00147162702393
-2.49889988445977
2.49889988445977
2.49889988445977
2.49889988445977
2.49889988445977
2.49889988445977
2.49889988445977
2.49889988445977
2.49889988445977
2.49889988445977
2.49889988445977
2.49889988445977
0
2.49889988445977
2.49889988445977
2.49889988445977
2.49889988445977
2.49889988445977
2.49889988445977
2.49889988445977
2.49157745438495
2.49157745438495
2.49157745438495
0.00732243007482527
0
0.00732243007482527
0
0
0
0
0
0
0
0
0
0
0
0
0
0
0
0
0
15.0301178878025
15.0301178878025
5.00147162702393
5.00147162702393
0
0
0
0
0
0
0
0
0
0
0
0
0
0
0
0
0
0
0
0
0
0
0
0
0
0
0
0
0
0
0
0
0
0
0
0
0
0
0
0
0
0
0
0
0
0
0
0
0
0
0
0
0
0
0
0
0
0
0
0
0
0
0
0
0
0
0
0
0
0
0
0
0
0
0
0
0
0
0
0
0
0
0
0
0
0
0
0
0
0
0
0
0
0
0
0
0
0
0
0
0
0
0
0
0
0
0
0
0
0
0
0
0
0
0
0
0
0
0
0
0
0
0
0
0
0
0
0
0
0
0
0
0
0
0
0
0
0
0
0
0
0
0
0
0
0
0
0
0
0
0
0
0
0
0
0
0
0
0
0
0
0
0
0
0
0
0
0
0
0
0
0
0
0
0
0
0
0
0
0
0
0
0
0
0
0
0
0
0
0
0
0
1.20262754294329
298.658552588328
298.658552588328
0
3.73004020381361
3.73004020381361
0
-302.388592792142
0
3.73004020381361
0
297.455925045385
0
0
297.455925045385
0
3.73004020381361
0
3.73004020381361
3.73004020381361
0
0
0
0
0
0
0
0
0
0
0
0
0
0
0
0
0
0
0
0
0
0
0
0
0
0
0
0
0
0
0
0
0
0
0
0
302.388592792142
0
0
0
0
0
0
0
0
0
0
0
0
0
0
0
0
0
0
0
0
0
0
0
0
0
0
0
0
0
0
0
0
0
0
0
0
0
0
0
0
0
0
0
0
0
0
0
0
0
0
0
0
0
0
0
0
0
0
0
0
0
0
0
0
0
0
0
0
0
0
0
0
0
0
0
0
0
0
1.20262754294329
0.00367185810438186
0
0
0
0
0
0
0
1.58323071314067
0
0
0
0.992707237731326
0.992707237731326
0.992707237731326
0
0
0
0
0
0
1.3576154318381
0
0
0
0.00367185810438186
0
0
0
0
-1.3576154318381
1.3576154318381
0
0
0
0
0
0
0
0
0
0
0.235694265722428
0
0.225615281302574
0
0
0
0
0
0
0
0
0
0
11.0688818879054
11.0688818879054
11.0688818879054
0
0
0
0
-0.15131603079044
0
0
0
0
0
0
0
0
0
0
0
0
0
0
0
0
0
0
0
0
0
0
0
0
0
0
0
0
0
0
0
0
0
0
0
0
0
0
0
0
0
0
0
0
0
0
0
0
0
0
0
0
0
0
0
0
0
0
0
0
0
0
0
0
0
0
0
0
0
0
0
0
0
0
0
0
0
0
0
0
0
0
0
0
0
0
0
0
0
0
0
0
0
0
0
0
0
0
0
0
0
0
0
0
0
0
0
0
0
0
0
0
0
0
0
0
0
0
0
0
0
0
0
0
0
0
0
0
0
0
0
0
0
0
0
0
0
0
0
0
0
0
0
0
0
0
0
0
0
0
0
0
0
0
0
0
0
0
0
0
0
0
0
0
0
0
0
0
0
0
0
0
0
0
0
0
0
0
0
0
0
0
0
0
0
0
0
0
0
0
0
0
0
0
0
0
0
0
0
0
0
0
0
0
0
0
0
0
0
0
0
0
0
0
0
0
0
0
0
0
0
0
0
0
0
0
0
0
0
0
0
0
0
0
0
0
0
0
0
0
0
0
0
0
0
0
0
0
0
0
0
0
0
0
0
0
0
0
0
0
0
0
0
0
0
0
0
0
0
0
0
0
0
0
0
0
0
0
0
0
0
0
0
0
0
0
0
0
0
0
0
0
0
0
0
0
0
0
0
0
0
0
0
0
0
0
0
0
0
0
0
0
0
0
0
0
0
0
0
0
0
0
0
0
0
0
0
0
0
0
0
0
0
0
0
0
0
0
0
0
0
0
0
0
0
0
0
0
0
0
0
0
0
0
0
0
0
0
0
0
0
0
0
0
0
0
0
0
0
0
0
0
0
0
0
0
0
0
0
0
0
0
0
0
0
0
0
0
0
0
0
0
0
0
0
0
0
0
0
0
495.055014013164
0
495.055014013164
0
0
495.055014013164
0
0
0
495.055014013164
0
0
0
0
0
0
0
0
0
0
0
0
0
0
0
0
0
0
0
0
0
0
0
0
0
1000
0
0
0
0
0
0
0
0
0
0
0
0
0
0
0
0
0
0
0
0
0
0
0
0
0
0
0
0
0
0
0
0
0
0
0
0
0
0
0
0
0
-495.055014013164
0
0
0
495.055014013164
0
0
0
0
0
0
0
0
0
0
0
0
0
0
0
0
0
0
0
0
0
0
0
0
0
0
0
0
0
0
0
0.167242493587624
0.167242493587624
0
0
0
0
0.167242493587651
0
0.167242493587624
-246.743589801881
0
0
0
0
0.0257296143980961
0
0
0
0
0
753.256410198119
246.743589801881
0
0
0
0
0
0
1.01203149965825
0
0
0
0
0
0
1.01203149965825
1.01203149965825
1.01203149965825
1.01203149965829
0
0
0
0
0
0
0
0
0
0
0
0
0
0
0
0
0
0
0
0
0
0
0
0
0
0
0
0
0
0
0
0
0
0
0
0
0
461.443553260822
461.443553260822
0
0
0
0
0
0
0
0
0
0
0
0
0
0
0
0
0
0
0
0
0
0
0
0
0
0
0
0
0
0
0
0
0
0
0
0
0
0
0
0
0
0
0
0
0
0
0
0
1000
-1000
1000
0
0
0
-1000
-1000
1000
520.159247250699
461.532955326198
0
0
-1000
999.293247137909
0
0
0
0
0
0
0
0
0
0
0
0
0
0
0
0
0
0
0
0
0
0
0
0
0
0
0
0
0
0
0
0
0
0
0
0
0
0
0
0
1000
0
0
0
0
0
0
0
0
0
0
0
0
0
0
0
-999.996328141896
-1000
1000
-1000
1000
999.996328141896
-1000
0
0
0
0
0
0
0.00367185810432602
0
0
0
0
0
0
0
0
0
0
0
0
0
0
0
0
0
0
0
0
0
0.00274591127805948
0.00367185810438186
0.010078984419854
1000
0.00183060751870632
0.00183060751870632
0.00367185810432602
0
0.000915303759353159
0.00183060751870632
0.0155814500428385
-0.00183060751874109
0.00183060751870632
0.00183060751870632
0.00183060751870632
0.00183060751870632
0.00183060751870632
-0.00183060751874109
-0.00366121503736849
0.00183060751870632
0.00183060751870632
0.00183060751874109
0.00183060751870632
-0.00550246562306711
-0.00550246562306711
0.00367185810432602
0.00367185810432602
0.00183060751870632
0.00183060751870632
0.00367185810438186
0.00367185810438186
-0.00367185810432602
-0.00367185810432602
0.00367185810432602
0.00367185810432602
0.00183060751870632
0.00183060751870632
0.00183060751870632
0.00183060751870632
0.0339300974977732
-0.00550246562306711
-999.986249157476
0
0
0
0
0
0
-1000
0
0
0
0.00367185810438186
0
0
0
0
0.00183592905219093
0.00367185810432602
0.00367185810432602
0
0.00367185810438186
0
0
0
0
0
-0.00367185810432602
0
0
0.00732243007482527
0.00183060751870632
0.00549182255611895
0.00183060751870632
-0.00183060751874109
0.00183060751870632
0.00183060751870632
0.00183060751870632
0.00183060751870632
0.00183060751870632
0.00183060751870632
0.00366121503741264
0.00183060751870632
0.00183060751870632
0.00183060751870632
0.00183060751870632
0.00183060751870632
0
0.00183060751870632
0.00367185810438186
0
0.00367185810438186
0
0.00367185810438186
0.00367185810438186
0.00367185810438186
0.00367185810438186
0.00367185810438186
0.00367185810438186
0
0.00367185810438186
0
0.00367185810438186
0.00367185810438186
0.00367185810438186
0.00367185810438186
0.00367185810438186
0
0
0
0
0
0
0
0
0
0
0
0
0
0
0
0
-0.00367185810432602
0.00367185810438186
0.00367185810438186
0
0
0
0
0
0
0
0
0
0
0
0
0
0
0
0
0
0
0
0
0
0
0
0
0
0
0
0
0
0
0
0
0
0
0
0
0
0
0
0
0
0
0
0
0
0
0
0
0
0
0
0
0
0
0
0
0
0
0
0
0
0
1000
500
33.2176612380294
0
0
0
0
0.00367185810438186
0
0
0
0
0
0
0
0
0
0
0
0
0
0
0
0
0
0
0
0
0
565.086409505736
0
0
0
-248.317717484411
0
0
0
0
0
0.12046888576267
0
0
0
0
0
0
0
0
0
0.12046888576267
0
0
0
0
0
0
499.959891953051
0.12046888576267
0
0.12046888576267
0
0.12046888576267
0
45.1102176477668
0
0
0
7.52930536016685
0
46.5311071258311
0
0.12046888576267
0
0.240937771525339
0
0.12046888576267
0
0.12046888576267
0
0.12046888576267
0
0.12046888576267
0
0.12046888576267
0
0.12046888576267
0
0.12046888576267
0
0.12046888576267
0
0.12046888576267
0
0.12046888576267
0
0.12046888576267
0
0.12046888576267
0
0.12046888576267
0
125.120468885763
0
0.12046888576267
0
0.12046888576267
0
0.12046888576267
0
2.52984660101606
0
0
0
3.46348046567675
0
3.49359768711742
0
1.77691606499938
0
0.12046888576267
0
0.12046888576267
0
9.11075084110243
0
0.12046888576267
0
0.12046888576267
0
0.12046888576267
0
0.12046888576267
0
57.6744790588781
0
0.873399421779355
0
6.47520260974349
0
1000
0
0.441788425942082
0
0.12046888576267
0
0.12046888576267
0
1.14445441474536
0
0.12046888576267
0
0.12046888576267
0
0.12046888576267
0
0
-1000
0
0
297.455925045385
1000
0
0
0
0
452.258239429608
-1000
-1000
0
1.01203149965825
-1000
500.308957438371
746.601874857098
0
460.085937828984
1000
-1000
-1000
0
0
1000
0
0
0
0
0
-5.60588075713918
1000
0
0
0
0
-1000
1000
-0.00367185810432602
0
0
-3.21369180980173
0
0
0
0
0
0.0247238445695075
1000
999.996328141896
-1000
-1000
0
0
1000
1000
0
-1000
0
0
1000
1000
-1000
1000
0
-1000
0
0
-1000
1000
1000
1000
0
0
0
0
-33.2176612380295
-502.70189820499
0
0
0
0
0
0
0
0
0
1000
0
535.561205801228
0
0
0
0
0
0
0
0
0
0
1000
0
0
0
0
0
0
0
0
0
-1000
-1000
-1000
454.824214165786
1000
-1000
-1000
-1000
-1000
-1000
1000
491.744825279035
1000
-1000
1000
-1000
-39.4841376496588
-1000
-1000
1000
-1000
-1000
-1000
1000
1000
1000
1000
1000
1000
1000
-518.384544992539
1000
-1000
-1000
-1000
-1000
-1000
-1000
-1000
491.429261698434
-1000
1000
-1000
-1000
-993.006116661989
-1000
-1000
-653.951552837843
-1000
-1000
-1000
-1000
-1000
1000
922.213950739289
-1000
-1000
-1000
-1000
-1000
-1000
-1000
-1000
-1000
978.638548624302
-1000
-1000
-1000
-1000
-1000
-1000
-1000
-1000
1000
1000
-6.99388333801062
-1000
-1000
-1000
1000
-1000
-1000
1000
-1000
-992.669011125487
1000
-917.439578427375
1000
-1000
1000
1000
1000
-1000
-1000
1000
1000
1000
1000
-1000
-1000
-1000
-1000
-1000
-1000
-1000
-459.792027804974
-1000
-1000
1000
1000
1000
1000
1000
1000
1000
1000
-1000
1000
1000
-1000
-1000
-35.1984539616607
-930.640103741436
1000
975.697864786095
-1000
-1000
-1000
0
0
0
0
0
0
0
0
0
0
0
0
0
0
0
0
0
0
0
0
0
0
0
0
0
0
0
0
0
0
0
0
0
0
0
0
0
0
0
0
0
0
0
0
0
0
0
0
0
0
0
0
0
0
0
0
0
0
0
0
0
0
0
0
0
0
0
0
0
0
0
0
0
0
0
0
0
0
0
0
0
0
0
0
0
0
0
0
0
0
0
0
0
0
0
0
0
0
0
0
0
0
0
0
0
0
0
0
0
0
0
0
0
0
0
0
0
0
0
0
0
0
0
0
0
0
0
0
0
0
0
0
0
0
0
0
0
0
0
0
0
0
0
0
0
0
0
0
0
0
0
0
0
0
0
0
0
0
0
0
0
0
0
0
0
0
0
0
0
0
0
0
0
0
0
0
0
0
0
0
0
0
0
0
0
0
0
0
0
0
0
0
0
0
0
0
0
0
0
0
0
0
0
0
0
0
0
0
0
0
0
0
0
0
0
0
0
0
0
0
0
0
0
0
0
0
0
0
0
0
0
0
0
0
0
0
0
0
0
0
0
0
0
0
0
0
0
0
0
0
0
0
0
0
0
0
0
0
0
0
0
0
0
0
0
0
0
0
0
0
0
0
0
0
0
0
0
0
0
930.640103741436
0
0
0
0
0
0
0
0
0
0
0
0
0
0
0
0
0
0
0
0
0
0
0
0
0
0
0
0
0
0
0
0
0
0
0
0
0
0
0
0
0
0
0
0
0
-1000
1000
1000
1000
1000
1000
1000
-271.208867558607
-1000
-1000
1000
-1000
-565.086409505736
1000
1000
1000
-997.552431627533
0
1000
-1000
1000
1000
-1000
-1000
-1000
-1000
0
-1000
1000
-1000
-1000
-1000
0
1000
-1000
1000
1000
-1000
-1000
-1000
-999.948668488007
1000
-1000
-1000
-1000
1000
1000
1000
-1000
-1000
-1000
-1000
-1000
-1000
-1000
0
0
0
0
-1000
1000
0
0
1000
-1000
0
0
0
0
0
0
-1000
-1000
-0.48219301826316
0
0
0
0
0
1000
0
0
0
0
0
0
0
0
0
0
-0.00367185810432602
0.00367185810438186
0
0
-0.00367185810432602
-0.00367185810432602
0
0
0
0
0
0
0
0
0
0
0
0
0
0
0
0
0
0
0
0
0
0
0
0
0
0
0
0.00367185810438186
0
0
-547.031335850196
-470.566036852711
1000
-982.402627297093
-1000
0
0
0
0
-0.00367185810432602
0
0
0
0
0
246.743589801881
0
0
0
0
0
0
0
0
0
0
0
0
0
1000
0
0
0
0.00367185810438186
0
0
0
0
-0.0257030067303958
0
0
0
0
0
-1000
0
1000
0
0
0
0
1000
0
0
0
0
0
0
0
0
0
32.6169508202428
0
0
0
0
0
0
0
0
0
0
0
0
0
0
0
0
0
0
0
0
0.00367185810438186
0
0
0
0
0
0
1000
0
0
0
0
1.98541447546265
0
0
0
0
0.00549182255611895
1000
0
-647.215993099358
0
0
0
-5.02569236366367
0
0
0
0
0
0
0
0
0.00367185810432602
-1000
-517.789716378995
0
-1.98541447546268
1000
0
0
0
698.837187201766
1000
0
0
0
0
0
0
0.00367185810432602
0
1000
0
1000
0
0
647.215993099358
0
0
-65.0009403992733
0
0
-1000
0
-1000
1000
0
0
0
0
269.621810472919
0
0
0
0
54.4142526598586
0
-1000
54.4142526598584
0
0
0
0
0
0
1000
0
0
0
1000
0
1000
0
998.101245810412
0
0
0
0
0
0
0
0
0
0
0.992707237731326
0
0.00367185810438186
-0.00367185810432602
0.00367185810438186
0.00367185810438186
0
0
0.00367185810432602
0
0
0
0.992707237731338
0
0
-0.0110155743130917
-1000
-1000
-1000
755.067205623442
-1.89508233148365
-1000
0
0
-137.727391379007
-1000
137.731063237111
-1000
0
0
0
0
0
0
0
0
0
0
0
0
0
0
0
0
0
862.268936762889
0
0
0
0
0
0
384.558939945153
0
0
0
0
0
0
0.00183060751870632
0
65.0009403992733
0
0
0
0
0
0
0.00367185810438186
0
0
0
0
0
0
0
0
0
0
-1000
0
0
0
0
0
0
125
0
0
0
0
0
0
1000
0
0
0
1000
0
0
0
0
0
0
0
0
0
0
0
0
0
0
0
0
0
0
0
0
0
0
0
0
0
0
0
2.36808240065204
0
0
0
0
0
0
0
0
0
0
0
0
0
0
0
0
0
0
0
0
0
0
0
0
0
0
0
0
0
0
0
0
0
0
0
0
0
0
0
0
0
0
0
0
0
0
0
0
0
0
0
0
0
0
0
0
0
0
0
0
0
0
0
0
0
0
0
0
0
0
0
0
0
0
0
0
0
0
0
0
0
0
0
0
0
0
0
0
0
0
0
0
0
0
0
0
0
0
0
0
0
0
0
0
0
0
0
0
0
0
0
0
0
-999.97527615543
0
0.00183060751874109
0
0
0
-0.0247238445695075
0
1000
0
0
0
0
0.00457651879673904
0
0
0
0
0
0
0
0
0
0
0
0
0
0
0
0
0
0
0
0.00367185810438186
0.00367185810438186
0.00367185810438186
-547.031335850196
-1000
0
-47.3288301160418
-1000
0
0
0
0
0
0
1000
1000
0
0
0
0
0
0
0
0
0
0
-575.834898979104
500.080360838814
1000
0
-1000
-1000
-1000
-1000
-1000
1000
0
0
0
0
0
0
0
0
0
-1000
-1000
500.092197784926
1000
0.40218376232198
0.00367185810438186
0.00367185810438186
0.00367185810438186
0.00367185810438186
0.00367185810438186
0
0
0
0
1000
0
0
0
0
0
0
0
0
0
0
0
0
0
0
0
-1000
0
0
0
0
0
0
1000
-1000
0
1000
1000
1000
-1000
0
0
0
0
0
0
0
0
0
125
0
0
0
0
125
0
0
0
0
0
0
0
0
0
0
125
0
0
0
0.758310606369627
0
0
0
0
0
0.758310606369627
0
125
0
0
0
0
0
0
0
0
0
999.293247137909
0
0
0
0
0
0
0
0
0
-1000
0
0
0
0
0
0
0
1000
1000
-1000
-1000
-1000
-1000
0
0.010078984419854
0
0
0
0
-999.815604430147
-1000
-1000
0
246.743589801881
0
0
0
-1000
14.8099199275872
0
0
0
0
0.590523475409346
0.590523475409346
0
-999.973445547912
0
0
0
0
0
0
0.372755682152079
0
-1000
0
0
0
0
0
0
0
999.24168939363
0.00367185810438186
0
0
0
0
0
0
0
0
-1000
1000
0
0
1000
0
0
0
-1000
0
0
0
-872.19481652093
0
-1000
0
0
0
-1000
0
0
0
0
0
-123.438186370174
0
1000
123.317717484411
-874.230515063949
874.230515063949
0
0
0
0
-750
0
0
0
0
-1000
-1000
0
0
0
1000
0
0
0
500.080360838814
0.00538007035294208
0
0
0
0
0
0
0
0
998.104917668516
0
998.104917668516
0
0
0
0
0
0
0
0
0
0
-246.752231996481
0
269.621810472919
-1000
1000
-1000
-1000
1000
0
0
0
0
0
0
0
0
-1000
0
0
-1000
0.00183060751870632
0.00183060751870632
0
-1000
43.5636651304631
783.785756411776
0
-495.055014013164
376.077960298485
0
0
0
0
0
0
0
0
0
0
0
0
0
0
0
0
0
0
0
0
0
0
0
0
0
-0.0201473257727685
0
0
0
0
0
0
0
0
0
0
0
0
0
0
0
0
0
0
0
0
0
0
0
0
0
0
0
0
0
0
0
0
0
0
0
0
0
0
0
0
0
0
0
0
0
0
-1000
0
-1000
0
0
0
0
0
-1000
0
0
0
0
0
0
0
0
0
0
0
872.19481652093
0
0
0
0
0
0
0
0
0
0
0
0
0
1000
0
0
0
1000
0
0
0
0
0
0
0
0
0
0
0
0
0
0
0
123.317717484411
0
0
0
0
0
0
0
0
0
0
0
0
0
0
0
0
0
0
0
0
0
0
0
0
123.317717484411
0
0
0
0
0
0
0
0
0
0
0
0
0
0
0
0
0
0
0
0
0
0
0
0
0
0
0
0
0
0
0
0
0
0
0
0
0
0
0
0
0
0
0
0
0
0
0
0
0
0
0
0
0
0
0
0
0
0
0
0
0
0
0
0
0
0
0
0
0
0
0
0
0
0
0
0
0
0
0
0
0
0
0
0
0
0
0
0
0
0
0
0
0
0
0
0
0
0
0
0
0
0
0
0
0
0
0
0
0
0
0
0
0
0
0
0
0
0
0
0
0
0
0
0
0
0
0
0
0
0
0
0
0
0
0
0
0
0
0
0
0
0
0
-1000
0
0
0
0
0
0
0
0
0
0
0
0
0
0
0
0
0
0
0
0
0.00367185810432602
0
401.490447766479
0
68.157114433146
0
0
-98.5124110795649
0
-527.752444716646
610.38788770738
-82.4682004971464
0
-1000
0
-1000
-1000
0
0
0
0
1000
0.0220311486262972
0
0
0
0
0
0
0
0
0
0
0
0
0
0
0
0
0
0
0
0
0
0
0
0
0
0
0
0
0
0
0
0
0
0
0
0
0
0
0
0
0
0
0
0
0
0
0
0
0
0
0
0
0
0
0
0
0
0
0
0
0
0
0
0
0
0
0
0
0
0
0
0
0
0
0
0
0
0
0
0
-982.196237662383
0
0
0
0
0
0
0
0
0
0
0
0
0
0
0
0
0
0
0
0
0
0
0
0
0
0
0
0
0
0
0
0
0
0
0
0
0
0
0
0
0
0
0
0
0
0
0
0
0
0
0
0
0
0
0
0
0
0
0
0
0
0
0
0
0
0
0
0
0
0
0
0
0
0
0
0
0
0
0
0
0
0
0
0
0
0
0
0
0
0
0
0
0
0
0
0
0
0
0
0
0
0
0
0
0
0
0
0
0
0
0
0
0
0
0
0
0
0
0
0
0
0
0
0
0
0
0
0
0
0
0
0
0
0
0
0
0
0
0
0
0
0
0
0
0
0
0
0
0
0
0
0
0
0
0
0
0
0
0
0
0
0
0
0
0
0
0
0
0
0
0
0
0
0
0
0
0
0
0
0
0
0
0
0
0
0
0
0
0
0
0
0
0
0
-982.196237662383
0
0
0
0
0
0
0
0
0
0
0
0
0
0
376.077960298485
0
0
0
0
0
0
0
0
0
0
0
-1000
0
0
0
0
0.00367185810432602
-981.931544586859
0
0
0
0
0
0
0
0
0
0
0
0
0
0
0
0
0
0
0
0
0
0
0
0
0
0
0
0
0
0
0
0
0
0
0
0
0
0
0
0
0
0
0
0
0
0
0
0
0
0
0
0
0
0
0
0
0
0
0
0
0
0
0
0
0
0
0
0
0
0
0
0
0
0
0
0
0
0
0
0
0
0
0
0
0
0
0
0
0
0
0
0
0
0
0
0
0
0
0
0
0
0
0
0
0
0
0
0
0
0
0
0
0
0
0
0
0
0
0
0
0
0
0
0
0
0
0
0
0
0
0
0
0
0
0
0
0
0
0
0
0
0
0
0
0
0
0
0
0
0
0
0
0
0
0
1000
0
0
-836.295277064343
1000
0
0
0
0
0
0
0
1000
0.00367185810432602
0
0
-1000
1000
0
0
0
0
0
0
0
0
0
0
0
0
0
0
0
0
1000
-1000
0
0
1000
0
0
0
0
0
0
0
0
0
0
0
0
0
0
0
0
0
0
0
0
0
0
0
0
0
0
0
0
0
0
0
0
0
0
0
0
0
0
0
0
0
0
0
0
0
0
0
0
0
0
0
0
0
0
0
0
0
0
0
0
0
0
0
0
0
0
0
0
0
0
0
0
0
0
0
0
0
0
0
0
0
0
0
0
0
0
0
0
0
0
0
0
0
0
0
0
0
0
0
0
0
0
0
0
0
0
0
0
0
0
0
0
0
0
0
0
0
0
0
0
0
0
0
0
0
0
0
0
0
0
0
0
0
0
0
0
0
0
0
0
0
0
0
0
0
0
0
0
0
0
0
0
0
0
0
0
0
0
0
0
0
0
0
0
0
0
0
0
0
0
0
0
0
0
0
0
0
999.994508177444
500
88.6922247435231
-301.172214406674
0
0
-0.992707237731338
0
0
473.394749568555
19.6187201132673
42.8826906634934
0.106430669692228
88.6922247435231
0
0
0
0
0
0
0
0
0
0
0
0
0
0
0
0
0
0
0
0
0
0
0
0
0
-495.055014013164
-1000
0
-1000
0
-0.00367185810432602
0
0
0
0
-1000
-125
500
0
0
0
0.0201473257727685
0
0.0119095919385603
0.00367185810438186
0
0
0
0
0
0
0
0
0
0
0
0
0
0
0
0
248.317717484411
0
0
0
0
0.0247238445695075
-57.6744790588781
-2.52984660101606
0
-10.8963187477555
-21.3614513756977
-1000
-34.1614422969033
-992.86426705826
-1000
-26.9904674996612
-4.6821512364354
-31.9527974740613
-1000
-1000
0
0
0
0
-1000
-39.4841376496588
-1000
-26.9552832941055
-13.5376308505636
-992.669011125487
-24.3021352139052
-53.4309605551787
622.768393767651
-313.558192850509
0
1000
669.204202377666
1000
0
1000
0
0
999.815604430147
-1000
0
0
0
0
0
0
1000
0
0
0
0
0
0
0
0
0
0
-0.00367185810432602
-0.00367185810432602
0
0
0
0
0
0
0
0
0
0
0
0
0
0
0
0
0
268.761299186139
0
1000
0
0
-1000
702.544074954615
1000
-0.00367185810432602
-0.00367185810432602
-1.01203149965829
0.706752862091321
0
0
-0.00367185810432602
0
-0.00367185810432602
0
0
0
-0.00367185810432602
0
0
0
-0.00367185810432602
0
0
0
0
0
0
0
0
0
0
0
-836.295277064343
0
0
0
0
0
981.692202576897
0
0
0
0
0
0
-499.691042561629
223.068067459222
0
0
0
-1000
0
1000
0
0
-0.00367185810432602
0
0
0
0
1000
0
0
0
0
0
0
0
0
0
-0.0257030067303958
-3.21369180980173
-0.48219301826316
-1000
-1000
0
0
0
0
0
0
0
0
0
2.49889988445989
0
0
0
0
0
0
-1000
0
0
-1000
0
1000
1000
746.601874857098
0
0
460.085937828984
1000
0
0
0
0
0
-33.2176612380295
-753.256410198119
0
753.256410198119
-1000
-1000
0
0
0
0
0
-0.0513315119925437
0
0
0
17.5973727029071
-1000
999.996328141896
0
0
0
0
0
1000
-1000
-1000
-5.60588075713918
0
0
0
0
0
0
0
0
0
0
0
1000
0
-0.441788425942036
-0.120468885762648
-32.6169508202428
-725.769965664212
-1.77691606499934
-9.11075084110246
-1.14445441474538
-6.47520260974352
-3.46348046567675
-0.120468885762648
0
0
0
0
-0.120468885762648
-1000
-0.120468885762648
-125.120468885763
-0.120468885762648
-0.873399421779368
0
-0.120468885762648
-45.1102176477668
-46.5311071258311
0
-14.8099199275872
0
-0.372755682152047
-0.120468885762648
0
0
-0.120468885762648
-0.120468885762648
-0.120468885762648
-0.120468885762648
-3.49359768711747
0
-7.52930536016686
0
0
0
-1000
1000
0
0
-1000
0
-0.00367185810432602
0
750
-750
0
0
0
-1000
0
1000
0
0
0
0
0
0
0
0
0
0
0
0
0
0
0
0
0
1000
-1000
1000
-1000
-43.5636651304629
43.5636651304631
-783.785756411776
783.785756411776
783.785756411776
0
-1000
-1000
0
-0.120468885762648
-0.120468885762648
0
0
0
0
1000
-82.6354429907341
82.4682004971464
1000
0.0220311486262972
0
0
0
0
0
1000
-1000
0
0
0
0
0
0
0
0
0
0
0
0
0
0
0
0
0
0
0
0
0
0
0
0
0
0
0
0
0
0
0
0
0
0
0
0
0
0
0
0
0
0
0
0
0
0
0
0
0
0
0
0
0
0
0
0
0
0
0
0
0
0
0
0
0
0
0
0
0
-0.120468885762648
0
0
0
0
0
0
0
0
0
0
0
0
0
0
0
0
0
0
0
0
0
0
0
0
0
0
0
0
0
0
0
0
0
0
0
0
0
0
0
0
0
0
0
0
0
0
0
0
0
0
0
0
982.196237662383
0
0
0
0
0
0
0
0
0
0
0
0
0
0
0
0
0
0
0
0
0
0
0
0
0
0
0
0
0
0
0
0
0
0
0
0
0
0
0
0
0
0
0
0
0
0
0
0
0
0
0
0
0
0
0
0
0
0
0
0
0
0
0
0
0
0
0
0
0
0
0
0
0
0
0
0
0
0
0
0
0
0
0
0
0
0
0
0
0
0
0
0
0
0
0
0
0
0
0
0
0
0
0
0
0
0
0
0
0
0
0
0
0
0
0
0
0
0
0
0
0
0
0
0
0
0
0
0
0
0
0
0
0
0
0
0
0
0
0
0
0
0
0
0
0
0
0
0
0
0
0
0
0
0
0
0
0
0
0
0
0
0
0
0
0
0
0
0
0
0
0
0
0
0
0
0
0
0
0
0
0
0
0
0
0
0
0
0
0
0
0
0
0
0
0
0
0
0
0
0
0
0
0
0
836.295277064343
0
1000
0
0
0
981.931544586859
0
0
0
0
0
0
0
0
0
0
0
0
0
0
0
0
0
0
0
0
0
0
0
1000
0
-1000
0
-1000
-0.00367185810432602
0
0
0
0
0
0
0
0
1000
0
0
0
0
0
-1000
0
0
0
0
0
0
0
0
0
0
0
0
0
0
0
0
0
0
0
0
0
0
0
0
0
0
0
0
0
0
0
0
0
0
0
0
0
0
0
0
0
0
0
0
0
0
0
0
0
0
0
0
0
0
0
0
0
0
0
0
0
0
0
0
0
0
0
-1000
1000
1000
0
-0.120468885762648
-0.120468885762648
-0.120468885762648
-0.120468885762648
0
-0.120468885762648
-0.240937771525296
0
-0.120468885762648
-0.120468885762648
-0.120468885762648
-0.120468885762648
499.959891953051
-0.120468885762648
-0.120468885762648
-0.120468885762648
-0.120468885762648
-0.120468885762648
-0.120468885762648
-0.120468885762648
0
-0.120468885762648
-0.120468885762648
-0.120468885762648
0
-1000
88.6922247435232
0
297.455925045385
0
0
0
0
0
0
0
0
0
0
0
