0
0
0
0
0
0
0
279.695484562119
-280.812305814921
0
1000
0
52.1068724268137
0
0
0
999.830109485235
-999.830109485235
999.961008734316
0
0.0389912656838922
0
-1000
-51.8617844710864
0
1000
50.473454633466
0
-23.6737073834867
0.0160573278506397
0
0
0
0
0
0.0214731334342463
0
0
0
23.3982155721628
0
0
0
0
0
465.456820963282
0
465.456820963282
0
465.456820963282
0
465.456820963282
0
465.456820963282
0
465.456820963282
0
0
465.456820963282
0
0
0
0
0
0
0
0
23.6737073834867
0
0
0
0
-1000
-1000
0
0
0
0
23.6737073834866
0
-1000
0
0
0
0
0
0
0
0
0
0
0
0
0
0
0
0
0
0
0
0
0
0
0.00238475166097376
0
0
0
0
0
0
0
0
0
349.889633907728
0
0
921.918011567088
0
0
0
0
0
0
0
0
0
0
0
0
0
0
779.852360718592
0
0
1000
0
0
0
0
0
0
1000
0
0
0
0
-9.76156964093855
0
0
0
0
-1000
0
0
0
-540.746771435617
0
0
-745.372688198226
-847.680076398718
1000
-102.312958381304
0
0
0
-1000
-102.312958381304
-102.312958381304
1000
-1000
0
540.746771435617
1000
0
0
0
0
0
-462.768103574869
-1000
0
0
0
0
0
-2.62313178262093
0
0
0
0
0
0
0
250.619603555631
-1000
0
0
0
77.9120979181463
0
0
0
0
0
0
0
0
0
0
-2.62591687302688
0
1000
0
0
0
0
258.197746742974
1000
0
0
0
0
1000
-1000
0
0
-1000
999.231003993382
0
0
0.30759840264734
0
0
0
0.461397603971009
0
-847.677691647057
0
0
250.61721880397
-749.38278119603
0
-250.61721880397
0
0
0
0
0
0
0
0
0
0
-1000
0
-1000
1000
-1.68900612415439
741.802253257026
1000
999.692401597353
1000
-1000
-79.767010178506
-0.6447308601646
999.692401597353
0
0
-0.461397603971022
1000
1000
-1000
1000
0
0
1000
0
0.119758887457669
0
-0.119758887457692
0
0.00118891966865938
0
0
0
0
0
0
0
0
0
0
0
0
0
0
0
0
0
1000
0
-1000
0.313168583459401
0
0
1000
0
-0.119758887457692
0
-0.461397603971022
0
0
0.461397603971022
0
0
0
0
0
0
0
0
-1000
0
0
0
-1000
0.461397603971022
0
-1000
-0.6447308601646
0
0
0.00238475166097375
0
1.44245678800104
0
0
0
0
0
0
0
0
0
0
0
0
0
0
1.5379920132367
0
6.47454315684662
0
0
0
0
0
0
0
0
1000
745.319747593039
-999.997214909594
-0.00118891966860701
-1000
1000
0
-1000
0
-1000
0
-1000
1000
1000
1000
0
-1000
0
0
0
0
-1000
0
1000
-1000
-1000
-1000
1000
0
0
1000
-1000
0
0
0
0
0
0
0.644730860164594
-1000
1000
1000
-1000
1000
-1000
1000
-1000
-922.504119010335
1000
0
1000
1000
-77.8034793923126
0
-1000
-1000
1000
-1000
-3.6261957729796
1000
1000
-1000
1000
1000
0
0
0
1000
-1000
0
0
0
-0.00238475166099761
0
0
0
-1000
664.83749301844
0
0
0
-19.6233265009328
0
0
0
0
0
414.328892740302
0
0
429.962726810864
0
0
0
0
0
0
0
0
0
0
1000
-444.689853737032
0
-555.310146262968
0
0
0
0
0
0
0
0
0
0
0
0
444.689853737032
555.310146262968
0
0
0
0
0
0
0
0
0
0
0
1000
0
0
0
0
0
-1000
1000
0
0
0
0
0
0
0
555.310146262968
0
0
1000
-1000
-0.00238475166099761
0.0696272601497867
0.0696272601497867
0
-999.538602396029
0
0
0
0
0
0
0
0
0
0
0
0
44.8625934853205
0
0
0
0
0
0
0
0
0
0
0
0
0
0
0
0
0
0
0
0
0
0
0
0
0
0
0
0
0
0
0
0
0
0
0
0
0
0
0.10861852583148
0
0
0
-1000
0
0
0
0
0
0
1000
0
0
0
0
0
0
0
0
0
0
0
0
0
0
0
0
0
0
0
0
0
0
0
0
0
0
0
0
-1000
0
0
0.10861852583148
0
0
0
0
0
0
0
0
0
988.54920880082
0
0
0
0
0
0
0
0
0
0
0
0
0
0
0
0
0
0
0
0
0
0
0.00238475166097376
0
0
0
0
0
0
0
0
0
0
0
0
0
0
0
0
0
0
0
0
0
0
0
0
0
0
0
0
0
0
0
0
0
0
0
0
0
0
0
0
0
0
0
0
0
0
0
0
1000
0
0.0027850904059923
0
0
0
0
0.504101363484606
0.504101363484606
0
0
0
0
0
0
0
0
0
0
0
0
0
0
0
0
0
0
0
0
0
1000
0
0
0
0
0
1000
0
0
0
0.00238475166099761
0
0
-1000
0
0
0
0
1.44824701111599
0
0
1.44824701111599
0
0
0
0
0
0
0
0
0
0
1.44824701111599
0
1.44824701111599
0
0
0
8.63946852491721
24.6270971119526
15.7416650703118
11.5295398464198
17.0944644122917
5.62641544505285
13.1590481447138
24.0736791993245
22.1674619447164
7.00996022662322
13.5894842989801
28.0090954669024
22.1059710655355
6.8254875890805
11.3143217692866
15.6801741911309
20.3227355692893
16.4488101808922
3.01305307986437
20.507208206832
0
0
0
0
0
0
0
0
0
0
0
0
0
0
0
0
0
0
0
0
0
0
0
0
0
0
0
0
0
0
0
0
0
0
0
0
0
0
0
0
0
0
0
0
0
0
0
0
0
0
0
0
0
0
0
0
0
0
0
0
0
0
0
0
0
0
0
0
0
0
0
0
0
0
0
0
0
0
0
0
0
0
0
0
0
247.885068156773
0
0
0
0
0
-1000
0
23.2888097063337
0
0
44.8625934853205
-254.680252406961
-254.680252406961
1000
1000
0
0
0
0
0
140.095591411541
0
-19.6233265009328
-140.195854666156
-140.195854666156
-1000
0
-489.98761007093
0
-25.582325205206
535.516732602909
1000
140.101161592353
1000
0
0
859.904408588459
0
-1000
-1000
-1000
0
510.01238992907
0
0
0
489.98761007093
0
0
0
0
0
0
0
0
0
0
0
-1000
255.327368018787
1000
1000
0
500
622.683885296842
2.51072792631255
5
0
0
0
0
0
0
34.9619355702648
0
244.994512903489
0
0
-0.000969015612099611
0
0
0
0
-0.000969015612099611
96.3513359334165
254.65163538703
0
-0.000969015612099611
0.000969015612099611
-0.000969015612099611
-0.360371182741687
0
-0.0605634757572489
0
-1000
-0.3752512957916
0.000969015612099611
-0.000969015612099611
-0.000969015612099611
0.000969015612099611
-0.000969015612099611
0.000969015612099611
-0.000969015612099611
-0.000969015612099611
-0.000969015612099611
-0.000969015612099611
-0.000969015612099611
-0.000969015612099611
-0.000969015612099611
-0.000969015612099611
-0.000969015612099611
-0.000969015612099611
-0.000969015612099611
-0.0203493278544329
-0.00955052718325078
-0.0278591988483186
-0.0281014527513435
-0.0142929802786966
0.000969015612099611
34.9629045858769
-0.0542615563631443
0.000969015612099611
0.000969015612099611
0.000969015612099611
0.000969015612099611
-0.463916224300078
-0.00702536318783586
-0.0520845891511499
-0.262360976980176
-0.0164765833212641
0.000969015612099611
0.000969015612099611
0.00920564831505999
0.000969015612099611
0.000969015612099611
-0.000969015612099611
0
0
0
0
0
0
0
0
0
0
0
0
0
0
0
0
0
0
0
0
0
0
0
0
0
0
0
0
0
0
0
0
0
0
0
0
0.00349417960762821
0
0
0
0
0
0
0
0
0
0
0
0
0
0
0
0
0
0
0
0
0
0
0
0
0
0
0
0
0
0
0
0
0
0
0
0
0
0
0
0
0
0
0
0
0
0
0
0
0
0
0
0
0
0
0
0
0
0
0
0
0
0
0
0
0
0
0
0
0
0
0
0
0
0
0
0
0
0
0
0
0
0
0
0
0
0
0
0
0
0
0
0
0
0
0
0
0
0
0
0
0
0
0
0
0
0
0
0
0
0
0
0
0
0
0
0
0
0
0
0
0
0
0
0
0
0
0
0
0
0
0
0
0
0
0
0
0
0
0
0
0
0.000969015612115095
244.996450934713
0.000969015612115095
0
0
0
0
0
0
0.000969015612115095
0
0
0
0
0
0
0
0
0
0
0
0
0
0
0
0
0
0
0
0
0
0
0
0
0
0
0
0
0
0
0
0
0
0
0
0
0
0
0
0
0
0
0
0
0
0
0
0
0
0
0
0
0
0
0
0
0
0
0
0
0
0
0
0
0
0
0
0
0
0
0
0
0
0
0
0
0
0
0
0
0
0
0
0
0
0
0
0
0
0
0
0
0
0
0
0
0
0
0
0
0
0
0
0
0
0
0
0
0
0
0
0
0
0
0
0
0
0
0
0
0
0
0
0
0
0
0
0
0
0
0
0
0
0
0
0
0
0
0
0
0
0
0
0
0
0
0
0
0
0
0
0
0
0
0
0
0
0
0
0
0
0
0
0
0
0
0
0
0
0
0
0
0
0
0
0
0
0
0
0
0
0
0
0
0
0
0
0
0
0
0
0
0
0
0
0
0
0
0
0
0
0
0
0
0
0
1000
0
0
0
0
0
0
0
0
0
0
0
0
0
0
0
0
0
0
0
0
0
0
0
0
0
0
0
22.8089601415185
0
0
0
0
0
0
0
0
0
0
0
0
0
0
0
0
0
0
0
0
0
0
0
0
0
0
0
0
0
0
0
0
0
0
0
0
0
0
0
0
0
0
0
0
0
0
0
0
0
0
0
0
0
0
0
0
0
0
0
0
0
0
0
0
0
0
0
0
0
0
0
0
0
0
0
0
0
0
0
0
0
0
0
0
1000
1000
0
0
0
0
0
0
0
0
0
0
0
0
0
0
0
0
0
0
0
0
0
-1000
0
-1000
0
0
0
0
0
0
0
1000
1000
0
0
0
0
0
0
0
0
0
0
0
0
0
0
0
0
0
0
0
0
0
0
0
0
0
0
0
0
0
0
0
0
0
0
0
0
0
0
0
0
0
0
0
0
0
0
0
0
0
0
0
0
0
0
0
0
0
0
0
0
0
0
0
0
0
0
0
0
0
0
0
0
0
0
0
0
0
0
0
0
0
0
0
0
30.7385261147438
-34.9619355702648
0
0.000969015612099611
0
-754.969391264959
0
244.995481919101
0
0
97.7321911528938
-0.000969015612099611
254.65163538703
0
0
0
0.00349417960762821
0.3742822801795
0
-999.62571771982
999.999030984388
0
0
0
0
0
0
0
0
0
0
0
0
0
-1000
0.00349417960762821
0
0
0
-0.0130850286789155
0
0
0
0
0
0
0
0.0130850286789155
0
0
0
0
0
34.9619355702648
1000
0
0
0
0
-594.83667264978
1000
-0.014308509965872
0
0
0.000969015612099611
-0.000969015612099611
0
0
245.03060873504
-245.030608735041
1000
0
-244.995481919101
-244.995481919101
0
0
-1000
0
-245.031577750653
-754.968422249347
-1000
0
-745.34836461297
-254.65163538703
-1000
0
0
0
0
0
-1000
0
-0.3742822801795
0
0
0
-999.62571771982
999.62571771982
-1000
0
0
0
-1000
0
0
0
-1000
0
0
0
0
0
0
0
0
0
0
0
0
0
0
0
0
0
0
0
-1000
1000
-1000
0
-1000
0
-1000
0
-1000
0
0
0
0
0
0
0
0
0
-1000
0
-1000
0
1000
0
-1000
0
-150.496414437613
0
-1000
0
0
0
0
0
0
0
0
0
-720.304515437881
-279.695484562119
34.9619355702648
-34.9619355702648
-34.9619355702648
34.9619355702648
0
0
0
0
0
0
0
0
0
0
0
0
0
0
0
0
0
0
0
0
0
0
0
0
0
0
0
0
0
0
0.00349417960762821
-0.00349417960762821
0
0
0
0
0
0
0
0
0
0
0
0
0
0
0
0
0
0
0
0
0
0
0
0
0
0
0
0
0
0
0
0
0
0
0
0
0.00349417960762821
-0.00349417960762821
0
0
0
0
0
0
0.0130850286789155
0.0130850286789155
0
0
0
0
0
0
0
0
0
0
0
0
0
0
0
0
-0.0130850286789155
-0.0130850286789155
0
0
0
0
0
0
0
0
0
0
0
0
0
0
0
0
0
0
0
0
0
0
0
0
0
0
0
0
0
0
0
0
0
0
0
0
0
0
0
0
0
0
0
0
0
0.781067227827858
0.00238475166097376
0
0
0
0
0
0
0
0
0.0982748095109687
0
0
0
0
0
0
0
0
0
0
0
0
0
0
0
0
0
0
0
0
0
0
0
0
0
0
0
0
0
0
0
0
0
0
0
0
0
0
0
0
0
0
0
0
0
0
0
0
0
0
245.030608735041
245.030608735041
245.030608735041
0
0
0
0
0
0
0
0
0
0
0
0
0
0
0
0
0
0
0
0
0
0
0
0
0
0
0
0
0
0
0
0
0
0
0
0
0
0
0
0
0
0
0
0
0
0
0
0
0
0
0
0
0
0
0
0
0
0
0
0
0
0
0
0
0
0
0
0
0
0
0
0
0
0
0
0
0
0
0
0
0
0
0
0
0
0
0
0
0
0
244.995481919101
244.995481919101
244.995481919101
244.995481919101
-244.995481919101
0
0
0
0
0
0
0
0
0
0
0
0
0
0
0
0
0
0
0
0
0
0
0
0
0
0
0
0
0
0
0
0
0
0
0
0
0
0
0
0
0
0
0
0
0
0
0
0
0
0
0
0
0
0
0
0
0
0
0
0
0
0
0
0
0
0
0
0
0
0
0
0
0
0
0
0
0.00238475166097376
0.00238475166097376
0.00238475166097376
0.00238475166097376
0.00238475166097376
0
0
0
0
0
0
0
0
0
0
0
0
0
0
0
0
0
0
0
0
0
0
0
0
0
0
0
0
0
0
0
0
0
0
0
0
0
0
0
0
0
0
0
0
0
0
9.7615696409386
9.7615696409386
-9.76156964093855
3.24829212643726
-1.62295368738819
1.62295368738814
1.62295368738814
1.62295368738814
0
0
0
0
0
0
0
0
0
0
0
0
0
0
0
0
0
0
0
0
0
1.62295368738814
1.61819800871351
1.62295368738814
1.62295368738814
1.62295368738814
1.62295368738814
1.62295368738814
1.62295368738814
1.62295368738814
1.62295368738814
1.62295368738814
1.62295368738814
1.62295368738814
1.62295368738814
1.62295368738814
1.62295368738814
1.62295368738814
1.62295368738814
9.7615696409386
9.7615696409386
3.24829212643726
3.24829212643726
0
0
0
0
0
0
0
0
0
0
0
0
0
0
0
0
0
0
0
0
0
0
0
0
0
0
0
0
0
0
0
0
0
0
0
0
0
0
0
0
0
0
0
0
0
0
0
0
0
0
0
0
0
0
0
0
0
0
0
0
0
0
0
0
0
0
0
0
0
0
0
0
0
0
0
0
0
0
0
0
0
0
0
0
0
0
0
0
0
0
0
0
0
0
0
0
0
0
0
0
0
0
0
0
0
0
0
0
0
0
0
0
0
0
0
0
0
0
0
0
0
0
0
0
0
0
0
0
0
0
0
0
0
0
0
0
0
0
0
0
0
0
0
0
0
0
0
0
0
0
0
0
0
0
0
0
0
0
0
0
0
0
0
0
0
0
0
0
0
0
0
0
0
0
0
0
0
0
0
0
0
0
0
0
0
0
0
0
0
0
0
0
0.781067227827858
0.789997949990113
0.789997949990113
0
0
0
0
-0.789997949990152
0
0
0
0.00893072216225532
0
0
0
0
0
0
0
0
0
0
0
0
0
0
0
0
0
0
0
0
0
0
0
0
0
0
0
0
0
0
0
0
0
0
0
0
0
0
0
0
0
0
0
0
0.789997949990113
0
0
0
0
0
0
0
0
0
0
0
0
0
0
0
0
0
0
0
0
0
0
0
0
0
0
0
0
0
0
0
0
0
0
0
0
0
0
0
0
0
0
0
0
0
0
0
0
0
0
0
0
0
0
0
0
0
0
0
0
0
0
0
0
0
0
0
0
0
0
0
0
0
0
0
0
0
0
0.781067227827858
0.00238475166097376
0
0
0
0
0
0
0
1.0282565299463
0
0
0
0.644730860164594
0.644730860164594
0.644730860164594
0
0
0
0
0
0
0.8817267889998
0
0
0
0.00238475166097376
0
0
0
0
-0.881726788999799
0.8817267889998
0
0
0
0
0.242092615476824
0
0
0
0
0
0.15307571144778
0
0.146529740946499
0
0
0
0
0
0
0
0
0
0
7.18887650800126
7.18887650800126
7.18887650800126
0
0
0
0
-0.09827480951094
0
0
0
0
0
0
0
0
0
0
0
0
0
0
0
0
0
0
0
0
0
0
0
0
0
0
0
0
0
0
0
0
0
0
0
0
0
0
0
0
0
0
0
0
0
0
0
0
0
0
0
0
0
0
0
0
0
0
0
0
0
0
0
0
0
0
0
0
0
0
0
0
0
0
0
0
0
0
0
0
0
0
0
0
0
0
0
0
0
0
0
0
0
0
0
0
0
0
0
0
0
0
0
0
0
0
0
0
0
0
0
0
0
0
0
0
0
1000
0
0
1000
1000
0
0
0
0
0
0
0
0
0
0
0
0
0
0
0
0
0
0
0
0
0
0
0
0
0
0
0
0
0
0
0
0
0
0
0
0
0
0
0
0
0
0
0
0
0
0
0
0
0
0
0
0
0
0
0
0
0
0
0
0
0
0
0
0
0
0
0
0
0
0
0
0
0
0
0
0
0
0
0
0
0
0
0
0
0
0
0
0
0
0
0
0
0
0
0
0
0
0
0
0
0
0
0
0
0
0
0
0
0
0
0
0
0
0
0
0
0
0
0
0
0
0
0
0
0
0
0
0
0
0
0
0
0
0
0
0
0
0
0
0
0
0
0
0
0
0
0
0
0
0
0
0
0
0
0
0
0
0
0
0
0
0
0
0
0
0
0
0
0
0
0
0
0
0
0
0
0
0
0
0
0
0
0
0
0
0
0
0
0
0
0
0
0
0
0
0
0
0
0
0
0
0
0
0
0
0
0
0
0
0
0
0
0
0
0
0
0
0
0
0
0
0
0
0
0
0
0
0
0
0
0
0
0
0
0
0
0
0
0
0
0
0
0
0
0
0
0
0
0
0
0
0
0
0
0
0
0
0
0
0
0
0
0
0
0
0
0
0
0
0
0
0
0
0
0
0
0
0
0
0
0
437.00970495798
0
0
437.00970495798
0
0
0
0
0
0
0
0
0
0
0
0
0
0
0
0
0
0
0
0
0
0
0
0
0
0
0
1000
0
0
0
0
0
0
0
0
0
0
0
0
0
0
0
0
0
0
0
0
0
0
0
0
0
0
0
0
0
0
0
0
0
0
0
0
0
0
0
0
0
0
0
0
0
0
0
0
0
0
0
0
0
0
0
0
0
0
0
0
0
0
0
0
0
0
0
0
0
0
0
0
0
0
0
0
0.0530536047632495
0.10861852583148
0.10861852583148
0
0
0
0.108618525831503
0
0.10861852583148
-247.885068156773
0
0
0
0.0167105424337706
0
0
0
0
0
0
0
247.885068156773
0
0
0
0
0
0.657281335814182
0
0
0
0
0
0
0.657281335814182
0.657281335814182
0.657281335814182
0.657281335814218
0
0
0
0
0
0
0
0
0
0
0
0
0
0
0
0
0
0
0
0
0
0
0
0
0
0
0
0
0
0
0
0
0
0
0
0
0
435.454845327212
435.454845327212
0
0
0
0
0
0
0
0
0
0
0
0
0
0
0
0
0
0
0
0
0
0
0
0
0
0
0
0
0
0
0
0
0
0
0
0
0
0
0
0
0
0
0
0
0
0
0
0
1000
23.7525920619657
-1000
0
0
0
168.384671569903
-275.666254932417
-168.384671569903
0
0
0
0
-1000
23.2911944579947
0
0
0
0
0
0
0
0
0
0
0
0
0
0
0
0
0
0
0
0
0
0
0
0
0
0
0
0
0
0
0
0
0
0
0
0
0
0
0
0
275.666254932417
0
0
0
0
0
0
0
0
0
0
0
0
0
0
0
0
0
-999.997615248339
-1000
1000
-1000
1000
999.997615248339
-1000
0
0
0
0
0
0
0.00238475166099761
0
0
0
0
0
0
0
0
0
0
0
0
0
0
0
0
0
0
0
0
0
0
0.00178337950298907
0.00238475166097376
0.00654597050128159
1000
0.00118891966865938
0.00118891966865938
0.00238475166099761
0
0.000594459834246663
0.00118891966865938
0.0101196418309497
-0.00118891966860701
0.00118891966865938
0.00118891966865938
0.00118891966865938
0.00118891966865938
0.00118891966865938
-0.00118891966860701
-0.00237783933732771
0.00118891966865938
0.00118891966865938
0.00118891966860701
0.00118891966865938
-999.970235534341
-0.00357367132960462
999.969046614673
0.00238475166099761
0.00118891966865938
0.00118891966865938
0.00238475166097376
0.00238475166097376
-0.00238475166099761
-0.00238475166099761
0.00238475166099761
0.00238475166099761
0.00118891966865938
0.00118891966865938
0.00118891966865938
0.00118891966865938
-0.00357367132960462
-999.991069277838
0
0
0
0
0
0
-1000
0
0
0
0.00238475166097376
0
0
0
0
0.00119237583048688
0.00238475166099761
0.00238475166099761
0
0.00238475166097376
0
0
0
0
0
-0.00238475166099761
0.00475567867463752
0.00118891966865938
0.00356675900597814
0.00118891966865938
-0.00118891966860701
0.00118891966865938
0.00118891966865938
0.00118891966865938
0.00118891966865938
0.00118891966865938
0.00118891966865938
0.00237783933731876
0.00118891966865938
0.00118891966865938
0.00118891966865938
0.00118891966865938
0.00118891966865938
0
0.00118891966865938
0.00238475166097376
0
0.00238475166097376
0
0.00238475166097376
0.00238475166097376
0.00238475166097376
0.00238475166097376
0.00238475166097376
0
0
0
0
0
0
0
0
0.00238475166097376
0.00238475166097376
0
0.00238475166097376
0
0.00238475166097376
0.00238475166097376
0.00238475166097376
0.00238475166097376
0
0
0
0
0
0
0
0
-0.00238475166099761
0
0
0
0
0
0
0
0
0
0
0
0
0
0
0
0
0
0
0
0
0
0
0
0
0
0
0
0
0
0
0
0
0
0
0
0
0
0
0
0
0
0
0
0
0
0
0
0
0
0
0
0
0
0
0
0
0
0
0
0
0
0
0
1000
139.847742281059
44.8625934853205
0
0
0
0
0.00238475166097376
0
0
0
0
0
0
0
0
0
0
0
0
0
0
0
0
0
0
0
0
0
0
0
0
0
0
-791.284695149573
0
0
0
-34.9619355702648
0
-244.994512903489
0
0
0
0.000969015612115095
0
0
0
0
0
0
0
0
0
0.000969015612115095
0
0
96.3513359334165
0
0
0
0
0.000969015612115095
0
0.000969015612115095
0
0.000969015612115095
0
0.360371182741638
0
0
0
0.0605634757571934
0
0
0
0.000969015612099611
0
0.37525129579157
0
0.000969015612115095
0
0.000969015612115095
0
0.000969015612115095
0
0.000969015612115095
0
0.000969015612115095
0
0.000969015612115095
0
0.000969015612115095
0
0.000969015612115095
0
0.000969015612115095
0
0.000969015612115095
0
0.000969015612115095
0
0.000969015612115095
0
0.000969015612115095
0
0.000969015612115095
0
0.000969015612115095
0
0.000969015612115095
0
0.000969015612115095
0
0.020349327854417
0
0.00955052718329926
0
0.027859198848309
0
0.0281014527513377
0
0.0142929802786976
0
0.000969015612115095
0
34.9629045858769
0
0.0542615563630909
0
0.000969015612115095
0
0.000969015612115095
0
0.000969015612115095
0
0.000969015612115095
0
0.463916224300101
0
0.00702536318783444
0
0.0520845891511863
0
0
0
0.016476583321311
0
0.000969015612115095
0
0.000969015612115095
0
0.0092056483150934
0
0.000969015612115095
0
0.000969015612115095
0
0.000969015612115095
0
0
663.703147235278
0
0.00893072216229029
0
0
0
0
0
0
23.2888097063337
-1000
1000
0
0.657281335814182
-1000
1000
-749.38278119603
0
434.573118538212
1000
1000
-1000
0
0
1000
0
0
0
0
0
-3.64322082614194
818.145902340544
0
0
0
0
-1000
149.696391479916
-0.00238475166099761
0
0
-2.08718764816558
551.07509749724
0
0
0
0
465.472878291133
1000
1000
-1000
847.677691647058
0
0
421.829609914263
22.1867386873093
1000
-1000
0
0
1000
1000
-1000
608.906800001839
0
-1000
0
0
-1000
842.247064053955
1000
1000
0
0
0
0
-44.8625934853204
-501.75240970089
0
0
0
0
0
0
0
0
0
1000
0
1000
0
0
0
0
0
0
0
0
0
0
1000
0
0
0
0
0
0
0
0
0
-1000
-1000
-1000
-1000
-1000
-1000
1000
-1000
-1000
-1000
-1000
-1000
977.191039858481
-1000
1000
-1000
1000
-1000
-1000
1000
-1000
-1000
-469.479945441397
1000
1000
1000
1000
1000
-986.126436479609
-1000
1000
1000
-1000
-536.886122316854
-1000
-1000
-1000
-1000
-1000
-1000
105.050655308084
1000
-1000
-1000
-1000
-1000
-1000
-1000
-1000
-1000
-1000
-1000
-436.975986200257
1000
3.1495225097558
-1000
-1000
-1000
-1000
-5.31682110894803
-6.80172359638163
-1000
-1000
-1000
1000
-1000
-1000
-1000
1000
-1000
-1000
-1000
-1000
1000
1000
-1000
-1000
-1000
-1000
1000
-264.971479839479
-1000
343.93532016236
-1000
-1000
-1000
-454.321629524645
1000
-1000
1000
1000
1000
1000
6.80172359638163
1000
1000
1000
1000
-1000
-1000
285.723776002038
-1000
-1000
-1000
-1000
1000
-1000
-1000
1000
1000
1000
1000
1000
-1000
1000
1000
198.091321345981
-1000
1000
1000
-1000
-1000
-1000
1000
-571.09358768937
-1000
-1000
-1000
0
0
0
0
0
0
0
0
0
0
0
0
0
0
0
0
0
0
0
0
0
0
0
0
0
0
0
0
0
0
0
0
0
0
0
0
0
0
0
0
0
0
0
0
0
0
0
0
0
0
0
0
0
0
0
0
0
0
0
0
0
0
0
0
0
0
0
0
0
0
0
0
0
0
0
0
0
0
0
0
0
0
0
0
0
0
0
0
0
0
0
0
0
0
0
0
0
0
0
0
0
0
0
0
0
0
0
0
0
0
0
0
0
0
0
0
0
0
0
0
0
0
0
0
0
0
0
0
0
0
0
0
0
0
0
0
0
0
0
0
0
0
0
0
0
0
0
0
0
0
0
0
0
0
0
0
0
0
0
0
0
0
0
0
0
0
0
0
0
0
0
0
0
0
0
0
0
0
0
0
0
0
0
0
0
0
0
0
0
0
0
0
0
0
0
0
0
0
0
0
0
0
0
0
0
0
0
0
0
0
0
0
0
0
0
0
0
0
0
0
0
0
0
0
0
0
0
0
0
0
0
0
0
0
0
0
0
0
0
0
0
0
0
0
0
0
0
0
0
0
0
0
0
0
0
0
0
0
0
0
0
0
0
0
0
0
0
0
0
0
0
0
0
0
0
0
0
0
0
1000
0
0
0
0
0
0
0
0
0
0
0
0
0
0
0
0
0
0
0
0
0
0
0
0
0
0
0
0
0
0
0
0
0
0
0
0
0
0
0
0
0
0
0
0
0
1000
1000
-1000
1000
1000
1000
-1000
1000
-1000
208.715304850427
1000
-1000
791.284695149573
1000
10.9860814401245
-1000
-1000
-1000
989.013918559875
-1000
1000
1000
-1000
-1000
-1000
1000
-1000
-1000
1000
-1000
-1000
1000
-1000
-1000
-1000
0
1000
-1000
-210.278379094087
-1000
1000
1000
-1000
-1000
-1000
1000
1000
1000
-1000
-1000
-1000
-1000
-1000
-1000
-1000
0
0
0
0
0
0
0
0
0
0
0
0
0
0
0
0
0
-1000
-1000
-0.313168583459401
0
0
0
0
0
459.577605433474
0
0
0
0
0
0
0
0
0
0
-0.00238475166099761
0
-0.00238475166099761
0
-0.00238475166099761
-0.00238475166099761
0
0
0
0
0
0
0
0
0
0
0
0
0
0
0
0
0
0
0
0
0
0
0
0
0
0
0.00238475166097376
0
0
472.216096960754
-1000
527.783903039246
-1000
-1000
0
0
0
0
-0.00238475166099761
0.242092615476849
0
0
0
0
247.885068156773
0
0
0
0
0
0
0
0
0
0
0
0
0
0
0
-1000
-465.456820963282
465.456820963282
0.00238475166097376
0
0
0
0.0598794437288461
-501.046555455235
0
0
0
0
0
0
-818.145902340544
0
1000
0
0
0
0
0
0
0
0
0
0
0
0
0
0
0.262360976980162
0
0
0
0
0
0
0
0
0
0
0
0
0
0
0
0
0
0
0
0.00238475166097376
0
0
0
0
1000
0
0
0
-244.994512903489
0
1.28946172032919
0
0
0
0
0.00356675900597814
1000
0
0
0
0
0
0
0
0
0
0
0
0
0
0.00238475166099761
-979.972835390198
25.5043426738382
0
243.70505118316
0
0
0
0
-1000
1000
0
0
0
0
0
0.00238475166099761
0
0
1000
0
444.689853737032
429.962726810864
0
935.560741167427
0
0
-1000
0
0
-1000
0
0.0946930738036826
1000
0
0
0
0
0
0
0
0
0.0055701808119846
0
0
0
1000
0
0
0
0
0
0
0
0
0
444.686286978026
0
0
999.948486483988
0
998.766821299005
0
0
0
0
0
0
0
0
0
0
0.644730860164594
0
0.00238475166097376
-0.00238475166099761
0
0.00238475166097376
0.00238475166097376
0
0.00238475166099761
0
0
0
0.6447308601646
0
0
-0.00715425498287914
1000
-1000
-1000
-1000
1000
1000
0
0
-998.766821299005
-1.23317870099538
-1000
1000
0
0
0
0
0
0
0
0
0
0
0
0
0
0
0
0
0
0
0
0
0
0
0
0
0
1000
0
0
0
0
0
0.00118891966865938
0
1000
0
0
0
0
0
0
0.00238475166097376
0
0
0
0
0
0
0
0
0
34.9619355702648
0
-279.695484562118
0
0
0
0
0
0
0
0
0
0
0
0
0
1000
0
0
0
0
279.695484562119
0
0
0
0
0
0
0
0
0
0
0
0
0
0
0
0
0
0
0
0
0
0
0
0
0
0
0
1.5379920132367
0
0
0
0
0
0
0
0
0
0
0
0
0
0
0
0
0
0
0
0
0
0
0
0
0
0
0
0
0
0
0
0
0
0
0
0
0
0
0
0
0
0
0
0
0
0
0
0
0
0
0
0
0
0
0
0
0
0
0
0
0
0
0
0
0
0
0
0
0
0
0
0
0
0
0
0
0
0
0
0
0
0
0
0
0
0
0
0
0
0
0
0
0
0
0
0
0
0
0
0
0
0
0
0
0
0
0
0
0
0
0
0
0
-999.983942672149
0
0.00118891966860701
0
0.0130850286789155
0
0
-0.0160573278506035
0
1000
0
0
0
0
0.00297229917168806
0
0
0
0
0
0
0
0
0
0
0
0
0
0
0
0
0.00238475166097376
0.00238475166097376
0.00238475166097376
472.216096960754
-1000
0
-594.83667264978
-150.496414437613
0
0
0
0
0
0
-1000
-444.686286978026
0
0
0
0
0
0
0
0
0
0
-1000
0
999.999030984388
-0.000969015612099611
-1000
-1000
-1000
-999.62571771982
-1000
-1000
0
0
0
0
0
0
0
0
0
0
-1000
0
1000
0.261205190382889
0.00238475166097376
0.00238475166097376
0.00238475166097376
0.00238475166097376
0.00238475166097376
0
0
0
1000
0
0
0
0
0
0
0
0
0
0
0
1000
0
0
0
0
0
0
0
1000
-999.999030984388
0
1000
1000
1000
-999.999030984388
0
0
0
0
0
0
0
0
0
0
0
0
0
0
0
0
0
0
0
0
0
0
0
34.9619355702648
0
0
0
0
0
0
34.9619355702648
0
0
0
0
0
34.9619355702648
0
0
0
0
0
34.9619355702648
0
0
0
0
-1000
0
0
0
0
0
0
0
0
0
-1000
0
0
0
0
0
0
0
220.147639281408
1000
-1000
-1000
-1000
-1000
-1000
0
0.00654597050128159
0
0
0
0
-999.880241112542
-1000
-1000
0
247.885068156773
0
0
0
999.985691490034
9.86065088820932
0
0
0
0
0.383525669781705
0.383525669781705
0
-999.982753752481
0
0
0
0
0
0
0
0
-1000
0
0
0
0
0
0
0
1000
0.00238475166097376
0
0
0
0
0
0
0
0
-1000
1000
0
0
1000
0
0
0
1000
0
0
0
0
-754.968422249347
0
-1000
0
0
0
-1000
-517.244322102101
0.0530536047633014
0
0
0
-244.995481919101
0
0
0
0
0
0
0
0
0
-888.827536565742
0
0
0
0
-1000
-1000
0
0
-1000
0
0
0
0
0.00349417960757992
0
0
0
0
0
0
0
0
998.766821299005
0
998.766821299005
0
0
0
0
0
0
0
0
0
0
1000
0
0.00557018081201477
-1000
1000
-1000
-999.899736745384
1000
0
0
0
0
0
0
0
-1000
0
0
1000
0.00118891966865938
0.00118891966865938
0
-1000
28.2931746883137
1000
-437.00970495798
-437.00970495798
254.65163538703
0
0
0
0
0
0
0
0
0
0
0
0
0
0
0
0
0
0
0
0
0
0
0
0
0
-0.0130850286789155
0
0
0
0
0
0
0
0
0
0
0
0
0
0
0
0
0
0
0
0
0
0
0
0
0
0
0
0
0
0
0
0
0
0
0
0
0
0
0
0
0
0
0
0
0
0
-1000
0
-1000
0
0
0
0
0
0
-1000
0
0
0
0
0
0
0
0
0
0
0
-1000
0
0
0
0
0
0
0
0
0
0
0
0
0
1000
0
0
0
1000
0
0
0
0
0
0
0
0
0
0
0
0
0
0
0
0
0
0
0
0
0
0
0
0
0
0
0
0
0
0
0
0
0
0
0
0
0
0
244.994512903489
0
0
0
0
0
0
0
0
0
0
0
0
0
0
0
0
0
0
0
0
0
0
0
0
0
0
0
0
0
0
0
0
0
0
0
0
0
0
0
0
0
0
0
0
0
0
0
0
0
0
0
0
0
0
0
0
0
0
0
0
0
0
0
0
0
0
0
0
0
0
0
0
0
0
0
0
0
0
0
0
0
0
0
0
0
0
0
0
0
0
0
0
0
0
0
0
0
0
0
0
0
0
0
0
0
0
0
0
0
0
0
0
0
0
0
0
0
0
0
0
0
0
0
0
0
0
0
0
0
0
0
0
0
0
0
0
0
0
0
0
-1000
0
0
0
0
0
0
0
0
0
0
0
0
0
0
0
0
0
0
0
0
0
0
0
0
180.248923811872
0
0
-602.312958381304
0
783.496896131749
216.503103868251
-999.891381474168
0
-1000
0
0
663.703147235278
0
0
0
0
843.793631097155
0.0143085099658435
0
0
0
657.236231096453
0
0
0
0
0
0
0
0
0
0
0
0
0
0
0
0
0
0
0
0
0
0
0
0
0
0
0
0
0
0
0
0
0
0
0
0
0
0
0
0
0
0
0
0
0
0
0
0
0
0
0
0
0
0
0
0
0
-988.437039068708
0
0
0
0
0
0
0
0
0
0
0
0
0
0
0
0
0
0
0
0
0
0
0
0
0
0
0
0
0
0
0
0
0
0
0
0
0
0
0
0
0
0
0
0
0
0
0
0
0
0
0
0
0
0
0
0
0
0
0
0
0
0
0
0
0
0
0
0
0
0
0
0
0
0
0
0
0
0
0
0
0
0
0
0
0
0
0
0
0
0
0
0
0
0
0
0
0
0
0
0
0
0
0
0
0
0
0
0
0
0
0
0
0
0
0
0
0
0
0
0
0
0
0
0
0
0
0
0
0
0
0
0
0
0
0
0
0
0
0
0
0
0
0
0
0
0
0
0
0
0
0
0
0
0
0
0
0
0
0
0
0
0
0
0
0
0
0
0
0
0
0
0
0
0
0
0
0
0
0
0
0
0
0
0
0
0
0
0
0
0
0
0
0
0
0
0
0
0
0
0
0
0
0
0
0
0
0
0
0
0
0
0
-988.437039068708
0
0
0
0
0
0
0
0
0
0
0
0
0
0
0
0
0
254.65163538703
0
0
0
0
0
0
0
0
0
0
0
-1000
0
0
0
0
0.00238475166099761
-988.265129579409
0
0
0
0
0
0
0
0
0
0
0
0
0
0
0
0
0
0
0
0
0
0
0
0
0
0
0
0
0
0
0
0
0
0
0
0
0
0
0
0
0
0
0
0
0
0
0
0
0
0
0
0
0
0
0
0
0
0
0
0
0
0
0
0
0
0
0
0
0
0
0
0
0
0
0
0
0
0
0
0
0
0
0
0
0
0
0
0
0
0
0
0
0
0
0
0
0
0
0
0
0
0
0
0
0
0
0
0
0
0
0
0
0
0
0
0
0
0
0
0
0
0
0
0
0
0
0
0
0
0
0
0
0
0
0
0
0
0
0
0
0
0
0
0
0
0
0
0
0
0
0
0
0
0
0
0
1000
0
1000
1000
0
0
0
0
0
0
0
1000
0.00238475166099761
0
444.689853737032
-1000
1000
0
0
0
0
0
0
999.966661863012
0
0
0
0
0
0
0
0
0
0
0
0
0
0
1000
0
0
0
0
0.00893072216225532
0
0
0
0
0
0
0
0
0
0
0
0
0
0
0
0
0
0
0
0
0
0
0
0
0
0
0
0
0
0
0
0
0
0
0
0
0
0
0
0
0
0
0
0
0
0
0
0
0
0
0
0
0
0
0
0
0
0
0
0
0
0
0
0
0
0
0
0
0
0
0
0
0
0
0
0
0
0
0
0
0
0
0
0
0
0
0
0
0
0
0
0
0
0
0
0
0
0
0
0
0
0
0
0
0
0
0
0
0
0
0
0
0
0
0
0
0
0
0
0
0
0
0
0
0
0
0
0
0
0
0
0
0
0
0
0
0
0
0
0
0
0
0
0
0
0
0
0
0
0
0
0
0
0
0
0
0
0
0
0
0
0
0
0
0
0
0
1000
500
57.60269712497
0
0
-0.6447308601646
0
0
307.454395904527
12.7417166040434
27.850904059923
0.0691232365499639
57.60269712497
0
0
0
0
0
0
0
0
0
0
0
0
0
0
0
0
0
0
0
0
0
0
0
0
0
929.539476335962
-1000
0
-1000
0
0
0
555.310146262968
414.328892740302
0
-749.491399721862
-1000
0
209.771613421589
-69.9238711405296
-34.9619355702648
0
-2.42253903028768
0
0
0
999.988698350824
0.00238475166099761
0
0
0.00773489016996998
0
0
0
0
0
0
0
0
0
0
0
0
0
0
0
0
0
34.9619355702648
0
244.994512903489
0
0
465.481809013295
-0.463916224300078
-0.0203493278544329
0
-7.07680239636704
-13.8735635203913
-1000
-22.1867386873092
-995.365575002811
-1000
-17.5294252584172
-3.0409039839243
-20.7522961625593
-543.499696064961
-1000
0
0
0
0
0
-1000
-455.606381921006
-1000
-431.835467008769
-8.79224815850193
-6.80172359638163
-15.7834414264017
-1000
-449.004808415697
977.398380766783
0
0
-517.244322102101
0
0
1000
0
0
999.880241112542
-1000
0
0
0
0
0.242092615476849
0
1000
-555.310146262968
0
0
0
0
0
0
0
0
0
0
-0.00238475166099761
-0.00238475166099761
0
0
0
0
0
0
0
0
0
0
0
0
0
0
0
0
1000
0
778.735539465789
0
0
1000
1000
247.885068156773
-0.00238475166099761
-0.00238475166099761
-0.657281335814218
976.708805542005
0
0
-0.00238475166099761
-0.00238475166099761
0
0
0
0
-0.00238475166099761
0
0
0
-0.00238475166099761
0
0
0
0
0
0
0
0
0
0
0
1000
0
0
0
0
0
23.2888097063337
0
0
0
0
0
0
0
0
0
0
0
-989.013918559875
0
1000
0
0
-0.00238475166099761
0
0
0
0
0
0
0
0
0
0
0
0
0
0
-501.046555455235
-2.08718764816558
-0.313168583459401
-1000
-1000
0
0
0
0
0
0
0
0
0
1.62295368738819
0
0
0
0
0
0
847.677691647058
0
0
0
0
149.696391479916
0
-749.38278119603
0
0
434.573118538212
1000
0
-22.8089601415185
22.8089601415185
465.456820963282
0
-44.8625934853204
0
0
0
-1000
-1000
0
0
0
0
0
-1000
0
0
0
0
0
-1000
1000
0
0
0
0
0
0
1000
-1000
-1000
-3.64322082614194
0
0
-465.456820963282
0
0
0
0
0
0
0
1000
0
-0.0164765833212641
-0.000969015612099611
-0.262360976980176
-501.75240970089
-0.0142929802786966
-0.0542615563631443
-0.00920564831505999
-0.0520845891511499
-0.0278591988483186
-0.000969015612099611
0
0
96.3513359334165
0
-0.000969015612099611
-1000
-0.000969015612099611
-0.000969015612099611
-0.000969015612099611
-0.00702536318783586
0
-0.000969015612099611
-0.360371182741687
0
0
-9.86065088820931
0
0
-0.000969015612099611
-0.00955052718325078
0
-34.9629045858769
-0.000969015612099611
-0.000969015612099611
-0.000969015612099611
-0.0281014527513435
0
-0.0605634757572489
0
0
0
-1000
1000
0
0
-1000
517.244322102101
-0.00238475166099761
0
888.827536565742
-888.827536565742
0
0
0
-1000
0
482.755677897899
0
0
0
0
0
0
0
0
0
0
0
0
0
0
0
0
-1000
1000
1000
-1000
-28.2931746883136
28.2931746883137
-1000
1000
1000
0.00893072216229029
-1000
1000
0
0
0
-0.000969015612099611
-0.000969015612099611
0
0
0
0
1000
-1000
999.891381474169
843.793631097155
0.014308509965872
0
0
0
657.236231096454
0
-1000
-1000
0
0
0
0
0
0
0
0
0
0
0
0
0
0
0
0
0
0
0
0
0
0
0
0
0
0
0
0
0
0
0
0
0
0
0
0
0
0
0
0
0
0
0
0
0
0
0
0
0
0
0
0
0
0
0
0
0
0
0
0
0
0
0
0
0
0
0
0
0
-0.000969015612099611
0
0
0
0
0
0
0
0
0
0
0
0
0
0
0
0
0
0
0
0
0
0
0
0
0
0
0
0
0
0
0
0
0
0
988.437039068708
0
0
0
0
0
0
0
0
0
0
0
0
0
0
0
0
0
0
0
0
0
0
0
0
0
0
0
0
0
0
0
0
0
0
0
0
0
0
0
0
0
0
0
0
0
0
0
0
0
0
0
0
0
0
0
0
0
0
0
0
0
0
0
0
0
0
0
0
0
0
0
0
0
0
0
0
0
0
0
0
0
0
0
0
0
0
0
0
0
0
0
0
0
0
0
0
0
0
0
0
0
0
0
0
0
0
0
0
0
0
0
0
0
0
0
0
0
0
0
0
0
0
0
0
0
0
0
0
0
0
0
0
0
0
0
0
0
0
0
0
0
0
0
0
0
0
0
0
0
0
0
0
0
0
0
0
0
0
0
0
0
0
0
0
0
0
0
0
0
0
0
0
0
0
0
0
0
0
0
0
0
0
0
0
0
0
0
0
0
0
0
0
0
0
0
0
0
0
0
0
0
0
0
0
0
0
0
0
0
0
0
0
0
0
0
0
0
0
0
0
0
0
-1000
0
1000
0
1000
988.265129579408
0
0
0
0
0
0
0
0
0
0
0
0
0
0
0
0
0
0
999.966661863012
0
0
0
0
0
1000
0
-1000
0
-1000
-0.00238475166099761
0
0
0
0
0
0
0
0
1000
0
0
0
0
0
-1000
0
0
0
0
0
0
0
0
0
0
0
0
0
0
0
0
0
0
0
0
0
0
0
0
0
0
0
0
0
0
0
0
0
0
0
0
0
0
0
0
0
0
0
0
0
0
0
0
0
0
0
0
0
0
0
0
0
0
0
0
0
0
0
0
0
0
0
0
0
0
0
0
0
-0.000969015612099611
-0.000969015612099611
-0.000969015612099611
-0.000969015612099611
0
-0.000969015612099611
-0.3752512957916
0
-0.000969015612099611
-0.000969015612099611
-0.000969015612099611
-0.000969015612099611
0
-0.000969015612099611
-0.000969015612099611
-0.000969015612099611
-0.000969015612099611
-0.000969015612099611
-0.000969015612099611
-0.000969015612099611
0
-0.000969015612099611
-0.000969015612099611
-0.000969015612099611
-1000
57.6026971249701
0
0
0
0
0
0
0
0
0
0
0
0
0
