0
0
0
0
0
0
0
840.239513128061
-1000
299.529056786384
700.470943213616
0
0
347.813984714323
1000
0
999.801337910153
-999.801337910153
999.954405422002
0
0.0455945779976718
0
-1000
0.286594490271114
0
1000
650.275972262571
0
-405.784897485641
0.0187766945821111
0
0
0
0
0
0
0.0251096864913164
0
0
0
27.3607882739759
0
0
0
0
0
465.456820963282
0
465.456820963282
0
465.456820963282
0
465.456820963282
0
465.456820963282
0
465.456820963282
0
0
465.456820963282
0
0
0
0
0
0
405.784897485641
0
0
0
0
0
0
0
-1000
-1000
0
0
0
0
0
0
-1000
0
1000
0
0
0
0
0
0
0
0
0
0
0
0
0
0
0
1000
0
0
0
0
0
0.00278861800724422
0
0
0
0
0
0
0.00347971029600558
0
604.867116384824
0
0
0
502.514575329113
0
0
0
0
0
0
0
0
0
0
0
0
0
-0.00347971029600558
0
0
676.066488574423
0
0
1000
0
0
0
0
0
0
1000
0
0
0
-11.4147268770848
0
0
0
0
-1000
0
0
0
1000
0
0
395.701321973186
93.5584964709221
1000
-302.149339013407
0
0
0
-1000
-302.149339013407
45.6646457009165
-553.687214603138
901.501199317461
0
0
1000
0
0
0
0
0
419.590028392116
593.31035077057
0
0
0
0
0
-3.06736866739595
0
0
0
0
0
0
250.72174704785
497.953601976082
-1000
0
0
0
0
304.754193995656
0
0
0
1000
749.27825295215
497.28676258104
0
0
0
-752.348878375117
0
-999.996743244429
0
0
0
0
0
258.197746742974
0
0
0
0
0
0
0
0
-1000
0
999.040534212696
0.359691308180776
0
0.0602375168525668
0
0
0.539536962271164
0
-906.438714911071
0
0
0
-502.049186641925
0
0
0
0
0
0
0
0
0
0
0
0
0
0
1000
0
-1000
1000
1000
0
1000
-1000
-1000
-0.753918370580777
999.700546208672
0
0
-0.5395369622712
1000
-1000
-1000
1000
0
0
1000
0
0.140040489564278
0
-0.140040489564285
0
0.00139026752824929
0
0
0
0
1.74697959550099
0
0
0
0
0
497.950813358075
0
0
0
0
0
0
1000
0
1000
0.305967302470757
0
0
1000
0
-0.140040489564285
0
-0.5395369622712
0
0
0.5395369622712
0
0
0
0
0
0
0
0
-1000
0
0
0
1000
0.5395369622712
0
-766.290600787222
-0.753918370580777
0
0
0.00278861800728691
0
0
0
0
0
0
0
0
0
0
0
0
-497.950813358075
0
0
0
1.79845654090388
0
7.57103053174518
0
0
0
0
0
0
0
0
1000
-1000
1000
-500.485341787892
-1000
1000
0
-997.466861837711
-1000
-1000
1000
-1000
1000
1000
1000
0
-1000
0
0
0
0
-1000
0
1000
-1000
-1000
1000
-1000
0
0
1000
-1000
0
0
0
0
0
0
0.753918370580737
-1000
-1000
1000
-1000
1000
-1000
-1000
-1000
-1000
1000
1000
0
1000
-0.299453791328233
1000
-1000
-1000
1000
-1000
-1000
1000
-238.009941913523
0
1000
1000
0
0
0
1000
-1000
1.50225950514687
0
0
-0.00278861800734376
0
0
0
-310.93252785373
1000
0
0
0
-22.9466080422769
0
0
0
0
0
0
0
0
592.017713574514
0
0
0
592.017713574514
0
0
0
0.00278861800724422
0
1000
-689.070260764277
-310.929739235723
0
0
310.929739235723
0
0
0
0
0
0
0
0
0
0
0
0
0
0
0
0
0
0
0
0
0
0
0
0
0
0
0
0
0
0
0
0
0
0
0
0
0
0
0
1000
-1000
1000
0.0814188892815082
0.0814188892815082
0
12.0116285138835
0
0
0
0
0
0
0
0
0
0
1000
0
0
0
0
0
-1000
0
0
0
0
0
0
0
0
0
0
0
0
0
0
0
0
0
0
0
0
0
0
0
0
0
0
0
0
0
0
0
0
0
0
0.12701346727923
0
0
0
1000
0
0
0
0
0
0
-1000
0
0
0
0
0
0
0
0
0
0
0
0
0
0
0
0
0
0
0
0
0
0
0
0
0
0
0
0
-714.169609168314
0
0
0.12701346727923
0
0
0
0
0
0
0
0
0
986.609975764861
0
0
0
0
0
0
0
0
0
0
0
0
0
0
0
0
0
0
0
0
0
0
0
0
0
0
0
0
0
0
0
0
0
-1000
0
0
0
0
0
0
0
0
0
0
0
0
0
0
0
0
0
0
0
0
0
0
0
0
0
0
0
0
0
0
0
0
0
0
0
0
0
0
-1000
0
0.00325675557126227
0
0
0
0
0.589472758398471
0.589472758398471
0
0
0
0
0
0
0
0
0
0
0
0
0
0
0
0
0
0
0
0
0
0
1000
0
0
0
0
0
1000
0
0
0
-1000
0
0
-1000
0
0
0
0
1.69351289705638
0
0
1.69351289705638
0
0
0
0
0
0
0
0
0
0
1.69351289705638
0
1.69351289705638
0
0
0
10.1025938657975
28.7977853612234
18.4075731647271
13.4821092515091
19.9894739835708
6.57926931473643
15.387580692389
28.150644117151
25.9216020542348
8.19712242491752
15.890912771112
32.7525374083327
25.8496974715601
7.98140867689338
13.2304432121476
18.3356685820523
23.7644645739933
19.2344758654863
3.52332455106104
23.9801783220175
0
0
0
0
0
0
0
0
0
0
0
0
0
0
0
0
0
0
0
0
0
0
0
0
0
0
0
0
0
0
0
0
0
0
0
0
0
0
0
0
0
0
0
0
0
0
0
0
0
0
0
0
0
0
0
0
0
0
0
0
0
0
0
0
0
0
0
0
0
0
0
0
0
0
0
0
0
0
0
0
0
0
0
0
0
247.526896775611
0
0
247.526896775611
0
0
0
0
0
-1000
0
974.772617662876
0
0
1000
-1000
-1000
1000
1000
0
0
0
0
0
185.855628698529
0
-22.9466080422769
-185.972871899095
-185.972871899095
-1000
0
-185.858417316537
0
-185.949606472532
1000
-0.110729689422897
1000
814.027128100905
0
0
814.144371301471
0
-1000
-814.027128100905
-1000
0
814.141582683463
0
0
0
185.858417316537
1000
1000
1000
0
0
0
1000
0
0
0
0
0.00278861800723007
407.446356218018
1000
1000
0
500
250.001156198746
2.50976482082572
5.00001739855148
0
0
0
0
0
0
302.55240626762
0
0
0
0.153560465317128
0.00118655865026085
5.10588547179373
-0.153560465317128
-0.153560465317128
0.153560465317128
0.00118655865026085
304.909611631564
415.063621289455
0.153560465317128
-0.151187348016606
-0.153560465317128
0.00118655865026085
0.448452146112572
-0.153560465317128
0.0741599156392567
0
-999.99881344135
0.153560465317128
-0.153560465317128
0.00118655865026085
0.00118655865026085
-0.00118655865026085
0.00118655865026085
-0.00237311730040801
0.00118655865026085
0.00118655865026085
0.00118655865026085
0.00118655865026085
0.00118655865026085
0.00118655865026085
0.00118655865026085
0.00118655865026085
0.00118655865026085
0.00118655865026085
0.00118655865026085
0.0249177316547957
0.00333005996196789
0.0341135611940899
4.45325349419602
0.0175017400908928
-0.00118655865026085
-0.00118655865026085
-4.32107644138705
-0.00118655865026085
-0.00118655865026085
-0.00118655865026085
-0.00118655865026085
0.568064953797034
0.00860255021416378
0.0637775274498154
0.321260754549485
-0.0111480704856604
-0.00118655865026085
1.44636555468514
-1.45882442051254
-0.00118655865026085
-0.00118655865026085
0.00118655865026085
0
0
0
0
0
0
0
0
0
0
0
0
0
0
0
0
0
0
0
0
0
0
0
0
0
0
0
0
0
0
0
0
0
0
0
0
0.00408593160193504
0
0
0
0
0
0
0
0
0
0
0
0
0
0
0
0
0
0
0
0
0
0
0
0
0
0
0
0
0
0
0
0
0
0
0
0
0
0
0
1000
0
0
0
0
0
0
0
0
0
0
0
0
0
0
0
0
0
0
0
0
0
0
0
0
0
0
0
0
0
0
0
0
0
0
0
0
0
0
0
0
0
0
0
0
0
0
0
0
0
0
0
0
0
0
0
0
0
0.00118655865022876
0.00118655865022876
0.00118655865022876
0.00118655865022876
0
0
0
0
0
0
0
0
0
0
0
0
0
0
0
0
0
0
0
0
0
0
0
0
0
0
0
0
0
0
0
0
0
0
0
0
0
0
0
0
0.152373906666877
0.152373906666877
93.1591638272723
0
0
0
0
0
0
0
0.152373906666877
0
0.152373906666877
0
0
0
0
0
0
0
0
0
0
0
0
0
0
0
0
0
0
0
0
0
0
0
0
0
0
0
0
0
0
0
0
0
0
0
0
0
0
0
0
0
0
0
0
0
0
0
0
0
0
0
0
0
0
0
0
0
0
0
0
0
0
0
0
0
0
0
0
0
0
0
0
0
0
0
0
0
0
0
0
0
0
0
0
0
0
0
0
0
0
0
0
0
0
0
0
0
0
0
0
0
0
0
0
0
0
0
0
0
0
0
0
0
0
0
0
0
0
0
0
0
0
0
0
0
0
0
0
0
0
0
0
0
0
0
0
0
0
0
0
0
0
0
0
0
0
0
0
0
0
0
0
0
0
0
0
0
0
0
0
0
0
0
0
0
0
0
0
0
0
0
0
0
0
0
0
0
0
0
0
0
0
0
0
0
0
0
0
0
0
0
0
0
0
0
0
1000
0
0
0
0
0
0
0
0
0
0
0
0
0
0
0
0
0
0
0
0
0
0
0
0
0
0
0
0
0
0
0
0
0
0
0
0
0
0
0
0
0
0
0
0
0
0
0
0
0
0
0
0
0
0
0
0
0
0
0
0
0
0
0
0
0
0
0
0
0
0
0
0
0
0
0
0
0
0
0
0
0
0
0
0
0
0
0
0
0
0
0
0
0
0
0
0
0
0
0
0
0
0
1000
1000
0
0
0
0
0
0
0
0
0
0
0
0
0
0
0
0
0
0
0
0
0
-1000
0
-1000
0
0
0
0
0
0
0
0
0
0
0
1000
1000
0
0
0
0
0
0
0
0
0
0
0
0
0
0
0
0
0
0
0
0
0
0
0
0
0
0
0
0
0
0
0
0
0
0
0
0
0
0
0
0
0
0
0
0
0
0
0
0
0
0
0
0
0
0
0
0
0
0
0
0
0
0
0
0
0
0
0
0
0
0
0
0
0
0
0
0
0
0
0
0
0
0
0
0
0
-173.752596655578
0
0
0.152373906666867
0
1000
0
0
93.0067899206053
0
901.317282056054
-0.152373906666867
406.656185813343
0
0
0
0.00408593160193504
-0.305934371983994
0
0
1000
0
0
0
0
0
0
0
0
0
0
0
0
0
-1000
0.00408593160193504
0
-4.41884329333948
0
4.4035422675779
0
0
0
0
0
0
0
0.0153010257614596
0
0
0
0
0
302.55240626762
-1000
0
-92.8544160139386
-92.8544160139386
0
-195.705880470043
1000
-0.0167317080434941
0
0
0.152373906666867
-0.152373906666867
0
0
98.5303440372797
-98.5303440372797
1000
0
0
0
-93.0067899206055
-93.0067899206055
1000
0
-98.6827179439466
-901.317282056053
-1000
0
-593.343814186657
-406.656185813343
-1000
0
0
0
0
0
-1000
0
-1000
0
0
0
0
0
-1000
0
0
0
-1000
0
0
0
-1000
0
0
0
0
0
0
0
0
0
0
0
0
0
0
0
0
0
0
0
-1000
1000
-1000
0
-1000
0
-1000
4.41884329333948
-1000
0
-4.41884329333948
-4.41884329333948
0
0
0
0
0
0
-1000
0
1000
0
-1000
0
-1000
0
-393.049984808564
0
-1000
0
0
0
0
0
0
0
0
0
-369.458477125621
-630.541522874379
209.697990253681
-209.697990253681
0
0
0
0
0
0
0
0
0
0
0
0
0
0
0
0
0
0
0
0
0
0
0
0
0
0
0
0
0
0
0
0
0.00408593160193504
-0.00408593160193504
0
0
0
0
0
0
0
0
0
0
0
0
0
0
0
0
0
0
0
0
0
0
0
0
0
0
0
0
0
0
0
0
0
0
0
0
0.00408593160193504
-0.00408593160193504
0
0
0
0
0
0
0.0153010257614596
0.0153010257614596
0
0
0
0
0
0
0
0
0
0
0
0
0
0
0
0
-0.0153010257614596
-0.0153010257614596
0
0
0
0
0
0
0
0
0
0
0
0
0
0
0
0
0
0
0
0
0
0
0
0
0
0
0
0
0
0
0
0
0
0
0
0
1000
0
0
0
0
0
0
0
0.913343796770735
0.00278861800724422
0
0
0
0
0
0
0
0
0.114918005067614
0
0
0
0
0
0
0
0
0
0
0
0
0
0
0
0
0
0
0
0
0
0
0
0
0
0
0
0
0
0
0
0
0
0
0
0
0
0
0
0
0
0
0
0
0
0
0
0
0
0
0
0
0
0
0
0
0
0
0
0
0
0
0
0
0
98.5303440372797
98.5303440372797
98.5303440372797
0
0
0
0
92.8544160139385
92.8544160139385
0
0
0
0
0
0
0
0
0
0
0
0
0
0
0
0
0
0
0
0
0
0
0
0
0
0
0
0
0
0
0
0
0
0
0
0
0
0
0
0
0
0
0
0
0
0
0
0
0
0
0
0
0
0
0
0
0
0
0
0
0
0
0
0
0
0
0
0
0
0
0
0
0
0
0
0
0
0
0
0
0
0
0
0
0
0
0
0
0
0
0
0
0
0
0
0
0
0
0
0
0
0
0
0
0
0
0
0
0
0
93.0067899206054
93.0067899206054
93.0067899206054
93.0067899206054
-93.0067899206055
0
0
0
0
0
0
0
0
0
0
0
0
0
0
0
0
0
0
0
0
0
0
0
0
0
0
0
0
0
0
0
0
0
0
0
0
0
0
0
0
0
0
0
0
0
0
0
0
0
0
0
0
0
0
0.00278861800724422
0.00278861800724422
0.00278861800724422
0.00278861800724422
0.00278861800724422
0
0
0
0
0
0
0
0
0
0
0
0
0
0
0
0
0
0
0
0
0
0
0
0
0
0
0
0
0
0
0
0
0
0
0
0
0
0
0
0
0
0
0
0
0
0
0
11.4147268770848
11.4147268770848
-11.4147268770848
3.79840218367805
-1.89780678283535
1.8978067828354
1.8978067828354
1.8978067828354
0
0
0
0
0
0
0
0
0
0
0
0
0
0
0
0
0
0
0
0
0
1.8978067828354
1.8922457127224
1.8978067828354
1.8978067828354
1.8978067828354
1.8978067828354
1.8978067828354
1.8978067828354
1.8978067828354
1.8978067828354
1.8978067828354
1.8978067828354
1.8978067828354
1.8978067828354
1.8978067828354
1.8978067828354
1.8978067828354
1.8978067828354
11.4147268770848
11.4147268770848
3.79840218367805
3.79840218367805
0
0
0
0
0
0
0
0
0
0
0
0
0
0
0
0
0
0
0
0
0
0
0
0
0
0
0
0
0
0
0
0
0
0
0
0
0
0
0
0
0
0
0
0
0
0
0
0
0
0
0
0
0
0
0
0
0
0
0
0
0
0
0
0
0
0
0
0
0
0
0
0
0
0
0
0
0
0
0
0
0
0
0
0
0
0
0
0
0
0
0
0
0
0
0
0
0
0
0
0
0
0
0
0
0
0
0
0
0
0
0
0
0
0
0
0
0
0
0
0
0
0
0
0
0
0
0
0
0
0
0
0
0
0
0
0
0
0
0
0
0
0
0
0
0
0
0
0
0
0
0
0
0
0
0
0
0
0
0
0
0
0
0
0
0
0
0
0
0
0
0
0
0
0
0
0
0
0
0
0
0
0
0
0
0
0
0
0
0
0
0
0
0.913343796770735
379.025748831673
379.025748831673
0
5.7992014302256
5.7992014302256
0
-384.824950261899
0
5.7992014302256
0
378.112405034903
0
0
1000
0
5.7992014302256
0
5.7992014302256
5.7992014302256
0
0
0
0
0
0
0
0
0
0
0
0
0
0
0
0
0
0
0
0
0
0
0
0
0
0
0
0
0
0
0
0
0
0
0
0
0
0
384.824950261899
0
0
0
0
0
0
0
0
0
0
0
0
0
0
0
0
0
0
0
0
0
0
0
0
0
0
0
0
0
0
0
0
0
0
0
0
0
0
0
0
0
0
0
0
0
0
0
0
0
0
0
0
0
0
0
0
0
0
0
0
0
0
0
0
0
0
0
0
0
0
0
0
0
0
0
0
0
0
0.913343796770735
0.00278861800724422
0
0
0
0
0
0
0
1.20239550406849
0
0
0
0.753918370580737
0.753918370580737
0.753918370580737
0
0
0
0
0
0
1.03105041984559
0
0
0
0.00278861800724422
0
0
0
0
-1.03105041984554
1.03105041984559
0
0
0
0
0
0
0
0
0
0
0.178999638579012
0
0.171345084222895
0
0
0
0
0
0
0
0
0
0
8.40633882770063
8.40633882770063
8.40633882770063
0
0
0
0
-0.11491800506758
0
0
0
0
0
0
0
0
0
0
0
0
0
0
0
0
0
0
0
0
0
0
0
0
0
0
0
0
0
0
0
0
0
0
0
0
0
0
0
0
0
0
0
0
0
0
0
0
0
0
0
0
0
0
0
0
0
0
0
0
0
0
0
0
0
0
0
0
0
0
0
0
0
0
0
0
0
0
0
0
0
0
0
0
0
0
0
0
0
0
0
0
0
0
0
0
0
0
0
0
0
0
0
0
0
0
0
0
0
0
0
0
0
0
0
0
0
1000
0
0
1000
1000
0
0
0
0
0
0
0
0
0
0
0
0
0
0
0
0
0
0
0
0
0
0
0
0
0
0
0
0
0
0
0
0
0
0
0
0
0
0
0
0
0
0
0
0
0
0
0
0
0
0
0
0
0
0
0
0
0
0
0
0
0
0
0
0
0
0
0
0
0
0
0
0
0
0
0
0
0
0
0
0
0
0
0
0
0
0
0
0
0
0
0
0
0
0
0
0
0
0
0
0
0
0
0
0
0
0
0
0
0
0
0
0
0
0
0
0
0
0
0
0
0
0
0
0
0
0
0
0
0
0
0
0
0
0
0
0
0
0
0
0
0
0
0
0
0
0
0
0
0
0
0
0
0
0
0
0
0
0
0
0
0
0
0
0
0
0
0
0
0
0
0
0
0
0
0
0
0
0
0
0
0
0
0
0
0
0
0
0
0
0
0
0
0
0
0
0
0
0
0
0
0
0
0
0
0
0
0
0
0
0
0
0
0
0
0
0
0
0
0
0
0
0
0
0
0
0
0
0
0
0
0
0
0
0
0
0
0
0
0
0
0
0
0
0
0
0
0
0
0
0
0
0
0
0
0
0
0
0
0
0
0
0
0
0
0
0
0
0
0
0
0
0
0
0
0
0
0
0
0
0
0
0
0
0
0
0
0
0
0
0
0
0
0
0
0
0
0
0
0
0
0
0
0
0
0
0
0
0
0
0
0
0
1000
0
0
0
0
0
0
0
0
0
0
0
0
0
0
0
0
0
0
0
0
0
0
0
0
0
0
0
0
0
0
0
0
0
0
0
0
0
0
0
0
0
0
0
0
0
0
0
0
0
0
0
0
0
0
0
0
0
0
0
0
0
0
0
0
0
0
0
0
0
0
0
0
0
0
0
0
0
0.12701346727923
0.12701346727923
0
0
0
0.127013467279198
0.12701346727923
0
-247.526896775611
0
0
0
0.0195405334275737
0
0
0
0
0
0
0
0
247.526896775611
0
0
0
0
0.768594314817676
0
0
0
0
0
0
0.768594314817676
0.768594314817676
0.768594314817676
0.768594314817619
0
0
0
0
0
0
0
0
0
0
0
0
0
0
0
0
0
0
0
0
0
0
0
0
0
0
0
0
0
0
0
0
0
0
0
0
0
594.069312352498
594.069312352498
0
0
0
0
0
0
0
0
0
0
0
0
0
0
0
0
0
0
0
0
0
0
0
0
0
0
0
0
0
0
0
0
0
0
0
0
0
0
0
0
0
0
0
0
0
0
0
0
1000
-1000
986.787034794767
0
0
0
-1000
-1000
1000
25.2273823371236
0
0
0
-284.01477486428
270.262272696776
0
0
0
0
0
0
0
0
0
0
0
0
0
0
0
0
0
0
0
0
0
0
0
0
0
0
0
0
0
0
0
0
0
0
0
0
0
0
0
0
1000
0
0
0
0
0
0
0
0.00118655865022876
0.00118655865022876
0
0
0
0
0
0
0
0
-999.997211381993
-1000
1000
-1000
1000
999.997211381993
-1000
0
0
0
0
0
0
0.00278861800723007
0
0
0
0
0
0
0
0
0
0
0
0
0
0
0
0
0
0
0
0
0
0
0.00208540129237394
0.00278861800724422
0.00765455435611674
1000
0.00139026752824929
0.00139026752824929
0.00278861800723007
0
0.000695133764124646
0.00139026752824929
0.0118334398916018
-0.00139026752822247
0.00139026752824929
0.00139026752824929
0.00139026752824929
0.00139026752824929
0.00139026752824929
-0.00139026752822247
-0.00278053505644493
0.00139026752824929
0.00139026752824929
0.00139026752822247
0.00139026752824929
-13.4064454231584
-0.00417888553545254
13.4050551556302
0.00278861800723007
0.00139026752824929
0.00139026752824929
0.00278861800724422
0.00278861800724422
-0.00278861800723007
-0.00278861800723007
0.00278861800723007
0.00278861800723007
0.00139026752824929
0.00139026752824929
0.00139026752824929
0.00139026752824929
-0.00417888553545254
-999.989556827637
0
0
0
0
0
0
-1000
0
0
0
0.00278861800724422
0
0
0
0
0.00139430900362211
0.00278861800723007
0.00278861800723007
0
0
0.00278861800724422
0.00278861800724422
0
0
0
0
0
0
0.00556107011299717
0.00139026752824929
0.00417080258474788
0.00139026752824929
-0.00139026752822247
0.00139026752824929
0.00139026752824929
0.00139026752824929
0.00139026752824929
0.00139026752824929
0.00139026752824929
0.00278053505649858
0.00139026752824929
0.00139026752824929
0.00139026752824929
0.00139026752824929
0.00139026752824929
0
0.00139026752824929
0.00278861800724422
0.00278861800724422
0.00278861800724422
0.00278861800724422
0.00278861800724422
0.00278861800724422
0.00278861800724422
0.00278861800724422
0.00278861800724422
0.00278861800724422
0.00278861800724422
0.00278861800724422
0.00278861800724422
0.00278861800724422
0
0
0
0
0
0
0
0
0
0
0
0
-0.00278861800723007
0
0
0
0
0
0
0
0
0
0
0
0
0
0
0
0
0
0
0
0
0
0
0
0
0
0
0
0
0
0
0
0
0
0
0
0
0
0
0
0
0
0
0
0
0
0
0
0
0
0
0
0
0
0
0
0
0
0
0
0
0
0
0
0
0
1000
420.11975656403
1000
0
0
0
0
0.00278861800724422
0
0
0
0
0
0
0
0
0
0
0
0
0
0
0
0
0
0
0
0
0
-1000
0
0
0
-302.55240626762
0
0
0
0
0
0.152373906666877
0
0
0
0
0
0
0
0
0
0.152373906666877
0
0
219.68355338057
0
0
0
0
0.304747813333754
0
0
0
0.152373906666877
0
57.0599421151436
0
0
0
9.52336916667982
0
59.3127297287322
0
0.152373906666867
0
0
0
0
0
0.152373906666877
0
0.152373906666877
0
0.152373906666877
0
0.152373906666877
0
0.151187348016648
0
0.152373906666877
0
0.152373906666877
0
0.152373906666877
0
0.152373906666877
0
0.152373906666877
0
0.152373906666877
0
0.152373906666877
0
0.152373906666877
0
0.152373906666877
0
0.152373906666877
0
0.152373906666877
0
3.19985204000442
0
0.956422848269901
0
4.38074981667272
0
0
0
2.24751512333644
0
0.152373906666877
0
0.152373906666877
0
14.9935287809259
0
0.152373906666877
0
0.152373906666877
0
0.152373906666877
0
0.152373906666877
0
72.9490078167674
0
1.10471082333486
0
8.19009748334465
0
41.255235230057
0
0.548609699095558
0
0.152373906666877
0
1.59992602000221
0
0
0
0.152373906666877
0
0.152373906666877
0
0.152373906666877
0
0
663.703147235278
0
0
378.112405034903
0
0
0
0
0
-1000
-1000
1000
965.405562178923
0.768594314817676
-1000
1000
1000
0
593.038261932652
1000
-1000
-1000
0
0
1000
0
0
0
0
0
493.690599866495
1000
0
0
0
0
-1000
-658.787593286188
-0.00278861800723007
0
0
-2.50089796608177
180.355694641859
-497.950813358075
0
0
0
465.475597657864
1000
1000
-1000
906.438714911071
-1000
0
1000
0
0
-1000
0
0
1000
1000
1000
-1000
0
1000
0
0
-1000
842.247064053955
1000
919.123064909012
0
0
0
0
-1000
-1000
0
0
0
0
0
0
0
0
0
1000
0
1000
0
75.2280562685903
0
0
0
0
34.4532107728621
0
0
0
1000
0
0
0
0
0
0
1000
0
0
-1000
-1000
-1000
-15.1996487465711
1000
-1000
1000
-1000
-1000
-1000
-1000
-1000
1000
-1000
-1000
-1000
1000
-902.996862876849
1000
465.028075306629
1000
-1000
-1000
-1000
-1000
1000
1000
1000
1000
1000
-1000
1000
-1000
-1000
-1000
-1000
-28.1536633004655
-237.286527146362
-1000
178.251032973181
-1000
1000
-1000
-1000
-1000
-1000
-1000
-568.056651169973
-1000
-1000
-1000
-1000
-1000
983.776898160619
-702.533083428452
-1000
-1000
-1000
-1000
-1000
-776.234663172002
-1000
-1000
-1000
-1000
-1000
-1000
-7.95362016580884
-1000
-1000
-1000
-1000
-1000
1000
1000
-1000
-1000
534.971924693371
-1000
-1000
1000
-1000
1000
-1000
-1000
-1000
-1000
1000
-454.763774051414
1000
1000
1000
-1000
-1000
1000
1000
1000
1000
-1000
-1000
-1000
-1000
1000
-1000
1000
479.030546863703
-1000
-1000
1000
1000
1000
1000
1000
-1000
1000
1000
-1000
-1000
-1000
-1000
-1000
-974.055856616873
1000
-573.973897731535
1000
555.517473233239
-34.2194279417545
-1000
0
0
0
0
0
0
0
0
0
0
0
0
0
0
0
0
0
0
0
0
0
0
0
0
0
0
0
0
0
0
0
0
0
0
0
0
0
0
0
0
0
0
0
0
0
0
0
0
0
0
0
0
0
0
0
0
0
0
0
0
0
0
0
0
0
0
0
0
0
0
0
0
0
0
0
0
0
0
0
0
0
0
0
0
0
0
0
0
0
0
0
0
0
0
0
0
0
0
0
0
0
0
0
0
0
0
0
0
0
0
0
0
0
0
0
0
0
0
0
0
0
0
0
0
0
0
0
0
0
0
0
0
0
0
0
0
0
0
0
0
0
0
0
0
0
0
0
0
0
0
0
0
0
0
0
0
0
0
0
0
0
0
0
0
0
0
0
0
0
0
0
0
0
0
0
0
0
0
0
0
0
0
0
0
0
0
0
0
0
0
0
0
0
0
0
0
0
0
0
0
0
0
0
0
0
0
0
0
0
0
0
0
0
0
0
0
0
0
0
0
0
0
0
0
0
0
0
0
0
0
0
0
0
0
0
0
0
0
0
0
0
0
0
0
0
0
0
0
0
0
0
0
0
0
0
0
0
0
0
0
0
0
0
0
0
0
0
0
0
0
0
0
0
0
0
0
0
0
0
555.517473233239
0
0
0
0
0
0
0
0
0
0
0
0
0
0
0
0
0
0
0
0
0
0
0
0
0
0
0
0
0
0
0
0
0
0
0
0
0
0
0
0
0
0
0
0
0
-1000
495.23744212375
998.102193217165
1000
1000
1000
502.864751093414
1000
-1000
-1000
497.135248906586
-1000
1000
1000
1000
504.76255787625
-1000
-1000
1000
-1000
1000
1000
-1000
-1000
-1000
1000
-1000
-1000
1000
0
-1000
-1000
-1000
-1000
-1000
1000
1000
-1000
-1000
-1000
-1000
1000
-497.135248906586
-1000
-1000
1000
1000
0
-1000
-986.558749390931
-1000
-1000
-1000
-1000
-1000
0
0
0
0
0
0
0
0
0
0
0
0
0
0
0
0
0
-1000
-502.049186641925
-0.305967302470776
0
0
0
0
214.821369156057
0
0
0
0
0
0
0
0
0
0
0
-0.00278861800723007
0.00278861800724422
0
0
-0.00278861800723007
-0.00278861800723007
0
0
0
0
0
0
1000
0
0
0
0
0
0
0
0
0
0
0
0
0
0
0
0
0
97.0497585717557
0
0
0
0
0
0.00278861800724422
0
0
-1000
1000
0
-1000
-1000
0
0
0
0
-0.00278861800723007
0
0
0
0
0
247.526896775611
0
0
0
0
0
0
0
0
0
0
0
0
0
0
0
-1000
-465.456820963282
465.456820963282
0.00278861800724422
0
0
0
0
-0.0195203260507242
0
0
0
0
0
0
-1000
0
1000
0
0
0
0
0
0
0
0
0
0
0
0
0
0
0
0
0
0
0
0
0
0
0
0
0
0
0
0
0
0
0
0
0
0
0
0.00278861800724422
0
0
0
1000
0
0
0
0
1.50783674116147
0
0
0
0
0.00417080258474788
1000
0
-310.929739235723
0
0
0
0
0
0
0
0
0
0
0
0.00278861800723007
1000
185.858417316537
0
-1.50783674116144
676.066488574423
0
0
1000
0
1000
0
0
0
0
0
0.00278861800734376
0
0
1000
0
689.070260764277
0
0
1000
0
0
-700.470943213616
0
0
-1000
0
-1000
1000
0
0
0
0
0
0
0
0
0
0
0
-1000
1000
0
0
0
0
1000
1000
0
0
0
1000
0
0
1000
0
998.497740494853
0
0
0
0
0
0
0
0
0
0
0.753918370580737
0
0.00278861800724422
-0.00278861800723007
0.00278861800724422
0.00278861800724422
0
0
0.00278861800723007
0
0
0
0.753918370580777
0
0
-0.00836585402169021
-1000
-998.497740494853
-1000
1000
-1000
1000
0
0
-1000
0
-1000
-1000
0
0
0
0
0
0
0
0
0
0
0
0
0
0
0
0
0
0
0
0
0
0
0
0
0
1000
0
0
0
0
0
0.00139026752824929
0
700.470943213616
0
0
0
0
0
0
0.00278861800724422
0
0
0
0
0
0
0
1.44755211333529
0
0
-840.239513128061
0
209.697990253681
0
0
0
0
0
0
0
0
0
0
0
1000
0
0
0
840.239513128061
0
0
0
0
0
0
0
0
0
0
0
0
0
0
0
0
0
0
0
0
0
0
0
0
0
0
0
1.79845654090389
0
0
0
0
0
0
0
0
0
0
0
0
0
0
0
0
0
0
0
0
0
0
0
0
0
0
0
0
0
0
0
0
0
0
0
0
0
0
0
0
0
0
0
0
0
0
0
0
0
0
0
0
0
0
0
0
0
0
0
0
0
0
0
0
0
0
0
0
0
0
0
0
0
0
0
0
0
0
0
0
0
0
0
0
0
0
0
0
0
0
0
0
0
0
0
0
0
0
0
0
0
0
0
0
0
0
0
0
0
0
0
0
-999.981223305418
0
0.00139026752822247
0
0.0153010257614596
0
0
-0.0187766945821295
0
1000
0.00347566882066985
0
0
0
0
0
0
0
0
0
0
0
0
0
0
0
0
0
0.00278861800724422
0.00278861800724422
0.00278861800724422
-1000
-1000
0
-195.705880470043
-393.049984808564
0
0
0
0
0
0
-1000
-1000
0
0
0
0
0
0
0
0
0
0
-1000
0
999.847626093333
-0.152373906666867
-1000
-1000
0.305934371983994
0
-1000
-1000
0
0
0
0
0
0
0
0
0
0
-1000
0
1000
0.305441237092986
0.00278861800724422
0.00278861800724422
0.00278861800724422
0.00278861800724422
0.00278861800724422
0
0
0
1000
8.34247139001155
0
0
0
0
0
0
0
0
0
0
0
0
0
0
-1000
0
0
0
0
0
0
0
1000
-1000
0
1000
1000
1000
-1000
0
0
0
0
0
0
0
0
0
209.697990253681
0
0
0
0
0
0
0
0
0
0
0
0
0
0
0
0
0
0
0
0
0
0
0
0
0
4.41884329333944
0
0
0
0
0
1.44755211333533
0
0
0
0
0
-194.108196809363
0
0
0
0
0
0
0
0
0
-1000
0
0
0
0
0
0
0
323.933511425577
1000
-1000
-1000
-1000
-1000
1000
0
0.00765455435611674
0
0
0
0
34.5944378210766
-1000
-1000
97.0497585717558
247.526896775611
0
0
0
999.983268291956
11.2474960147915
0
0
0
0
0.448477133487751
0.448477133487751
0
-999.97983303789
0
0
0
0
0
0
0.283091878281305
0
1000
0
0
0
0
0
0
0
1000
0.00278861800724422
0
0
0
0
0
0
0
0
1000
0
0
995.581156706661
0
0
0
1000
0
0
0
-901.317282056053
0
-1000
0
0
0
-1000
-1000
0
0
0
0
-93.0067899206055
0
1000
92.8544160139386
-1000
1000
-717.134376413106
717.134376413106
0
0
-750
0
0
0
0
-628.168710784368
-1000
0
0
628.285953984934
0
0
0
0
0.0040859316019187
0
0
0
0
0
0
0
0
998.497740494853
0
1000
0
0
0
0
0
0
0
0
0
0
-1000
0
0
-1000
0
-1000
-1000
1000
0
0
0
0
0
0
0
-1000
0
0
-1000
0.00139026752824929
0.00139026752824929
0
-1000
33.0847264766016
804.349735483102
0
0
406.656185813343
0
0
0
0
0
0
0
0
0
0
0
0
0
0
0
0
0
0
0
0
0
0
0
0
0
-0.0153010257614596
0
0
0
0
0
0
0
0
0
0
0
0
0
0
0
0
0
0
0
0
0
0
0
0
0
0
0
0
0
0
0
0
0
0
0
0
0
0
0
0
0
0
0
0
0
-1000
0
-1000
0
0
0
0
0
0
-1000
0
0
0
0
0
0
0
0
0
0
0
901.46965596272
0
0
0
0
0
0
0
0
0
0
0
0
0
1000
0
0
0
-1000
0
0
0
0
0
0
0
0
0
0
0
0
0
0
0
92.8544160139385
0
0
0
0
0
0
0
0
0
0
0
0
0
0
0
0
0
0
0
0
0
0
0
0
92.8544160139385
0
0
0
0
0
0
0
0
0
0
0
0
0
0
0
0
0
0
0
0
0
0
0
0
0
0
0
0
0
0
0
0
0
0
0
0
0
0
0
0
0
0
0
0
0
0
0
0
0
0
0
0
0
0
0
0
0
0
0
0
0
0
0
0
0
0
0
0
0
0
0
0
0
0
0
0
0
0
0
0
0
0
0
0
0
0
0
0
0
0
0
0
0
0
0
0
0
0
0
0
0
0
0
0
0
0
0
0
0
0
0
0
0
0
0
0
0
0
0
0
0
0
0
0
0
0
0
0
0
0
0
0
0
0
0
0
0
0
0
0
0
0
0
0
0
-1000
0
0
0
0
0
0
0
0
0
0
0
0
0
0
0
0
0
0
0
0
0
0
333.333333333333
0
0
0
0
-302.149339013407
0
-285.830390831686
1000
-714.042595701035
0
-1000
0
-965.405562178923
663.703147235278
0
0
0
0
1000
0.0167317080434653
0
0
0
0
0
0
0
0
0
0
0
0
0
0
0
0
0
0
0
0
0
0
0
0
0
0
0
0
0
0
0
0
0
0
0
0
0
0
0
0
0
0
0
0
0
0
0
0
0
0
0
0
0
0
0
0
0
0
0
0
0
0
0
0
0
0
0
0
0
0
0
0
0
0
0
0
0
0
0
0
0
0
0
0
0
0
0
0
0
0
0
0
0
0
0
0
0
0
0
0
0
0
0
0
0
0
0
0
0
0
0
0
0
0
0
0
0
0
0
0
0
0
0
0
0
0
0
0
0
0
0
0
0
0
0
0
0
0
0
0
0
0
0
0
0
0
0
0
0
0
0
0
0
0
0
0
0
0
0
0
0
0
0
0
0
0
0
0
0
0
0
0
0
0
0
0
0
0
0
0
0
0
0
0
0
0
0
0
0
0
0
0
0
0
0
0
0
0
0
0
0
0
0
0
0
0
0
0
0
0
0
0
0
0
0
0
0
0
0
0
0
0
0
0
0
0
0
0
0
0
0
0
0
0
0
0
0
0
0
0
0
0
0
0
0
0
0
0
0
0
0
0
0
0
0
0
0
0
0
0
0
0
0
0
0
0
0
0
0
0
0
0
0
0
0
0
0
0
0
0
0
0
0
0
0
0
0
0
0
0
406.656185813343
0
0
0
0
0
0
0
0
0
0
0
-1000
0
0
0
0
0.00278861800723007
-986.277786696592
0
0
0
0
0
0
0
0
0
0
0
0
0
0
0
0
0
0
0
0
0
0
0
0
0
0
0
0
0
0
0
0
0
0
0
0
0
0
0
0
0
0
0
0
0
0
0
0
0
0
0
0
0
0
0
0
0
0
0
0
0
0
0
0
0
0
0
0
0
0
0
0
0
0
0
0
0
0
0
0
0
0
0
0
0
0
0
0
0
0
0
0
0
0
0
0
0
0
0
0
0
0
0
0
0
0
0
0
0
0
0
0
0
0
0
0
0
0
0
0
0
0
0
0
0
0
0
0
0
0
0
0
0
0
0
0
0
0
0
0
0
0
0
0
0
0
0
0
0
0
0
0
0
0
0
0
0
0
0
1000
13.7552907855113
0
0
0
0
0
0
0
1000
0.00278861800723007
0
0
-1000
1000
0
0
0
0
0
0
13.4022665376229
0
0
0
0
0
0
0
0
0
0
0
1000
-1000
0
0
0
0
0
0
0
0
0
0
0
0
0
0
0
0
0
0
0
0
0
0
0
0
0
0
0
0
0
0
0
0
0
0
0
0
0
0
0
0
0
0
0
0
0
0
0
0
0
0
0
0
0
0
0
0
0
0
0
0
0
0
0
0
0
0
0
0
0
0
0
0
0
0
0
0
0
0
0
0
0
0
0
0
0
0
0
0
0
0
0
0
0
0
0
0
0
0
0
0
0
0
0
0
0
0
0
0
0
0
0
0
0
0
0
0
0
0
0
0
0
0
0
0
0
0
0
0
0
0
0
0
0
0
0
0
0
0
0
0
0
0
0
0
0
0
0
0
0
0
0
0
0
0
0
0
0
0
0
0
0
0
0
0
0
0
0
0
0
0
0
0
0
0
0
0
0
0
0
0
0
0
0
500.001739855148
67.3579228802952
-383.901163292765
2.96639662557186
0
0
-0.753918370580777
0
0
359.522913373575
14.8995725411213
32.5675557126227
0.0808295074563542
67.3579228802952
0
0
0
0
0
0
0
0
0
0
0
0
0
0
0
0
0
0
0
0
0
0
0
0
0
492.533738408175
-1000
0
-902.950241428244
-97.0497585717557
689.06747214627
0
0
0
-1000
-209.697990253681
0
420.11975656403
0
-1.44755211333529
0
13.4280349846
0
0.00278861800724422
0
0.00904482188436603
0
0
0
0
0
0
0
0
0
0
0
0
0
0
0
0
0
0
302.55240626762
0
0
0
0
465.475597657864
-72.9490078167674
-3.19985204000443
0
-8.27528455862785
-16.2231018393809
-1000
-25.9441433831266
-8.10190863303023
-1000
-20.4980970271361
-3.55589210677374
-24.2667728122885
1000
-1000
0
0
0
0
-1000
562.03121242978
-13.5211903183642
-612.616103180922
-10.2812472846529
-7.95362016580884
-18.456424498296
-15.1996487465711
292.362841008111
-415.720246990646
0
-75.2280562685903
-695.245806004344
-97.0497585717557
0
0
0
0
999.858772951786
-1000
0
0
0
0
0
0
1000
689.070260764277
0
0
0
0
0
0
0
0
0
-0.00278861800723007
-0.00278861800723007
0
0
0
0
0
0
0
0
0
0
0
0
0
0
0
0
0
0
495.23744212375
0
516.306001702484
0
0
1000
-1000
247.526896775611
-0.00278861800723007
-0.00278861800723007
-0.768594314817619
13.7525021675042
0
0
-0.00278861800723007
0
-0.00278861800723007
-304.754193995656
0
0
-0.00278861800723007
0
0
1000
-0.00278861800723007
0
0
0
0
0
0
0
0
0
0
0
1000
0
0
0
0
0
1000
0
0
0
0
0
0
0
0
0
0
0
-1000
0
1000
0
0
-0.00278861800723007
0
0
0
0
0
0
0
0
0
0
0
0
0
0
-0.0195203260507242
-2.50089796608177
-0.305967302470776
-502.049186641925
-1000
0
0
0
0
0
-497.950813358075
0
0
0
1.89780678283535
0
0
0
0
0
0
906.438714911071
0
0
0
0
-658.787593286188
-1000
1000
304.754193995656
0
593.038261932652
0
0
0
0
465.456820963282
0
-1000
0
0
0
-1000
-1000
0
0
0
0
0
-13.4412506090694
0
0
0
0
-1000
-1000
1000
0
0
0
0
0
0
1000
0
-1000
493.690599866495
0
0
-465.456820963282
0
0
0
0
0
0
0
0
1000
0
-0.54860969909555
-0.152373906666867
-41.255235230057
-1000
-2.24751512333648
-14.9935287809259
0
-8.19009748334463
-4.38074981667273
-0.152373906666867
0
0
219.68355338057
0
-0.152373906666867
0
-0.304747813333734
-0.152373906666867
0
-1.10471082333481
0
-0.152373906666867
-57.0599421151436
-59.3127297287322
0
-11.2474960147915
0
-0.283091878281311
-0.152373906666867
-0.956422848269881
0
-0.152373906666867
-0.152373906666867
-1.59992602000216
-0.152373906666867
0
0
-9.5233691666798
0
0
0
-1000
1000
0
0
-1000
1000
-0.00278861800723007
0
750
-750
0
0
0
-1000
0
0
0
0
0
0
0
0
0
0
0
0
0
0
0
0
0
0
0
1000
-1000
1000
-1000
-33.0847264766015
33.0847264766016
-804.349735483102
804.349735483102
804.349735483102
0
0
1000
-0.152373906666867
-0.152373906666867
0
0
0
0
0
-714.169609168314
714.042595701035
1000
0.0167317080434941
0
0
0
0
0
-1000
0
0
0
0
0
0
0
0
0
0
0
0
0
0
0
0
0
0
0
0
0
0
0
0
0
0
0
0
0
0
0
0
0
0
0
0
0
0
0
0
0
0
0
0
0
0
0
0
0
0
0
0
0
0
0
0
0
0
0
0
0
0
0
0
0
0
0
0
0
0
0
-0.152373906666867
0
0
0
0
0
0
0
0
0
0
0
0
0
0
0
0
0
0
0
0
0
0
0
0
0
0
0
0
0
0
0
0
0
0
0
0
0
0
0
0
0
0
0
0
0
0
0
0
0
0
0
0
0
0
0
0
0
0
0
0
0
0
0
0
0
0
0
0
0
0
0
0
0
0
0
0
0
0
0
0
0
0
0
0
0
0
0
0
0
0
0
0
0
0
0
0
0
0
0
0
0
0
0
0
0
0
0
0
0
0
0
0
0
0
0
0
0
0
0
0
0
0
0
0
0
0
0
0
0
0
0
0
0
0
0
0
0
0
0
0
0
0
0
0
0
0
0
0
0
0
0
0
0
0
0
0
0
0
0
0
0
0
0
0
0
0
0
0
0
0
0
0
0
0
0
0
0
0
0
0
0
0
0
0
0
0
0
0
0
0
0
0
0
0
0
0
0
0
0
0
0
0
0
0
0
0
0
0
0
0
0
0
0
0
0
0
0
0
0
0
0
0
0
0
0
0
0
0
0
0
0
0
0
0
0
0
0
0
0
0
0
0
0
0
0
0
0
0
0
0
0
0
0
0
0
0
0
-1000
0
1000
0
0
0
986.277786696592
0
0
0
0
0
0
0
0
0
0
0
0
0
0
0
0
0
0
13.4022665376229
0
0
0
0
0
0
0
-1000
0
-13.7552907855113
-0.00278861800723007
0
0
0
0
0
0
0
0
-621.887594965097
0
0
0
0
0
0
0
0
0
0
0
0
0
0
0
0
0
0
0
0
0
0
0
0
0
0
0
0
0
0
0
0
0
0
0
0
0
0
0
0
0
0
0
0
0
0
0
0
0
0
0
0
0
0
0
0
0
0
0
0
0
0
0
0
0
0
0
0
0
0
0
0
0
0
-1000
1000
1000
0
0
-0.152373906666867
-0.152373906666867
-0.152373906666867
0
-0.152373906666867
0
0
-0.152373906666867
-0.152373906666867
-0.152373906666867
-0.152373906666867
0
-0.152373906666867
-0.151187348016606
-0.152373906666867
-0.152373906666867
-0.152373906666867
-0.152373906666867
-0.152373906666867
0
-0.152373906666867
-0.152373906666867
-0.152373906666867
0
-1000
67.3579228802951
0
1000
0
0
0
0
0
0
0
0
0
0
0
