0
0
0
0
0
0
0
900.689508948274
-1000
0
58.077681303791
0
52.1176489097468
0
0
0
999.826191805329
-999.826191805329
999.960109594666
0
0.0398904053343101
0
-1000
-51.866909219074
0
1000
50.4465644575218
0
-539.85479413172
0.0164276102688433
0
0
0
0
0
0
0.0219683044770633
0
0
0
23.9377790615996
0
0
0
0
0
465.456820963282
0
465.456820963282
0
465.456820963282
0
465.456820963282
0
465.456820963282
0
465.456820963282
0
0
465.456820963282
0
0
0
0
0
0
0
0
0
539.85479413172
0
0
0
0
0
0
0
0
0
0
539.85479413172
0
-1000
0
258.197746742974
0
0
0
0
0
0
0
0
0
0
0
0
0
0
0
0
0
0
0
0.00243974409933585
0
941.922318696209
0
0
0
0
0
0
0
0
0
0
0
0
0
0
0
0
0
0
0
0
0
0
0
0
0
0
98.1679158703651
0
0
1000
0
0
0
0
0
0
1000
0
0
0
-0.0243974409933116
0
0
0
0
-1000
0
0
0
0
0
0
-204.581358318524
-306.866338848453
1000
-102.290679159262
0
0
0
-1000
-102.290679159262
-102.290679159262
1000
-1000
0
0
1000
0
0
0
0
0
1000
-1000
0
0
0
0
0
-2.68362127309126
0
0
0
0
0
0
999.997560255901
-997.19996639614
-1000
0
0
0
1000
963.539680284504
0
0
0
999.997560255901
0
0
0
0
0
-2.68647058775809
0
661.703423545983
0
0
0
0
1000
0
0
0
0
0
0
-1000
0
0
-1000
662.644649121929
0
0
0.314691630203924
0
0
0
337.040659247868
0
-1000
0
0
0
-1000
0
0
0
0
0
0
0
0
0
0
0
0
-1000
0
-1000
1000
-1000
-1000
1000
620.413469150091
669.604304391408
-1000
-1.72387839301734
-0.659598371389279
999.685308369796
0
0
-0.472037445306341
993.879775225127
1000
-1000
1000
0
0
1000
0
0.122520530669667
0
-0.122520530669703
0
0.0012163361886544
0
0
0
0
0
0
0
0
999.826191805329
0
0
0
0
0
0
0
6.12022477487272
993.879775225127
0
1000
0.320390259537663
0
0
1000
0
-0.122520530669703
0
-6.59226222017901
330.448397027688
0
6.59226222017901
0
0
0
6.12022477487267
0
0
0
-1000
0
0
0
-547.664950676636
337.040659247867
0
-1000
-0.659598371389279
0
6.12266451897193
0
1.47571988088498
0
0
0
0
0
0
0
0
0
6.12022477487267
0
0
0
1.57345815102095
0
6.62384629867995
0
0
0
0
0
0
0
0
-451.909234421157
621.464948097468
-661.700574231316
-0.00121633618869055
1000
1000
0
-1000
-1000
-1000
1000
-1000
-1000
1000
1000
0
-1000
0
0
0
0
-1000
0
1000
1000
-993.879775225127
-1000
-1000
0
0
-1000
0
0
0
0
0
0
0
0.659598371389334
-709.667534828297
-1000
1000
-1000
1000
-1000
-1000
-1000
-1000
1000
1000
1000
1000
-0.314691630204152
0
-1000
0
1000
-1000
-746.377330441499
1000
1000
-1000
1000
1000
0
0
0
1000
-1000
337.830237638045
0
0
693.133661151547
0
0
0
-236.277779224972
1000
0
0
0
-20.0758409454016
0
0
0
0
0
0
0
0
763.722220775028
0
763.722220775028
0
0
0
763.722220775028
0
0
0.00243974409933585
0
763.724660519127
-763.724660519127
0
0
0
0
0
0
0
0
0
0
0
0
0
0
0
0
0
0
0
0
0
0
0
0
0
0
0
0
0
0
0
0
0
0
0
0
0
0
0
0
0
0
0.0024397440993198
1000
1000
0.0712328666684243
0.0712328666684243
0
461.961729123644
0
0
0
0
0
0
0
0
0
0
0
0
0
0
0
0
0
0
0
0
0
0
0
0
0
0
0
0
0
0
0
0
0
0
0
0
0
0
0
0
0
0
0
0
0
0
0
0
0
0.111123272002721
0
0
0
-1000
0
0
0
0
0
0
1000
0
0
0
0
0
0
0
0
0
0
0
0
0
0
0
0
0
0
0
0
0
0
0
0
0
-1000
0
0
0.111123272002721
0
0
0
0
0
0
0
0
0
54.1041393588291
0
0
0
0
0
0
0
0
0
0
0
0
0
0
0
0
0
0
0
0
0
0
0
0
0
0
0
0
0
0
-748.406521566711
0
0
0
0
0
0
0
0
0
0
0
0
0
0
0
0
0
0
0
0
0
0
0
0
0
0
0
0
0
0
0
0
0
0
0
0
0
1000
0
0.00284931466673644
0
0
0
1000
0.515725954679295
0.515725954679295
0
0
0
0
0
0
0
0
0
0
0
0
0
0
0
0
0
0
0
0
0
0
0.00243974409933585
0
0
0
0
0
-1000
0
0
0
-1000
0
0
-1000
0
0
0
0
1.48164362670295
0
0
1.48164362670295
0
0
0
0
0
0
0
0
0
0
1.48164362670295
0
1.48164362670295
0
0
0
8.83869490480106
25.194998643223
16.1046682962923
11.7954113498235
17.4886632280049
5.75616073871386
13.4624961539319
24.6288188984314
22.6786442219273
7.17161010069268
13.9028581776586
28.6549859725045
22.6157353613949
6.9828835190955
11.5752303379601
16.0417594357599
20.7913784059555
16.8281201924148
3.0825341660872
20.9801049875527
0
0
0
0
0
0
0
0
0
0
0
0
0
0
0
0
0
0
0
0
0
0
0
0
0
0
0
0
0
0
0
0
0
0
0
0
0
0
0
0
0
0
0
0
0
0
0
0
0
0
0
0
0
0
0
0
0
0
0
0
0
0
0
0
0
0
0
0
0
0
872.812151407403
0
0
0
0
0
0
0
0
0
0
0
0
0
0
0
0
0
0
0
0
0
0
0
-1000
0
755.366151557949
0
0
-378.535051902532
-378.535051902532
1000
1000
482.74704143978
0
0
0
0
248.380763622021
0
-20.0758409454016
-731.230380389804
-731.230380389804
-1000
0
-248.38320336612
0
-248.462984176789
1000
731.133503691135
1000
1000
0
0
751.619236377979
0
-1000
-1000
-1000
0
751.61679663388
0
0
0
248.38320336612
0
0
0
0
0
0
0
0
0
0
0
-1000
373.076865243148
1000
1000
0
500
750.001011550905
2.50853556848666
5
0
0
0
0
0
0
349.261576077527
0
0
0
0.208859280796219
0.00161385149363014
6.94457108647384
-0.208859280796219
-0.208859280796219
0.208859280796219
0.00161385149363014
115.916900841895
383.82059582206
0.208859280796219
0.00161385149363014
-0.00161385149363014
0.00161385149363014
0.607962139836332
-0.208859280796219
0.100865718349723
0
-999.998386148506
0.208859280796219
-0.208859280796219
0.00161385149363014
0.00161385149363014
-0.00161385149363014
0.00161385149363014
-0.00322770298714659
0.00161385149363014
0.00161385149363014
0.00161385149363014
0.00161385149363014
0.00161385149363014
0.00161385149363014
0.00161385149363014
0.00161385149363014
0.00161385149363014
0.00161385149363014
0.00161385149363014
0.0338908813655507
0.00651181635032572
0.0463982304409001
0.0468016933142508
0.0238043095305329
-0.00161385149363014
-0.00161385149363014
0.125549448602101
-0.00161385149363014
-0.00161385149363014
-0.00161385149363014
-0.00161385149363014
0.772631402559
0.0117004233285343
0.086744517780744
0.436950291891094
-0.00773828956960187
-0.00161385149363014
-0.00161385149363014
-0.0153315891891452
-0.00161385149363014
-0.00161385149363014
0.00161385149363014
0
0
0
0
0
0
0
0
0
0
0
0
0
0
0
0
0
0
0
0
0
0
0
0
0
0
0
0
0
0
0
0
0
0
0
0
0.0035747554846921
0
0
0
0
0
0
0
0
0
0
0
0
0
0
0
0
0
0
0
0
0
0
0
0
0
0
0
0
0
0
0
0
0
0
0
0
0
0
0
1000
0
0
0
0
0
0
0.00161385149359594
0
0
0
0
0
0
0
0
0
0
0
0
0
0
0
0
0
0
0
0
0
0
0
0
0
0
0
0
0
0
0
0
0
0
0
0
0
0
0
0
0
0
0
0
0
0
0
0
0
0
0.00161385149359594
0.00161385149359594
0.00161385149359594
0.00161385149359594
0
0
0
0
0
0
0
0
0
0
0
0
0
0
0
0
0
0
0
0
0
0
0
0
0
0
0
0
0
0
0
0
0
0
0
0
0
0
0
0
0.207245429302611
0.207245429302611
0.207245429302611
11.346687254318
0
0
0
0
0
0
0
0
0
0
0
0
0
0
0
0
0
0
0
0
0
0
0
0
0
0
0
0
0
0
0
0
0
0
0
0
0
0
0
0
0
0
0
0
0
0
0
0
0
0
0
0
0
0
0
0
0
0
0
0
0
0
0
0
0
0
0
0
0
0
0
0
0
0
0
0
0
0
0
0
0
0
0
0
0
0
0
0
0
0
0
0
0
0
0
0
0
0
0
0
0
0
0
0
0
0
0
0
0
0
0
0
0
0
0
0
0
0
0
0
0
0
0
0
0
0
0
0
0
0
0
0
0
0
0
0
0
0
0
0
0
0
0
0
0
0
0
0
0
0
0
0
0
0
0
0
0
0
0
0
0
0
0
0
0
0
0
0
0
0
0
0
0
0
0
0
0
0
0
0
1000
0
0
0
1000
0
0
0
0
0
0
0
0
0
0
0
0
0
0
0
0
0
0
1000
0
0
0
0
0
0
0
0
0
0
0
0
0
0
0
0
0
0
0
0
0
0
0
0
0
0
1000
0
0
0
0
0
0
0
0
0
0
0
0
0
0
0
0
0
0
0
0
0
0
0
0
0
0
0
0
0
0
0
0
0
0
0
0
0
0
0
0
0
0
0
0
0
0
0
0
0
0
0
0
0
0
0
0
0
0
0
0
0
0
0
0
0
0
0
0
0
0
0
0
0
0
0
0
1000
1000
0
0
0
0
0
0
0
0
0
0
0
0
0
0
0
0
0
0
0
0
0
0
-1000
0
-1000
0
0
0
0
0
0
0
0
0
0
0
1000
1000
0
0
0
0
0
0
0
0
0
0
0
0
0
0
0
0
0
0
0
0
0
0
0
0
0
0
0
0
0
0
0
0
0
0
0
0
0
0
0
0
0
0
0
0
0
0
0
0
0
0
0
0
0
0
0
0
0
0
0
0
0
0
0
0
0
0
0
0
0
0
0
0
0
0
0
0
0
0
0
0
0
0
0
1000
-223.610228806558
0
0
0.207245429302588
0
1000
0
0
0
0
867.983663488717
-0.207245429302588
372.385550198468
0
0
0
0.0035747554846921
-0.416104710098807
0
0
1000
0
0
0
0
0
0
0
0
0
0
0
0
0
-1000
0.0035747554846921
0
0
0
-0.0133867697971937
0
0
0
0
0
0
0
0.0133867697971937
0
0
0
0
0
349.261576077527
-1000
1000
-124.089198840458
-124.089198840458
0
226.934248636648
1000
-0.0146384645960325
0
0
0.207245429302588
-0.207245429302588
0
0
7.51264681221971
-7.51264681221971
1000
0
0
0
0
0
1000
0
1000
-867.983663488717
-1000
0
-627.614449801532
-372.385550198468
-1000
0
0
0
0
0
-1000
0
-1000
0
0
0
0
0
-1000
0
0
0
-1000
0
0
0
-1000
0
0
0
0
0
0
0
0
0
0
0
0
0
0
0
0
0
0
0
-1000
1000
-1000
0
-1000
0
-1000
0
-13.6568489444348
0
0
0
0
0
0
0
0
0
-1000
0
-1000
0
-1000
0
-1000
0
-1000
0
-1000
0
0
0
0
0
0
0
0
0
-324.482868288795
-675.517131711205
225.172377237068
-225.172377237068
0
0
0
0
0
0
0
0
0
0
0
0
0
0
0
0
0
0
0
0
0
0
0
0
0
0
0
0
0
0
0
0
0.0035747554846921
-0.0035747554846921
0
0
0
0
0
0
0
0
0
0
0
0
0
0
0
0
0
0
0
0
0
0
0
0
0
0
0
0
0
0
0
0
0
0
0
0
0.0035747554846921
-0.0035747554846921
0
0
0
0
0
0
0.0133867697971937
0.0133867697971937
0
0
0
0
0
0
0
0
0
0
0
0
0
0
0
0
-0.0133867697971937
-0.0133867697971937
0
0
0
0
0
0
0
0
0
0
0
0
0
0
0
0
0
0
0
0
0
0
0
0
0
0
0
0
0
0
0
0
0
0
0
0
0
0
0
0
0
0
0
0
0.799078659410398
0.00243974409933585
0
0
0
0
0
0
0
0
0.100541029299394
0
0
0
0
0
0
0
0
0
0
0
0
0
0
0
0
0
0
0
0
0
0
0
0
0
0
0
0
0
0
0
0
0
0
0
0
0
0
0
0
0
0
0
0
0
0
0
0
0
0
0
0
0
0
0
0
0
0
0
0
0
0
0
0
0
131.809091081981
131.809091081981
131.809091081981
0
124.296444269761
124.296444269761
0
0
0
0
0
0
0
0
0
0
0
0
0
0
0
0
0
0
0
0
0
0
0
0
0
0
0
0
0
0
0
0
0
0
0
0
0
0
0
0
0
0
0
0
0
0
0
0
0
0
0
0
0
0
0
0
0
0
0
0
0
0
0
0
0
0
0
0
0
0
0
0
0
0
0
0
0
0
0
0
0
0
0
0
0
0
0
0
0
0
0
0
0
0
0
0
0
0
0
0
0
0
0
0
0
0
0
0
0
0
0
0
0
0
0
0
0
0
0
0
0
0
0
0
0
0
0
0
0
0
0
0
0
0
0
0
0
0
0
0
0
0
0
0
0
0
0
0
0
0
0
0
0
0
0
0
0
0
0
0
0
0
0
0
0
0
0
0
0
0
0
0
0.00243974409933585
0.00243974409933585
0.00243974409933585
0.00243974409933585
0.00243974409933585
0
0
0
0
0
0
0
0
0
0
0
0
0
0
0
0
0
0
0
0
0
0
0
0
0
0
0
0
0
0
0
0
0
0
0
0
0
0
0
0
0
0
0
0
0
0
0
0
0.0243974409933585
0.0243974409933585
-0.0243974409933116
0.00243974409933585
0
0
0
0
0
0
0
0
0
0
0
0
0
0
0
0
0
0
0
0
0
0
0
0
1.66037904369623
0
1.65551369894161
0
0
0
0
0
0
0
0
0
0
0
0
0
0
0
0
0.0243974409933585
0.0243974409933585
0.00243974409933585
0.00243974409933585
0
0
0
0
0
0
0
0
0
0
0
0
0
0
0
0
0
0
0
0
0
0
0
0
0
0
0
0
0
0
0
0
0
0
0
0
0
0
0
0
0
0
0
0
0
0
0
0
0
0
0
0
0
0
0
0
0
0
0
0
0
0
0
0
0
0
0
0
0
0
0
0
0
0
0
0
0
0
0
0
0
0
0
0
0
0
0
0
0
0
0
0
0
0
0
0
0
0
0
0
0
0
0
0
0
0
0
0
0
0
0
0
0
0
0
0
0
0
0
0
0
0
0
0
0
0
0
0
0
0
0
0
0
0
0
0
0
0
0
0
0
0
0
0
0
0
0
0
0
0
0
0
0
0
0
0
0
0
0
0
0
0
0
0
0
0
0
0
0
0
0
0
0
0
0
0
0
0
0
0
0
0
0
0
0
0
0
0
0
0
0
0
0.799078659410398
516.443385734381
516.443385734381
0
6.51303158040696
6.51303158040696
0
-522.956417314788
0
6.51303158040696
0
515.64430707497
0
0
0
0
6.51303158040696
0
6.51303158040696
6.51303158040696
0
0
0
0
0
0
0
0
0
0
0
0
0
0
0
0
0
0
0
0
0
0
0
0
0
0
0
0
0
0
0
0
0
0
0
0
522.956417314788
0
0
0
0
0
0
0
0
0
0
0
0
0
0
0
0
0
0
0
0
0
0
0
0
0
0
0
0
0
0
0
0
0
0
0
0
0
0
0
0
0
0
0
0
0
0
0
0
0
0
0
0
0
0
0
0
0
0
0
0
0
0
0
0
0
0
0
0
0
0
0
0
0
0
0
0
0
0
0.799078659410398
0.00243974409933585
0
0
0
0
0
0
0
1.05196815357943
0
0
0
0.659598371389334
0.659598371389334
0.659598371389334
0
0
0
0
0
0
0.902059432809128
0
0
0
0.00243974409933585
0
0
0
0
-0.902059432809097
0.902059432809128
0
0
0
0
0
0
0
0
0
0
0.156605641529929
0
0.149908720770303
0
0
0
0
0
0
0
0
0
0
7.35465219640044
7.35465219640044
7.35465219640044
0
0
0
0
-0.100541029299393
0
0
0
0
0
0
0
0
0
0
0
0
0
0
0
0
0
0
0
0
0
0
0
0
0
0
0
0
0
0
0
0
0
0
0
0
0
0
0
0
0
0
0
0
0
0
0
0
0
0
0
0
0
0
0
0
0
0
0
0
0
0
0
0
0
0
0
0
0
0
0
0
0
0
0
0
0
0
0
0
0
0
0
0
0
0
0
0
0
0
0
0
0
0
0
0
0
0
0
0
0
0
0
0
0
0
0
0
0
0
0
0
0
0
0
0
0
0
0
0
0
0
0
0
0
0
0
0
0
0
0
0
0
0
0
0
0
0
0
0
0
0
0
0
0
0
0
0
0
0
0
0
0
0
0
0
0
0
0
0
0
0
0
0
0
0
0
0
0
0
0
0
0
0
0
0
0
0
0
0
0
0
0
0
0
0
0
0
0
0
0
0
0
0
0
0
0
0
0
0
0
0
0
0
0
0
0
0
0
0
0
0
0
0
0
0
0
0
0
0
0
0
0
0
0
0
0
0
0
0
0
0
0
0
0
0
0
0
0
0
0
0
0
0
0
0
0
0
0
0
0
0
0
0
0
0
0
0
0
0
0
0
0
0
0
0
0
0
0
0
0
0
0
0
0
0
0
0
0
0
0
0
0
0
0
0
0
0
0
0
0
0
0
0
0
0
0
0
0
0
0
0
0
0
0
0
0
0
0
0
0
0
0
0
0
0
0
0
0
0
0
0
0
0
0
0
0
0
0
0
0
0
0
0
0
0
0
0
0
0
0
0
0
0
0
0
0
0
0
0
0
0
0
0
0
0
0
0
0
0
0
0
0
0
0
0
0
0
0
0
0
0
0
0
0
0
0
0
0
0
0
0
0
0
0
0
0
0
0
0
0
0
0
0
0
0
0
0
0
0
0
0
0
0
0
0
0
0
0
0
0
0
0
0
0
0
0
0
0
0
0
0
0
0
0
0
0
0
0
0
0
0
0
0
0
0
1000
0
0
0
0
293.125045444971
0
0
0
0
0
0
0
0
0
0
0
0
0
0
0
0
0
0
0
0
0
0
0
0
0
0
0
0
0
0
0
0
0
0
0
0
0
0
0
0
0
0
0
0
0
0
0
0
0
0
0
0
0
0
0
0
0
0
0
0
0
0
0
0
0
0
0
0
0
0
0
0
0
0
0
0
0
0
0
0
0
0
0
0.111123272002721
0.111123272002721
0
0
0
0.111123272002715
0.111123272002721
0
0
0
0
0
0.0170958880004188
0
0
0
0
0
0
0
0
0
0
0
0
0
0.672438261349271
0
0
0
0
0
0
0.672438261349271
0.672438261349271
0.672438261349271
0.672438261349271
0
0
0
0
0
0
0
0
0
0
0
0
0
0
0
0
0
0
0
0
0
0
0
0
0
0
0
0
0
0
0
0
0
0
0
0
0
460.017654986009
460.017654986009
0
0
0
0
0
0
0
0
0
0
0
0
0
0
0
0
0
0
0
0
0
0
0
0
0
0
0
0
0
0
0
0
0
0
0
0
0
0
0
0
0
0
0
0
0
0
0
0
1000
1000
-782.669679574308
0
0
0
-1000
1000
1000
0
0
0
0
-789.261941794487
1000
0
0
0
0
0
0
0
0
0
0
0
0
0
0
0
0
0
0
0
0
0
0
0
0
0
0
0
0
0
0
0
0
0
0
0
0
0
0
0
0
-1000
0
0
0
0
0
0
0
0
0
0
0
0
0
0
0
0
0
-999.997560255901
-1000
1000
-1000
1000
999.997560255901
-1000
0
0
0
0
0
0
0.0024397440993198
0
0
0
0
0
0
0
0
0
0
0
0
0
0
0
0
0
0
0
0
0
0
0.0018245042829816
0.00243974409933585
0.00669692075962625
1000
0.0012163361886544
0.0012163361886544
0.0024397440993198
0
0.000608168094345274
0.0012163361886544
0.0103530010475972
-0.00121633618869055
0.0012163361886544
0.0012163361886544
0.0012163361886544
0.0012163361886544
0.0012163361886544
-0.00121633618869055
-0.00243267237726741
0.0012163361886544
0.0012163361886544
0.00121633618869055
0.0012163361886544
-999.969549164952
-0.00365608028801034
999.968332828763
0.0024397440993198
0.0012163361886544
0.0012163361886544
0.00243974409933585
0.00243974409933585
-0.0024397440993198
-0.0024397440993198
0.0024397440993198
0.0024397440993198
0.0012163361886544
0.0012163361886544
0.0012163361886544
0.0012163361886544
-0.00365608028801034
-999.990863335141
0
0
0
0
0
0
-1000
0
0
0
0.00243974409933585
0
0
0
0
0.00121987204966793
0.0024397440993198
0.0024397440993198
0
0
0
0
0.00243974409933585
0.00243974409933585
0
0
0
0
0.00486534475461759
0.0012163361886544
0.00364900856596319
0.0012163361886544
-0.00121633618869055
0.0012163361886544
0.0012163361886544
0.0012163361886544
0.0012163361886544
0.0012163361886544
0.0012163361886544
0.00243267237730879
0.0012163361886544
0.0012163361886544
0.0012163361886544
0.0012163361886544
0.0012163361886544
0
0.0012163361886544
0.00243974409933585
0.00243974409933585
0.00243974409933585
0.00243974409933585
0.00243974409933585
0.00243974409933585
0.00243974409933585
0.00243974409933585
0.00243974409933585
0.00243974409933585
0.00243974409933585
0.00243974409933585
0.00243974409933585
0.00243974409933585
0
0
0
0
0
0
0
0
0
0
0
0
-0.0024397440993198
0
0
0
0
0
0
0
0
0
0
0
0
0
0
0
0
0
0
0
0
0
0
0
0
0
0
0
0
0
0
0
0
0
0
0
0
0
0
0
0
0
0
0
0
0
0
0
0
0
0
0
0
0
0
0
0
0
0
0
0
0
0
0
0
0
0
0
1000
450.344754474137
0
0
0
0
0
0.00243974409933585
0
0
0
0
0
0
0
0
0
0
0
0
0
0
0
0
0
0
0
0
0
0
0
-1000
0
0
0
-349.261576077527
0
0
0
0
0
0.207245429302611
0
0
0
0
0.207245429302611
0
0
0
0.207245429302611
0.207245429302611
0.207245429302611
77.6098385183433
0
12.9528393314132
0
80.6718972075351
0.207245429302588
0
0
0.207245429302611
0.207245429302611
0
0.207245429302611
0.207245429302611
0
0.205631577809015
0.207245429302611
0.207245429302611
0.207245429302611
0.207245429302611
0.207245429302611
0
0.207245429302611
0.207245429302611
0.207245429302611
0
0.207245429302611
0
0.207245429302611
0.207245429302611
4.35215401535484
1.298858688626
5.95830609245008
6.01011744977573
3.05687008221352
0.207245429302611
0.207245429302611
14.3901705667343
0.207245429302611
0.207245429302611
0.207245429302611
0.207245429302611
99.2187492786252
1.50252936244393
11.1394418250154
56.111699983682
0.738745772356365
0
0.207245429302611
0.207245429302611
1.96883157837481
0.207245429302611
0.207245429302611
0.207245429302611
0
663.703147235278
0
0
515.64430707497
1000
0
0
0
0
0
755.366151557949
-1000
1000
0
0.672438261349271
-1000
695.933694755407
-0.0024397440993198
0
459.115595553199
993.879775225127
-1000
-1000
0
0
1000
55.7197007748688
0
0
0
0
-340.295855400347
1000
0
0
0
0
-993.879775225127
-2.68647058775809
0
0
0
0
-2.13531825227426
1000
336.568621802561
-0.0024397440993198
0
0
465.473248573551
300.743674329481
1000
-1000
1000
0
0
1000
1000
0
-1000
0
0
1000
1000
-1000
-1000
0
44.0910722115768
0
0
-1000
842.247064053955
985.806511726334
236.275339480873
0
0
0
0
0
0
0
0
0
0
0
0
0
0
935.686686538416
0
0
0
0
0
0
0
0
0
0
0
0
1000
0
0
0
0
0
0
262.226765117247
0
0
-1000
-460.012064200436
1000
978.142692093253
-1000
-1000
-1000
-1000
-1000
-1000
-1000
-1000
1000
-1000
1000
-1000
-85.0912027225864
-1000
-1000
1000
-991.005002359096
-1000
-950.1387934149
1000
1000
1000
1000
1000
1000
-1000
-1000
-1000
-934.181013884541
-1000
-1000
-1000
-387.550542310761
-1000
-1000
1000
1000
1000
-1000
-1000
-1000
-1000
-1000
-1000
-1000
-1000
-978.769155321774
-1000
106.322047400812
1000
-1000
-1000
-1000
-1000
-1000
-1000
-1000
-1000
-1000
-1000
-1000
-1000
-1000
-6.95857152807616
-1000
-1000
1000
-1000
1000
1000
1000
-1000
-1000
-1000
-1000
1000
1000
1000
-1000
1000
-1000
1000
1000
1000
-1000
1000
1000
1000
-1000
-1000
1000
1000
1000
1000
-1000
-11.8296031258243
-1000
-1000
1000
-1000
-1000
-1000
-824.313409770846
-106.322047400812
1000
1000
1000
1000
1000
1000
1000
1000
-1000
1000
1000
-1000
-1000
-217.004358221028
-760.297276292242
1000
12.7982080522183
-1000
-1000
-1000
0
0
0
0
0
0
0
0
0
0
0
0
0
0
0
0
0
0
0
0
0
0
0
0
0
0
0
0
0
0
0
0
0
0
0
0
0
0
0
0
0
0
0
0
0
0
0
0
0
0
0
0
0
0
0
0
0
0
0
0
0
0
0
0
0
0
0
0
0
0
0
0
0
0
0
0
0
0
0
0
0
0
0
0
0
0
0
0
0
0
0
0
0
0
0
0
0
0
0
0
0
0
0
0
0
0
0
0
0
0
0
0
0
0
0
0
0
0
0
0
0
0
0
0
0
0
0
0
0
0
0
0
0
0
0
0
0
0
0
0
0
0
0
0
0
0
0
0
0
0
0
0
0
0
0
0
0
0
0
0
0
0
0
0
0
0
0
0
0
0
0
0
0
0
0
0
0
0
0
0
0
0
0
0
0
0
0
0
0
0
0
0
0
0
0
0
0
0
0
0
0
0
0
0
0
0
0
0
0
0
0
0
0
0
0
0
0
0
0
0
0
0
0
0
0
0
0
0
0
0
0
0
0
0
0
0
0
0
0
0
0
0
0
0
0
0
0
0
0
0
0
0
0
0
0
0
0
0
0
0
0
0
0
0
0
0
0
0
0
10.1807221128334
0
0
0
0
0
0
0
0
0
0
0
0
0
0
0
0
0
0
0
0
0
0
0
0
750.116554179409
0
0
0
0
0
0
0
0
0
0
0
0
0
0
0
0
0
0
0
0
0
0
0
0
0
0
0
0
0
0
-54.5771255935076
1000
1000
0
1000
1000
1000
1000
-1000
-1000
0
-1000
1000
1000
1000
-1000
-1000
-1000
998.857424818639
-1000
1000
1000
-1000
-1000
1000
-1000
-1000
-1000
1000
-945.422874406492
-1000
-1000
-1000
-1000
0
-1000
-1000
-1000
-1000
-1000
-1000
1000
-1000
-1000
-1000
1000
1000
945.422874406492
-1000
-1000
-1000
0
-1000
1000
-1000
0
0
0
0
0
1000
0
0
0
-1000
0
0
0
0
0
0
-1000
-1000
-0.320390259537703
0
0
0
0
0
0
1000
0
0
0
0
0
0
0
0
0
-0.0024397440993198
0.00243974409933585
0
0
-0.0024397440993198
-0.0024397440993198
0
0
0
0
0
0
0
0
0
0
0
0
0
0
0
0
0
0
0
0
0
0
0
0
0
0
0
0
0.00243974409933585
0
0
1000
-1000
0
-1000
-1000
0
0
0
0
-0.0024397440993198
0
0
0
0
0
0
0
0
0
0
0
0
0
0
1000
0
0
0
0
0
-465.456820963282
465.456820963282
0.00243974409933585
0
0
0
0
327.789809910189
0
0
0
0
0
0
-1000
0
0
737.649100500589
0
0
0
0
0
0
0
0
0
0
0
0
0
0
0
0
0
0
0
0
0
0
0
0
0
0
0
0
0
0
0
0
0
0
0
0.00243974409933585
0
0
0
0
0
1000
0
1000
0
0
1.31919674277867
0
0
0
0
1000
0
0
0
0
0
0
0
0
0
0
0
0
0
0.0024397440993198
-248.38320336612
248.38320336612
0
998.680803257222
98.167915870365
0
0
731.230380389804
0
1000
0
0
0
0
0
6.12266451897199
-6.12022477487267
0
1000
0
0
0
0
0.0024397440993198
0
0
-58.077681303791
0
0
-1000
0
-1000
1000
0
0
0
0
0
0
198.238057933162
0
0
0
0
-1000
1000
0
0
0
763.724660519127
236.275339480873
236.275339480873
0
0
0
1000
1000
0
1000
0
668.289987136828
0
0
0
0
0
0
0
0
0
0
0.659598371389334
0
0.00243974409933585
-0.0024397440993198
0.00243974409933585
0.00243974409933585
0
0
0.0024397440993198
1000
0
0
0.659598371389279
0
0
-0.00731923229795939
-1000
337.830237638045
-993.879775225127
324.27547083372
1000
-1000
0
0
-1000
-1000
1000
-1000
0
0
0
0
0
0
0
0
0
0
0
0
0
0
0
0
0
0
0
0
0
0
0
0
669.604304391408
0
0
0
0
0
0
0.0012163361886544
0
58.077681303791
0
0
0
0
0
0
0.00243974409933585
0
0
0
0
0
0
0
0
0
0
-900.689508948274
0
225.172377237068
0
0
0
0
0
0
0
0
0
0
0
1000
0
0
0
900.689508948274
0
0
0
0
0
0
0
0
0
0
0
0
0
0
0
0
0
0
0
0
0
0
0
0
0
0
0
1.57345815102099
0
0
0
0
0
0
0
0
0
0
0
0
0
0
0
0
0
0
0
0
0
0
0
0
0
0
0
0
0
0
0
0
0
0
0
0
0
0
0
0
0
0
0
0
0
0
0
0
0
0
0
0
0
0
0
0
0
0
0
0
0
0
0
0
0
0
0
0
0
0
0
0
0
0
0
0
0
0
0
0
0
0
0
0
0
0
0
0
0
0
0
0
0
0
0
0
0
0
0
0
0
0
0
0
0
0
0
0
-999.983572389731
0
0.00121633618869055
0
0.0133867697971937
0
0
-0.0164276102688063
0
1000
0.00304084047161268
0
0
0
0
0
0
0
0
0
0
0
0
0
0
0
0
0
0
0
0.00243974409933585
0.00243974409933585
0.00243974409933585
1000
-1000
0
226.934248636648
-1000
0
0
0
0
0
0
-1000
-763.724660519127
0
0
0
0
0
0
0
0
0
0
132.016336511283
0
999.792754570698
-0.207245429302588
-1000
-1000
0.416104710098807
0
-1000
-1000
0
0
0
0
0
0
0
0
0
0
-1000
0
13.6568489444348
0.267228589199236
0.00243974409933585
0.00243974409933585
0.00243974409933585
0.00243974409933585
0.00243974409933585
0
0
0
1000
0
0
0
0
0
0.207245429302611
0
0
0
0
0
0
0
0
0
-1000
0
0
0
0
0
0
0
1000
-1000
0
1000
1000
1000
-1000
0
0
0
0
0
0
0
0
0
225.172377237068
0
0
0
0
0
0
0
0
0
0
0
0
0
0
0
0
0
0
0
0
0
0
0
0
0
0
0
0
0
0
0
0
0
0
0
0
0
-984.300713997843
0
0
0
0
0
0
0
0
0
-1000
0
0
0
0
0
0
0
901.832084129635
1000
-1000
-1000
-1000
-1000
-1000
0
0.00669692075962625
0
0
0
0
-737.649100500589
-1000
-1000
0
0
0
0
0
999.985361535404
9.84036248891218
0
0
0
0
0.392369782190098
0.392369782190098
0
-999.982356053543
0
0
0
0
0
0
0.247675277794414
0
1000
0
0
0
0
0
0
0
1000
0.00243974409933585
0
0
0
0
0
0
0
0
0
1000
0
0
1000
0
0
0
1000
0
0.00364900856596319
0
0
-867.983663488717
0
-1000
0
0
0
-1000
-1000
0
0
0
0
0
0
1000
124.089198840458
-1000
1000
-419.609856068121
419.609856068121
-1000
1000
-750
0
0
0
0
-1000
-1000
0
0
0
949.857294311141
0
0
0
0
0.00357475548468357
0
0
0
0
0
0
0
0
662.169762361955
0
1000
0
0
0
0
0
0
0
0
0
-1000
1000
0
-1000
801.761942066838
-1000
-1000
198.238057933162
0
0
0
0
0
0
0
-1000
-293.125045444971
0
-1000
0.0012163361886544
0.0012163361886544
0
-1000
0
0
372.385550198468
0
0
0
0
0
0
0
0
0
0
0
0
0
0
0
0
0
0
0
0
0
0
0
0
0
-0.0133867697971937
0
0
0
0
0
0
0
0
0
0
0
0
0
0
0
0
0
0
0
0
0
0
0
0
0
0
0
0
0
0
0
0
0
0
0
0
0
0
0
0
0
0
0
0
-1000
0
-1000
0
0
0
0
0
0
-1000
0
0
0
0
0
0
0
0
0
0
0
992.48735318778
0
0
0
0
0
0
0
0
0
0
0
0
0
1000
0
0
0
0
0
0
0
0
0
0
0
0
0
0
0
0
0
0
0
124.089198840459
0
0
0
0
0
0
0
0
0
0
0
0
0
0
0
0
0
0
0
0
0
0
0
124.089198840459
0
0
0
0
0
0
0
0
0
0
0
0
0
0
0
124.296444269761
0
0
0
0
0
0
0
0
0
0
0
0
0
0
0
0
0
0
0
0
0
0
0
0
0
0
0
0
0
0
0
0
0
0
0
0
0
0
0
0
0
0
0
0
0
0
0
0
0
0
0
0
0
0
0
0
0
0
0
0
0
0
0
0
0
0
0
0
0
0
0
0
0
0
0
0
0
0
0
0
0
0
0
0
0
0
0
0
0
0
0
0
0
0
0
0
0
0
0
0
0
0
0
0
0
0
0
0
0
0
0
0
0
0
0
0
0
0
0
0
0
0
0
0
0
1000
0
0
0
0
-1000
195.038772203357
0
0
0
0
0
0
0
0
0
0
0
0
0
0
0
0
0
0
0
0
0
0
0
0
0
-602.290679159262
0
783.496896131749
216.503103868251
-999.888876727997
0
-737.649100500589
0
0
663.703147235278
0
0
0
0
672.193111881116
0.0146384645960151
0
0
0
0
0
0
0
0
0
-777.437427379448
0
0
0
0
0
0
0
777.437427379448
0
0
0
0
0
0
0
0
0
0
-1.66037904369625
0
0
0
0
0
0
0
0
0
0
0
0
0
0
0
0
0
0
0
0
0
0
0
0
0
0
0
0
0
0
0
0
0
0
0
0
0
0
0
0
0
0
0
0
0
0
0
0
0
0
0
0
0
0
0
0
0
0
0
0
0
0
0
0
0
0
0
0
0
0
0
0
0
0
0
0
0
0
0
0
0
0
0
0
0
0
0
0
0
0
0
0
0
0
0
0
0
0
0
0
0
0
0
0
0
0
0
0
0
0
0
0
0
0
0
0
0
0
0
0
0
0
0
0
0
0
0
0
0
0
0
0
0
0
0
0
-971.054383931488
0
0
0
0
0
0
0
0
0
0
0
0
0
0
0
0
0
0
0
0
0
0
0
0
0
0
0
0
0
0
0
0
0
0
0
0
0
0
0
0
0
0
0
0
0
0
0
0
0
0
0
0
0
0
0
0
0
0
0
0
0
0
0
0
0
0
0
0
0
0
0
0
0
0
0
0
0
0
0
0
0
0
0
0
0
0
0
0
0
0
0
0
0
0
0
0
0
0
0
0
0
0
0
0
0
0
0
0
0
0
0
0
0
-971.054383931488
0
0
0
0
0
0
0
0
0
0
0
0
0
0
372.385550198468
0
0
0
0
0
0
0
0
0
0
0
0
-1000
0
0
0
0
0.0024397440993198
-53.8135092628221
0
0
0
0
0
0
0
0
0
0
0
1000
0
0
0
0
0
0
0
0
0
0
0
0
0
0
0
0
0
0
0
0
0
0
0
0
0
0
0
0
0
0
0
0
0
0
0
0
0
0
0
0
0
0
0
0
0
0
0
0
0
0
0
0
0
0
0
0
0
0
0
0
0
0
0
0
0
0
0
0
0
0
0
0
0
0
0
0
0
0
0
0
0
0
0
0
0
0
0
0
0
0
0
0
0
0
0
0
0
0
0
0
0
0
0
0
0
0
0
0
0
0
0
0
0
0
0
0
0
0
0
0
0
0
0
0
0
0
0
0
0
0
0
0
0
0
0
0
0
0
0
0
0
0
0
0
0
1000
0
0
1000
0
0
0
0
0
0
0
0
544.630533096535
0.0024397440993198
0
0
-1000
0
1000
0
0
0
0
0
0
999.965893084664
0
0
0
0
0
0
0
0
0
0
0
0
748.406521566711
-748.406521566711
0
0
1000
0
0
0
0
515.64430707497
0
0
0
0
0
0
0
0
0
0
0
0
0
0
0
0
0
0
0
0
0
0
0
0
0
0
0
0
0
0
0
0
0
0
0
0
0
0
0
0
0
0
0
0
0
0
0
0
0
0
0
0
0
0
0
0
0
0
0
0
0
0
0
0
0
0
0
0
0
0
0
0
0
0
0
0
0
0
0
0
0
0
0
0
0
0
0
0
0
0
0
0
0
0
0
0
0
0
0
0
0
0
0
0
0
0
0
0
0
0
0
0
0
0
0
0
0
0
0
0
0
0
0
0
0
0
0
0
0
0
0
0
0
0
0
0
0
0
0
0
0
0
0
0
0
0
0
0
0
0
0
0
0
0
0
0
0
0
0
0
0
0
0
0
0
0
0
0
0
0
0
0
0
0
0
0
0
0
500
58.9310168921704
-522.148201990518
4.03462873398985
0
0
-0.659598371389279
0
0
314.54430266196
13.0355409365481
28.4931466673644
0.0707172202706045
58.9310168921704
0
0
0
0
0
0
0
0
0
0
0
0
0
0
0
0
0
0
0
0
0
0
0
0
0
785.653063607642
-1000
0
-1000
1000
0
0
0
763.722220775028
0
-1000
-225.172377237068
0
450.344754474137
0
0
0
999.988437734486
0
0.00791325694830834
0
0.00243974409933585
0
0
0
0
0
0
0
0
0
0
0
0
0
0
0
0
0
349.261576077527
0
0
0
0
981.117555648521
-99.2187492786252
-4.35215401535481
0
770.197433726754
-14.1934882736657
-1000
-22.6983654867303
-978.142692093253
-65.8189861154593
-17.9336542831086
-3.11102731275457
-21.2308446782256
-1000
-1000
0
0
0
0
-1000
-26.2349984965817
-11.8296031258243
-781.743620395737
-8.9949976409041
-6.95857152807616
-987.201791947782
438.154756293689
-16.2440607770986
-1000
0
1000
-36.4603197154955
1000
0
1000
0
0
999.875865617837
-1000
0
0
0
0
0
0
1000
763.724660519127
0
0
0
0
0
0
0
0
0
0
0
0
-0.0024397440993198
-0.0024397440993198
0
0
0
0
0
0
0
0
0
0
0
0
872.812151407403
-872.812151407403
0
0
0
1000
0
-1.14257518136128
0
0
1000
1000
0
-0.0024397440993198
0
-0.672438261349271
-210.738058205513
0
0
-0.0024397440993198
0
-0.0024397440993198
-963.539680284504
0
0
-0.0024397440993198
0
0
0
-0.0024397440993198
0
0
0
0
0
0
0
0
0
0
0
1000
0
0
0
0
0
755.366151557949
0
0
0
0
0
0
-304.066305244593
-699.256325670519
0
0
0
-54.5771255935076
0
1000
0
0
-0.0024397440993198
0
0
0
0
1000
0
0
0
0
0
0
0
0
0
327.789809910189
-2.13531825227426
-0.320390259537703
-1000
-1000
0
0
0
0
336.568621802561
0
0
0
872.812151407403
0
0
0
0
0
0
1000
0
0
-1000
0
-2.68647058775809
1000
-0.0024397440993198
963.539680284504
0
459.115595553199
1000
1000
0
0
0
465.456820963282
0
0
0
0
0
-1000
-1000
0
0
0
0
-0.0024397440993198
-1000
0
0
0
0
-1000
-993.879775225127
1000
0
0
0
0
0
0
993.879775225127
-1000
-1000
-340.295855400347
0
0
-465.456820963282
0
0
0
0
0
0
0
1000
0
-0.73874577235631
-0.207245429302588
-56.111699983682
0
-3.05687008221355
-14.3901705667342
-1.96883157837476
-11.1394418250154
-5.95830609245013
-0.207245429302588
0
0
0
0
-0.207245429302588
-1000
-0.207245429302588
-0.207245429302588
0
-1.50252936244397
0
-0.207245429302588
-77.6098385183433
-80.671897207535
0
-9.84036248891221
0
-0.247675277794428
-0.207245429302588
-1.29885868862596
0
-0.207245429302588
-0.207245429302588
-0.207245429302588
-0.207245429302588
-6.01011744977575
0
-12.9528393314132
0
0
0
-1000
1000
0
0
-1000
1000
-0.0024397440993198
0
750
-750
0
0
0
-1000
0
0
0
0
0
0
0
0
0
0
0
0
0
0
0
0
0
0
0
1000
-1000
1000
-1000
-1000
515.64430707497
-1000
1000
-0.207245429302588
-0.207245429302588
0
0
0
0
1000
-1000
999.888876727997
672.193111881116
0.0146384645960325
0
0
0
0
0
-1000
-777.437427379448
-1000
0
0
0
-1000
0
-1.66037904369625
0
0
0
0
0
0
0
0
0
0
0
0
0
0
0
0
0
0
0
0
0
0
0
0
0
0
0
0
0
0
0
0
0
0
0
0
0
0
0
0
0
0
0
0
0
0
0
0
0
0
0
0
0
0
0
0
0
0
0
0
0
0
0
0
0
0
-0.207245429302588
0
0
0
0
0
0
0
0
0
0
0
0
0
0
0
0
0
0
0
0
0
0
0
0
0
0
0
0
0
0
0
0
0
0
0
0
0
0
0
0
0
0
0
0
0
0
0
0
0
0
0
0
0
0
0
0
0
0
0
0
0
0
0
0
0
0
0
0
0
0
0
0
0
0
0
0
0
0
0
0
0
0
0
0
0
0
0
0
0
0
0
0
0
0
0
0
0
0
0
0
0
0
0
0
0
0
0
0
0
0
0
0
0
0
0
0
0
0
0
0
0
0
0
0
0
0
0
0
0
0
0
0
0
971.054383931488
0
0
0
0
0
0
0
0
0
0
0
0
0
0
0
0
0
0
0
0
0
0
0
0
0
0
0
0
0
0
0
0
0
0
0
0
0
0
0
0
0
0
0
0
0
0
0
0
0
0
0
0
0
0
0
0
0
0
0
0
0
0
0
0
0
0
0
0
0
0
0
0
0
0
0
0
0
0
0
0
0
0
0
0
0
0
0
0
0
0
0
0
0
0
0
0
0
0
0
0
0
0
0
0
0
0
0
0
0
0
0
0
0
0
0
0
0
0
0
0
0
0
0
-1000
0
0
0
0
0
53.813509262822
0
0
0
0
0
0
0
0
0
0
0
0
0
0
0
0
0
0
0
999.965893084664
0
0
0
0
0
1000
0
-1000
0
455.369466903465
-0.0024397440993198
0
0
0
0
0
0
0
0
1000
0
0
0
0
0
0
-1000
0
0
0
0
0
0
0
0
0
0
0
0
0
0
0
0
0
0
0
0
0
0
0
0
0
0
0
0
0
0
0
0
0
0
0
0
0
0
0
0
0
0
0
0
0
0
0
0
0
0
0
0
0
0
0
0
0
0
0
0
0
0
0
0
0
0
0
0
0
0
0
-0.207245429302588
-0.207245429302588
-0.207245429302588
-0.207245429302588
0
-0.207245429302588
0
0
-0.207245429302588
-0.207245429302588
-0.207245429302588
-0.207245429302588
0
-0.207245429302588
-0.205631577809072
-0.207245429302588
-0.207245429302588
-0.207245429302588
-0.207245429302588
-0.207245429302588
0
-0.207245429302588
-0.207245429302588
-0.207245429302588
0
-1000
58.9310168921704
0
0
0
0
0
0
0
0
0
0
0
0
0
