0
0
0
0
0
0
0
0
0
1000
0
0
0
194.964434113721
999.744083994166
0
999.744083994166
-999.744083994166
999.941265178989
0
0.058734821011025
0
-1000
0.369190303497817
0
1000
-208.253971337192
0
-35.6476353637059
0.0125365739986304
0
0
0
0
0
0.032346235155104
0
0
0
35.246098825053
0
0
0
0
0
0
0
0
0
0
0
0
0
0
0
0
998.836000623263
0
0
0
0
0
0
0
0
35.647635363706
0
0
0
0
0
0
0
12.4529768814687
12.4529768814687
0
0
0
0
0
0
-1000
0
0
0
0
0
0
0
0
0
0
0
0
0
748.886898922056
748.886898922056
0
0
0
0
0
0
0
0
0
0
0
0
0
0
0
0
0
0
0
0
0
0
0
0
0
0
0
0
0
0
0
0
0
0
1000
0
0
1000
0
0
0
0
1000
0
0
0
-14.7044225313271
0
0
0
0
-776.452278040852
0
0
0.00896510815018334
-210.871866216541
0
0
596.370450802009
1000
1000
403.621158509275
0
210.871866216541
0
-1000
403.621158509275
598.585592622997
1000
-805.035565886279
0
210.871866216541
1000
0
0
0.00896510815016427
0
0
1000
-1000
0
0
0
0
0
-3.95137662341176
0
0
0
0
0
0
0
253.632518521293
-1000
0
0
0
0
1000
0
0
0
0
0
0
0
0
0
-3.95557196776974
0
-999.995804655642
1000
0
0
0
0
0
0
0
0
0
0
1000
0
0
-1000
0
998.767610870159
0
0.463353440979279
0.0775978181146684
0
0
0.691437870746718
0
-0.0107768721666162
0
0
0
-1000
0
0
0
0
0
0
0
0
0
0
0
0
-1000
0
-1000
1000
1000
-12.4529768814687
0
-448.714730486919
1000
-837.808301397445
-1000
-0.971195753917186
999.614244377135
0
0
-0.695030161468935
0.00359229072216749
-1000
-1000
1000
0
0
1000
0
0.180399807391006
0
-0.180399807391041
0
0.00179093914266148
0
0
0
0
2.25045473294871
0
0
0
1000
0
0
0
0
0
0
0
0
1000
0
1000
0.394146311580471
0
0
1000
0
-0.180399807391041
0
-0.691437870746768
0
0
0.691437870746768
0
0
0
-0.00359229072216749
0
0
-1000
0
0
0
-15.3788716436075
0.691437870746768
0
-1000
-0.971195753917186
0
0
0
0
0
0
0
0.00359229072220302
0
0
0
0
0
0
0
0
0
2.31676720489639
0
9.75298254046272
0
0
0
0
0
0
0
0
-428.680825354479
728.141105011258
1000
-1000
1000
1000
-1000
446.473770160995
0
-998.224184054198
1000
-1000
-1000
551.74862295406
1000
0
-1000
0
0
0
0
-1000
0
-1000
1000
-0.00359229072216749
1000
1000
0
0
-1000
0
0
0
0
0
0
0
0.971195753917152
-1000
-1000
1000
1000
1000
-1000
-0.385755622864622
1000
-1000
-1000
1000
1000
-1000
-1000
0
-1000
-1000
1000
1000
-1000
0
1000
-1000
1000
1000
0
0
0
-1000
1000
1.93161463566764
0
0
-999.989223127833
0
0
0
1000
-1000
0
0
0
-29.5597629227341
0
0
0
0
0
0
0
0
0
0
0
0
0
0
0
0
0
0
696.644832358033
303.355167641967
-1000
0
0
1000
0
0
0
0
0
0
0
0
0
0
0
0
0
0
0
0
0
0
0
0
0
0
0
0
0
0
0
0
0
0
0
0
0
0
0
0
0
0
0
1000
-0.00359229072216749
0.104883608948285
0.104883608948285
0
-999.308562129253
0
0
0
0
0
0
0
0
0
0
0
0
0
0
0
0
0
-544.706947185011
0
0
0
0
0
0
0
0
0
0
0
0
0
0
0
0
0
0
0
0
0
0
0
0
0
0
0
0
0
0
0
0
0
0
0
0.163618429959181
0
0
395.484556962821
-1000
1000
1000
1000
1000
0
0
1000
0
0
0
0
0
0
0
0
0
0
0
0
0
0
0
0
0
0
0
0
0
0
0
0
0
0
0
0.163618429959181
0
0
0
0
0
0
0
0
0
1000
0
0
0
0
0
0
0
0
0
0
0
0
0
0
0
0
0
0
0
0
0
0
0.0035922907221989
0
0
0
0
0
0
0
0
0
0
-1000
0
0
0
0
0
0
0
0
0
0
0
0
0
0.0107768721665967
0.0107768721665967
0
0.0107768721665967
0
0
0
0
0
0
0
0
0
0
0
0
0
0
0
0
0
0
0
0
0
1000
0
0.00419534435793036
0
0
0
0
0.759357328785395
0.759357328785395
0
34.3620612417092
0
0
0
0
0
0
0
0
0
0
0
0
0
0
0
0
0
0
0
0
0
0
0
0
0
-1000
0
0
0
0.00359229072216749
0
0
-1000
0
0
0
0
2.18157906612379
0
0
2.18157906612379
0
0
0
0
0
0
0
0
0
0
2.18157906612379
0
2.18157906612379
0
0
0
13.0141360774299
37.0972348684035
23.7125895788047
17.3676193204136
25.7503902457333
8.47539822836185
19.8222428510321
36.2635891410236
33.3921427467153
10.5595125468115
20.4706339723275
42.1917365357248
33.2995154436731
10.2816306376849
17.0434237597659
23.6199622757625
30.6133236554491
24.7778035637901
4.53873784906809
30.8912055645757
0
0
0
0
0
0
0
0
0
0
0
0
0
0
0
0
0
0
0
0
0
0
0
0
0
0
0
0
0
0
0
0
0
0
0
0
0
0
0
0
0
0
0
0
0
0
0
0
0
0
0
0
0
0
0
0
0
0
0
0
0
0
0
0
0
0
0
0
0
0
0
0
0
0
0
0
0
0
0
0
0
0
0
0
249.513328123564
0
0
249.513328123564
0
0
0
0
0
-1000
0
0
0
0
0
-271.858894988742
-271.858894988742
1000
1000
0
0
0
0
59.2493988061108
455.289460524267
0
-29.5597629227341
-514.689891727263
-514.689891727263
-1000
0
-455.293052814989
0
-455.410522457011
1000
1000
514.547250019093
1000
0
-59.2493988061108
544.710539475733
0
-1000
-1000
-1000
0
0
544.706947185011
0
544.706947185011
455.293052814989
0
0
0
0
0
0
0
0
0
0
0
-1000
272.837275324103
1000
1000
0
398.69626196753
199.34962039609
2.51256781130926
5
0
0
0
0
0
0
227.643494083744
0
0
0
0
-0.00965693822274716
0
0
0
0
-0.00965693822274716
292.452374024422
271.82903672902
0
-0.00965693822274716
0.00965693822274716
-0.00965693822274716
0
0
0
0
-1000
0
0
-0.00965693822274716
-0.00965693822274716
0.00965693822274716
-0.00965693822274716
0.00965693822274716
-0.00965693822274716
-0.00965693822274716
-0.00965693822274716
-0.00965693822274716
-0.00965693822274716
-0.00965693822274716
-0.00965693822274716
-0.00965693822274716
-0.00965693822274716
-0.00965693822274716
-0.00965693822274716
-0.264045734585807
0
-0.277636973903213
-0.280051208458872
-0.142439838785094
0.00965693822274716
0.00965693822274716
-0.674749497201219
0.00965693822274716
0.00965693822274716
0.00965693822274716
0.00965693822274716
-4.6232591741267
-0.0700128021146611
-3.1336764532723
0
-0.030206993057277
0.00965693822274716
0.00965693822274716
0.0917409131158138
0.00965693822274716
0.00965693822274716
-0.00965693822274716
0
0
0
0
0
0
0
0
0
0
0
0
0
0
0
0
0
0
0
0
0
0
0
0
0
0
0
0
0
0
0
0
0
0
0
0
0.000894168016770891
0
0
0
0
0
0
0
0
0
0
0
0
0
0
0
0
0
0
0
0
0
0
0
0
0
0
0
0
0
0
0
0
0
0
0
0
0
0
0
0
0
0
0
0
0
0
0
0
0
0
0
0
0
0
0
0
0
0
0
0
0
0
0
0
0
0
0
0
0
0
0
0
0
0
0
0
0
0
0
0
0
0
0
0
0
0
0
0
0
0
0
0
0
0
0
0
0
0
0
0
0
0
0
0
0
0
0
0
0
7.98780797672762
7.98780797672762
7.98780797672762
7.9781510385049
0
0
0
0
0
0
0
0
0
0
0
0
0
0
0
0
0
0
0
0
0
0
0
0
0
0
0
0
0.00965693822271906
0.00965693822271906
167.792132931333
0
0
3.74930626497068
0.603558638919941
0
0
0.00965693822271906
0
0
0
0
0
0
0
0
0
0
0
0
0
0
0
0
0
0
0
0
0
0
0
0
0.0612500319087154
0
0
0
0
0
0
0
0
0
0
0
0
0
0
0
0
0
0
0
0
0
0
0
0
0
0
0
0
0
0
0
0
0
0
0
0
0
0
0
0
0
0
0
0
0
0
0
0
0
0
0
0
0
0
0
0
0
0
0
0
0
0
0
0
0
0
0
2.61461602380119
0
0
0
0
0
0
0
0
0
0
0
0
0
0
0
0
0
0
0
0
0
0
0
0
0
0
0
0
0
0
0
0
0
0
0
0
0
0
0
0
0
0
0
0
0
0
0
0
0
0
0
0
0
0
0
0
0
0
0
0
0
0
0
0
0
0
0
0
0
0
0
0
0
0
0
0
0
0
0
0
0
0
0
0
0
0
0
0
0
0
0
0
0
0
0
0
0
0
0
0
0
0
-1000
0
0
0
0
0
0
0
0
0
0
0
0
0
0
0
0
0
0
0
0
0
0
0
0
0
0
0
0
0
0
0
0
0
0
0
0
0
0
0
0
0
0
0
0
0
0
0
0
0
0
0
0
0
0
0
0
0
0
0
0
0
0
0
0
0
0
0
0
0
0
0
0
0
0
0
0
0
0
0
0
0
0
0
0
0
0
0
0
0
0
0
0
0
0
0
0
0
0
0
0
0
0
0
0
0
0
0
0
0
0
0
0
0
0
0
0
0
1000
1000
0
0
0
0
0
0
0
0
0
0
0
0
0
0
0
0
0
0
0
0
0
0
0
0
0
-1000
0
-1000
0
0
0
0
0
0
0
0
0
0
0
1000
1000
0
0
0
0
0
0
0
0
0
0
0
0
0
0
0
0
0
0
0
0
0
0
0
0
0
0
0
0
0
0
0
0
0
0
0
0
0
0
0
0
0
0
0
0
0
0
0
0
0
0
0
0
0
0
0
0
0
0
0
0
0
0
0
0
0
0
0
0
0
0
0
0
0
0
0
0
0
0
0
0
0
0
0
0
-998.057608492166
54.2910453255486
0
0
0.00965693822274716
0
1000
0
0
167.78247599311
0
306.363261405983
-0.00965693822274716
271.819379790797
0
0
0
0.000894168016770891
3.73964932674789
0
1000
999.990343061777
0
0
0
0
0
0
0
0
0
0
0
0
0
-1000
0.000894168016770891
0
0
0
0.00359229072216749
0
0
0
0
0
0
0
-0.00359229072216749
0
0
0
0
0
227.643494083744
1000
-998.057608492166
-227.643494083744
-227.643494083744
0
-396.271423948344
1000
-0.0215537443332323
0
0
0.00965693822274716
-0.00965693822274716
0
0
168.132540003684
-168.132540003684
1000
0
0
0
-167.78247599311
-167.78247599311
-1000
0
436.224359435265
-771.996784967459
-1000
0
-728.180620209203
-271.819379790797
-1000
0
0
0
0
0
-1000
0
0
0
0
0
1000
-1000
-1000
0
0
0
-1000
0
0
0
-1000
0
0
0
0
0
0
0
0
0
0
0
0
0
0
0
0
0
0
0
-1000
1000
-1000
0
-1000
0
-1000
0
-1000
0
0
0
0
0
0
0
0
0
-1000
0
-1000
0
-1000
0
1000
0
-1000
0
-1000
0
0
0
0
0
0
0
0
0
-1000
0
0
0
0
0
0
0
0
0
0
0
0
0
0
0
0
0
0
0
0
0
0
0
0
0
0
0
0
0
0
0
0
0
0
0
0.000894168016770891
-0.000894168016770891
0
0
0
0
0
0
0
0
0
0
0
0
0
0
0
0
0
0
0
0
0
0
0
0
0
0
0
0
0
0
0
0
0
0
0
0
0.000894168016770891
-0.000894168016770891
0
0
0
0
0
0
-0.00359229072216749
-0.00359229072216749
0
0
0
0
0
0
0
0
0
0
0
0
0
0
0
0
0.00359229072216749
0.00359229072216749
0
0
0
0
0
0
0
0
0
0
0
0
0
0
0
0
0
0
0
0
0
0
0
0
0
0
0
0
0
0
0
0
0
0
0
0
0
0
0
0
0
0
0
0
0
0.0035922907221989
0
0
0
0
0
0
0
0
10.9770616779735
0
0
0
0
0
0
0
0
0
0
0
0
0
0
0
0
0
0
0
0
0
0
0
0
0
0
0
0
0
0
0
0
0
0
0
0
0
0
0
0
0
0
0
0
0
0
0
0
0
0
0
0
0
0
0
0
0
0
0
0
0
0
0
0
0
228.00321503254
228.00321503254
228.00321503254
0
59.8706750288566
59.8706750288566
0
227.643494083744
227.643494083744
0
0
0
0
0
0
0
0
0
0
0
0
0
0
0
0
0
0
0
0
0
0
0
0
0
0
0
0
0
0
0
0
0
0
0
0
0
0
0
0
0
0
0
0
0
0
0
0
0
0
0
0
0
0
0
0
0
0
0
0
0
0
0
0
0
0
0
0
0
0
0
0
0
0
0
0
0
0
0
0
0
0
0
0
0
0
0
0
0
0
0
0
0
0
0
0
0
0
0
0
0
0
0
0
0
0
0
0
0
0
167.78247599311
167.78247599311
167.78247599311
167.78247599311
-167.78247599311
0
0
0
0
0
0
0
0
0
0
0
0
0
0
0
0
0
0
0
0
0
0
0
0
0
0
0
0
0
0
0
0
0
0
0
0
0
0
0
0
0
0
0
0
0
0
0
0
0
0
0
0
0
0
0.0035922907221989
0.0035922907221989
0.0035922907221989
0.0035922907221989
0.0035922907221989
0
0
0
0
0
0
0
0
0
0
0
0
0
0
0
0
0
0
0
0
0
0
0
0
0
0
0
0
0
0
0
0
0
0
0
0
0
0
0
0
0
0
0
0
0
0
0
0
0
14.7044225313271
14.7044225313271
-14.7044225313271
4.8930921654239
-2.44474993735082
2.44474993735085
2.44474993735085
2.44474993735085
2.44474993735085
2.44474993735085
2.44474993735085
2.44474993735085
2.44474993735085
2.44474993735085
2.44474993735085
2.44474993735085
0
2.44474993735082
2.44474993735085
2.44474993735085
2.44474993735085
2.44474993735085
2.44474993735085
2.44474993735085
2.4375861807802
2.4375861807802
2.4375861807802
0.00716375657064593
0
0.00716375657064593
0
0
0
0
0
0
0
0
0
0
0
0
0
0
0
0
0
14.7044225313271
14.7044225313271
4.8930921654239
4.8930921654239
0
0
0
0
0
0
0
0
0
0
0
0
0
0
0
0
0
0
0
0
0
0
0
0
0
0
0
0
0
0
0
0
0
0
0
0
0
0
0
0
0
0
0
0
0
0
0
0
0
0
0
0
0
0
0
0
0
0
0
0
0
0
0
0
0
0
0
0
0
0
0
0
0
0
0
0
0
0
0
0
0
0
0
0
0
0
0
0
0
0
0
0
0
0
0
0
0
0
0
0
0
0
0
0
0
0
0
0
0
0
0
0
0
0
0
0
0
0
0
0
0
0
0
0
0
0
0
0
0
0
0
0
0
0
0
0
0
0
0
0
0
0
0
0
0
0
0
0
0
0
0
0
0
0
0
0
0
0
0
0
0
0
0
0
0
0
0
0
0
0
0
0
0
0
0
0
0
0
0
0
0
0
0
0
0
0
0
0
0
0
0
0
1.17656718804588
0.0251043853078886
0.0251043853078886
0
0
0
0
-0.0251043853079409
0.0251043853078886
0
0
0
1.15146280273799
0
0
0
0
0
0
0
0
0
0
0
0
0
0
0
0
0
0
0
0
0
0
0
0
0
0
0
0
0
0
0
0
0
0
0
0
0
0
0
0
0
0
0
0
0
0
0
0
0
0
0
0
0
0
0
0
0
0
0
0
0
0
0
0
0
0
0
0
0
0
0
0
0
0
0
0
0
0
0
0
0
0
0
0
0
0
0
0
0
0
0
0
0
0
0
0
0
0
0
0
0
0
0
0
0
0
0
0
0
0
0
0
0
0
0
0
0
0
0
0
0
0
0
0
0
0.0035922907221989
0
0
0
0
0
0
0
1.54892287235403
0
0
0
0.971195753917152
0.971195753917152
0.971195753917152
0
0
0
9.65245740405011
0
0
1.32819656464559
0
0
9.65245740405011
0.0035922907221989
0
0
0
0
-1.32819656464562
1.32819656464559
0
0
0
0
0.364678247518298
0
10.829024592096
0
0
0
0.242238402294133
0
0.220726307708444
0
10.829024592096
10.829024592096
0
0
0
0
0
0
0
0
0
0
0
0
0
0
-10.9770616779736
0
0
0
0
0
0
0
0
0
0
0
0
0
0
0
0
0
0
0
0
0
0
0
0
0
0
0
0
0
0
0
0
0
0
0
0
0
0
0
0
0
0
0
0
0
0
0
0
0
0
0
0
0
0
0
0
0
0
0
0
0
0
0
0
0
0
0
0
0
0
0
0
0
0
0
0
0
0
0
0
0
0
0
0
0
0
0
0
0
0
0
0
0
0
0
0
0
0
0
0
0
0
0
0
0
0
0
0
0
0
0
0
0
0
0
0
0
0
0
0
0
0
0
0
0
0
0
0
0
0
0
0
0
0
0
0
0
0
0
0
0
0
0
0
0
0
0
0
0
0
0
0
0
0
0
0
0
0
0
0
0
0
0
0
0
0
0
0
0
0
0
0
0
0
0
0
0
0
0
0
0
0
0
0
0
0
0
0
0
0
0
0
0
0
0
0
0
0
0
0
0
0
0
0
0
0
0
0
0
0
0
0
0
0
0
0
0
0
0
0
0
0
0
0
0
0
0
0
0
0
0
0
0
0
0
0
0
0
0
0
0
0
0
0
0
0
0
0
0
0
0
0
0
0
0
0
0
0
0
0
0
0
0
0
0
0
0
0
0
0
0
0
0
0
0
0
0
0
0
0
0
0
0
0
0
0
0
0
0
0
0
0
0
0
0
0
0
0
0
0
0
0
0
0
0
0
0
0
0
0
0
0
0
0
0
0
0
0
0
0
0
0
0
0
0
0
0
0
0
0
0
0
0
0
0
0
0
0
0
0
0
0
0
0
0
0
0
0
0
0
0
0
0
0
0
0
0
0
0
0
0
0
0
0
0
0
0
0
0
0
0
0
0
0
0
0
0
0
0
0
0
0
0
0
0
0
0
0
0
0
0
0
0
0
0
0
0
0
0
0
0
0
0
0
0
507.458745925098
0
0
507.458745925098
0
0
0
0
0
0
0
0
0
0
0
0
0
0
0
0
0
0
0
0
0
0
0
0
0
0
0
1000
0
0
0
0
0
0
0
0
0
0
0
0
0
0
0
0
0
0
0
0
0
0
0
0
0
0
0
0
0
0
0
0
0
0
0
0
0
0
0
0
0
0
0
0
0
0
0
0
0
0
0
0
0
0
0
0
0
0
0
0
0
0
0
0
0
0
0
0
0
0
0
0
0
0
0
0
0
0
0
0
0.163618429959181
0.163618429959181
0
0
0
0.163618429959229
0
0.163618429959181
-249.513328123564
0
0
0
0.0251720661475787
0
0
0
0
0
0
0
0
249.513328123564
0
0
0
0
0.990101268471562
0
0
0
0
0
0
0.990101268471562
0
0.990101268471562
0.990101268471562
0
0
0
0
0
0
0
0
0
0
0
0
0
0
0
0
0
0
0
0
0
0
0
0
0
0
0
0
0
0
0
0
0
0
0
0
0
753.304343415795
753.304343415795
0
0
0
0
0
0
0
0
0
0
0
0
0
0
0
0
0
0
0
0
0
0
0
0
0
0
0
0
0
0
0
0
0
0
0
0
0
0
0
0
0
0
0
0
0
0
0
0
1000
-1000
37.0945599879501
0
0
0
-1000
1000
1000
0
0
0
0
-1000
36.4031221172033
0
0
0
0
0
0
0
0
0
0
0
0
0
0
0
0
0
0
0
0
0
0
0
0
0
0
0
0
0
0
0
0
0
0
0
0
0
0
0
0
-1000
0
0
571.320973462929
0
0
0
0
7.98780797672762
7.98780797672762
0
0
0
0
0
0
0
0
-999.996407709278
999.996407709278
1000
999.996407709278
1000
-1000
-1000
0
0
0
0
0
0
0.00359229072216749
0
0
0
0
0
0
0
0
0
0
0
0
0
0
0
0
0
0
0
0
0
0.0143379255781678
0
0.0035922907221989
0.0215120945856897
1000
0.00179093914266148
0.00179093914266148
0.00359229072216749
0
0.0125469864355063
0.00179093914266148
0.0268953244506024
-0.00179093914266559
0.00179093914266148
0.00179093914266148
0.00179093914266148
0.00179093914266148
0.00179093914266148
-0.00179093914266559
-0.00358187828533119
-0.0448463656247213
0.00179093914266148
0.00179093914266148
0.00179093914266559
0.00179093914266148
0.0394631357597746
-0.00538322986483308
-0.0412540749024402
0.00359229072216749
0.00179093914266148
0.00179093914266148
0.0035922907221989
0.0035922907221989
-0.00359229072216749
-0.00359229072216749
0.00359229072216749
0.00359229072216749
0.00179093914266148
0.00179093914266148
0.00179093914266148
0.00179093914266148
-0.00538322986483308
-999.974895614692
0
0
0
0
0
0
-604.515443037179
0
0
0
0.0035922907221989
0
0
0
0
0.00179614536109945
0.00359229072216749
0.00359229072216749
0
0.0035922907221989
0
0
0
0
0
-0.00359229072216749
0
0
0.00716375657064593
0.00179093914266148
0.00537281742798444
0.00179093914266148
-0.00179093914266559
0.00179093914266148
0.00179093914266148
0.00179093914266148
0.00179093914266148
0.00179093914266148
0.00179093914266148
0.00358187828532296
0.00179093914266148
0.00179093914266148
0.00179093914266148
0.00179093914266148
0.00179093914266148
0
0.00179093914266148
0.0035922907221989
0
0.0035922907221989
0
0.0035922907221989
0.0035922907221989
0.0035922907221989
0.0035922907221989
0.0035922907221989
0.0035922907221989
0
0.0035922907221989
0
0.0035922907221989
0.0035922907221989
0.0035922907221989
0.0035922907221989
0.0035922907221989
0
0
0
0
0
0
0
0
0
0
0
0
0
0
0
0
-0.00359229072216749
0.0035922907221989
0.0035922907221989
0
0
0
0
0
0
0
0
0
0
0
0
0
0
0
0
0
0
0
0
0
0
0
0
0
0
0
0
0
0
0
0
0
0
0
0
0
0
0
0
0
0
0
0
0
0
0
0
0
0
0
0
0
0
0
0
0
0
0
0
0
298.881819489147
0
0
0
0
0
0
0.0035922907221989
0
0
0
0
0
0
0
0
0
1000
1000
0
0
0
0
0
0
0
0
0
0
-1000
0
0
0
-227.643494083744
0
0
0
0
0
0.00965693822271906
0
0
0
0
0
0
0
0
0
0.00965693822271906
0
0
292.452374024422
0
0
0
0
0.00965693822271906
0
0.00965693822271906
0
0.00965693822271906
0
0
0
0
0
0
0
0
0
0
0
0
0
0
0
0.00965693822271906
0
0.00965693822271906
0
0.00965693822271906
0
0.00965693822271906
0
0.00965693822271906
0
0.00965693822271906
0
0.00965693822271906
0
0.00965693822271906
0
0.00965693822271906
0
0.00965693822271906
0
0.00965693822271906
0
0.00965693822271906
0
0.00965693822271906
0
0.00965693822271906
0
0.00965693822271906
0
0.00965693822271906
0
0.264045734585816
0
0
0
0.277636973903173
0
0.280051208458853
0
0.142439838785106
0
0.00965693822271906
0
0.00965693822271906
0
0.674749497201174
0
0.00965693822271906
0
0.00965693822271906
0
0.00965693822271906
0
0.00965693822271906
0
4.62325917412675
0
0.0700128021147132
0
3.13367645327234
0
0
0
0.0302069930573178
0
0.00965693822271906
0
0.00965693822271906
0
0.0917409131158311
0
0.00965693822271906
0
0.00965693822271906
0
0.00965693822271906
0
0
-1000
0
0
-1.15146280273802
0
0
0
0
0
-1000
-797.39252393506
-1000
290.877230134987
0
-1000
253.64329539346
1000
0
751.97614685115
1000
1000
-1000
0
0
1000
0
0
0
0
0
-5.48440404317171
1000
-10.8290245920959
0
0
0
-1000
996.033651160064
-0.00359229072216749
0
0
-3.22165048686588
0
0
0
0
0
1.16399937673657
1000
999.996407709278
-1000
0.0107768721666162
-1000
0
1000
1000
0
-1000
0
0
1000
1000
-1000
1000
0
1000
0
0
-1000
1000
1000
650.130420469556
0
0
0
0
0
0
-508.052473242808
0
0
0
0
0
0
0
0
0
0
0
0
0
0
0
0
0
838.233746214037
0
0
0
0
1000
0
0
0
0
0
0
0
0
0
-1000
-447.615857513355
1000
-1000
1000
-509.641715755181
-1000
-1000
-1000
-1000
972.336202999883
1000
1000
-1000
-1000
-1000
-1000
-1000
-995.255690277393
1000
-43.3728452816549
-1000
-1000
1000
1000
1000
1000
1000
1000
32.8776312679583
-1000
1000
-1000
-1000
-1000
-1000
1000
-1000
-611.632949148365
-1000
-1000
1000
-1000
-1000
-1000
-1000
-1000
-1000
-1000
-1000
-1000
1000
-1000
1000
-1000
-1000
-1000
-1000
-1000
-1000
-1000
-1000
-1000
-1000
859.794347413802
1000
-1000
1000
-1000
-1000
-1000
-1000
-1000
-1000
1000
-1000
-1000
-1000
-1000
1000
-1000
-1000
1000
-1000
-1000
1000
1000
1000
-786.667517790648
1000
1000
1000
-1000
10.2458335474084
1000
1000
1000
1000
-1000
-1000
-1000
957.380338339766
1000
-1000
-1000
-1000
-1000
930.974741165099
-1000
1000
1000
1000
1000
1000
1000
1000
-1000
-1000
-1000
-1000
-1000
-1000
33.421180430053
1000
942.803299825773
-966.578819569947
-346.775252827588
-1000
0
0
0
0
0
0
0
0
0
0
0
0
0
0
0
0
0
0
0
0
0
0
0
0
0
0
0
0
0
0
0
0
0
0
0
0
0
0
0
0
0
0
0
0
0
0
0
0
0
0
0
0
0
0
0
0
0
0
0
0
0
0
0
0
0
0
0
0
0
0
0
0
0
0
0
0
0
0
0
0
0
0
0
0
0
0
0
0
0
0
0
0
0
0
0
0
0
0
0
0
0
0
0
0
0
0
0
0
0
0
0
0
0
0
0
0
0
0
0
119.307093489361
0
0
0
0
0
0
0
0
0
0
0
0
0
0
0
0
0
0
0
0
0
0
0
0
0
0
0
0
0
0
0
0
0
0
0
0
0
0
0
0
0
0
0
0
0
0
0
0
0
0
0
0
0
0
0
0
0
0
0
0
0
0
0
0
0
0
0
0
0
0
0
0
0
0
0
0
0
0
0
0
0
0
0
0
0
0
0
0
69.0252588349008
0
0
0
0
0
0
0
0
0
0
0
0
0
0
0
0
0
0
0
0
0
0
0
0
0
0
0
0
0
0
0
0
0
0
0
0
0
0
0
0
0
0
0
0
0
0
0
0
0
0
0
0
0
0
0
0
0
0
0
0
0
0
0
0
0
0
0
0
0
0
0
0
0
0
0
0
0
0
0
0
0
0
0
0
0
0
0
0
0
0
0
0
0
0
278.91835184196
0
0
0
0
0
0
0
0
0
0
0
0
0
0
0
0
0
0
0
0
0
1000
1000
-1000
1000
1000
1000
1000
1000
-1000
-1000
1000
-1000
1000
1000
999.287802333232
-997.605469245702
-1000
-1000
1000
-1000
1000
1000
-1000
1000
-1000
-1000
-1000
-1000
1000
-223.547721959148
-1000
-2.39453075429822
-1000
-1000
-1000
-1000
-1000
-999.949780816947
0
-1000
1000
1000
-1000
-1000
-999.949780816947
1000
-1000
-1000
-1000
-1000
-1000
-1000
1000
-1000
223.547721959148
0
0
0
0
0
0
0
0
0
0
0
0
0
0
-1000
-1000
-0.394146311580471
0
0
0
0
92.9430905600764
1000
1000
0
0
0
0
0
0
0
0
0
-0.00359229072216749
0.0035922907221989
0
0
-0.00359229072216749
-0.00359229072216749
0
0
0
0.163618429959181
0
0
0
0
0
0
0
0
0
0
0
0
0
0
0
0
0
0
0
0
0
0
0.0035922907221989
0
0
-1000
604.508258455735
-36.4031221172035
-963.589693301352
-1000
0
0
0
0
-0.00359229072216749
0.364678247518327
0
0
0
0
249.513328123564
0
0
0
0
0
0
0
0
0
0
0
0
0
0
0
0.0035922907221989
0
0
0
0
-807.639048219327
0
0
0
0
0
0
0
-1000
0
0
0
0
0
0
0
0
0
0
0
0
0
0
0
0
0
0
0
0
0
0
0
0
0
0
0
0
0
0
0
0
0
0
0
0.990101268471562
0.0035922907221989
0
0
0
0
0
0
1000
0
-998.057608492166
0
0
1.9423915078343
0
0
0
0
0
1000
0
-1000
0
0
0
0
0
0
0
0
0
0
0
0.00359229072216749
-1000
455.293052814989
-1000
1000
0
0
0
-323.920705272229
1000
0
0
0
0
0
0
0.00359229072216749
0
1000
0
0
0
0
920.180376104551
0
0
0
0
0
-1000
0
-1000
1000
0
0
0
0
0
0
0
0
735.337084222598
0
0
-676.079294727771
1000
0
584.877060484773
888.232228126741
0
0
0
0
0
584.877060484773
0
111.767771873259
0
1000
0
998.06479307361
0
0
0
0
0
0
0
0
0
0
0.971195753917152
0
0.0035922907221989
-0.00359229072216749
0.0035922907221989
0.0035922907221989
0
0
0.00359229072216749
0
0
0
0.971195753917186
0
0
-0.0107768721666162
-1000
-1000
-1000
1.93161463566764
-1.93161463566764
1000
0
0
0.00359229072216749
-1000
-1000
-1000
0
0
0
0
0
0
0
0
0
0
0
0
0
0
0
0
0
0
0
0
0
0
0
0
0
1000
0
0
0
0
0
0.00179093914266148
0
0
0
0
0
0
0
0
0.0035922907221989
0
0
0
0
0
0
0
0
0
0
0
0
0
0
0
0
0
0
0
0
0
0
0
0
1000
0
0
0
0
0
0
0
0
0
0
0
0
0
0
0
0
0
0
0
0
0
0
0
0
0
0
0
0
0
0
2.31676720489634
0
0
0
0
0
0
0
0
0
0
0
0
0
0
0
0
0
0
0
0
0
0
0
0
0
0
0
0
0
0
0
0
0
0
0
0
0
0
0
0
0
0
0
0
0
0
0
0
0
0
0
0
0
0
0
0
0
0
0
0
0
0
0
0
0
0
0
0
0
0
0
0
0
0
0
0
0
0
0
0
0
0
0
0
0
0
0
0
0
0
0
0
0
0
0
0
0
0
0
0
0
0
0
0
0
0
0
0
0
0
0
0
0
-999.987463426001
0
0.00179093914266559
0
0.0197107430061578
0
0
-0.0125365739986592
0
1000
0
0
0
0
0.0161288647208266
0
0
0
0
0
0
0
0
0
0
0
0
0
0
0
0
0
0
0
0
0.0035922907221989
0.0035922907221989
0.0035922907221989
-1000
-395.480964672099
0
-396.271423948344
-1000
0
0
0
0
0
0
-1000
1000
0
0
0
0
0
0
0
0
0
0
-335.772425532194
0.00965693822274716
1000
0
-1000
-1000
996.260350673252
1000
1000
1000
0
0
0
0
0
0
0
0
0
0
-969.982944542252
0
1000
0.393468635480269
0.0035922907221989
0.0035922907221989
0.0035922907221989
0.0035922907221989
0.0035922907221989
1000
0
0
1000
0.538374305916588
0
0
0
0
0.00965693822271906
0
0
0
0
0
0
0
0
0
-1000
0
0
0
0
0
0
0
1000
-999.990343061777
0
1000
0
0
-1000
0
0
0
0
0
0
0
0
0
0
0
0
0
0
0
0
0
0
0
0
0
0
0
0
0
0
0
0
0
0
0
0
0
0
0
0
0
0
0
0
0
0
0
0
0
0
0
-1000
0
0
0
0
0
0
0
0
-1000
0
0
0
0
0
0
0
0
1000
-1000
-1000
-1000
-1000
-1000
0
0.0215120945856897
0
0
0
0
-290.713611705028
-1000
-1000
0
249.513328123564
0
0
0
999.978446255667
4.0246498094108
0
0
0
0
0.577727118436883
0.577727118436883
-526.890711388486
-999.985672486859
0
0
0
0
0
0
0
0
-1000
0
0
0
0
0
0
0
1000
0.0035922907221989
0
0
0
0
0
0
0
0
-1000
1000
0
0
1000
0
0
0
1000
0
0.00537281742798444
0
0
-771.996784967459
0
-1000
0
0
0
-1000
-1000
0
0
0
0
-167.78247599311
0
0
227.643494083744
0
0
0
0
-766.259969947053
766.259969947053
-1000
0
0
0
0
-1000
-1000
0
0
-1000
0
0
0
0.00965693822271906
0.000894168016721247
0
0
0
0
0
0
0
0
998.068385364332
0
1000
0
0
0
0
0
0
0
0
0
865.881942914226
264.662915777402
735.337084222598
-1000
1000
-1000
-1000
735.337084222598
0
0
0
0
0
0
0
0
-1000
0
0
1000
0.00179093914266148
0.00179093914266148
0
-1000
-507.458745925098
-507.458745925098
271.819379790797
0
0
0
0
0
0
0
0
0
0
0
0
0
0
0
0
0
0
0
0
0
0
0
0
0
0.00359229072216749
0
0
0
0
0
0
0
0
0
0
0
0
0
0
0
0
0
0
0
0
0
0
0
0
0
0
0
0
0
0
0
0
0
0
0
0
0
0
0
0
0
0
0
0
0
0
-1000
0
-1000
0
0
0
0
0
0
-1000
0
0
0
0
0
0
0
0
0
0
0
831.867459996316
0
0
0
0
0
0
0
0
0
0
0
0
0
1000
0
0
0
1.94239150783437
0
0
0
0
0
0
0
0
0
0
0
0
0
0
0
227.643494083744
0
0
0
0
0
0
0
0
0
0
0
0
0
0
0
0
0
0
0
0
0
0
0
0
227.643494083744
0
0
0
0
0
0
0
0
0
0
0
0
0
0
59.8706750288566
0
0
0
0
0
0
0
0
0
0
0
0
0
0
0
0
0
0
0
0
0
0
0
0
0
0
0
0
0
0
0
0
0
0
0
0
0
0
0
0
0
0
0
0
0
0
0
0
0
0
0
0
0
0
0
0
0
0
0
0
0
0
0
0
0
0
0
0
0
0
0
0
0
0
0
0
0
0
0
0
0
0
0
0
0
0
0
0
0
0
0
0
0
0
0
0
0
0
0
0
0
0
0
0
0
0
0
0
0
0
0
0
0
0
0
0
0
0
0
0
0
0
0
0
0
0
0
0
0
0
-1000
0
0
0
0
0
0
0
0
0
0
0
0
0
0
0
0
0
0
0
0
0
0
0
0
0
0
0
-96.3788414907251
0
1000
-1000
0.163618429959229
0
0
0
-290.877230134987
-1000
0
0
0
0
341.980378622795
0.0215537443331934
0
0
0
465.633523561476
0
0
0
0
0
0
0
0
0
0
0
0
0
0
0
0
0
0
0
0
0
0
0
0
0
0
0
0
0
0
0
0
0
0
0
0
0
0
0
0
0
0
0
0
0
0
0
0
0
0
0
0
0
0
0
0
0
0
0
0
0
0
0
0
0
0
0
0
0
0
0
0
0
0
0
0
0
0
0
0
0
0
0
0
0
0
0
0
0
0
0
0
0
0
0
0
0
0
0
0
0
0
0
0
0
0
0
0
0
0
0
0
0
0
0
0
0
0
0
0
0
0
0
0
0
0
0
0
0
0
0
0
0
0
0
0
0
0
0
0
0
0
0
0
0
0
0
0
0
0
0
0
0
0
0
0
0
0
0
0
0
0
0
0
0
0
0
0
0
0
0
0
0
0
0
0
0
0
0
0
0
0
0
0
0
0
0
0
0
0
0
0
0
0
0
0
0
0
0
0
0
0
0
0
0
0
0
0
0
0
0
0
0
0
0
0
0
0
0
0
0
0
0
0
0
0
0
0
0
0
0
0
0
0
0
0
0
0
0
0
0
0
0
0
0
0
0
0
0
0
0
0
0
0
0
0
0
0
-849.357489034874
0
0
0
0
0
0
0
0
0
0
0
-849.357489034874
0
0
0
0
0
0
0
0
0
0
0
0
0
0
271.819379790797
0
0
0
0
0
0
0
0
0
0
0
-1000
0
0
0.990101268471562
0
0.00359229072216749
-472.681363487005
-526.890711388486
0
0
0
0
0
0
0
0
0
0
0
0
0
0
0
0
0
0
0
0
0
0
0
0
0
0
0
0
0
0
0
0
0
0
0
0
0
0
0
0
0
0
0
0
0
0
0
0
0
0
0
0
0
0
0
0
0
0
0
0
0
0
0
0
0
0
0
0
0
0
0
0
0
0
0
0
0
0
0
0
0
0
0
0
0
0
0
0
0
0
0
0
0
0
0
0
0
0
0
0
0
0
0
0
0
0
0
0
0
0
0
0
0
0
0
0
0
0
0
0
0
0
0
0
0
0
0
0
0
0
0
0
0
0
0
0
0
0
0
0
0
0
0
0
0
0
0
0
0
0
0
0
0
0
0
1000
0
0
776.452278040852
1000
0
0
0
0
0
0
0
1000
0.00359229072216749
0
0
-1000
1000
0
0
0
0
0
0
0
0
0
0
0
0
0
0
0
0
0
1000
-1000
0
0
1000
0
0
0
0
0
0
0
0
0
0
0
0
0
0
0
0
0
0
0
0
0
0
0
0
0
0
0
0
0
0
0
0
0
0
0
0
0
0
0
0
0
0
0
0
0
0
0
0
0
0
0
0
0
0
0
0
0
0
0
0
0
0
0
0
0
0
0
0
0
0
0
0
0
0
0
0
0
0
0
0
0
0
0
0
0
0
0
0
0
0
0
0
0
0
0
0
0
0
0
0
0
0
0
0
0
0
0
0
0
0
0
0
0
0
0
0
0
0
0
0
0
0
0
0
0
0
0
0
0
0
0
0
0
0
0
0
0
0
0
0
0
0
0
0
0
0
0
0
0
0
0
0
0
0
0
0
0
500
86.7703072994904
-24.1423455567976
0
0
-0.971195753917186
0
0
463.13651521103
19.1935919746473
41.9534435793036
0.104124368759388
86.7703072994904
0
0
0
0
0
0
0
0
0
0
0
0
0
0
0
0
0
0
0
1000
-1000
0
-999.836381570041
-0.163618429959229
0
-1000
0
526.890711388486
223.535543746518
0
0
0
0
0
0
0
0
0
0
0
0
0.00359229072216749
0
0
0
0
0
0
0
0
0
0
0
0
0
0
0
0
0
0
227.643494083744
0
0
0
0
1000
-4.6232591741267
-0.264045734585807
0
-10.6602008114016
-20.8985590968364
-42.6196616602338
537.899793032876
-859.794347413802
-490.358284244819
-26.405597174667
-4.58069129264743
-880.617884902947
-1000
-1000
0
0
0
0
-1000
-38.6285355590483
-17.4179634527088
-26.3711753937614
-862.601765998354
24.1162276943007
-23.7755197441736
-1000
976.082168274824
967.122368732042
0
0
0
-0.163618429959229
0
1000
0
0
290.713611705028
-1000
0
0
0
-10.8290245920959
0.364678247518327
0
1000
-303.355167641967
0
0
0
0
0
0
0
0
0
0
-0.00359229072216749
571.317381172207
-571.320973462929
0
0
0
0
0
0
0
0
0
0
0
0
0
0
0
-1.68233308753008
0
1000
0
0
-1000
1000
249.513328123564
-0.00359229072216749
-0.00359229072216749
-0.990101268471562
963.596877882796
0
0
-0.00359229072216749
0
-0.00359229072216749
-1000
0
0
-0.00359229072216749
0
0
0
-0.00359229072216749
0
0
0
0
0
0
0
0
0
0
0
776.452278040852
0
0
0
0
0
-0.0107768721666162
0
0
0
0
0
0
-746.35670460654
0
0
0
0
-777.16447570762
0
1000
0
0
-0.00359229072216749
0
0
0
0
-34.3620612417092
0
0
0
0
0
0
0
0
0
192.360951780673
0
-3.22165048686588
-0.394146311580471
-1000
-1000
0
0
0
0
0
0
0
2.44474993735082
0
0
0
0
0
0
0.0107768721666162
0
0
0
0
996.033651160064
1000
1000
1000
0
751.97614685115
0
0
0
0
0
998.836000623263
0
0
0
0
-797.39252393506
-604.515443037179
0
0
0
0
0
-0.0502191830526044
0
0
0
0
36.4103066986477
-1000
999.996407709278
0
0
0
0
0
1000
-1000
-1000
-5.48440404317171
0
0
0
0
0
0
0
0
0
0
0
1000
0
-0.030206993057277
-0.00965693822274716
0
-508.052473242808
-0.142439838785094
-0.674749497201219
-0.0917409131158138
-3.1336764532723
-0.277636973903213
0
0
0
292.452374024422
0
-0.00965693822274716
-1000
-0.00965693822274716
-0.00965693822274716
0
-0.0700128021146611
0
-0.00965693822274716
0
0
0
-4.02464980941079
0
0
-0.00965693822274716
0
0
-0.00965693822274716
-0.00965693822274716
-0.00965693822274716
-0.00965693822274716
-0.280051208458872
0
0
0
0
0
-1000
1000
0
0
-1000
1000
-0.00359229072216749
-1000
1000
-1000
1000
0
0
-1000
0
0
0
0
0
0
0
0
0
0
0
0
0
0
0
0
0
0
-1000
1000
1000
-1000
-1000
0
-1000
-1000
-0.00965693822274716
-0.00965693822274716
0
0
0
0
1000
0
-0.163618429959229
341.980378622795
0.0215537443332323
0
0
0
465.633523561476
0
1000
-1000
0
0
0
0
0
0
0
0
0
0
0
0
0
0
0
0
0
0
0
0
0
0
0
0
0
0
0
0
0
0
0
0
0
0
0
0
0
0
0
0
0
0
0
0
0
0
0
0
0
0
0
0
0
0
0
0
0
0
0
0
0
0
0
0
0
0
0
0
0
0
-0.00965693822274716
0
0
0
0
-998.836000623263
0
0
0
0
0
0
0
0
0
0
0
0
0
0
0
0
0
0
0
0
0
0
0
0
0
0
0
0
0
0
0
0
0
0
0
0
0
0
0
0
0
0
0
0
0
0
0
0
0
0
0
0
0
0
0
0
0
0
0
0
0
0
0
0
0
0
0
0
0
0
0
0
0
0
0
0
0
0
0
0
0
0
0
0
0
0
0
0
0
0
0
0
0
0
0
0
0
0
0
0
0
0
0
0
0
0
0
0
0
0
0
0
0
0
0
0
0
0
0
0
0
0
0
0
0
0
0
0
0
0
0
0
0
0
0
0
0
0
0
0
0
0
0
0
0
0
0
0
0
0
0
0
0
0
0
0
0
0
0
0
0
0
0
0
0
0
0
0
0
0
0
0
0
0
0
0
0
0
0
0
0
0
0
0
0
0
0
0
0
0
0
0
0
0
0
0
0
0
0
0
0
0
0
0
0
0
0
0
0
0
0
0
0
0
0
0
0
0
0
0
0
0
0
0
0
0
0
0
0
0
849.357489034874
0
0
0
0
0
0
0
0
0
0
0
0
0
0
0
0
0
0
0
0
0
-776.452278040852
0
1000
0
0
0
472.681363487005
0
0
0
0
0
0
0
0
0
0
0
0
0
0
0
0
0
0
0
0
0
0
0
1000
0
-1000
0
-1000
-0.00359229072216749
0
0
0
0
0
0
0
0
998.848537197262
0
0
0
0
0
-1000
0
0
0
0
0
0
0
0
0
0
0
0
0
0
0
0
0
0
0
0
0
0
0
0
0
0
0
0
0
0
0
0
0
0
0
0
0
0
0
0
0
0
0
0
0
0
0
0
0
0
0
0
0
0
0
0
0
0
0
0
0
0
0
-0.00965693822274716
-0.00965693822274716
-0.00965693822274716
-0.00965693822274716
0
-0.00965693822274716
0
0
-0.00965693822274716
-0.00965693822274716
-0.00965693822274716
-0.00965693822274716
0
-0.00965693822274716
-0.00965693822274716
-0.00965693822274716
-0.00965693822274716
-0.00965693822274716
-0.00965693822274716
-0.00965693822274716
0
-0.00965693822274716
-0.00965693822274716
-0.00965693822274716
0
-1000
86.7703072994905
0
0
0
0
0
0
0
0
0
0
0
