0
0
0
0
0
0
0
1000
-1000
0
1000
0
0
199.262735248521
1000
0
999.731974956973
-999.731974956973
999.938486055699
0
0.0615139443013959
0
-1000
0.386659078465641
0
1000
-201.839670605671
0
-235.723288281751
0.0319083706944769
0
0
0
0
0
0.033876744211344
0
0
0
36.9138191390309
0
0
0
0
0
0
0
0
0
0
0
0
0
0
0
0
0
0
0
0
0
0
0
0
235.723288281751
0
0
0
0
0
0
0
1000
1000
0
0
0
0
0
0
-1000
0
0
0
0
0
0
0
0
0
0
0
0
0
0
0
0
0
0
0
0
0
0
0
0
0
0
0
0
0
0
0
0
0
0
16.2646040915511
15.9965790485238
0
0
0
0
0
0
0
0
0
0
0
0
0
1000
0
0
-1000
0
0
0
0
-1000
0
0
0
0
-0.0376226517074656
0
0
0
0
-984.50024900064
0
0
0
-204.581434980245
0
0
598.466996535699
1000
1000
401.524215757972
0
204.581434980245
0
-1000
401.524215757972
600.786951006493
1000
-800.737264751479
0
204.581434980245
1000
0
0
0
0
0
1000
-1000
0
0
0
0
0
-3.65306406102275
0
0
0
0
0
0
0
-3.35448197297694
-1000
0
0
0
0
0
0
0
0
7.18330016057507
0
1000
0
0
0
-3.65745791418715
0
-709.090073148593
0
28.9080296515104
0
0
0
0
0
0
0
0
0
992.816699839425
0.485277681443685
0
-999.514722318556
1.22198190993798
0
3.09650781226821
0
0
0
-999.26768962467
0
0
0
0
0
0
0
0
0
0
-0.485277681443677
0
-1000
0
-1000
1000
1000
-1000
1000
-1000
21.4022261823596
1000
-657.859103271411
-1.0171492903836
999.514722318556
0
0
-0.727916522165515
1000
1000
-1000
1.22198190993798
0
328.369352199872
1000
0
0.188935686068445
0
-0.188935686068476
0
0.00187568002715312
0
0
0
0
0
0
0
3.49765070288144
0
0
0
0
0
0
0
0
0
998.782411943226
0
1000
0
712.998088322481
0
1000
0
-0.188935686068476
0
-0.727916522165515
0
0
0.727916522165515
0
0
0
0
0
0
0
-1000
0
0
0
-253.47171879039
0
0
-771.860925823132
-1.0171492903836
0
1.04071161196494
0
0
0
0
0
0
0.727916522165528
0
0
0.73231037532991
0
0
0
0
0
2.42638840721843
10.2144590625974
0
0
0
0
0
0
0
0
0
-742.884004854916
691.43963437971
708.362156626427
328.367476519845
1000
1000
-1000
-1000
0
-1000
0
-1000
-1000
1000
1000
0
0
0
0
0
0
-1000
0
1000
1000
-1000
-1000
1000
0
0
-1000
-1000
0
0
0
0
0
0
1.01714929038359
-978.112496136197
-1000
-1000
1000
1000
-1000
-706.906323582096
-1000
-292.356972189409
1000
1000
0
1000
1000
-1000
-1000
0
-1000
-1000
1000
1000
1000
-1000
1000
1000
0
0
0
0
0
0
0
0
-995.913207651693
0
0
7.18330016057503
-1000
730.719988561485
0
0
0
-30.9584260016553
0
0
0
0
0
0
0
0
312.241899029441
16.9939837168388
0
0
0
16.9939837168388
0
0
0
0.00376226517074318
0
920.06884347924
-24.9004929631831
-895.168350516057
0
0
895.168350516057
0
0
0
0
0
0
0
0
0
0
0
0
0
0
0
0
0
0
0
1000
0
0
0
0
0
-1000
1000
0
0
0
0
0
0
0
0
0
0
0
-1000
-1000
0.109846329109587
0.109846329109587
0
-999.272083477834
0
0
0
0
0
0
0
0
0
0
0
0
0
0
0
0
0
0
0
0
0
0
0
0
0
0
0
0
0
0
0
0
0
0
0
0
0
0
0
0
0
0
0
0
0
0
0
0
0.171360273410915
0
0
191.449072307513
-1000
0
0
0
0
0
0
1000
0
0
0
0
0
0
0
0
0
0
0
0
0
0
0
0
0
0
0
0
0
0
0
0
0
0
0
-371.140226996603
0
0
0.171360273410915
0
0
0
0
0
0
0
0
0
1000
0
0
0
0
0
0
0
0
0
0
0
0
0
0
0
0
0
0
0
0
0
0
0
0
0
0
0
0
0
0
0
0
0
0
0
0
0
0
0
0
0
0
0
0
0
0
34.0355336117822
0
34.0355336117822
0
0
0
0
0
0
0
0
0
0
0
0
0
0
0
0
0
0
0
0
0
1000
0
0.00439385316438243
0
0
0
0
0.79528742275322
0.79528742275322
0
35.9841897693717
0
0
0
0
0
0
0
0
0
0
0
0
0
0
0
0
0
0
0
0
0
0
0
0
0
1000
0
0
0
1000
0
0
1000
0
0
0
0
2.28480364547886
0
0
2.28480364547886
0
0
0
0
0
0
0
0
0
0
2.28480364547886
0
2.28480364547886
0
0
0
13.6299188116534
38.8525443705851
24.8345851657173
18.1893934319218
26.9688073283961
8.87642399477786
20.7601610369668
37.9794534858528
34.9721404384417
11.0591512066085
21.4392317250919
44.1880997772821
34.8751303401381
10.7681209116977
17.8498580878593
24.7375750674137
32.0618374893342
25.9502012962085
4.75349481687557
32.352867784245
0
0
0
0
0
0
0
0
0
0
0
0
0
0
0
0
0
0
0
0
0
0
0
0
0
0
0
0
0
0
0
0
0
0
0
0
0
0
0
0
0
0
0
0
0
0
0
0
0
0
0
0
0
0
0
0
0
0
0
0
0
0
0
0
0
0
0
0
0
0
0
0
0
0
0
0
0
0
0
0
0
0
0
0
0
0
0
0
0
0
0
0
0
-1000
0
0
0
0
0
-324.824969711842
-324.824969711842
1000
1000
0
0
365.582466316801
0
204.706562207633
0
0
-30.9584260016553
-586.711811329904
-570.447207238352
-1000
0
-381.850832673523
0
435.125172637642
182.900966800232
1000
570.297816230764
1000
0
-204.706562207633
1000
0
-1000
-1000
-1000
0
618.149167326477
0
0
0
381.850832673523
0
0
0
0
0
0
0
0
0
0
0
0.00376226517073519
309.581277175845
1000
1000
0
500
250.00155988603
2.51316247553938
5
0
0
0
0
0
0
250
0
190.926576886879
0
0
-0.0014411649357271
0
0
0
0
-0.0014411649357271
0
307.478269091447
0
-0.0014411649357271
0.0014411649357271
-0.0014411649357271
-0.536967468796774
0
-0.0900728084822049
0
-1000
-0.0014411649357271
0.0014411649357271
-0.0014411649357271
-0.0014411649357271
0.0014411649357271
-0.0014411649357271
0.0014411649357271
-0.0014411649357271
-0.0014411649357271
-0.0014411649357271
-0.0014411649357271
-0.0014411649357271
-0.0014411649357271
-0.0014411649357271
-0.0014411649357271
-0.0014411649357271
-0.0014411649357271
-0.0014411649357271
-0.0302644636500418
-0.0146384103483115
-0.0414334919017847
-0.0417937831357449
-0.0212571828018326
0.0014411649357271
0.0014411649357271
-0.0851446176985746
0.0014411649357271
0.0014411649357271
0.0014411649357271
0.0014411649357271
-0.689957712973865
-0.0104484457839362
-0.0774626152947349
-0.390195406345015
-0.020060422608708
0.0014411649357271
0.0014411649357271
0.0136910668893506
0.0014411649357271
0.0014411649357271
-0.0014411649357271
0
0
0
0
0
0
0
0
0
0
0
0
0
0
0
0
0
0
0
0
0
0
0
0
0
0
0
0
0
0
0
0
0
0
0
0
0.00563112950010236
0
0
0
0
0
0
0
0
0
0
0
0
0
0
0
0
0
0
0
0
0
0
0
0
0
0
0
0
0
0
0
0
0
0
0
0
0
0
0
1000
0
0
0
0
0
0
0
0
0
0
0
0
0
0
0
0
0
0
0
0
0
0
0
0
0
0
0
0
0
0
0
0
0
0
0
0
0
0
0
0
0
0
0
0
0
0
0
0
0
0
0
0
0
0
0
0
0
0
0
0
0
0
0
0
0
0
0
0
0
0
0
0
0
0
0
0
0
0
0
0
0
0
0
0
0
0
0
0
0
0
0
0
0
0
0
0
0
0
0
0
0
0.00144116493571561
190.929459216751
0.00144116493571561
0.0789037802304298
0
0
0
0
0
0.00144116493571561
0
0
0
0
0
0
0
0
0
0
0
0
0
0
0
0
0
0
0
0
0
0
0
0
0
0
0
0
0
0
0
0
0
0
0
0
0
0
0
0
0
0
0
0
0
0
0
0
0
0
0
0
0
0
0
0
0
0
0
0
0
0
0
0
0
0
0
0
0
0
0
0
0
0
0
0
0
0
0
0
0
0
0
0
0
0
0
0
0
0
0
0
0
0
0
0
0
0
0
0
0
0
0
0
0
0
0
0
0
0
0
0
0
0
0
0
0
0
0
0
0
0
0
0
0
0
0
0
0
0
0
0
0
0
0
0
0
0
0
0
0
0
0
0
0
0
0
0
0
0
0
0
0
0
0
0
0
0
0
0
0
0
0
0
0
0
0
0
0
0
0
0
0
0
0
0
0
0
0
0
0
0
0
0
0
0
0
0
0
0
0
0
0
0
0
-1000
0
0
0
0
0
0
0
0
0
0
0
0
0
0
0
0
0
0
0
0
0
0
0
0
0
0
0
0
0
0
0
0
0
0
0
0
0
0
0
0
0
0
0
0
-0.00469465262608537
0
0
0.00469465262608537
0
0
0
0
0
0
0
0
0
0
0
0
0
0
0
0
0
0
0
0
0
0
0
0
0
0
0
0
0
0
0
0
0
0
0
0
0
0
0
0
0
0
0
1000
1000
0
0
0
0
0
0
0
0
0
0
0
0
0
0
0
0
0
0
-1000
0
-1000
0
0
0
0
0
0
0
1000
1000
0
0
0
0
0
0
0
0
0
0
0
0
0
0
0
0
0
0
0
0
0
0
0
0
0
0
0
0
0
0
0
0
0
0
0
0
0
0
0
0
0
0
0
0
0
0
0
0
0
0
0
0
0
0
0
0
0
0
0
0
0
0
0
0
0
0
0
0
0
0
0
0
0
0
0
0
0
0
0
0
0
0
0
812.144671040682
2.40645930692995
0
0
0.0014411649357271
0
-809.019739719265
0
190.928018051815
0
0
2.13728072722893
-0.0014411649357271
307.478269091447
0
0
0
0.00563112950010236
0
0
-1000
999.998558835064
0
0
0
0
0
0
0
0
0
0
0
0
0
-1000
0.00563112950010236
0
0
0
-0.0150163453336063
0
0
0
0
0
0
0
0.0150163453336063
0
0
0
0
0
250
-1000
812.144671040682
0
0
0
-2.40645930692995
1000
-0.0225735910244111
0
0
0.0014411649357271
-0.0014411649357271
0
0
190.980260280734
-190.980260280735
1000
0
-190.928018051815
-190.928018051815
0
0
1000
0
494.637699627302
-809.01829855433
-1000
0
-692.521730908553
-307.478269091447
-1000
0
0
0
0
0
-1000
0
0
0
0
0
-1000
1000
-1000
0
0
0
-1000
0
0
0
-1000
0
0
0
0
0
0
0
0
0
0
0
0
0
0
0
0
0
0
0
-1000
1000
-1000
0
-1000
0
-1000
0
-1000
0
0
0
0
0
0
0
0
0
-1000
0
-1000
0
-1000
0
-1000
0
-1000
0
-1000
0
0
0
0
0
0
0
0
0
0
0
-1000
250
-250
0
0
0
0
0
0
0
0
0
0
0
0
0
0
0
0
0
0
0
0
0
0
0
0
0
0
0
0
0
0
0
0
0.00563112950010236
-0.00563112950010236
0
0
0
0
0
0
0
0
0
0
0
0
0
0
0
0
0
0
0
0
0
0
0
0
0
0
0
0
0
0
0
0
0
0
0
0
0.00563112950010236
-0.00563112950010236
0
0
0
0
0
0
0.0150163453336063
0.0150163453336063
0
0
0
0
0
0
0
0
0
0
0
0
0
0
0
0
-0.0150163453336063
-0.0150163453336063
0
0
0
0
0
0
0
0
0
0
0
0
0
0
0
0
0
0
0
0
0
0
0
0
0
0
0
0
0
0
0
0
0
0
0
0
0
0
0
0
0
0
0
0
1.23223817194692
0.00376226517074318
0
0
0
0
0
0
0
0
0.155041675422742
0
0
0
0
0
0
0
0
0
0
0
0
0
0
0
0
0
0
0
0
0
0
0
0
0
0
0
0
0
0
0
0
0
0
0
0
0
0
0
0
0
0
0
0
0
0
0
0
0
0
0
0
190.980260280735
190.980260280735
190.980260280735
0
0
0
0
0
0
0
0
0
0
0
0
0
0
0
0
0
0
0
0
0
0
0
0
0
0
0
0
0
0
0
0
0
0
0
0
0
0
0
0
0
0
0
0
0
0
0
0
0
0
0
0
0
0
0
0
0
0
0
0
0
0
0
0
0
0
0
0
0
0
0
0
0
0
0
0
0
0
0
0
0
0
0
0
0
0
0
0
0
0
190.928018051815
190.928018051815
190.928018051815
190.928018051815
-190.928018051815
0
0
0
0
0
0
0
0
0
0
0
0
0
0
0
0
0
0
0
0
0
0
0
0
0
0
0
0
0
0
0
0
0
0
0
0
0
0
0
0
0
0
0
0
0
0
0
0
0
0
0
0
0
0
0
0
0
0
0
0
0
0
0
0
0
0
0
0
0
0
0
0
0
0
0
0
0.00376226517074318
0.00376226517074318
0.00376226517074318
0.00376226517074318
0.00376226517074318
0
0
0
0
0
0
0
0
0
0
0
0
0
0
0
0
0
0
0
0
0
0
0
0
0
0
0
0
0
0
0
0
0
0
0
0
0
0
0
0
0
0
0
0
0
0
0
0
0.0376226517074318
0.0376226517074318
-0.0376226517074656
0.00376226517074318
0
0
0
0
0
0
0
0
0
0
0
0
0
0
0
0
0
0
0
0
0
0
0
0
0
2.32925653511463
2.32175381500602
0
0
0
0
0
0
0
0
0
0
0
0
0
0
0
0
0.0376226517074318
0.0376226517074318
0.00376226517074318
0.00376226517074318
0
0
0
0
0
0
0
0
0
0
0
0
0
0
0
0
0
0
0
0
0
0
0
0
0
0
0
0
0
0
0
0
0
0
0
0
0
0
0
0
0
0
0
0
0
0
0
0
0
0
0
0
0
0
0
0
0
0
0
0
0
0
0
0
0
0
0
0
0
0
0
0
0
0
0
0
0
0
0
0
0
0
0
0
0
0
0
0
0
0
0
0
0
0
0
0
0
0
0
0
0
0
0
0
0
0
0
0
0
0
0
0
0
0
0
0
0
0
0
0
0
0
0
0
0
0
0
0
0
0
0
0
0
0
0
0
0
0
0
0
0
0
0
0
0
0
0
0
0
0
0
0
0
0
0
0
0
0
0
0
0
0
0
0
0
0
0
0
0
0
0
0
0
0
0
0
0
0
0
0
0
0
0
0
0
0
0
0
0
0
0
0
1.23223817194692
1.25853040767637
1.25853040767637
0
0
0
0
-1.2585304076764
1.25853040767637
0
0
198.388933320043
198.362641084313
0
0
0
0
0
0
0
0
0
0
0
0
0
0
0
0
0
0
0
0
0
0
0
0
0
0
0
0
0
0
0
0
0
0
0
0
0
0
0
0
0
0
0
0
0
0
0
0
0
0
0
0
0
0
0
0
0
0
0
0
0
0
0
0
0
0
0
0
0
0
0
0
0
0
0
0
0
0
0
0
0
0
0
0
0
0
0
0
0
0
0
0
0
0
0
0
0
0
0
0
0
0
0
0
0
0
0
0
0
0
0
0
0
0
0
0
0
0
0
0
0
0
0
0
1.23223817194692
0.00376226517074318
0
0
0
0
0
0
0
1.6222124058094
0
0
0
1.01714929038359
1.01714929038359
1.01714929038359
0
0
0
0
0
0
1.3910421125404
0
0
0
0.00376226517074318
0
0
0
0
-1.39104211254039
1.3910421125404
0
0
0
0
0.381933528009648
0
0
0
0
0
0.0225299705587113
0
0
0
0
0
0
0
0
0
0
0
0
11.3414156054233
11.3414156054233
11.3414156054233
0
0
0
0
-0.155041675422694
0
0
0
0
0
0
0
0
0
0
0
0
0
0
0
0
0
0
0
0
0
0
0
0
0
0
0
0
0
0
0
0
0
0
0
0
0
0
0
0
0
0
0
0
0
0
0
0
0
0
0
0
0
0
0
0
0
0
0
0
0
0
0
0
0
0
0
0
0
0
0
0
0
0
0
0
0
0
0
0
0
0
0
0
0
0
0
0
0
0
0
0
0
0
0
0
0
0
0
0
0
0
0
0
0
0
0
0
0
0
0
0
0
0
0
1000
0
0
1000
1000
0
0
0
0
0
0
0
0
0
0
0
0
0
0
0
0
0
0
0
0
0
0
0
0
0
0
0
0
0
0
0
0
0
0
0
0
0
0
0
0
0
0
0
0
0
0
0
0
0
0
0
0
0
0
0
0
0
0
0
0
0
0
0
0
0
0
0
0
0
0
0
0
0
0
0
0
0
0
0
0
0
0
0
0
0
0
0
0
0
0
0
0
0
0
0
0
0
0
0
0
0
0
0
0
0
0
0
0
0
0
0
0
0
0
0
0
0
0
0
0
0
0
0
0
0
0
0
0
0
0
0
0
0
0
0
0
0
0
0
0
0
0
0
0
0
0
0
0
0
0
0
0
0
0
0
0
0
0
0
0
0
0
0
0
0
0
0
0
0
0
0
0
0
0
0
0
0
0
0
0
0
0
0
0
0
0
0
0
0
0
0
0
0
0
0
0
0
0
0
0
0
0
0
0
0
0
0
0
0
0
0
0
0
0
0
0
0
0
0
0
0
0
0
0
0
0
0
0
0
0
0
0
0
0
0
0
0
0
0
0
0
0
0
0
0
0
0
0
0
0
0
0
0
0
0
0
0
0
0
0
0
0
0
0
0
0
0
0
0
0
0
0
0
0
492.543206071323
0
492.543206071323
0
0
492.543206071323
0
0
0
492.543206071323
0
0
0
0
0
0
0
0
0
0
0
0
0
0
0
0
0
0
0
0
0
0
0
0
0
1000
0
0
0
0
0
0
0
0
0
0
0
0
0
0
0
0
0
0
0
0
0
0
0
0
0
0
0
0
0
0
0
0
0
0
0
0
0
0
0
0
0
0
-492.543206071323
0
0
0
492.543206071323
0
0
0
0
0
0
0
0
0
0
0
0
0
0
0
0
0
0
0
0
0
0
0
0
0
0
0
0
0
0
0
0.171360273410915
0.171360273410915
0
0
0
0
0.171360273410869
0.171360273410915
0
0
0
0
0
0
0.0263631189862946
0
0
0
0
0
0
0
0
0
0
0
0
0
0
1.03694934679425
0
0
1.03694934679425
1.03694934679425
0
1.03694934679425
1.03694934679425
0
0
1.03694934679424
0
0
1.03694934679425
0
0
0
0
0
0
0
0
0
0
0
0
0
0
0
0
0
0
0
0
0
0
0
0
0
0
0
0
0
0
0
0
0
559.492008093899
559.492008093899
0
0
0
0
0
0
0
0
0
0
0
0
0
0
0
0
0
0
0
0
0
0
0
0
0
0
0
0
0
0
0
0
0
0
0
0
0
0
0
0
0
0
0
0
0
0
0
0
1000
-1000
747.294856763069
0
0
0
-1000
-1000
1000
0
0
0
0
-865.098660976103
611.665601217006
0
0
0
0
0
0
0
0
0
0
0
0
0
0
0
0
0
0
0
0
0
0
0
0
0
0
0
0
0
0
0
0
0
0
0
0
0
0
0
0
1000
0
0
0
0
0
0
0
0
0
0
0
0
0
0
0
0
0
-999.996237734829
-1000
1000
-1000
1000
999.996237734829
-1000
0
0
0
0
0
0
0.00376226517073519
0
0
0
0
0
0
0
0
0
0
0
0
0
0
0
0
0
0
0
0
0
0.0150163453336619
0
0.00376226517074318
0.0225299705587113
1000
0.00187568002715312
0.00187568002715312
0.00376226517073519
0
0.0131406653065088
0.00187568002715312
0.028167915756596
-0.00187568002718308
0.00187568002715312
0.00187568002715312
0.00187568002715312
0.00187568002715312
0.00187568002715312
-0.00187568002718308
-0.00375136005425247
-0.00563794519791827
0.00187568002715312
0.00187568002715312
0.00187568002718308
0.00187568002715312
-0.00563794519791827
-0.00187568002718308
0.00376226517073519
0.00187568002715312
0.00187568002715312
0.00376226517074318
0.00376226517074318
-0.00376226517073519
-0.00376226517073519
0.00376226517073519
0.00376226517073519
0.00187568002715312
0.00187568002715312
0.00187568002715312
0.00187568002715312
0.0413303912960146
-0.00563794519791827
-999.973707764271
0
0
0
0
0
0
-808.550927692487
0
0
0
0.00376226517074318
0
0
0
0
0.00188113258537159
0.00376226517073519
0.00376226517073519
0
0
0.00376226517074318
0.00376226517074318
0
0
0
0
0
0
0.00750272010861248
0.00187568002715312
0.00562704008145936
0.00187568002715312
-0.00187568002718308
0.00187568002715312
0.00187568002715312
0.00187568002715312
0.00187568002715312
0.00187568002715312
0.00187568002715312
0.00375136005430624
0.00187568002715312
0.00187568002715312
0.00187568002715312
0.00187568002715312
0.00187568002715312
0
0.00187568002715312
0.00376226517074318
0.00376226517074318
0.00376226517074318
0.00376226517074318
0.00376226517074318
0.00376226517074318
0.00376226517074318
0.00376226517074318
0.00376226517074318
0.00376226517074318
0.00376226517074318
0.00376226517074318
0.00376226517074318
0.00376226517074318
0
0
0
0
0
0
0
0
0
0
0
0
-0.00376226517073519
0.00376226517074318
0.00376226517074318
0
0
0
0
0
0
0
0
0
0
0
0
0
0
0
0
0
0
0
0
0
0
0
0
0
0
0
0
0
0
0
0
0
0
0
0
0
0
0
0
0
0
0
0
0
0
0
0
0
0
0
0
0
0
0
0
0
0
0
0
0
0
411.792459867467
500
0
0
0
0
0
0.00376226517074318
0
0
0
0
0
0
0
0
0
0
0
0
0
0
0
0
0
0
0
0
0
0
0.231170293268997
-1000
0
0
0
-250
0
-190.926576886879
0
0
0
0.00144116493571561
0
0
0
0
0
0
0
0
0
0.00144116493571561
0
0
0
0
0
0
0
0.00144116493571561
0
0.00144116493571561
0
0.00144116493571561
0
0.536967468796805
0
0
0
0.0900728084822258
0
0
0
0
0
0.00144116493571561
0
0.00144116493571561
0
0.00144116493571561
0
0.00144116493571561
0
0.00144116493571561
0
0.00144116493571561
0
0.00144116493571561
0
0.00144116493571561
0
0.00144116493571561
0
0.00144116493571561
0
0.00144116493571561
0
0.00144116493571561
0
0.00144116493571561
0
0.00144116493571561
0
0.00144116493571561
0
0.00144116493571561
0
0.00144116493571561
0
0.00144116493571561
0
0.0302644636500279
0
0.0146384103483458
0
0.0414334919018239
0
0.0417937831357528
0
0.0212571828018053
0
0.00144116493571561
0
0.00144116493571561
0
0.0851446176985732
0
0.00144116493571561
0
0.00144116493571561
0
0.00144116493571561
0
0.00144116493571561
0
0.68995771297385
0
0.0104484457839382
0
0.0774626152947142
0
0.390195406345002
0
0.0200604226086665
0
0.00144116493571561
0
0.00144116493571561
0
0.0136910668892983
0
0.00144116493571561
0
0.00144116493571561
0
0.00144116493571561
0
0
-1000
0
0
0.0262922357294428
0
0
0
0
0
0
0
-478.763702939513
-1000
-1000
0
0
1.03694934679425
28.9080296515103
0
1000
0
558.100965981358
1000
-1000
-1000
0
0
1000
0
0
0
0
0
-336.886755225034
1000
0
0
0
0
-998.782411943226
998.953772216637
-0.00376226517073519
0
0
-1.0171492903836
1000
712.998088322481
0
0
0
198.394549455008
1000
998.782411943226
-671.630647800128
-3.09650781226821
-963.908670187914
0
1000
46.1671557644589
0
-1000
0
0
1000
847.006400970877
-633.828566625328
1000
0
1000
0
0
-1000
1000
1000
1000
0
0
0
0
0
0
0
0
0
0
0
0
0
0
1000
0
0
0
0
0
0
0
1000
0
0
0
0
1000
0
0
0
0
0
0
0
0
0
-335.704216088187
-1000
-1000
-1000
1000
-1000
-1000
-1000
-680.628913057012
-1000
-1000
1000
1000
-789.449711683476
-1000
-1000
-1000
-1000
-1000
1000
-1000
-1000
-1000
1000
1000
1000
1000
1000
1000
1000
-1000
1000
-1000
249.557693756243
-1000
-1000
-1000
-1000
-1000
-1000
-1000
1000
-1000
-1000
-1000
-1000
-1000
-1000
-1000
-1000
-1000
-1000
-789.449711683476
978.112595252141
-1000
-1000
-1000
-1000
-725.265185857061
-1000
-1000
-1000
-1000
-1000
-1000
-1000
-1000
1000
-1000
-1000
-1000
-1000
-1000
1000
1000
-1000
-1000
-1000
-1000
1000
-1000
0
1000
-1000
-1000
1000
1000
1000
235.686744608542
1000
1000
1000
656.181447085253
1000
1000
1000
1000
1000
-1000
-1000
-1000
-1000
1000
-1000
-18.2421196698945
-1000
726.317579695228
-1000
1000
1000
1000
1000
1000
-301.337436628761
1000
1000
-1000
-1000
-1000
-1000
-1000
-11.1646036825537
0
975.099507036817
1000
-1000
-1000
-1000
0
0
0
0
0
0
0
0
0
0
0
0
0
0
0
0
0
0
0
0
0
0
0
0
0
0
0
0
0
0
0
0
0
0
0
0
0
0
0
0
0
0
0
0
0
0
0
0
0
0
0
0
0
0
0
0
0
0
0
0
0
0
702.160345724059
0
0
0
0
0
0
0
0
0
0
0
0
0
0
0
0
0
0
0
0
0
0
0
0
0
0
0
0
0
0
0
0
0
0
0
0
0
0
0
0
0
0
0
0
0
0
0
0
0
0
0
0
0
0
0
0
0
0
0
0
0
0
0
0
0
0
0
0
0
0
0
0
0
0
0
0
0
0
0
0
0
0
0
0
0
0
0
0
0
0
0
0
0
0
0
0
0
0
0
0
0
0
0
0
0
0
0
0
0
0
0
0
0
0
0
0
0
98.3902188829297
0
0
0
0
0
0
0
0
0
0
0
0
0
0
0
0
0
0
0
0
0
0
0
0
0
0
0
0
0
0
0
0
0
0
0
0
0
0
0
0
0
0
0
0
0
0
0
0
0
0
0
0
0
0
0
0
0
0
0
0
0
0
0
0
0
0
0
0
0
0
0
0
0
0
0
0
0
0
0
0
0
0
0
0
0
0
0
0
0
0
0
0
0
0
0
0
0
0
0
0
0
0
0
0
0
0
0
0
0
0
0
0
0
0
0
0
0
0
0
0
0
0
0
0
0
0
0
0
0
0
0
0
0
0
0
0
0
0
0
0
0
0
0
0
1000
1000
-705.8017620907
1000
1000
1000
1000
-15.4997509993601
-1000
-1000
1000
-1000
1000
1000
1000
0
-1000
-1000
999.947404623425
-1000
1000
705.801762090699
-1000
-1000
-1000
-1000
-1000
0
1000
-1000
-1000
1000
-1000
-1000
-1000
-1000
1000
-1000
-1000
-1000
-1000
1000
-1000
-1000
-1000
1000
-1000
-705.8017620907
0
-999.947404623425
-1000
-1000
-1000
1000
-1000
0
0
0
0
0
0
0
0
0
0
0
0
0
0
0
0
-1000
-1000
-712.998088322481
0
0
0
0
218.259440405898
0
1000
0
0
0
0
0
0
0
0
0
-0.00376226517073519
0.00376226517074318
0
0
-0.00376226517073519
-0.00376226517073519
0
0
0
0
0
0
0
0
0
0
0
0
0
0
0
0
0
0
0
0
0
0
0
0
0
0
0.00376226517074318
0
0
-1000
-555.271830672269
583.224046777241
-219.401288412485
-1000
0
0
0
0
-0.00376226517073519
0.381933528009654
-7.18330016057507
0
0
0
0
0
0
0
0
0
0
0
0
0
0
0
0
1000
0
0
0
0.00376226517074318
0
0
0
294.1982379093
-556.907353683296
0
0
0
0
0
0
0
-1000
0
0
0
0
0
0
0
0
0
0
0
0
0
0
0
0
0
0
0
0
0
0
0
0
0
0
0
0
0
0
0
0
0
0
0
0
0.00376226517074318
0
0
0
0
0
1000
0
812.144671040682
0
-190.926576886879
0
2.03429858076718
0
0
0
-492.543206071323
0
0.00562704008145936
1000
0
-895.168350516057
0
0
0
0
0
0
1.03694934679424
0
0
0
0
0.00376226517073519
-747.433298990325
-435.248200526244
1000
687.758100970559
0
0
221.129345013102
-220.979954005513
1000
0
0
0
0
0
1.04071161196498
0
0
1000
0
221.591865918172
312.241899029441
0
920.06884347924
0
0
-1000
0
0
-1000
0
-1000
1000
0
0
0
0
0
0
0
0
0
0
0
204.715349913962
0
0
0
196.691372954989
0
0
0
0
0
0
785.237843112015
0
0
1000
0
0
0
0
0
0
0
0
0
0
0
0
1.01714929038359
0
0.00376226517074318
-0.00376226517073519
0.00376226517074318
0.00376226517074318
0
0
0.00376226517073519
0
0
0
1.0171492903836
0
0
-0.0112867955122056
-1000
1000
-1000
978.59777381764
-1000
1000
0
0
-1000
1000
-1000
-1000
0
0
0
0
0
0
0
0
0
0
0
0
0
0
0
0
0
0
0
0
0
0
0
0
21.4022261823596
0
0
0
0
0
0
0.00187568002715312
0
1000
0
0
0
0
0
0
0.00376226517074318
0
0
0
0
0
0
0
0
0
0
-1000
0
0
0
0
0
0
0
0
0
0
0
0
0
1000
0
0
0
1000
0
0
0
0
0
0
0
0
0
0
0
0
0
0
0
0
0
0
0
0
0
0
0
0
0
0
2.42638840721838
0
0
0
0
0
0
0
0
0
0
0
0
0
0
0
0
0
0
0
0
0
0
0
0
0
0
0
0
0
0
0
0
0
0
0
0
0
0
0
0
0
0
0
0
0
0
0
0
0
0
0
0
0
0
0
0
0
0
0
0
0
0
0
0
0
0
0
0
0
0
0
0
0
0.231170293268997
0
0
0
0
0
0
0
0
0
0
0
0
0
0
0
0
0
0
0
0
0
0
0
0
0
0
0
0
0
0
0
0
0
0
0
0
0
-999.968091629305
0
0.00187568002718308
0
0.0300326906673263
0
0
-0.0319083706945094
0
1000
0.0168920253607894
0
0
0
0
0
0
0
0
0
0
0
0
0
0
0
0
0
0
0.00376226517074318
0.00376226517074318
0.00376226517074318
-1000
-1000
0
-2.40645930692995
-1000
0
0
0
0
0
0
-1000
-588.546470157026
0
0
0
0
0
0
0
0
0
0
-314.380598927027
0
999.998558835064
-0.0014411649357271
-1000
-1000
-1000
-1000
-1000
-1000
0
0
0
0
0
0
0
0
0
0
-1000
0
1000
0.412086174957778
0.00376226517074318
0.00376226517074318
0.00376226517074318
0.00376226517074318
0.00376226517074318
0
0
0
1000
0
0
0
0
0.00144116493571561
0
0
0
0
0
0
0
0
0
0
-1000
0
0
0
0
0
0
1000
-999.998558835064
0
1000
0
0
-1000
0
0
0
0
0
0
0
0
0
250
0
0
0
0
0
0
0
0
0
0
0
0
0
0
0
0
0
0
0
0
0
0
0
0
0
0
0
0
0
0
0
0
0
0
0
0
0
-670.209012981856
0
0
0
0
0
0
0
0
0
-1000
0
0
0
0
0
0
0
0
1000
-1000
-1000
-1000
-1000
-1000
0
0.0225299705587113
0
0
0
0
-411.603524181399
-1000
-1000
0
0
0
0
0
999.977426408976
15.5564975610162
0
0
0
0
0
0.605063115425811
0.605063115425811
-18.065156892914
-999.966215949278
0
0
0
0
0
0
0
0
1000
0
0
0
0
0
0
0
1000
0.00376226517074318
0
0
0
0
0
0
0
0
-1000
1000
0
0
1000
0
0
0
1000
0
0
0
-809.01829855433
0
-1000
-250
0
0
-1000
-1000
0
0
0
0
-190.928018051815
0
0
1000
0
0
0
-1000
1000
-730.690710818216
730.690710818216
-750
0
0
0
0
-1000
-1000
0
0
-1000
0
0
0
0
0.00563112950012321
0
0
0
0
0
0
0
0
0
0
0
0
0
0
0
0
0
0
0
1000
0
0
-1000
1000
-1000
-1000
1000
0
0
0
0
0
0
0
-1000
0
0
1000
0.00187568002715312
0.00187568002715312
0
44.636272800049
-1000
-1000
0
-492.543206071323
307.478269091447
0
0
0
0
0
0
0
0
0
0
0
0
0
0
0
0
0
0
0
0
0
0
0
0
0
-0.0150163453336063
0
0
0
0
0
0
0
0
0
0
0
0
0
0
0
0
0
0
0
0
0
0
0
0
0
0
0
0
0
0
0
0
0
0
0
0
0
0
0
0
0
0
0
0
0
-1000
0
-1000
0
0
0
0
0
-1000
0
0
0
0
0
0
0
0
0
0
0
-1000
0
0
0
0
0
0
0
0
0
0
0
0
0
1000
0
0
0
-187.855328959318
0
0
0
0
0
0
0
0
0
0
0
0
0
0
0
0
0
0
0
0
0
0
0
0
0
0
0
0
0
0
0
0
0
0
0
0
0
0
0
0
190.926576886879
0
0
0
0
0
0
0
0
0
0
0
0
0
0
0
0
0
0
0
0
0
0
0
0
0
0
0
0
0
0
0
0
0
0
0
0
0
0
0
0
0
0
0
0
0
0
0
0
0
0
0
0
0
0
0
0
0
0
0
0
0
0
0
0
0
0
0
0
0
0
0
0
0
0
0
0
0
0
0
0
0
0
0
0
0
0
0
0
0
0
0
0
0
0
0
0
0
0
0
0
0
0
0
0
0
0
0
0
0
0
0
0
0
0
0
0
0
0
0
0
0
0
0
0
0
0
0
0
0
0
0
0
0
0
0
0
0
0
0
0
0
0
0
0
0
0
0
-333.0879228846
0
0
0
0
0
0
0
0
0
0
0
0.556649956420156
0
0
0
0
0
0
0
0
0
0
0
0
0
0
0
-98.4757842420279
0
-628.859773003397
1000
-370.968866723192
0
0
0
-1000
-1000
0
0
0
0
1000
0.0225735910244591
0
0
0
556.881017827101
0
0
0
0
0
0
0
0
0
0
0
0
-34.0355336117822
0
0
0
0
0
0
0
0
0
-2.32925653511461
0
0
0
0
0
0
0
0
0
0
0
0
0
0
0
0
0
0
0
0
0
0
0
0
0
0
0
0
0
0
0
0
0
0
0
0
0
0
0
0
0
0
0
0
0
0
0
0
0
0
0
0
0
0
0
0
0
0
0
0
0
0
0
0
0
0
0
0
0
0
0
0
0
0
0
0
0
0
0
0
0
0
0
0
0
0
0
0
0
0
0
0
0
0
0
0
0
0
0
0
0
0
0
0
0
0
0
0
0
0
0
0
0
0
0
0
0
0
0
0
0
0
0
0
0
0
0
0
0
0
0
0
0
0
0
0
0
0
0
0
0
0
0
0
0
0
0
0
0
0
0
0
0
0
0
0
0
0
0
0
0
0
0
0
0
0
0
0
0
0
0
0
0
0
0
0
0
0
0
0
0
0
0
0
0
0
0
0
0
0
0
0
0
0
0
0
0
0
0
0
0
0
0
0
0
0
0
0
0
0
0
0
0
0
0
0
0
0
0
0
0
0
0
0
0
0
0
0
0
0
0
0
0
0
0
0
0
0
0
0
0
0
0
0
0
0
0
0
0
0
0
0
0
0
0
0
0
0
0
0
0
0
0
0
0
307.478269091447
0
0
0
0
0
0
0
0
0
0
0
-1000
0
0
0
0
0.00376226517073519
-981.486670084319
-18.065156892914
0
0
0
0
0
0
0
0
0
0
0
0
0
0
0
0
0
0
0
0
0
0
0
0
0
0
0
0
0
0
0
0
0
0
0
0
0
0
0
0
0
0
0
0
0
0
0
0
0
0
0
0
0
0
0
0
0
0
0
0
0
0
0
0
0
0
0
0
0
0
0
0
0
0
0
0
0
0
0
0
0
0
0
0
0
0
0
0
0
0
0
0
0
0
0
0
0
0
0
0
0
0
0
0
0
0
0
0
0
0
0
0
0
0
0
0
0
0
0
0
0
0
0
0
0
0
0
0
0
0
0
0
0
0
0
0
0
0
0
0
0
0
0
0
0
0
0
0
0
0
0
0
0
0
0
965.964466388218
0
0
984.50024900064
1000
0
0
0
0
0
0
0
1000
0.00376226517073519
0
0
-1000
1000
0
0
0
0
0
0
0
0
0
0
0
0
0
0
0
0
0
1000
0
0
0
0
0.0262922357294713
0
0
0
0
0
220.236202561483
0
0
0
0
0
0
0
0
1000
0
0
0
0
0
0
0
0
0
0
0
0
0
0
0
0
0
0
0
0
0
0
0
0
0
0
0
0
0
0
0
0
0
0
0
0
0
0
0
0
0
0
0
0
0
0
0
0
0
0
0
0
0
0
0
0
0
0
0
0
0
0
0
0
0
0
0
0
0
0
0
0
0
0
0
0
0
0
0
0
0
0
0
0
0
0
0
0
0
0
0
0
0
0
1000
500
90.8759703078062
0
0
0
-1.0171492903836
0
0
485.050491517916
20.1017646320867
43.9385316438243
0.109051164369367
90.8759703078062
0
0
0
0
0
0
0
0
0
-1000
0
-1000
0
-269.280011438515
-1000
0
18.065156892914
0
0
0
500
0
-250
0
0
-3.60291233928899
0
0.00469465262610127
0.00469465262610127
-0.00469465262608537
-0.231170293268974
0
0
0.00376226517074318
0
0
0
0
0
0
0
0
0
0
0
0
0
0
0
0
0
250
0
190.926576886879
0
0
198.420841690737
-0.689957712973865
-0.0302644636500418
0
-11.1646036825537
-21.8874047478589
-1000
-35.0025520819053
23.1048401330025
-1000
-27.6550163239888
-4.79743334851935
-32.7395268627106
-1000
-1000
0
0
0
0
-1000
-335.704216088187
-18.2421196698945
-48.2819605196986
-13.8709491477008
25.2535597392246
-24.9004929631831
-1000
870.118811873972
964.330715460458
0
0
-1000
28.9080296515103
0
1000
0
0
411.603524181399
-1000
0
0
0
0
0.381933528009654
0
1000
24.9004929631831
0
0
0
0
0
0
0
0
0
0
0
-0.00376226517073519
-0.00376226517073519
0
0
0
0
0
0
0
0
0
0
0
0
0
0
0
0
309.750584285236
0
1000
0
0
-1000
1000
0
-0.00376226517073519
-0.00376226517073519
-1.03694934679424
253.433059759097
0
0
-0.00376226517073519
0
-0.00376226517073519
-7.18330016057507
0
0
-0.00376226517073519
0
0
0
-0.00376226517073519
0
0
0
0
0
0
0
0
0
0
0
984.50024900064
0
0
0
0
0
-34.0355336117823
0
0
0
0
0
0
-1000
1000
0
0
0
-1000
0
1000
0
0
-0.00376226517073519
0
0
0
0
-35.9841897693717
0
0
0
0
0
0
0
0
0
-556.907353683296
-1.0171492903836
-712.998088322481
-1000
-1000
0
0
0
0
0
712.998088322481
0
0
0
0
0
0
0
0
0
-3.09650781226821
0
0
0
0
998.953772216637
1000
1000
0
0
558.100965981358
-963.908670187914
0
0
0
0
0
0
0
0
0
-1000
-808.550927692487
0
0
0
0
0
0
-0.0525953765754821
0
0
0
0
780.598711587515
-998.782411943226
998.782411943226
0
0
0
0
0
0
1000
-1000
-671.630647800128
-336.886755225034
0
0
0
0
0
0
0
0
0
0
1000
0
-0.020060422608708
-0.0014411649357271
-0.390195406345015
0
-0.0212571828018326
-0.0851446176985746
-0.0136910668893506
-0.0774626152947349
-0.0414334919017847
0
0
0
0
0
-0.0014411649357271
-965.964466388218
-0.0014411649357271
-0.0014411649357271
-0.0014411649357271
-0.0104484457839362
0
-0.0014411649357271
-0.536967468796774
-0.556649956420188
0
-15.5564975610163
0
0
-0.0014411649357271
-0.0146384103483115
0
-0.0014411649357271
-0.0014411649357271
-0.0014411649357271
-0.0014411649357271
-0.0417937831357449
0
-0.0900728084822049
-0.231170293268974
0
0
-1000
1000
0
0
-1000
1000
-0.00376226517073519
0
750
-750
0
779.763797438517
0
-1000
0
0
0
0
0
0
0
0
0
0
0
0
0
0
0
0
0
0
-1000
1000
-44.6362728000491
44.636272800049
1000
-1000
1000
-1000
-1000
0.0262922357294428
-1000
-1000
0
-0.0014411649357271
-0.0014411649357271
0
0
0
0
965.964466388218
-371.140226996603
370.968866723192
1000
0.0225735910244111
0
0
0
556.881017827101
0
1000
-1000
0
0
0
-2.32925653511461
0
0
0
0
0
0
0
0
0
0
0
0
0
0
0
0
0
0
0
0
0
0
0
0
0
0
0
0
0
0
0
0
0
0
0
0
0
0
0
0
0
0
0
0
0
0
0
0
0
0
0
0
0
0
0
0
0
0
0
0
0
0
0
0
0
0
-0.0014411649357271
0
0
0
0
0
0
0
0
0
0
0
0
0
0
0
0
0
0
0
0
0
0
0
0
0
0
0
0
0
0
0
0
0
0
0
0
0
0
0
0
0
0
0
0
0
0
0
0
0
0
0
0
0
0
0
0
0
0
0
0
0
0
0
0
0
0
0
0
0
0
0
0
0
0
0
0
0
0
0
0
0
0
0
0
0
0
0
0
0
0
0
0
0
0
0
0
0
0
0
0
0
0
0
0
0
0
0
0
0
0
0
0
0
0
0
0
0
0
0
0
0
0
0
0
0
0
0
0
0
0
0
0
0
0
0
0
0
0
0
0
0
0
0
0
0
0
0
0
0
0
0
0
0
0
0
0
0
0
0
0
0
0
0
0
0
0
0
0
0
0
0
0
0
0
0
0
0
0
0
0
0
0
0
0
0
0
0
0
0
0
0
0
0
0
0
0
0
0
0
0
0
0
0
0
0
0
0
0
0
0
0
0
0
0
0
0
0
0
0
0
0
0
0
0
0
0
0
0
0
0
0
0
0
0
0
0
0
0
0
0
0
0
0
0
0
0
0
0
220.236202561483
1000
0
0
0
0
0
0
-984.50024900064
0
1000
0
0
0
981.486670084319
0
0
0
0
0
0
0
0
0
0
0
0
0
0
0
0
0
0
0
0
0
0
0
965.964466388218
0
-1000
0
-1000
-0.00376226517073519
0
0
0
0
0
0
0
0
1000
220.236202561483
0
-1000
0
0
-1000
0
0
0
0
0
0
0
0
0
0
0
0
0
0
0
0
0
0
0
0
0
0
0
0
0
0
0
0
0
0
0
0
0
0
0
0
0
0
0
0
0
0
0
0
0
0
-0.0014411649357271
-0.0014411649357271
-0.0014411649357271
-0.0014411649357271
0
-0.0014411649357271
-0.0014411649357271
0
-0.0014411649357271
-0.0014411649357271
-0.0014411649357271
-0.0014411649357271
0
-0.0014411649357271
-0.0014411649357271
-0.0014411649357271
-0.0014411649357271
-0.0014411649357271
-0.0014411649357271
-0.0014411649357271
0
-0.0014411649357271
-0.0014411649357271
-0.0014411649357271
0
-1000
90.8759703078063
0
0
0
0
0
0
0
