0
0
0
0
0
0
0
73.9999836852512
-423.932309285995
242.699356304206
43.9980194712364
0
0
250.208966793983
1000
0
999.740903325264
-999.740903325264
999.940535189405
0
0.0594648105951734
0
-1000
0.373778809455416
0
1000
-263.663673904487
0
-312.626272052873
1.38426410690678
0
0
0
0
0
276.568335962048
0
0
0
35.6841572813701
0
0
0
0
0
0
0
0
0
0
0
0
0
0
0
0
0
0
0
0
0
0
0
0
0
0
0
0
312.626272052873
0
0
0
0
1000
1000
0
0
0
312.626272052873
0
0
-1000
0
0
0
0
0
0
0
0
0
0
0
0
1000
0
-1000
0
1000
-1000
0
0
0
0.00363693774359607
0
713.302624224558
0
0
0
0
0
0
421.124890555461
0
0
0
0
0
0
0
0
0
0
0
0
0
0
0
0
543.409936177494
0
0
1000
0
0
0
0
1000
0
0
0
0
-14.8871774134228
0
0
0
0
-1000
0
0
0.00907653158619193
1000
0
0
485.711105627363
1000
1000
514.280399399695
0
0
0
-1000
514.280399399695
764.489366193678
1000
-749.791033206017
0
0
1000
0
0
0.0090765315861745
0
0
1000
-1000
0
0
0
0
0
-4.00048656753836
0
0
0
0
0
0
1000
-746.322334483466
-1000
0
0
0
0
0
0
0
0
1000
0
0
0
0
0
-4.00473405400942
0
1000
0
0
0
0
0
0
0
0
0
0
0
-1000
0
0
-4.00473405400942
0
998.827219350797
0.469112259681232
0
0
0
0
0.703668389521848
0
1000
0
0
0
-1000
0
0
0
0
0
0
0
0
0
0
0
0
-1000
0
-1000
1000
-1000
-1000
0
1000
0
-1000
-13.5315940827733
-0.983266324190936
997.788326327364
0
0
999.037234935742
-998.119303474804
1000
-1000
1000
0
0
1000
0
0.182641918256604
0
-0.18264191825665
0
0.00181319794753195
0
0
0
0
2.19986240984315
0
0
0
0
0
0
0
0
0
0
0
0
4.01200792949669
0
-1000
0.477607232623313
0
0
999.992726124513
0
-0.18264191825665
0
-0.703668389521795
0
0
0.703668389521795
0
0
0
0
0
0
0
-0.259096674736156
0
0
0
-1000
0.703668389521795
0
-229.55706579582
-0.983266324190936
0
0.00363693774356003
0
0
0
0
0
0
0
0
0
0
0
-0.00727387548727165
0
0
0
2.34556129840616
0
9.87419812512556
0
0
0
0
0
0
0
0
126.279151922446
633.786732620922
-999.995752513529
-1000
0
1000
1000
-1000
-1000
-0.218510557887271
1000
-999.78330264006
1000
1000
-1000
0
-1000
0
0
0
0
-1000
0
0
-1000
998.119303474804
-1000
1000
0
1.95925877289449
1000
1000
0
0
0
0
0
0
0.983266324190884
-122.975413020868
1000
122.975413020868
1000
1000
-1000
1000
-1000
-1000
-1000
1000
1000
0
876.55547471945
1000
-1000
-1000
1000
-1000
336.038625296378
-1000
-1000
0
1000
1000
0
0
0
-1000
1000
1.88069652519596
0
0
0.00727387548727165
0
0
0
-774.055962096194
1000
0
0
-718.094303064703
688.167154685232
0
0
0
0
0
0
0
0
225.944037903806
0
0
0
225.944037903806
0
0
0
0.00363693774359607
0
1000
0
-1000
0
0
1000
0
0
0
1000
0
0
0
0
0
0
0
0
0
0
0
0
0
0
0
0
0
1000
0
0
0
0
0
-1000
1000
0
0
0
0
0
0
0
0
0
0
0
1000
1000
0.106187161777143
0.106187161777143
0
0.714579202752589
0
0
0
0
0
0
0
0
0
0
0
0
0
0
0
0
-733.420711895577
0
0
0
0
0
0
0
0
0
0
0
0
0
0
0
0
0
0
0
0
0
0
0
0
0
0
0
0
0
0
0
0
0
0.165651972371732
0
0
0
1000
0
0
0
0
0
0
-1000
0
0
0
0
0
0
0
0
0
0
0
0
0
0
0
0
0
0
0
0
0
0
0
0
82.8708159172447
0
0
0.165651972371732
0
0
0
0
0
0
0
0
0
804.114064594145
0
0
0
0
0
0
0
0
0
0
0
0
0
0
0
0
0
0
0
0
0
0
0
0
0
0
0
0
0
0
0
0
0
-1000
0
0
0
0
0
0
0
0
0
0
0
0
0.0109108132307882
0.0109108132307882
0
0.0109108132307882
0
0
0
0
0
0
0
0
0
0
0
0
0
0
0
0
0
0
0
0
0
-1000
0
0.00424748647108382
0
0
0
0
0.768795051266171
0.768795051266171
0
0
0
0
0
0
0
0
0
0
0
0
0
0
0
0
0
0
0
0
0
0
0
0
0
0
-1000
0
0
0
-1000
0
0
-1000
0
0
0
0
278.744280674546
0
0
278.744280674546
0
0
0
0
0
0
0
0
0
0
278.744280674546
0
278.744280674546
0
0
0
13.1758831232144
37.5583002907287
24.0073030572448
17.5834739188805
26.0704306637268
8.58073527241366
20.0686048994156
36.7142935426224
33.8071591880342
10.6907521426793
20.7250545923871
42.7161193069336
33.7133806604668
10.4094165599772
17.2552490723947
23.9135245296774
30.9938033610133
25.0857561242694
4.59514785080076
31.2751389437154
0
0
0
0
0
0
0
0
0
0
0
0
0
0
0
0
0
0
0
0
0
0
0
0
0
0
0
0
0
0
0
0
0
0
0
0
0
0
0
0
0
0
0
0
0
0
0
0
0
0
0
0
0
0
0
0
0
0
0
0
0
0
0
0
0
0
0
0
0
0
0
0
0
0
0
0
0
0
0
0
0
0
0
0
0
0
0
0
0
0
0
0
0
0
-1000
0
0
0
0
-366.213267379078
-366.213267379078
1000
1000
0
0
0
0
15.1771362556589
266.575651166679
0
688.167154685232
-1000
-281.905696935297
-1000
0
-266.579288104423
733.420711895577
-266.698217725613
1000
1000
281.76128239528
1000
0
-15.1771362556589
733.424348833321
0
-1000
-1000
-1000
0
0
0
733.420711895577
733.420711895577
266.579288104423
0
0
0
0
0
0
0
0
0
0
0
-999.996363062256
367.200170641012
1000
1000
0
500
250.001507923584
2.51272401117832
5
0
0
0
0
0
0
151.786569962339
0
0
0
0
-0.00977696011420903
0
0
0
0
-0.00977696011420903
130.792609547131
1000
73.8923307943701
-0.00977696011420903
0.00977696011420903
-0.00977696011420903
0
0
-0.611060007141532
0
-1000
-3.7959047643634
0
-0.00977696011420903
-0.00977696011420903
0.00977696011420903
-0.00977696011420903
0.00977696011420903
-0.00977696011420903
-0.00977696011420903
-0.00977696011420903
-0.00977696011420903
-0.00977696011420903
-0.00977696011420903
-0.00977696011420903
-0.00977696011420903
-0.00977696011420903
-0.00977696011420903
-0.00977696011420903
-0.205316162399527
0
-0.281087603285073
0
-0.144210161685351
0.00977696011420903
0.00977696011420903
0
0.00977696011420903
0.00977696011420903
0.00977696011420903
0.00977696011420903
-4.68071965470426
-0.070882960828385
-0.525511606141777
0
-1.40215414393037
0.00977696011420903
0.00977696011420903
0.0928811210854974
0.00977696011420903
0.00977696011420903
-0.00977696011420903
0
0
0
0
0
0
0
0
0
0
0
0
0
0
0
0
0
0
0
0
0
0
0
0
0
0
0
0
0
0
0
0
0
0
0
0
0.343798211561193
0
0
0
0
0
0
0
0
0
0
0
0
0
0
0
0
0
0
0
0
0
0
0
0
0
0
0
0
0
0
0
0
0
0
0
0
0
0
0
0
0
0
0
0
0
0
3.33722727145952
0
0
0
0
0
0
0
0
0
0
0
0
0
0
0
0
0
0
0
0
0
0
0
0
0
0
0
0
0
0
0
0
0
0
0
0
0
0
0
0
0
0
0
0
0
0
0
0
0
0
0
0
0
0
0
0
0
0
0
0
0
0
3.33722727145952
3.33722727145952
3.33722727145952
3.32745031134525
0
0
0
0
0
0
0
0
0
0
0
0
0
0
0
0
0
0
0
0
0
0
0
0
0
0
0
0
0.00977696011426489
133.306127961255
0.00977696011426489
634.365664440101
0
0
0
0
0
0.00977696011426489
0.00977696011426489
0
0
0
0
0
0
0
0
0
0
0
0
0
0
0
0
0
0
0
0
0
0
0
0
0
0
0
0
0
0
0
0
0
0
0
0
0
0
0
0
0
0
0
0
0
0
0
0
0
0
0
0
0
0
0
0
0
0
0
0
0
0
0
0
0
0
0
0
0
0
0
0
0
0
0
0
0
0
0
0
0
0
0
0
0
0
0
0
0
0
0
0
0
0
0
0
0
0
0
0
0
0
0
0
0
0
0
0
0
0
0
0
0
0
0
0
0
0
0
0
0
0
0
0
0
0
0
0
0
0
0
0
0
0
0
0
0
0
0
0
0
0
0
0
0
0
0
0
0
0
0
0
0
0
0
0
0
0
0
0
0
0
0
0
0
0
0
0
0
0
0
0
0
0
0
0
0
0
0
0
0
0
0
0
0
0
0
0
0
0
0
0
0
0
0
0
0
0
0
0
1000
0
0
0
0
0
0
0
0
0
0
0
0
0
0
0
0
0
0
0
0
0
0
0
0
0
0
0
0
0
0
0
0
0
0
0
0
0
0
0
0
0
0
0
0
0
0
0
0
0
0
0
0
0
0
0
0
0
0
0
0
0
0
0
0
0
0
0
0
0
0
0
0
0
0
0
0
0
0
0
0
0
0
0
0
0
0
0
0
0
0
0
0
0
0
0
0
0
0
0
0
0
0
0
0
0
0
0
0
0
0
0
1000
1000
0
0
0
0
0
0
0
0
0
0
0
0
0
0
0
0
0
0
0
0
0
-1000
0
-1000
0
0
0
0
0
0
0
1000
1000
0
0
0
0
0
0
0
0
0
0
0
0
0
0
0
0
0
0
0
0
0
0
0
0
0
0
0
0
0
0
0
0
0
0
0
0
0
0
0
0
0
0
0
0
0
0
0
0
0
0
0
0
0
0
0
0
0
0
0
0
0
0
0
0
0
0
0
0
0
0
0
0
0
0
0
0
0
0
0
0
0
0
0
1000
308.251539237904
0
0
0.00977696011420903
0
1000
0
133.29635100114
0
0
792.447126440233
-73.9021077544844
366.169624126155
0
0
0
0.343798211561193
3.78612780424908
0
-996.213872195751
999.990223039886
0
0
0
0
0
0
0
0
0
0
0
0
0
-1000
-0.0611060007141759
0
-0.283531843313654
0
-0.67949872794145
0
0
0
0
0
0
0
1.36793478353047
0
0
0
0
0
151.786569962339
-1000
1000
-133.286574041026
-133.286574041026
0
-252.72609290976
1000
-0.0218216264615876
0
0
0.00977696011420903
-0.00977696011420903
0
0
133.650765805282
-133.650765805282
1000
0
-133.29635100114
-133.29635100114
0
0
-306.49191752755
0
-207.552873559767
-792.447126440233
-1000
0
-633.830375873845
-366.169624126155
-1000
0
0
0
0
0
-1000
0
-3.78612780424908
0
0
0
-996.213872195751
996.213872195751
-1000
0
0
0
-1000
0
0
0
-1000
0
0
0
0
0
0
0
0
0
0
0
0
0
0
0
0
0
0
0
-1000
1000
-1000
0.404904212275369
-1000
0
-1000
0.283531843313654
-1000
0
-0.688436055589023
-0.688436055589023
0
0
0
0
0
0
-1000
0
1000
0
-1000
0
-1000
0
-1000
0
-1000
0
0
0
0
0
0
0
0
0
-944.500012236062
-55.4999877639384
18.4999959213128
-18.4999959213128
0
0
0
0
0
0
0
0
0
0
0
0
0
0
0
0
0
0
0
0
0
0
0
0
0
0
0
0
0
0
0
0
0.343798211561193
-0.343798211561193
0
0
0
0
0
0
0
0
0
0
0
0
0
0
0
0
0
0
0
0
0
0
0
0
0
0
0
0
0
0
0
0
0
0
0
0
0.343798211561193
-0.343798211561193
0
0
0
0
0
0
1.36793478353047
1.36793478353047
0
0
0
0
0
0
0
0
0
0
0
0
0
0
0
0
-1.36793478353047
-1.36793478353047
0
0
0
0
0
0
0
0
0
0
0
0
0
0
0
0
0
0
0
0
0
0
0
0
0
0
0
0
0
0
0
0
0
0
0
0
1000
0
0
0
0
0
0
0
0
0.00363693774359607
0
0
0
0
0
0
0
0
11.1134908106676
0
0
0
0
0
0
0
0
0
0
0
0
0
0
0
0
0
0
0
0
0
0
0
0
0
0
0
0
0
0
0
0
0
0
0
0
0
0
0
0
0
0
0
0
0
0
0
0
0
0
0
0
0
0
0
0
0
0
0
0
0
0
0
0
0
133.650765805282
133.650765805282
133.650765805282
0
0
0
0
133.286574041026
133.286574041026
0
0
0
0
0
0
0
0
0
0
0
0
0
0
0
0
0
0
0
0
0
0
0
0
0
0
0
0
0
0
0
0
0
0
0
0
0
0
0
0
0
0
0
0
0
0
0
0
0
0
0
0
0
0
0
0
0
0
0
0
0
0
0
0
0
0
0
0
0
0
0
0
0
0
0
0
0
0
0
0
0
0
0
0
133.29635100114
133.29635100114
133.29635100114
133.29635100114
-133.29635100114
0
0
0
0
0
0
0
0
0
0
0
0
0
0
0
0
0
0
0
0
0
0
0
0
0
0
0
0
0
0
0
0
0
0
0
0
0
0
0
0
0
0
0
0
0
0
0
0
0
0
0
0
0
0
0
0
0
0
0
0
0
0
0
0
0
0
0
0
0
0
0
0
0
0
0
0
0
0
0
0
0.00363693774359607
0.00363693774359607
0.00363693774359607
0.00363693774359607
0.00363693774359607
0
0
0
0
0
0
0
0
0
0
0
0
0
0
0
0
0
0
0
0
0
0
0
0
0.457190573758019
0.457190573758019
0
0
0
0
0
0
0
0
0
0
0
0
0
0
0
0
0
0.457190573758019
0
0
14.8871774134228
14.8871774134228
-14.8871774134228
4.95390628307256
-2.47513467266447
2.47513467266448
2.47513467266448
2.47513467266448
2.47513467266448
2.47513467266448
2.47513467266448
2.47513467266448
2.47513467266448
2.47513467266448
2.47513467266448
2.47513467266448
0
2.47513467266447
2.47513467266448
2.47513467266448
2.47513467266448
2.47513467266448
2.47513467266448
2.47513467266448
2.46788188087435
2.46788188087435
2.46788188087435
0.00725279179012781
0
0.00725279179012781
0
0
0
0
0
0
0
0
0
0
0
0
0
0
0
0
0
14.8871774134228
14.8871774134228
4.95390628307256
4.95390628307256
0
0
0
0
0
0
0
0
0
0
0
0
0
0
0
0
0
0
0
0
0
0
0
0
0
0
0
0
0
0
0
0
0
0
0
0
0
0
0
0
0
0
0
0
0
0
0
0
0
0
0
0
0
0
0
0
0
0
0
0
0
0
0
0
0
0
0
0
0
0
0
0
0
0
0
0
0
0
0
0
0
0
0
0
0
0
0
0
0
0
0
0
0
0
0
0
0
0
0
0
0
0
0
0
0
0
0
0
0
0
0
0
0
0
0
0
0
0
0
0
0
0
0
0
0
0
0
0
0
0
0
0
0
0
0
0
0
0
0
0
0
0
0
0
0
0
0
0
0
0
0
0
0
0
0
0
0
0
0
0
0
0
0
0
0
0
0
0
0
0
0
0
0
0
0
0
0
0
0
0
0
0
0
0
0
0
0
0
0
0
0
0
1.19119023068975
0.0254163968110438
0.0254163968110438
0
0
0
0
-0.0254163968110106
0
0
0
0
1.1657738338787
0
1000
0
0
0
0
0
0
0
0
0
0
0
0
0
0
0
0
0
0
0
0
0
0
0
0
0
0
0
0
0
0
0
0
0
0
0
0
0
0
0
0
0
0
0
0.0254163968110438
0
0
0
0
0
0
0
0
0
0
0
0
0
0
0
0
0
0
0
0
0
0
0
0
0
0
0
0
0
0
0
0
0
0
0
0
0
0
0
0
0
0
0
0
0
0
0
0
0
0
0
0
0
0
0
0
0
0
0
0
0
0
0
0
0
0
0
0
0
0
0
0
0
0
0
0
0
0
0
0.00363693774359607
0
0
0
0
0
0
0
1.5681737620989
0
0
0
0.983266324190884
0.983266324190884
0.983266324190884
0
0
0
9.77242360544655
0
0
1.34470414296461
0
0
9.77242360544655
0.00363693774359607
0
0
0
0
-1.34470414296459
1.34470414296461
0
0
0
0
0
0
10.9636138361363
0
0
0
0.24524907820174
0
0.223469619134292
0
10.9636138361363
10.9636138361363
0
0
0
0
0
0
0
0
0
0
0
0
0
0
-11.1134908106676
0
0
0
0
0
0
0
0
0
0
0
0
0
0
0
0
0
0
0
0
0
0
0
0
0
0
0
0
0
0
0
0
0
0
0
0
0
0
0
0
0
0
0
0
0
0
0
0
0
0
0
0
0
0
0
0
0
0
0
0
0
0
0
0
0
0
0
0
0
0
0
0
0
0
0
0
0
0
0
0
0
0
0
0
0
0
0
0
0
0
0
0
0
0
0
0
0
0
0
0
0
0
0
0
0
0
0
0
0
0
0
0
0
0
0
0
0
0
0
0
0
0
0
0
0
0
0
0
0
0
0
0
0
0
0
0
0
0
0
0
0
0
0
0
0
0
0
0
0
0
0
0
0
0
0
0
0
0
0
0
0
0
0
0
0
0
0
0
0
0
0
0
0
0
0
0
0
0
0
0
0
0
0
0
0
0
0
0
0
0
0
0
0
0
0
0
0
0
0
0
0
0
0
0
0
0
0
0
0
0
0
0
0
0
0
0
0
0
0
0
0
0
0
0
0
0
0
0
0
0
0
0
0
0
0
0
0
0
0
0
0
0
0
0
0
0
0
0
0
0
0
0
0
0
0
0
0
0
0
0
0
0
0
0
0
0
0
0
0
0
0
0
0
0
0
0
0
0
0
0
0
0
0
0
0
0
0
0
0
0
0
0
0
0
0
0
0
0
0
0
0
0
0
0
0
0
0
0
0
0
0
0
0
0
0
0
0
0
0
0
0
0
0
0
0
0
0
0
0
0
0
0
0
0
0
0
0
0
0
0
0
0
0
0
0
0
0
0
0
0
0
0
0
0
0
0
0
0
0
0
0
0
0
0
0
0
0
0
0
0
0
0
0
0
0
0
0
0
0
0
0
0
0
0
0
0
0
0
0
0
0
0
0
0
0
0
0
0
0
0
0
0
507.458233196116
0
507.458233196116
0
0
0
0
0
0
0
0
0
0
0
0
0
0
0
0
0
0
0
0
0
0
0
0
0
0
0
0
1000
0
0
0
0
0
0
0
0
0
0
0
0
0
0
0
0
0
0
0
0
0
0
0
0
0
0
0
0
0
0
0
0
0
0
0
0
0
0
0
0
0
0
0
0
0
0
0
0
0
0
0
0
0
0
0
0
0
0
0
0
0
0
0
0
0
0
0
0
0
0
0
0
0
0
0
0
0
0.165651972371732
0.165651972371732
0
0
0
0
0.165651972371734
0.165651972371732
0
-249.507279490153
0
0
0
0
0.0254849188258959
0
0
0
0
0
0
249.507279490153
0
0
0
0
0
0
1.00240680717595
0
0
0
0
0
0
1.00240680717595
1.00240680717595
1.00240680717595
1.00240680717593
0
0
0
0
0
0
0
0
0
0
0
0
0
0
0
0
0
0
0
0
0
0
0
0
0
0
0
0
0
0
0
0
0
0
0
0
0
142.974118695822
142.974118695822
0
0
0
0
0
0
0
0
0
0
0
0
0
0
0
0
0
0
0
0
0
0
0
0
0
0
0
0
0
0
0
0
0
0
0
0
0
0
0
0
0
0
0
0
0
0
0
0
1000
0.703668389521795
-1000
0
0
0
-1000
1000
1000
1000
0.0109108132307882
0
0
-1000
0
0
0
0
0
0
0
0
0
0
0
0
0
0
0
0
0
0
0
0
0
0
0
0
0
0
0
0
0
0
0.00363693774359608
0
0
0
0
0
0
0
0
0
0
-1000
0
0
0
0
0
0
0
0
0
0
0
0
0
0
0
-999.996363062256
999.996363062256
1000
999.996363062256
1000
-1000
-1000
0
0
0
0
0
0
0.00363693774363583
0
0
0
0
0
0
0
0
0
0
0
0
0
0
0
0
423.049464980317
0
0
0
0.0145161254287878
0
0.00363693774359607
0.0217794590674478
1000
0.00181319794753195
0.00181319794753195
0.00363693774363583
0
0.0127029274812558
0.00181319794753195
0.0272295947585426
-0.00181319794751289
0.00181319794753195
0.00181319794753195
0.00181319794753195
0.00181319794753195
0.00181319794753195
-0.00181319794751289
-0.00362639589502578
-0.00545013569114872
0.00181319794753195
0.00181319794753195
0.00181319794751289
0.00181319794753195
-0.00545013569114872
-0.00181319794751289
0.00363693774363583
0.00181319794753195
0.00181319794753195
0.00363693774359607
0.00363693774359607
-0.00363693774363583
-0.00363693774363583
0.00363693774363583
0.00363693774363583
0.00181319794753195
0.00181319794753195
0.00181319794753195
0.00181319794753195
0.0399536059369439
-0.00545013569114872
-999.974583603189
0
0
0
0
0
0
-1000
0
0
0
0.00363693774359607
0
0
0
0
0.00181846887179803
0.00363693774363583
0.00363693774363583
0
0
0.00363693774359607
0.00363693774359607
0
0
0
0
0
0
0.00725279179012781
0.00181319794753195
0.00543959384259586
0.00181319794753195
-0.00181319794751289
0.00181319794753195
0.00181319794753195
0.00181319794753195
0.00181319794753195
0.00181319794753195
0.00181319794753195
0.00362639589506391
0.00181319794753195
0.00181319794753195
0.00181319794753195
0.00181319794753195
0.00181319794753195
0
0.00181319794753195
0.00363693774359607
0.00363693774359607
0.00363693774359607
0.00363693774359607
0.00363693774359607
0.00363693774359607
0.00363693774359607
0.00363693774359607
0.00363693774359607
0.00363693774359607
0.00363693774359607
0.00363693774359607
0.00363693774359607
0.00363693774359607
0
0
0
0
0
0
0
0
0
0
0
0
-0.00363693774363583
0
0
0
0
0
0
0
0
0
0
0
0
0
0
0
0
0
0
0
0
0
0
0
0
0
0
0
0
0
0
0
0
0
0
0
0
0
0
0
0
0
0
0
0
0
0
0
0
0
0
0
0
0
0
0
0
0
0
0
0
0
0
0
0
0
36.9999918426256
0
0
0
3.51986918971613
0
0.00363693774359607
0
0
0
0
0
0
0
0
0
0
0
0
0
0
0
0
0
0
0
0
0
0
0
-1000
0
0
0
-151.786569962339
0
0
0
0
0
0.00977696011426489
0
0
0
0
0
0
0
0
0
0.00977696011426489
0
0
130.792609547131
0
633.830375873845
0
73.89233079437
0.00977696011426489
0
0.00977696011426489
0
0.00977696011426489
0
0
0
0
0
0.611060007141556
0
0
0
0
0
3.79590476436334
0
0
0
0.00977696011426489
0
0.00977696011426489
0
0.00977696011426489
0
0.00977696011426489
0
0.00977696011426489
0
0.00977696011426489
0
0.00977696011426489
0
0.00977696011426489
0
0.00977696011426489
0
0.00977696011426489
0
0.00977696011426489
0
0.00977696011426489
0
0.00977696011426489
0
0.00977696011426489
0
0.00977696011426489
0
0.00977696011426489
0
0.205316162399563
0
0
0
0.281087603285116
0
0
0
0.144210161685407
0
0.00977696011426489
0
0.00977696011426489
0
0
0
0.00977696011426489
0
0.00977696011426489
0
0.00977696011426489
0
0.00977696011426489
0
4.68071965470432
0
0.0708829608284205
0
0.525511606141738
0
0
0
1.40215414393039
0
0.00977696011426489
0
0.00977696011426489
0
0.0928811210855165
0
0.00977696011426489
0
0.00977696011426489
0
0.00977696011426489
0
0
-1000
0
0
-1.16577383387869
0
0
0
0
0
0
22.0449637823517
-1000
0
568.939525268496
1.00240680717595
-1000
253.684939392022
0
0
141.629414552857
1000
-1000
-1000
0
0
1000
0
0
0
0
-5.55620425710913
1000
-10.9636138361363
0
0
0
-4.01200792949669
1000
-0.00363693774363583
0
0
-3.18312873403409
0
-0.00727387548727165
0
0
0
-997.449962059214
1000
4.01200792949669
-999.992726124513
-1000
0
0
1000
0
1000
-1000
0
0
1000
1000
-1000
1000
0
1000
0
0
-1000
1000
1000
1000
0
0
0
0
0
-508.148916998139
0
0
0
0
0
0
0
0
0
650.248991216688
0
26.73378087505
0
0
0
0
0
1000
391.803803827888
0
0
0
1000
0
0
0
0
0
0
0
0
-1000
-1000
1000
-957.784508687422
-76.9900759404087
-1000
-1000
-1000
-1000
-1000
-1000
-1000
1000
-1000
1000
186.835405051132
-1000
-1000
-1000
1000
-1000
-1000
-1000
1000
1000
1000
1000
1000
1000
-1000
1000
1000
-385.658166742391
1000
-1000
-956.850637073016
-1000
-1000
-1000
-1000
-1000
1000
-1000
-1000
-1000
-1000
-1000
-1000
-1000
-1000
-1000
-1000
417.506995334985
1000
-1000
-1000
-1000
-1000
-1000
-1000
-1000
-968.351082246829
-1000
-1000
-1000
192.671784865282
-1000
-1000
-1000
-1000
971.992381680255
-1000
-1000
1000
1000
-1000
-1000
-1000
408.53328739527
1000
-1000
-1000
-417.506995334985
1000
-1000
1000
-986.591115669603
1000
-1000
1000
1000
1000
1000
10.3731745632113
1000
1000
1000
1000
-1000
-1000
1000
-1000
-1000
1000
-1000
1000
1000
-1000
978.841701787562
1000
1000
1000
1000
-1000
1000
1000
-1000
-1000
1000
-34.8637071722964
-1000
-1000
0
1000
10.7926918179853
-1000
-1000
-1000
0
0
0
0
0
0
0
0
0
0
0
0
0
0
0
0
0
0
0
0
0
0
0
0
0
0
0
0
0
0
0
0
0
0
0
0
0
0
0
0
0
0
0
0
0
0
0
0
0
0
0
0
0
0
0
0
0
0
0
0
0
0
0
0
0
0
0
0
0
0
0
0
0
0
0
0
0
0
0
0
0
0
0
0
0
0
0
0
0
0
0
0
0
0
0
0
0
0
0
0
0
0
0
0
0
0
0
0
0
0
0
0
0
0
0
0
0
0
0
0
0
0
0
0
0
0
0
0
0
0
0
0
0
0
0
0
0
0
0
0
0
0
0
0
0
0
0
0
0
0
0
0
0
0
0
0
0
0
0
0
0
0
0
0
0
0
0
0
0
0
0
0
0
0
0
0
0
0
0
0
0
0
0
0
0
0
0
0
0
0
0
0
0
0
0
0
0
0
0
0
0
0
0
0
0
0
0
0
0
0
0
0
0
0
0
0
0
0
0
0
0
0
0
0
0
0
0
0
0
0
0
0
0
0
0
0
0
0
0
0
0
0
0
0
0
0
0
0
0
0
0
0
0
0
0
0
0
0
0
0
0
0
0
0
0
0
0
0
0
0
0
0
0
0
0
0
0
0
0
0
0
0
0
0
0
0
0
0
0
0
0
0
0
0
0
0
0
0
0
0
0
0
0
0
0
0
0
0
0
0
0
0
0
0
0
0
0
0
0
0
0
0
0
0
0
1000
1000
-1000
1000
1000
1000
1000
1000
-1000
-806.57323275872
1000
-1000
-193.42676724128
1000
-1000
1000
-1000
-1000
-1000
-193.42676724128
806.57323275872
1000
0
-1000
-1000
-1000
1000
-1000
1000
-1000
-1000
-1000
-1000
-1000
-1000
1000
1000
-1000
1000
-1000
-1000
1000
-1000
-1000
-1000
1000
-1000
-1000
1000
-806.52238942325
-1000
-1000
1000
-1000
-1000
0
0
0
0
0
0
0
0
0
0
0
0
0
0
0
0
-4.00473405400942
-1000
-0.477607232623313
0
0
0
0
0
0
0
0
0
0
615.424594810438
0
0
0
0
0
-0.00363693774363583
0.00363693774359607
0
0
-0.00363693774363583
-0.00363693774363583
0
0
0
0
0
0
0
0
0
0
0
0
0
0
0
0
0
0
0
0
276.535587709583
0
0
0
0
0
0
0.00363693774359607
0
0
1000
0
1000
-1000
1000
0
0
0
0
-0.00363693774363583
0
0
0
0
249.507279490153
0
0
0
0
0
0
0
0
0
0
-1000
431.060474731504
0
0
0
0.00363693774359607
0
0
0
195.901901913944
1000
0
0
0
0
0
0
-1000
1000
0
0
0
0
68.7002649404246
1000
0
0
0
0
0
0
0
0
0
0
0
0
0
0
0
0
0
0
0
0
0
0
0
0
0
0
0
0
0
0.00363693774359607
0
0
0
0
1000
0
1000
0
0
1.96653264838177
0
0
0
0
0
0.00543959384259586
1000
0
-1000
0
718.094303064703
718.094303064703
0
0
0
0
0
0
0
0
0.00363693774363583
-1000
266.579288104423
0
998.033467351618
543.409936177494
0
0
266.579288104423
-15.185631228601
1000
0
0
0
0
0
0.00363693774352214
0
0
1000
0
0
0
0
1000
0
0
0
-43.9980194712364
0
0
-1000
0
-1000
1000
0
0
0
0
0
0
0
0
1000
0
0
-984.814368771399
1000
0
0
27.9762912499523
27.9762912499523
0
0
0
0
0
0
0
0
1000
0
998.119303474804
0
0
0
0
0
0
0
0
0
0
0.983266324190884
0
0.00363693774359607
-0.00363693774363583
0.00363693774359607
0.00363693774359607
0
0
0.00363693774363583
0
0
0
0.983266324190936
0
0
-0.0109108132307938
-1000
1000
-1000
-1000
1000
998.040741227106
0
0
1.88069652519596
-1000
-1000
-1000
0
0
0
0
0
0
0
0
0
0
0
0
0
0
0
0
0
1.95925877289449
0
0
0
0
0
998.119303474804
0
0
0
0
0
0
0
0.00181319794753195
0
43.9980194712364
0
0
0
0
0
0
0.00363693774359607
0
0
0
0
0
0
0
0
0
0
-73.9999836852512
0
18.4999959213128
0
0
0
0
0
0
0
0
0
0
0
1000
0
0
0
73.9999836852512
0
0
0
0
0
0
0
0
0
0
0
0
0
0
0
0
0
0
0
0
0
0
0
0
0
0
0
2.34556129840621
0
0
0
0
0
0
0
0
0
0
0
0
0
0
0
0
0
0
0
0
0
0
0
0
0
0
0
0
0
0
0
0
0
0
0
0
0
0
0
0
0
0
0
0
0
0
0
0
0
0
0
0
0
0
0
0
0
0
0
0
0
0
0
0
0
0
0
0
0
0
0
0
0
0
0
0
0
0
0
0
0
0
0
0
0
0
0
0
0
0
0
0
0
0
0
0
0
0
0
0
0
0
0
0
0
0
0
0
0
0
0
0
-998.615735893093
0
0.00181319794751289
0
0.705741579908363
0
0
-1.38426410690681
0
1000
0.0163293233763397
0
0
0
0
0
0
0
0
0
0
0
0
0
0
0
0
0.00363693774359607
0.00363693774359607
0.00363693774359607
1000
-977.955036217648
0
-252.72609290976
-1000
0
0
0
0
0
0
-1000
0
0
0
0
0
0
0
0
0
0
0
-1000
0
926.097892245516
-73.9021077544844
-1000
-1000
-1000
-996.213872195751
-1000
-1000
0
0
0
0
0
0
0
0
0
0
-1000
0
1000
0.398358886282868
0.00363693774359607
0.00363693774359607
0.00363693774359607
0.00363693774359607
0.00363693774359607
0
0
0
1000
0
0
0
0
0
0
0
0
0
0
0
0
0
0
0
-1000
0
0
0
0
0
0
0
1000
-999.990223039886
0
1000
1000
1000
-1000
0
0
0
0
0
0
0
0
0
18.4999959213128
0
0
0
0
0
0
0
0
0
0
0
0
0
0
0
0
0
0
0
0.404904212275369
0
0
0
0
0
0.688436055589051
0
0
0
0
0
0
0
0
0
0
0
0
0
0
0
0
0
0
0
0
0
-1000
0
0
0
0
0
0
456.590063822506
1000
-1000
-1000
-1000
-1000
1000
0
0.0217794590674478
0
0
0
0
-608.196196172112
-1000
0
0
249.507279490153
0
0
0
999.978178373538
3.70545975905513
0
0
0
0
0.584907437908016
0.584907437908016
-225.94767484155
-998.613922695146
0
0
0
0
0
0
0.369210675091439
0
-306.49191752755
0
0
0
0
0
0
0
999.595095787725
0.00363693774359607
0
0
0
0
0
0
0
0
0.00363693774363583
-1000
0
0
999.716468156686
0
0
0
1000
0
0
0
-792.447126440233
0
-1000
0
0
0
-1000
-1000
0
0
0
0
-133.29635100114
0
0
133.286574041026
0
0
-527.785541415879
527.785541415879
0
0
-750
0
0
0
0
-1000
-1000
0
0
-1000
0
0
0
0
0.343798211561214
0
0
0
0
0
0
0
0
998.119303474804
0
1000
0
0
0
0
0
0
0
0
0
748.750757664195
0
1000
-1000
1000
-1000
-1000
1000
0
0
0
0
0
0
0
0
-1000
0
0
1000
0.00181319794753195
0.00181319794753195
0
43.1493629269842
-1000
1000
-507.458233196116
-507.458233196116
366.169624126155
0
0
0
0
0
0
0
0
0
0
0
0
0
0
0
0
0
0
0
0
0
0
0
0
0
-1.36793478353047
0
0
0
0
0
0
0
0
0
0
0
0
0
0
0
0
0
0
0
0
0
0
0
0
0
0
0
0
0
0
0
0
0
0
0
0
0
0
0
0
0
0
0
0
0
0
-1000
0
-1000
0
0
0
0
0
0
-1000
0
0
0
0
0
0
0
0
0
0
0
866.349234194718
0
0
0
0
0
0
0
0
0
0
0
0
0
1000
0
0
0
0
0
0
0
0
0
0
0
0
0
0
0
0
0
0
0
133.286574041026
0
0
0
0
0
0
0
0
0
0
0
0
0
0
0
0
0
0
0
0
0
0
0
0
133.286574041026
0
0
0
0
0
0
0
0
0
0
0
0
0
0
0
0
0
0
0
0
0
0
0
0
0
0
0
0
0
0
0
0
0
0
0
0
0
0
0
0
0
0
0
0
0
0
0
0
0
0
0
0
0
0
0
0
0
0
0
0
0
0
0
0
0
0
0
0
0
0
0
0
0
0
0
0
0
0
0
0
0
0
0
0
0
0
0
0
0
0
0
0
0
0
0
0
0
0
0
0
0
0
0
0
0
0
0
0
0
0
0
0
0
0
0
0
0
0
0
0
0
0
0
0
0
0
0
0
0
0
0
0
0
0
0
0
0
0
0
0
0
0
0
-1000
0
0
0
0
0
0
0
0
0
0
0
0
0
0
0
0
0
0
0
0
0
0
514.283231057342
0
180.949897724009
180.949897724009
0
14.2803993996947
0
917.129184082755
-1000
83.0364678896165
2.64711195093722
0
0
-1000
-1000
0
0
0
0
-0.0254585642052234
0.0218216264615764
0
0
0
0
0
0
0
0
0
0
0
0
0
0
0
0
0
0
0
0
0
0
0
0
0
0
0
0
0
0
0
0
0
0
0
0
0
0
0
0
0
0
0
0
0
0
0
0
0
0
0
0
0
0
0
0
0
0
0
0
0
0
0
0
0
0
0
0
0
0
0
0
0
0
0
0
0
0
0
0
0
0
0
0
0
0
0
0
0
0
0
0
0
0
0
0
0
0
0
0
0
0
0
0
0
0
0
0
0
0
0
0
0
0
0
0
0
0
0
0
0
0
0
0
0
0
0
0
0
0
0
0
0
0
0
0
0
0
0
0
0
0
0
0
0
0
0
0
0
0
0
0
0
0
0
0
0
0
0
0
0
0
0
0
0
0
0
0
0
0
0
0
0
0
0
0
0
0
0
0
0
0
0
0
0
0
0
0
0
0
0
0
0
0
0
0
0
0
0
0
0
0
0
0
0
0
0
0
0
0
0
0
0
0
0
0
0
0
0
0
0
0
0
0
0
0
0
0
0
0
0
0
0
0
0
0
0
0
0
0
0
0
0
0
0
0
0
0
0
0
0
0
0
0
0
0
0
0
0
0
0
0
0
0
0
0
0
0
0
0
0
0
0
0
0
0
0
0
0
0
0
0
0
0
0
0
0
0
0
0
366.169624126155
0
0
0
0
0
0
0
0
0
0
0
-1000
0
0
0
0
0.00363693774363583
-577.733146132545
-225.94767484155
0
0
0
0
0
0
0
0
0
0
0
0
0
0
0
0
0
0
0
0
0
0
0
0
0
0
0
0
0
0
0
0
0
0
0
0
0
0
0
0
0
0
0
0
0
0
0
0
0
0
0
0
0
0
0
0
0
0
0
0
0
0
0
0
0
0
0
0
0
0
0
0
0
0
0
0
0
0
0
0
0
0
0
0
0
0
0
0
0
0
0
0
0
0
0
0
0
0
0
0
0
0
0
0
0
0
0
0
0
0
0
0
0
0
0
0
0
0
0
0
0
0
0
0
0
0
0
0
0
0
0
0
0
0
0
0
0
0
0
0
0
0
0
0
0
0
0
0
0
0
0
0
0
0
0
1000
0
1000
1000
0
0
0
0
0
0
0
1000
0.00363693774363583
0
0
-1000
1000
0
0
0
0
0
0
0
0
0
0
0
0
0
0
0
1000
-1000
0
0
1.1657738338787
0
0
0
0
0
0
0
0
0
0
0
0
0
0
0
0
0
0
0
0
0
0
0
0
0
0
0
0
0
0
0
0
0
0
0
0
0
0
0
0
0
0
0
0
0
0
0
0
0
0
0
0
0
0
0
0
0
0
0
0
0
0
0
0
0
0
0
0
0
0
0
0
0
0
0
0
0
0
0
0
0
0
0
0
0
0
0
0
0
0
0
0
0
0
0
0
0
0
0
0
0
0
0
0
0
0
0
0
0
0
0
0
0
0
0
0
0
0
0
0
0
0
0
0
0
0
0
0
0
0
0
0
0
0
0
0
0
0
0
0
0
0
0
0
0
0
0
0
0
0
0
0
0
0
0
0
0
0
0
0
0
0
0
0
0
1000
500
87.848737768021
0
0
-0.983266324190936
0
0
468.892637836812
19.4321407942862
42.4748647108382
0.105418485321625
87.848737768021
0
0
0
0
0
0
0
0
0
0
0
0
0
0
0
0
0
0
0
0
0
0
0
0
0
1000
-1000
0
0
-1000
225.944037903806
0
225.94767484155
-1000
0
0
0
-3.51986918971613
-18.4999959213128
0
36.9999918426256
0
0
-24.4424002856622
0
0.00363693774359607
0
0
0
0
0
0
0
0
0
0
0
0
0
0
0
0
151.786569962339
0
0
0
0
-997.449962059214
-4.68071965470426
-0.205316162399527
0
-10.7926918179853
-21.1582982124377
-1000
-33.8365577681283
-10.5665735594073
-595.629765662073
-26.73378087505
-4.63762271551172
-31.6489177531707
977.718916208258
-1000
0
0
0
0
-1000
186.835405051132
-17.6344437565335
-529.344208866538
-13.4088843303966
-10.3731745632113
-24.071015354311
-34.7745846278307
975.784903930876
-32.9315901454227
0
0.0145477509744296
-1000
0
0
1000
846.098929960633
0
1000
-1000
0
0
0
-10.9636138361363
0
0
1000
0
0
-846.098929960633
0
0
0
0
0
0
0
-0.00363693774363583
-0.00363693774363583
0
0
0
0
0
0
0
0
0
0
0
0
276.535587709583
0
0
0
0
1000
0
193.47761057675
0
0
0
-998.834226166121
249.507279490153
-0.00363693774363583
-0.00363693774363583
-1.00240680717593
1000
0
0
-0.00363693774363583
0
-0.00363693774363583
0
0
-423.049464980317
-0.00363693774363583
0
0
0
-0.00363693774363583
0
0
0
0
0
1000
0
0
0
0
0
1000
0
0
0
0
0
1000
-0.00363693774363583
0
0
0
0
0
-746.315060607978
0
0
0
0
-1000
0
1000
0
0
-0.00363693774363583
-1000
0
0
0
0
0
0
0
0
0
0
0
0
0
1000
-3.18312873403409
-0.477607232623313
-1000
-4.00473405400942
423.049464980317
0
0
0
-0.00727387548727165
0
0
2.47513467266447
0
0
0
0
0
0
-1000
0
0
0
0
1000
1000
0
0
0
141.629414552857
1000
0
0
0
0
0
0
0
0
0
-1000
-1000
0
0
0
0
0
-0.0508433354702902
0
0
0
-1000
-4.01200792949669
4.01200792949669
0
0
0
0
0
0
1000
-1000
-999.992726124513
-5.55620425710913
0
0
0
0
0
0
0
0
0
0
1000
0
-1.40215414393037
-0.00977696011420903
-2.64711195093719
-508.148916998139
-0.144210161685351
0
-0.0928811210854974
-0.525511606141777
-0.281087603285073
0
0
0
130.792609547131
633.830375873845
-0.00977696011420903
-1000
-0.00977696011420903
-0.00977696011420903
0
-0.070882960828385
0
-0.00977696011420903
0
0
0
-3.70545975905509
0
-0.369210675091495
-0.00977696011420903
0
0
-0.00977696011420903
-0.00977696011420903
-0.00977696011420903
-0.00977696011420903
0
0
-0.611060007141532
0
0
0
-1000
1000
0
0
-1000
1000
-0.00363693774363583
0
750
-750
0
0
0
-1000
0
0
0
0
0
0
0
0
0
0
0
0
0
0
0
0
0
-1000
1000
-43.1493629269842
43.1493629269842
1000
-1000
-1000
1000
1000
0
-1000
1000
0
-0.00977696011420903
-0.00977696011420903
0
0
0
0
1000
82.8708159172447
-83.0364678896165
-0.0254585642052234
0.0218216264615876
0
0
0
0
0
-1000
-1000
0
0
0
0
0
0
0
0
0
0
0
0
0
0
0
0
0
0
0
0
0
0
0
0
0
0
0
0
0
0
0
0
0
0
0
0
0
0
0
0
0
0
0
0
0
0
0
0
0
0
0
0
0
0
0
0
0
0
0
0
0
0
0
0
0
0
0
0
0
0
0
-0.00977696011420903
0
0
0
0
0
0
0
0
0
0
0
0
0
0
0
0
0
0
0
0
0
0
0
0
0
0
0
0
0
0
0
0
0
0
0
0
0
0
0
0
0
0
0
0
0
0
0
0
0
0
0
0
0
0
0
0
0
0
0
0
0
0
0
0
0
0
0
0
0
0
0
0
0
0
0
0
0
0
0
0
0
0
0
0
0
0
0
0
0
0
0
0
0
0
0
0
0
0
0
0
0
0
0
0
0
0
0
0
0
0
0
0
0
0
0
0
0
0
0
0
0
0
0
0
0
0
0
0
0
0
0
0
0
0
0
0
0
0
0
0
0
0
0
0
0
0
0
0
0
0
0
0
0
0
0
0
0
0
0
0
0
0
0
0
0
0
0
0
0
0
0
0
0
0
0
0
0
0
0
0
0
0
0
0
0
0
0
0
0
0
0
0
0
0
0
0
0
0
0
0
0
0
0
0
0
0
0
0
0
0
0
0
0
0
0
0
0
0
0
0
0
0
0
0
0
0
0
0
0
0
0
0
0
0
0
0
0
0
0
0
0
0
0
0
0
0
0
0
0
0
0
0
0
0
0
0
0
-1000
0
1000
0
0
577.733146132545
0
0
0
0
0
0
0
0
0
0
0
0
0
0
0
0
0
0
0
0
0
0
0
1000
0
-1000
0
-1000
-0.00363693774363583
0
0
0
0
0
0
0
0
-1000
0
0
0
0
0
-1.16577383387869
0
0
0
0
0
0
0
0
0
0
0
0
0
0
0
0
0
0
0
0
0
0
0
0
0
0
0
0
0
0
0
0
0
0
0
0
0
0
0
0
0
0
0
0
0
0
0
0
0
0
0
0
0
0
0
0
0
0
0
0
0
0
0
0
0
-1000
1000
1000
0
-0.00977696011420903
-0.00977696011420903
-0.00977696011420903
-0.00977696011420903
0
-0.00977696011420903
-3.7959047643634
0
-0.00977696011420903
-0.00977696011420903
-0.00977696011420903
-0.00977696011420903
73.8923307943701
-0.00977696011420903
-0.00977696011420903
-0.00977696011420903
-0.00977696011420903
-0.00977696011420903
-0.00977696011420903
-0.00977696011420903
0
-0.00977696011420903
-0.00977696011420903
-0.00977696011420903
0
-1000
87.848737768021
0
1000
0
0
0
0
0
0
0
0
0
0
0
