0
0
0
0
0
0
0
1000
-429.757281169246
0
1000
0
0
32.0615126410172
991.407059371961
0
999.825902963089
-999.825902963089
999.960043303004
0
0.0399566969959701
0
-1000
0.251156381117539
0
1000
-41.1022486629286
0
-459.884250491705
0.658069640988123
0
0
0
0
0
435.65553417594
0
0
0
23.9775599346477
0
0
0
0
0
465.456820963282
0
465.456820963282
0
465.456820963282
0
465.456820963282
0
465.456820963282
0
465.456820963282
0
0
465.456820963282
0
0
0
0
0
0
0
0
0
459.884250491705
0
0
0
0
0
0
0
0
0
459.884250491705
0
-1000
0
0
0
0
0
0
0
0
0
0
0
0
0
1000
0
-1000
0
1000
-1000
0
0
0
0.0024437985753186
0
0
0
0
0
0
0
0
380.856840916009
0
0
8.4188435911278
0
0
0
0
0
0
0
0
0
0
0
0
0
0
0
0
1000
0
0
0
0
1000
0
0
0
0
-10.0032680013559
0
0
0
0
-806.662418445984
0
0
0.00609887122709947
1000
0
0
146.875500166694
220.318958349611
1000
73.4377500833468
0
0
0
-1000
73.4377500833468
105.499262724364
1000
-967.938487358983
0
0
1000
0
0
0.00609887122709551
0
0
1000
500.336075817392
0
0
0
0
0
-2.68808103508115
0
0
0
0
0
0
1000
-747.528834865091
-1000
0
0
0
0
0
0
0
0
1000
0
0
0
0
0
-2.69093508486662
0
1000
0
0
0
0
1000
258.197746742974
0
0
0
0
0
-782.376864332406
0
0
-1000
0
999.211963502886
0.315214598845443
0
0
0
0
0.472821898268164
0
2.69093508486662
0
0
0
-1000
0
0
0
0
0
0
0
0
0
0
0
0
-1000
0
-1000
0
-1000
-1000
0
-1000
1000
138.50194150069
-1000
-0.660694521496112
147.698583868263
0
0
-0.472821898268194
0
0
-1000
1000
0
0
1000
0
0.122724140773337
0
-0.122724140773357
0
0.00121835755059362
0
0
0
0
1.47817229825771
0
0
0
1000
0
0
0
0
0
0
0
0
1000
0
1000
0.320922698416296
0
0
1000
0
-0.122724140773357
0
-0.472821898268194
0
0
0.472821898268194
0
0
0
0
0
0
0
-1000
0
0
0
-417.878849377719
0.472821898268194
0
-1000
-0.660694521496112
0
0.0024437985753186
0
0
0
0
0
0
0
0
0
0
0
0
0
0
0
1.57607299422721
0
6.63485410303891
0
0
0
0
0
0
0
0
419.784762574004
-1000
-999.997145950215
-1000
-1000
1000
0
-0.00121835755055599
-1000
-1000
1000
-1000
1000
1000
1000
0
-1000
0
0
0
0
-1000
0
1000
-1000
0
0
-1000
0
0
1000
-1000
0
0
0
0
0
0
0.660694521496136
-1000
-1000
0
-1000
1000
-1000
999.684785401155
-1000
-1000
1000
1000
1000
0
-1000
1000
-1000
-1000
1000
0
1000
1000
259.455751088571
-1000
148.013798467109
1000
0
0
0
1000
-1000
1.26371244516724
0
0
0.0048875971506277
0
0
0
1000
-1.03485078414565
0
0
-324.236824268085
-64.4362707900088
368.563891181322
0
0
0
0
0
0
0
0
0
0
0
0
0
0
0
0.0024437985753186
0
1000
0
-1000
0
1000
0
0
0
0
1000
0
0
0
0
0
1000
0
0
0
0
0
0
0
0
0
0
0
0
0
0
0
0
0
0
0
0
0
0
0
0
0
0
0
0
0
0
-1000
-1000
0.0713512446357072
0.0713512446357072
0
322.287597723086
0
0
0
0
0
0
0
0
0
0
0
0
0
0
0
0
0
0
0
0
0
0
0
0
0
0
0
0
0
0
0
0
0
0
0
0
0
0
0
0
0
0
0
0
0
0
0
0
0
0
0.111307941631631
0
0
0
1000
0
1000
0
1000
0
0
-1000
0
0
0
0
0
0
0
0
0
0
0
0
0
0
0
0
0
0
0
0
0
0
0
0
-105.432719982118
0
0
0.111307941631631
0
0
0
0
0
0
0
0
0
987.233278000932
0
0
0
0
0
0
0
0
0
0
0
0
0
0
0
0
0
0
0
0
0
0
0
0
0
0
0
0
0
0
0
0
0
-1000
0
0
0
0
0
0
0
0
0
0
0
0
0.00733139572595581
0.00733139572595581
0
0.00733139572595581
0
0
0
0
0
0
0
0
0
0
0
0
0
0
0
0
0
0
0
0
0
-1000
0
0.00285404978542644
0
0
0
0
0.516583011162185
0.516583011162185
0
0
0
0
0
0
0
0
0
0
0
0
0
0
0
0
0
0
0
0
0
0
0
0
0
0
1000
0
0
0
1000
0
0
-1000
0
0
0
0
437.117635251973
0
0
437.117635251973
0
0
0
0
0
0
0
0
0
0
437.117635251973
0
437.117635251973
0
0
0
8.85338344374255
25.2368688200633
16.1314317551466
11.815013492539
17.5177266716045
5.76572658435903
13.4848687328178
24.6697481724214
22.7163326083216
7.1835282034637
13.9259625698726
28.702606111208
22.6533192030281
6.99448798758308
11.5944665740116
16.068418349853
20.8259304495154
16.8560859160223
3.08765685938352
21.014970665396
0
0
0
0
0
0
0
0
0
0
0
0
0
0
0
0
0
0
0
0
0
0
0
0
0
0
0
0
0
0
0
0
0
0
0
0
0
0
0
0
0
0
0
0
0
0
0
0
0
0
0
0
0
0
0
0
0
0
0
0
0
0
0
0
0
0
0
0
0
0
0
0
0
0
0
0
0
0
0
0
0
0
0
0
0
0
0
249.668922108411
0
0
0
0
0
0
-1000
0
0
0
0
1000
1000
-1000
-1000
0
0
0
0
598.614310351783
0.00168191898706027
0
-64.4362707900088
-922.955562331131
-598.718738063046
-1000
0
-0.00412571756237412
0
533.191410992563
835.288441077205
1000
598.621700370341
1000
0
-598.614310351783
-1000
0
999.998318081013
-1000
-1000
0
999.995874282438
0
0
0
0.00412571756237412
0
0
0
0
0
0
0
0
0
0
0
0.00244379857531385
500.327062502679
1000
1000
0
500
250.001013231946
15.5847017283757
5
0
0
0
0
0
0
138.076151975099
0
0
0
0
-0.00656951613768797
0
0
0
0
-0.00656951613768797
495.360473886375
1000
0
-0.00656951613768797
0.00656951613768797
-0.00656951613768797
-2.31042924795122
0
-0.410594758603224
0
-1000
-2.5440451243054
0.00656951613768797
-0.00656951613768797
-0.00656951613768797
0.00656951613768797
-0.00656951613768797
0.00656951613768797
-0.00656951613768797
-0.00656951613768797
-0.00656951613768797
-0.00656951613768797
-0.00656951613768797
-0.00656951613768797
-0.00656951613768797
-0.00656951613768797
-0.00656951613768797
-0.00656951613768797
-0.00656951613768797
-0.137959838890652
-0.20405305373481
-0.188873588957449
0
-0.096900363030386
0.00656951613768797
125.006569516138
0
0.00656951613768797
0.00656951613768797
0.00656951613768797
0.00656951613768797
-3.14515585090055
-13.1237809670971
-0.353111492398739
-1.77869649426907
-0.670090646040421
0.00656951613768797
0.00656951613768797
0.0624104033076947
0.00656951613768797
0.00656951613768797
-0.00656951613768797
0
0
0
0
0
0
0
0
0
0
0
0
0
0
0
0
0
0
0
0
0
0
0
0
0
0
0
0
0
0
0
0
0
0
0
0
0.162993577874545
0
0
0
0
0
0
0
0
0
0
0
0
0
0
0
0
0
0
0
0
0
0
0
0
0
0
0
0
0
0
0
0
0
0
0
0
0
0
0
0
0
0
0
0
0
0
0
0
0
0
0
0
0
0
0
0
0
0
0
0
0
0
0
0
0
0
0
0
0
0
0
0
0
0
0
0
0
0
0
0
0
0
0
0
0
0
0
0
0
0
0
0
0
0
0
0
0
0
0
0
0
0
0
0
0
0
0
0
0
0
0
0
0
0
0
0
0
0
0
0
0
0
0
0
0
0
0
0
0
0
0
0
0
0
0
0
0
0
0
0
0
0.00656951613765126
0.00656951613765126
0.0131390322753025
0
0
0
0
0
0.00656951613765126
0.00656951613765126
0
0
0
0
0
0
0
0
0
0
0
0
0
0
0
0
0
0
0
0
0
0
0
0
0
0
0
0
0
0
0
0
0
0
0
0
0
0
0
0
0
0
0
0
0
0
0
0
0
0
0
0
0
0
0
0
0
0
0
0
0
0
0
0
0
0
0
0
0
0
0
0
0
0
0
0
0
0
0
0
0
0
0
0
0
0
0
0
0
0
0
0
0
0
0
0
0
0
0
0
0
0
0
0
0
0
0
0
0
0
0
0
0
0
0
0
0
0
0
0
0
0
0
0
0
0
0
0
0
0
0
0
0
0
0
0
0
0
0
0
0
0
0
0
0
0
0
0
0
0
0
0
0
0
0
0
0
0
0
0
0
0
0
0
0
0
0
0
0
0
0
0
0
0
0
0
0
0
0
0
0
0
0
0
0
0
0
0
0
0
0
0
0
0
0
0
0
0
0
0
0
1000
0
0
0
0
0
0
0
0
0
0
0
0
0
0
0
0
0
0
0
0
0
0
0
0
0
0
0
0
0
0
0
0
0
0
0
0
0
0
0
0
0
0
0
0
0
0
0
0
0
0
0
0
0
0
0
0
0
0
0
0
0
0
0
0
0
0
0
0
0
0
0
0
0
0
0
0
0
0
0
0
0
0
0
0
0
0
0
0
0
0
0
0
0
0
0
0
0
0
0
0
0
0
0
0
0
0
0
0
0
0
0
1000
1000
0
0
0
0
0
0
0
0
0
0
0
0
0
0
0
0
0
0
0
0
0
-1000
0
-1000
0
0
0
0
0
0
0
1000
1000
0
0
0
0
0
0
0
0
0
0
0
0
0
0
0
0
0
0
0
0
0
0
0
0
0
0
0
0
0
0
0
0
0
0
0
0
0
0
0
0
0
0
0
0
0
0
0
0
0
0
0
0
0
0
0
0
0
0
0
0
0
0
0
0
0
0
0
0
0
0
0
0
0
0
0
0
0
0
0
0
0
0
0
0
342.133147355611
0
0
0.00656951613768797
0
-999.755285523873
0
0
0.00656951613768797
0
999.748716007735
-0.00656951613768797
499.634598599704
0
0
0
0.162993577874545
2.53747560816782
0
-997.462524391832
1000
0
0
0
0
0
0
0
0
0
0
0
0
0
-1000
0.162993577874545
0
-0.190515967991928
0
-0.456581371566813
0
0
0
0
-13.0761519750992
0
0
0.647097339558627
0
0
0
0
0
138.076151975099
-1000
0
-13.0761519750992
-13.0761519750992
0
532.883959234416
1000
-0.0146627914518831
0
0
0.00656951613768797
-0.00656951613768797
0
0
0.244714476127456
-0.244714476127456
1000
0
0
0
-0.00656951613768797
-0.00656951613768797
966.962387640869
0
-0.251283992265144
-999.748716007735
-1000
0
-500.365401400296
-499.634598599704
-1000
0
0
0
0
0
-1000
0
-2.53747560816782
0
0
0
-997.462524391832
997.462524391832
-1000
0
0
0
-1000
0
0
0
-1000
0
0
0
0
0
0
0
0
0
0
0
0
0
0
0
0
0
0
0
-1000
1000
-1000
0
-1000
0
-1000
0.190515967991928
-1000
0
-0.190515967991928
-0.190515967991928
0
0
0
0
0
0
-1000
0
986.923848024901
13.0761519750992
-1000
0
-1000
0
-1000
0
-1000
0
0
0
0
0
0
0
0
0
-125
-875
125
-125
0
0
0
0
0
0
0
0
0
0
0
0
0
0
0
0
0
0
0
0
0
0
0
0
0
0
0
0
0
0
0
0
0.162993577874545
-0.162993577874545
0
0
0
0
0
0
0
0
0
0
0
0
0
0
0
0
0
0
0
0
0
0
0
0
0
0
0
0
0
0
0
0
0
0
0
0
0.162993577874545
-0.162993577874545
0
0
0
0
0
0
0.647097339558627
0.647097339558627
0
0
0
0
0
0
0
0
0
0
0
0
0
0
0
0
-0.647097339558627
-0.647097339558627
0
0
0
0
0
0
0
0
0
0
0
0
0
0
0
0
0
0
0
0
0
0
0
0
0
0
0
0
0
0
0
0
0
0
0
0
0
0
0
0
0
0
0
0
0
0.0024437985753186
0
0
0
0
0
0
0
0
7.4675825996053
0
0
0
0
0
0
0
0
0
0
0
0
0
0
0
0
0
0
0
0
0
0
0
0
0
0
0
0
0
0
0
0
0
0
0
0
0
0
0
0
0
0
0
0
0
0
0
0
0
0
0
0
0
0
0
0
0
0
0
0
0
0
0
0
0
0.244714476127509
0.244714476127509
0.244714476127509
0
0
0
0
0
0
0
0
0
0
0
0
0
0
0
0
0
0
0
0
0
0
0
0
0
0
0
0
0
0
0
0
0
0
0
0
0
0
0
0
0
0
0
0
0
0
0
0
0
0
0
0
0
0
0
0
0
0
0
0
0
0
0
0
0
0
0
0
0
0
0
0
0
0
0
0
0
0
0
0
0
0
0
0
0
0
0
0
0
0
0
0
0
0
0
0
0
0
0
0
0
0
0
0
0
0
0
0
0
0
0
0
0
0
0
0
0.00656951613765126
0.00656951613765126
0.00656951613765126
0.00656951613765126
-0.00656951613768797
0
0
0
0
0
0
0
0
0
0
0
0
0
0
0
0
0
0
0
0
0
0
0
0
0
0
0
0
0
0
0
0
0
0
0
0
0
0
0
0
0
0
0
0
0
0
0
0
0
0
0
0
0
0
0.0024437985753186
0.0024437985753186
0.0024437985753186
0.0024437985753186
0.0024437985753186
0
0
0
0
0
0
0
0
0
0
0
0
0
0
0
0
0
0
0
0
0
0
0
0
0.216513712711323
0.216513712711323
0
0
0
0
0
0
0
0
0
0
0
0
0
0
0
0
0
0.216513712711323
0
0
10.0032680013559
10.0032680013559
-10.0032680013559
3.32872047044289
-1.66313833593381
1.66313833593378
1.66313833593378
1.66313833593378
1.66313833593378
1.66313833593378
1.66313833593378
1.66313833593378
1.66313833593378
1.66313833593378
1.66313833593378
1.66313833593378
0
1.66313833593381
1.66313833593378
1.66313833593378
1.66313833593378
1.66313833593378
1.66313833593378
1.66313833593378
0
0
0
1.66313833593378
0
1.66313833593378
1.65826490573141
0
0
0
0
0
0
0
0
0
0
0
0
0
0
0
0
10.0032680013559
10.0032680013559
3.32872047044289
3.32872047044289
0
0
0
0
0
0
0
0
0
0
0
0
0
0
0
0
0
0
0
0
0
0
0
0
0
0
0
0
0
0
0
0
0
0
0
0
0
0
0
0
0
0
0
0
0
0
0
0
0
0
0
0
0
0
0
0
0
0
0
0
0
0
0
0
0
0
0
0
0
0
0
0
0
0
0
0
0
0
0
0
0
0
0
0
0
0
0
0
0
0
0
0
0
0
0
0
0
0
0
0
0
0
0
0
0
0
0
0
0
0
0
0
0
0
0
0
0
0
0
0
0
0
0
0
0
0
0
0
0
0
0
0
0
0
0
0
0
0
0
0
0
0
0
0
0
0
0
0
0
0
0
0
0
0
0
0
0
0
0
0
0
0
0
0
0
0
0
0
0
0
0
0
0
0
0
0
0
0
0
0
0
0
0
0
0
0
0
0
0
0
0
0
0.800406604105003
0.0170782561307048
0.0170782561307048
0
0
0
0
-0.0170782561307306
0.0170782561307048
0
0
0
0.783328347974298
0
140.518885346761
0
0
0
0
0
0
0
0
0
0
0
0
0
0
0
0
0
0
0
0
0
0
0
0
0
0
0
0
0
0
0
0
0
0
0
0
0
0
0
0
0
0
0
0
0
0
0
0
0
0
0
0
0
0
0
0
0
0
0
0
0
0
0
0
0
0
0
0
0
0
0
0
0
0
0
0
0
0
0
0
0
0
0
0
0
0
0
0
0
0
0
0
0
0
0
0
0
0
0
0
0
0
0
0
0
0
0
0
0
0
0
0
0
0
0
0
0
0
0
0
0
0
0
0.0024437985753186
0
0
0
0
0
0
0
1.05371636135846
0
0
0
0.660694521496136
0.660694521496136
0.660694521496136
0
0
0
6.56646788261673
0
0
0.903558515563886
0
0
6.56646788261673
0.0024437985753186
0
0
0
0
-0.903558515563873
0.903558515563886
0
0
0
0
0
0
7.36687448672174
0
0
0
0.164792303349963
0
0.150157845794576
0
7.36687448672174
7.36687448672174
0
0
0
0
0
0
0
0
0
0
0
0
0
0
-7.46758259960529
0
0
0
0
0
0
0
0
0
0
0
0
0
0
0
0
0
0
0
0
0
0
0
0
0
0
0
0
0
0
0
0
0
0
0
0
0
0
0
0
0
0
0
0
0
0
0
0
0
0
0
0
0
0
0
0
0
0
0
0
0
0
0
0
0
0
0
0
0
0
0
0
0
0
0
0
0
0
0
0
0
0
0
0
0
0
0
0
0
0
0
0
0
0
0
0
0
0
0
0
0
0
0
0
0
0
0
0
0
0
0
0
0
0
0
0
0
0
0
0
0
0
0
0
0
0
0
0
0
0
0
0
0
0
0
0
0
0
0
0
0
0
0
0
0
0
0
0
0
0
0
0
0
0
0
0
0
0
0
0
0
0
0
0
0
0
0
0
0
0
0
0
0
0
0
0
0
0
0
0
0
0
0
0
0
0
0
0
0
0
0
0
0
0
0
0
0
0
0
0
0
0
0
0
0
0
0
0
0
0
0
0
0
0
0
0
0
0
0
0
0
0
0
0
0
0
0
0
0
0
0
0
0
0
0
0
0
0
0
0
0
0
0
0
0
0
0
0
0
0
0
0
0
0
0
0
0
0
0
0
0
0
0
0
0
0
0
0
0
0
0
0
0
0
0
0
0
0
0
0
0
0
0
0
0
0
0
0
0
0
0
0
0
0
0
0
0
0
0
0
0
0
0
0
0
0
0
0
0
0
0
0
0
0
0
0
0
0
0
0
0
0
0
0
0
0
0
0
0
0
0
0
0
0
0
0
0
0
0
0
0
0
0
0
0
0
0
0
0
0
0
0
0
0
0
0
0
0
0
0
0
0
0
0
0
0
0
0
0
0
0
0
0
0
0
0
0
0
0
0
0
0
0
0
0
0
0
0
0
0
0
0
0
0
0
0
0
0
0
0
0
0
494.395783300392
0
494.395783300392
0
0
0
0
0
0
0
0
0
0
0
0
0
0
0
0
0
0
0
0
0
0
0
0
0
0
0
0
1000
0
0
0
0
0
0
0
0
0
0
0
0
0
0
0
0
0
0
0
0
0
0
0
0
0
0
0
0
0
0
0
0
0
0
0
0
0
0
0
0
0
0
0
0
0
0
0
0
0
0
0
0
0
0
0
0
0
0
0
0
0
0
0
0
0
0
0
0
0
0
0
0
0
0
0
0
0
0.111307941631631
0.111307941631631
0
0
0
0
0.111307941631594
0
0.111307941631631
-249.668922108411
0
0
0
0
0.0171242987125585
0
0
0
0
0
0
0
249.668922108411
0
0
0
0
0
0.673555749360617
0
0
0
0
0
0
0.673555749360617
0
0.673555749360617
0.673555749360617
0
0
0
0
0
0
0
0
0
0
0
0
0
0
0
0
0
0
0
0
0
0
0
0
0
0
0
0
0
0
0
0
0
0
0
0
0
539.346371925675
539.346371925675
0
0
0
0
0
0
0
0
0
0
0
0
0
0
0
0
0
0
0
0
0
0
0
0
0
0
0
0
0
0
0
0
0
0
0
0
0
0
0
0
0
0
0
0
0
0
0
0
1000
280.277851961578
-1000
0
0
0
-1000
1000
1000
0
321.814775824818
0
0
-1000
279.80503006331
0
0
0
0
0
0
0
0
0
0
0
0
0
0
0
0
0
0
0
0
0
0
0
0
0
0
0
0
0
42.0048581643567
0
0
0
0
0
0
0
0
0
0
-1000
0
0
0
0
0
0
0
0
0
0
0
0
0
0
0
-999.997556201425
999.997556201425
1000
999.997556201425
1000
-1000
-1000
0
0
0
0
0
0
0.00244379857531385
0
0
0
0
0
0
0
0
0
0
0
0
0
0
0
0
0
0
0
0
0.00975394387888033
0
0.0024437985753186
0.0146344575553862
455.023389583543
0.00121835755059362
0.00121835755059362
0.00244379857531385
0
0.00853558632828671
0.00121835755059362
0.0182966136813242
-0.00121835755055599
0.00121835755059362
0.00121835755059362
0.00121835755059362
0.00121835755059362
0.00121835755059362
-0.00121835755055599
-0.00243671510122567
-0.00366215612586984
0.00121835755059362
0.00121835755059362
0.00121835755055599
0.00121835755059362
-0.00366215612586984
-0.00121835755055599
0.00244379857531385
0.00121835755059362
0.00121835755059362
0.0024437985753186
0.0024437985753186
-0.00244379857531385
-0.00244379857531385
0.00244379857531385
0.00244379857531385
0.00121835755059362
0.00121835755059362
0.00121835755059362
0.00121835755059362
0.0268463669578978
-0.00366215612586984
-455.006311327412
0
0
0
0
0
0
-1000
0
0
0
0.0024437985753186
0
0
0
0
0.0012218992876593
0.00244379857531385
0.00244379857531385
0
0
0.0024437985753186
0.0024437985753186
0
0
0
0
0
0
0.00487343020237449
0.00121835755059362
0.00365507265178087
0.00121835755059362
-0.00121835755055599
0.00121835755059362
0.00121835755059362
0.00121835755059362
0.00121835755059362
0.00121835755059362
0.00121835755059362
0.00243671510118724
0.00121835755059362
0.00121835755059362
0.00121835755059362
0.00121835755059362
0.00121835755059362
0
0.00121835755059362
0.0024437985753186
0.0024437985753186
0.0024437985753186
0.0024437985753186
0.0024437985753186
0.0024437985753186
0.0024437985753186
0.0024437985753186
0.0024437985753186
0.0024437985753186
0.0024437985753186
0.0024437985753186
0.0024437985753186
0.0024437985753186
0
0
0
0
0
0
0
0
0
0
0
0
-0.00244379857531385
0
0
0
0
0
0
0
0
0
0
0
0
0
0
0
0
0
0
0
0
0
0
0
0
0
0
0
0
0
0
0
0
0
0
0
0
0
0
0
0
0
0
0
0
0
0
0
0
0
0
0
0
0
0
0
0
0
0
0
0
0
0
0
0
993.602637888138
125
0
0
0
-1000
0
0.0024437985753186
0
0
0
0
0
0
0
0
0
0
0
0
0
0
0
0
0
0
0
0
0
0
0
-1000
0
0
0
-138.076151975099
0
0
0
0
0
0.00656951613765126
0
0
0
0
0
0
0
0
0
0.00656951613765126
0
0
495.360473886375
0
500.365401400296
0
0
0.00656951613765126
0
0.00656951613765126
0
0.00656951613765126
0
2.31042924795118
0
0
0
0.410594758603204
0
0
0
0
0
2.54404512430545
0
0.00656951613765126
0
0.00656951613765126
0
0.00656951613765126
0
0.00656951613765126
0
0.00656951613765126
0
0.00656951613765126
0
0.00656951613765126
0
0.00656951613765126
0
0.00656951613765126
0
0.00656951613765126
0
0.00656951613765126
0
0.00656951613765126
0
0.00656951613765126
0
0.00656951613765126
0
0.00656951613765126
0
0.00656951613765126
0
0.00656951613765126
0
0.137959838890676
0
0.204053053734843
0
0.188873588957474
0
0
0
0.0969003630303561
0
0.00656951613765126
0
125.006569516138
0
0
0
0.00656951613765126
0
0.00656951613765126
0
0.00656951613765126
0
0.00656951613765126
0
3.14515585090054
0
13.1237809670971
0
0.353111492398755
0
0
0
0.670090646040429
0
0.00656951613765126
0
0.00656951613765126
0
0.062410403307687
0
0.00656951613765126
0
0.00656951613765126
0
0.00656951613765126
0
0
663.703147235278
0
0
-0.783328347974248
0
0
0
0
0
0
-1000
-1000
1000
0
0.673555749360617
-1000
252.47605273206
217.623135667594
0
538.442813410111
1000
-1000
-1000
0
0
1000
0
0
0
0
-3.73342768146415
1000
-7.36687448672171
0
0
0
-1000
1000
-0.00244379857531385
0
0
-2.13886681975384
1000
0
0
0
0
466.898218952244
1000
1000
-1000
-2.69093508486662
-217.623135667594
0
1000
0
0
-1000
0
0
1000
249.116593962822
-1000
1000
0
1000
1000
0
-1000
842.247064053955
1000
1000
0
0
0
0
0
-505.475571250975
0
0
0
0
0
0
0
0
0
0
0
1000
0
0
0
0
0
1000
0
0
0
0
1000
0
0
0
0
0
1000
0
0
-1000
-1000
-1000
-898.081057664956
-1000
-1000
-1000
-1000
-1000
-1000
-1000
196.522119064692
1000
1000
1000
-1000
-1000
-1000
-26.2785969917439
1000
-1000
-1000
-1000
1000
1000
1000
1000
1000
1000
-1000
1000
1000
-1000
-1000
-1000
-1000
546.426430188581
-1000
-1000
-1000
-1000
1000
94.8188545053997
-1000
1000
-1000
-1000
-1000
-1000
-1000
-1000
-1000
1000
1000
-1000
-1000
-1000
-1000
-1000
-1000
-1000
-1000
-1000
-1000
-1000
-1000
75.9266176915041
-1000
-1000
1000
1000
-1000
-1000
1000
1000
-1000
-1000
-1000
-1000
1000
-1000
-1000
-1000
1000
-1000
1000
85.6710591489427
1000
-1000
847.412269090284
1000
1000
1000
6.970135593809
1000
1000
1000
1000
-1000
-1000
847.872670250918
-1000
-1000
1000
-1000
-1000
-1000
-1000
1000
1000
1000
1000
1000
-23.1286622690966
1000
1000
1000
-1000
1000
-1000
-1000
235.7553755854
-213.019288938595
1000
983.825757498072
-1000
-1000
-1000
0
0
0
0
0
0
0
0
0
0
0
0
0
0
0
0
0
0
0
0
0
0
0
0
0
0
0
0
0
0
0
0
0
0
0
0
0
0
0
0
0
0
0
0
0
0
0
0
0
0
0
0
0
0
0
0
0
0
0
0
0
0
0
0
0
0
0
0
0
0
0
0
0
0
0
0
0
0
0
0
0
0
0
0
0
0
0
0
0
0
0
0
0
0
0
0
0
0
0
0
0
0
0
0
0
0
0
0
0
0
0
0
0
0
0
0
0
0
0
0
0
0
0
0
0
0
0
0
0
0
0
0
0
0
0
0
0
0
0
0
0
0
0
0
0
0
0
0
0
0
0
0
0
0
0
0
0
0
0
0
0
0
0
0
0
0
0
0
0
0
0
0
0
0
0
0
0
0
0
0
0
0
0
0
0
0
0
0
0
0
0
0
0
0
0
0
0
0
0
0
0
0
0
0
0
0
0
0
0
0
0
0
0
0
0
0
0
0
0
0
0
0
0
0
0
0
0
0
0
0
0
0
0
0
0
0
0
0
0
0
0
0
0
0
0
0
0
0
0
0
0
0
0
0
0
0
0
0
0
0
0
0
0
0
0
0
0
0
0
0
0
0
0
0
0
0
0
0
0
0
0
0
0
0
0
0
0
0
0
198.802213290608
0
0
0
0
0
0
0
0
0
0
0
0
0
0
0
0
0
0
0
0
0
0
0
0
0
0
0
0
0
14.2170756479861
0
0
0
0
0
1000
1000
1000
1000
1000
1000
1000
1000
-1000
-1000
-193.337581554016
-1000
1000
1000
190.530351878701
-1000
-1000
-1000
1000
-1000
1000
1000
809.469648121299
-1000
-1000
-1000
-1000
-1000
1000
-1000
-1000
616.132066567283
193.337581554016
-1000
1000
-1000
1000
-1000
-1000
-1000
-1000
-429.791444764981
-1000
-1000
-1000
1000
-1000
1000
-1000
-429.757281169246
-1000
-1000
-1000
429.791444764981
-1000
0
0
0
0
0
0
0
0
0
0
0
0
0
0
0
0
-1000
-1000
-0.320922698416325
0
0
0
0
555.515684844981
0
0
0
0
0
0
18.8193976837731
0
259.181643485642
0
0
-0.00244379857531385
0.0024437985753186
0
0
-0.00244379857531385
-0.00244379857531385
0
0
0
630.512565976164
0
0
0
0
0
0
0
0
0
0
0
0
0
0
0
0
435.633529363551
0
0
0
0
0
0
0.0024437985753186
0
0
-1000
1000
1000
-1000
0
0
0
0
0
-0.00244379857531385
0
0
0
0
249.668922108411
0
0
0
0
0
0
0
0
0
0
-1000
0
0
-465.456820963282
465.456820963282
0.0024437985753186
0
0
0
188.003760138235
1000
0
0
0
0
0
0
-1000
1000
1000
0
0
0
0
0
0
0
0
0
0
0
0
0
0
1.77869649426908
0
0
0
0
0
0
0
0
0
0
0
0
0
0
0
0
0
0
0
0.0024437985753186
0
0
0
0
1000
0
0
0
0
1.32138904299227
0
0
0
0
0
0.00365507265178087
1000
0
-1000
324.236824268085
0
0
0
0
0
0
0
0
0
0
0.00244379857531385
-324.242631904634
-164.707433205233
0
-1.32138904299234
0
0
0
598.717056144059
-1000
1000
0
0
0
0
0
0.00244379857531385
0
0
1000
0
0
0
0
1000
0
0
0
-1000
0
0
-1000
0
-1000
1000
0
0
0
0
0
0
0
0
0
0
0
0
1000
0
0
0
0
0
0
0
0
0
469.627267203977
0
207.164660440856
999.947210999326
0
998.736287554833
0
0
0
0
0
0
0
0
0
0
0.660694521496136
0
0.0024437985753186
-0.00244379857531385
0.0024437985753186
0.0024437985753186
0
0
0.00244379857531385
0
0
0
0.660694521496112
0
0
-0.00733139572594155
-1000
-1000
-1000
1000
-1000
1000
0
0
-998.736287554833
-1.26371244516724
-1000
-1000
0
0
0
0
0
0
0
0
0
0
0
0
0
0
0
0
0
0
0
0
0
0
0
0
0
1000
0
0
0
0
0
0.00121835755059362
0
1000
0
0
0
0
0
0
0.0024437985753186
0
0
0
0
0
0
0
0
125
0
-1000
0
0
0
0
0
0
0
0
0
0
0
0
0
1000
0
0
0
1000
0
0
0
0
0
0
0
0
0
0
0
0
0
0
0
0
0
0
0
0
0
0
0
0
0
0
0
1.57607299422716
0
0
0
0
0
0
0
0
0
0
0
0
0
0
0
0
0
0
0
0
0
0
0
0
0
0
0
0
0
0
0
0
0
0
0
0
0
0
0
0
0
0
0
0
0
0
0
0
0
0
0
0
0
0
0
0
0
0
0
0
0
0
0
0
0
0
0
0
0
0
0
0
0
0
0
0
0
0
0
0
0
0
0
0
0
0
0
0
0
0
0
0
0
0
0
0
0
0
0
0
0
0
0
0
0
0
0
0
0
0
0
0
-999.341930359012
0
0.00121835755055599
0
0.338179585597686
0
0
-0.658069640988174
0
1000
0.0109723014294332
0
0
0
0
0
0
0
0
0
0
0
0
0
0
0
0
0.0024437985753186
0.0024437985753186
0.0024437985753186
-1000
-321.807444429092
0
532.883959234416
-1000
0
0
0
0
0
0
-1000
-469.627267203977
0
0
0
0
0
0
0
0
0
1000
-1000
0
999.993430483862
-0.00656951613768797
-1000
-1000
-1000
-997.462524391832
-1000
-1000
0
0
0
0
0
0
0
0
0
-207.164660440856
-1000
0
1000
0.26767268163381
0.0024437985753186
0.0024437985753186
0.0024437985753186
0.0024437985753186
0.0024437985753186
0
0
0
1000
500.725082408832
0
0
0
0
0
0
0
0
0
0
0
0
0
0
-1000
0
0
0
0
0
0
0
1000
-1000
0
1000
0
0
-1000
0
0
0
0
0
0
0
0
0
0
0
0
0
0
0
0
0
0
0
0
0
13.0761519750992
0
125
0
0
0
0
0
0
125
0
0
0
0
0.190515967991887
125
0
0
0
0
0
125
0
0
0
0
-1000
0
0
0
0
0
0
0
0
0
-1000
0
0
0
0
0
0
1000
1000
-1000
-1000
-1000
-1000
1000
0
0.0146344575553862
0
0
0
0
6.52008625263488
-1000
-1000
0
249.668922108411
0
0
0
999.985337208548
2.48984115717243
0
0
0
0
0.393021839862326
0.393021839862326
-998.96759301443
-999.340712001461
0
0
0
0
0
0
0.248086875660604
0
966.962387640869
0
0
0
0
0
0
0
1000
0.0024437985753186
0
0
0
0
0
0
0
0
42.0048581643566
0
0
0
999.809484032008
0
0
0
1000
0
0
0
-999.748716007735
0
-1000
0
0
0
-1000
-1000
0
0
0
0
-0.00656951613768797
0
0
0
0
0
0
0
0
0
-1000
1000
0
0
0
-1000
-1000
0
0
-1000
0
0
0
0
0.162993577874522
0
0
0
0
0
0
0
0
998.736287554833
0
1000
0
0
0
0
0
0
0
0
0
1000
401.379981548646
0
-401.379981548646
1000
-1000
-1000
0
0
0
0
0
0
0
0
0
-1000
0
0
1000
0.00121835755059362
0.00121835755059362
0
-1000
28.9937191893214
-1000
-494.395783300392
-494.395783300392
499.634598599704
0
0
0
0
0
0
0
0
0
0
0
0
0
0
0
0
0
0
0
0
0
0
0
0
0
-0.647097339558627
0
0
0
0
0
0
0
0
0
0
0
0
0
0
0
0
0
0
0
0
0
0
0
0
0
0
0
0
0
0
0
0
0
0
0
0
0
0
0
0
0
0
0
0
0
0
-1000
0
-1000
0
0
0
0
0
0
-1000
0
0
0
0
0
0
0
0
0
0
0
-1000
0
0
0
0
0
0
0
0
0
0
0
0
0
1000
0
0
0
-1000
0
0
0
0
0
0
0
0
0
0
0
0
0
0
0
0
0
0
0
0
0
0
0
0
0
0
0
0
0
0
0
0
0
0
0
0
0
0
0
0
0
0
0
0
0
0
0
0
0
0
0
0
0
0
0
0
0
0
0
0
0
0
0
0
0
0
0
0
0
0
0
0
0
0
0
0
0
0
0
0
0
0
0
0
0
0
0
0
0
0
0
0
0
0
0
0
0
0
0
0
0
0
0
0
0
0
0
0
0
0
0
0
0
0
0
0
0
0
0
0
0
0
0
0
0
0
0
0
0
0
0
0
0
0
0
0
0
0
0
0
0
0
0
0
0
0
0
0
0
0
0
0
0
0
0
0
0
0
0
0
0
0
0
0
0
0
0
0
0
0
0
0
0
0
0
0
0
0
0
0
0
0
0
0
-1000
279.80503006331
0
0
0
0
0
0
0
0
0
0
0
0
0
0
0
0
0
0
0
0
0
333.333333333333
0
0
0
0
-426.562249916653
0
783.496896131749
-678.064176149632
-105.321412040486
0
-1000
0
0
663.703147235278
0
0
0
0
-0.0171065900271969
0.0146627914519116
0
0
0
0
0
0
0
0
0
0
0
0
0
0
0
0
0
0
0
0
0
0
0
0
0
0
0
0
0
0
0
0
0
0
0
0
0
0
0
0
0
0
0
0
0
0
0
0
0
0
0
0
0
0
0
0
0
0
0
0
0
0
0
0
0
0
0
0
0
0
0
0
0
0
0
0
0
0
0
0
0
0
0
0
0
0
0
0
0
0
0
0
0
0
0
0
0
0
0
0
0
0
0
0
0
0
0
0
0
0
0
0
0
0
0
0
0
0
0
0
0
0
0
0
0
0
0
0
0
0
0
0
0
0
0
0
0
0
0
0
0
0
0
0
0
0
0
0
0
0
0
0
0
0
0
0
0
0
0
0
0
0
0
0
0
0
0
0
0
0
0
0
0
0
0
0
0
0
0
0
0
0
0
0
0
0
0
0
0
0
0
0
0
0
0
0
0
0
0
0
0
0
0
0
0
0
0
0
0
0
0
0
0
0
0
0
0
0
0
0
0
0
0
0
0
0
0
0
0
0
0
0
0
0
0
0
0
0
0
0
0
0
0
0
0
0
0
0
0
0
0
0
0
0
0
0
0
0
0
0
0
0
0
0
0
0
0
0
0
0
0
0
0
0
0
0
0
0
0
0
0
0
0
0
0
0
0
0
0
0
499.634598599704
0
0
0
0
0
0
0
0
0
0
0
-1000
0
0
0.673555749360617
0
0.00244379857531385
12.025428091611
-998.96759301443
0
0
0
0
0
0
0
0
0
0
0
0
0
0
0
0
0
0
0
0
0
0
0
0
0
0
0
0
0
0
0
0
0
0
0
0
0
0
0
0
0
0
0
0
0
0
0
0
0
0
0
0
0
0
0
0
0
0
0
0
0
0
0
0
0
0
0
0
0
0
0
0
0
0
0
0
0
0
0
0
0
0
0
0
0
0
0
0
0
0
0
0
0
0
0
0
0
0
0
0
0
0
0
0
0
0
0
0
0
0
0
0
0
0
0
0
0
0
0
0
0
0
0
0
0
0
0
0
0
0
0
0
0
0
0
0
0
0
0
0
0
0
0
0
0
0
0
0
0
0
0
0
0
0
0
1000
0
806.662418445984
0
0
0
0
0
0
0
0
1000
0.00244379857531385
0
0
-1000
1000
0
0
0
0
0
0
0
0
0
0
0
0
0
0
0
1000
-1000
0
0
1000
0
0
0
0
0
0
0
0
0
0
0
0
0
0
0
0
0
0
0
0
0
0
0
0
0
0
0
0
0
0
0
0
0
0
0
0
0
0
0
0
0
0
0
0
0
0
0
0
0
0
0
0
0
0
0
0
0
0
0
0
0
0
0
0
0
0
0
0
0
0
0
0
0
0
0
0
0
0
0
0
0
0
0
0
0
0
0
0
0
0
0
0
0
0
0
0
0
0
0
0
0
0
0
0
0
0
0
0
0
0
0
0
0
0
0
0
0
0
0
0
0
0
0
0
0
0
0
0
0
0
0
0
0
0
0
0
0
0
0
0
0
0
0
0
0
0
0
0
0
0
0
0
0
0
0
0
0
0
0
0
0
0
0
0
0
0
500
59.0289510946522
0
0
-0.660694521496112
0
0
315.067026467706
13.0572039821371
28.5404978542644
0.0708347413135827
59.0289510946522
0
0
0
0
0
0
0
0
0
0
0
0
0
0
0
0
0
0
0
0
0
0
0
0
0
1000
-1000
0
-369.487434023836
-630.512565976164
998.965149215854
0
998.96759301443
-1000
0
0
0
1000
-125
750
125
0
0
-16.4237903441282
0
0.0024437985753186
0
0
0
0
0
0
0
0
0
0
0
0
0
0
0
0
138.076151975099
0
0
0
0
466.898218952244
-3.14515585090055
-0.137959838890652
0
-7.25202539831378
-14.2170756479861
-1000
-22.7360866468055
-7.10008782964383
0
-17.9634572327677
-3.11619735723775
-21.2661270465135
-1000
-1000
0
0
0
0
-1000
-26.2785969917439
-11.8492620899641
-453.573569811419
-9.00994593073096
-6.970135593809
-16.1742425019281
298.441061399735
983.728944115382
-343.935448468222
0
168.019432657427
-1000
-630.512565976164
0
1000
0
0
993.479913747365
-1000
0
0
0
-7.36687448672171
0
0
1000
-1000
0
0
0
0
0
0
0
0
0
-0.00244379857531385
-0.00244379857531385
0
0
0
0
0
0
0
0
0
0
0
0
435.633529363551
0
0
0
0
809.469648121299
0
570.242718830754
0
0
1000
859.481114653239
249.668922108411
-0.00244379857531385
-0.00244379857531385
-0.673555749360617
720.19496993669
0
0
-0.00244379857531385
0
-0.00244379857531385
0
0
0
-0.00244379857531385
0
0
0
-0.00244379857531385
0
0
0
0
0
1000
0
0
0
0
0
806.662418445984
0
0
0
0
0
321.807444429092
-42.0048581643566
0
0
0
0
0
-747.52394726794
0
0
0
0
-1000
0
1000
0
0
-0.00244379857531385
-1000
0
0
0
0
0
0
0
0
0
0
0
0
0
1000
-2.13886681975384
-0.320922698416325
-1000
-1000
0
0
0
0
0
0
0
1.66313833593381
0
0
0
0
0
0
-2.69093508486662
0
0
0
0
1000
1000
217.623135667594
0
0
538.442813410111
782.376864332406
0
0
0
465.456820963282
0
0
0
0
0
-1000
-1000
0
0
0
0
0
-0.0341635957353219
0
0
0
-1000
-1000
1000
0
0
0
0
0
0
1000
-1000
-1000
-3.73342768146415
0
0
-465.456820963282
0
0
0
0
0
0
0
1000
0
-0.670090646040421
-0.00656951613768797
-1.77869649426907
-505.475571250975
-0.096900363030386
0
-0.0624104033076947
-0.353111492398739
-0.188873588957449
0
0
0
495.360473886375
500.365401400296
-0.00656951613768797
-1000
-0.00656951613768797
-0.00656951613768797
-0.00656951613768797
-13.1237809670971
0
-0.00656951613768797
-2.31042924795122
0
0
-2.48984115717246
0
-0.248086875660647
-0.00656951613768797
-0.20405305373481
0
-125.006569516138
-0.00656951613768797
-0.00656951613768797
-0.00656951613768797
0
0
-0.410594758603224
0
0
0
-1000
1000
0
0
-1000
1000
-0.00244379857531385
0
1000
-1000
0
0
0
-1000
0
0
0
0
0
0
0
0
0
0
0
0
0
0
0
0
0
-1000
1000
1000
-1000
-28.9937191893215
28.9937191893214
1000
-1000
-1000
0
-1000
1000
0
-0.00656951613768797
-0.00656951613768797
0
0
0
0
1000
-105.432719982118
105.321412040486
-0.0171065900271969
0.0146627914518831
0
0
0
0
0
-1000
-1000
0
0
0
0
0
0
0
0
0
0
0
0
0
0
0
0
0
0
0
0
0
0
0
0
0
0
0
0
0
0
0
0
0
0
0
0
0
0
0
0
0
0
0
0
0
0
0
0
0
0
0
0
0
0
0
0
0
0
0
0
0
0
0
0
0
0
0
0
0
0
0
-0.00656951613768797
0
0
0
0
0
0
0
0
0
0
0
0
0
0
0
0
0
0
0
0
0
0
0
0
0
0
0
0
0
0
0
0
0
0
0
0
0
0
0
0
0
0
0
0
0
0
0
0
0
0
0
0
0
0
0
0
0
0
0
0
0
0
0
0
0
0
0
0
0
0
0
0
0
0
0
0
0
0
0
0
0
0
0
0
0
0
0
0
0
0
0
0
0
0
0
0
0
0
0
0
0
0
0
0
0
0
0
0
0
0
0
0
0
0
0
0
0
0
0
0
0
0
0
0
0
0
0
0
0
0
0
0
0
0
0
0
0
0
0
0
0
0
0
0
0
0
0
0
0
0
0
0
0
0
0
0
0
0
0
0
0
0
0
0
0
0
0
0
0
0
0
0
0
0
0
0
0
0
0
0
0
0
0
0
0
0
0
0
0
0
0
0
0
0
0
0
0
0
0
0
0
0
0
0
0
0
0
0
0
0
0
0
0
0
0
0
0
0
0
0
0
0
0
0
0
0
0
0
0
0
0
0
0
0
0
0
0
0
0
0
0
0
0
0
0
0
0
0
0
0
0
0
0
0
0
0
0
-806.662418445984
0
1000
0
1000
-12.025428091611
0
0
0
0
0
0
0
0
0
0
0
0
0
0
0
0
0
0
0
0
0
0
0
1000
0
-1000
0
0
-0.00244379857531385
0
0
0
0
0
0
0
0
858.697786305265
0
0
0
0
0
-1000
0
0
0
0
0
0
0
0
0
0
0
0
0
0
0
0
0
0
0
0
0
0
0
0
0
0
0
0
0
0
0
0
0
0
0
0
0
0
0
0
0
0
0
0
0
0
0
0
0
0
0
0
0
0
0
0
0
0
0
0
0
0
0
0
0
0
0
0
0
-0.00656951613768797
-0.00656951613768797
-0.00656951613768797
-0.00656951613768797
0
-0.00656951613768797
-2.5440451243054
0
-0.00656951613768797
-0.00656951613768797
-0.00656951613768797
-0.00656951613768797
0
-0.00656951613768797
-0.00656951613768797
-0.00656951613768797
-0.00656951613768797
-0.00656951613768797
-0.00656951613768797
-0.00656951613768797
0
-0.00656951613768797
-0.00656951613768797
-0.00656951613768797
0
-1000
59.0289510946523
0
140.518885346761
0
0
0
0
0
0
0
0
0
0
0
