0
0
0
0
0
0
0
0
-1000
0
0
0
0
199.292697767587
554.94654327607
0
999.742867523647
-999.742867523647
999.940985989034
0
0.0590140109663659
0
-1000
0.37094521178858
0
1000
-201.764906193719
0
-35.8423064633747
0.0125961653189844
557.776324007672
557.776324007672
0
0
0
0
0.0324999896706188
0
0
0
35.4136375454835
0
0
0
0
0
0
0
0
0
0
0
0
0
0
0
0
0
0
0
0
0
0
0
0
0
35.8423064633747
0
0
0
0
0
0
0
1.5537049088407
1.5537049088407
0
0
0
0
0
0
-1000
0
0
0
0
0
0
0
0
0
0
0
0
0
0
0
0
0
0
0
0
0
0
0
1000
0
0
0
0
0
0
0
0
0
0
0
0
0
0
0
0
0
0
0
0
0
0
0
0
0
442.223675992328
0
0
1000
0
0
0
0
0
0
1000
0
0
0
0
-14.7743184976239
0
0
0
0
-75.1584194425606
0
0
0.00900772287345977
1000
0
0
351.565890748495
753.036592786565
1000
401.462271465075
0
451.358652181655
0
-1000
401.462271465075
600.754969232662
1000
-800.707302232413
0
451.358652181655
1000
0
0
0.00900772287343443
0
0
1000
-1000
0
0
0
0
0
-3.97015908744311
0
0
0
0
0
0
0
250.937781587375
-1000
0
0
0
444.796324247576
0
0
0
0
0
0
0
0
0
0
-3.97437437394069
0
-999.995784713502
1000
0
0
0
0
0
0
0
0
0
0
0
0
0
-1000
1.39846728448435
996.963656338175
0
0.465555944098676
0
0
0.473986517093871
0.698333916148014
0
3.97437437394069
0
0
0
-1000
0
1000
0
0
0
0
0
0
0
0
0
0
-1000
0
-1000
1000
-1000
-1.5537049088407
0
999.534444055901
0
166.350996638021
-1000
-0.975812233451734
999.534444055901
-2.65717188470217
0
-0.698333916148044
0
1000
-1000
1000
0
0
1000
0
0.181257319396695
0
-0.18125731939665
0
0.00179945218842634
0
0
0
0
0
0
0
0
1000
0
0
0
0
0
0
0
0
-1000
0
1000
0
0
0
1000
0
-0.18125731939665
0
-0.698333916148044
0
0
0.698333916148044
2.65717188470213
0
0
0
0
0
-1000
0
0
0
1000
0.698333916148044
0
-4.96749412911947
-0.975812233451734
0
0.00360936630822078
0
0
0
0
0
0
0
0
0
0
0
1000
0
0
0
2.32777972049338
0
9.79934234394966
0
0
0
0
0
0
0
0
-444.63192807417
782.878030190351
1000
-1000
-1000
1000
-1000
-1000
0
-0.00179945218837929
1000
-1000
1000
1000
1000
0
-1000
0
0
0
0
-1000
0
1000
-1000
0
-1000
1000
0
0
1000
0
0
0
0
0
0
0
0.97581223345171
-1000
1000
1000
-1000
1000
-1000
-1000
-1000
0.00843057299516659
1000
0
1000
1000
-1000
0
-1000
-1000
1000
-1000
-1000
1000
-1000
-1000
1000
1000
0
0
0
0
0
0
0
0
-250.937781587375
0
0
0
1000
-521.705907656435
0
0
0
-29.7002722279166
0
0
0
0
0
0
0
0
0
0.699737558601214
0
0
0
0.699737558601214
0
0
0
0.00360936630818075
0
1000
0
-1000
0
1000
0
0
0
0
1000
0
0
0
0
0
0
0
0
0
0
0
0
0
0
0
0
0
0
0
1000
0
0
0
0
0
-1000
1000
0
0
0
0
0
0
0
0
0
0
0
0
-1000
-0.00360936630818287
0.105382162439923
0.105382162439923
0
-944.40429699992
0
0
0
0
0
0
0
0
0
0
0
32.6523258526868
0
0
0
0
-993.006903959345
0
0
0
0
0
0
0
0
0
0
0
0
0
0
0
0
0
0
0
0
0
0
0
0
0
0
0
0
0
0
0
0
0
0.164396173406301
0
0
0
1000
0
1000
0
1000
0
0
-1000
0
0
0
0
0
0
0
0
0
0
0
0
0
0
0
0
0
0
0
0
0
0
0
0
0
-206.151656992209
0
0
0.164396173406301
0
0
0
0
0
0
0
0
0
1000
0
0
0
0
0
0
0
0
0
0
0
0
0
0
0
0
0
0
0
0
0
0
0
0
0
0
0
0
0
0
0
-1000
0
0
0
0
0
0
0
0
0
0
0
0
0
0
0
0
0
0
0
0
0
0
0
0
0
0
0
0
0
0
0
0
0
0
0
0
0
0
-1000
0
0.00421528649759756
0
0
0
0
0.762966856065158
0.762966856065158
0
1000
0
0
0
0
0
0
0
0
0
0
0
0
0
0
0
0
0
0
0
0
0
0
0
0
0
1000
0
0
0
0.00360936630818287
0
0
-1000
0
0
0
0
2.19194897875073
0
0
2.19194897875073
0
0
0
0
0
0
0
0
0
0
2.19194897875073
0
2.19194897875073
0
0
0
13.0759974402078
37.2735727744002
23.8253049444356
17.4501745198503
25.872792088098
8.51568516568694
19.9164658519891
36.4359643974474
33.5508688768322
10.609706108069
20.5679390340636
42.3922906335563
33.457801279393
10.3305033157514
17.1244379288131
23.7322373469964
30.7588409536561
24.8955823149864
4.56031227452088
31.0380437459737
0
0
0
0
0
0
0
0
0
0
0
0
0
0
0
0
0
0
0
0
0
0
0
0
0
0
0
0
0
0
0
0
0
0
0
0
0
0
0
0
0
0
0
0
0
0
0
0
0
0
0
0
0
0
0
0
0
0
0
0
0
0
0
0
0
0
0
0
0
0
0
0
0
0
0
0
0
0
0
0
0
0
0
0
0
0
0
0
0
0
0
0
0
0
0
-1000
0
0
0
0
0
32.6523258526867
1000
1000
-217.121969809649
-217.121969809649
0
0
0
0
0
404.919091181605
0
-29.7002722279166
-405.070841495519
-405.070841495519
-1000
0
-564.769420048326
435.230579951674
-564.887448070259
1000
969.696941802927
435.230579951674
1000
0
0
595.080908818395
0
-1000
-1000
-1000
0
0
0
435.230579951674
435.230579951674
564.769420048326
0
0
0
0
0
0
0
0
0
0
0
1000
218.101391409409
1000
1000
0
500
236.19517984948
0
5
0
0
0
0
0
0
0
0
282.385779054297
0
0
-0.00147130604023005
0
0
0
0
-0.00147130604023005
214.375326795492
718.158232960039
0
-0.00294261208046009
0
-0.00147130604023005
-0.55304830579712
0
-0.0919566275149464
0
-1000
-0.57123457012267
0
-0.00147130604023005
-0.00147130604023005
0.00147130604023005
-0.00147130604023005
0.00147130604023005
-0.00147130604023005
-0.00147130604023005
-0.00147130604023005
-0.00147130604023005
-0.00147130604023005
-0.00147130604023005
-0.00147130604023005
-0.00147130604023005
-0.00147130604023005
-0.00147130604023005
-0.00147130604023005
-0.0308974268450584
0
-0.0423000486568981
0
-0.0217017640935637
0.00147130604023005
0.00147130604023005
-0.158627092376037
0.00147130604023005
0.00147130604023005
0.00147130604023005
0.00147130604023005
-0.704387766764285
-0.0106669687917247
-0.477438810057492
0
-0.00154020483262229
0.00147130604023005
0.00147130604023005
0.0139774073822991
0.00147130604023005
0.00147130604023005
-0.00147130604023005
0
0
0
0
0
0
0
0
0
0
0
0
0
0
0
0
0
0
0
0
0
0
0
0
0
0
0
0
0
0
0
0
0
0
0
0
0.000898418352790031
0
0
0
0
0
0
0
0
0
0
0
0
0
0
0
0
0
0
0
0
0
0
0
0
0
0
0
0
0
0
0
0
0
0
0
0
0
0
0
1000
0
0
0
0
0
0
0
0
0
0
0
0
0
0
0
0
0
0
0
0
0
0
0
0
0
0
0
0
0
0
0
0
0
0
0
0
0
0
0
0
0
0
0
0
0
0
0
0
0
0
0
0
0
0
0
0
0
0
0
0
0
0
0
0
0
0
0
0
0
0
0
0
0
0
0
0
0
0
0
0
0
0
0
0
0
0
0
0
0
0
0
0
0
0
0
0
0
0
0
0
0
0.00147130604023876
0.00147130604023876
0.00147130604023876
501.160129551792
0
0
0
0
0.00147130604023876
0.00147130604023876
0.00147130604023876
0
0.00147130604023876
0
0
0
0
0
0
0
0
0
0
0
0
0
0
0
0
0
0
0
0
0
0
0
0
0
0
0
0
0
0
0
0
0
0
0
0
0
0
0
0
0
0
0
0
0
0
0
0
0
0
0
0
0
0
0
0
0
0
0
0
0
0
0
0
0
0
0
0
0
0
0
0
0
0
0
0
0
0
0
0
0
0
0
0
0
0
0
0
0
0
0
0
0
0
0
0
0
0
0
0
0
0
0
0
0
0
0
0
0
0
0
0
0
0
0
0
0
0
0
0
0
0
0
0
0
0
0
0
0
0
0
0
0
0
0
0
0
0
0
0
0
0
0
0
0
0
0
0
0
0
0
0
0
0
0
0
0
0
0
0
0
0
0
0
0
0
0
0
0
0
0
0
0
0
0
0
0
0
0
0
0
0
0
0
0
-1000
0
0
0
0
0
0
0
0
0
0
0
0
0
0
0
0
0
0
0
0
0
0
0
0
0
0
0
0
0
0
0
0
0
0
0
0
0
0
0
0
0
0
0
0
0
0
0
0
0
0
0
0
0
0
0
0
0
0
0
0
0
0
0
0
0
0
0
0
0
0
0
0
0
0
0
0
0
0
0
0
0
0
0
0
0
0
0
0
0
0
0
1000
1000
0
0
0
0
0
0
0
0
0
0
0
0
0
0
0
0
0
0
-1000
0
-1000
0
0
0
0
0
0
0
1000
1000
0
0
0
0
0
0
0
0
0
0
0
0
0
0
0
0
0
0
0
0
0
0
0
0
0
0
0
0
0
0
0
0
0
0
0
0
0
0
0
0
0
0
0
0
0
0
0
0
0
0
0
0
0
0
0
0
0
0
0
0
0
0
0
0
0
0
0
0
0
0
0
0
0
0
0
0
0
0
0
0
0
0
0
0
719.565845412606
46.5233350446174
0
0
0.00147130604023005
0
1000
0
0
0
0
717.559414795704
-0.00147130604023005
217.078657413951
0
0
0
0.000898418352790031
0.569763264082439
0
-999.430236735918
1000
0
0
0
0
0
0
0
0
0
0
0
0
0
-1000
-0.00919566275149464
0
-0.0426678751668987
0
0.0563713225793663
0
0
0
0
0
0
0
-0.00360936630818287
0
0
0
0
0
0
-1000
719.565845412606
0
0
0
-1000
1000
-0.0216561978490972
0
0
0.00147130604023005
-0.00147130604023005
0
0
0.0533348439586234
-0.0533348439586234
1000
0
0
0
0
0
778.021384742858
0
-282.440585204296
-717.559414795704
-1000
0
-782.921342586049
-217.078657413951
-1000
0
0
0
0
0
-1000
0
-0.569763264082439
0
0
0
-999.430236735918
999.430236735918
-1000
0
0
0
-1000
0
0
0
-1000
0
0
0
0
0
0
0
0
0
0
0
0
0
0
0
0
0
0
0
-1000
1000
-1000
0.0100940811042847
-1000
0
-1000
0.0426678751668987
-1000
0
-0.0527619562711834
-0.0527619562711834
0
0
0
0
0
0
-1000
0
1000
0
-1000
0
-1000
0
-1000
0
-1000
0
0
0
0
0
0
0
0
0
-1000
0
0
0
0
0
0
0
0
0
0
0
0
0
0
0
0
0
0
0
0
0
0
0
0
0
0
0
0
0
0
0
0
0
0
0
0.000898418352790031
-0.000898418352790031
0
0
0
0
0
0
0
0
0
0
0
0
0
0
0
0
0
0
0
0
0
0
0
0
0
0
0
0
0
0
0
0
0
0
0
0
0.000898418352790031
-0.000898418352790031
0
0
0
0
0
0
-0.00360936630818287
-0.00360936630818287
0
0
0
0
0
0
0
0
0
0
0
0
0
0
0
0
0.00360936630818287
0.00360936630818287
0
0
0
0
0
0
0
0
0
0
0
0
0
0
0
0
0
0
0
0
0
0
0
0
0
0
0
0
0
0
0
0
0
0
0
0
1000
0
0
0
0
0
0
0
1.18215987965593
0.00360936630818075
0
0
0
0
0
0
0
0
0.148740765001474
0
0
0
0
0
0
0
0
0
0
0
0
0
0
0
0
0
0
0
0
0
0
0
0
0
0
0
0
0
0
0
0
0
0
0
0
0
0
0
0
0
0
0
0
0
0
0
0
0
0
0
0
0
0
0
0
0
282.440585204296
282.440585204296
282.440585204296
0
282.387250360337
282.387250360337
0
282.385779054297
282.385779054297
0
0
0
0
0
0
0
0
0
0
0
0
0
0
0
0
0
0
0
0
0
0
0
0
0
0
0
0
0
0
0
0
0
0
0
0
0
0
0
0
0
0
0
0
0
0
0
0
0
0
0
0
0
0
0
0
0
0
0
0
0
0
0
0
0
0
0
0
0
0
0
0
0
0
0
0
0
0
0
0
0
0
0
0
0
0
0
0
0
0
0
0
0
0
0
0
0
0
0
0
0
0
0
0
0
0
0
0
0
0
0
0
0
0
0
0
0
0
0
0
0
0
0
0
0
0
0
0
0
0
0
0
0
0
0
0
0
0
0
0
0
0
0
0
0
0
0
0
0
0
0
0
0
0
0
0
0
0
0
0
0
0
0
0
0
0.00360936630818075
0.00360936630818075
0.00360936630818075
0.00360936630818075
0.00360936630818075
0
0
0
0
0
0
0
0
0
0
0
0
0
0
0
0
0
0
0
0
0
0
0
0
0
0
0
0
0
0
0
0
0
0
0
0
0
0
0
0
0
0
0
14.7743184976239
14.7743184976239
-14.7743184976239
4.9163509778222
-2.45637080575705
2.45637080575701
2.45637080575701
2.45637080575701
2.45637080575701
2.45637080575701
2.45637080575701
2.45637080575701
2.45637080575701
2.45637080575701
2.45637080575701
2.45637080575701
0
2.45637080575705
2.45637080575701
2.45637080575701
2.45637080575701
2.45637080575701
2.45637080575701
2.45637080575701
0
0
0
2.45637080575701
2.45637080575701
0
2.4491729970033
0
0
0
0
0
0
0
0
0
0
0
0
0
0
0
0
14.7743184976239
14.7743184976239
4.9163509778222
4.9163509778222
0
0
0
0
0
0
0
0
0
0
0
0
0
0
0
0
0
0
0
0
0
0
0
0
0
0
0
0
0
0
0
0
0
0
0
0
0
0
0
0
0
0
0
0
0
0
0
0
0
0
0
0
0
0
0
0
0
0
0
0
0
0
0
0
0
0
0
0
0
0
0
0
0
0
0
0
0
0
0
0
0
0
0
0
0
0
0
0
0
0
0
0
0
0
0
0
0
0
0
0
0
0
0
0
0
0
0
0
0
0
0
0
0
0
0
0
0
0
0
0
0
0
0
0
0
0
0
0
0
0
0
0
0
0
0
0
0
0
0
0
0
0
0
0
0
0
0
0
0
0
0
0
0
0
0
0
0
0
0
0
0
0
0
0
0
0
0
0
0
0
0
0
0
0
0
0
0
0
0
0
0
0
0
0
0
0
0
0
0
0
0
0
1.18215987965593
1.20738359608788
1.20738359608788
0
0
0
0
-1.20738359608788
1.20738359608788
0
0
0.0252237164319529
0
0
1000
0
0
0
0
0
0
0
0
0
0
0
0
0
0
0
0
0
0
0
0
0
0
0
0
0
0
0
0
0
0
0
0
0
0
0
0
0
0
0
0
0
0
0
0
0
0
0
0
0
0
0
0
0
0
0
0
0
0
0
0
0
0
0
0
0
0
0
0
0
0
0
0
0
0
0
0
0
0
0
0
0
0
0
0
0
0
0
0
0
0
0
0
0
0
0
0
0
0
0
0
0
0
0
0
0
0
0
0
0
0
0
0
0
0
1.18215987965593
0.00360936630818075
0
0
0
0
0
0
0
1.55628551856824
0
0
0
0.97581223345171
0.97581223345171
0.97581223345171
0
0
0
0
0
0
1.33451001096558
0
0
0
0.00360936630818075
0
0
0
0
-1.33451001096557
1.33451001096558
0
0
0
0
0
0
0
14.5578681130672
0
0
0.243389857726434
0
0.221775507602661
0
0
0
0
0
0
0
0
0
0
10.880499251254
10.880499251254
10.880499251254
0
0
0
0
-0.148740765001435
0
0
0
0
0
0
0
0
0
0
0
0
0
0
0
0
0
0
0
0
0
0
0
0
0
0
0
0
0
0
0
0
0
0
0
0
0
0
0
0
0
0
0
0
0
0
0
0
0
0
0
0
0
0
0
0
0
0
0
0
0
0
0
0
0
0
0
0
0
0
0
0
0
0
0
0
0
0
0
0
0
0
0
0
0
0
0
0
0
0
0
0
0
0
0
0
0
0
0
0
0
0
0
0
0
0
0
0
0
0
0
0
0
0
0
0
0
0
0
0
0
0
0
0
0
0
0
0
0
0
0
0
0
0
0
0
0
0
0
0
0
0
0
0
0
0
0
0
0
0
0
0
0
0
0
0
0
0
0
0
0
0
0
0
0
0
0
0
0
0
0
0
0
0
0
0
0
0
0
0
0
0
0
0
0
0
0
0
0
0
0
0
0
0
0
0
0
0
0
0
0
0
0
0
0
0
0
0
0
0
0
0
0
0
0
0
0
0
0
0
0
0
0
0
0
0
0
0
0
0
0
0
0
0
0
0
0
0
0
0
0
0
0
0
0
0
0
0
0
0
0
0
0
0
0
0
0
0
0
0
0
0
0
0
0
0
0
0
0
0
0
0
0
0
0
0
0
0
0
0
0
0
0
0
0
0
0
0
0
0
0
0
0
0
0
0
0
0
0
0
0
0
0
0
0
0
0
0
0
0
0
0
0
0
0
0
0
0
0
0
0
0
0
0
0
0
0
0
0
0
0
0
0
0
0
0
0
0
0
0
0
0
0
0
0
0
0
0
0
0
0
0
0
0
0
0
0
0
0
0
0
0
0
0
0
0
0
0
0
0
0
0
0
0
0
0
0
0
0
0
0
0
0
0
0
0
0
0
0
0
0
0
0
0
0
0
0
0
0
0
0
0
0
0
0
0
0
0
0
0
0
0
0
0
0
0
0
0
0
0
0
0
0
0
0
0
0
0
0
0
0
0
0
0
0
0
0
0
0
1000
0
0
0
0
504.931484811733
0
0
0
0
0
0
0
0
0
0
0
0
0
0
0
0
0
0
0
0
0
0
0
0
0
0
0
0
0
0
0
0
0
0
0
0
0
0
0
0
0
0
0
0
0
0
0
0
0
0
0
0
0
0
0
0
0
0
0
0
0
0
0
0
0
0
0
0
0
0
0
0
0
0
0
0.164396173406301
0.164396173406301
0
0
0
0
0.164396173406317
0
0.164396173406301
-246.799011040029
0
0
0
0
0.0252917189855826
0
0
0
0
0
0
246.799011040028
0
0
0
0
0
0
0.994807613432897
0
0
0
0
0
0
0.994807613432897
0
0.994807613432897
0.99480761343284
0
0
0
0
0
0
0
0
0
0
0
0
0
0
0
0
0
0
0
0
0
0
0
0
0
0
0
0
0
0
0
0
0
0
0
0
0
512.622049016245
512.622049016245
0
0
0
0
0
0
0
0
0
0
0
0
0
0
0
0
0
0
0
0
0
0
0
0
0
0
0
0
0
0
0
0
0
0
0
0
0
0
0
0
0
0
0
0
0
0
0
0
1000
-45.4642216075511
101.063533973939
0
0
0
-1000
-1000
1000
0
54.8973690839316
0
0
-945.09902154976
1000
0
0
0
0
0
0
0
0
0
0
0
0
0
0
0
0
0
0
0
0
0
0
0
0
0
0
0
0
0
0
0
0
0
0
0
0
0
0
0
0
1000
0
0
0
0
0
0
0
0
0
0
0
0
0
0
-999.996390633692
999.996390633692
1000
999.996390633692
1000
-1000
-1000
0
0
0
0
0
0
0.00360936630818287
0
0
0
0
0
0
0
0
0
0
0
0
0
0
0
0
0
0
0
0
0
0.0144060794387388
0
0.00360936630818075
0.0216143501237722
1000
0.00179945218842634
0.00179945218842634
0.00360936630818287
0
0.0126066272503125
0.00179945218842634
0.0270231686203503
-0.00179945218837929
0.00179945218842634
0.00179945218842634
0.00179945218842634
0.00179945218842634
0.00179945218842634
-0.00179945218837929
-0.00359890437687227
-0.045059538229907
0.00179945218842634
0.00179945218842634
0.00179945218837929
0.00179945218842634
0.0396507197333449
-0.00540881849656216
-0.0414501719217242
0.00360936630818287
0.00179945218842634
0.00179945218842634
0.00360936630818075
0.00360936630818075
-0.00360936630818287
-0.00360936630818287
0.00360936630818287
0.00360936630818287
0.00179945218842634
0.00179945218842634
0.00179945218842634
0.00179945218842634
-0.00540881849656216
-999.974776283568
0
0
0
0
0
0
-1000
0
0
0
0.00360936630818075
0
0
0
0
0.00180468315409037
0.00360936630818287
0.00360936630818287
0
0
0.00360936630818075
0.00360936630818075
0
0
0
0
0
0
0.00719780875370537
0.00179945218842634
0.00539835656527903
0.00179945218842634
-0.00179945218837929
0.00179945218842634
0.00179945218842634
0.00179945218842634
0.00179945218842634
0.00179945218842634
0.00179945218842634
0.00359890437685269
0.00179945218842634
0.00179945218842634
0.00179945218842634
0.00179945218842634
0.00179945218842634
0
0.00179945218842634
0
0
0
0
0
0
0.00360936630818075
0
0
0
0
0
0
0.00360936630818075
0.00360936630818075
0.00360936630818075
0.00360936630818075
0.00360936630818075
0.00360936630818075
0.00360936630818075
0.00360936630818075
0.00360936630818075
0.00360936630818075
0.00360936630818075
0.00360936630818075
0.00360936630818075
-0.00360936630818287
0.00360936630818075
0.00360936630818075
0
0
0
0
0
0
0
0
0
0
0
0
0
0
0
0
0
0
0
0
0
0
0
0
0
0
0
0
0
0
0
0
0
0
0
0
0
0
0
0
0
0
0
0
0
0
0
0
0
0
0
0
0
0
0
0
0
0
0
0
0
0
0
0
0
0
0
32.6523258526867
0
0
0
0
0.00360936630818075
0
0
0
0
0
0
0
0
0
1000
0
0
0
0
0
0
0
0
0
0
0
0
1000
0
0
0
0
0
-282.385779054297
0
0
0
0.00147130604023876
0
0
0
0
0
0
0
0
0
0.00147130604023876
0
0
214.375326795492
0
59.8542894361174
0
0
0.00294261208047753
0
0
0
0.00147130604023876
0
0.553048305797097
0
0
0
0.0919566275149227
0
0
0
0
0
0.5712345701227
0
0
0
0.00147130604023876
0
0.00147130604023876
0
0.00147130604023876
0
0.00147130604023876
0
0.00147130604023876
0
0.00147130604023876
0
0.00147130604023876
0
0.00147130604023876
0
0.00147130604023876
0
0.00147130604023876
0
0.00147130604023876
0
0.00147130604023876
0
0.00147130604023876
0
0.00147130604023876
0
0.00147130604023876
0
0.00147130604023876
0
0.030897426845014
0
0
0
0.0423000486568644
0
0
0
0.0217017640935217
0
0.00147130604023876
0
0.00147130604023876
0
0.158627092375988
0
0.00147130604023876
0
0.00147130604023876
0
0.00147130604023876
0
0.00147130604023876
0
0.704387766764308
0
0.010666968791731
0
0.477438810057478
0
0
0
0.00154020483265492
0
0.00147130604023876
0
0.00147130604023876
0
0.0139774073822682
0
0.00147130604023876
0
0.00147130604023876
0
0.00147130604023876
0
0
-1000
0
0
0.025223716431924
0
0
0
0
0
54.8973690839316
-1000
-1000
0
0
0
1000
-1000
0
511.28753900528
0
-1000
-1000
0
0
1000
0
0
0
0
0
-5.51408296231966
1000
0
0
0
0
1000
1000
-0.00360936630818287
0
0
-3.63298411815379
54.9009784502398
1000
0
0
0
0.0125961653189961
-749.065827778933
-1000
-1000
-3.97437437394069
1000
0
1000
0
1000
-1000
0
0
1000
847.006400970877
-1000
1000
0
1000
0
0
-1000
1000
1000
1000
0
0
0
0
-32.6523258526867
-502.652304907066
0
0
0
0
0
0
0
0
0
1000
0
1000
0
0
0
0
0
0
930.568501480646
0
0
0
1000
0
0
0
0
0
0
0
0
0
0
480.711362247247
-1000
-1000
-1000
-1000
-1000
-1000
-1000
-1000
-1000
-1000
1000
1000
1000
1000
-1000
481.176222965331
-1000
-1000
1000
1000
-1000
-1000
-1000
-1000
1000
1000
1000
1000
-85.2117462823754
1000
1000
-1000
-1000
-1000
-1000
1000
-1000
-1000
-1000
-1000
58.0154806490352
-1000
-1000
-1000
262.281139125907
-1000
-1000
-1000
-1000
-1000
-1000
1000
1000
-1000
-1000
-1000
-1000
-1000
-1000
-1000
-1000
26.5311134760543
-1000
37.0175823922168
-1000
-1000
-1000
-1000
798.615204320694
1000
-1000
-1000
1000
1000
-1000
-1000
-1000
460.966714742678
-1000
-1000
-1000
1000
1000
-1000
-248.973906848521
-1000
1000
-1000
1000
1000
1000
-1000
-1000
1000
1000
1000
1000
-1000
-1000
-1000
-1000
-1000
-1000
-17.5007579578215
540.61658210799
-1000
-1000
1000
1000
1000
1000
1000
-1000
1000
1000
-1000
-1000
1000
-1000
-1000
-966.419955412177
1000
1000
-23.8885342418996
0
-1000
-1000
0
0
0
0
0
0
0
498.913057082554
0
0
0
0
0
0
0
0
0
0
0
0
0
0
0
0
0
0
0
0
0
0
0
0
0
0
0
0
0
0
0
0
0
0
0
0
0
0
0
0
0
0
0
0
0
0
0
0
0
0
0
0
0
0
0
0
0
0
0
0
0
0
0
0
0
0
0
0
0
0
0
0
0
0
0
0
0
0
0
0
0
0
0
0
0
0
0
0
0
0
0
0
0
0
0
0
0
0
0
0
0
0
0
0
0
0
0
0
0
0
0
0
0
0
0
0
0
0
0
0
0
0
0
0
0
0
0
0
0
0
0
0
0
0
0
0
0
0
0
0
0
0
0
0
0
0
0
0
0
0
0
0
0
0
0
0
0
0
0
0
0
0
0
0
0
0
0
0
0
0
0
0
0
0
0
0
0
0
0
0
490.792406849773
0
0
0
0
0
0
0
0
0
0
0
0
0
0
0
0
0
0
0
0
0
0
0
0
0
0
0
0
0
0
0
0
0
0
0
0
0
0
0
0
0
0
0
0
0
0
0
0
0
0
0
0
0
0
0
0
0
0
0
0
0
0
0
0
0
0
0
0
0
0
0
0
0
0
0
0
0
0
0
0
0
0
0
0
0
0
0
0
0
0
0
0
0
0
0
0
0
0
0
0
0
0
0
0
0
0
0
0
0
0
0
0
0
0
0
0
0
0
0
0
0
0
0
0
0
0
0
0
0
0
0
0
0
0
0
0
1000
514.941570095956
514.941570095956
1000
1000
1000
1000
1000
-1000
-1000
-924.841580557439
-1000
1000
1000
1000
-1000
-1000
-1000
2.39006744413791
-1000
1000
1000
-1000
0
-1000
-1000
-1000
-1000
1000
-1000
-1000
-1000
924.84158055744
-1000
-1000
560.216849346605
1000
-1000
-1000
-1000
-1000
1000
-1000
-1000
-1000
1000
-1000
1000
-1000
-560.16639145181
-1000
-1000
-1000
-1000
-1000
0
0
0
0
0
0
0
0
0
0
0
0
0
0
0
0
-1000
-1000
0
1000
0
0
0
0
0
108.060899814221
0
0
0
0
0
0
68.1794518137342
0
0
0
0
-0.00360936630818287
-0.00360936630818287
-0.00360936630818287
-0.00360936630818287
0
0
0
124.154332408525
0
0
0
0
0
0
0
0
0
0
0
0
0
0
0
0
0
0
0
0
0
0
0
0
0.00360936630818075
0
0
1000
-1000
1000
0
1000
0
0
0
0
-0.00360936630818287
0
0
0
0
0
246.799011040029
0
0
0
0
0
0
0
0
1000
0
0
0
0
0
0
0
0.00360936630818075
0
0
0
403.297713195759
-394.725745323471
0
0
0
0
0
0
0
-1000
0
1000
0
0
0
0
522.24124904163
0
0
0
0
0
0
0
0
0
0
0
0
0
0
0
0
0
0
0
0
0
0
0
0
0
0
0.994807613432897
0.00360936630818075
0
0
0
1000
0
719.565845412606
0
-282.385779054297
0
1.95162446690342
0
0
0
0
0
0
1000
0
-1000
0
0
0
-5.0396925674587
0
0
0
0
0
0
0
0
0.00360936630818287
-1000
564.769420048326
1000
1000
0
0
0
-1000
1000
0
0
0
0
0
0.00360936630818287
0
0
1000
0
714.532664552629
0
0
1000
0
0
0
0
0
0
-1000
0
-30.1597384561547
1000
0
0
0
0
0
0
0
0
0
30.1597384561548
0
0
1000
0
0
0
0
0
0
714.532664552629
0
0
0
1000
0
0.396019845698902
0
997.659574420014
0
0
0
0
0
0
0
0
0
0
0.97581223345171
0
0
-0.00360936630818287
0
0.00360936630818075
0.00360936630818075
0.00360936630818075
0.00360936630818287
0
0
0
0.975812233451734
0
0
-0.0108280989245486
-1000
-1000
-1000
2.34042557998612
-2.34042557998612
1000
0
0
1000
-1000
-1000
-1000
0
0
0
0
0
0
0
0
0
0
0
0
0
0
0
0
0
0
0
0
0
0
0
0
0
0
0
0
0
0
0
0.00179945218842634
0
0
0
0
0
0
0
0
0.00360936630818075
0
0
0
0
0
0
0
0
0
0
0
0
0
0
0
0
0
0
0
0
0
0
0
0
0
1000
0
0
0
0
0
0
0
0
0
0
0
0
0
0
0
0
0
0
0
0
0
0
0
0
0
0
0
0
0
0
0
0
2.32777972049337
0
0
0
0
0
0
0
0
0
0
0
0
0
0
0
0
0
0
0
0
0
0
0
0
0
0
0
0
0
0
0
0
0
0
0
0
0
0
0
0
0
0
0
0
0
0
0
0
0
0
0
0
0
0
0
0
0
0
0
0
0
0
0
0
0
0
0
0
0
0
0
0
0
0
0
0
0
0
0
0
0
0
0
0
0
0
0
0
0
0
0
0
0
0
0
0
0
0
0
0
0
0
0
0
0
0
0
0
0
0
0
0
-999.987403834681
0
0
0.00179945218837929
0
0.0198044360040512
0
0
-0.0125961653189961
0
1000
0.016205531627179
0
0
0
0
0
0
0
0
0
0
0
0
0
0
0
0
0.00360936630818075
0.00360936630818075
0.00360936630818075
1000
-1000
0
-1000
-1000
0
0
0
0
0
0
-1000
1000
0
0
0
0
0
0
0
0
0
0
-1000
441.225286109971
1000
0
-1000
-1000
-1000
-999.430236735918
-1000
-1000
0
0
0
0
0
0
0
0
0
-714.532664552629
-1000
0
1000
0.395338948335179
0.00360936630818075
0.00360936630818075
0.00360936630818075
0.00360936630818075
0.00360936630818075
0
0
0
1000
0
0
0
0
0
0
0
0
0
0.398356110394645
0
0
0
0
0
-1000
0
0
0
0
0
0
1000
-1000
0
1000
0
0
-1000
0
0
0
0
0
0
0
0
0
0
0
0
0
0
0
0
0
0
0
0
0
0
0
0
0
0
0
0
0
0.0100940811042894
0
0
0
0
0
0.0527619562712135
0
0
0
0
0
0
0
0
0
0
0
1000
0
0
0
0
0
0
0
0
0
-1000
0
0
0
0
0
0
0
557.776324007672
1000
-1000
-1000
-1000
-1000
1000
0
0.0216143501237722
0
0
0
0
-69.2502411999575
-1000
-124.154332408525
0
246.799011040028
0
0
999.978343802151
0
0
0
0
0
0.580473285116531
0.580473285116531
-478.297701709873
-999.985604382493
0
0
0
0
0
0
14.9242798212803
0
778.021384742858
0
0
0
0
0
0
0
999.989905918896
0.00360936630818075
0
0
0
0
0
0
0
-1000
-1000
0
0
999.957332124833
0
0
0
1000
0
0.00539835656527903
0
0
0
0
-717.559414795704
0
-1000
0
0
0
-1000
-1000
0
0
0
0
0
0
1000
0
-803.161224963427
803.161224963427
0
0
0
0
-750
0
0
0
0
-1000
-1000
0
0
0
-969.688511229932
0
0
0
441.225286109971
0.000898418352797164
0
0
0
0
0
0
0
0
997.659574420014
0
997.659574420014
0
0
0
0
0
0
0
0
0
0
1000
0
0
-1000
1000
-1000
-1000
1000
0
0
0
0
0
0
0
0
-1000
-504.931484811733
0
1000
0.00179945218842634
0.00179945218842634
0
-1000
42.8222498563114
-1000
0
0
217.078657413951
0
0
0
0
0
0
0
0
0
0
0
0
0
0
0
0
0
0
0
0
0
0
0
0
0
0.00360936630818287
0
0
0
0
0
0
0
0
0
0
0
0
0
0
0
0
0
0
0
0
0
0
0
0
0
0
0
0
0
0
0
0
0
0
0
0
0
0
0
0
0
0
0
0
-1000
0
-1000
0
0
0
0
0
0
-1000
0
0
0
0
0
0
0
0
0
0
0
999.946665156041
0
0
0
0
0
0
0
0
0
0
0
0
0
1000
0
0
0
-280.434154587394
0
0
0
0
0
0
0
0
0
0
0
0
0
0
0
0
0
0
0
0
0
0
0
0
0
0
0
0
0
0
0
0
0
0
0
0
0
0
0
0
282.385779054297
0
0
0
0
0
0
0
0
0
0
0
0
0
282.387250360337
0
0
0
0
0
0
0
0
0
0
0
0
0
0
0
0
0
0
0
0
0
0
0
0
0
0
0
0
0
0
0
0
0
0
0
0
0
0
0
0
0
0
0
0
0
0
0
0
0
0
0
0
0
0
0
0
0
0
0
0
0
0
0
0
0
0
0
0
0
0
0
0
0
0
0
0
0
0
0
0
0
0
0
0
0
0
0
0
0
0
0
0
0
0
0
0
0
0
0
0
0
0
0
0
0
0
0
0
0
0
0
0
0
0
0
0
0
0
0
0
0
0
0
0
0
0
1000
0
0
0
0
0
0
-1000
0
0
0
0
0
0
0
0
0
0
0
0
0
0
0
0
0
0
0
0
0
0
0
483.786217393885
80.2026476678471
0
0
0
-98.5377285349251
0
0
1000
-793.848343007791
-205.987260818803
0
-1000
0
0
-1000
0
0
0
0
953.476664955383
0.0216561978490845
0
0
0
0
0
0
0
0
0
0
0
0
0
0
0
0
0
0
0
0
0
0
0
0
0
0
0
0
0
0
0
0
0
0
0
0
0
0
0
0
0
0
0
0
0
0
0
0
0
0
0
0
0
0
0
0
0
0
0
0
0
0
0
0
0
0
0
0
0
0
0
0
0
0
0
0
0
0
0
0
0
0
0
0
0
0
0
0
0
0
0
0
0
0
0
0
0
0
0
0
0
0
0
0
0
0
0
0
0
0
0
0
0
0
0
0
0
0
0
0
0
0
0
0
0
0
0
0
0
0
0
0
0
0
0
0
0
0
0
0
0
0
0
0
0
0
0
0
0
0
0
0
0
0
0
0
0
0
0
0
0
0
0
0
0
0
0
0
0
0
0
0
0
0
0
0
0
0
0
0
0
0
0
0
0
0
0
0
0
0
0
0
0
0
0
0
0
0
0
0
0
0
0
0
0
0
0
0
0
0
0
0
0
0
0
0
0
0
0
0
0
0
0
0
0
0
0
0
0
0
0
0
0
0
0
0
0
0
0
0
0
0
0
0
0
0
0
0
0
0
0
0
0
0
0
0
0
0
0
0
0
0
0
0
0
0
0
0
0
0
0
0
0
0
0
0
0
0
0
0
0
0
0
0
0
0
0
0
0
0
0
0
0
0
217.078657413951
0
0
0
0
0
0
0
0
0
0
0
0
0
-1000
0
0
0.994807613432897
0
0.00360936630818287
-521.272339067372
-478.297701709873
0
0
0
0
0
0
0
0
0
0
0
0
0
0
0
0
0
0
0
0
0
0
0
0
0
0
0
0
0
0
0
0
0
0
0
0
0
0
0
0
0
0
0
0
0
0
0
0
0
0
0
0
0
0
0
0
0
0
0
0
0
0
0
0
0
0
0
0
0
0
0
0
0
0
0
0
0
0
0
0
0
0
0
0
0
0
0
0
0
0
0
0
0
0
0
0
0
0
0
0
0
0
0
0
0
0
0
0
0
0
0
0
0
0
0
0
0
0
0
0
0
0
0
0
0
0
0
0
0
0
0
0
0
0
0
0
0
0
0
0
0
0
0
0
0
0
0
0
0
0
0
0
0
0
0
0
0
0
0
1000
0
75.1584194425607
1000
0
0
0
0
0
0
0
1000
0.00360936630818287
0
0
-1000
0
558.776185196069
0
0
0
0
0
0
0
0
0
0
0
0
0
0
0
1000
0
-1000
0
0
0
0
0
0
0
0
0
0
0
0
0
0
0
0
0
0
0
0
0
0
0
0
0
0
0
0
0
0
0
0
0
0
0
0
0
0
0
0
0
0
0
0
0
0
0
0
0
0
0
0
0
0
0
0
0
0
0
0
0
0
0
0
0
0
0
0
0
0
0
0
0
0
0
0
0
0
0
0
0
0
0
0
0
0
0
0
0
0
0
0
0
0
0
0
0
0
0
0
0
0
0
0
0
0
0
0
0
0
0
0
0
0
0
0
0
0
0
0
0
0
0
0
0
0
0
0
0
0
0
0
0
0
0
0
0
0
0
0
0
0
0
0
0
0
0
0
0
0
0
0
0
0
0
0
0
0
807.169633737498
500
87.1827610671678
-3.67826510059695
0
0
-0.975812233451734
0
0
465.337987196008
19.2848267480575
42.1528649759756
0.104619313280601
87.1827610671678
0
0
0
0
0
0
0
0
0
0
1000
-1000
0
-1000
478.294092343565
0
478.297701709873
-1000
0
0
114.100227705954
-397.929604507259
0
0
0
0
0
0
0
0
0
0
0.00360936630818075
0
0
0
0
0
0
0
0
0
0
0
0
0
0
0
0
0
0
282.385779054297
0
0
0.0125961653189961
-0.704387766764285
-0.0308974268450584
0
-10.7108729840113
-20.9978982568185
-1000
-33.5800445878233
-10.4864689161625
-539.033285257322
-26.5311134760543
-4.60246513949687
-31.4089889577624
957.177750143689
-1000
0
0
0
0
-1000
-38.1124147874222
-17.5007579578215
-27.1962656333401
-13.3072322773862
989.705463932327
-23.8885342418996
20.3755806701988
975.968477311675
911.249361657854
0
919.797352332153
-1000
-477.75875095837
0
1000
0
0
999.818742680603
-554.956869761412
0
0
0
0
0
0
1000
0
0
0
0
0
0
0
0
0
0
0
0
-0.00360936630818287
-0.00360936630818287
0
0
0
0
0
0
0
0
0
0
0
0
0
0
0
0
0
997.609932555862
0
-557.776324007672
0
0
-1000
-1000
246.799011040029
-0.00360936630818287
-0.00360936630818287
-0.99480761343284
-54.9009784502398
0
-0.00360936630818287
0
-0.00360936630818287
0
0
0
0
-0.00360936630818287
0
0
0
-0.00360936630818287
0
0
0
0
0
0
0
0
0
0
0
75.1584194425604
0
0
0
0
0
54.8973690839316
0
0
0
0
0
0
0
-749.065827778933
0
0
0
-1000
0
1000
0
0
-0.00360936630818287
0
0
0
0
-1000
0
0
0
0
0
0
0
0
0
-394.725745323471
0
-3.63298411815379
0
-1000
-1000
0
0
0
1000
1000
0
0
-111.643856900197
0
0
0
0
0
0
-3.97437437394069
0
0
0
0
1000
1000
-1000
0
0
511.28753900528
1000
0
0
0
0
0
0
-32.6523258526867
0
0
0
-1000
-1000
0
0
0
0
-0.0504578947950449
0
0
0
0
1000
1000
-1000
0
0
0
0
0
0
0
-1000
-1000
-5.51408296231966
0
0
0
0
0
0
0
0
0
1000
0
0
-0.00154020483262229
-0.00147130604023005
0
-502.652304907066
-0.0217017640935637
-0.158627092376037
-0.0139774073822991
-0.477438810057492
-0.0423000486568981
0
0
0
214.375326795492
59.8542894361174
-0.00147130604023005
-1000
-0.00294261208046009
-0.00147130604023005
0
-0.0106669687917247
0
-0.00147130604023005
-0.55304830579712
0
0
0
0
-14.9242798212803
-0.00147130604023005
0
0
-0.00147130604023005
-0.00147130604023005
-0.00147130604023005
-0.00147130604023005
0
0
-0.0919566275149464
0
0
0
-1000
1000
0
0
-1000
1000
-0.00360936630818287
-1000
750
-750
0
0
0
-1000
0
0
1000
0
0
0
0
0
0
0
0
0
0
0
0
0
0
0
-1000
1000
1000
-1000
-42.8222498563113
42.8222498563114
1000
-1000
-1000
0
-1000
-1000
0
0
0
-0.00147130604023005
-0.00147130604023005
0
0
0
0
0
1000
-206.151656992209
205.987260818803
953.476664955383
0.0216561978490972
0
0
0
0
0
1000
0
-1000
0
0
0
0
0
0
0
0
0
0
0
0
0
0
0
0
0
0
0
0
0
0
0
0
0
0
0
0
0
0
0
0
0
0
0
0
0
0
0
0
0
0
0
0
0
0
0
0
0
0
0
0
0
0
0
0
0
0
0
0
0
0
0
0
0
0
0
0
0
0
0
0
-0.00147130604023005
0
0
0
0
0
0
0
0
0
0
0
0
0
0
0
0
0
0
0
0
0
0
0
0
0
0
0
0
0
0
0
0
0
0
0
0
0
0
0
0
0
0
0
0
0
0
0
0
0
0
0
0
0
0
0
0
0
0
0
0
0
0
0
0
0
0
0
0
0
0
0
0
0
0
0
0
0
0
0
0
0
0
0
0
0
0
0
0
0
0
0
0
0
0
0
0
0
0
0
0
0
0
0
0
0
0
0
0
0
0
0
0
0
0
0
0
0
0
0
0
0
0
0
0
0
0
0
0
0
0
0
0
0
0
0
0
0
0
0
0
0
0
0
0
0
0
0
0
0
0
0
0
0
0
0
0
0
0
0
0
0
0
0
0
0
0
0
0
0
0
0
0
0
0
0
0
0
0
0
0
0
0
0
0
0
0
0
0
0
0
0
0
0
0
0
0
0
0
0
0
0
0
0
0
0
0
0
0
0
0
0
0
0
0
0
0
0
0
0
0
0
0
0
0
0
0
0
0
0
0
0
0
0
0
0
0
0
0
0
0
0
0
0
0
0
0
0
0
0
0
0
0
0
0
0
0
0
-75.1584194425606
0
1000
0
0
521.272339067372
0
0
0
0
0
0
0
0
0
0
0
0
0
0
0
0
0
0
0
0
0
0
0
0
1000
0
-558.776185196069
0
-1000
-0.00360936630818287
0
0
0
0
0
0
0
0
-999.974776283568
0
0
0
0
0
0
0
0
0
0
0
0
0
0
0
0
0
0
0
0
0
0
0
0
0
0
0
0
0
0
0
0
0
0
0
0
0
0
0
0
0
0
0
0
0
0
0
0
0
0
0
0
0
0
0
0
0
0
0
0
-1000
1000
1000
0
0
0
-0.00147130604023005
-0.00147130604023005
-0.00147130604023005
0
-0.00147130604023005
-0.57123457012267
0
-0.00147130604023005
-0.00147130604023005
-0.00147130604023005
-0.00147130604023005
0
-0.00147130604023005
-0.00147130604023005
-0.00147130604023005
-0.00147130604023005
-0.00147130604023005
-0.00147130604023005
-0.00147130604023005
0
-0.00147130604023005
-0.00147130604023005
-0.00147130604023005
0
-1000
87.1827610671678
0
1000
0
0
0
0
0
