0
0
0
0
0
0
0
775.726286659357
-9.6922052174998
0
1000
0
0
599.234026777371
1000
0
999.721538286564
-999.721538286564
999.936090754293
0
0.0639092457066622
0
-1000
0.401715258727563
0
1000
398.088694163698
0
-255.84129940883
0.0136410220412152
0
0
0
0
0
0.0351958762217899
0
0
0
38.3512123002603
0
0
0
0
0
0
0
0
0
0
0
0
0
0
0
0
0
0
0
0
0
0
0
0
0
0
0
0
0
255.84129940883
0
0
0
0
1000
1000
0
0
0
0
255.84129940883
0
-1000
0
0
0
0
0
0
0
0
0
0
0
0
0
0
0
0
0
1000
0
0
0
0
0
0.00390876462144455
0
0
0
0
0
0
0
0
0
0
0
0
0
0
0
0
0
0
0
0
0
0
0
0
0
187.256948497653
0
0
1000
0
0
0
0
0
0
1000
0
0
0
-15.9998538576079
0
0
0
0
46.7807733112697
0
0
0.00975491692482249
-604.75983221637
0
0
798.407302666381
1000
1000
201.583567441375
0
604.75983221637
0
-1000
201.583567441375
800.817594218746
1000
-400.765973222629
0
0
1000
0
0
0.0097549169248623
0
0
1000
708.589528063086
0
0
0
0
0
-4.29948529949172
0
0
0
0
0
0
1000
-995.517916855632
-1000
0
0
0
682.398722078397
0
0
0
0
1000
0
0
0
0
0
-4.30405024561367
0
-999.995435053878
0
0
0
0
0
0
0
0
0
0
0
-63.9740548367374
0
0
-1000
0
988.934225987199
0
0.504173987403718
0
0
0
10.5616000253973
0
4.30405024561367
0
0
0
-1000
0
0
0
0
0
0
0
0
0
0
0
0
-1000
0
967.217775468022
1000
-1000
-1000
1000
-1000
0.0844340365536453
-1000
1000
-1.0567562307665
-1.9925871803855
0
9.80533904429171
-1000
1000
-1000
-0.756260981105584
1000
0
0
1000
2.36428142735776
0.196292683241891
0
-0.196292683241836
0
0.00194871743445931
0
0
0
0
0
0
0
0
317.322816208167
0
0
0
0
0
0
0
0
1000
0
1000
0.513303879647527
0
0
1000
0
-0.196292683241836
0
-0.756260981105584
0
0
0.756260981105584
0
0
0
0
9.80533904429171
0
0
0
-1000
0
0
0
1000
0.756260981105584
0
-677.990465722356
-1.0567562307665
0
0
9.80924780891314
0
0
0
0
0
0
0
0
0
0
0
0
0
0
0
0
2.52086993701859
0
10.6122015326176
0
0
0
326.34703561759
9.80533904429171
0
0
0
-715.002913711621
-1000
1000
-1000
-1000
1000
1000
-1000
0
326.345086900156
1000
-1000
1000
1000
-1000
9.80533904429171
-1000
0
0
0
0
-1000
9.80533904429171
0
-1000
-1000
1000
1000
0
1000
1000
-1000
0
0
0
0
0
0
1.05675623076654
-1000
1000
-999.411391976043
1000
998.511586807018
-1000
-1000
0
-1000
-1000
1000
1000
1000
1000
-1000
0.395631181620615
0
1000
-1000
-1000
-1000
-325.58882591905
-1000
1000
1000
0
0
0
-1000
1000
0
0
0
59.6700045911236
0
0
0
1000
-312.968002532765
0
0
0
-32.1639211483267
0
0
0
0
0
0
86.6774550132707
0
0.757781056236126
0
0
0
0.757781056236126
0
0
0
0.00390876462144455
0
1000
-73.8349633715433
-926.165036628457
0
926.165036628457
0
0
0
0
0
0
0
0
0
0
0
0
1000
0
0
0
0
0
0
0
0
0
0
0
1000
0
0
0
0
0
-1000
1000
0
0
0
0
0
0
0
0
0
0
0
0.00390876462142842
-1000
0.114123653047614
0.114123653047614
0
-929.764486618858
0
0
0
0
0
0
0
0
0
0
0
965.881596348283
0
0
0
0
0
-1000
0
0
0
0
0
0
0
0
0
0
0
0
0
0
0
0
0
0
0
0
0
0
0
0
0
0
0
0
0
0
0.17803289875428
0
0
0
1000
0
1000
0
1000
0
0
-1000
0
0
0
0
0
0
0
0
0
0
0
0
0
0
0
0
0
0
0
0
0
0
0
0
0
0
0
0
853.511037646874
0
0
0.17803289875428
0
0
0
0
0
0
0
0
0
1000
0
0
0
0
0
0
0
0
0
0
0
0
0
0
0
0
0
0
0
0
0
0
0
0
0
0
0
0
0
0
0
0
0
0
0
0
0
0
0
0
0
0
0
0
0
0
0
0
69.4792524000368
0
69.4792524000368
0
0
0
0
0
0
0
0
0
0
0
0
0
0
0
0
0
0
0
0
0
0
-1000
0
0.00456494612190445
0
0
0
0
0.826255248064705
0.826255248064705
0
0
0
0
0
0
0
0
0
0
0
0
0
0
0
0
0
0
0
0
0
0
0
0
0
0
0
-0.00390876462142842
0
0
0
1000
0
0
-1000
0
0
0
0
0
2.37377198339031
0
0
2.37377198339031
0
0
0
0
0
0
0
0
0
2.37377198339031
0
2.37377198339031
0
0
0
14.1606564200866
40.3654298665101
25.8016230857094
18.8976731584785
28.0189500696375
9.22206450133752
21.5685442982102
39.4583415549032
36.333926259368
11.4897852803549
22.27405742946
45.9087473263305
36.2331386691895
11.1874225098193
18.5449165928536
25.7008354955308
33.3102985540115
26.9606803727627
4.93859191874906
33.6126613245471
0
0
0
0
0
0
0
0
0
0
0
0
0
0
0
0
0
0
0
0
0
0
0
0
0
0
0
0
0
0
0
0
0
0
0
0
0
0
0
0
0
0
0
0
0
0
0
0
0
0
0
0
0
0
0
0
0
0
0
0
0
0
0
0
0
0
0
0
0
0
0
0
0
0
0
0
0
0
0
0
0
0
0
0
0
0
0
0
0
0
0
0
-1000
0
0
1000
0
0
965.881596348283
-1000
-1000
0
0
0
0
0
0
115.346245136952
425.912003881212
0
-32.1639211483267
-541.422587078552
-541.422587078552
-1000
0
-425.915912645833
0
-426.043731137247
1000
1000
541.267378910408
1000
0
-115.346245136952
574.087996118788
0
-1000
-1000
-1000
0
574.084087354167
0
0
0
425.915912645833
1000
1000
1000
0
0
0
1000
0
0
0
0
-1000
282.66579788801
1000
1000
0
500
0
2.51367501129879
5
0
0
0
0
0
0
406.84728052236
0
0
0
0.0884036954140583
0
2.93942287251923
-0.0884036954140583
-0.0884036954140583
0.0884036954140583
0
49.0640509548314
286.398330041087
0.0884036954140583
0
0
0
33.1071839325843
-0.0884036954140583
5.52523096338189
0
-999.911596304586
0.0884036954140583
-0.0884036954140583
0
0
0
0
0
0
0
0
0
0
0
0
0
0
0
0
0
-0.000972942498151497
0
0
0
0
0
-0.00390876462142842
0
0
0
0
0
0
-23.9353005333704
23.9353005333704
0.00390876462142842
0
0
0
0
0
0
0
0
0
0
0
0
0
0
0
0
0
0
0
0
0
0
0
0
0
0
0
0
0
0
0
0
0
0
0
0
0
0
0
0
0
0
0.000972942498151497
0
0
0
0
0
0
0
0
0
0
0
0
0
0
0
0
0
0
0
0
0
0
0
0
0
0
0
0
0
0
0
0
0
0
0
0
0
0
0
0
0
0
0
0
0
0
38.9850567351246
0
0
0
0
0
0
0
0
0
0
0
0
0
0
0
0
0
0
0
0
0
0
0
0
0
0
0
0
0
0
0
0
0
0
0
0
0
0
0
0
0
0
0
0
0
0
0
0
0
0
0
0
0
0
0
0
0
0
0
0
0
0
38.9850567351246
38.9850567351246
38.9850567351246
38.8966530397105
0
0
0
0
0
0
0
0
0
0
0
0
0
0
0
0
0
0
0
0
0
0
0
0
0
0
0
0
0.0884036954141106
0.0884036954141106
213.092516248349
4.84010232392256
0
0.176807390828221
5.52523096338191
0
0
0
0.0884036954141106
0
0
0
0
0
0
0
0
0
0
0
0
0
0
0
0
0
0
0
0
0
0
0
0
0
0
0
0
0
0
0
0
0
0
0
0
0
0
0
0
0
0
0
0
0
0
0
0
0
0
0
0
0
0
0
0
0
0
0
0
0
0
0
0
0
0
0
0
0
0
0
0
0
0
0
0
0
0
0
0
0
0
0
0
0
0
0
0
0
0
0
0
0
0
0
0
0
0
0
0
0
0
0
0
0
0
0
0
0
0
0
0
0
0
0
0
0
0
0
0
0
0
0
0
0
0
0
0
0
0
0
0
0
0
0
0
0
0
0
0
0
0
0
0
0
0
0
0
0
0
0
0
0
0
0
0
0
0
0
0
0
0
0
0
0
0
0
0
0
0
0
0
0
0
0
0
0
0
0
0
0
0
0
0
0
0
0
0
0
0
0
0
0
0
0
0
0
0
0
1000
0
0
0
0
0
0
0
0
0
0
0
0
0
0
0
0
0
0
0
0
0
0
0
0
0
0
0
0
0
0
0
0
0
0
0
0
0
0
0
0
0
0
0
0
0
0
0
0
0
0
0
0
0
0
0
0
0
0
0
0
0
0
0
0
0
0
0
0
0
0
0
0
0
0
0
0
0
0
0
0
0
0
0
0
0
0
0
0
0
0
0
0
0
0
0
0
0
0
0
0
0
0
0
1000
1000
0
0
0
0
0
0
0
0
0
0
0
0
0
0
0
0
0
0
0
0
0
-1000
0
-1000
0
0
0
0
0
0
0
0
0
0
0
1000
1000
0
0
0
0
0
0
0
0
0
0
0
0
0
0
0
0
0
0
0
0
0
0
0
0
0
0
0
0
0
0
0
0
0
0
0
0
0
0
0
0
0
0
0
0
0
0
0
0
0
0
0
0
0
0
0
0
0
0
0
0
0
0
0
0
0
0
0
0
0
0
0
0
0
0
0
0
0
0
0
0
0
0
0
0
1000
-104.564051481257
0
0
0.0884036954140583
0
1000
0
0
213.004112552934
0
505.154178145342
-0.0884036954140583
281.558227717165
0
0
0
0.000972942498151497
0
0
-1000
999.911596304586
0
0
0
0
0
0
0
0
0
0
0
0
0
-1000
0.000972942498151497
0
0
0
0.00390876462142842
0
0
0
0
0
0
0
-0.00390876462142842
0
0
0
0
0
406.84728052236
-1000
1000
-212.91570885752
-212.91570885752
0
-313.641233524226
1000
-0.0234525877286842
0
0
0.0884036954140583
-0.0884036954140583
0
0
216.208746511696
-216.208746511696
1000
0
0
0
-213.004112552934
-213.004112552934
-1000
0
-494.845821854658
-505.154178145342
-1000
0
-718.441772282835
-281.558227717165
-1000
0
0
0
0
0
-1000
0
0
0
0
0
-1000
1000
-1000
0
0
0
-1000
0
0
0
-1000
0
0
0
0
0
0
0
0
0
0
0
0
0
0
0
0
0
0
0
-1000
1000
-1000
0
-1000
0
-1000
0
-1000
0
0
0
0
0
0
0
0
0
-1000
0
-126.140010827919
0
-1000
0
-1000
0
1000
0
-1000
0
0
0
0
0
0
0
0
0
-418.205285005482
-581.794714994518
193.931571664839
-193.931571664839
0
0
0
0
0
0
0
0
0
0
0
0
0
0
0
0
0
0
0
0
0
0
0
0
0
0
0
0
0
0
0
0
0.000972942498151497
-0.000972942498151497
0
0
0
0
0
0
0
0
0
0
0
0
0
0
0
0
0
0
0
0
0
0
0
0
0
0
0
0
0
0
0
0
0
0
0
0
0.000972942498151497
-0.000972942498151497
0
0
0
0
0
0
-0.00390876462142842
-0.00390876462142842
0
0
0
0
0
0
0
0
0
0
0
0
0
0
0
0
0.00390876462142842
0.00390876462142842
0
0
0
0
0
0
0
0
0
0
0
0
0
0
0
0
0
0
0
0
0
0
0
0
0
0
0
0
0
0
0
0
0
0
0
0
846.960428785361
0
0
0
0
0
0
0
1.28022049300374
0.00390876462144455
0
0
0
0
0
0
0
0
0.161078868245269
0
0
0
0
0
0
0
0
0
0
0
0
0
0
0
0
0
0
0
0
0
0
0
0
0
0
0
0
0
0
0
0
0
0
0
0
0
0
0
0
0
0
0
0
0
0
0
0
0
0
0
0
0
0
0
0
0
0
0
0
0
0
0
0
0
216.208746511696
216.208746511696
216.208746511696
0
0
0
0
212.91570885752
212.91570885752
0
0
0
0
0
0
0
0
0
0
0
0
0
0
0
0
0
0
0
0
0
0
0
0
0
0
0
0
0
0
0
0
0
0
0
0
0
0
0
0
0
0
0
0
0
0
0
0
0
0
0
0
0
0
0
0
0
0
0
0
0
0
0
0
0
0
0
0
0
0
0
0
0
0
0
0
0
0
0
0
0
0
0
0
0
0
0
0
0
0
0
0
0
0
0
0
0
0
0
0
0
0
0
0
0
0
0
0
0
0
213.004112552934
213.004112552934
213.004112552934
213.004112552934
-213.004112552934
0
0
0
0
0
0
0
0
0
0
0
0
0
0
0
0
0
0
0
0
0
0
0
0
0
0
0
0
0
0
0
0
0
0
0
0
0
0
0
0
0
0
0
0
0
0
0
0
0
0
0
0
0
0
0.00390876462144455
0.00390876462144455
0.00390876462144455
0.00390876462144455
0.00390876462144455
0
0
0
0
0
0
0
0
0
0
0
0
0
0
0
0
0
0
0
0
0
0
0
0
0
0
0
0
0
0
0
0
0
0
0
0
0
0
0
0
0
0
0
0
0
0
0
15.999853857608
15.999853857608
-15.9998538576079
5.32416416841929
-2.66012770189889
2.66012770189892
2.66012770189892
2.66012770189892
2.66012770189892
2.66012770189892
2.66012770189892
2.66012770189892
2.66012770189892
2.66012770189892
2.66012770189892
2.66012770189892
0
2.66012770189889
2.66012770189892
2.66012770189892
2.66012770189892
2.66012770189892
2.66012770189892
2.66012770189892
0
0
0
2.66012770189892
0
2.66012770189892
2.65233283216108
0
0
0
0
0
0
0
0
0
0
0
0
0
0
0
0
15.999853857608
15.999853857608
5.32416416841929
5.32416416841929
0
0
0
0
0
0
0
0
0
0
0
0
0
0
0
0
0
0
0
0
0
0
0
0
0
0
0
0
0
0
0
0
0
0
0
0
0
0
0
0
0
0
0
0
0
0
0
0
0
0
0
0
0
0
0
0
0
0
0
0
0
0
0
0
0
0
0
0
0
0
0
0
0
0
0
0
0
0
0
0
0
0
0
0
0
0
0
0
0
0
0
0
0
0
0
0
0
0
0
0
0
0
0
0
0
0
0
0
0
0
0
0
0
0
0
0
0
0
0
0
0
0
0
0
0
0
0
0
0
0
0
0
0
0
0
0
0
0
0
0
0
0
0
0
0
0
0
0
0
0
0
0
0
0
0
0
0
0
0
0
0
0
0
0
0
0
0
0
0
0
0
0
0
0
0
0
0
0
0
0
0
0
0
0
0
0
0
0
0
0
0
0
1.28022049300374
218.333396466624
218.333396466624
0
3.98337859499613
3.98337859499613
0
-222.31677506162
222.31677506162
3.98337859499613
0
217.05317597362
0
0
1000
0
3.98337859499613
0
3.98337859499613
3.98337859499613
0
0
0
0
0
0
0
0
0
0
0
0
0
0
0
0
0
0
0
0
0
0
0
0
0
0
0
0
0
0
0
0
0
0
0
0
0
0
0
0
0
0
0
0
0
0
0
0
0
0
0
0
0
0
0
0
0
0
0
0
0
0
0
0
0
0
0
0
0
0
0
0
0
0
0
0
0
0
0
0
0
0
0
0
0
0
0
0
0
0
0
0
0
0
0
0
0
0
0
0
0
0
0
0
0
0
0
0
0
0
0
0
0
0
0
0
0
1.28022049300374
0.00390876462144455
0
0
0
0
0
0
0
1.68537999649921
0
0
0
1.05675623076654
1.05675623076654
1.05675623076654
0
0
0
0
0
0
1.44520812587045
0
0
0
0.00390876462144455
0
0
0
0
-1.44520812587041
1.44520812587045
0
0
0
0
0
0
0
0
0
0
0.263579139347323
0
0.24017187062876
0
0
0
0
0
0
0
0
0
0
11.7830408181518
11.7830408181518
11.7830408181518
0
0
0
0
-0.161078868245227
0
0
0
0
0
0
0
0
0
0
0
0
0
0
0
0
0
0
0
0
0
0
0
0
0
0
0
0
0
0
0
0
0
0
0
0
0
0
0
0
0
0
0
0
0
0
0
0
0
0
0
0
0
0
0
0
0
0
0
0
0
0
0
0
0
0
0
0
0
0
0
0
0
0
0
0
0
0
0
0
0
0
0
0
0
0
0
0
0
0
0
0
0
0
0
0
0
0
0
0
0
0
0
0
0
0
0
0
0
0
0
0
0
0
0
0
0
0
0
0
0
0
0
0
0
0
0
0
0
0
0
0
0
0
0
0
0
0
0
0
0
0
0
0
0
0
0
0
0
0
0
0
0
0
0
0
0
0
0
0
0
0
0
0
0
0
0
0
0
0
0
0
0
0
0
0
0
0
0
0
0
0
0
0
0
0
0
0
0
0
0
0
0
0
0
0
0
0
0
0
0
0
0
0
0
0
0
0
0
0
0
0
0
0
0
0
0
0
0
0
0
0
0
0
0
0
0
0
0
0
0
0
0
0
0
0
0
0
0
0
0
0
0
0
0
0
0
0
0
0
0
0
0
0
0
0
0
0
0
0
0
0
0
0
0
0
0
0
0
0
0
0
0
0
0
0
0
0
0
0
0
0
0
0
0
0
0
0
0
0
0
0
0
0
0
0
0
0
0
0
0
0
0
0
0
0
0
0
0
0
0
0
0
0
0
0
0
0
0
0
0
0
0
0
0
0
0
0
0
0
0
0
0
0
0
0
0
0
0
0
0
0
0
0
0
0
0
0
0
0
0
0
0
0
0
0
0
0
0
0
0
0
0
0
0
0
0
0
0
0
0
0
0
0
0
0
0
0
0
0
0
0
0
0
0
0
0
0
0
0
0
0
0
0
0
0
0
1000
0
1000
0
0
1000
0
0
0
1000
0
0
0
0
0
0
0
0
0
0
0
0
0
0
0
0
0
0
0
0
0
0
0
0
0
1000
0
0
0
0
0
0
0
0
0
0
0
0
0
0
0
0
0
0
0
0
0
0
0
0
0
0
0
0
0
0
0
0
0
0
0
0
0
0
0
0
0
0
0
-1000
0
0
0
1000
-507.455111520492
0
0
0
0
0
0
0
0
0
0
0
0
0
0
0
0
0
0
0
0
0
0
0
0
0
0
0
0
0
0
0.17803289875428
0.17803289875428
0
0
0
0
0.178032898754282
0.17803289875428
0
0
0
0
0
0
0.0273896767314334
0
0
0
0
0
0
0
0
0
0
0
0
0
1.0773272847689
0
0
0
0
0
0
1.0773272847689
1.0773272847689
1.0773272847689
1.0773272847689
0
0
0
0
0
0
0
0
0
0
0
0
0
0
0
0
0
0
0
0
0
0
0
0
0
0
0
0
0
0
0
0
0
0
0
0
0
139.207194454004
139.207194454004
0
0
0
0
0
0
0
0
0
0
0
0
0
0
0
0
0
0
0
0
0
0
0
0
0
0
0
0
0
0
0
0
0
0
0
0
0
0
0
0
0
0
0
0
0
0
0
0
1000
0.756260981105584
1000
0
0
0
-1000
-1000
1000
0
69.4792524000368
0
0
992.852705874494
7.14729412550594
0
0
0
0
0
0
0
0
0
0
0
0
0
0
0
0
0
0
0
0
0
0
0
0
0
0
0
0
0
0
0
0
0
0
0
0
0
0
0
0
1000
0
0
0
0
0
0
0
0
0
0
0
0
0
0
0
0
0
-999.996091235379
999.996091235379
1000
999.996091235379
1000
-1000
-1000
0
0
0
0
0
0
0.00390876462142842
0
0
0
0
0
0
0
0
0
0
0
0
0
0
0
0
0
0
0
0
0
0.0156010692282004
0
0.00390876462144455
0.0234072687185636
1000
0.00194871743445931
0.00194871743445931
0.00390876462142842
0
0.0136523517937411
0.00194871743445931
0.0292647507744167
-0.00194871743451586
0.00194871743445931
0.00194871743445931
0.00194871743445931
0.00194871743445931
0.00194871743445931
-0.00194871743451586
-0.00389743486891803
0.00194871743445931
0.00194871743445931
0.00194871743451586
0.00194871743445931
-0.00585748205594427
-0.00585748205594427
0.00390876462142842
0.00390876462142842
0.00194871743445931
0.00194871743445931
0.00390876462144455
0.00390876462144455
-0.00390876462142842
-0.00390876462142842
0.00390876462142842
0.00390876462142842
0.00194871743445931
0.00194871743445931
0.00194871743445931
0.00194871743445931
0.0487972441292186
-0.00585748205594427
-999.97268396666
0
0
0
0
0
0
-1000
0
0
0
0.00390876462144455
0
0
0
0
0.00195438231072228
0.00390876462142842
0.00390876462142842
0
0
0.00390876462144455
0.00390876462144455
0
0
0
0
0
0
0.00779486973783725
0.00194871743445931
0.00584615230337794
0.00194871743445931
-0.00194871743451586
0.00194871743445931
0.00194871743445931
0.00194871743445931
0.00194871743445931
0.00194871743445931
0.00194871743445931
0.00389743486891862
0.00194871743445931
0.00194871743445931
0.00194871743445931
0.00194871743445931
0.00194871743445931
0
0.00194871743445931
0.00390876462144455
0.00390876462144455
0.00390876462144455
0.00390876462144455
0.00390876462144455
0.00390876462144455
0.00390876462144455
0.00390876462144455
0.00390876462144455
0.00390876462144455
0.00390876462144455
0.00390876462144455
0.00390876462144455
0.00390876462144455
0
0
0
0
0
0
0
0
0
0
0
0
-0.00390876462142842
0
0
0
0
0
0
0
0
0
0
0
0
0
0
0
0
0
0
0
0
0
0
0
0
0
0
0
0
0
0
0
0
0
0
0
0
0
0
0
0
0
0
0
0
0
0
0
0
0
0
0
0
0
0
0
0
0
0
0
0
0
0
0
0
1000
387.863143329678
965.881596348283
0
0
0
0
0.00390876462144455
0
0
0
0
0
0
0
0
0
0
0
0
0
0
0
0
0
0
0
0
0
0
0
46.7636134569234
0
0
0
-406.84728052236
0
0
0
0
0
0.0884036954141106
0
0
0
0
0.0884036954141106
0
0
0
0.0884036954141106
0.0884036954141106
0.0884036954141106
0
0
0
0
34.1459273537002
0
0
0
0.0884036954141106
0.0884036954141106
0
0.0884036954141106
0.0884036954141106
0
0.0884036954141106
0.0884036954141106
0.0884036954141106
0.0884036954141106
0.0884036954141106
0.0884036954141106
0
0.0884036954141106
0.0884036954141106
0.0884036954141106
0
0.0884036954141106
0
0.0884036954141106
0.0884036954141106
1.85647760369632
0.553496038836355
2.54160624315568
2.56370716700921
1.30395450735813
0.0884036954141106
0.0884036954141106
6.14796559590213
0.0884036954141106
0.0884036954141106
0.0884036954141106
0.0884036954141106
42.3232691795055
0.640926791752302
28.6869991618789
0
0.305504169327943
0.0884036954141106
0.0884036954141106
0.839835106434051
0.0884036954141106
0.0884036954141106
0.0884036954141106
0
-1000
0
0
217.05317597362
0
0
0
0
0
-1000
-1000
-1000
0
1.0773272847689
-1000
64.1520877354917
936.025945163263
0
137.761986328134
1000
-1000
-1000
0
0
1000
0
0
0
0
0
-344.488134338475
1000
0
0
0
0
-1000
1000
-0.00390876462142842
0
0
-1.0567562307665
1000
0
0
0
0
0.0136410220412699
1000
1000
-663.847625338118
-4.30405024561367
-936.025945163263
0
1000
0
0
-1000
0
0
1000
1000
-1000
1000
0
1000
1000
0
-1000
1000
1000
1000
0
0
0
0
-965.881596348283
0
0
0
0
0
0
0
0
0
1000
0
1000
0
0
0
0
0
1000
512.596370069724
0
0
0
1000
0
0
0
0
0
0
0
0
0
-1000
883.692305837236
1000
-1000
1000
-1000
487.478836268328
-1000
-1000
-1000
-1000
1000
-1000
-1000
-571.692661973592
-1000
-1000
-41.2738541447691
-1000
1000
-1000
-1000
-1000
1000
1000
1000
1000
1000
1000
1000
-1000
1000
-1000
-1000
-1000
-1000
-1000
-1000
-1000
-1000
-1000
1000
-1000
1000
-1000
-1000
-1000
-1000
-1000
-992.995675665974
-1000
-316.162198874129
1000
1000
-1000
-1000
-473.067763993037
-11.1484717647807
-1000
-900.140089958271
-1000
-965.985623416725
-655.10592165781
-1000
-1000
-1000
-1000
-1000
884.630088771564
-1000
-25.9567768459679
-1000
-1000
1000
-1000
-1000
-1000
-1000
-1000
1000
-1000
-1000
-1000
-594.432343907486
-1000
1000
-1000
1000
-1000
1000
1000
1000
1000
1000
1000
1000
1000
1000
-1000
-1000
-1000
-1000
1000
-1000
-1000
-1000
1000
-1000
1000
1000
1000
1000
1000
1000
1000
1000
-1000
1000
-1000
36.3655221067247
-1000
-1000
0
926.165036628457
11.5993439872806
-1000
-1000
-1000
0
0
0
0
0
0
0
0
0
0
0
0
0
0
0
0
0
0
0
0
0
0
0
0
0
0
0
0
0
0
0
0
0
0
0
0
0
0
0
0
0
0
0
0
0
0
0
0
0
0
0
0
0
0
0
0
0
0
0
0
0
0
0
0
0
0
0
0
0
0
0
0
0
0
0
0
0
0
0
0
0
0
0
0
0
0
0
0
0
0
0
0
0
0
0
0
0
0
0
0
0
0
0
0
0
0
0
0
0
0
0
0
0
0
0
0
0
0
0
0
0
0
0
0
0
0
0
0
0
0
0
0
0
0
0
0
0
0
0
0
0
0
0
0
0
0
0
0
0
0
0
0
0
0
0
0
0
0
0
0
0
0
0
0
0
0
0
0
0
0
0
0
0
0
0
0
0
0
0
0
0
0
0
0
0
0
0
0
0
0
0
0
0
0
0
0
0
0
0
0
0
0
0
0
0
0
0
0
0
0
0
0
0
0
0
0
0
0
0
0
0
0
0
0
0
0
0
0
0
0
0
0
0
0
0
0
0
0
0
0
0
0
0
0
0
0
0
0
0
0
0
0
0
0
0
0
0
0
0
0
0
0
0
0
0
0
0
0
0
0
0
0
0
0
0
0
0
0
0
0
0
0
0
0
0
0
0
0
0
0
0
0
0
0
0
0
0
0
0
0
0
0
0
0
0
0
0
0
0
0
0
0
0
0
0
0
0
0
0
0
0
0
0
0
0
1000
-997.339872298101
-1000
1000
1000
1000
997.339872298101
955.879354390629
-1000
-1000
-1000
-1000
1000
1000
1000
-1000
-1000
-1000
1000
-1000
1000
1000
0
-1000
-1000
-1000
-1000
-1000
1000
-1000
-1000
997.339872298101
1000
-1000
-1000
1000
1000
-1000
-1000
-1000
-1000
1000
-1000
-1000
-1000
1000
-1000
1000
-46.7636134569234
-999.945356603567
-1000
-1000
-1000
-1000
-1000
0
0
0
0
0
0
0
0
0
0
0
0
0
0
0
0
-1000
-1000
-0.513303879647538
0
0
0
0
0
0
0
0
0
0
0
0
0
0
0
0
-0.00390876462142842
0.00390876462144455
0
0
-0.00390876462142842
-0.00390876462142842
0
0
0
0
937.822271269933
62.1777287300674
0
0
0
0
0
0
0
0
0
0
0
0
0
0
0
0
0
0
0
0
0.00390876462144455
0
0
1000
1000
-1000
1000
1000
0
0
0
0
-0.00390876462142842
0
0
0
0
0
0
0
0
0
0
0
0
0
0
170.133336413992
0
0
0
0
0
0
0
0
0.00390876462144455
0
0
0
0
-278.576032999898
0
0
937.822271269933
0
0
0
-1000
0
1000
0
0
0
0
0
0
0
0
0
0
0
0
0
0
0
0
0
0
0
0
0
0
0
0
0
0
0
0
0
0
0
0
0
0
0
0.00390876462144455
0
0
0
0
1000
0
1000
0
0
2.11351246153309
0
0
0
0
0
0.00584615230337794
1000
0
-926.165036628457
0
0
0
0
0
0
0
0
0
0
0
0
0.00390876462142842
-1000
425.915912645833
997.886487538467
187.256948497652
0
0
0
0
1000
0
0
0
0
0
9.80924780891314
0
0
1000
0
544.510704906234
0
0
1000
0
0
0
-1000
0
0
-1000
0
0
1000
0
0
0
0
0
32.6615002756143
0
0
0
0
0
-1000
1000
0
0
470.675741534691
0
916.117469452693
916.117469452693
0
0
0
0
529.324258465309
0
1000
0
0
0
0
0
0
0
0
0
0
0
0
1.05675623076654
0
0.00390876462144455
-0.00390876462142842
0.00390876462144455
0.00390876462144455
0
0
0.00390876462142842
1000
0
-9.80533904429171
1.0567562307665
0
0
-0.0117262938642853
-1000
-1000
-1000
999.915565963446
-11.8265999400285
-997.978739104263
0
0
1000
-1000
-1000
-1000
0
997.978739104263
0
0
0
0
0
0
0
0
0
0
0
0
0
0
0
1000
0
0
0
0
0
0
0.0844340365536453
0
0
0
0
0
0
0.00194871743445931
0
1000
0
0
0
0
0
0
0.00390876462144455
0
0
0
0
0
0
0
0
0
0
-775.726286659357
0
193.931571664839
0
0
0
0
0
0
0
0
0
0
0
1000
0
0
0
775.726286659357
0
0
0
0
0
0
0
0
0
0
0
0
0
0
0
0
0
0
0
0
0
0
0
0
0
0
0
2.52086993701857
0
0
0
0
0
0
0
0
0
326.34703561759
0
326.34703561759
0
0
0
0
0
0
0
0
0
0
0
0
0
0
0
0
0
0
0
0
0
0
0
0
0
0
0
0
0
0
0
0
0
0
0
0
0
326.34703561759
-326.34703561759
0
0
0
0
0
0
0
0
0
0
0
0
0
0
0
0
0
0
0
0
0
0
0
0
0
0
0
0
0
0
0
0
0
0
0
0
0
0
0
0
0
0
0
0
0
0
0
0
0
0
0
0
0
0
0
0
0
0
0
-999.986358977959
0
0.00194871743451586
0
0.0214472215316164
0
0
-0.0136410220412699
0
1000
0.0175497866626984
0
0
0
0
0
0
0
0
0
0
0
0
0
0
0
0
0.00390876462144455
0.00390876462144455
0.00390876462144455
1000
-1000
0
-313.641233524226
1000
0
0
0
0
0
0
-1000
1000
0
0
0
0
0
0
0
0
0
0
-1000
0
721.362924657038
-278.637075342962
-1000
-1000
-1000
-1000
-1000
-1000
0
0
0
0
0
0
0
0
0
0
-1000
0
1000
0.428132465033876
0.00390876462144455
0.00390876462144455
0.00390876462144455
0.00390876462144455
0.00390876462144455
0
0
0
0
1000
0
0
0.0884036954141106
0
0
0
0
0
0
23.9353005333704
0
0
0
0
0
-1000
0
0
0
0
0
0
1000
-999.911596304586
0
1000
0
0
-1000
0
0
0
0
0
0
0
0
0
193.931571664839
0
0
0
0
0
0
0
0
0
0
0
0
0
0
0
0
0
0
0
0
0
0
0
0
0
0
0
0
0
0
0
0
0
0
0
0
0
-1000
0
0
0
0
0
0
0
0
0
0
-1000
0
0
0
0
0
0
0
812.743051502348
1000
-1000
-1000
-1000
-1000
-126.140010827919
0
0.0234072687185636
0
0
0
0
62.1777287300674
-1000
-398.038957174914
0
0
0
0
0
999.976547412271
15.7654488310149
0
0
0
0
0.628623765732667
0.628623765732667
-613.200942860313
-999.984410260524
0
0
0
0
0
0
0.39680569929969
0
-1000
0
0
0
0
0
0
0
1000
0.00390876462144455
0
0
0
0
0
0
0
0
0.00390876462131473
-1000
0
0
1000
0
0
0
1000
0
0
0
0
-505.154178145342
0
-1000
0
0
0
-1000
-1000
0
0
0
0
-213.004112552934
0
0
212.91570885752
0
0
0
0
-275.864303829161
275.864303829161
-1000
0
0
0
0
-1000
-1000
0
0
0
148.01687530481
0
0
0
0
0.000972942498163914
0
0
0
0
0
0
0
0
988.173400059972
0
997.978739104263
0
0
0
0
0
0
0
0
0
0.155208168144782
0
0
-1000
1000
-1000
-1000
1000
0
0
0
0
0
0
0
0
-1000
0
0
106.669108148496
0.00194871743445931
0.00194871743445931
0
-1000
46.3743718307646
1000
-507.455111520492
-1000
281.558227717165
0
0
0
0
0
0
0
0
0
0
0
0
0
0
0
0
0
0
0
0
0
0
0
0
0
0.00390876462142842
0
0
0
0
0
0
0
0
0
0
0
0
0
0
0
0
0
0
0
0
0
0
0
0
0
0
0
0
0
0
0
0
0
0
0
0
507.455111520492
0
0
0
0
0
0
0
0
0
-1000
0
-1000
0
0
0
0
0
0
-1000
0
0
0
0
0
0
0
0
0
0
0
783.791253488304
0
0
0
0
0
0
0
0
0
0
0
0
0
1000
0
0
0
0
0
0
0
0
0
0
0
0
0
0
0
0
0
0
0
212.91570885752
0
0
0
0
0
0
0
0
0
0
0
0
0
0
0
0
0
0
0
0
0
0
0
0
212.91570885752
0
0
0
0
0
0
0
0
0
0
0
0
0
0
0
0
0
0
0
0
0
0
0
0
0
0
0
0
0
0
0
0
0
0
0
0
0
0
0
0
0
0
0
0
0
0
0
0
0
0
0
0
0
0
0
0
0
0
0
0
0
0
0
0
0
0
0
0
0
0
0
0
0
0
0
0
0
0
0
0
0
0
0
0
0
0
0
0
0
0
0
0
0
0
0
0
0
0
0
0
0
0
0
0
0
0
0
0
0
0
0
0
0
0
0
0
0
0
0
0
0
0
0
0
0
0
0
0
0
0
0
0
0
0
0
0
0
0
0
0
0
0
0
0
0
-1000
0
0
0
0
0
0
0
0
0
0
0
0
0
0
0
0
0
0
0
0
0
0
0
0
201.58661073879
0
201.583567441375
0
77.4934229554551
-931.004460602329
853.689070545629
0
-1000
0
0
-1000
0
0
0
0
1000
0.0234525877286842
0
0
0
0
0
0
0
0
0
0
0
0
0
0
0
0
0
-69.479252400037
0
0
0
0
0
0
0
0
0
0
0
0
0
0
0
0
0
0
0
0
0
0
0
0
0
0
0
0
0
0
0
0
0
0
0
0
0
0
0
0
0
0
0
0
0
0
0
0
0
0
0
0
0
0
0
0
0
0
0
0
0
0
0
0
0
0
0
0
0
0
0
0
0
0
0
0
0
0
0
0
0
0
0
0
0
0
0
0
0
0
0
0
0
0
0
0
0
0
0
0
0
0
0
0
0
0
0
0
0
0
0
0
0
0
0
0
0
0
0
0
0
0
0
0
0
0
0
0
0
0
0
0
0
0
0
0
0
0
0
0
0
0
0
0
0
0
0
0
0
0
0
0
0
0
0
0
0
0
0
0
0
0
0
0
0
0
0
0
0
0
0
0
0
0
0
0
0
0
0
0
0
0
0
0
0
0
0
0
0
0
0
0
0
0
0
0
0
0
0
0
0
0
0
0
0
0
0
0
0
0
0
0
0
0
0
0
0
0
0
0
0
0
0
0
0
0
0
0
0
0
0
0
0
0
0
0
0
0
0
0
0
0
0
0
0
0
0
0
0
0
0
0
0
0
0
0
0
0
0
0
0
0
0
0
0
0
0
0
0
0
0
0
0
281.558227717165
0
0
0
0
0
0
0
0
0
0
0
-1000
0
0
0
0
0.00390876462142842
-386.333432635253
-613.200942860313
0
0
0
0
0
0
0
0
0
0
0
0
0
0
0
0
0
0
0
0
0
0
0
0
0
0
0
0
0
0
0
0
0
0
0
0
0
0
0
0
0
0
0
0
0
0
0
0
0
0
0
0
0
0
0
0
0
0
0
0
0
0
0
0
0
0
0
0
0
0
0
0
0
0
0
0
0
0
0
0
0
0
0
0
0
0
0
0
0
0
0
0
0
0
0
0
0
0
0
0
0
0
0
0
0
0
0
0
0
0
0
0
0
0
0
0
0
0
0
0
0
0
0
0
0
0
0
0
0
0
0
0
0
0
0
0
0
0
0
0
0
0
0
0
0
0
0
0
0
0
0
0
0
0
0
0
0
-46.7807733112697
0
0
0
0
0
0
0
0
1000
0.00390876462142842
0
0
0
721.451328352452
0
0
0
0
0
0
0
0
0
0
0
0
0
0
0
465.878355094915
465.878355094915
0
0
0
0
0
0
0
0
0
0
0
0
0
0
0
0
0
0
0
0
0
0
0
0
0
0
0
0
0
0
0
0
0
0
0
0
0
0
0
0
0
0
0
0
0
0
0
0
0
0
0
0
0
0
0
0
0
0
0
0
0
0
0
0
0
0
0
0
0
0
0
0
0
0
0
0
0
0
0
0
0
0
0
0
0
0
0
0
0
0
0
0
0
0
0
0
0
0
0
0
0
0
0
0
0
0
0
0
0
0
0
0
0
0
0
0
0
0
0
0
0
0
0
0
0
0
0
0
0
0
0
0
0
0
0
0
0
0
0
0
0
0
0
0
0
0
0
0
0
0
0
0
0
0
0
0
0
0
0
0
0
0
0
0
0
0
0
0
0
0
0
0
0
0
0
0
0
0
0
0
0
0
0
0
0
0
0
500
94.4146043827186
0
0
-1.0567562307665
0
0
503.937950892761
20.8845104894574
45.6494612190445
0.113297525259262
94.4146043827186
0
0
0
0
0
0
0
0
0
0
0
0
0
0
0
0
0
0
0
0
0
0
0
0
0
-1000
-1000
0
-398.038957174914
-601.961042825086
687.031997467235
-1000
0
613.200942860313
0
0
0
-193.931571664839
0
387.863143329678
0
0
-221.009238535277
0
0
0
0
0
0.00390876462144455
0
0
0
0
0
0
0
0
0
0
0
0
0
0
0
0
406.84728052236
0
0
0
0
0.0136410220412699
-42.3232691795055
-1.85647760369636
0
-11.5993439872806
-22.7396819338943
-1000
-36.3655221067247
58.1229268837069
-405.567656092514
-28.7318794680616
-4.98424137996813
-34.0143765832747
1000
-1000
0
0
0
0
-1000
-41.2738541447691
-18.9524525119414
-116.307694162764
-14.4110722752908
-11.1484717647807
-25.8700972775381
-967.9061315425
900.140089958271
676.833476791845
0
0
-1000
-601.961042825086
0
1000
0
0
960.818650581633
-1000
0
0
0
0
0
0
1000
-926.165036628457
0
0
0
0
0
0
0
0
0
0
-0.00390876462142842
-0.00390876462142842
0
0
0
0
0
0
0
0
0
0
0
0
0
0
0
0
44.120645609371
0
953.291029939509
0
0
-1000
-1000
0
-0.00390876462142842
-0.00390876462142842
-1.0773272847689
-1000
0
0
-0.00390876462142842
0
-0.00390876462142842
0
0
0
-0.00390876462142842
0
0
1000
0
-0.00390876462142842
0
0
0
0
0
0
0
0
0
0
0
-46.7807733112699
0
0
0
0
0
1000
0
0
0
0
0
0
-935.847912264508
0
0
0
0
-1000
0
1000
0
0
-0.00390876462142842
0
0
0
0
0
0
0
0
0
0
0
0
0
0
-278.576032999898
-1.0567562307665
-0.513303879647538
-1000
-1000
0
0
0
0
0
0
0
0
0
2.66012770189889
0
0
0
0
0
0
-4.30405024561367
0
0
0
0
1000
1000
936.025945163263
0
0
137.761986328134
63.9740548367374
0
0
0
0
0
-965.881596348283
0
0
0
-1000
-1000
0
0
0
0
0
-0.0546433964327662
0
0
0
0
0
0
999.996091235379
-1000
1000
0
0
0
0
0
0
1000
-1000
-663.847625338118
-344.488134338475
0
0
0
0
0
0
0
0
0
0
0
1000
0
-0.305504169327946
-0.0884036954140583
0
0
-1.30395450735818
-6.14796559590218
-0.839835106434066
-28.6869991618789
-2.54160624315568
0
0
0
0
0
-0.0884036954140583
0
-0.0884036954140583
-0.0884036954140583
0
-0.640926791752349
0
-0.0884036954140583
0
-34.1459273537002
0
-15.765448831015
0
-0.396805699299648
-0.0884036954140583
-0.553496038836329
0
-0.0884036954140583
-0.0884036954140583
-0.0884036954140583
-0.0884036954140583
-2.56370716700917
0
0
0
0
0
-1000
1000
0
0
-1000
1000
-0.00390876462142842
0
1000
-1000
0
0
0
-1000
0
0
0
0
0
0
0
0
0
0
0
0
0
0
0
0
0
0
0
-106.669108148496
106.669108148496
1000
-1000
-46.3743718307647
46.3743718307646
-1000
1000
1000
0
-1000
1000
-0.0884036954140583
-0.0884036954140583
0
0
0
0
0
853.511037646874
-853.689070545629
1000
0.0234525877286842
0
0
0
0
0
-1000
0
-69.479252400037
0
0
0
0
0
0
0
0
0
0
0
0
0
0
0
0
0
0
0
0
0
0
0
0
0
0
0
0
0
0
0
0
0
0
0
0
0
0
0
0
0
0
0
0
0
0
0
0
0
0
0
0
0
0
0
0
0
0
0
0
0
0
0
0
0
0
0
0
0
-0.0884036954140583
0
0
0
0
0
0
0
0
0
0
0
0
0
0
0
0
0
0
0
0
0
0
0
0
0
0
0
0
0
0
0
0
0
0
0
0
0
0
0
0
0
0
0
0
0
0
0
0
0
0
0
0
0
0
0
0
0
0
0
0
0
0
0
0
0
0
0
0
0
0
0
0
0
0
0
0
0
0
0
0
0
0
0
0
0
0
0
0
0
0
0
0
0
0
0
0
0
0
0
0
0
0
0
0
0
0
0
0
0
0
0
0
0
0
0
0
0
0
0
0
0
0
0
0
0
0
0
0
0
0
0
0
0
0
0
0
0
0
0
0
0
0
0
0
0
0
0
0
0
0
0
0
0
0
0
0
0
0
0
0
0
0
0
0
0
0
0
0
0
0
0
0
0
0
0
0
0
0
0
0
0
0
0
0
0
0
0
0
0
0
0
0
0
0
0
0
0
0
0
0
0
0
0
0
0
0
0
0
0
0
0
0
0
0
0
0
0
0
0
0
0
0
0
0
0
0
0
0
0
0
0
0
0
0
0
0
0
0
0
0
0
0
0
0
0
0
0
0
0
0
0
0
0
0
0
0
0
46.7807733112697
0
1000
0
0
1000
386.333432635253
0
0
0
0
0
0
0
0
0
0
0
0
0
0
0
0
0
0
0
0
0
0
0
0
0
-721.451328352452
0
-1000
-0.00390876462142842
0
0
0
0
0
0
0
0
-782.94682402638
0
0
0
0
0
0
0
0
0
0
0
0
0
0
0
0
0
0
0
0
0
0
0
0
0
0
0
0
0
0
0
0
0
0
0
0
0
0
0
0
0
0
0
0
0
0
0
0
0
0
0
0
0
0
0
0
0
0
0
0
0
0
0
0
0
0
0
0
0
0
0
0
0
-846.960428785361
846.960428785361
846.960428785361
0
-0.0884036954140583
-0.0884036954140583
-0.0884036954140583
-0.0884036954140583
0
-0.0884036954140583
0
0
-0.0884036954140583
-0.0884036954140583
-0.0884036954140583
-0.0884036954140583
0
-0.0884036954140583
-0.0884036954140583
-0.0884036954140583
-0.0884036954140583
-0.0884036954140583
-0.0884036954140583
-0.0884036954140583
0
-0.0884036954140583
-0.0884036954140583
-0.0884036954140583
0
-1000
94.4146043827186
0
1000
0
0
0
0
0
0
0
0
0
0
0
