0
0
0
0
0
0
0
0.060614204756348
-159.627016480851
0
0
54.9666017108218
0
0
0
0
999.830913551531
-999.830913551531
999.961193274122
0
0.0388067258780569
0
-1000
-54.7226737195883
0
1000
46.1860620037091
0
-23.5527748267181
0
0
0
0
0
0
0.0213715043179525
0
0
0
23.2874753311667
0
0
0
0
0
465.456820963282
0
465.456820963282
0
465.456820963282
0
465.456820963282
0
465.456820963282
0
465.456820963282
0
0
465.456820963282
0
0
0
0
0
0
0
0
0
23.5527748267181
0
0
0
0
9.14240253648813
9.14240253648813
0
0
0
0
23.5527748267181
0
-1000
0
258.197746742974
0
0
0
0
0
0
0
0
0
0
0
0
0
0
0
0
0
0
0
0
0
0
1000
0
0
0
0
0
0
0
0
0
0
0
0
0
0
0
0
0
0
0
0
0
0
0
0
0
0
0
1000
0
0
0
0
0
0
1000
0
0
0
0
-9.71536959755474
0
0
-830.644227615746
0
-978.302426076215
0
0
0.00592334306060103
1000
0
0
-643.587556562519
-744.468573195903
1000
-100.886560451367
0
441.814435659784
0
-1000
-100.886560451367
-100.886560451367
1000
-1000
0
441.814435659784
1000
0
0
0.00592334306054454
0
0
42.4575318214402
-1000
0
0
0
0
0
-2.61071689376422
0
0
0
0
0
0
0
747.082061998658
-1000
0
0
0
0.408703218272084
0
0
0
0
0
0
0
0
0
0
-2.61348880275557
0
-999.997228091009
0
0
0
0
0
1000
0
0
0
0
0
-1000
0
0
-1000
998.922957132437
0
0.306142585594362
0
0.311686403576942
0
0
0.459213878391543
0
2.61348880275557
0
0
0
-1000
0
0
0
0
0
0
0
0
0
0
0
0
456.863078006523
0
-1000
1000
-1000
-9.14240253648813
1000
-1000
999.734039488716
-1000
1000
-0.641679445811519
1000
-1.74731626018922
0
496.219458109761
1000
0
-497.256461654894
1000
0
0
1000
0
0.11919208662546
0
-0.119192086625503
0
0.0011832926903872
0
0
0
0
0
0
0
0
1000
0
494.682018071117
0
0
0
0
0
0
1000
0
1000
0
1000
0
1000
0
-0.119192086625503
0
-0.459213878391552
0
0
0.459213878391552
1.74731626018921
0
0
0
0
0
0
0
-0.577789666740728
0
0
0
-1000
0.459213878391552
0
472.857445658514
-0.641679445811519
0
0
0.0023734649894686
0
0
0
0
0
0
0
0
0
0
0
0
0
0
0
0
1.53071292797181
0
6.44390011625586
0
0
0
0
0
0
0
0
1000
813.299889381348
1000
1000
-1000
1000
1000
-1000
-1000
-494.683201363807
1000
-1000
1000
-1000
-1000
0
0
0
0
0
0
-1000
0
0
-1000
-1000
0
1000
0
0.00554381798258419
1000
-1000
0
0
0
0
0
0
0.64167944581156
-0.265960511283993
1000
1000
1000
1000
-1000
-1000
-1000
-1000
-1000
1000
1000
1000
0.00554381798258419
0
-1000
0
1000
-1000
-483.667057718595
-1000
-1000
-1000
1000
1000
0
0
0
-1000
1000
0
0
0
-747.082061998658
0
0
0
-732.760787933928
1000
0
0
0
-19.5304522431006
0
0
0
0
0
0
64.0261730455912
0
0
158.454866770587
0
0
0
158.454866770587
0
0
0
0
0
0
910.483655500213
-356.755556565858
-553.728098934355
0
553.728098934355
0
0
0
0
0
0
0
0
0
356.755556565858
0
0
0
0
0
0
0
0
0
0
0
0
0
0
0
0
0
0
0
0
0
0
0
0
0
0
0
0
0
0
0
0.00237346498943225
-1000
0.0692977247822455
0.0692977247822455
0
112.676567136175
0
0
0
-89.5163444997868
0
0
0
0
0
0
0
0
0
0
0
0
0
0
0
0
0
0
0
0
0
0
0
0
0
0
0
0
0
0
0
0
0
0
0
0
0
0
0
0
0
0
0
0
0
0
0
0
0.108104450660299
0
0
0
-989.707068675652
0
0
0
0
0
0
1000
0
0
0
0
0
0
0
0
0
0
0
0
0
0
0
0
0
0
0
0
0
0
0
0
0
-1000
0
0
0.108104450660299
0
0
0
0
0
0
0
0
0
988.603403676198
0
0
0
0
0
0
0
0
0
0
0
0
0
0
0
0
0
0
0
0
0
0
0.00237346498943944
0
0
0
0
0
0
0
0
0
0
0
0
0
0
0
0
0
0
0
0
0
0
0
0
0.00712039496831831
0
0
0
0
0
0
0
0
0
0
0
0
0
0
0
0
0
0
0
0
0
0
0
0
0
989.707068675652
10.2929313243479
0.00277190899128978
0
0
0
0
0.50171552742345
0.50171552742345
0
1000
0
0
0
0
0
0
0
0
0
0
0
0
0
0
0
0
0
0
0
0
0
0
0
0
0
0
-0.00237346498943225
0
0
0
1000
0
0
-1000
0
0
0
0
1.44139267547068
0
0
1.44139267547068
0
0
0
0
0
0
0
0
0
1.44139267547068
0
1.44139267547068
0
0
0
8.59857921762892
24.5105407591486
15.6671621331886
11.474972265519
17.0135588790095
5.59978646557328
13.0967683457124
23.9597420904037
22.0625466758379
6.97678313743556
13.5251673102918
27.8765326237009
22.0013468237551
6.79318358118726
11.2607727832293
15.6059622811059
20.2265511133549
16.3709604321405
2.99879275205564
20.4101506696032
0
0
0
0
0
0
0
0
0
0
0
0
0
0
0
0
0
0
0
0
0
0
0
0
0
0
0
0
0
0
0
0
0
0
0
0
0
0
0
0
0
0
0
0
0
0
0
0
0
0
0
0
0
0
0
0
0
0
0
0
0
0
0
0
0
0
0
0
0
0
0
0
0
0
0
0
0
0
0
0
0
0
0
0
0
0
0
0
249.678450674126
0
0
0
0
0
0
-1000
0
0
0
0
1000
1000
-186.700110618652
-186.700110618652
0
0
0
0
354.116642031247
0
0
-19.5304522431006
-354.216430754933
-354.216430754933
-1000
0
-625.950978921916
0
-626.028592373672
1000
1000
354.122185849229
1000
0
-354.116642031247
1000
0
-1000
-1000
-1000
0
463.565365577871
0
0
0
625.950978921916
0
0
0
0
0
0
0
0
0
0
0
-1000
187.344163529453
1000
1000
0
495.755401313217
531.084994655573
2.51067715264815
5
0
0
0
0
0
0
0
0
312.97348597215
0
0
-0.00638044260597326
0
0
0
0
-0.00638044260597326
113.681728955584
186.671629038779
0
-0.00638044260597326
0.00638044260597326
-0.00638044260597326
-2.3952654121324
0
-0.398777662870543
0
-1000
-2.47082639914618
0.00638044260597326
-0.00638044260597326
-0.00638044260597326
0.00638044260597326
-0.00638044260597326
0.00638044260597326
-0.00638044260597326
-0.00638044260597326
-0.00638044260597326
-0.00638044260597326
-0.00638044260597326
-0.00638044260597326
-0.00638044260597326
-0.00638044260597326
-0.00638044260597326
-0.00638044260597326
-0.00638044260597326
-0.133989294724529
-0.0404685526812045
-0.183437724920509
-0.185032835571974
-0.0941115284374519
0.00638044260597326
0.00638044260597326
-0.445814226101561
0.00638044260597326
0.00638044260597326
0.00638044260597326
0.00638044260597326
-3.05463689758881
-0.0462582088929366
-0.342948790068704
-1.72750483555546
-0.0199580841313036
0.00638044260597326
0.0669946473622076
0
0.00638044260597326
0.00638044260597326
-0.00638044260597326
0
0
0
0
0
0
0
0
0
0
0
0
0
0
0
0
0
0
0
0
0
0
0
0
0
0
0
0
0
0
0
0
0
0
0
0
0.000590786394127463
0
0
0
0
0
0
0
0
0
0
0
0
0
0
0
0
0
0
0
0
0
0
0
0
0
0
0
0
0
0
0
0
0
0
0
0
0
0
0
1000
0
0
0
0
0
0
0
0
0
0
0
0
0
0
0
0
0
0
0
0
0
0
0
0
0
0
0
0
0
0
0
0
0
0
0
0
0
0
0
0
0
0
0
0
0
0
0
0
0
0
0
0
0
0
0
0
0
0
0
0
0
0
0
0
0
0
0
0
0
0
0
0
0
0
0
0
0
0
0
0
0
0
0
0
0
0
0
0
0
0
0
0
0
0
0
0
0
0
0
0
0
0.00638044260592952
0.00638044260592952
312.986246857362
0.349329232674641
0
0
0
0
0
0.00638044260592952
0
0
0
0
0
0
0
0
0
0
0
0
0
0
0
0
0
0
0
0
0
0
0
0
0
0
0
0
0
0
0
0
0
0
0
0
0
0
0
0
0
0
0
0
0
0
0
0
0
0
0
0
0
0
0
0
0
0
0
0
0
0
0
0
0
0
0
0
0
0
0
0
0
0
0
0
0
0
0
0
0
0
0
0
0
0
0
0
0
0
0
0
0
0
0
0
0
0
0
0
0
0
0
0
0
0
0
0
0
0
0
0
0
0
0
0
0
0
0
0
0
0
0
0
0
0
0
0
0
0
0
0
0
0
0
0
0
0
0
0
0
0
0
0
0
0
0
0
0
0
0
0
0
0
0
0
0
0
0
0
0
0
0
0
0
0
0
0
0
0
0
0
0
0
0
0
0
0
0
0
0
0
0
0
0
0
0
0
0
0
-1000
0
0
0
0
0
0
0
0
0
0
0
0
0
0
0
0
0
0
0
0
0
0
0
0
0
0
0
0
0
0
0
0
0
0
0
0
0
0
0
0
0
0
0
0
0
0
0
0
0
0
0
0
0
0
0
0
0
0
0
0
0
0
0
0
0
0
0
0
0
0
0
0
0
0
0
0
0
0
0
0
0
0
0
0
0
0
0
0
0
0
1000
1000
0
0
0
0
0
0
0
0
0
0
0
0
0
0
0
0
0
0
-1000
0
-1000
0
0
0
0
0
0
0
1000
1000
0
0
0
0
0
0
0
0
0
0
0
0
0
0
0
0
0
0
0
0
0
0
0
0
0
0
0
0
0
0
0
0
0
0
0
0
0
0
0
0
0
0
0
0
0
0
0
0
0
0
0
0
0
0
0
0
0
0
0
0
0
0
0
0
0
0
0
0
0
0
0
0
0
0
0
0
0
0
0
0
0
0
0
688.309872919473
30.5930452861176
0
0
0.00638044260597326
0
1000
0
0
312.979866414756
0
117.588790571041
-0.00638044260597326
186.671629038779
0
0
0
0.000590786394127463
2.46444595654032
0
-997.53555404346
999.993619557394
0
0
0
0
0
0
0
0
0
0
0
0
0
-1000
0.000590786394127463
0
0
0
0.00237346498943225
0
0
0
0
0
0
0
-0.00237346498943225
0
0
0
0
0
0
-1000
688.309872919473
0
0
0
-584.95994641614
1000
-0.0142407899365935
0
0
0.00638044260597326
-0.00638044260597326
0
0
313.211157459221
-313.211157459221
1000
0
0
0
-312.979866414756
-312.979866414756
-1000
0
-882.41120942896
-117.58879057104
-1000
0
-813.328370961221
-186.671629038779
-1000
0
0
0
0
0
-1000
0
1000
0
0
0
-997.53555404346
997.53555404346
-1000
0
0
0
-1000
0
0
0
-38.2383235808926
0
0
0
0
0
0
0
0
0
0
0
0
0
0
0
0
0
0
0
-1000
1000
-1000
0
-1000
0
-1000
0
-1000
0
0
0
0
0
0
0
0
0
-1000
0
1000
0
-1000
0
-1000
0
-1000
0
-1000
0
0
0
0
0
0
0
0
0
0
-999.939385795244
-0.060614204756348
0
0
0
0
0
0
0
0
0
0
0
0
0
0
0
0
0
0
0
0
0
0
0
0
0
0
0
0
0
0
0
0
0
0
0.000590786394127463
-0.000590786394127463
0
0
0
0
0
0
0
0
0
0
0
0
0
0
0
0
0
0
0
0
0
0
0
0
0
0
0
0
0
0
0
0
0
0
0
0
0.000590786394127463
-0.000590786394127463
0
0
0
0
0
0
-0.00237346498943225
-0.00237346498943225
0
0
0
0
0
0
0
0
0
0
0
0
0
0
0
0
0.00237346498943225
0.00237346498943225
0
0
0
0
0
0
0
0
0
0
0
0
0
0
0
0
0
0
0
0
0
0
0
0
0
0
0
0
0
0
0
0
0
0
0
0
0
0
0
0
0
0
0
0
0
0.00237346498943944
0
0
0
0
0
0
0
0
7.25266232451241
0
0
0
0
0
0
0
0
0
0
0
0
0
0
0
0
0
0
0
0
0
0
0
0
0
0
0
0
0
0
0
0
0
0
0
0
0
0
0
0
0
0
0
0
0
0
0
0
0
0
0
0
0
0
0
0
0
313.211157459221
313.211157459221
313.211157459221
0
0
0
0
312.97348597215
312.97348597215
0
0
0
0
0
0
0
0
0
0
0
0
0
0
0
0
0
0
0
0
0
0
0
0
0
0
0
0
0
0
0
0
0
0
0
0
0
0
0
0
0
0
0
0
0
0
0
0
0
0
0
0
0
0
0
0
0
0
0
0
0
0
0
0
0
0
0
0
0
0
0
0
0
0
0
0
0
0
0
0
0
0
0
0
0
0
0
0
0
0
0
0
0
0
0
0
0
0
0
0
0
0
0
0
0
0
312.979866414756
312.979866414756
312.979866414756
312.979866414756
-312.979866414756
0
0
0
0
0
0
0
0
0
0
0
0
0
0
0
0
0
0
0
0
0
0
0
0
0
0
0
0
0
0
0
0
0
0
0
0
0
0
0
0
0
0
0
0
0
0
0
0
0
0
0
0
0
0
0.00237346498943944
0.00237346498943944
0.00237346498943944
0.00237346498943944
0.00237346498943944
0
0
0
0
0
0
0
0
0
0
0
0
0
0
0
0
0
0
0
0
0
0
0
0
0
0
0
0
0
0
0
0
0
0
0
0
0
0
0
0
0
0
0
0
0
0
0
0
9.71536959755477
9.71536959755477
-9.71536959755474
3.2329184475429
-1.61527249127676
1.61527249127673
1.61527249127673
1.61527249127673
1.61527249127673
1.61527249127673
1.61527249127673
1.61527249127673
1.61527249127673
1.61527249127673
1.61527249127673
0
1.61527249127673
1.61527249127676
1.61527249127673
1.61527249127673
1.61527249127673
1.61527249127673
1.61527249127673
1.61527249127673
0
0
0
1.61527249127673
1.61527249127673
0
1.61053932051518
0
0
0
0
0
0
0
0
0
0
0
0
0
0
0
0
9.71536959755477
9.71536959755477
3.2329184475429
3.2329184475429
0
0
0
0
0
0
0
0
0
0
0
0
0
0
0
0
0
0
0
0
0
0
0
0
0
0
0
0
0
0
0
0
0
0
0
0
0
0
0
0
0
0
0
0
0
0
0
0
0
0
0
0
0
0
0
0
0
0
0
0
0
0
0
0
0
0
0
0
0
0
0
0
0
0
0
0
0
0
0
0
0
0
0
0
0
0
0
0
0
0
0
0
0
0
0
0
0
0
0
0
0
0
0
0
0
0
0
0
0
0
0
0
0
0
0
0
0
0
0
0
0
0
0
0
0
0
0
0
0
0
0
0
0
0
0
0
0
0
0
0
0
0
0
0
0
0
0
0
0
0
0
0
0
0
0
0
0
0
0
0
0
0
0
0
0
0
0
0
0
0
0
0
0
0
0
0
0
0
0
0
0
0
0
0
0
0
0
0
0
0
0
0
0.777370553917957
0.0165867364914159
0.0165867364914159
0
0
0
0
-0.0165867364913765
0
0
0
0
0.760783817426541
0
1000
0
0
0
0
0
0
0
0
0
0
0
0
0
0
0
0
0
0
0
0
0
0
0
0
0
0
0
0
0
0
0
0
0
0
0
0
0
0
0
0
0
0
0
0.0165867364914159
0
0
0
0
0
0
0
0
0
0
0
0
0
0
0
0
0
0
0
0
0
0
0
0
0
0
0
0
0
0
0
0
0
0
0
0
0
0
0
0
0
0
0
0
0
0
0
0
0
0
0
0
0
0
0
0
0
0
0
0
0
0
0
0
0
0
0
0
0
0
0
0
0
0
0
0
0
0
0
0.00237346498943944
0
0
0
0
0
0
0
1.02338994618563
0
0
0
0.64167944581156
0.64167944581156
0.64167944581156
0
0
0
6.37748208100066
0
0
0.877553708501185
0
0
6.37748208100066
0.00237346498943944
0
0
0
0
-0.877553708501182
0.877553708501185
0
0
0
0
0.240946827478649
0
7.15485263491862
0
0
0
0.160049509186422
0
0.145836237684445
0
7.15485263491862
7.15485263491862
0
0
0
0
0
0
0
0
0
0
0
0
0
0
-7.25266232451236
0
0
0
0
0
0
0
0
0
0
0
0
0
0
0
0
0
0
0
0
0
0
0
0
0
0
0
0
0
0
0
0
0
0
0
0
0
0
0
0
0
0
0
0
0
0
0
0
0
0
0
0
0
0
0
0
0
0
0
0
0
0
0
0
0
0
0
0
0
0
0
0
0
0
0
0
0
0
0
0
0
0
0
0
0
0
0
0
0
0
0
0
0
0
0
0
0
0
0
0
0
0
0
0
0
0
0
0
0
0
0
0
0
0
0
0
0
0
0
0
0
0
0
0
0
0
0
0
0
0
0
0
0
0
0
0
0
0
0
0
0
0
0
0
0
0
0
0
0
0
0
0
0
0
0
0
0
0
0
0
0
0
0
0
0
0
0
0
0
0
0
0
0
0
0
0
0
0
0
0
0
0
0
0
0
0
0
0
0
0
0
0
0
0
0
0
0
0
0
0
0
0
0
0
0
0
0
0
0
0
0
0
0
0
0
0
0
0
0
0
0
0
0
0
0
0
0
0
0
0
0
0
0
0
0
0
0
0
0
0
0
0
0
0
0
0
0
0
0
0
0
0
0
0
0
0
0
0
0
0
0
0
0
0
0
0
0
0
0
0
0
0
0
0
0
0
0
0
0
0
0
0
0
0
0
0
0
0
0
0
0
0
0
0
0
0
0
0
0
0
0
0
0
0
0
0
0
0
0
0
0
0
0
0
0
0
0
0
0
0
0
0
0
0
0
0
0
0
0
0
0
0
0
0
0
0
0
0
0
0
0
0
0
0
0
0
0
0
0
0
0
0
0
0
0
0
0
0
0
0
0
0
0
0
0
0
0
0
0
0
0
0
0
0
0
0
0
0
0
0
0
0
0
0
0
0
0
0
0
0
0
0
0
0
0
0
0
0
0
0
0
0
0
0
0
0
0
158.236966609596
0
0
158.236966609596
0
0
0
0
0
0
0
0
0
0
0
0
0
0
0
0
0
0
0
0
0
0
0
0
0
0
0
1000
0
0
0
0
0
0
0
0
0
0
0
0
0
0
0
0
0
0
0
0
0
0
0
0
0
0
0
0
0
0
0
0
0
0
0
0
0
0
0
0
0
0
0
0
0
0
0
0
0
0
0
0
0
0
0
0
0
0
0
0
0
0
0
0
0
0
0
0
0
0
0
0
0
0
0
0
0
0
0
0.108104450660299
0.108104450660299
0
0
0
0
0.108104450660335
0.108104450660299
0
-249.678450674126
0
0
0
0
0.0166314539477364
0
0
0
0
0
0
0
249.678450674126
0
0
0
0
0
0.654170521944374
0
0
0
0
0
0
0.654170521944374
0.654170521944374
0.654170521944374
0.654170521944366
0
0
0
0
0
0
0
0
0
0
0
0
0
0
0
0
0
0
0
0
0
0
0
0
0
0
0
0
0
0
0
0
0
0
0
0
0
534.524685062837
534.524685062837
0
0
0
0
0
0
0
0
0
0
0
0
0
0
0
0
0
0
0
0
0
0
0
0
0
0
0
0
0
0
0
0
0
0
0
0
0
0
0
0
0
0
0
0
0
0
0
0
1000
-1000
210.677640926187
0
0
0
-1000
1000
1000
112.217353257784
0
0
0
210.218427047796
-1000
0
0
0
0
0
0
0
0
0
0
0
0
0
0
0
0
0
0
0
0
0
0
0
0
0
0
0
0
0
0
0
0
0
0
0
0
0
0
0
0
-1000
0
0
0
0
0
0
0
0
0
0
0
0
0
0
0
0
0
-999.997626535011
999.997626535011
1000
999.997626535011
1000
-1000
-1000
0
0
0
0
0
0
0.00237346498943225
0
0
0
0
0
0
89.5163444997868
44.7581722498934
11.1895430624733
11.1895430624733
11.1895430624733
11.1895430624733
0
11.1895430624733
0
0
0
0
0
0
0
0.00947322113176262
0
0.00237346498943944
0.0142132715019765
1000
0.0011832926903872
0.0011832926903872
0.00237346498943225
0
0.00828992844137542
0.0011832926903872
0.0177700291817637
-0.00118329269037076
0.0011832926903872
0.0011832926903872
0.0011832926903872
0.0011832926903872
0.0011832926903872
-0.00118329269037076
-0.00236658538074153
-0.00355675767980301
0.0011832926903872
0.0011832926903872
0.00118329269037076
0.0011832926903872
-0.00355675767980301
-0.00118329269037076
0.00237346498943225
0.0011832926903872
0.0011832926903872
0.00237346498943944
0.00237346498943944
-0.00237346498943225
-0.00237346498943225
0.00237346498943225
0.00237346498943225
0.0011832926903872
0.0011832926903872
0.0011832926903872
0.0011832926903872
0.0260737168405285
-0.00355675767980301
-999.983413263509
0
0
0
0
0
0
-1000
0
0
0
0.00237346498943944
0
0
0
0
0.00118673249471972
0.00237346498943225
0.00237346498943225
0
0
0.00237346498943944
0.00237346498943944
0
0
0
0
0
0
0.00473317076154879
0.0011832926903872
0.00354987807116159
0.0011832926903872
-0.00118329269037076
0.0011832926903872
0.0011832926903872
0.0011832926903872
0.0011832926903872
0.0011832926903872
0.0011832926903872
0.0023665853807744
0.0011832926903872
0.0011832926903872
0.0011832926903872
0.0011832926903872
0.0011832926903872
0
0.0011832926903872
0.00237346498943944
0.00237346498943944
0.00237346498943944
0.00237346498943944
0.00237346498943944
0.00237346498943944
0.00237346498943944
0
0
0
0
0
0
0.00237346498943944
0.00237346498943944
0.00237346498943944
0.00237346498943944
0.00237346498943944
0.00237346498943944
0.00237346498943944
0
0
0
0
0
0
-0.00237346498943225
0.00237346498943944
0.00237346498943944
0
0
0
0
0
0
0
0
0
0
0
0
0
0
0
0
0
0
0
0
0
0
0
0
0
0
0
0
0
0
0
0
0
0
0
0
0
0
0
0
0
0
0
0
0
0
0
0
0
0
0
0
0
0
0
0
0
0
0
0
0
811.142971124919
0.0303071023781652
10.2929313243479
0
0
0
0
0.00237346498943944
0
0
0
0
0
0
0
0
0
0
0
0
0
0
0
0
0
0
0
0
0
-1000
0
0
0
0
0
-312.97348597215
0
0
0
0.00638044260592952
0
0
0
0
0
0
0
0
0
0.00638044260592952
0
0
113.681728955584
0
0
0
0
0.00638044260592952
0
0.00638044260592952
0
0.00638044260592952
0
2.39526541213242
0
0
0
0.398777662870595
0
0
0
0.00638044260597326
0
2.47082639914621
0
0.00638044260592952
0
0.00638044260592952
0
0.00638044260592952
0
0.00638044260592952
0
0.00638044260592952
0
0.00638044260592952
0
0.00638044260592952
0
0.00638044260592952
0
0.00638044260592952
0
0.00638044260592952
0
0.00638044260592952
0
0.00638044260592952
0
0.00638044260592952
0
0.00638044260592952
0
0.00638044260592952
0
0.00638044260592952
0
0.00638044260592952
0
0.13398929472452
0
0.04046855268117
0
0.183437724920474
0
0.185032835571956
0
0.0941115284374604
0
0.00638044260592952
0
0.00638044260592952
0
0.445814226101541
0
0.00638044260592952
0
0.00638044260592952
0
0.00638044260592952
0
0.00638044260592952
0
3.05463689758876
0
0.046258208892989
0
0.342948790068712
0
1000
0
0.0199580841313139
0
0.00638044260592952
0
0.0669946473622599
0
0
0
0.00638044260592952
0
0.00638044260592952
0
0.00638044260592952
0
0
663.703147235278
0
0
-0.7607838174265
998.272495164445
0
0
0
0
0
-1000
-991.510802626435
1000
0
0
-252.920311466331
1000
-1000
0
533.647131354336
505.317981928883
-1000
-1000
0
0
975.489781338662
0
0
0
0
0
491.056040062105
1000
-7.1548526349186
0
0
0
-1000
1000
-0.00237346498943225
0
0
-2.38899570600074
0
1000
0
0
0
466.217604780709
1000
1000
-1000
-2.61348880275557
747.079688533669
0
1000
0
1000
-1000
0
0
1000
882.565140559473
-1000
1000
0
1000
0
0
-1000
842.247064053955
1000
1000
0
0
0
0
0
-10.2929313243479
-1000
0
0
0
0
0
0
0
0
0
1000
0
0
0
0
0
0
0
0
0
0
0
0
1000
0
0
0
0
0
0
0
0
0
-1000
737.428599656495
1000
1000
1000
-1000
-1000
-1000
-1000
-1000
-1000
-262.571400343505
1000
-1000
-1000
-1000
-1000
-1000
-1000
1000
1000
-1000
-1000
1000
11.5082351734145
1000
1000
1000
1000
-1000
1000
1000
-1000
-991.249364231852
-1000
-1000
1000
-1000
-1000
-1000
-1000
-986.192097972597
-1000
-1000
-1000
-1000
251.377189589571
-1000
-1000
-1000
-1000
-1000
-1000
1000
-6.90286460883328
0
-1000
-1000
-1000
-1000
-1000
-1000
-1000
-1000
-1000
-1000
-1000
-1000
-1000
-989.962519098538
-1000
-1000
-1000
1000
1000
-1000
-1000
-1000
-1000
1000
-1000
1000
1000
-1000
-1000
1000
1000
1000
-1000
-1000
1000
1000
-1000
-1000
1000
1000
1000
1000
-244.662371209063
-1000
-1000
-1000
1000
-1000
1000
283.225479004342
-1000
-1000
-1000
1000
1000
1000
1000
1000
1000
1000
-1000
-1000
-1000
-977.918267815497
-1000
-1000
1000
1000
265.190030602695
53.7750530106027
-1000
-1000
0
0
0
0
0
0
0
0
0
0
0
0
0
0
0
0
0
0
0
0
0
0
0
0
0
0
0
0
0
0
0
0
0
0
0
0
0
0
0
0
0
0
0
0
0
0
0
0
0
0
0
0
0
0
0
0
0
0
0
0
0
0
0
0
0
0
0
0
0
0
0
0
0
0
0
0
0
0
0
0
0
0
0
0
0
0
0
0
0
0
0
0
0
0
0
0
0
0
0
0
0
0
0
0
0
0
0
0
0
0
0
0
0
0
0
0
0
0
0
0
0
0
0
0
0
0
0
0
0
0
0
0
0
0
0
0
0
0
0
0
0
0
0
0
0
0
0
0
0
0
0
0
0
0
0
0
0
0
0
0
0
0
0
0
0
0
0
0
0
0
0
0
0
0
0
0
0
0
0
0
0
0
0
0
0
0
0
0
0
0
0
0
0
0
0
0
121.424344056203
0
0
0
0
0
0
0
0
0
0
0
0
0
0
0
0
0
0
0
0
0
0
0
0
0
0
0
0
0
0
0
0
0
0
0
0
0
0
0
0
0
0
0
0
0
0
0
0
0
0
0
0
0
0
0
0
0
0
0
0
0
0
0
0
0
0
0
0
0
0
0
0
0
0
0
0
0
0
0
0
0
0
0
0
0
0
258.146721649469
0
0
0
0
0
0
0
0
0
0
0
0
0
0
0
0
0
0
0
0
0
0
0
0
0
53.7750530106027
0
0
0
0
0
0
0
0
0
0
11.1895430624733
0
0
0
0
1000
1000
169.355772384255
1000
1000
1000
1000
1000
-1000
-1000
-21.6975739237849
-1000
1000
1000
1000
978.302426076215
-1000
-1000
21.6975739237849
-1000
1000
-1000
1000
-1000
-1000
-1000
-1000
169.388952736846
1000
1000
-1000
-1000
21.6975739237849
-1000
-1000
1000
1000
-1000
-181.263976199879
-1000
-1000
1000
-1000
-1000
-1000
1000
-1000
1000
-1000
-1000
-1000
-1000
-169.388952736846
-999.966819647409
-1000
0
0
0
0
0
0
-998.272495164445
998.272495164445
0
0
0
0
0
0
0
0
0
-1000
-1000
-1000
0
0
0
0
0
0
1000
0
0
0
0
0
0
0
0
0
-0.00237346498943225
0
-0.00237346498943225
0
-0.00237346498943225
-0.00237346498943225
0
0
0
0
0
0
0
0
0
0
0
0
0
0
0
0
0
0
0
0
0
0
0
1000
0
0
0
0
0.00237346498943944
0
0
0
1000
1000
-1000
1000
0
0
0
0
11.1871695974839
0.240946827478638
0
0
0
0
249.678450674126
0
0
0
0
0
0
0
0
0
0
0
0
0
0
-543.136921993477
-465.456820963282
465.456820963282
0.00237346498943944
0
0
0
0
-200.651538855681
0
0
0
0
0
0
-1000
0
1000
0
0
0
0
0
0
0
0
0
0
0
0
0
0
0
0
0
0
0
0
0
0
0
0
0
0
0
0
0
0
0
0
0
0.654170521944374
0.00237346498943944
0
0
0
0
1000
0
688.309872919473
0
-312.97348597215
0
1.28335889162312
0
0
0
0
1000
0
-553.728098934355
0
0
0
0
0
0
0
0
0
-89.5163444997868
0
11.1895430624734
-11.1871695974839
1000
-1000
-1000
1000
0
1000
19.8325903231512
0
-625.950978921916
-19.8325903231512
0
-1000
1000
1000
0
0
0
0
0
-97.0651227777828
1000
830.644227615746
0
0
0
830.644227615746
0
0.00237346498943225
0
0
1000
0
0
0
0
1000
89.5163444997868
0
0
0
0
-1000
11.1895430624733
-1000
1000
0
19.8325903231512
0
0
0
0
0
0
0
0
116.991958006638
-19.9268352288551
116.991958006638
0
356.755556565858
0
0
0
0
0
0
356.755556565858
812.600215818396
0
0
1000
0
0
0
998.460971345054
0
0
0
0
0
0
0
0
0
0
0.64167944581156
0
0.00237346498943944
-0.00237346498943225
0
0.00237346498943944
0.00237346498943944
0
1000
-1000
0.00237346498943225
0
0
0
0.641679445811519
0
0
-0.00712039496829675
-1000
-1000
-1000
1000
-1.5390286549457
-998.200554651753
0
0
-998.19501083377
-1000
998.19501083377
-1000
0
0
0
0
0
0
0
0
0
0
0
0
0
0
0
0
0
0.00554381798257955
0
0
0
0
0
0
999.734039488716
0
0
0
0
0
0
0.0011832926903872
0
0
0
0
0
0
0
0
0.00237346498943944
-1000
625.950978921916
0
0
0
0
0
0
0
0.060614204756348
0
0
-0.060614204756348
0
0
0
0
0
0
0
0
0
0
0
0
0
1000
0
0
0
0.060614204756348
0
0
0
0
0
0
0
0
0
0
0
0
0
0
0
0
0
0
0
0
0
0
0
0
0
0
0
0
1.53071292797176
0
0
0
0
0
0
0
0
0
0
0
0
0
0
0
0
0
0
0
0
0
0
0
0
0
0
0
0
0
0
0
0
0
0
0
0
0
0
0
0
0
0
0
0
0
0
0
0
0
0
0
0
0
0
0
0
0
0
0
0
0
0
0
0
0
0
0
0
0
0
0
0
0
0
0
0
0
0
0
0
0
0
0
0
0
0
0
0
0
0
0
0
0
0
0
0
0
0
0
0
0
0
0
0
0
0
0
0
0
0
-1000
0
0.00118329269037076
0
0.0130230992028828
0
0
0
0
1000
0.0106565138221413
0
0
0
0
0
0
0
0
0
0
0
0
0
0
0
0
0
0
0
0.00237346498943944
0.00237346498943944
0.00237346498943944
0
-112.217353257784
0
-584.95994641614
-1000
0
0
0
0
0
0
-38.2383235808926
-812.600215818396
0
0
0
0
0
0
0
0
0
0
-1000
0
430.799948030261
-569.200051969739
-1000
-1000
-1000
-997.53555404346
2.46444595654032
-1000
0
0
0
0
0
0
0
0
0
0
-1000
94.4881104808532
1000
0.25996894543749
0.00237346498943944
0.00237346498943944
0.00237346498943944
0.00237346498943944
0.00237346498943944
77.0137377388436
0
0
1000
0
0
0
0
0
0
0
0
0
0
0
0
0
0
0
-1000
0
0
0
0
0
0
1000
-999.993619557394
0
1000
0
0
-999.993619557394
0
0
0
0
0
0
0
0
0
0
0
0
0
0
0
0
0
0
0
0
0
0
0
0
0
0
0
0
0
0
0
0
0
0
0
0
0
0
0
0
0
0.0606142047563304
0
0
0
0
11.1895430624733
210.218427047796
0
0
0
0
0
0
0
0
0
-1000
0
0
0
0
0
0
0
1000
1000
-1000
-1000
-1000
-1000
1000
0
0.0142132715019765
0
0
0
0
-811.023779038294
-1000
-1000
1000
249.678450674126
0
0
0
999.985759210063
2.65912927324086
0
0
0
0
0.38171050037407
0.38171050037407
0
-999.99881670731
0
0
0
0
0
0
0
0
-1000
0
0
0
0
0
0
0
1000
0.00237346498943944
0
0
0
0
0
0
0
0
-97.9987003250227
-1000
0
0
1000
0
0
0
1000
0
0.00354987807116159
0
0
-117.58879057104
0
-1000
0
0
0
-1000
-1000
0
0
0
0
-312.979866414756
0
1000
0
-590.36004881453
590.36004881453
0
0
-1000
1000
-743.872445334666
0
0
0
0
-1000
-1000
0
0
374.049021078084
0
0
0
0
0.000590786394110468
0
0
0
0
0
0
0
0
0
998.460971345054
0
998.460971345054
0
0
0
0
0
0
0
0
0
1000
116.991958006638
-1000
-1000
-1000
-1000
1000
1000
0
0
0
0
0
0
0
-1000
0
0
-1000
0.0011832926903872
0.0011832926903872
0
1000
-158.236966609596
-158.236966609596
186.671629038779
0
0
0
0
0
0
0
0
0
0
0
0
0
0
0
0
0
0
0
0
0
0
0
0
0
0.00237346498943225
0
0
0
0
0
0
0
0
0
0
0
0
0
0
0
0
0
0
0
0
0
0
0
0
0
0
0
0
0
0
0
0
0
0
0
0
0
0
0
0
0
0
0
0
0
-1000
0
-1000
0
0
0
0
0
0
-1000
0
0
0
0
0
0
0
0
0
0
0
686.788842540779
0
0
0
0
0
0
0
0
0
0
0
0
0
1000
0
0
0
-311.690127080527
0
0
0
0
0
0
0
0
0
0
0
0
0
0
0
0
0
0
0
0
0
0
0
0
0
0
0
0
0
0
0
0
0
0
0
0
0
0
0
0
312.97348597215
0
0
0
0
0
0
0
0
0
0
0
0
0
0
0
0
0
0
0
0
0
0
0
0
0
0
0
0
0
0
0
0
0
0
0
0
0
0
0
0
0
0
0
0
0
0
0
0
0
0
0
0
0
0
0
0
0
0
0
0
0
0
0
0
0
0
0
0
0
0
0
0
0
0
0
0
0
0
0
0
0
0
0
0
0
0
0
0
0
0
0
0
0
0
0
0
0
0
0
0
0
0
0
0
0
0
0
0
0
0
0
0
0
0
0
0
0
0
0
0
0
0
0
0
0
0
0
0
0
0
0
0
0
0
0
0
0
0
0
0
0
0
0
0
0
-1000
0
0
0
0
0
0
0
0
0
0
0
0
0
0
0
0
0
0
0
0
0
0
480.604811886595
0
0
0
0
-600.886560451367
0
-0.00712039496829675
783.496896131749
216.503103868251
-999.89189554934
0
-1000
0
0
663.703147235278
0
0
0
0
554.427515334779
0.0142407899366366
0
0
0
0
0
0
0
0
0
0
0
0
0
0
0
0
0
0
0
0
0
0
0
0
0
0
0
0
0
0
0
0
0
0
0
0
0
0
0
0
0
0
0
0
0
0
0
0
0
0
0
0
0
0
0
0
0
0
0
0
0
0
0
0
0
0
0
0
0
0
0
0
0
0
0
0
0
0
0
0
0
0
0
0
0
0
0
0
0
0
0
0
0
0
0
0
0
0
0
0
0
0
0
0
0
0
0
0
0
0
0
0
0
0
0
0
0
0
0
0
0
0
0
0
0
0
0
0
0
0
0
0
0
0
0
0
0
0
0
0
0
0
0
0
0
0
0
0
0
0
0
0
0
0
0
0
0
0
0
0
0
0
0
0
0
0
0
0
0
0
0
0
0
0
0
0
0
0
0
0
0
0
0
0
0
0
0
0
0
0
0
0
0
0
0
0
0
0
0
0
0
0
0
0
0
0
0
0
0
0
0
0
0
0
0
0
0
0
0
0
0
0
0
0
0
0
0
0
0
0
0
0
0
0
0
0
0
0
0
0
0
0
0
0
0
0
0
0
0
0
0
0
0
0
0
0
0
0
0
0
0
0
0
0
0
0
0
0
0
0
0
0
0
0
0
0
0
0
0
0
0
0
0
0
0
0
0
0
0
0
186.671629038779
0
0
0
0
0
0
0
0
0
0
0
-1000
0
0
0
0
0.00237346498943225
-988.320668959086
0
0
0
0
0
0
0
0
0
0
0
0
0
0
0
0
0
0
0
0
0
0
0
0
0
0
0
0
0
0
0
0
0
0
0
0
0
0
0
0
0
0
0
0
0
0
0
0
0
0
0
0
0
0
0
0
0
0
0
0
0
0
0
0
0
0
0
0
0
0
0
0
0
0
0
0
0
0
0
0
0
0
0
0
0
0
0
0
0
0
0
0
0
0
0
0
0
0
0
0
0
0
0
0
0
0
0
0
0
0
0
0
0
0
0
0
0
0
0
0
0
0
0
0
0
0
0
0
0
0
0
0
0
0
0
0
0
0
0
0
0
0
0
0
0
0
0
0
0
0
0
0
0
0
0
0
0
0
999.992879605032
0
0
978.302426076215
0
0
0
0
0
0
0
0
1000
0.00237346498943225
0
356.755556565858
-1000
430.806328472867
0
0
0
0
0
0
0
0
0
0
0
0
0
0
0
0
0
0.760783817426541
0
0
0
0
0
0
0
0
0
0
0
0
0
0
0
0
0
0
0
0
0
0
0
0
0
0
0
0
0
0
0
0
0
0
0
0
0
0
0
0
0
0
0
0
0
0
0
0
0
0
0
0
0
0
0
0
0
0
0
0
0
0
0
0
0
0
0
0
0
0
0
0
0
0
0
0
0
0
0
0
0
0
0
0
0
0
0
0
0
0
0
0
0
0
0
0
0
0
0
0
0
0
0
0
0
0
0
0
0
0
0
0
0
0
0
0
0
0
0
0
0
0
0
0
0
0
0
0
0
0
0
0
0
0
0
0
0
0
0
0
0
0
0
0
0
0
0
500
57.3300722086821
0
0
-0.641679445811519
0
0
305.99926041384
12.6814119725605
27.7190899128978
0.0687960866504185
57.3300722086821
0
0
0
0
0
0
0
0
0
0
0
0
0
0
0
0
0
0
0
650.766597084116
-1000
0
0
0
-1000
267.239212066072
0
0
0
0
-553.084083542647
0
-0.00828304883270903
0
0.030307102378174
0
0
-0.060614204756348
-15.9511065148238
0
0.00237346498943225
0
0
0
0
0
0
0
0
0
0
0
0
0
0
0
0
0
0
0
0
0
0
312.97348597215
0
0
466.217604780709
-3.05463689758881
-0.133989294724529
0
-7.04330895322653
-13.8079020274033
-28.1592673408124
-22.0817321845027
-6.90286460883328
-1000
-17.4464611207609
-3.02651184196861
-20.6540786608366
430.026552893138
-1000
0
0
0
0
-1000
132.932579229618
-11.5082351734145
-240.012862547954
-8.75063576814796
993.230467940102
-15.7087407680579
1000
537.925331114868
-133.942330149044
0
0
-1000
0
0
-456.863078006523
-11.1895430624734
0
811.023779038293
-1000
0
0
0
-7.1548526349186
0.240946827478638
0
1000
0
0
0
0
0
0
0
0
0
0
0
11.1871695974839
-0.00237346498943225
0
0
0
0
0
0
0
0
0
0
0
0
0
0
0
0
-830.644227615746
1000
830.644227615745
-159.566402276094
0
0
1000
-999.239216182574
249.678450674126
-0.00237346498943225
-0.00237346498943225
-0.654170521944366
789.781572952204
0
0
-0.00237346498943225
-0.00237346498943225
0
0
0
0
-0.00237346498943225
0
0
0
-0.00237346498943225
0
0
0
0
0
0
0
0
0
0
0
978.302426076215
0
0
0
0
0
112.217353257784
0
0
0
0
0
0
0
747.079688533669
0
0
0
-830.611047263154
0
1000
0
0
-0.00237346498943225
0
0
0
0
-1000
0
0
0
0
0
0
0
0
0
-123.637801116838
-2.38899570600074
-1000
-1000
-1000
0
0
0
0
0
1000
0
0
11.9082038156247
0
0
0
0
0
0
-2.61348880275557
0
0
0
0
1000
-1000
-1000
0
0
533.647131354336
1000
0
0
0
465.456820963282
0
-10.2929313243479
0
0
0
-991.510802626435
-1000
0
0
0
0
0
-0.0331803525914438
0
0
0
0
-902.001299674977
-1000
1000
0
0
0
0
0
0
505.317981928883
456.863078006523
-1000
491.056040062105
0
0
-465.456820963282
0
0
0
0
0
0
0
1000
0
-0.0199580841313036
-0.00638044260597326
-1.72750483555546
-1000
-0.0941115284374519
-0.445814226101561
0
-0.342948790068704
-0.183437724920509
-0.00638044260597326
0
0
113.681728955584
0
-0.00638044260597326
-999.992879605032
-0.00638044260597326
-0.00638044260597326
-0.00638044260597326
-0.0462582088929366
0
-0.00638044260597326
-2.3952654121324
0
0
-2.65912927324086
0
0
-0.00638044260597326
-0.0404685526812045
0
-0.00638044260597326
-0.00638044260597326
-0.0669946473622076
-0.00638044260597326
-0.185032835571974
0
-0.398777662870543
0
0
0
-1000
1000
0
0
-1000
1000
-0.00237346498943225
0
743.872445334666
-743.872445334666
0
0
0
-1000
0
0
0
0
0
0
0
0
0
0
0
0
0
0
0
0
0
0
1000
-1000
-1000
1000
1000
0
456.863078006523
-1000
0
0
0
-0.00638044260597326
-0.00638044260597326
0
0
0
0
1000
-1000
999.89189554934
554.427515334779
0.0142407899365935
0
0
0
0
0
1000
-999.992879605032
0
0
0
0
0
0
0
0
0
0
0
0
0
0
0
0
0
0
0
0
0
0
0
0
0
0
0
0
0
0
0
0
0
0
0
0
0
0
0
0
0
0
0
0
0
0
0
0
0
0
0
0
0
0
0
0
0
0
0
0
0
0
0
0
0
0
0
0
0
0
-0.00638044260597326
0
0
0
0
0
0
0
0
0
0
0
0
0
0
0
0
0
0
0
0
0
0
0
0
0
0
0
0
0
0
0
0
0
0
0
0
0
0
0
0
0
0
0
0
0
0
0
0
0
0
0
0
0
0
0
0
0
0
0
0
0
0
0
0
0
0
0
0
0
0
0
0
0
0
0
0
0
0
0
0
0
0
0
0
0
0
0
0
0
0
0
0
0
0
0
0
0
0
0
0
0
0
0
0
0
0
0
0
0
0
0
0
0
0
0
0
0
0
0
0
0
0
0
0
0
0
0
0
0
0
0
0
0
0
0
0
0
0
0
0
0
0
0
0
0
0
0
0
0
0
0
0
0
0
0
0
0
0
0
0
0
0
0
0
0
0
0
0
0
0
0
0
0
0
0
0
0
0
0
0
0
0
0
0
0
0
0
0
0
0
0
0
0
0
0
0
0
0
0
0
0
0
0
0
0
0
0
0
0
0
0
0
0
0
0
0
0
0
0
0
0
0
0
0
0
0
0
0
0
0
0
0
0
0
0
0
0
0
0
0
0
0
0
0
0
0
0
0
0
0
0
0
0
0
0
0
0
-978.302426076215
0
1000
0
0
356.755556565858
988.320668959086
0
0
0
0
0
0
0
0
0
0
0
0
0
0
0
0
0
0
0
0
0
0
0
999.992879605032
0
-430.806328472867
0
0
-0.00237346498943225
0
0
0
0
0
0
0
0
-1000
0
0
0
0
0
-0.7607838174265
0
0
0
0
0
0
0
0
0
0
0
0
0
0
0
0
0
0
0
0
0
0
0
0
0
0
0
0
0
0
0
0
0
0
0
0
0
0
0
0
0
0
0
0
0
0
0
0
0
0
0
0
0
0
0
0
0
0
0
0
0
-0.00638044260597326
-0.00638044260597326
-0.00638044260597326
-0.00638044260597326
0
-0.00638044260597326
-2.47082639914618
0
-0.00638044260597326
-0.00638044260597326
-0.00638044260597326
-0.00638044260597326
0
-0.00638044260597326
-0.00638044260597326
-0.00638044260597326
-0.00638044260597326
-0.00638044260597326
-0.00638044260597326
-0.00638044260597326
0
-0.00638044260597326
-0.00638044260597326
-0.00638044260597326
0
-1000
57.3300722086819
0
1000
0
0
0
0
0
0
0
0
0
