0
0
0
0
0
0
0
1000
-882.815577891563
0
1000
0
0
199.293870269624
1000
0
999.743293774744
-999.743293774744
999.941083817154
0
0.0589161828457345
0
-1000
0.370330292173207
0
1000
-201.761980490938
0
-35.7577084079637
0.0125752845288103
0
0
0
0
0
0.0324461141102569
0
0
0
35.3549320016802
0
0
0
0
0
0
0
0
0
0
0
0
0
0
0
0
0
0
0
0
0
0
0
0
0
0
0
0
35.7577084079637
0
0
0
0
-1000
-1000
0
0
0
0
35.7577084079637
0
0
-1000
0
0
0
0
0
0
0
0
0
0
0
0
0
0
0
0
0
0
0
0
0.00360338302528203
0
0
0
0
0
0
0
0
0
0
254.320120905174
0
0
0
0
0
0
0
0
0
0
0
0
0
0
0
135.448170988084
0
0
-1000
0
0
0
0
-1000
0
0
0
-14.7498269609775
0
0
0
0
-401.899379311605
0
0
0.00899279068048646
-204.387958926348
0
0
598.531735959518
1000
1000
401.459847442933
0
0
0
-1000
401.459847442933
600.753717712557
1000
-800.706129730376
0
0
1000
0
0
0.00899279068050873
0
0
1000
-1000
0
0
0
0
0
-3.96357771471867
0
0
0
0
0
0
0
228.825363835111
-1000
0
0
0
0
0
0
0
0
996.032213986507
996.032213986507
0
0
0
0
-1000
0
-999.995791701225
228.825363835111
0
0
0
0
0
0
0
0
0
0
-771.174636164889
0
0
-1000
0
657.288922154803
0
0.464784187318969
0
30.1783271906806
0.473200784868377
0
0
1000
0
0
0
-1000
0
0
0
0
0
0
0
0
0
0
0
0
-1000
0
-1000
1000
-994.66741968766
1000
0
-1000
912.848840953533
-1000
-1000
-0.974194619679565
1000
30.1783271906806
0
-1000
0
-1000
1000
688.405234317671
0
0
1000
0
0.180956847311899
0
-0.180956847311904
29.4811509097021
0.00179646921840148
0
0
0
0
2.65276706409378
0
0
0
253.366238398939
0
0
0
0
0
0
0
0
970.518849090298
0
1000
0
0
0
1000
0
-0.180956847311904
0
-0.69717628097851
0
0
30.1783271906806
0
0
0
0
0
0
0
0
0.69717628097851
0
0
0
-1000
30.1783271906806
0
-1000
-0.974194619679565
0
0
0.00360338302527907
0
0
0
0
0
0
0
0
0
0
0
0
29.4811509097021
0
0
0
2.32392093659493
0
9.78309787540339
0
0
0
0
0
0
0
0
-487.977462041465
627.68319159268
1000
-1000
1000
1000
-1000
-509.205647242228
-1000
-993.970243406681
1000
-496.825905820309
-1000
1000
1000
0
0
0
0
0
0
-1000
0
-1000
0
0
1000
1000
0
0
-1000
0
0
0
0
0
0
0
0.974194619679582
-586.859813621684
-1000
-499.826561237464
1000
497.290690007628
-1000
-1000
1000
-1000
-1000
1000
1000
-1000
1000
0
2.5442878273858
0
1000
0
-419.092604353191
0
1000
-1000
1000
1000
0
0
0
-1000
1000
0
0
0
-228.825363835111
0
0
0
-165.445571007027
1000
0
0
0
-29.6510377873708
0
0
0
0
0
0
0
834.554428992973
0
834.554428992973
0
0
0
834.554428992973
0
0
0.00360338302528203
0
1000
-834.586859440201
-165.413140559799
0
165.413140559799
0
0
0
0
0
0
0
0
0
0
0
0
0
0
0
0
0
0
0
0
0
1000
0
0
0
0
0
0
-1000
1000
0
0
0
0
0
0
0
0
0
0
0
-1000
-0.00360338302527907
0.105207469367429
0.105207469367429
0
455.540055130433
0
0
0
-0.0288270642022326
0
0
0
0
120.519595102051
0
0
0
0
0
0
0
-745.647448647598
0
0
0
0
0
0
0
0
0
0
0
0
0
0
0
0
0
0
0
0
0
0
0
0
0
0
0
0
0
0
0
0
0
0
0
0
0
0
0
0.164123652213114
0
0
0
-1000
0
0
0
0
0
0
1000
0
0
0
0
0
0
0
0
0
0
0
0
0
0
0
0
0
0
0
0
0
0
0
0
0
0
0
295.153146365029
0
0
0.164123652213114
0
0
0
0
0
0
0
0
0
245.544093001879
0
0
0
0
0
0
0
0
0
0
0
0
0
0
0
0
0
0
0
0
0
0
0
0
0
0
0
0
0
0
0
0
0
-1000
0
0
0
0
0
0
0
0
0
0
0
0
32.5981977631008
0
32.5981977631008
0
0
0
0
0
0
0
0
0
0
0
0
0
0
0
0
0
0
0
0
0
1000
0
0.00420829877469532
0
0
0
0
0.761702078219853
0.761702078219853
0
0
0
0
0
0
0
0
0
0
0
0
0
0
0
0
0
0
0
0
0
0
0
0
0
0
0
1000
0
0
0
0.00360338302527907
0
0
1000
0
0
0
0
2.18831536284157
0
0
2.18831536284157
0
0
0
0
0
0
0
0
0
0
2.18831536284157
0
2.18831536284157
0
0
0
13.0543212274914
37.2117839972264
23.7858094963544
17.4212471897127
25.8299024999474
8.50156862857981
19.8834501258588
36.3755641321202
33.495251263421
10.5921182913453
20.5338433542747
42.3220165062088
33.4023379450759
10.3133783363099
17.0960505755047
23.6928961780093
30.707851713067
24.8543126573235
4.55275259891159
30.9865916681024
0
0
0
0
0
0
0
0
0
0
0
0
0
0
0
0
0
0
0
0
0
0
0
0
0
0
0
0
0
0
0
0
0
0
0
0
0
0
0
0
0
0
0
0
0
0
0
0
0
0
0
0
0
0
0
0
0
0
0
0
0
0
0
0
0
0
0
0
0
0
0
0
0
0
0
0
0
0
0
0
0
0
0
0
0
0
0
0
224.693454169405
0
0
0
0
0
0
-1000
0
0
0
0
1000
1000
-626.636929312494
-626.636929312494
461.03725956852
0
0
0
0
0
0
-29.6510377873708
-715.508879229583
-461.188758324409
-1000
0
-254.381378416604
0
-254.499210782295
1000
1000
461.04567616607
1000
0
0
1000
0
-1000
-1000
-1000
0
0
745.647448647598
0
745.647448647598
254.381378416604
0
0
0
0
0
0
0
0
0
0
0
1000
373.294606410025
1000
1000
0
500
250.006899085882
2.51260661829425
5
0
0
0
0
0
0
377.191761502674
0
0
0
0
-0.0014587942802109
0
0
0
0
-0.0014587942802109
0
760.643443868868
0
-0.00291758856053548
0
-0.0014587942802109
0
0
0
0
-1000
0
0
-0.0014587942802109
-0.0014587942802109
0.0014587942802109
-0.0014587942802109
0.0014587942802109
-0.0014587942802109
-0.0014587942802109
-0.0014587942802109
-0.0014587942802109
-0.0014587942802109
-0.0014587942802109
-0.0014587942802109
-0.0014587942802109
-0.0014587942802109
-0.0014587942802109
-0.0014587942802109
-0.030634679885452
-0.0100143932872925
-0.0419403355574559
-0.0423050341275939
-0.0215172156338213
0.0014587942802109
0.0014587942802109
-0.104989585503404
0.0014587942802109
0.0014587942802109
0.0014587942802109
0.0014587942802109
-0.698397761674983
-0.0105762585318416
-0.47337874394475
0
-0.0153609426181447
0.0014587942802109
0.0014587942802109
0
0.0014587942802109
0.0014587942802109
-0.0014587942802109
0
0
0
0
0
0
0
0
0
0
0
0
0
0
0
0
0
0
0
0
0
0
0
0
0
0
0
0
0
0
0
0
0
0
0
0
0.000896929035661742
0
0
0
0
0
0
0
0
0
0
0
0
0
0
0
0
0
0
0
0
0
0
0
0
0
0
0
0
0
0
0
0
0
0
0
0
0
0
0
1000
0
0
0
0
0
0
1.20589063931033
0
0
0
0
0
0
0
0
0
0
0
0
0
0
0
0
0
0
0
0
0
0
0
0
0
0
0
0
0
0
0
0
0
0
0
0
0
0
0
0
0
0
0
0
0
0
0
0
0
0
0
0
0
0
0
0
0
0
0
0
0
0
1.20589063931033
1.20589063931033
1.20589063931033
1.20443184503007
0
0
0
0
0
0
0
0
0
0
0
0
0
0
0
0
0
0
0
0
0
0
0
0
0
0
0
0
0.00145879428026108
0.00145879428026108
127.194679091235
388.449745044695
0
0.00145879428026108
0.0911746425163173
0
0
0.00145879428026108
0.00145879428026108
0
0.00145879428026108
0
0
0
0
0
0
0
0
0
0
0
0
0
0
0
0
0
0
0
0
0
0
0
0
0
0
0
0
0
0
0
0
0
0
0
0
0
0
0
0
0
0
0
0
0
0
0
0
0
0
0
0
0
0
0
0
0
0
0
0
0
0
0
0
0
0
0
0
0
0
0
0
0
0
0
0
0
0
0
0
0
0
0
0
0
0
0
0
0
0
0
0
0
0
0
0.0138585456624802
0
0
0
0
0
0
0
0
0
0
0
0
0
0
0
0
0
0
0
0
0
0
0
0
0
0
0
0
0
0
0
0
0
0
0
0
0
0
0
0
0
0
0
0
0
0
0
0
0
0
0
0
0
0
0
0
0
0
0
0
0
0
0
0
0
0
0
0
0
0
0
0
0
0
0
0
0
0
0
0
0
0
0
0
0
0
0
0
0
0
0
0
0
0
0
0
0
0
0
0
0
0
0
0
0
1000
0
0
0
0
0
0
0
0
0
0
0
0
0
0
0
0
0
0
0
0
0
0
0
0
0
0
0
0
0
0
0
0
0
0
0
0
0
0
0
0
0
0
0
0
0
0
0
0
0
0
0
0
0
0
0
0
0
0
0
0
0
0
0
0
0
0
0
0
0
0
0
0
0
0
0
0
0
0
0
0
0
0
0
0
0
0
0
0
0
0
0
0
0
0
0
0
0
0
0
0
0
0
0
0
0
0
0
0
0
0
0
0
0
0
0
0
0
0
0
0
1000
1000
0
0
0
0
0
0
0
0
0
0
0
0
0
0
0
0
0
0
0
0
0
0
0
0
0
-1000
0
-1000
0
0
0
0
0
0
0
0
0
0
0
1000
1000
0
0
0
0
0
0
0
0
0
0
0
0
0
0
0
0
0
0
0
0
0
0
0
0
0
0
0
0
0
0
0
0
0
0
0
0
0
0
0
0
0
0
0
0
0
0
0
0
0
0
0
0
0
0
0
0
0
0
0
0
0
0
0
0
0
0
0
0
0
0
0
0
0
0
0
0
0
0
0
0
0
0
0
0
47.6521034826337
-250
0
0.0014587942802109
0
-872.753898410386
0
0
127.193220296954
0
641.645466710862
-0.0014587942802109
372.273567811017
0
0
0
0.000896929035661742
0
0
-1000
999.99854120572
0
0
0
0
0
0
0
0
0
0
0
0
0
-1000
0.000896929035661742
0
0
0
0.00360338302527907
0
0
0
0
0
0
0
-0.00360338302527907
0
0
0
0
0
377.191761502674
1000
0
-127.191761502674
-127.191761502674
0
-47.6521034826337
1000
-0.0216202981516744
0
0
0.0014587942802109
-0.0014587942802109
0
0
127.246101589614
-127.246101589614
1000
0
0
0
-127.193220296955
-127.193220296955
-1000
0
-358.354533289138
-641.645466710862
-1000
0
-627.726432188983
-372.273567811017
-1000
0
0
0
0
0
-1000
0
0
0
0
0
-1000
1000
-1000
0
0
0
-1000
0
0
0
-1000
0
0
0
0
0
0
0
0
0
0
0
0
0
0
0
0
0
0
0
-1000
1000
-1000
0
-1000
0
-1000
0
-1000
0
0
0
0
0
0
0
0
0
-348.944276708674
0
1000
0
-1000
0
-1000
0
-1000
0
-1000
0
0
0
0
0
0
0
0
0
0
0
-1000
250
-250
-250
250
0
0
0
0
0
0
0
0
0
0
0
0
0
0
0
0
0
0
0
0
0
0
0
0
0
0
0
0
0
0
0.000896929035661742
-0.000896929035661742
0
0
0
0
0
0
0
0
0
0
0
0
0
0
0
0
0
0
0
0
0
0
0
0
0
0
0
0
0
0
0
0
0
0
0
0
0.000896929035661742
-0.000896929035661742
0
0
0
0
0
0
-0.00360338302527907
-0.00360338302527907
0
0
0
0
0
0
0
0
0
0
0
0
0
0
0
0
0.00360338302527907
0.00360338302527907
0
0
0
0
0
0
0
0
0
0
0
0
0
0
0
0
0
0
0
0
0
0
0
0
0
0
0
0
0
0
0
0
0
0
0
0
0
0
0
0
0
0
0
0
1.18020020131143
0.00360338302528203
0
0
0
0
0
0
0
0
0.14849419593655
0
0
0
0
0
0
0
0
0
0
0
0
0
0
0
0
0
0
0
0
0
0
0
0
0
0
0
0
0
0
0
0
0
0
0
0
0
0
0
0
0
0
0
0
0
0
0
0
0
0
0
0
0
0
0
0
0
0
0
0
0
0
0
0
0
127.246101589614
127.246101589614
127.246101589614
0
0
0
0
127.191761502674
127.191761502674
0
0
0
0
0
0
0
0
0
0
0
0
0
0
0
0
0
0
0
0
0
0
0
0
0
0
0
0
0
0
0
0
0
0
0
0
0
0
0
0
0
0
0
0
0
0
0
0
0
0
0
0
0
0
0
0
0
0
0
0
0
0
0
0
0
0
0
0
0
0
0
0
0
0
0
0
0
0
0
0
0
0
0
0
0
0
0
0
0
0
0
0
0
0
0
0
0
0
0
0
0
0
0
0
0
0
0
0
0
0
127.193220296955
127.193220296955
127.193220296955
127.193220296955
-127.193220296955
0
0
0
0
0
0
0
0
0
0
0
0
0
0
0
0
0
0
0
0
0
0
0
0
0
0
0
0
0
0
0
0
0
0
0
0
0
0
0
0
0
0
0
0
0
0
0
0
0
0
0
0
0
0
0.00360338302528203
0.00360338302528203
0.00360338302528203
0.00360338302528203
0.00360338302528203
0
0
0
0
0
0
0
0
0
0
0
0
0
0
0
0
0
0
0
0
0
0
0
0
0
0
0
0
0
0
0
0
0
0
0
0
0
0
0
0
0
0
0
0
0
0
0
0
0
14.7498269609775
14.7498269609775
-14.7498269609775
4.90820109326684
-2.45229885512083
2.45229885512078
2.45229885512078
2.45229885512078
2.45229885512078
2.45229885512078
2.45229885512078
2.45229885512078
2.45229885512078
2.45229885512078
2.45229885512078
2.45229885512078
0
2.45229885512083
2.45229885512078
2.45229885512078
2.45229885512078
2.45229885512078
2.45229885512078
2.45229885512078
0
0
0
2.45229885512078
0
2.45229885512078
2.44511297824717
0
0
0
0
0
0
0
0
0
0
0
0
0
0
0
0
14.7498269609775
14.7498269609775
4.90820109326684
4.90820109326684
0
0
0
0
0
0
0
0
0
0
0
0
0
0
0
0
0
0
0
0
0
0
0
0
0
0
0
0
0
0
0
0
0
0
0
0
0
0
0
0
0
0
0
0
0
0
0
0
0
0
0
0
0
0
0
0
0
0
0
0
0
0
0
0
0
0
0
0
0
0
0
0
0
0
0
0
0
0
0
0
0
0
0
0
0
0
0
0
0
0
0
0
0
0
0
0
0
0
0
0
0
0
0
0
0
0
0
0
0
0
0
0
0
0
0
0
0
0
0
0
0
0
0
0
0
0
0
0
0
0
0
0
0
0
0
0
0
0
0
0
0
0
0
0
0
0
0
0
0
0
0
0
0
0
0
0
0
0
0
0
0
0
0
0
0
0
0
0
0
0
0
0
0
0
0
0
0
0
0
0
0
0
0
0
0
0
0
0
0
0
0
0
1.18020020131143
1.18020020131143
1.18020020131143
0
0.0251819028230579
0.0251819028230579
0
-1.20538210413451
1.20538210413449
0.0251819028230579
0
0
0
0
0
0
0.0251819028230579
0
0.0251819028230579
0.0251819028230579
0
0
0
0
0
0
0
0
0
0
0
0
0
0
0
0
0
0
0
0
0
0
0
0
0
0
0
0
0
0
0
0
0
0
0
0
0
0
0
0
0
0
0
0
0
0
0
0
0
0
0
0
0
0
0
0
0
0
0
0
0
0
0
0
0
0
0
0
0
0
0
0
0
0
0
0
0
0
0
0
0
0
0
0
0
0
0
0
0
0
0
0
0
0
0
0
0
0
0
0
0
0
0
0
0
0
0
0
0
0
0
0
0
0
0
1.18020020131143
0.00360338302528203
0
0
0
0
0
0
0
1.55370564838226
0
0
0
0.974194619679582
0.974194619679582
0.974194619679582
0
0
0
0
0
0
1.33229778027326
0
0
0
0.00360338302528203
0
0
0
0
-1.33229778027328
1.33229778027326
0
0
0
0
0.365804303832254
0
0
0
0
0
0.242986387906772
0
0.221407868108996
0
0
0
0
0
0
0
0
0
0
10.8624625380083
10.8624625380083
10.8624625380083
0
0
0
0
-0.148494195936564
0
0
0
0
0
0
0
0
0
0
0
0
0
0
0
0
0
0
0
0
0
0
0
0
0
0
0
0
0
0
0
0
0
0
0
0
0
0
0
0
0
0
0
0
0
0
0
0
0
0
0
0
0
0
0
0
0
0
0
0
0
0
0
0
0
0
0
0
0
0
0
0
0
0
0
0
0
0
0
0
0
0
0
0
0
0
0
0
0
0
0
0
0
0
0
0
0
0
0
0
0
0
0
0
0
0
0
0
0
0
0
0
0
0
0
0
1000
0
0
1000
1000
0
0
0
0
0
0
0
0
0
0
0
0
0
0
0
0
0
0
0
0
0
0
0
0
0
0
0
0
0
0
0
0
0
0
0
0
0
0
0
0
0
0
0
0
0
0
0
0
0
0
0
0
0
0
0
0
0
0
0
0
0
0
0
0
0
0
0
0
0
0
0
0
0
0
0
0
0
0
0
0
0
0
0
0
0
0
0
0
0
0
0
0
0
0
0
0
0
0
0
0
0
0
0
0
0
0
0
0
0
0
0
0
0
0
0
0
0
0
0
0
0
0
0
0
0
0
0
0
0
0
0
0
0
0
0
0
0
0
0
0
0
0
0
0
0
0
0
0
0
0
0
0
0
0
0
0
0
0
0
0
0
0
0
0
0
0
0
0
0
0
0
0
0
0
0
0
0
0
0
0
0
0
0
0
0
0
0
0
0
0
0
0
0
0
0
0
0
0
0
0
0
0
0
0
0
0
0
0
0
0
0
0
0
0
0
0
0
0
0
0
0
0
0
0
0
0
0
0
0
0
0
0
0
0
0
0
0
0
0
0
0
0
0
0
0
0
0
0
0
0
0
0
0
0
0
0
0
0
0
0
0
0
0
0
0
0
0
0
0
0
0
0
0
0
0
0
0
0
0
0
0
0
0
0
0
0
0
0
0
0
0
0
0
0
0
0
0
0
0
0
0
0
0
0
0
0
0
0
0
0
0
0
1000
0
0
0
0
507.458618540446
0
0
0
0
0
0
0
0
0
0
0
0
0
0
0
0
0
0
0
0
0
0
0
0
0
0
0
0
0
0
0
0
0
0
0
0
0
0
0
0
0
0
0
0
0
0
0
0
0
0
0
0
0
0
0
0
0
0
0
0
0
0
0
0
0
0
0
0
0
0
0
0
0
0
0.164123652213114
0.164123652213114
0
0
0
0.164123652213107
0
0.164123652213114
-224.693454169405
0
0
0
0.0252497926481684
0
0
0
0
0
0
0
224.693454169405
0
0
0
0
0
0.99315851082838
0
0
0
0
0
0
0.99315851082838
0.99315851082838
0.99315851082838
0.99315851082838
0
0
0
0
0
0
0
0
0
0
0
0
0
0
0
0
0
0
0
0
0
0
0
0
0
0
0
0
0
0
0
0
0
0
0
0
0
759.677633728947
759.677633728947
0
0
0
0
0
0
0
0
0
0
0
0
0
0
0
0
0
0
0
0
0
0
0
0
0
0
0
0
0
0
0
0
0
0
0
0
0
0
0
0
0
0
0
0
0
0
0
0
0
1000
422.945460750357
-1000
0
0
0
-1000
307.511078354959
1000
425.361727939752
0
0
0
392.767133559677
-1000
0
0
0
0
0
0
0
0
0
0
0
0
0
0
0
0
0
0
0
0
0
0
0
0
0
0
0
0
0
0
0
0
0
0
0
0
0
0
0
0
-307.511078354959
0
0
1000
0
0
0
0
0
0
0
0
0
0
0
0
0
0
-999.996396616975
-1000
1000
-1000
1000
999.996396616975
-1000
0
0
0
0
0
0
0.00360338302527907
0
0
0
0
0
0
0.0288270642022563
0.0144135321011281
0.00360338302528203
0.00360338302528203
0.00360338302528203
0.00360338302528203
0
0.00360338302528203
0
0
0
0
0
0
0
0.0143821983356909
0
0.00360338302528203
0.0215785197977759
1000
0.00179646921840148
0.00179646921840148
0.00360338302527907
0
0.0125857291172894
0.00179646921840148
0.0269783720414799
-0.00179646921844778
0.00179646921840148
0.00179646921840148
0.00179646921840148
0.00179646921840148
0.00179646921840148
-0.00179646921844778
-0.00359293843678188
0.00179646921840148
0.00179646921840148
0.00179646921844778
0.00179646921840148
-0.00539985224372685
-0.00539985224372685
0.00360338302527907
0.00360338302527907
0.00179646921840148
0.00179646921840148
0.00360338302528203
0.00360338302528203
-0.00360338302527907
-0.00360338302527907
0.00360338302527907
0.00360338302527907
0.00179646921840148
0.00179646921840148
0.00179646921840148
0.00179646921840148
0.0449848425794244
-0.00539985224372685
-999.974818097177
0
0
0
0
0
0
-1000
0
0
0
0.00360338302528203
0
0
0
0
0.00180169151264102
0.00360338302527907
0.00360338302527907
0
0
0.00360338302528203
0.00360338302528203
0
0
0
0
0
0
0.00718587687360591
0.00179646921840148
0.00538940765520443
0.00179646921840148
-0.00179646921844778
0.00179646921840148
0.00179646921840148
0.00179646921840148
0.00179646921840148
0.00179646921840148
0.00179646921840148
0.00359293843680295
0.00179646921840148
0.00179646921840148
0.00179646921840148
0.00179646921840148
0.00179646921840148
0
0.00179646921840148
0.00360338302528203
0
0.00360338302528203
0
0.00360338302528203
0.00360338302528203
0.00360338302528203
0.00360338302528203
0.00360338302528203
0.00360338302528203
0
0.00360338302528203
0
0.00360338302528203
0.00360338302528203
0.00360338302528203
0.00360338302528203
0.00360338302528203
0
0
0
0
0
0
0
0
0
0
0
0
0
0
0
0
-0.00360338302527907
0
0
0
0
0
0
0
0
0
0
0
0
0
0
0
0
0
0
0
0
0
0
0
0
0
0
0
0
0
0
0
0
0
0
0
0
0
0
0
0
0
0
0
0
0
0
0
0
0
0
0
0
0
0
0
0
0
0
0
0
0
0
0
688.644636467901
500
0
0
0
0
0
0.00360338302528203
0
0
0
0
0
0
0
0
0
0
0
1000
0
0
0
0
0
0
0
0
0
0
0
-1000
0
0
0
-377.191761502674
0
0
0
0
0
0.00145879428026108
0
0
0
0
0.00145879428026108
0
0
0
0.00291758856052215
0
0.00145879428026108
0
0
0
0
0
0
0
0
0.00145879428026108
0.00145879428026108
0
0.00145879428026108
0.00145879428026108
0
0.00145879428026108
0.00145879428026108
0.00145879428026108
0.00145879428026108
0.00145879428026108
0.00145879428026108
0
0.00145879428026108
0.00145879428026108
0.00145879428026108
0.00145879428026108
0
0.00145879428026108
0.00145879428026108
0.0306346798854826
0.0100143932872726
0.0419403355575059
0.0423050341275712
0.0215172156338509
0.00145879428026108
0.00145879428026108
0.104989585503427
0.00145879428026108
0.00145879428026108
0.00145879428026108
0.00145879428026108
0.69839776167499
0.0105762585318928
0.473378743944719
0
0.015360942618112
0.00145879428026108
0.00145879428026108
0
0.00145879428026108
0.00145879428026108
0.00145879428026108
0
-1000
0
0
1000
0
0
0
0
-522.862461491735
-1000
0
0
0
-967.405405619925
1000
224.857577821618
0
758.345335948674
970.518849090298
-1000
-1000
0
0
1000
0
0
0
0
-34.9860931211326
1000
0
0
0
0
-970.518849090298
1000
-0.00360338302527907
0
0
-3.6269616837734
0
29.4811509097021
0
0
0
-999.987424715471
1000
1000
-1000
-1000
32.5945943800755
0
1000
1000
0
-1000
0
0
1000
1000
-1000
1000
0
1000
0
0
131.189746206043
1000
1000
1000
0
0
0
0
0
-458.426181789946
0
0
0
0
0
0
0
0
0
15.3756054524409
0
1000
0
0
0
0
0
410.897065006542
0
0
0
0
1000
0
0
0
0
0
0
0
0
-1000
-1000
1000
-1000
1000
-1000
-1000
-1000
-1000
-1000
-1000
153.607318686498
-1000
-1000
1000
-38.7478130499902
-1000
-1000
-1000
1000
1000
-1000
-1000
-1000
1000
1000
1000
1000
1000
1000
1000
1000
-1000
-1000
-1000
-1000
1000
-1000
-1000
-1000
-899.754846556122
-1000
-1000
1000
-1000
-1000
-1000
-1000
-1000
635.987379287064
-1000
147.006727683956
1000
1000
1000
-1000
-1000
-1000
-1000
-1000
-22.1291123721271
-1000
-1000
-1000
-1000
-1000
-1000
-1000
-936.927626888517
-1000
-1000
-991.060650520179
-1000
-1000
979.036910170707
-1000
-1000
1000
-1000
-737.153649782657
-1000
-1000
-1000
-1000
-1000
1000
-986.71482725565
1000
-1000
1000
1000
1000
-10.2774707115016
-1000
1000
1000
1000
1000
-1000
-894.176363907289
-1000
-1000
1000
-1000
1000
1000
-1000
-899.754846556122
-1000
1000
1000
1000
1000
1000
1000
1000
1000
1000
-1000
-801.062480830659
165.413140559799
-1000
1000
-1000
1000
777.213546852684
-1000
-1000
0
0
0
0
0
0
0
0
0
0
0
0
0
0
0
0
0
0
0
0
0
0
0
0
0
0
0
0
0
0
0
0
0
0
0
0
0
0
0
0
0
0
0
0
0
0
0
0
0
0
0
0
0
0
0
0
0
0
0
0
0
0
0
0
0
0
0
0
0
0
0
0
0
0
0
266.742171801532
0
0
0
0
0
0
0
0
0
0
0
0
0
0
0
0
0
0
0
0
0
0
0
0
0
0
0
0
0
0
0
0
0
0
0
0
0
0
0
0
0
0
0
0
0
0
0
0
0
0
0
0
0
0
0
0
0
0
0
0
0
0
0
0
0
0
0
0
0
0
0
0
0
0
0
0
0
0
0
0
0
0
0
0
0
0
0
0
0
0
0
0
0
0
0
0
0
0
0
0
0
0
0
0
0
0
0
0
0
0
0
0
0
0
0
0
0
0
0
0
0
0
0
0
0
0
0
0
0
0
0
0
0
0
0
0
0
0
0
0
0
0
0
0
0
0
0
0
0
0
0
0
0
0
0
0
0
0
0
0
0
0
0
0
0
0
0
0
0
0
0
0
0
0
0
0
0
0
0
0
0
0
0
0
0
0
0
0
0
0
0
0
0
0
0
0
0
0
0
0
0
0
0
0
0
0
0
0
0
0
0
0
0
0
0
0
0
989.306882538062
777.213546852684
0
0
0
0
0
0
0
0
0
0
0
0
0
0
0
0
0
0
0
0
0
0
0
0
0
0.00360338302528203
0
0
0
0
1000
-1000
-1000
1000
1000
1000
1000
0
-1000
-1000
500.562791503652
-1000
1000
901.336587807953
1000
1000
-1000
-1000
1000
-1000
1000
-1000
1000
-1000
-1000
-1000
-1000
499.437208496348
1000
1000
-1000
1000
-500.562791503652
-1000
-499.437208496348
1000
1000
-1000
-846.08119334576
-1000
-1000
1000
-1000
-1000
-1000
1000
-1000
1000
-1000
-901.286213557718
-1000
-1000
-1000
-1000
-1000
0
0
0
0
0
1000
0
0
0
0
-1000
0
0
0
-1000
0
0
-1000
-1000
0
0
0
0
0
0
0
0
0
0
0
0
0
0
0
0
0
-0.00360338302527907
0.00360338302528203
0
0
-0.00360338302527907
-0.00360338302527907
0
0
0
0
0
0
0
0
0
0
0
0
0
0
0
0
0
0
0
0
0
0
0
0
0
0
0
0.00360338302528203
0
0
1000
-84.3740083316131
1000
-1000
915.625991668387
0
0
0
0
0.365804303832306
0
0
0
0
224.693454169405
0
0
0
0
0
0
0
0
0
0
0
0
0
1000
0
0
0
0.00360338302528203
0
0
0
156.371105509361
380.497927355728
1000
0
0
0
0
0
-1000
0
0
0
0
0
0
1000
0
0
0
0
0
0
0
0
0
0
0
0
0
0
0
0
0
0
0
0
0
0
0
0
0
0
0
0
0.99315851082838
0.00360338302528203
0
0
0
0
0
1000
0
0
0
0
1.94838923935916
0
0
0
0
1000
0
-165.413140559799
0
0
0
0
0
0
0
0
0
-0.0288270642022326
0
0.00360338302527907
0
1000
-1000
1000
-1000
0
1000
30.1097423538126
0
-1000
-30.1097423538125
0
-1000
1000
-1.94838923935879
135.448170988084
0
0
0
0
-745.475539425056
1000
0
0
0
0
0
0.00360338302527907
0
0
1000
0
834.586859440201
0
0
165.474398071229
0.0288270642022326
0
-1000
0
0
-1000
0.00360338302528203
-1000
1000
0
0
0
0
0
0
0
0
0
0
745.618621583396
-508.844581480118
1000
0
0
0
0
0
0
0
0
0
0
0
1000
1000
0
0
0
656.58753757505
0
0
0
0
0
0
0
0
0
0
0.974194619679582
0
0.00360338302528203
-0.00360338302527907
0.00360338302528203
0.00360338302528203
0
0
254.381378416604
-254.381378416604
0.00360338302527907
0
0
0
0.974194619679565
0
0
-0.0108101490758372
-1000
-1000
-1000
1000
-1000
1000
0
0
-1000
-343.41246242495
-569.436378528583
-569.436378528583
0
0
0
0
0
0
0
0
0
0
0
0
0
0
0
0
0
0
0
0
0
0
0
0
0
912.848840953533
0
0
0
0
0
0.00179646921840148
0
1000
0
0
0
0
0
0
0.00360338302528203
-1000
1000
0
0
0
0
0
0
0
0
0
0
-1000
0
250
0
0
0
0
0
0
0
0
0
0
0
1000
0
0
0
1000
0
0
0
0
0
0
0
0
0
0
0
0
0
0
0
0
0
0
0
0
0
0
0
0
0
0
2.32392093659496
0
0
0
0
0
0
0
0
0
0
0
0
0
0
0
0
0
0
0
0
0
0
0
0
0
0
0
0
0
0
0
0
0
0
0
0
0
0
0
0
0
0
0
0
0
0
0
0
0
0
0
0
0
0
0
0
0
0
0
0
0
0
0
0
0
0
0
0
0
0
0
0
0
0
0
0
0
0
0
0
0
0
0
0
0
0
0
0
0
0
0
0
0
0
0
0
0
0
0
0
0
0
0
0
0
0
0
0
0
0
0
0
0
-999.987424715471
0
0.00179646921844778
0
0.0197716059908544
0
0
-0.0125752845287934
0
1000
0
0
0
0
0.0161786675540725
0
0
0
0
0
0
0
0
0
0
0
0
0
0
0
0
0
0
0
0
0.00360338302528203
0.00360338302528203
0.00360338302528203
1000
-1000
0
-47.6521034826337
-1000
0
0
0
0
0
0
-1000
0
0
0
0
0
0
0
0
0
0
0
-1000
388.369876057851
768.891568300476
-231.108431699524
-1000
-1000
-1000
-1000
-1000
-1000
0
0
0
0
0
0
0
0
0
-1000
-1000
0
1000
0.394683590976906
0.00360338302528203
0.00360338302528203
0.00360338302528203
0.00360338302528203
0.00360338302528203
0
0
0
1000
0
0
0.564918085031102
0
0
0
0
0
0
0.394968551380686
0
0
0
0
0
-1000
0
0
0
0
0
0
1000
-999.99854120572
0
1000
0
0
-1000
0
0
0
0
0
0
0
0
0
250
0
0
0
0
0
0
0
0
0
0
0
0
0
0
0
0
0
0
0
0
0
0
0
0
0
0
0
0
0
0
0
0
0
0
0
0
0.00360338302528203
392.767133559677
0
0
0
0
0
0
0
0
0
-1000
0
0
0
0
0
0
0
864.551829011916
1000
-348.944276708674
-1000
-1000
-1000
1000
0
0.0215785197977759
0
0
0
0
-687.257788981279
-1000
-345.227462803557
0
224.693454169405
0
0
0
999.978379701848
14.8995396922366
0
0
0
0
0
0.579511028702676
0.579511028702676
0
-999.985628246253
0
0
0
0
0
0
0
0
-1000
0
0
0
0
0
0
0
1000
0.00360338302528203
0
0
0
0
0
0
0
0
0
-915.625991668387
0
0
1000
0
0
0
1000
0
0.00538940765520443
0
0
-641.645466710862
0
-1000
0
0
0
-1000
-1000
0
0
0
0
-127.193220296955
0
1000
127.191761502674
-1000
1000
-1000
1000
-1000
1000
-750
0
0
0
0
-1000
-1000
0
0
-1000
0
0
0
388.369876057851
0.000896929035640852
0
0
0
0
0
0
0
0
0
656.58753757505
0
656.58753757505
0
0
0
0
0
0
0
0
0
1000
745.618621583396
969.890257646187
-1000
745.618621583396
-1000
-1000
1000
0
0
0
0
0
0
0
0
-1000
-507.458618540446
0
1000
0.00179646921840148
0.00179646921840148
0
42.7512629812277
-1000
0
0
372.273567811017
0
0
0
0
0
0
0
0
0
0
0
0
0
0
0
0
0
0
0
0
0
0
0
0
0
0.00360338302527907
0
0
0
0
0
0
0
0
0
0
0
0
0
0
0
0
0
0
0
0
0
0
0
0
0
0
0
0
0
0
0
0
0
0
0
0
0
0
0
0
0
0
0
0
0
0
-1000
0
-1000
0
0
0
0
0
0
-1000
0
0
0
0
0
0
0
0
0
0
0
-1000
0
0
0
0
0
0
0
0
0
0
0
0
0
1000
0
0
0
1000
0
0
0
0
0
0
0
0
0
0
0
0
0
0
0
127.191761502674
0
0
0
0
0
0
0
0
0
0
0
0
0
0
0
0
0
0
0
0
0
0
0
0
127.191761502674
0
0
0
0
0
0
0
0
0
0
0
0
0
0
0
0
0
0
0
0
0
0
0
0
0
0
0
0
0
0
0
0
0
0
0
0
0
0
0
0
0
0
0
0
0
0
0
0
0
0
0
0
0
0
0
0
0
0
0
0
0
0
0
0
0
0
0
0
0
0
0
0
0
0
0
0
0
0
0
0
0
0
0
0
0
0
0
0
0
0
0
0
0
0
0
0
0
0
0
0
0
0
0
0
0
0
0
0
0
0
0
0
0
0
0
0
0
0
0
0
0
0
0
0
0
0
0
0
0
0
0
0
0
0
0
0
0
0
0
0
0
0
0
0
0
-1000
0
0
0
0
0
0
0
0
0
0
0
0
0
0
0
0
0
0
0
0
0
0
68.1293196421159
68.1293196421159
0
-98.5401525570674
0
704.846853634971
-1000
295.317270017242
0
0
0
-1000
-1000
0
0
0
0
1000
0.0216202981516744
0
0
0
0
0
0
0
0
0
0
0
0
0
0
0
-32.5981977631008
0
0
0
0
0
0
0
0
0
0
0
0
0
0
0
0
0
0
0
0
0
0
0
0
0
0
0
0
0
0
0
0
0
0
0
0
0
0
0
0
0
0
0
0
0
0
0
0
0
0
0
0
0
0
0
0
0
0
0
0
0
0
0
0
0
0
0
0
0
0
0
0
0
0
0
0
0
0
0
0
0
0
0
0
0
0
0
0
0
0
0
0
0
0
0
0
0
0
0
0
0
0
0
0
0
0
0
0
0
0
0
0
0
0
0
0
0
0
0
0
0
0
0
0
0
0
0
0
0
0
0
0
0
0
0
0
0
0
0
0
0
0
0
0
0
0
0
0
0
0
0
0
0
0
0
0
0
0
0
0
0
0
0
0
0
0
0
0
0
0
0
0
0
0
0
0
0
0
0
0
0
0
0
0
0
0
0
0
0
0
0
0
0
0
0
0
0
0
0
0
0
0
0
0
0
0
0
0
0
0
0
0
0
0
0
0
0
0
0
0
0
0
0
0
0
0
0
0
0
0
0
0
0
0
0
0
0
0
0
0
0
0
0
0
0
0
0
0
0
0
0
0
0
0
0
0
0
0
0
0
0
0
0
0
0
0
0
0
0
0
0
0
0
372.273567811017
0
0
0
0
0
0
0
0
0
0
0
-1000
0
0
0
0
0.00360338302527907
-245.11484652686
0
0
0
0
0
0
0
0
0
0
0
0
0
0
0
0
0
0
0
0
0
0
0
0
0
0
0
0
0
0
0
0
0
0
0
0
0
0
0
0
0
0
0
0
0
0
0
0
0
0
0
0
0
0
0
0
0
0
0
0
0
0
0
0
0
0
0
0
0
0
0
0
0
0
0
0
0
0
0
0
0
0
0
0
0
0
0
0
0
0
0
0
0
0
0
0
0
0
0
0
0
0
0
0
0
0
0
0
0
0
0
0
0
0
0
0
0
0
0
0
0
0
0
0
0
0
0
0
0
0
0
0
0
0
0
0
0
0
0
0
0
0
0
0
0
0
0
0
0
0
0
0
0
0
0
0
0
967.401802236899
0
0
281.379784209554
0
0
0
0
0
0
0
1000
0.00360338302527907
0
0
-1000
380.523151036905
0
0
0
0
0
0
0
0
0
0
0
0
0
0
0
1000
0
-1000
0
0
1000
0
0
0
0
0
0
0
0
0
0
0
0
0
0
0
0
0
0
0
0
0
0
0
0
0
0
0
0
0
0
0
0
0
0
0
0
0
0
0
0
0
0
0
0
0
0
0
0
0
0
0
0
0
0
0
0
0
0
0
0
0
0
0
0
0
0
0
0
0
0
0
0
0
0
0
0
0
0
0
0
0
0
0
0
0
0
0
0
0
0
0
0
0
0
0
0
0
0
0
0
0
0
0
0
0
0
0
0
0
0
0
0
0
0
0
0
0
0
0
0
0
0
0
0
0
0
0
0
0
0
0
0
0
0
0
0
0
0
0
0
0
0
0
0
0
0
0
0
0
0
0
0
0
0
0
0
0
0
0
0
0
0
0
0
0
0
0
0
0
0
0
1000
500
87.0382373256529
-3.64698570065264
0
0
-0.974194619679565
0
0
464.566591725673
19.2528580964344
42.0829877469532
0.104445884790784
87.0382373256529
0
0
0
0
0
0
0
0
0
0
0
0
0
0
0
0
0
0
0
0
0
0
0
0
0
1000
-1000
-345.227462803557
-654.772537196443
0
0
834.554428992973
0
-1000
0
500
-250
0
0
0
0
0
0
0.00360338302528203
0
0
0
0
0
0
0
0
0
0
0
0
0
0
0
0
377.191761502674
0
0
0
0
-999.987424715471
-0.698397761674983
-0.030634679885452
0
-10.693117461938
-20.9630898292936
-1000
966.475621390458
22.1291123721271
-262.846350217343
-147.006727683956
-4.59483558665897
-31.3569219602756
-565.610121089938
-1000
0
0
0
0
-1000
-38.7478130499902
-17.4717467750091
-861.007033506131
-13.2851727443502
-10.2774707115016
-23.8489339779749
420.34949048803
141.421455168786
-488.980651603108
0
1000
-1000
345.227462803557
0
1000
-0.00360338302527907
0
687.257788981279
-1000
0
0
0
0
0.365804303832306
0
1000
834.586859440201
0
0
0
0
0
0
0
0
0
999.996396616975
-1000
0
0
0
0
0
0
0
0
0
0
0
0
0
0
0
0
1000
0
252.632593096521
0
0
0
1000
224.693454169405
-0.00360338302527907
-0.00360338302527907
-0.99315851082838
607.232866440323
0
0
-0.00360338302527907
0
-0.00360338302527907
0
0
0
-0.00360338302527907
0
0
0
-0.00360338302527907
0
0
0
0
0
0
0
0
0
0
0
401.899379311605
0
0
0
0
0
392.763530176651
0
0
0
0
0
0
0
32.5945943800755
0
0
0
-500.562791503652
0
1000
0
0
-0.00360338302527907
0
0
0
0
0
0
0
0
0
0
0
0
0
0
-619.502072644272
-3.6269616837734
0
-1000
-1000
0
0
0
0
0
29.4811509097021
0
0
0
2.45229885512083
0
0
0
0
0
0
-1000
0
0
0
0
1000
1000
224.857577821618
0
0
758.345335948674
1000
0
0
0
0
0
0
0
0
0
-1000
-1000
0
0
0
0
0
0
-0.0503742502347677
0
0
0
0
-1000
-970.518849090298
1000
0
0
0
0
0
0
970.518849090298
-1000
-1000
-34.9860931211326
0
0
0
0
0
0
0
0
0
0
1000
0
-0.0153609426181447
-0.0014587942802109
0
-458.426181789946
-0.0215172156338213
-0.104989585503404
0
-0.47337874394475
-0.0419403355574559
0
0
0
0
0
-0.0014587942802109
-967.401802236899
-0.00291758856053548
-0.0014587942802109
0
-0.0105762585318416
0
-0.0014587942802109
0
0
0
-14.8995396922367
0
0
-0.0014587942802109
-0.0100143932872925
0
-0.0014587942802109
-0.0014587942802109
-0.0014587942802109
-0.0014587942802109
-0.0423050341275939
0
0
0
0
0
-1000
1000
0
0
-1000
1000
-0.00360338302527907
-1000
750
-750
0
0
0
-1000
0
0
1000
0
0
0
0
0
0
0
0
0
0
0
0
0
0
0
0
-1000
1000
-42.7512629812277
42.7512629812277
1000
-1000
0
-1000
1000
-0.0014587942802109
-0.0014587942802109
0
0
0
0
967.401802236899
295.153146365029
-295.317270017242
1000
0.0216202981516744
0
0
0
0
0
-1000
-1000
0
0
0
0
0
0
0
0
0
0
0
0
0
0
0
0
0
0
0
0
0
0
0
0
0
0
0
0
0
0
0
0
0
0
0
0
0
0
0
0
0
0
0
0
0
0
0
0
0
0
0
0
0
0
0
0
0
0
0
0
0
0
0
0
0
0
0
0
0
0
0
-0.0014587942802109
0
0
0
0
0
0
0
0
0
0
0
0
0
0
0
0
0
0
0
0
0
0
0
0
0
0
0
0
0
0
0
0
0
0
0
0
0
0
0
0
0
0
0
0
0
0
0
0
0
0
0
0
0
0
0
0
0
0
0
0
0
0
0
0
0
0
0
0
0
0
0
0
0
0
0
0
0
0
0
0
0
0
0
0
0
0
0
0
0
0
0
0
0
0
0
0
0
0
0
0
0
0
0
0
0
0
0
0
0
0
0
0
0
0
0
0
0
0
0
0
0
0
0
0
0
0
0
0
0
0
0
0
0
0
0
0
0
0
0
0
0
0
0
0
0
0
0
0
0
0
0
0
0
0
0
0
0
0
0
0
0
0
0
0
0
0
0
0
0
0
0
0
0
0
0
0
0
0
0
0
0
0
0
0
0
0
0
0
0
0
0
0
0
0
0
0
0
0
0
0
0
0
0
0
0
0
0
0
0
0
0
0
0
0
0
0
0
0
0
0
0
0
0
0
0
0
0
0
0
0
0
0
0
0
0
0
0
0
0
0
0
0
0
0
0
0
0
0
0
0
0
0
0
0
0
0
0
-281.379784209554
0
1000
0
0
0
245.11484652686
0
0
0
0
0
0
0
0
0
0
0
0
0
0
0
0
0
0
0
0
0
0
0
967.401802236899
0
-380.523151036905
0
0
-0.00360338302527907
0
0
0
0
0
0
0
0
1000
0
0
0
0
0
-1000
0
0
0
0
0
0
0
0
0
0
0
0
0
0
0
0
0
0
0
0
0
0
0
0
0
0
0
0
0
0
0
0
0
0
0
0
0
0
0
0
0
0
0
0
0
0
0
0
0
0
0
0
0
0
0
0
0
0
0
0
0
0
0
0
0
0
0
0
0
0
0
0
-0.0014587942802109
-0.0014587942802109
-0.0014587942802109
0
-0.0014587942802109
0
0
-0.0014587942802109
-0.0014587942802109
-0.0014587942802109
-0.0014587942802109
0
-0.0014587942802109
-0.0014587942802109
-0.0014587942802109
-0.0014587942802109
-0.0014587942802109
-0.0014587942802109
-0.0014587942802109
0
-0.0014587942802109
-0.0014587942802109
-0.0014587942802109
-1000
87.038237325653
0
0
0
0
0
0
0
0
0
0
0
0
0
