0
0
0
0
0
0
0
46.5234257372138
-48.2137589178798
32.596080371063
0
0
0
199.292696388771
0
0
999.742867022393
-999.742867022392
999.940985873992
0
0.0590141260082877
0
-1000
0.370945934909287
0
1000
-201.764909634227
0
-35.8306694103948
0.0243031138514851
0
0
0
0
0
0
0.0325000530261035
0
0
0
35.4137065808339
0
0
0
0
0
250
0
250
0
250
0
250
0
250
0
250
0
0
0
0
250
0
0
0
0
35.8306694103947
0
0
0
0
0
0
0
-997.451482509655
-997.451482509655
0
0
0
0
0
-1000
0
0
0
0
0
0
0
0
0
0
0
0
0
0
0
0
0
0
0
0
0
0
0
0.00360937334427997
0
967.403919628937
0
0
0
0
0
0
0
0
0
1000
0
0
0
0
0
0
0
0
0
0
0
0
0
0
0
0
0
0
-1000
0
0
0
0
0
0
-1000
0
0
0
0
-14.7743472986825
0
0
0
0
0.715584420382697
0
0
0
-204.395253536311
0
0
598.529295094943
1000
1000
401.462274315627
0
0
0
-1000
401.462274315627
600.754970704399
1000
-800.707303611229
0
204.395253536311
1000
0
0
0
0
0
1000
-1000
0
0
0
0
0
-3.97016682687172
0
0
0
0
0
0
0
411.027362767439
-1000
0
0
0
284.189091504488
0
0
0
0
633.629241098117
633.629241098117
0
0
0
0
-637.603623219703
0
-999.995784705285
0
0
0
0
0
0
0
0
0
0
715.553775517905
-637.603623219703
0
0
-1000
0
998.761750420828
0.465556851653503
0
0
0.694725904135974
0.0779668233829515
0
0
637.603623219703
0
0
1000
0
0
-1000
0
0
0
0
0
0
0
0
0
0
-901.068740345009
0
-1000
1000
-1.08592530575083
997.451482509655
999.996390626656
-445.003160141397
1000
-1000
-1000
-0.975814135700261
1000
0.694725904136021
0
-1000
1000
0
-0.698335277480282
1000
0
0
1000
0
0.181257672739741
0
-0.181257672739775
0
0.00179945569627871
0
0
0
0
0
0
0
0
0
0
160.089579351951
0
0
0
0
0
0
1000
0
1000
0.396020617700307
0
0
1000
0
-0.181257672739775
0
-0.694725904136021
0
0
0.694725904136021
0
0
0
-0.00360937334426126
0
0
0
-1000
0
0
0
-1000
0.694725904136021
0
-1000
-0.975814135700261
0
0
0
2.26115644689309
0
0
0
0.00360937334428001
0
0
0
0
0
0
0
0
0
2.32778425826751
0
9.79936144678909
0
0
0
0
0
0
0
0
-283.559138158954
894.435210760242
1000
-1000
-1000
1000
-1000
1000
-1000
-1000
1000
-999.534443148346
1000
-160.556935659301
1000
0
0
0
0
0
0
-1000
0
1000
-1000
-1000
0
-1000
0
0
1000
-1000
0
0
0
0
0
0
0.975814135700224
-1000
-1000
1000
-1000
1000
-1000
-0.387590028270552
-1000
-1000
1000
1000
1000
0
-1000
1000
-1000
-1000
1000
0
-5.56629274776469
1000
1000
-1000
1000
1000
0
0
0
0
0
1.94080015136763
0
0
0
0
0
0
1000
-297.512642227348
0
0
-29.6118089366194
-0.0885211890124538
0
0
0
0
0
0
0
0
0
0
0
0
0
0
0
0
0
0.00360937334427997
0
0
781.052430725598
24.2509715259985
-805.303402251596
0
805.303402251596
0
0
0
0
0
0
0
0
0
0
0
0
0
0
0
0
0
0
0
0
0
0
0
0
0
0
0
0
0
0
0
0
0
0
0
0
0
0
0
0
-1000
-0.00360937334426126
0.105382367871925
0.105382367871925
0
-999.305274095864
0
0
0
0
-138.045026336832
0
0
0
0
0
32.6523895051355
0
0
0
0
-350.168465818769
0
0
0
0
0
0
0
0
0
0
0
0
0
0
0
0
0
0
0
0
0
0
0
0
0
0
0
0
0
0
0
0
0
0
0.16439649388023
0
0
0
-1000
0
0
0
0
0
0
1000
0
0
0
0
0
0
0
0
0
0
0
0
0
0
0
0
0
0
0
0
0
0
0
0
0
-73.3494465528702
0
0
0.16439649388023
0
0
0
0
0
0
0
0
0
1000
0
0
0
0
0
0
0
0
0
0
0
0
0
0
0
0
0
0
0
0
0
0
0
0
0
0
0
0
0
0
0
0
-1000
0
0
0
0
0
0
0
0
0
0
0
0
0
0
0
0
0
0
0
0
0
0
0
0
0
0
0
0
0
0
0
0
0
0
0
0
0
0
1000
0
0.00421529471487769
500
0
0
0
0.762968343392862
0.762968343392862
0
172.570491420688
0
0
0
0
0
0
0
0
0
0
0
0
0
0
0
0
0
0
0
0
0
0
0
0
1000
0
0
0
0.00360937334426126
0
0
1000
0
0
0
0
2.1919532517364
0
0
2.1919532517364
0
0
0
0
0
0
0
0
0
0
2.1919532517364
0
2.1919532517364
0
0
0
13.0760229305592
37.2736454355086
23.8253513894886
17.4502085372231
25.8728425245228
8.51570176616488
19.9165046771507
36.4360354257219
33.550934280901
10.6097267906317
20.567979129207
42.392373273094
33.4578665020358
10.3305234540361
17.124471311195
23.7322836106234
30.7589009149453
24.8956308464383
4.56032116439431
31.0381042515409
0
0
0
0
0
0
0
0
0
0
0
0
0
0
0
0
0
0
0
0
0
0
0
0
0
0
0
0
0
0
0
0
0
0
0
0
0
0
0
0
0
0
0
0
0
0
0
0
0
0
0
0
0
0
0
0
0
0
0
0
0
0
0
0
0
0
0
0
0
0
0
0
0
0
0
0
0
0
0
0
0
0
0
246.799004800021
0
0
246.799004800021
0
0
0
0
0
-1000
0
0
0
0
0
32.6523895051356
-105.564789239758
-105.564789239758
1000
1000
0
0
0
0
0
181.811891622648
0
-0.0885211890124538
-211.575451169003
-181.963642232384
-1000
0
-787.876560518063
350.168465818769
-787.994588770079
1000
1000
181.820322212078
1000
0
0
818.188108377352
0
-1000
-1000
-1000
0
0
0
350.168465818769
350.168465818769
787.876560518063
0
0
0
0
0
0
0
0
0
0
0
1000
106.547822122147
1000
1000
0
0
9.55874418059913
2.51262757572912
5
0
0
0
0
0
0
5.81542821715175
0
393.939351632634
0
0
-0.00146662613883564
0
0
0
0
-0.00146662613883564
274.210256410259
105.525086132971
0
-0.00146662613883564
0.00146662613883564
-0.00146662613883564
-0.545429598528131
0
-0.0916641336757493
0
-1000
0
0
-0.00146662613883564
-0.00146662613883564
0.00146662613883564
-0.00146662613883564
0.00146662613883564
-0.00146662613883564
-0.00146662613883564
-0.00146662613883564
-0.00146662613883564
-0.00146662613883564
-0.00146662613883564
-0.00146662613883564
-0.00146662613883564
-0.00146662613883564
-0.00146662613883564
-0.00146662613883564
-0.0307991489150936
0
-0.0421655014908993
0
-0.0216327355474277
0.00146662613883564
5.81689484329058
-0.139113130025521
0.00146662613883564
0.00146662613883564
0.00146662613883564
0.00146662613883564
-0.702147263956249
-0.0106330395063878
-0.078831154961108
-0.397089027083325
-0.0249376660966618
0.00146662613883564
0.00146662613883564
0.0139329483187112
0.00146662613883564
0.00146662613883564
-0.00146662613883564
0
0
0
0
0
0
0
0
0
0
0
0
0
0
0
0
0
0
0
0
0
0
0
0
0
0
0
0
0
0
0
0
0
0
0
0
0.00528851659578322
0
0
0
0
0
0
0
0
0
0
0
0
0
0
0
0
0
0
0
0
0
0
0
0
0
0
0
0
0
0
0
0
0
0
0
0
0
0
0
1000
0
0
0
0
0
0
0
0
0
0
0
0
0
0
0
0
0
0
0
0
0
0
0
0
0
0
0
0
0
0
0
0
0
0
0
0
0
0
0
0
0
0
0
0
0
0
0
0
0
0
0
0
0
0
0
0
0
0
0
0
0
0
0
0
0
0
0
0
0
0
0
0
0
0
0
0
0
0
0
0
0
0
0
0
0
0
0
0
0
0
0
0
0
0
0
0
0
0
0
0
0
0.00146662613881196
341.476334092082
0.00146662613881196
0
0
0
0
0
0
0.00146662613881196
0.00146662613881196
0
0
0
0
0
0
0
0
0
0
0
0
0
0
0
0
0
0
0
0
0
0
0
0
0
0
0
0
0
0
0
0
0
0
0
0
0
0
0
0
0
0
0
0
0
0
0
0
0
0
0
0
0
0
0
0
0
0
0
0
0
0
0
0
0
0
0
0
0
0
0
0
0
0
0
0
0
0
0
0
0
0
0
0
0
0
0
0
0
0
0
0
0
0
0
0
0
0
0
0
0
0
0
0
0
0
0
0
0
0
0
0
0
0
0
0
0
0
0
0
0
0
0
0
0
0
0
0
0
0
0
0
0
0
0
0
0
0
0
0
0
0
0
0
0
0
0
0
0
0
0
0
0
0
0
0
0
0
0
0
0
0
0
0
0
0
0
0
0
0
0
0
0
0
0
0
0
0
0
0
0
0
0
0
0
0
0
0
0
0
0
0
0
-1000
0
0
0
0
0
0
0
0
0
0
0
0
0
0
0
0
0
0
0
0
0
0
0
0
0
0
0
0
0
0
0
0
0
0
0
0
0
0
0
0
0
0
0
0
0
0
0
0
0
0
0
0
0
0
0
0
0
0
0
0
0
0
0
0
0
0
0
0
0
0
0
0
0
0
0
0
0
0
0
0
0
0
0
0
0
0
0
0
0
0
1000
1000
0
0
0
0
0
0
0
0
0
0
0
0
0
0
0
0
0
0
-1000
0
-1000
0
0
0
0
0
0
0
1000
1000
0
0
0
0
0
0
0
0
0
0
0
0
0
0
0
0
0
0
0
0
0
0
0
0
0
0
0
0
0
0
0
0
0
0
0
0
0
0
0
0
0
0
0
0
0
0
0
0
0
0
0
0
0
0
0
0
0
0
0
0
0
0
0
0
0
0
0
0
0
0
0
0
0
0
0
0
0
0
0
0
0
0
0
-1000
40.707997520062
0
0
0.00146662613883564
0
1000
0
341.474867465943
0
0
276.300210724183
-0.00146662613883564
105.525086132971
0
0
0
0.00528851659578322
-0.00146662613883564
0
-1000
999.998533373861
0
0
0
0
0
0
0
0
0
0
0
0
0
1000
-0.0091664133675522
0
-0.0425321580255513
0
0.037182613378036
0
0
0
0
0
0
0
0.0198044746107371
0
0
0
0
0
5.81542821715175
1000
-1000
0
0
0
-1000
-999.978343759934
-0.0216562400656812
0
0
0.00146662613883564
-0.00146662613883564
0
0
341.528032663475
-341.528032663475
-1000
0
-341.474867465943
-341.474867465943
0
0
-1000
0
-393.995450082444
-606.004549917556
-1000
0
-894.474913867029
-105.525086132971
-1000
0
0
0
0
0
-894.416460152902
0
1000
0
0
0
-1000
1000
-1000
0
0
0
-1000
0
0
0
1000
0
0
0
0
0
0
0
0
0
0
0
0
0
0
0
0
0
0
0
1000
-1000
-1000
0.0144549299633354
-1000
0
-1000
0.0425321580255513
-1000
0
-0.0569870879888867
-0.0569870879888867
0
0
0
0
0
0
1000
0
-1000
0
-1000
0
1000
0
-1000
0
-1000
0
0
0
0
0
0
0
0
0
-959.292002479938
-40.7079975200621
5.81542821715175
-5.81542821715175
0
0
0
0
0
0
0
0
0
0
0
0
0
0
0
0
0
0
0
0
0
0
0
0
0
0
0
0
0
0
0
0
0.00528851659578322
-0.00528851659578322
0
0
0
0
0
0
0
0
0
0
0
0
0
0
0
0
0
0
0
0
0
0
0
0
0
0
0
0
0
0
0
0
0
0
0
0
0.00528851659578322
-0.00528851659578322
0
0
0
0
0
0
0.0198044746107371
0.0198044746107371
0
0
0
0
0
0
0
0
0
0
0
0
0
0
0
0
-0.0198044746107371
-0.0198044746107371
0
0
0
0
0
0
0
0
0
0
0
0
0
0
0
0
0
0
0
0
0
0
0
0
0
0
0
0
0
0
0
0
0
0
0
0
1000
0
0
0
0
0
0
0
1.18216218415857
0.00360937334427997
0
0
0
0
0
0
0
0
0.148741054956872
0
0
0
0
0
0
0
0
0
0
0
0
0
0
0
0
0
0
0
0
0
0
0
0
0
0
0
0
0
1000
-1000
0
0
0
0
0
0
0
0
0
0
0
0
0
0
0
0
0
0
0
0
393.993983456305
393.993983456305
393.993983456305
0
0
0
0
0
0
0
0
0
0
0
0
0
0
0
0
0
0
0
0
0
0
0
0
0
0
0
0
0
0
0
0
0
0
0
0
0
0
0
0
0
0
0
0
0
0
0
0
0
0
0
0
0
0
0
0
0
0
0
0
0
0
0
0
0
0
0
0
0
0
0
0
0
0
0
0
0
0
0
0
0
0
0
0
0
0
0
0
0
0
341.474867465943
341.474867465943
341.474867465943
341.474867465943
-341.474867465943
0
0
0
0
0
0
0
0
0
0
0
0
0
0
0
0
0
0
0
0
0
0
0
0
0
0
0
0
0
0
0
0
0
0
0
0
0
0
0
0
0
0
0
0
0
0
0
0
0
0
0
0
0
0
0
0
0
0
0
0
0
0
0
0
0
0
0
0
0
0
0
0
0
0
0
0
0.00360937334427997
0.00360937334427997
0.00360937334427997
0.00360937334427997
0.00360937334427997
0
0
0
0
0
0
0
0
0
0
0
0
0
0
0
0
0
0
0
0
0
0
0
0
0
0
0
0
0
0
0
0
0
0
0
0
0
0
0
0
0
0
0
0
0
0
0
0
0
14.7743472986826
14.7743472986826
-14.7743472986825
4.91636056175753
-2.45637559420663
2.45637559420663
2.45637559420663
2.45637559420663
2.45637559420663
2.45637559420663
2.45637559420663
2.45637559420663
2.45637559420663
2.45637559420663
2.45637559420663
2.45637559420663
0
2.45637559420663
2.45637559420663
2.45637559420663
2.45637559420663
2.45637559420663
2.45637559420663
2.45637559420663
2.44917777142151
2.44917777142151
2.44917777142151
0.00719782278511483
0.00719782278511483
0
0
0
0
0
0
0
0
0
0
0
0
0
0
0
0
0
0
14.7743472986826
14.7743472986826
4.91636056175753
4.91636056175753
0
0
0
0
0
0
0
0
0
0
0
0
0
0
0
0
0
0
0
0
0
0
0
0
0
0
0
0
0
0
0
0
0
0
0
0
0
0
0
0
0
0
0
0
0
0
0
0
0
0
0
0
0
0
0
0
0
0
0
0
0
0
0
0
0
0
0
0
0
0
0
0
0
0
0
0
0
0
0
0
0
0
0
0
0
0
0
0
0
0
0
0
0
0
0
0
0
0
0
0
0
0
0
0
0
0
0
0
0
0
0
0
0
0
0
0
0
0
0
0
0
0
0
0
0
0
0
0
0
0
0
0
0
0
0
0
0
0
0
0
0
0
0
0
0
0
0
0
0
0
0
0
0
0
0
0
0
0
0
0
0
0
0
0
0
0
0
0
0
0
0
0
0
0
0
0
0
0
0
0
0
0
0
0
0
0
0
0
0
0
0
0
1.18216218415857
1.19567902578411
1.19567902578411
0
0
0
0
-1.1956790257841
0
0
0
0.0135168416255354
0
0
1000
0
0
0
0
0
0
0
0
0
0
0
0
0
0
0
0
0
0
0
0
0
0
0
0
0
0
0
0
0
0
0
0
0
0
0
0
0
0
0
0
0
1.19567902578411
0
0
0
0
0
0
0
0
0
0
0
0
0
0
0
0
0
0
0
0
0
0
0
0
0
0
0
0
0
0
0
0
0
0
0
0
0
0
0
0
0
0
0
0
0
0
0
0
0
0
0
0
0
0
0
0
0
0
0
0
0
0
0
0
0
0
0
0
0
0
0
0
0
0
0
0
0
0
1.18216218415857
0.00360937334427997
0
0
0
0
0
0
0
1.55628855239146
0
0
0
0.975814135700224
0.975814135700224
0.975814135700224
0
0
0
0
0
0
1.33451261245959
0
0
0
0.00360937334427997
0
0
0
0
-1.33451261245955
1.33451261245959
0
0
0
0
0
0
0
0
0
0
0.231683408213124
0
0.221775939931869
0
0
0
0
0
0
0
0
0
0
10.8805204617009
10.8805204617009
10.8805204617009
0
0
0
0
-0.148741054956872
0
0
0
0
0
0
0
0
0
0
0
0
0
0
0
0
0
0
0
0
0
0
0
0
0
0
0
0
0
0
0
0
0
0
0
0
0
0
0
0
0
0
0
0
0
0
0
0
0
0
0
0
0
0
0
0
0
0
0
0
0
0
0
0
0
0
0
0
0
0
0
0
0
0
0
0
0
0
0
0
0
0
0
0
0
0
0
0
0
0
0
0
0
0
0
0
0
0
0
0
0
0
0
0
0
0
0
0
0
0
0
0
0
0
0
0
0
0
1000
0
0
1000
1000
0
0
0
0
0
0
0
0
0
0
0
0
0
0
0
0
0
0
0
0
0
0
0
0
0
0
0
0
0
0
0
0
0
0
0
0
0
0
0
0
0
0
0
0
0
0
0
0
0
0
0
0
0
0
0
0
0
0
0
0
0
0
0
0
0
0
0
0
0
0
0
0
0
0
0
0
0
0
0
0
0
0
0
0
0
0
0
0
0
0
0
0
0
0
0
0
0
0
0
0
0
0
0
0
0
0
0
0
0
0
0
0
0
0
0
0
0
0
0
0
0
0
0
0
0
0
0
0
0
0
0
0
0
0
0
0
0
0
0
0
0
0
0
0
0
0
0
0
0
0
0
0
0
0
0
0
0
0
0
0
0
0
0
0
0
0
0
0
0
0
0
0
0
0
0
0
0
0
0
0
0
0
0
0
0
0
0
0
0
0
0
0
0
0
0
0
1000
0
0
0
0
0
0
0
0
0
0
0
0
0
0
0
0
0
0
0
0
0
0
0
0
0
0
0
0
0
0
0
0
0
0
0
0
0
0
0
0
0
0
0
0
0
0
0
0
0
0
0
0
0
0
0
0
0
0
0
0
0
0
0
0
0
0
0
0
0
0
0
0
0
0
0
0
0
0
0
0
492.541450252725
0
492.541450252725
0
0
492.541450252725
0
0
0
492.541450252725
0
0
0
0
0
0
0
0
0
0
0
0
0
0
0
0
0
0
0
0
0
0
0
0
0
1000
0
0
0
0
0
0
0
0
0
0
0
0
0
0
0
0
0
0
0
0
0
0
0
0
0
0
0
0
0
0
0
0
0
0
0
0
0
0
0
0
0
0
0
-492.541450252725
0
0
0
492.541450252725
0
0
0
0
0
0
0
0
0
0
0
0
0
0
0
0
0
0
0
0
0
0
0
0
0
0
0
0
0
0
0
0.16439649388023
0.16439649388023
0
0
0
0.16439649388019
0
0.16439649388023
-246.799004800021
0
0
0
0.0252917682892661
0
0
0
0
0
0
0
0
246.799004800021
0
0
0
0
0.994809552711729
0
0
0
0
0
0
0.994809552711729
0.994809552711729
0.994809552711729
0.994809552711786
0
0
0
0
0
0
0
0
0
0
0
0
0
0
0
0
0
0
0
0
0
0
0
0
0
0
0
0
0
0
0
0
0
0
0
0
0
759.585377445562
759.585377445562
0
0
0
0
0
0
0
0
0
0
0
0
0
0
0
0
0
0
0
0
0
0
0
0
0
0
0
0
0
0
0
0
0
0
0
0
0
0
0
0
0
0
0
0
0
0
0
0
1000
1000
-999.30166472252
0
0
0
-1000
-1000
1000
0
0
0
0
-999.996390626656
1000
0
0
0
0
0
0
0
0
0
0
0
0
0
0
0
0
0
0
0
0
0
0
0
0
0
0
0
0
0
0
0
0
0
0
0
0
0
0
0
0
1000
0
0
12.5821708586427
0
0
0
0
0
0
0
0
0
0
0
0
0
-999.996390626656
-1000
1000
-1000
1000
999.996390626656
-1000
0
0
0
0
0
0
0.00360937334426126
0
0
0
0
0
138.045026336832
69.0225131684159
17.255628292104
17.255628292104
17.255628292104
17.255628292104
0
17.255628292104
0
0
0
0
0
0
0
0
0.00269918354441806
0.00360937334427997
0.00990746828125544
1000
0.00179945569627871
0.00179945569627871
0.00360937334426126
0
0.000899727848139354
0.00179945569627871
0.0153162973217388
-0.00179945569630036
0.00179945569627871
0.00179945569627871
0.00179945569627871
0.00179945569627871
0.00179945569627871
-0.00179945569630036
-0.00359891139260071
-0.0171157530180608
0.00179945569627871
0.00179945569627871
0.00179945569630036
0.00179945569627871
0.00629809493693756
-0.00179945569630036
-0.00809755063323792
0.00179945569627871
0.00179945569627871
0.00360937334427997
0.00360937334427997
-0.00360937334426126
-0.00360937334426126
0.00360937334426126
0.00360937334426126
0.00179945569627871
0.00179945569627871
0.00179945569627871
0.00179945569627871
0.0279438730508446
-0.00540882904056161
-999.986483158375
0
0
0
0
0
0
-1000
0
0
0
0.00360937334427997
0
0
0
0
0.00180468667213998
0.00360937334426126
0.00360937334426126
0
0
0.00360937334427997
0.00360937334427997
0
0
0
0
0
0
0.00719782278511483
0.00179945569627871
0.00539836708883612
0.00179945569627871
-0.00179945569630036
0.00179945569627871
0.00179945569627871
0.00179945569627871
0.00179945569627871
0.00179945569627871
0.00179945569627871
0.00359891139255742
0.00179945569627871
0.00179945569627871
0.00179945569627871
0.00179945569627871
0.00179945569627871
0
0.00179945569627871
0.00360937334427997
0.00360937334427997
0.00360937334427997
0.00360937334427997
0.00360937334427997
0.00360937334427997
0.00360937334427997
0.00360937334427997
0.00360937334427997
0.00360937334427997
0.00360937334427997
0.00360937334427997
0.00360937334427997
0.00360937334427997
0
0
0
0
0
0
0
0
0
0
0
0
-0.00360937334426126
0
0
0
0
0
0
0
0
0
0
0
0
0
0
0
0
0
0
0
0
0
0
0
0
0
0
0
0
0
0
0
0
0
0
0
0
0
0
0
0
0
0
0
0
0
0
0
0
0
0
0
0
0
0
0
0
0
0
0
0
0
0
0
0
0
1000
5.81542821715173
32.6523895051356
0
0
0
0
0.00360937334427997
0
0
0
0
0
0
0
0
0
772.119242596372
0
0
0
0
0
0
0
0
0
0
0
1000
0
0
0
-5.81542821715175
0
-393.939351632634
0
0
0
0.00146662613881196
0
0
0
0
0
0
0
0
0
0.00146662613881196
0
0
274.210256410259
0
0
0
0
0.00146662613881196
0
0.00146662613881196
0
0.00146662613881196
0
0.545429598528143
0
0
0
0.0916641336757477
0
0
0
0.00146662613883564
0
0
0
0
0
0.00146662613881196
0
0.00146662613881196
0
0.00146662613881196
0
0.00146662613881196
0
0.00146662613881196
0
0.00146662613881196
0
0.00146662613881196
0
0.00146662613881196
0
0.00146662613881196
0
0.00146662613881196
0
0.00146662613881196
0
0.00146662613881196
0
0.00146662613881196
0
0.00146662613881196
0
0.00146662613881196
0
0.00146662613881196
0
0.0307991489150512
0
0
0
0.042165501490844
0
0
0
0.0216327355474765
0
0.00146662613881196
0
5.81689484329054
0
0.139113130025514
0
0.00146662613881196
0
0.00146662613881196
0
0.00146662613881196
0
0.00146662613881196
0
0.702147263956228
0
0.0106330395063867
0
0.0788311549611431
0
0.397089027083339
0
0.0249376660966302
0
0.00146662613881196
0
0.00146662613881196
0
0.0139329483187137
0
0.00146662613881196
0
0.00146662613881196
0
0.00146662613881196
0
-1000
0
0
0.0135168416255738
1000
0
0
0
0
0
0
0
0
1000
1000
0.994809552711729
-1000
411.027362767439
996.025617878413
0
758.250864833103
839.910420648049
-1000
-1000
0
0
1000
0
0
0
0
154.579095013822
1000
0
0
0
0
-1000
1000
-0.00360937334426126
0
0
-3.23697058259336
0
0
0
0
0
0.024303113851488
1000
999.996390626656
-1000
-637.603623219703
-362.396376780297
0
-204.765820953489
1000
1000
-1000
0
0
1000
1000
-1000
848.155683179272
0
-433.854976217947
0
0
-157.55182344657
1000
1000
1000
0
0
0
0
-32.6523895051356
-662.74549880276
0
0
0
0
0
0
0
0
0
1000
0
0
0
0
0
0
0
0
0
0
1000
0
0
0
0
0
0
0
0
-1000
-1000
-1000
-1000
1000
-1000
-1000
-1000
-1000
-1000
-1000
301.967241041679
1000
-1000
-966.161981045539
-1000
-1000
-1000
-38.8122280064389
1000
1000
1000
-1000
-1000
-1000
1000
1000
1000
1000
1000
973.503420272925
1000
-1000
-1000
-1000
-1000
-1000
-1000
-1000
-1000
-1000
1000
-1000
-1000
-1000
-1000
-1000
-1000
-1000
-1000
-1000
-1000
-1000
33.8380189544609
-1000
-1000
-1000
-1000
-1000
-1000
-1000
-1000
534.906916612639
1000
-1000
-1000
-1000
-1000
-1000
-1000
-29.7703479410079
-1000
-1000
1000
1000
-1000
-1000
-1000
-1000
-1000
-1000
-1000
1000
-1000
-10.2945561358439
317.683196331065
-865.971367674915
1000
-1000
1000
1000
1000
1000
-1000
1000
1000
1000
1000
-1000
-1000
1000
-1000
-1000
-1000
29.7703479410079
1000
-1000
-1000
1000
1000
1000
1000
1000
-1000
1000
1000
-1000
-1000
-1000
-1000
-1000
12.5821708586427
0
1000
484.861815226689
-1000
-975.749028474002
-1000
0
0
0
0
0
0
0
0
0
0
0
0
0
0
0
0
0
0
0
0
0
0
0
0
0
0
0
0
0
0
0
0
0
0
0
0
0
0
0
0
0
0
0
0
0
0
0
0
0
0
0
0
0
0
0
0
0
0
0
0
0
0
0
0
0
0
0
0
0
0
0
0
0
0
0
0
0
0
0
0
0
0
0
0
0
0
0
0
0
0
0
0
0
0
0
0
0
0
0
0
0
0
0
0
0
0
0
0
0
0
0
0
0
0
0
0
0
0
0
0
0
0
0
0
0
0
0
0
0
0
0
0
0
0
0
0
0
0
0
0
0
0
0
0
0
0
0
0
0
0
0
0
0
0
0
0
0
0
0
0
0
0
0
0
0
0
0
0
0
0
0
0
0
0
0
0
0
0
0
0
0
0
0
0
0
0
0
0
0
0
0
0
0
0
0
491.624248583172
0
0
0
0
0
0
0
0
0
0
0
0
0
0
0
0
0
0
0
0
0
0
0
0
0
0
0
0
0
0
0
0
0
0
0
0
0
0
0
0
0
0
0
0
0
0
0
0
0
0
0
0
0
0
0
0
0
0
0
0
0
0
0
0
0
0
0
0
0
0
0
0
0
0
0
0
0
0
0
0
0
0
0
0
0
0
0
0
0
0
0
0
0
0
0
0
0
0
0
0
0
0
0
0
0
0
0
0
0
0
0
0
0
0
0
0
0
0
0
0
0
0
0
0
17.255628292104
0
0
0
0
-1000
-1000
1000
1000
1000
1000
1000
999.284415579617
-1000
-1000
1000
-1000
-1000
1000
1000
0
-997.543624405793
-1000
998.259208826176
-1000
1000
1000
-1000
0
-1000
-1000
-1000
-1000
1000
-1000
-1000
-1000
1000
-1000
1000
-1000
1000
-1000
-1000
-1000
-1000
1000
-1000
-1000
1000
1000
-1000
1000
-1000
-999.949542006842
-1000
-1000
-1000
-1000
-1000
0
0
0
0
0
0
0
1000
0
0
-1000
0
-1000
0
0
0
-1000
-1000
-0.396020617700287
0
0
0
0
322.98645166786
1000
1000
0
0
0
0
0
0
336.918460878127
0
0
-0.00360937334426126
0.00360937334427997
0
0
-0.00360937334426126
-0.00360937334426126
0
0
0
0
0
0
0
0
0
0
0
0
0
0
0
0
0
0
0
0
0
0
0
0
0
0
0
0.00360937334427997
0
0
1000
-1000
0
1000
1000
0
0
0
0
17.2520189187596
0
0
0
0
246.799004800021
0
0
0
0
0
0
0
0
0
0
0
0
0
-250
250
0.00360937334427997
0
0
0
0
-329.729604806782
0
0
0
0
0
0
0
-1000
0
0
0
0
0
0
0
0
0
0
0
0
0
0
0
0
0
0
0
0
0
0
0
0
0
0
0
0
0
0
0
0
0
0
0
0
0
0.00360937334427997
0
0
0
0
1000
0
-1000
0
-393.939351632634
0
1.95162827140045
0
0
0
-492.541450252725
0
0
1000
0
-805.303402251596
29.6118089366193
0
0
0
0
0
0
0
-138.045026336832
0
17.255628292104
-17.2520189187596
-1000
787.876560518063
-608.012276638765
0
0
0
0
999.443581097636
1000
0
0
0
0
0
0
0.00360937334426126
0
1000
0
80.6505156058859
0
0
919.797195985099
138.045026336832
0
0
0
-1000
17.255628292104
-1000
1000
0
1000
1000
0
0
0.547988312934081
0
0
0
0
0
-999.443581097636
0
0
0
104.901487131884
0
0
0
0
0
0
0
895.098512868116
0
1000
0
998.055590475288
0
0
0
0
0
0
0
0
0
0
0.975814135700224
0
0.00360937334427997
-0.00360937334426126
0.00360937334427997
0.00360937334427997
0
0
0.00360937334426126
531.445234913447
0
0
0.975814135700261
0
0
-0.0108281200327838
-1000
-1000
-1000
1.94080015136763
-1.94080015136763
1000
0
0
0.00360937334426126
-1000
-1000
-1000
0
0
0
0
0
0
0
0
0
0
0
0
0
0
0
0
0
0
0
0
0
0
0
0
0
1000
0
0
0
0
0
0.00179945569627871
0
0
0
0
0
0
0
0
0.00360937334427997
0
0
0
0
0
0
0
0
5.81542821715175
0
-46.5234257372138
0
0
0
0
0
0
0
0
0
0
0
0
0
1000
0
0
0
0
46.5234257372138
0
0
0
0
0
0
0
0
0
0
0
0
0
0
0
0
0
0
0
0
0
0
0
0
0
0
2.32778425826757
0
0
0
0
0
0
0
0
0
0
0
0
0
0
0
0
0
0
0
0
0
0
0
0
0
0
0
0
0
0
0
0
0
0
0
0
0
0
0
0
0
0
0
0
0
0
0
0
0
0
0
0
0
0
0
0
0
0
0
0
0
0
0
0
0
0
0
0
0
0
0
0
0
0
0
0
0
0
0
0
0
0
0
0
0
0
0
0
0
0
0
0
0
0
0
0
0
0
0
0
0
0
0
0
0
0
0
0
0
0
0
-999.975696886149
0
0.00179945569630036
0
0
0
-0.024303113851488
0
1000
0.00449863924075089
0
0
0
0
0
0
0
0
0
0
0
0
0
0
0
0
0.00360937334427997
0.00360937334427997
0.00360937334427997
1000
-1000
0
-1000
-1000
0
0
0
0
0
0
1000
1000
0
0
0
0
0
0
0
0
0
0
0
-1000
0
999.998533373861
-0.00146662613883564
-1000
-894.416460152902
-999.998533373861
-1000
0
1000
0
0
0
0
0
0
0
0
0
0
-1000
0.0906288363698877
1000
0.395339719008984
0.00360937334427997
0.00360937334427997
0.00360937334427997
0.00360937334427997
0.00360937334427997
0
0
0
1000
0.080297781099955
0
0
0
0
0
0
0
0
0
0
0
0
0
0
-1000
0
0
0
0
0
0
0
1000
-999.998533373861
0
1000
0
0
-999.998533373861
0
0
0
0
0
0
0
0
0
0
0
0
0
0
0
0
0
0
0
0
0
0
0
0
5.81542821715173
0
0
0
0
0
0.0144549299633241
5.81542821715173
0
0
0
0
0.0569870879888711
5.81542821715173
0
0
0
0
0
5.81542821715173
0
0
0
17.255628292104
0.00360937334426126
0
0
0
0
0
0
0
0
0
-1000
0
0
0
0
0
0
1000
1000
1000
1000
1000
1000
-1000
0
0.00990746828125544
0
0
0
0
-999.81874232726
-1000
-1000
0
246.799004800021
0
0
0
-1000
14.5578964921775
0
0
0
0
0
0.58047441669124
0.58047441669124
-865.486703931496
0
-999.973897430452
0
0
0
0
0
0
0.366412422496132
0
-1000
0
0
0
0
0
0
0
999.985545070037
0.00360937334427997
0
0
0
0
0
0
0
0
0
-1000
0
0
999.957467841974
0
0
0
-1000
0
0.00539836708883612
0
0
-606.004549917556
0
-1000
0
0
0
-1000
-1000
0
0
0
0
-341.474867465943
0
1000
0
-470.119097532827
470.119097532827
0
0
0
0
-750
0
0
0
0
-1000
-1000
0
0
-1000
0
0
0
0
0.00528851659574934
0
0
0
0
0
0
0
0
998.059199848632
0
1000
0
0
0
0
0
0
0
0
0
1000
1000
1000
-1000
1000
-1000
-1000
1000
0
0
0
0
0
0
0
0
-1000
0
0
-1000
0.00179945569627871
0.00179945569627871
0
42.8223333340115
-1000
1000
0
-492.541450252725
105.525086132971
0
0
0
0
0
0
0
0
0
0
0
0
0
0
-1000
0
0
0
0
0
0
0
0
0
0
-0.0198044746107371
0
0
0
0
0
0
0
0
0
0
0
0
0
0
0
0
0
0
0
0
0
0
0
0
0
0
0
0
0
0
0
0
0
0
0
0
0
0
0
0
0
0
0
0
0
-1000
0
-1000
0
0
0
0
0
0
-1000
0
0
0
0
0
0
0
0
0
0
0
658.471967336525
0
0
0
0
0
0
0
0
0
0
0
0
0
1000
0
0
0
0
0
0
0
0
0
0
0
0
0
0
0
0
0
0
0
0
0
0
0
0
0
0
0
0
0
0
0
0
0
0
0
0
0
0
0
0
0
0
393.939351632634
0
0
0
0
0
0
0
0
0
0
0
0
52.4659507928293
0
0
0
0
0
0
0
0
0
0
0
0
0
0
0
0
0
0
0
0
0
0
0
0
0
0
0
0
0
0
0
0
0
0
0
0
0
0
0
0
0
0
0
0
0
0
0
0
0
0
0
0
0
0
0
0
0
0
0
0
0
0
0
0
0
0
0
0
0
0
0
0
0
0
0
0
0
0
0
0
0
0
0
0
0
0
0
0
0
0
0
0
0
0
0
0
0
0
0
0
0
0
0
0
0
0
0
0
0
0
0
0
0
0
0
0
0
0
0
0
0
0
0
0
0
0
0
0
0
-1000
0
0
0
0
0
0
0
0
0
0
0
0.569417598393745
0
0
0
0
0
0
0
0
0
0
0
0
68.1317511787704
0
0
-98.5377256843728
0
1000
-926.65055344713
-73.1850500589899
0
0
0
0
-1000
-1000
0
0
0
0
1000
0.0216562400656812
0
0
0
329.704339193373
0
0
0
0
0
0
0
0
0
0
0
0
0
0
0
0
0
0
0
0
0
0
0
0
0
0
0
0
0
0
0
0
0
0
0
0
0
0
0
0
0
0
0
0
0
0
-491.249603963099
0
0
0
0
0
0
0
0
0
0
0
0
0
0
0
0
0
0
0
0
0
0
0
0
0
0
0
0
0
0
0
0
0
0
0
0
0
0
0
0
0
0
0
0
0
0
0
0
0
0
0
0
0
0
0
0
0
0
0
0
0
0
0
-979.002060809876
0
0
0
0
0
0
0
0
0
0
0
0
0
0
0
0
0
0
0
0
0
0
0
0
0
0
0
0
0
0
0
0
0
0
0
0
0
0
0
0
0
0
0
0
0
0
0
0
0
0
0
0
0
0
0
0
0
0
0
0
0
0
0
0
0
0
0
0
0
0
0
0
0
0
0
0
0
0
0
0
0
0
0
0
0
0
0
0
0
0
0
0
0
0
0
0
0
0
0
0
0
0
0
0
0
0
0
0
0
0
0
0
0
0
0
0
0
0
0
0
0
0
0
0
0
0
0
0
0
0
0
0
0
0
0
0
0
0
-428.110014301799
0
0
0
0
0
0
0
0
0
0
0
-491.249603963099
-979.002060809876
-428.110014301799
0
0
0
0
0
0
0
0
0
0
0
0
0
0
0
0
105.525086132971
0
0
0
0
0
0
0
0
0
-1000
0
0
0
0
0.00360937334426126
-134.083336007586
-865.486703931496
0
0
0
0
0
0
0
0
0
0
0
0
0
0
0
0
0
0
0
0
0
0
0
0
0
0
0
0
0
0
0
0
0
0
0
0
0
0
0
0
0
0
0
0
0
0
0
0
0
0
0
0
0
0
0
0
0
0
0
0
0
0
0
0
0
0
0
0
0
0
0
0
0
0
0
0
0
0
0
0
0
0
0
0
0
0
0
0
0
0
0
0
0
0
0
0
0
0
0
0
0
0
0
0
0
0
0
0
0
0
0
0
0
0
0
0
0
0
0
0
0
0
0
0
0
0
0
0
0
0
0
0
0
0
0
0
0
0
0
0
0
0
0
0
0
0
0
0
0
0
0
0
0
0
0
0
1000
0
0
-0.715584420382697
1000
0
0
0
0
0
0
0
1000
0.00360937334426126
0
0
-1000
1000
0
0
0
0
0
0
0
0
0
0
0
0
0
0
0
0
1000
-1000
0
0
0
0
0
0
0
0
0
0
0
0
0
0
0
0
1000
0
0
0
0
0
0
0
0
0
0
0
0
0
0
0
0
0
0
0
0
0
0
0
0
0
0
0
0
0
0
0
0
0
0
0
0
0
0
0
0
0
0
0
0
0
0
0
0
0
0
0
0
0
0
0
0
0
0
0
0
0
0
0
0
0
0
0
0
0
0
0
0
0
0
0
0
0
0
0
0
0
0
0
0
0
0
0
0
0
0
0
0
0
0
0
0
0
0
0
0
0
0
0
1000
500
87.1829310212552
0
0
-0.975814135700261
0
0
0
465.33889432595
19.2848643419017
42.1529471487769
0.104619517225506
87.1829310212552
0
-1000
0
-1000
1000
702.487357772652
-670.028993151593
0
865.486703931496
0
0.699738922669667
1000
-5.81542821715175
34.8925693029103
5.81542821715175
0
-3.66656534702986
0
0
0
0.0198044746107371
0
0.0117069239775342
0.00360937334427997
0
0
0
0
0
0
0
0
0
0
0
0
0
0
0
0
5.81542821715175
0
393.939351632634
0
0
0.024303113851488
-0.702147263956249
-0.0307991489150936
-989.712954673664
-1000
-1000
-1000
-438.596503660286
-151.844316820728
-26.5311651958109
-4.60247411154307
-459.519064488249
1000
-1000
0
0
0
0
-1000
-38.8122280064389
-1000
-26.4965797270748
-441.417272520306
162.275935284844
-515.138184773311
-1000
781.271832716217
966.161981045539
0
772.119242596372
-1000
1000
0
901.068740345009
-17.255628292104
0
999.81874232726
-1000
0
0
0
0
0
0
1000
-24.2509715259985
0
0
0
0
0
0
0
0
0
0
17.2520189187596
12.5785614852985
-12.5821708586427
0
-1000
1000
0
0
0
0
0
0
0
0
0
0
0
0
0
1000
0
-1.69033318066602
0
0
1000
-1000
246.799004800021
-0.00360937334426126
-0.00360937334426126
-0.994809552711786
-0.00360937334426126
0
0
-0.00360937334426126
0
-0.00360937334426126
0
0
0
-0.00360937334426126
0
0
0
-0.00360937334426126
0
0
0
0
0
0
0
0
0
0
0
-0.715584420382697
0
0
0
0
0
0
0
0
0
0
0
0
-588.972637232561
0
0
0
0
-1000
0
1000
0
0
-0.00360937334426126
0
0
0
0
-172.570491420688
0
0
0
0
0
0
0
0
0
-329.729604806782
0
-3.23697058259336
-0.396020617700287
-1000
-1000
0
0
0
0
0
0
0
-997.543624405793
1000
0
0
0
0
0
0
-637.603623219703
0
500
-1000
0
1000
401.068740345009
996.025617878413
0
0
758.250864833103
637.603623219703
0
0
0
250
0
-32.6523895051356
0
0
0
0
-1000
0
0
0
0
0
0
-0.0504579931578064
0
0
0
1000
-1000
999.996390626656
0
0
0
0
0
0
839.910420648049
-901.068740345009
-1000
154.579095013822
0
0
-250
0
0
0
0
0
0
0
1000
0
-0.0249376660966618
-0.00146662613883564
-0.397089027083325
-662.74549880276
-0.0216327355474277
-0.139113130025521
-0.0139329483187112
-0.078831154961108
-0.0421655014908993
-0.00146662613883564
0
0
274.210256410259
0
-0.00146662613883564
-1000
-0.00146662613883564
-0.00146662613883564
0
-0.0106330395063878
0
-0.00146662613883564
-0.545429598528131
-0.569417598393784
0
-14.5578964921774
0
0
-0.366412422496182
-0.00146662613883564
0
0
-5.81689484329058
-0.00146662613883564
-0.00146662613883564
-0.00146662613883564
0
0
-0.0916641336757493
0
0
0
-1000
1000
0
0
-1000
1000
-0.00360937334426126
-772.119242596372
750
-750
0
0
0
-1000
0
0
772.119242596372
0
0
0
0
0
0
0
0
0
0
0
0
1000
-1000
-42.8223333340115
42.8223333340115
1000
-1000
-1000
1000
1000
0
-901.068740345009
-1000
0
0
0
-0.00146662613883564
-0.00146662613883564
0
0
1000
0
-73.3494465528702
73.1850500589899
1000
0.0216562400656812
0
0
0
329.704339193373
0
1000
0
-1000
0
0
0
0
0
0
0
0
0
0
0
0
0
0
0
0
0
0
0
0
0
0
0
0
0
0
0
0
0
0
0
0
0
0
0
0
0
0
0
0
0
0
0
0
0
0
0
0
0
0
0
0
0
0
0
0
0
0
0
0
0
0
0
0
0
0
0
0
0
-0.00146662613883564
0
0
0
0
0
0
0
0
0
0
0
0
0
0
0
0
0
0
0
0
0
0
0
0
0
0
0
0
0
0
0
0
491.249603963099
0
0
0
0
0
0
0
0
0
0
0
0
0
0
0
0
0
0
0
0
0
0
0
0
0
0
0
0
0
0
0
0
0
0
0
0
0
0
0
0
0
0
0
0
0
0
0
0
0
0
0
0
0
0
0
0
0
0
0
0
0
0
0
979.002060809876
0
0
0
0
0
0
0
0
0
0
0
0
0
0
0
0
0
0
0
0
0
0
0
0
0
0
0
0
0
0
0
0
0
0
0
0
0
0
0
0
0
0
0
0
0
0
0
0
0
0
0
0
0
0
0
0
0
0
0
0
0
0
0
0
0
0
0
0
0
0
0
0
0
0
0
0
0
0
0
0
0
0
0
0
0
0
0
0
0
0
0
0
0
0
0
0
0
0
0
0
0
0
0
0
0
0
0
0
0
0
0
0
0
0
0
0
0
0
0
0
0
0
0
0
0
0
0
0
0
0
0
0
0
0
0
0
0
0
428.110014301799
0
0
0
0
0
0
0
0
0
0
0
0
0
1000
0
0
0
0
0
0
0.715584420382697
0
0
0
0
0
134.083336007586
0
0
0
0
0
0
0
0
0
0
0
0
0
0
0
0
0
0
0
0
0
0
0
1000
0
-1000
0
-1000
-0.00360937334426126
0
0
0
0
0
0
0
0
-999.986483158374
-1000
0
0
0
0
1000
0
0
0
0
0
0
0
0
0
0
0
0
0
0
0
0
0
0
0
0
0
0
0
0
0
0
0
0
0
0
0
0
0
0
0
0
0
0
0
0
-1000
1000
1000
0
-0.00146662613883564
-0.00146662613883564
-0.00146662613883564
-0.00146662613883564
0
-0.00146662613883564
0
0
-0.00146662613883564
-0.00146662613883564
-0.00146662613883564
-0.00146662613883564
0
-0.00146662613883564
-0.00146662613883564
-0.00146662613883564
-0.00146662613883564
-0.00146662613883564
-0.00146662613883564
-0.00146662613883564
0
-0.00146662613883564
-0.00146662613883564
-0.00146662613883564
0
-1000
87.1829310212552
0
1000
0
