0
0
0
0
0
0
0
1000
-1000
0
1000
0
0
199.456644232245
0
0
999.770939808063
-999.770939808063
999.947428808408
0
0.0525711915921296
0
-1000
0.330447490007714
0
1000
-201.442132865624
0
-31.9035588302246
0.0115914023849959
0
0
0
0
0
0.0257365068249371
0
0
0
31.547374833392
0
0
0
0
0
0
0
0
0
0
0
0
0
0
0
0
0
0
0
0
0
0
0
0
0
31.9035588302246
0
0
0
0
998.935310316237
0
0
-997.729719809085
-997.729719809085
0
0
0
0
0
0
-1000
0
0
0
0
0
0
0
0
0
0
0
0
0
0
0.0032153158988243
0.00321531589884216
0
0
0
0.00321531589884216
-0.00321531589884216
0
0
-0.00321531589884216
0
0
0
0
0
0
0
0
0
0
1000
0
0
0
0
0
0
0
0
0
0
0
0
0
521.991468487066
0
0
-1000
0
0
0
0
-1000
0
0
0
0
-13.1613411063416
0
0
0
0
0
0
0
0.00802431011271803
-203.785305976587
0
0
598.733224560986
1000
1000
401.259265268787
0
0
0
-1000
401.259265268787
600.715909501032
1000
-800.543355767755
0
203.785305976587
1000
0
0
0.00802431011277349
0
0
547.20453723109
-1000
0
0
0
0
0
-3.53671934205863
0
0
0
0
0
0
657.563096681308
-661.941960845867
-1000
0
0
0
164.366268541097
0
0
0
0
1000
0
0
0
0
0
-3.54047442717228
0
-1.03306779530431
0
0
0
0
0
0
0
0
0
0
0
-994.941465429857
0
0
-1000
0
998.963177119582
0
0.414729152167192
0
0.622093728250788
0
0
0
3.54047442717228
329.459030156817
329.459030156817
0
-1000
329.459030156817
0
0
0
0
0
0
0
0
0
0
0
-1000
0
-1000
1000
-1000
997.729719809085
1000
-1000
1000
-1000
-1000
-0.869278516113241
-5.30386084328416
0.622093728250775
0
-1000
1000
1000
-0.622093728250775
1000
0
0
1000
0
0.161468659890112
0
-0.161468659890147
0
0.00160299807129791
0
0
0
0
1.94483741000219
0
0
0
835.404671266966
0
4.91208625070771
0
0
0
0
0
0
287.001911677519
0
1000
0.422239322394639
0
0
1000
0
-0.161468659890147
0
-0.622093728250775
0
0
0.622093728250775
0
0
0
0
0
0
0
0
-1000
0
0
0
-1000
0.622093728250775
0
1000
-0.869278516113241
0
0
0.00321531589894327
0
0
0
0
0
0
0
0
0
0
0
0
712.998088322481
0
0
0
2.07364576083596
0
8.72950500067273
0
0
0
0
0
0
0
0
-156.946564410713
488.8841060802
1.03682288041796
-1000
-1000
1000
-1000
994.671581599054
-1000
-1000
1000
-1000
1000
0.414729152167183
1000
0
0
0
0
0
0
-1000
0
1000
-1000
-1000
-1000
1000
0
0
1000
0
0
0
0
0
0
0
0.869278516113253
-1000
1000
1000
-1000
1000
-1000
-0.414729152167183
-1000
-1000
1000
-1000
1000
0
-1000
1000
-1000
-1000
1000
0
-1000
1000
1000
-1000
-4.88913169111697
1000
0
0
0
0
0
1.66267169378239
0
0
661.941960845867
0
0
342.436903318692
1000
-341.943930929755
0
0
0
-27.0843222042358
0.626559444776973
0
0
0
0
0
0
0
0
470.274330733966
0
0
0
0
0
0
0
927.904361797633
0
-927.904361797633
0
0
927.904361797633
0
0
0
0
0
0
0
0
0
0
0
0
0
0
0
0
0
0
0
0
0
0
0
0
0
0
0
0
0
0
0
0
0
0
0
0
0
0
0
0
1000
1000
0.0938771278431432
0.0938771278431432
0
-646.158170740461
0
0
-0.0257225271906236
0
0
0
0
0
0
29.7379814406584
0
0
0
0
-902.021486779868
0
0
0
0
0
0
0
0
0
0
0
0
0
0
0
0
0
0
0
0
0
0
0
0
0
0
0
0
0
0
0
0
0.146448319435194
0
0
1000
1000
587.000815423716
0
587.000815423716
0
0
0
-1000
0
0
0
0
0
0
0
0
0
0
0
0
0
0
0
0
0
0
0
0
0
0
0
0
0
0
0
999.853551680565
0
0
0.146448319435194
0
0
0
0
0
0
0
0
0
1000
0
0
0
0
0
0
0
0
0
0
0
0
0
0
0
0
0
0
0
0
0
0
0.0032153158988243
0
0
0
0
0
0
0
0
0
0
0
0
0
0
0
0
0
0
0
0
0
0
0
0
0
0
0
0
0
0
0
0
0
0
0
0
0
0
0
0
0
0
0
0
0
0
0
0
-1000
0
470.27808581908
0
0
0
0
0.679670405583961
0.679670405583961
0
660.225522831135
0
0
0
0
0
0
0
0
0
0
0
0
0
0
0
0
0
0
0
0
0
0
0
0
-1000
0
0
0
-1000
0
0
1000
0
0
0
0
1.95264425913624
0
0
1.95264425913624
0
0
0
0
0
0
0
0
0
0
1.95264425913624
0
1.95264425913624
0
0
0
11.6484332352727
33.2042527453858
21.2241915176498
15.5450621467162
23.0481454761979
7.5859903275975
17.7420975967854
32.4580897623434
29.887972820753
9.45139778520345
18.3224465835962
37.7641376417559
29.8050658226372
9.20267679085599
15.2548876533108
21.141284519534
27.4007628772784
22.1776219959818
4.06244290767517
27.6494838716259
0
0
0
0
0
0
0
0
0
0
0
0
0
0
0
0
0
0
0
0
0
0
0
0
0
0
0
0
0
0
0
0
0
0
0
0
0
0
0
0
0
0
0
0
0
0
0
0
0
0
0
0
0
0
0
0
0
0
0
0
0
0
0
0
0
0
0
0
0
0
0
0
0
0
0
0
0
0
0
0
0
0
0
0
0
0
0
0
0
0
0
0
-1000
0
0
0
0
0
29.7379814406583
1000
1000
-511.1158939198
-511.1158939198
777.043938774686
0
0
0
0
97.9495753770427
0
-27.0843222042358
-875.128697215823
-875.128697215823
-1000
0
-98.0042357473228
0
-97.4828186857301
1000
1000
875.001024321956
1000
0
0
902.050424622957
0
-1000
-1000
-1000
0
0
902.021486779868
0
902.021486779868
98.0042357473228
0
0
0
0
0
0
0
0
0
0
0
-999.996784684101
511.988387751812
1000
1000
0
500
0
2.51124894576777
5
0
0
0
0
0
0
250
0
49.0033720338783
0
0
-0.000706995464838656
0
0
0
0
-0.000706995464838656
0
511.077310129014
0
-0.00141399092967731
0
-0.000706995464838656
0
0
0
0
-1000
0
0
-0.000706995464838656
-0.000706995464838656
0.000706995464838656
-0.000521787521847727
0.000706995464838656
-0.000706995464838656
-0.000706995464838656
-0.000706995464838656
-0.000706995464838656
-0.000706995464838656
-0.000706995464838656
-0.000706995464838656
0
-0.000706995464838656
-0.000706995464838656
-0.000706995464838656
-0.0148469047620665
-0.0053579616786692
-0.0203261196146514
-0.0205028684808894
-0.0104281831066828
0.000706995464838656
0.000706995464838656
-0.0516106689345861
0.000706995464838656
0.000706995464838656
0.000706995464838656
0.000706995464838656
-0.3384740788008
-0.00512571712022236
-0.0380010062360725
0
0
0.000706995464838656
0.000706995464838656
0.00671645691613776
0.000706995464838656
0.000706995464838656
-0.000706995464838656
0
0
0
0
0
0
0
0
0
0
0
0
0
0
0
0
0
0
0
0
0
0
0
0
0
0
0
0
0
0
0
0
0
0
0
0
0.000939240023285492
0
0
0
0
0
0
0
0
0
0
0
0
0
0
0
0
0
0
0
0
0
0
0
0
0
0
0
0
0
0
0
0
0
0
0
0
0
0
0
1000
0
0
0
0
0
0
0
0
0
0
0
0
0
0
0
0
0
0
0
0
0
0
0
0
0
0
0
0
0
0
0
0
0
0
0
0
0
0
0
0
0
0
0
0
0
0
0
0
0
0
0
0
0
0
0
0
0
0
0
0
0
0
0
0
0
0
0
0
0
0.583922758280479
0.583922758280479
0.583922758280479
0.582508767350763
0
0
0
0
0
0
0
0
0
0
0
0
0
0
0
0
0
0
0
0
0
0
0
0
0
0
0
0
0.000706995464858042
0.000706995464858042
0.000706995464858042
0.0388932096439331
0.583765081202142
0.273783993766277
0.0441872165536276
0
0
0.000706995464858042
0
0
0.000706995464858042
0
0
0
0
0
0
0
0
0
0
0
0
0
0
0
0
0
0
0
0
0
0
0
0
0
0
0
0
0
0
0
0
0
0
0
0
0
0
0
0
0
0
0
0
0
0
0
0
0
0
0
0
0
0
0
0
0
0
0
0
0
0
0
0
0
0
0
0
0
0
0
0
0
0
0
0
0
0
0
0
0
0
0
0
0
0
0
0
0
0
0
0
0
0
0
0
0
0
0
0
0
0
0
0
0
0
0
0
0
0
0
0
0
0
0
0
0
0
0
0
0
0
0
0
0
0
0
0
0
0
0
0
0
0
0
0
0
0
0
0
0
0
0
0
0
0
0
0
0
0
0
0
0
0
0
0
0
0
0
0
0
0
0
0
0
0
0
0
0
0
0
0
0
0
0
0
0
0
0
0
0
0
0
0
0
0
0
0
0
-1000
0
0
0
0
0
0
0
0
0
0
0
0
0
0
0
0
0
0
0
0
0
0
0
0
0
0
0
0
0
0
0
0
0
0
0
0
0
0
0
0
0
0
0
0
0
0
0
0
0
0
0
0
0
0
0
0
0
0
0
0
0
0
0
0
0
0
0
0
0
0
0
0
0
0
0
0
0
0
0
0
0
0
0
0
0
0
0
0
0
0
0
0
1000
1000
0
0
0
0
0
0
0
0
0
0
0
0
0
0
0
0
0
0
-1000
0
-1000
0
0
0
0
0
0
0
1000
1000
0
0
0
0
0
0
0
0
0
0
0
0
0
0
0
0
0
0
0
0
0
0
0
0
0
0
0
0
0
0
0
0
0
0
0
0
0
0
0
0
0
0
0
0
0
0
0
0
0
0
0
0
0
0
0
0
0
0
0
0
0
0
0
0
0
0
0
0
0
0
0
0
0
0
0
0
0
0
0
0
0
0
0
952.735184998348
-207.971529077445
0
-0.000370415885868169
0.000706995464838656
0
1000
0
0
0
0
251.598963532123
0.583058085737321
511.077124921071
0
0
0
0.000939240023285492
0.273076998301462
0
-999.726923001699
999.999293004535
0
0
0
0
0
-0.000185207942990928
0
0
0
0
0
0
0
-1000
0.000939240023285492
0
0
0
0.00247448412699214
0
0
0
0
0
0
0
-0.00247448412699214
0
0
0
0
0
250
-1000
952.735184998348
0
0
0
728.075461958162
1000
-0.0192918953929393
0
0
0.000706995464838656
-0.000706995464838656
0
0
0.0256285856009981
-0.0256285856009981
1000
0
0
0
0
0
1000
0
-49.0297076149443
-950.970292385056
-1000
0
-488.922689870986
-511.077310129014
-1000
0
0
0
0
0
-1000
0
-0.273076998301462
0
0
0
-999.726923001699
999.726923001699
-1000
0
0
0
-1000
0
0
0
-1000
0
0
0
0
0
0
0
0
0
0
0
0
0
0
0
0
0
0
0
-1000
1000
-1000
0
-1000
0
-1000
0
-877.550770069549
0
0
0
0
0
0
0
0
0
-1000
0
-1000
0
-1000
0
-1000
0
-1000
0
-1000
0
0
0
0
0
0
0
0
0
-250
-750
250
-250
0
0
0
0
-0.000370415885868169
0.000370415885868169
0
0
0
0
0
0
0
0
0
0
0
0
0
0
0
0
0
0
-0.000185207942990928
0.000185207942990928
0
0
0
0
0
0
0.000939240023285492
-0.000939240023285492
0
0
0
0
0
0
0
0
0
0
0
0
0
0
0
0
0.000185207942990928
0.000185207942990928
0
0
0
0
0
0
0
0
0
0
0
0
0
0
0
0
0
0
0.000939240023285492
-0.000939240023285492
0
0
0
0
0
0
-0.00247448412699214
-0.00247448412699214
0
0
0
0
0
0
0
0
0
0
0
0
0
0
0
0
0.00247448412699214
0.00247448412699214
0
0
0
0
0
0
0
0
0
0
0
0
0
0
0
0
0
0
0
0
0
0
0
0
0
0
0
0
0
0
0
0
0
0
0
0
0
0
0
0
0
0
0
0
1.05309828137831
0.0032153158988243
0
0
0
0
0
0
0
0
0.132502080885656
0
0
0
0
0
0
0
0
0
0
0
0
0
0
0
0
0
0
0
0
0
0
0
0
0
0
0
0
0
0
0
0
0
0
0
0
0
0
0
0
0
0
0
0
0
0
0
0
0
0
0
0
49.0297076149444
49.0297076149444
49.0297076149444
0
49.0040790293433
49.0040790293433
0
0
0
0
0
0
0
0
0
0
0
0
0
0
0
0
0
0
0
0
0
0
0
0
0
0
0
0
0
0
0
0
0
0
0
0
0
0
0
0
0
0
0
0
0
0
0
0
0
0
0
0
0
0
0
0
0
0
0
0
0
0
0
0
0
0
0
0
0
0
0
0
0
0
0
0
0
0
0
0
0
0
0
0
0
0
0
0
0
0
0
0
0
0
0
0
0
0
0
0
0
0
0
0
0
0
0
0
0
0
0
0
0
0
0
0
0
0
0
0
0
0
0
0
0
0
0
0
0
0
0
0
0
0
0
0
0
0
0
0
0
0
0
0
0
0
0
0
0
0
0
0
0
0
0
0
0
0
0
0
0
0
0
0
0
0
0
0
0.0032153158988243
0.0032153158988243
0.0032153158988243
0.0032153158988243
0.0032153158988243
0
0
0
0
0
0
0
0
0
0
0
0
0
0
0
0
0
0
0
0
0
0
0
0
0
0
0
0
0
0
0
0
0
0
0
0
0
0
0
0
0
0
0
0
0
0
0
13.1613411063417
13.1613411063417
-13.1613411063416
4.37961129834996
-2.18819799122559
2.18819799122557
2.18819799122557
2.18819799122557
2.18178599894038
2.18178599894038
2.18178599894038
2.18178599894038
2.18178599894038
2.18178599894038
2.18178599894038
2.18178599894038
0
2.18178599894043
2.18178599894038
2.18178599894038
2.18178599894038
2.18178599894038
2.18178599894038
2.18178599894038
2.18178599894038
2.18178599894038
2.18178599894038
0
0
0.00641199228519164
0
0.00641199228519164
0.00641199228519164
0.00641199228519164
0.00641199228519164
0.00641199228519164
0.00641199228519164
0.00641199228519164
0.00641199228519164
0.00641199228519164
0.00641199228519164
0.00641199228519164
0.00641199228519164
0.00641199228519164
0.00641199228519164
0.00641199228519164
0.00641199228519164
13.1613411063417
13.1613411063417
4.37961129834996
4.37961129834996
0
0
0
0
0
0
0
0
0
0
0
0
0
0
0
0
0
0
0
0
0
0
0
0
0
0
0
0
0
0
0
0
0
0
0
0
0
0
0
0
0
0
0
0
0
0
0
0
0
0
0
0
0
0
0
0
0
0
0
0
0
0
0
0
0
0
0
0
0
0
0
0
0
0
0
0
0
0
0
0
0
0
0
0
0
0
0
0
0
0
0
0
0
0
0
0
0
0
0
0
0
0
0
0
0
0
0
0
0
0
0
0
0
0
0
0
0
0
0
0
0
0
0
0
0
0
0
0
0
0
0
0
0
0
0
0
0
0
0
0
0
0
0
0
0
0
0
0
0
0
0
0
0
0
0
0
0
0
0
0
0
0
0
0
0
0
0
0
0
0
0
0
0
0
0
0
0
0
0
0
0
0
0
0
0
0
0
0
0
0
0
0
1.05309828137831
0
0
0
1.29238612912985
1.29238612912985
0
-1.2923861291298
1.29238612912985
1.29238612912985
0
0
1.05309828137831
0
0
0
1.29238612912985
0
1.29238612912985
1.29238612912985
0
0
0
0
0
0
0
0
0
0
0
0
0
0
0
0
0
0
0
0
0
0
0
0
0
0
0
0
0
0
0
0
0
0
0
0
0
0
0
0
0
0
0
0
0
0
0
0
0
0
0
0
0
0
0
0
0
0
0
0
0
0
0
0
0
0
0
0
0
0
0
0
0
0
0
0
0
0
0
0
0
0
0
0
0
0
0
0
0
0
0
0
0
0
0
0
0
0
0
0
0
0
0
0
0
0
0
0
0
0
0
0
0
0
0
1.05309828137831
0.0032153158988243
0
0
0
0
0
0
0
1.16956106179476
0
0
0
0.869278516113253
0.869278516113253
0.869278516113253
0
0
0
0
0
0
1.18881567816279
0
0
0
0.0032153158988243
0
0
0
0
-1.18881567816277
1.18881567816279
0
0
0
0
0.326408928975332
0
0
0
0
0
0
0.21681791548468
0.197563299116648
0.21681791548468
0
0
0
0
0
0
0
0
0
9.9094451643206
9.9094451643206
9.9094451643206
0
0
0
0
-0.132502080885615
0
0
0
0
0
0
0
0
0
0
0
0
0
0
0
0
0
0
0
0
0
0
0
0
0
0
0
0
0
0
0
0
0
0
0
0
0
0
0
0
0
0
0
0
0
0
0
0
0
0
0
0
0
0
0
0
0
0
0
0
0
0
0
0
0
0
0
0
0
0
0
0
0
0
0
0
0
0
0
0
0
0
0
0
0
0
0
0
0
0
0
0
0
0
0
0
0
0
0
0
0
0
0
0
0
0
0
0
0
0
0
0
0
0
0
0
0
0
0
0
0
0
0
0
0
0
0
0
0
0
0
0
0
0
0
0
0
0
0
0
0
0
0
0
0
0
0
0
0
0
0
0
0
0
0
0
0
0
0
0
0
0
0
0
0
0
0
0
0
0
0
0
0
0
0
0
0
0
0
0
0
0
0
0
0
0
0
0
0
0
0
0
0
0
0
0
0
0
0
0
0
0
0
0
0
0
0
0
0
0
0
0
0
0
0
0
0
0
0
0
0
0
0
0
0
0
0
0
0
0
0
0
0
0
0
0
0
0
0
0
0
0
0
0
0
0
0
0
0
0
0
0
0
0
0
0
0
0
0
0
0
0
0
0
0
0
0
0
0
0
0
0
0
0
0
0
0
0
0
0
0
0
0
0
0
0
0
0
0
0
0
0
0
0
0
0
0
0
0
0
0
0
0
0
0
0
0
0
0
0
0
0
0
0
0
0
0
0
0
0
0
0
0
0
0
0
0
0
0
0
0
0
0
0
0
0
0
0
0
0
0
0
0
0
0
0
0
0
0
0
0
0
0
0
0
0
0
0
0
0
0
0
0
0
0
0
0
0
0
0
0
0
0
0
0
0
0
0
0
0
0
0
0
0
0
0
0
0
0
0
0
0
0
0
0
0
0
0
0
0
0
0
0
0
480.776050607949
0
0
480.776050607949
0
0
0
0
0
0
0
0
0
0
0
0
0
0
0
0
0
0
0
0
0
0
0
0
0
0
0
1000
0
0
0
0
0
0
0
0
0
0
0
0
0
0
0
0
0
0
0
0
0
0
0
0
0
0
0
0
0
0
0
0
0
0
0
0
0
0
0
0
0
0
0
0
0
0
0
0
0
0
0
0
0
0
0
0
0
0
0
0
0
0
0
0
0
0
0
0
0
0
0
0
0
0
0
0
0
0
0
0.146448319435194
0.146448319435216
0
0
0
0
0.146448319435194
0
0.146448319435216
0
0
0
0
0
0.0225305106823388
0
0
0
0
0
0
0
0
0
0
0
0
0
0.886200086838756
0
0
0
0
0
0
0.886200086838756
0.886200086838756
0.886200086838756
0.886200086838812
0
0
0
0
0
0
0
0
0
0
0
0
0
0
0
0
0
0
0
0
0
0
0
0
0
0
0
0
0
0
0
0
0
0
0
0
0
764.153095471368
764.153095471368
0
0
0
0
0
0
0
0
0
0
0
0
0
0
0
0
0
0
0
0
0
0
0
0
0
0
0
0
0
0
0
0
0
0
0
0
0
0
0
0
0
0
0
0
0
0
0
0
1000
685.131205606036
-1000
0
0
0
-1000
1000
1000
353.219735531288
0
0
0
-1000
684.509111877785
0
0
0
0
0
0
0
0
0
0
0
0
0
0
0
0
0
0
0
0
0
0
0
0
0
0
0
0
0
0
0
0
0
0
0
0
0
0
0
0
-1000
0
0
0
0
0
0
0
0.584293174166389
0.584293174166389
0
0
0
0
0
0
0
0
-999.996784684101
-1000
1000
-1000
1000
999.996784684101
-1000
0
0
0
0
0
0
0.00321531589884216
0
0
0
0
0
0
0.0257225271905944
0.0128612635952972
0.0032153158988243
0.0032153158988243
0.0032153158988243
0.0032153158988243
0
0.0032153158988243
0
0
0
0
0
0
0
0.0128333043266118
0
0.0032153158988243
0.0192546163680319
1000
0.00160299807129791
0.00160299807129791
0.00321531589884216
0
0.0112303062553138
0.00160299807129791
0.0240729303381564
-0.00160299807134834
0.00160299807129791
0.00160299807129791
0.00160299807129791
0.00160299807129791
0.00160299807129791
-0.00160299807134834
-0.00320599614258299
-0.00481831397007682
0.00160299807129791
0.00160299807129791
0.00160299807134834
0.00160299807129791
-0.00481831397007682
-0.00160299807134834
0.00321531589884216
0.00160299807129791
0.00160299807129791
0.0032153158988243
0.0032153158988243
-0.00321531589884216
-0.00321531589884216
0.00321531589884216
0.00321531589884216
0.00160299807129791
0.00160299807129791
0.00160299807129791
0.00160299807129791
0.0353218761059679
-0.00481831397007682
-999.977530067733
0
0
0
0
0
0
684.509111877785
0
0
0
0.0032153158988243
0
0
0
0
0.00160765794941215
0.00321531589884216
0.00321531589884216
0
0
0.0032153158988243
0.0032153158988243
0
0
0
0
0
0
0.00641199228519164
0.00160299807129791
0.00480899421389373
0.00160299807129791
-0.00160299807134834
0.00160299807129791
0.00160299807129791
0.00160299807129791
0.00160299807129791
0.00160299807129791
0.00160299807129791
0.00320599614259582
0.00160299807129791
0.00160299807129791
0.00160299807129791
0.00160299807129791
0.00160299807129791
0
0.00160299807129791
0.0032153158988243
0.0032153158988243
0.0032153158988243
0.0032153158988243
0.0032153158988243
0.0032153158988243
0.0032153158988243
0.0032153158988243
0.0032153158988243
0.0032153158988243
0.0032153158988243
0.0032153158988243
0.0032153158988243
0.0032153158988243
0
0
0
0
0
0
0
0
0
0
0
0
-0.00321531589884216
0
0
0
0
0
0
0
0
0
0
0
0
0
0
0
0
0
0
0
0
0
0
0
0
0
0
0
0
0
0
0
0
0
0
0
0
0
0
0
0
0
0
0
0
0
0
0
0
0
0
0
0
0
0
0
0
0
0
0
0
0
0
0
0
1000
500
29.7379814406583
0
0
0
0
0.0032153158988243
0
0
0
0
0
0
0
0
0
1000
0
0
0
0
0
0
0
0
0
0
0
-524.134717294002
0
0
0
-250
0
-49.0033720338783
0
0
0
0.000706995464858042
0
0
0
0
0.000706995464858042
0
0
0
0.00141399092971608
0
0.000706995464858042
0
0
0
0
0
0
0
0.000706995464858042
0.000706995464858042
0.000706995464858042
0.000521787521902755
0.000706995464858042
0.000706995464858042
0.000706995464858042
0.000706995464858042
0.000706995464858042
0.000706995464858042
0.000706995464858042
0.000706995464858042
0
0.000706995464858042
0.000706995464858042
0.000706995464858042
0.0148469047620189
0.00535796167869963
0.0203261196146687
0.0205028684808832
0.0104281831066561
0.000706995464858042
0.000706995464858042
0.0516106689346371
0.000706995464858042
0.000706995464858042
0.000706995464858042
0.000706995464858042
0.338474078800788
0.00512571712022081
0.0380010062361198
0
0
0.000706995464858042
0.000706995464858042
0.0067164569161514
0.000706995464858042
0.000706995464858042
0.000706995464858042
0
-1000
0
-1.05309828137831
0
0
0
0
0
353.219735531288
-1000
-1000
744.483677156938
0.886200086838756
-1000
1000
5.05853457014291
0
762.964279793205
282.089825426811
-9.92588673905902
-1000
0
0
1000
523.49725761767
0
0
0
0
1000
0.216817915484626
0
0
0
-287.001911677519
1000
-0.00321531589884216
0
0
0
-2.81411592611539
0
712.998088322481
0
0
0
1.06468968376328
338.054823838233
287.001911677519
-1000
-3.54047442717228
-5.05853457014291
0
1000
1000
0
-894.709257792182
0
0
1000
847.006400970877
-1000
1000
0
1000
0
0
-1000
1000
1000
1000
0
0
0
0
-29.7379814406582
0
0
0
0
0
0
0
0
0
1000
0
1000
0
0
0
0
0
0
0
0
0
0
1000
0
0
0
0
0
0
0
0
0
-1000
-1000
-677.558879793439
-1000
1000
-1000
-1000
-1000
-1000
-1000
-1000
1000
1000
-1000
-1000
-1000
-1000
-1000
-34.574858811895
1000
-1000
-1000
-1000
1000
1000
1000
1000
1000
1000
-1000
-1000
1000
-1000
-1000
-1000
-1000
-1000
-1000
976.396214540692
-1000
1000
1000
-1000
-1000
-1000
-1000
-1000
-1000
-1000
-1000
-1000
-1000
1000
1000
1000
-1000
-1000
-1000
961.852843676644
-1000
1000
-1000
-1000
-1000
-968.101351904661
-961.325147429293
-1000
-1000
-1000
-1000
-1000
-1000
-1000
1000
1000
1000
-603.968052202845
-1000
-1000
1000
-1000
-1000
1000
-1000
-405.202584042744
1000
-144.10764712551
1000
-1000
650.865273355303
1000
1000
-1000
-1000
1000
1000
1000
1000
-1000
-1000
-1000
-1000
1000
-1000
-1000
-1000
-1000
-1000
949.395886639466
1000
1000
1000
1000
-1000
1000
1000
-1000
-1000
-1000
-30.8220376222885
-1000
-1000
-939.263999086776
9.5415198279328
1000
-1000
-9.5415198279328
-1000
0
0
0
0
0
0
0
0
0
0
0
0
0
0
0
0
0
0
0
0
0
0
0
0
0
0
0
0
0
0
0
0
0
0
0
0
0
0
0
0
0
0
0
0
0
0
0
0
0
0
0
0
0
0
0
0
0
0
0
0
0
0
0
0
0
0
0
0
0
0
0
0
0
0
0
0
0
0
0
0
0
0
0
0
0
0
0
0
0
0
0
0
0
0
0
0
0
0
0
0
0
0
0
0
0
0
0
0
0
0
0
0
0
0
0
0
0
0
0
0
0
0
0
0
0
0
0
0
0
0
0
0
0
0
0
0
0
0
0
0
0
0
0
0
0
0
0
0
0
0
0
0
0
0
0
0
0
0
0
0
0
0
0
0
0
0
0
0
0
0
0
0
0
0
0
0
0
0
0
0
0
0
0
0
0
0
0
0
0
0
0
0
0
0
0
0
0
0
0
0
0
0
0
0
0
0
0
0
0
0
0
0
0
0
0
0
0
0
0
0
0
0
0
0
0
0
0
0
0
0
0
0
0
0
0
0
0
0
0
0
0
0
0
0
0
0
0
0
0
0
0
0
0
0
0
0
0
0
0
213.180413890425
0
0
0
0
0
0
0
0
0
0
0
0
0
0
0
0
0
0
0
0
0
0
0
0
0
0
0
0
0
0
0
0
0
0
0
0
0
0
0
0
0
0
0
0
51.5837168209416
0
0
0
0
674.49986837541
0
0
0
0
0
0
0
0
0
0
0.0032153158988243
0
0
0
0
1000
1000
-1000
1000
1000
1000
1000
-1000
-1000
-1000
1000
-1000
1000
1000
1000
0
-1000
-1000
1000
-1000
1000
1000
-1000
0
-1000
-1000
-1000
-1000
1000
-1000
-1000
-1000
-1000
-1000
1000
-1000
1000
-1000
-1000
-2.1432488069355
-999.95505081571
1000
-1000
-1000
-1000
1000
-1000
-1000
-478.008531512933
-1000
-1000
-1000
-1000
1000
-1000
0
0
0
0
0
0
0
0
0
0
0
0
0
0
0
0
0
-1000
-1000
-0.422239322394603
0
0
0
0
0
0
1000
0
0
0
0
0
0
0
0
0
-0.00321531589884216
0.0032153158988243
0
0
-0.00321531589884216
-0.00321531589884216
0
0
0
0
0
0
0
0
0
0
0
0
0
0
0
0
0
0
0
0
0
0
0
0
0
0
0
0
0
0
0.0032153158988243
0
0
-1000
-1000
-684.509111877785
1000
-1000
0
0
0
0
0.326408928975297
-342.436903318692
0
0
0
0
0
0
0
0
0
0
0
0
0
0
0
0
0
255.516322843062
0
0
0
0.0032153158988243
0
0
0
0
-477.546993879553
0
0
0
0
0
0
-1000
-0.00321531589884216
0
0
0
0
0
0
0
0
0
0
0
0
0
0
0
0
0
0
0
0
0
0
0
0
0
0
0
0
0
0
0
0
0
0
0.0032153158988243
0
0
0
0
1000
0
952.735184998348
0
-49.0033720338783
0
1.73855703222651
0
0
0
0
0
1000
0
-927.904361797633
0
0
0
0
0
0
0
0
-0.0257225271906236
0
0.00321531589884216
0
-973.132932963145
98.0042357473228
1000
521.991468487067
0
0
0
0
1000
0
0
0
0
0
0.00321531589895585
0
0
878.885051949267
0
0
0
0
927.930084324824
0.0257225271906236
0
0
-1000
0
0
-1000
0.0032153158988243
-1000
1000
0
0
0
0
0
0
0
0
0
0
60.7756951729409
-1000
1000
0
0
0
0
0
0
0
0
0
0
1000
1000
878.81559724262
0
998.337328306218
0
0
0
0
0
0
0
0
0
0
0.869278516113253
0
0.0032153158988243
-0.00321531589884216
0.0032153158988243
0.0032153158988243
0
0
0.00321531589884216
0
0
0
0.869278516113241
0
0
-0.00964594769652649
-1000
-1000
-1000
0
-1000
1000
0
0
1.66267169378239
-1.66267169378239
-1000
-1000
0
0
0
0
0
0
0
0
0
0
0
0
0
0
0
0
0
0
0
0
0
0
0
0
1000
0
0
0
0
0
0
0.00160299807129791
0
1000
0
0
0
0
0
0
0.0032153158988243
0
0
0
0
0
0
0
0
0
0
-1000
0
250
0
0
0
0
0
0
0
0
0
0
0
1000
0
0
0
1000
0
0
0
0
0
0
0
0
0
0
0
0
0
0
0
0
0
0
0
0
0
0
0
0
0
0
0
0
2.07364576083592
0
0
0
0
0
0
0
0
0
0
0
0
0
0
0
0
0
0
0
0
0
0
0
0
0
0
0
0
0
0
0
0
0
0
0
0
0
0
0
0
0
0
0
0
0
0
0
0
0
0
0
0
0
0
0
0
0
0
0
0
0
0
0
0
0
0
0
0
0
0
0
0
0
0
0
0
0
0
0
0
0
0
0
0
0
0
0
0
0
0
0
0
0
0
0
0
0
0
0
0
0
0
0
0
0
0
0
0
0
0
0
0
-999.988408597615
0
0.00160299807134834
0
0.0176422985405225
0
0
-0.0115914023849655
0
1000
0.0144363023979395
0
0
0
0
0
0
0
0
0
0
0
0
0
0
0
0
0.0032153158988243
0.0032153158988243
0.0032153158988243
-1000
-1000
0
728.075461958162
-1000
0
0
0
0
0
0
-1000
1000
0
0
0
0
0
0
0
0
0
0
-1000
0
1000
0
-1000
-1000
-1000
-999.726923001699
-1000
-1000
0
0
0
0
0
0
0
0
0
-1000
-1000
0.372880917028283
877.550770069549
0.352178054947069
0.0032153158988243
0.0032153158988243
0.0032153158988243
0.0032153158988243
0.0032153158988243
547.67403261031
0
0
0
1000
0
0
0
0.000706995464858042
0
0
0
0
0
0
0
-1000
0
0
0
0
0
0
1000
-999.999293004535
0
1000
1000
1000
-1000
0
0
0
0
0
0
0
0
0
250
0
0
0
0
0
0
0
0
0
0
0
0
0
0
0
0
0
0
0
0
0
0
0
0
0
0
0
0
0
0
0
0
0
0
0
0.0032153158988243
-1000
0
0
0
0
0
0
0
0
0
-1000
0
0
0
0
0
0
0
478.008531512933
1000
-1000
-1000
-1000
-1000
-1000
0
0.0192546163680319
0
0
0
0
-999.254238165943
-1000
0
0
0
0
0
0
999.980708104607
13.5117484076053
0
0
0
0
0.517100461166184
0.517100461166184
-658.081791597436
-999.986805599544
0
0
0
0
0
0
0
0
1000
0
0
0
0
0
0
0
1000
0.0032153158988243
0
0
0
0
0
0
0
0
668.713838969402
1000
0
0
1000
0
0
0
1000
0
0.00480899421389373
0
0
-950.970292385056
0
-1000
0
0
0
-1000
-1000
0
0
0
0
0
0
1000
0
-993.536365994428
993.536365994428
0
0
0
0
-750
0
0
0
0
-1000
-1000
0
0
777.051448944913
0
0
0
0
0.000939240023336861
0
0
0
0
0
0
0
0
998.337328306218
0
1000
0
0
0
0
0
0
0
0
0
939.351977720926
60.7756951729409
0
-1000
60.7756951729409
-1000
-1000
1000
0
0
0
0
0
0
0
0
-1000
0
0
1000
0.00160299807129791
0.00160299807129791
0
-1000
-480.776050607949
-480.776050607949
511.077310129014
0
0
0
0
0
0
0
0
0
0
0
0
0
0
0
0
0
0
0
0
0
0
0
0
0
0.00247448412699214
0
0
0
0
0
0
0
0
0
0
0
0
0
0
0
0
0
0
0
0.000185207942955287
0
0
0.000185207942990928
0.000185207942990928
0.000185207942990928
0
0
0
0
0
0
0
0.000185207942955287
0.000185207942990928
0.000185207942990928
0.000185207942990928
0
0
0
0
0
0
0
0
0
-1000
0
-1000
0
0
0
0
0
0
-1000
0
0
0
0
0
0
0
0
0
0
0
999.974371414399
0
0
0
0
0
0
0
0
0
0
0
0
0
1000
0
0
0
-47.264815001652
0
0
0
0
0
0
0
0
0
0
0
0
0
0
0
0
0
0
0
0
0
0
0
0
0
0
0
0
0
0
0
0
0
0
0
0
0
0
0
49.0033720338784
0
0
0
0
0
0
0
0
0
0
0
0
0
0
49.0040790293433
0
0
0
0
0
0
0
0
0
0
0
0
0
0
0
0
0
0
0
0
0
0
0
0
0
0
0
0
0
0
0
0
0
0
0
0
0
0
0
0
0
0
0
0
0
0
0
0
0
0
0
0
0
0
0
0
0
0
0
0
0
0
0
0
0
0
0
0
0
0
0
0
0
0
0
0
0
0
0
0
0
0
0
0
0
0
0
0
0
0
0
0
0
0
0
0
0
0
0
0
0
0
0
0
0
0
0
0
0
0
0
0
0
0
0
0
0
0
0
0
0
0
0
0
0
0
0
0
0
0
0
-1000
0
0
0
0
0
0
0
0
0
0
0
0
0
0
0
0
0
0
0
0
0
0
67.9284353255291
0
0
-98.7407347312135
0
0.146448319435194
-1000
1000
0.191419022110315
0
0
-1000
-1000
0.000706995464858042
0
0
229.896067119283
0.0192918953929458
0
0
0
699.371328852933
0
0
0
0
0
0
0
0
0
0
0
0
0
0
0
0
0
0
0
0
0
0
0
0
0
0
0
0
0
0
0
0
0
0
0
0
0
0
0
0
0
0
0
0
0
0
0
0
0
0
0
0
0
0
0
0
0
0
0
0
0
0
0
0
0
0
0
0
0
0
0
0
0
0
0
0
0
0
0
0
0
0
0
0
0
0
0
0
0
0
0
0
0
0
0
0
0
0
0
0
0
0
0
0
0
0
0
0
0
0
0
0
0
0
0
0
0
0
0
0
0
0
0
0
0
0
0
0
0
0
0
0
0
0
0
0
0
0
0
0
0
0
0
0
0
0
0
0
0
0
0
0
0
0
0
0
0
0
0
-984.409876831919
0
0
0
0
0
0
0
0
0
0
0
0
0
0
0
0
0
0
0
0
0
0
0
0
0
0
0
0
0
0
0
0
0
0
0
0
0
0
0
0
0
0
0
0
0
0
0
0
0
0
0
0
0
0
0
0
0
0
0
0
0
0
0
0
0
0
0
0
0
0
0
0
0
0
0
0
0
0
0
0
0
0
0
0
0
0
0
0
0
0
0
0
0
0
0
0
0
0
0
0
0
0
0
0
0
0
0
0
0
0
0
0
-984.409876831919
0
0
0
0
0
0
0
0
0
0
0
0
0
0
0
0
0
511.077310129014
0
0
0
0
0
0
0
0
0
0
0
-1000
0
0
0
0
0.00321531589884216
-341.535189720964
-658.081791597436
0
0
0
0
0
0
0
0
0
0
0
0
0
0
0
0
0
0
0
0
0
0
0
0
0
0
0
0
0
0
0
0
0
0
0
0
0
0
0
0
0
0
0
0
0
0
0
0
0
0
0
0
0
0
0
0
0
0
0
0
0
0
0
0
0
0
0
0
0
0
0
0
0
0
0
0
0
0
0
0
0
0
0
0
0
0
0
0
0
0
0
0
0
0
0
0
0
0
0
0
0
0
0
0
0
0
0
0
0
0
0
0
0
0
0
0
0
0
0
0
0
0
0
0
0
0
0
0
0
0
0
0
0
0
0
0
0
0
0
0
0
0
0
0
0
0
0
0
0
0
0
0
0
0
0
1000
0
0
0
0
0
0
0
0
0
1000
0.00321531589884216
0
0
0
999.416941914263
0
0
0
0
0
0
0
0
0
0
0
0
0
0
0
0
0
0
0
0
1000
0
0
0
0
0
0
0
0
0
0
0
0
0
0
0
0
0
0
0
0
0
0
0
0
0
0
0
0
0
0
0
0
0
0
0
0
0
0
0
0
0
0
0
0
0
0
0
0
0
0
0
0
0
0
0
0
0
0
0
0
0
0
0
0
0
0
0
0
0
0
0
0
0
0
0
0
0
0
0
0
0
0
0
0
0
0
0
0
0
0
0
0
0
0
0
0
0
0
0
0
0
0
0
0
0
0
0
0
0
0
0
0
0
0
0
0
0
0
0
0
0
0
0
0
0
0
0
0
0
0
0
0
0
0
0
0
0
0
0
0
0
0
0
0
0
0
0
0
0
0
0
0
0
0
0
0
0
0
0
0
0
463.033156453297
500
77.6646352373018
-1.76748866214507
0
0
-0.869278516113241
0
0
414.534990579099
17.1794173144912
37.5508511372354
0.0931975622847622
77.6646352373018
0
0
0
0
0
0
0
0
0
0
0
0
0
0
0
0
0
0
0
0
0
0
0
0
0
0
973.312975482126
-315.490888122215
0
0
-1000
658.056069070245
-1000
0
658.081791597436
0
0
0
-250
0
500
0
0
0
0
0.00321531589884216
-0.000370415885868169
0
0
0
0
0
0
0
0
0
0
0
0
0
0
0
0
0
0
250
0
49.0033720338783
0
0
1000
-0.3384740788008
-0.0148469047620665
0
-9.5415198279328
-18.7054652651959
-38.1471563233556
-29.9139632909352
-993.751491771983
-357.357095226447
-23.6345950201065
-4.09999375881239
-27.9799313616336
-1000
-1000
0
0
0
0
-1000
-34.574858811895
-1000
-23.603785459308
-996.264299979232
651.054886585546
-21.2805177943557
-17.3333569623045
906.496466235025
617.372064932138
0
1000
-1000
-1000
0
1000
-0.00321531589884216
0
999.254238165943
-1000
0
0
0
0.216817915484626
0.326408928975297
0
1000
0
0
0
0
0
0
0
0
0
0
0
-0.00321531589884216
0
0
0
0
0
0
0
0
0
0
0
0
0
0
0
0
0
0
476.50274238233
0
521.991468487066
0
0
-1.06468968376328
1000
0
-0.00321531589884216
-0.00321531589884216
-0.886200086838812
315.490888122215
0
0
-0.00321531589884216
0
-0.00321531589884216
-342.436903318692
0
0
-0.00321531589884216
0
0
0
-0.00321531589884216
0
0
0
0
0
-0.00321531589884216
0
0
0
0
0
0
0
0
0
0
0
353.219735531288
0
0
0
0
0
0
0
-661.945176161766
0
0
0
-1000
0
1000
0
0
-0.00321531589884216
0
0
0
0
-660.225522831135
0
0
0
0
0
0
0
0
0
70.1270387307563
-2.81411592611539
-0.422239322394603
-1000
-1000
0
0
0
0
0
712.998088322481
0
0
0
2.18819799122559
0
0
0
0
0
0
-3.54047442717228
0
0
0
0
1000
1000
5.05853457014291
0
0
762.964279793205
994.941465429857
0
0
0
0
0
-29.7379814406582
0
0
0
-1000
684.509111877785
0
0
0
0
-0.0449491842900898
0
-998.935310316237
0
0
331.286161030598
-287.001911677519
287.001911677519
0
0
0
0
0
0
282.089825426811
-1000
-1000
0
0
0
0
0
0
0
0
0
0
0
1000
0
0
-0.000706995464838656
-0.191419022110267
0
-0.0104281831066828
-0.0516106689345861
-0.00671645691613776
-0.0380010062360725
-0.0203261196146514
0
0
0
0
0
-0.000706995464838656
-1000
-0.00141399092967731
-0.000706995464838656
0
-0.00512571712022236
0
-0.000706995464838656
0
0
0
-13.5117484076053
0
0
-0.000706995464838656
-0.0053579616786692
0
-0.000706995464838656
-0.000706995464838656
-0.000706995464838656
-0.000706995464838656
-0.0205028684808894
0
0
0
0
0
-1000
1000
0
0
-1000
1000
-0.00321531589884216
-1000
750
-750
0
0
0
-1000
0
0
1000
0
0
0
0
0
0
0
0
0
0
0
0
0
0
0
0
-1000
1000
1000
-1000
-1000
0
-1000
-1000
0
0
0
-0.000706995464838656
-0.000706995464838656
0
0
0
0
1000
999.853551680565
-1000
229.896067119283
0.0192918953929393
0
0
0
699.371328852933
0
1000
0
-1000
0
0
0
0
0
0
0
0
0
0
0
0
0
0
0
0
0
0
0
0
0
0
0
0
0
0
0
0
0
0
0
0
0
0
0
0
0
0
0
0
0
0
0
0
0
0
0
0
0
0
0
0
0
0
0
0
0
0
0
0
0
0
0
0
0
0
0
0
0
0
-0.000521787521847727
0
0
0
0
0
0
0
0
0
0
0
0
0
0
0
0
0
0
0
0
0
0
0
0
0
0
0
0
0
0
0
0
0
0
0
0
0
0
0
0
0
0
0
0
0
0
0
0
0
0
0
0
0
0
0
0
0
0
0
0
0
0
0
0
0
0
0
0
0
0
0
0
0
0
0
0
0
0
0
0
0
0
0
0
0
0
0
0
0
0
0
0
0
0
0
0
0
0
0
0
0
0
0
0
0
0
0
0
0
0
0
0
0
0
0
0
0
0
0
0
0
0
0
0
0
0
0
0
0
0
0
0
0
0
984.409876831919
0
0
0
0
0
0
0
0
0
0
0
0
0
0
0
0
0
0
0
0
0
0
0
0
0
0
0
0
0
0
0
0
0
0
0
0
0
0
0
0
0
0
0
0
0
0
0
0
0
0
0
0
0
0
0
0
0
0
0
0
0
0
0
0
0
0
0
0
0
0
0
0
0
0
0
0
0
0
0
0
0
0
0
0
0
0
0
0
0
0
0
0
0
0
0
0
0
0
0
0
0
0
0
0
0
0
0
0
0
0
0
0
0
0
0
0
0
0
0
0
0
0
0
0
1000
0
0
341.535189720964
0
0
0
0
0
0
0
0
0
0
0
0
0
0
0
0
0
0
0
0
0
0
0
1000
0
-999.416941914263
0
-1000
-0.00321531589884216
0
0
0
0
0
0
0
0
998.946901718622
0
0
0
0
0
-1000
0
0
0
0
0
0
0
0
0
0
0
0
0
0
0
0
0
0
0
0
0
0
0
0
0
0
0
0
0
0
0
0
0
0
0
0
0
0
0
0
0
0
0
0
0
0
0
0
0
0
0
0
0
0
0
0
0
0
0
0
0
0
0
0
0
0
0
0
0
0
-0.000706995464838656
-0.000706995464838656
-0.000706995464838656
0
-0.000706995464838656
0
0
-0.000706995464838656
-0.000706995464838656
-0.000706995464838656
-0.000706995464838656
0
-0.000706995464838656
-0.000706995464838656
-0.000706995464838656
-0.000706995464838656
-0.000706995464838656
-0.000706995464838656
-0.000706995464838656
0
-0.000706995464838656
-0.000706995464838656
-0.000706995464838656
-1000
77.6646352373018
0
0
0
0
0
0
0
0
0
0
0
0
0
