0
0
0
0
0
0
0
0
-816.407868113002
891.870847686949
108.129152313051
0
0
199.280453555783
590.594736327068
0
999.738416265955
-999.738416265955
999.939964388908
0
0.0600356110921751
0
-1000
0.377366698293713
0
1000
-201.795458741496
0
-333.89365479473
0.0265597046796613
0
0
0
0
0
0
0.0330626017180396
0
0
0
36.0266881749764
0
0
0
0
0
125
0
125
0
125
0
125
0
125
0
125
0
0
0
0
125
0
0
0
0
0
0
0
333.89365479473
0
0
0
0
-654.89835092465
-654.89835092465
0
0
0
0
333.89365479473
0
0
-1000
0
0
0
0
0
0
0
0
0
0
0
0
0
0
0
0
0
0
0
0
0
0
0.00367184857322507
0
0
0
0
0
0
0
0
32.1011184130213
0
0
0
0
0
0
0
0
0
0
0
0
0
0
0
0
0
0
0
831.607432066671
0
0
1000
0
0
0
0
0
0
1000
0
0
0
0
-15.030078873656
0
0
0
0
-982.352874027094
0
0
0
1000
0
0
598.503838425076
1000
1000
401.487585059054
0
204.471331693033
0
-1000
401.487585059054
600.768038614838
1000
-800.719546444217
0
204.471331693033
1000
0
0
0
0
0
603.815446834481
217.339335674621
0
0
0
0
0
-410.577683148523
0
0
0
0
0
0
0
1000
-1000
0
406.538796059766
0
1000
0
0
0
0
402.420365555723
402.420365555722
409.143679938888
0
0
406.538796059766
-813.00233696218
0
-999.995711742065
593.457532091661
0
0
0
0
0
0
0
0
0
0
186.99766303782
0
0
-1000
592.277165813361
0
407.012411310516
0
0
0
0
0.710422876123981
0
813.00233696218
0
0
0
-1000
0
0
0
0
0
0
0
0
0
0
0
0
-1000
0
590.599367823022
-1000
-1000
654.89835092465
1000
1000
1000
-1000
-1000
-0.992704660930144
925.75077704635
0
0
-0.710422876123971
1000
-1000
-1000
1000
0
0
1000
0
0.184395091211681
0
-0.184395091211627
0
0.00183060276694119
1000
0
0
0
2.22097880699141
0
0
0
0
0
342.507188279425
0
0
0
0
0
0
287.001911677519
0
1000
0.482191766619631
0
0
1000
0
-0.184395091211627
0
-0.710422876123971
0
0
0.710422876123971
0
0
0
0
0
0
0
0
-1000
0
0
0
1000
0.710422876123971
0
-1000
-0.992704660930144
0
0
406.542467908339
0
0
0
0
0
0
0
0
0
0
0
0
712.998088322481
0
0
0
2.3680762537466
0
9.96898018431154
0
0
0
0
0
0
0
0
1000
-1000
1000
-342.509018882192
1000
1000
-1000
-1000
-1000
-1000
1000
-1000
1000
1000
0
0
-1000
0
0
0
0
-1000
0
-1000
1000
-1000
1000
1000
0
0.079316363781345
-1000
0
0
0
0
0
0
0
0.992704660930138
-406.538796059766
1000
1000
0
1000
-1000
-1000
1000
-0.473615250749276
-1000
0
1000
1000
-1000
-1000
-1000
1000
1000
-1000
-525.348236849566
1000
-1000
-1000
926.30370866088
-1000
0
0
0
0
0
0
0
0
-1000
0
0
0
-989.107381384733
1000
0
0
0
-30.2144179595447
0
0
0
0
0
0
0
0
15.1819630273555
0
0
0
15.1819630273555
0
0
0
0.00367184857322507
0
900.777946432197
-10.8962904638405
-889.881655968356
0
889.881655968356
0
0
0
0
0
0
0
0
0
0
0
0
0
0
0
0
0
0
0
0
0
0
0
0
0
0
0
0
0
0
0
0
0
0
0
0
0
0
0
0
0
1000
999.996328151427
0.107206448378861
0.107206448378861
0
-999.289577123876
0
0
0
0
0
0
0
0
0
0
0
33.2175750139083
0
0
0
0
0
0
0
0
0
0
0
0
0
0
0
0
0
0
0
0
0
0
0
0
0
0
0
0
0
0
0
0
0
0
0
0
0.167242059471075
0
0
0
-1000
0
0
0
0
0
0
1000
0
0
0
0
0
0
0
0
0
0
0
0
0
0
0
0
0
0
0
0
0
0
0
0
0
0
0
0
0.167242059471075
0
0
0
0
0
0
0
0
0
982.368993797098
0
0
0
0
0
0
0
0
0
0
0
0
0
0
0
0
0
0
0
0
0
0
0
0
0
0
0
0
0
0
0
0
0
0
0
0
0
0
0
0
0
0
0
0
0
0
0
0
0
0
0
0
0
0
0
0
0
0
0
0
0
0
0
0
0
0
0
0
0
0
0
0
448.633376305431
0
0
1000
0
448.637664563366
0
0
0
0
0.776174686263121
0.776174686263121
0
0
0
0
0
0
0
0
0
0
0
0
0
0
0
0
0
0
0
0
0
0
0
0
0
0
0
-1000
0
0
0
-999.996328151427
0
0
-1000
0
0
0
0
2.22989412628079
0
0
2.22989412628079
0
0
0
0
0
0
0
0
0
0
2.22989412628079
0
2.22989412628079
0
0
0
13.3023579334407
37.9188210131175
24.2377482630664
17.7522570286131
26.3206797544236
8.66310142996317
20.261242688657
37.066712675744
34.1316728470134
10.7933722733967
20.9239936177253
43.1261497415106
34.0369941428608
10.5093361609389
17.4208815640789
24.1430695589137
31.2913117224353
25.3265533608213
4.63925650347754
31.5753478348931
0
0
0
0
0
0
0
0
0
0
0
0
0
0
0
0
0
0
0
0
0
0
0
0
0
0
0
0
0
0
0
0
0
0
0
0
0
0
0
0
0
0
0
0
0
0
0
0
0
0
0
0
0
0
0
0
0
0
0
0
0
0
0
0
0
0
0
0
0
0
0
0
0
0
0
0
0
0
0
0
0
0
0
0
0
0
0
246.743598254646
0
0
0
0
0
0
-1000
0
0
0
0
33.2175750139084
0
0
1000
1000
0
0
0
0
443.561251551161
246.748871413551
0
-30.2144179595447
-690.464500250377
-690.464500250377
-1000
0
-246.752543262125
0
-246.872614484309
1000
1000
690.318699480582
1000
0
-443.561251551161
753.251128586449
0
-1000
-1000
-1000
0
753.247456737875
0
0
0
246.752543262125
0
0
0
0
0
0
0
0
0
0
0
-1000
377.118244775116
1000
1000
0
481.847906523168
0
50.4867880009307
5
0
0
0
0
0
0
171.291814844386
0
0
0
0.120469126813873
0
4.00559846655938
-0.120469126813873
-0.120469126813873
0.120469126813873
0
566.819336473385
382.67349077579
0.120469126813873
-0.120469126813873
-0.120469126813873
0
45.1156879917744
-0.120469126813873
0
0
-1000
-0.240938253627633
-0.120469126813873
0
0
0
0
0
0
0
0
0
0
0
0
0
0
0
0
0
-0.00435034233134957
0
0
0
0
0
0.0100736367378431
0
0
0
0
-20.9437067891695
-27.0302350632745
0
0
-0.0100736367378431
0.120469126813873
-0.120469126813873
0
0
0
0
0
0
0
0
0
0
0
0
0
0
0
0
0
0
0
0
0
0
0
0
0
0
0
0
0
0
0
0
0
0
0
0
0
0
0
0
0.00435034233134957
0
0
0
0
0
0
0
0
0
0
0
0
0
0
0
0
0
0
0
0
0
0
0
0
0
0
0
0
0
0
0
0
0
0
0
0
0
0
0
0
0
0
0
0
0
0
0
0
0
0
0
0
0
0
0
0
0
0
0
0
0
0
0
0
0
0
0
0
0
0
0
0
0
0
0
0
0
0
0
0
0
0
0
0
0
0
0
0
0
0
0
0
0
0
0
0
0
0
0
0
0
0
0
0
0
0
0
0
0
0
0
0
45.1113376494432
0
0
0
0
0
0
0
0
0
0
0
0
0
0
0
0
0
0
0
0
0
0
0
0
0
0
0
0
0.120469126813817
0.120469126813817
123.55881124557
0
0
0
0
0
0
0
0.120469126813817
0
0.120469126813817
0
0
0
0
0
0
0
0
0
0
0
0
0
0
0
0
0
0
0
0
0
0
0
0
0
0
0
0
0
0
0
0
0
0
0
0
0
0
0
0
0
0
0
0
0
0
0
0
0
0
0
0
0
0
0
0
0
0
0
0
0
0
0
0
0
0
0
0
0
0
0
0
0
0
0
0
0
0
0
0
0
0
0
20.9437067891695
0
0
0
0
0
0
0
0
0
0
0
0
0.120469126813817
0
0
0
0
0
0
0
0
0
0
0
0
0
0
0
0
0
0
0
0
0
0
0
0
0
0
0
0
0
0
0
0
0
0
0
0
0
0
0
0
0
0
0
0
0
0
0
0
0
0
0
0
0
0
0
0
0
0
0
0
0
0
0
0
0
0
0
0
0
0
0
0
0
0
0
0
0
0
0
0
0
0
0
0
0
0
0
0
0
0
0
0
0
-1000
0
0
0
0
0
0
0
0
0
0
0
0
0
0
0
0
0
0
0
0
35.1194001132109
0
0
0
0
0
0
0
0
0
0
0
0
0
0
0
0
0
0
0
0
0
0
0
0
-0.0045818284370398
0
0
0.0045818284370398
0
0
0
0
0
0
0
0
0
0
0
0
0
0
0
0
0
0
0
0
0
0
0
0
0
0
0
0
0
0
0
0
0
0
0
0
0
0
0
0
0
0
0
1000
1000
0
0
0
0
0
0
0
0
0
0
0
0
0
0
0
0
0
0
-1000
0
-1000
0
0
0
0
0
0
0
1000
1000
0
0
0
0
0
0
0
0
0
0
0
0
0
0
0
0
0
0
0
0
0
0
0
0
0
0
0
0
0
0
0
0
0
0
0
0
0
0
0
0
0
0
0
0
0
0
0
0
0
0
0
0
0
0
0
0
0
0
0
0
0
0
0
0
0
0
0
0
0
0
0
0
0
0
0
0
0
0
0
0
0
0
0
1000
47.328707263119
0
0
0.120469126813873
0
1000
0
0
123.438342118756
0
872.074182907429
-0.120469126813873
376.077806082734
0
0
0
0.00435034233134957
0.120469126813873
0
0
1000
0
0
0
0
0
0
0
0
0
0
0
0
0
-1000
0.00435034233134957
0
0
0
-0.0100736367378431
0
0
0
0
-47.9739418524441
0
0
0.0100736367378431
0
0
0
0
0
171.291814844386
-1000
1000
-171.291814844386
-171.291814844386
0
-47.3030043231063
1000
-0.0220310914393167
0
0
0.120469126813873
-0.120469126813873
0
0
127.805347965757
-127.805347965757
1000
0
0
0
-123.438342118756
-123.438342118756
1000
0
-127.925817092571
-872.074182907429
-1000
0
-623.922193917266
-376.077806082734
-1000
0
0
0
0
0
-1000
0
-1000
0
0
0
0
0
576.476689375907
0
0
0
-1000
0
0
0
-1000
0
0
0
0
0
0
0
0
0
0
0
0
0
0
0
0
0
0
0
-1000
1000
-1000
0
-1000
0
-1000
0
-1000
0
0
0
0
0
0
0
0
0
-1000
0
952.026058147556
47.9739418524441
-1000
0
-1000
0
-1000
0
-1000
0
0
0
0
0
0
0
0
0
-1000
0
0
0
0
0
0
0
0
0
0
0
0
0
0
0
0
0
0
0
0
0
0
0
0
0
0
0
0
0
0
0
0
0
0
0
0.00435034233134957
-0.00435034233134957
0
0
0
0
0
0
0
0
0
0
0
0
0
0
0
0
0
0
0
0
0
0
0
0
0
0
0
0
0
0
0
0
0
0
0
0
0.00435034233134957
-0.00435034233134957
0
0
0
0
0
0
0.0100736367378431
0.0100736367378431
0
0
0
0
0
0
0
0
0
0
0
0
0
0
0
0
-0.0100736367378431
-0.0100736367378431
0
0
0
0
0
0
0
0
0
0
0
0
0
0
0
0
0
0
0
0
0
0
0
0
0
0
0
0
0
0
0
0
0
0
0
0
0
0
0
0
0
0
0
0
1.2026244212454
0.00367184857322507
0
0
0
0
0
0
0
0
0.151315638014682
0
0
0
0
0
0
0
0
0
0
0
0
0
0
0
0
0
0
0
0
0
0
0
0
0
0
0
0
0
0
0
0
0
0
0
0
0
0
0
0
0
0
0
0
0
0
0
0
0
0
0
0
0
0
0
0
0
127.805347965757
127.805347965757
127.805347965757
0
0
0
0
123.317872991942
123.317872991942
0
0
0
0
0
0
0
0
0
0
0
0
0
0
0
0
0
0
0
0
0
0
0
0
0
0
0
0
0
0
0
0
0
0
0
0
0
0
0
0
0
0
0
0
0
0
0
0
0
0
0
0
0
0
0
0
0
0
0
0
0
0
0
0
0
0
0
0
0
0
0
0
0
0
0
0
0
0
0
0
0
0
0
0
0
0
0
0
0
0
0
0
0
0
0
0
0
0
0
0
0
0
0
0
0
0
123.438342118756
123.438342118756
123.438342118756
123.438342118756
-123.438342118756
0
0
0
0
0
0
0
0
0
0
0
0
0
0
0
0
0
0
0
0
0
0
0
0
0
0
0
0
0
0
0
0
0
0
0
0
0
0
0
0
0
0
0
0
0
0
0
0
0
0
0
0
0
0
0.00367184857322507
0.00367184857322507
0.00367184857322507
0.00367184857322507
0.00367184857322507
0
0
0
0
0
0
0
0
0
0
0
0
0
0
0
0
0
0
0
0
0
0
0
0
0
0
0
0
0
0
0
0
0
0
0
0
0
0
0
0
0
0
0
0
0
0
15.0300788736559
15.0300788736559
-15.030078873656
5.00145864454778
-2.49889339798733
2.49889339798728
2.49889339798728
2.49889339798728
2.49889339798728
2.49889339798728
2.49889339798728
2.49889339798728
2.49889339798728
2.49889339798728
2.49889339798728
0
2.49889339798728
2.49889339798733
2.49889339798728
2.49889339798728
2.49889339798728
2.49889339798728
2.49889339798728
2.49889339798728
2.49157098691952
2.49157098691952
2.49157098691952
0.00732241106776478
0
0.00732241106776478
0
0
0
0
0
0
0
0
0
0
0
0
0
0
0
0
0
15.0300788736559
15.0300788736559
5.00145864454778
5.00145864454778
0
0
0
0
0
0
0
0
0
0
0
0
0
0
0
0
0
0
0
0
0
0
0
0
0
0
0
0
0
0
0
0
0
0
0
0
0
0
0
0
0
0
0
0
0
0
0
0
0
0
0
0
0
0
0
0
0
0
0
0
0
0
0
0
0
0
0
0
0
0
0
0
0
0
0
0
0
0
0
0
0
0
0
0
0
0
0
0
0
0
0
0
0
0
0
0
0
0
0
0
0
0
0
0
0
0
0
0
0
0
0
0
0
0
0
0
0
0
0
0
0
0
0
0
0
0
0
0
0
0
0
0
0
0
0
0
0
0
0
0
0
0
0
0
0
0
0
0
0
0
0
0
0
0
0
0
0
0
0
0
0
0
0
0
0
0
0
0
0
0
0
0
0
0
0
0
0
0
0
0
0
0
0
0
0
0
0
0
0
0
0
0
1.2026244212454
298.659161740987
298.659161740987
0
3.74194008265619
3.74194008265619
0
-302.401101823643
302.401101823643
3.74194008265619
0
297.456537319742
0
0
0
0
3.74194008265619
0
3.74194008265619
3.74194008265619
0
0
0
0
0
0
0
0
0
0
0
0
0
0
0
0
0
0
0
0
0
0
0
0
0
0
0
0
0
0
0
0
0
0
0
0
0
0
0
0
0
0
0
0
0
0
0
0
0
0
0
0
0
0
0
0
0
0
0
0
0
0
0
0
0
0
0
0
0
0
0
0
0
0
0
0
0
0
0
0
0
0
0
0
0
0
0
0
0
0
0
0
0
0
0
0
0
0
0
0
0
0
0
0
0
0
0
0
0
0
0
0
0
0
0
0
0
1.2026244212454
0.00367184857322507
0
0
0
0
0
0
0
1.58322660349925
0
0
0
0.992704660930138
0.992704660930138
0.992704660930138
0
0
0
0
0
0
1.35761190783331
0
0
0
0.00367184857322507
0
0
0
0
-1.3576119078333
1.35761190783331
0
0
0
0
0
0
0
0
0
0
0.24760321494792
0
0.22561469566594
0
0
0
0
0
0
0
0
0
0
11.0688531560629
11.0688531560629
11.0688531560629
0
0
0
0
-0.151315638014694
0
0
0
0
0
0
0
0
0
0
0
0
0
0
0
0
0
0
0
0
0
0
0
0
0
0
0
0
0
0
0
0
0
0
0
0
0
0
0
0
0
0
0
0
0
0
0
0
0
0
0
0
0
0
0
0
0
0
0
0
0
0
0
0
0
0
0
0
0
0
0
0
0
0
0
0
0
0
0
0
0
0
0
0
0
0
0
0
0
0
0
0
0
0
0
0
0
0
0
0
0
0
0
0
0
0
0
0
0
0
0
0
0
0
0
0
0
0
1000
0
0
1000
1000
0
0
0
0
0
0
0
0
0
0
0
0
0
0
0
0
0
0
0
0
0
0
0
0
0
0
0
0
0
0
0
0
0
0
0
0
0
0
0
0
0
0
0
0
0
0
0
0
0
0
0
0
0
0
0
0
0
0
0
0
0
0
0
0
0
0
0
0
0
0
0
0
0
0
0
0
0
0
0
0
0
0
0
0
0
0
0
0
0
0
0
0
0
0
0
0
0
0
0
0
0
0
0
0
0
0
0
0
0
0
0
0
0
0
0
0
0
0
0
0
0
0
0
0
0
0
0
0
0
0
0
0
0
0
0
0
0
0
0
0
0
0
0
0
0
0
0
0
0
0
0
0
0
0
0
0
0
0
0
0
0
0
0
0
0
0
0
0
0
0
0
0
0
0
0
0
0
0
0
0
0
0
0
0
0
0
0
0
0
0
0
0
0
0
0
0
0
0
0
0
0
0
0
0
0
0
0
0
0
0
0
0
0
0
0
0
0
0
0
0
0
0
0
0
0
0
0
0
0
0
0
0
0
0
0
0
0
0
0
0
0
0
0
0
0
0
0
0
0
0
0
0
0
0
0
0
0
0
0
0
0
0
0
0
0
0
0
0
0
0
0
0
0
0
0
0
0
0
0
0
0
0
0
0
0
0
0
0
0
0
0
0
0
0
0
0
0
0
0
0
0
0
0
0
0
0
0
0
0
0
0
0
1000
0
0
0
0
0
0
0
0
0
0
0
0
0
0
0
0
0
0
0
0
0
0
0
0
0
0
0
0
0
0
0
0
0
0
0
0
0
0
0
0
0
0
0
0
0
0
0
0
-459.48389042568
0
0
0
0
0
0
0
0
0
0
0
0
0
0
0
0
0
0
0
0
0
0
0
0
0
0
0
0
0
0
6.59568469305646
0.167242059471075
0.167242059471075
0
0
0
0
0.16724205947105
0
0.167242059471075
-246.743598254646
0
0
0
0
0.0257295476109484
0
0
0
0
0
0
0
246.743598254646
0
0
0
0
0
1.0120288726969
0
0
0
0
0
0
1.0120288726969
1.0120288726969
1.0120288726969
1.01202887269687
0
0
0
0
0
0
0
0
0
0
0
0
0
0
0
0
0
0
0
0
0
0
0
0
0
0
0
0
0
0
0
0
0
0
0
0
0
461.441211748087
461.441211748087
0
0
0
0
0
0
0
0
0
0
0
0
0
0
0
0
0
0
0
0
0
0
0
0
0
0
0
0
0
0
0
0
0
0
0
0
0
0
0
0
0
0
0
0
0
0
0
0
1000
-589.893300668293
-409.396276455583
0
0
0
-1000
-1000
1000
0
0
0
0
-1000
0
0
0
0
0
0
0
0
0
0
0
0
0
0
0
0
0
0
0
0
0
0
0
0
0
0
0
0
0
0
0
0
0
0
0
0
0
0
0
0
0
1000
0
0
0
0
0
0
0
0
0
0
0
0
0
0
-999.996328151427
999.996328151427
1000
999.996328151427
1000
-1000
-1000
0
0
0
0
0
0
0.00367184857327629
0
0
0
0
0
0
0
0
0
0
0
0
0
0
0
0
222.579735067269
0
0
0
0.0146554651748722
0
0.00367184857322507
0.0219885192819797
1000
0.00183060276694119
0.00183060276694119
0.00367184857327629
0
0.012824862407931
0.00183060276694119
0.027490970622094
-0.00183060276697233
0.00183060276694119
0.00183060276694119
0.00183060276694119
0.00183060276694119
0.00183060276694119
-0.00183060276697233
-0.00366120553383098
0.00183060276694119
0.00183060276694119
0.00183060276697233
0.00183060276694119
-0.00550245134013494
-0.00550245134013494
0.00367184857327629
0.00367184857327629
0.00183060276694119
0.00183060276694119
0.00367184857322507
0.00367184857322507
-0.00367184857327629
-0.00367184857327629
0.00367184857327629
0.00367184857327629
0.00183060276694119
0.00183060276694119
0.00183060276694119
0.00183060276694119
0.0458395704489476
-0.00550245134013494
-999.974339632145
0
0
0
0
0
0
1000
0
0
0
0.00367184857322507
0
0
0
0
0.00183592428661253
0.00367184857327629
0.00367184857327629
0
0.00367184857322507
0
0
0
0
0
-0.00367184857327629
0
0
0.00732241106776478
0.00183060276694119
0.00549180830082358
0.00183060276694119
-0.00183060276697233
0.00183060276694119
0.00183060276694119
0.00183060276694119
0.00183060276694119
0.00183060276694119
0.00183060276694119
0.00366120553388239
0.00183060276694119
0.00183060276694119
0.00183060276694119
0.00183060276694119
0.00183060276694119
0
0.00183060276694119
0.00367184857322507
0.00367184857322507
0.00367184857322507
0.00367184857322507
0.00367184857322507
0.00367184857322507
0.00367184857322507
0.00367184857322507
0.00367184857322507
0.00367184857322507
0.00367184857322507
0.00367184857322507
0.00367184857322507
0.00367184857322507
0
0
0
0
0
0
0
0
0
0
0
0
-0.00367184857327629
0
0
0
0
0
0
0
0
0
0
0
0
0
0
0
0
0
0
0
0
0
0
0
0
0
0
0
0
0
0
0
0
0
0
0
0
0
0
0
0
0
0
0
0
0
0
0
0
0
0
0
0
0
0
0
0
0
0
0
0
0
0
0
0
0
0
0
1000
0
33.2175750139084
0
0
0
0
0.00367184857322507
0
0
0
0
0
0
0
0
0
0
0
0
0
0
0
0
0
0
0
0
0
-1000
0
0
0
-171.291814844386
0
0
0
0
0
0.120469126813817
0
0
0
0
0
0
0
0
0
0.120469126813817
0
0
499.958971091717
0
0
0
0
0.240938253627634
0
0
0
0.120469126813817
0
0
0
0
0
7.52932042586357
0
46.5312002318368
0
45.231806776257
0
0.361407380441451
0
0
0
0.120469126813817
0
0.120469126813817
0
0.120469126813817
0
0.120469126813817
0
0.120469126813817
0
0.120469126813817
0
0.120469126813817
0
0.120469126813817
0
0.120469126813817
0
0.120469126813817
0
0.120469126813817
0
0.120469126813817
0
0.120469126813817
0
0.120469126813817
0
0.120469126813817
0
0.120469126813817
0
2.52985166309016
0
0.757282384917678
0
3.46348739589724
0
3.49360467760069
0
1.7769196205038
0
0.120469126813817
0
0.120469126813817
0
8.36253067682244
0
0.120469126813817
0
0.120469126813817
0
0.120469126813817
0
0.120469126813817
0
78.6183012512844
0
27.9036362326747
0
6.47521556624267
0
32.617016084841
0
0.431715580586208
0
0.240938253627634
0
0
0
1.14445670473126
0
0.120469126813817
0
0.120469126813817
0
0.120469126813817
0
0
663.703147235278
0
0
297.456537319742
0
0
0
0
0
0
-963.695813046335
1000
0
1.0120288726969
-1000
1000
589.418028593542
0
460.083599840254
-55.5052766019058
-1000
-1000
0
0
1000
0
0
0
0
0
336.897650225072
376.35361328262
0
0
0
0
-287.001911677519
1000
-0.00367184857327629
0
0
0
-3.21368346792156
0
712.998088322481
0
0
0
-999.97344029532
1000
287.001911677519
-1000
-406.463540902414
-593.540130946159
0
1000
1000
0
-1000
0
0
1000
1000
-700.590070225763
-1000
0
1000
0
0
-1000
1000
1000
1000
0
0
0
0
-33.2175750139085
-845.205407622442
0
0
0
0
0
0
0
0
0
1000
0
1000
0
0
0
0
0
1000
0
0
0
0
1000
0
0
0
0
0
0
867.238978209869
0
0
-1000
-1000
-1000
-1000
1000
1000
-1000
-943.519203959678
-1000
-1000
-1000
-1000
1000
-1000
-978.638604072889
-1000
-1000
-1000
1000
-1000
1000
-1000
-1000
1000
-1000
1000
1000
1000
1000
1000
-1000
1000
-1000
-1000
-1000
-1000
-1000
-1000
-1000
1000
957.86282364721
-1000
-1000
-1000
-1000
-1000
-1000
-1000
-1000
-1000
-1000
-1000
1000
-1000
-1000
-1000
-1000
-1000
10.6680017045396
-1000
-1000
-1000
-1000
-1000
-1000
-1000
-986.462404289488
-308.1957319429
-1000
-1000
-1000
-1000
-1000
625.99263856995
1000
-1000
-1000
766.408452777114
-1000
-1000
-233.591547222886
-1000
-1000
-1000
-1000
-1000
1000
1000
-1000
1000
1000
1000
-1000
-1000
265.544261756073
1000
1000
1000
-1000
847.630403972211
-1000
26.9903974396616
1000
-1000
134.565879903954
1000
-1000
1000
1000
1000
1000
1000
1000
1000
1000
1000
-1000
-1000
-1000
-1000
-1000
-1000
0
989.103709536159
10.8962904638405
-1000
-1000
-1000
0
0
0
0
0
0
0
0
0
0
0
0
0
0
0
0
0
0
0
0
0
0
0
0
0
0
0
0
0
0
0
0
0
0
0
0
0
0
0
0
0
0
0
0
0
0
0
0
0
0
0
0
0
0
0
0
0
0
331.87018507726
0
0
0
0
0
0
0
0
0
0
0
0
0
0
0
0
0
0
0
0
0
0
0
0
0
0
0
0
0
0
0
0
0
0
0
0
0
0
0
0
0
0
0
0
0
0
0
0
0
0
0
0
0
0
0
0
0
0
0
0
0
0
0
0
0
0
0
0
0
0
0
0
0
0
0
0
0
0
0
0
0
0
0
0
0
0
0
0
0
0
0
0
0
0
0
0
0
0
0
0
0
0
0
0
0
0
0
0
0
0
0
0
0
0
0
0
0
0
0
0
0
0
0
0
0
0
0
0
0
0
0
0
0
0
0
0
0
0
0
0
0
0
0
0
0
0
0
0
0
0
0
0
0
0
0
0
0
0
0
0
0
0
0
0
0
0
0
0
0
0
0
0
0
0
0
0
0
0
0
0
0
0
0
0
0
0
0
0
0
0
0
0
0
0
0
0
0
0
0
0
0
0
0
0
0
0
0
0
0
0
0
0
0
0
0
0
0
0
0
0
0
0
0
0
0
0
0
0
0
0
0
0
0
0
0
0
0
0
0
0
0
0
0
0
0
0
0
0
0
0
0
0
0
0
0
0
0
0
0
0
0
0
0
0
0
0
1000
1000
-1000
1000
1000
1000
-1000
1000
-1000
997.501106602013
-15.1482325749188
-1000
1000
1000
1000
1000
-1000
-1000
0
-1000
1000
-1000
0
-1000
-1000
-1000
-1000
1000
1000
1000
-1000
-1000
-1000
-1000
-1000
1000
1000
-1000
-1000
-1000
-1000
1000
15.1482325749188
-1000
-1000
1000
-1000
1000
-1000
-999.94866862125
-1000
-1000
-1000
-1000
-1000
0
0
0
0
0
0
0
0
0
0
0
0
0
0
0
0
0
-1000
-1000
-0.482191766619621
0
0
0
0
0
0
0
0
0
0
1000
0
0
0
0
0
-0.00367184857327629
0.00367184857322507
0
0
-0.00367184857327629
-0.00367184857327629
0
0
0
0
0
0
0
0
0
0
0
0
0
0
0
0
0
0
0
0
0
0
0
0
0
0
0
0
0
0
0.00367184857322507
0
0
1000
-1000
1000
-1000
1000
0
0
0
0
-0.00367184857327629
0
0
0
0
0
246.743598254646
0
0
0
0
0
0
0
0
0
0
0
0
0
1000
0
-125
125
0.00367184857322507
0
0
0
0
712.140511235858
0
0
0
0
0
0
-376.35361328262
0
0
0
0
0
34.1613536229803
1000
0
0
0
0
0
0
0
0
0
0
0
0
0
0
0
0
0
0
0
0
0
0
0
0
0
0
0
0
0
0.00367184857322507
0
0
0
0
1000
0
1000
0
0
1.98540932186028
0
0
0
0
0.00549180830082358
1000
0
-889.881655968356
0
0
0
0
0
0
0
0
0
0
0
0
0
0.00367184857327629
1000
-1000
-1000
1000
0
1000
0
0
753.247456737875
-1000
0
-1000
1000
998.01459067814
831.607432066671
0
0
0
0
-1000
1000
0
0
0
0
0
406.542467908339
0
406.538796059766
1000
0
0
0
0
900.777946432196
0
0
-108.129152313051
0
0
-1000
0
0.145800769795301
1000
0
0
0
0
0
0
0
0
0
0
0
0
1000
0
0
513.241820203696
524.138110667536
962.614577320467
962.614577320467
0
0
0
0
0
0
1000
0
0
0
998.101250739068
0
0
0
0
0
0
0
0
0
0
0.992704660930138
0
0.00367184857322507
-0.00367184857327629
0.00367184857322507
0.00367184857322507
0
0
1000
-1000
0.00367184857327629
0
0
0
0.992704660930144
0
0
-0.0110155457197152
-1000
408.358228956917
-1000
0
-1000
1000
0
0
-1000
1000
-1000
-999.920683636219
0
0
0
0
0
0
0
0
0
0
0
0
0
0
0
0
0
0
0
0.079316363781345
0
0
0
0
1000
0
0
0
0
0
0
0.00183060276694119
0
108.129152313051
0
0
0
0
0
0
0.00367184857322507
0
-753.247456737875
0
0
0
0
0
0
0
0
0
0
0
0
0
0
0
0
0
0
0
0
0
0
0
0
1000
0
0
0
0
0
0
0
0
0
0
0
0
0
0
0
0
0
0
0
0
0
0
0
0
0
0
0
0
0
0
2.36807625374661
0
0
0
0
0
0
0
0
0
0
0
0
0
0
0
0
0
0
0
0
0
0
0
0
0
0
0
0
0
0
0
0
0
0
0
0
0
0
0
0
0
0
0
0
0
0
0
0
0
0
0
0
0
0
0
0
0
0
0
0
0
0
0
0
0
0
0
0
0
0
0
0
0
0
0
0
0
0
0
0
0
0
0
0
0
0
0
0
0
0
0
0
0
0
0
0
0
0
0
0
0
0
0
0
0
0
0
0
0
0
0
-999.97344029532
0
0.00183060276697233
0
0.0270200161312459
0
0
-0.0265597046796984
0
1000
0.0164860679418553
0
0
0
0
0
0
0
0
0
0
0
0
0
0
0
0
0.00367184857322507
0.00367184857322507
0.00367184857322507
1000
-1000
0
-47.3030043231063
-1000
0
0
0
0
0
0
-1000
-10.8962904638405
0
0
0
0
0
0
0
0
0
0
-1000
0
999.879530873186
-0.120469126813873
-1000
-1000
-0.120469126813873
0
-1000
-1000
0
0
0
0
0
0
0
0
0
0
-1000
433.71168665054
1000
0.402182718361024
0.00367184857322507
0.00367184857322507
0.00367184857322507
0.00367184857322507
0.00367184857322507
287.859488764142
0
0
0
1000
0
0
0
0
0
0
0
0
0
0
0
0
0
0
0
-1000
0
0
0
0
0
0
1000
-1000
0
-576.476689375907
1000
1000
-954.888662350557
0
0
0
0
0
0
0
0
0
0
0
0
0
0
0
0
0
0
0
0
0
47.9739418524441
0
0
0
0
0
0
0
0
0
0
0
0
0
0
0
0
0
0
0
0
0
0
0
0
0
0
0
0
0
0
0
0
0
0
0
-1000
0
0
0
0
0
0
0
168.392567933329
1000
-1000
-1000
-1000
-1000
1000
0
0.0219885192819797
0
0
0
0
-132.57662669892
-1000
0
0
246.743598254646
0
0
0
999.977968908561
14.8098814850154
0
0
0
0
0
0.590521942569114
0.590521942569114
0
-999.971609692553
0
0
0
0
0
0
0.37275471457851
0
1000
0
0
0
0
0
0
0
1000
0.00367184857322507
0
0
0
0
0
0
0
-999.996328151427
-1000
0
0
1000
0
0
0
1000
0
0
0
0
-872.074182907429
0
-1000
0
0
0
-1000
-1000
6.59568469305646
0
0
0
-123.438342118756
0
0
123.317872991942
-1000
1000
-1000
1000
-86.8522394293535
86.8522394293535
-750
0
0
0
0
-1000
-1000
0
0
443.569828067031
0
0
0
0
0.00435034233132101
0
0
0
0
0
0
0
0
591.562454679301
406.538796059766
998.101250739067
0
0
0
0
0
0
0
0
0
0
1000
0
-1000
-1000
-937.071242742707
-1000
937.217043512502
1000
0
0
0
0
0
0
0
0
-1000
0
0
-1000
0.00183060276694119
0.00183060276694119
0
61.082660548263
-459.48389042568
0
376.077806082734
0
0
0
0
0
0
0
0
0
0
0
0
0
0
0
0
0
0
0
0
0
0
0
0
0
-0.0100736367378431
0
0
0
0
0
0
0
0
0
0
0
0
0
0
0
0
0
0
0
0
0
0
0
0
0
0
0
0
0
0
0
0
0
0
0
0
459.48389042568
0
0
0
0
0
0
0
0
-1000
0
-1000
0
0
0
0
0
0
-1000
0
0
0
0
0
0
0
0
0
0
0
872.194652034243
0
0
0
0
0
0
0
0
0
0
0
0
0
1000
0
0
0
0
0
0
0
0
0
0
0
0
0
0
0
0
0
0
0
0
123.317872991942
0
0
0
0
0
0
0
0
0
0
0
0
0
0
0
0
0
0
0
0
0
0
0
0
123.317872991942
0
0
0
0
0
0
0
0
0
0
0
0
0
0
0
0
0
0
0
0
0
0
0
0
0
0
0
0
0
0
0
0
0
0
0
0
0
0
0
0
0
0
0
0
0
0
0
0
0
0
0
0
0
0
0
0
0
0
0
0
0
0
0
0
0
0
0
0
0
0
0
0
0
0
0
0
0
0
0
0
0
0
0
0
0
0
0
0
0
0
0
0
0
0
0
0
0
0
0
0
0
0
0
0
0
0
0
0
0
0
0
0
0
0
0
0
0
0
0
0
0
0
0
0
0
0
0
0
0
0
0
0
0
0
0
0
0
0
0
0
0
0
0
0
0
0
-1000
0
0
0
0
0
0
0
0
0
0
0
0
0
0
0
0
0
0
0
0
0
0
401.490443897678
0
0
0
0
-98.5124149409459
0
-1000
1000
0.16724205947105
0
0
0
-1000
663.703147235278
0
0
0
0
-0.025702940012593
0.0220310914393504
0
0
0
0
0
0
0
0
0
0
0
0
0
0
0
0
0
0
0
0
0
0
0
0
0
0
0
0
0
0
0
0
0
0
0
-975.697927867906
0
0
0
0
0
0
0
0
0
0
0
0
0
0
0
0
0
0
0
0
0
0
0
0
0
0
0
0
0
0
0
0
0
0
0
0
0
0
0
0
0
0
0
0
0
0
0
0
0
0
0
0
0
0
0
0
0
0
0
0
0
0
0
0
0
0
0
0
0
0
0
0
0
0
0
0
0
0
0
0
0
0
0
0
0
0
0
0
0
0
0
0
0
0
0
0
0
0
0
0
0
0
0
0
0
0
0
0
0
0
0
0
0
0
0
0
0
0
0
0
0
0
0
0
0
0
0
0
0
0
0
0
0
0
0
0
0
0
0
0
0
0
0
0
0
0
0
0
0
0
0
0
0
0
0
0
0
0
0
0
0
0
0
0
0
0
0
0
0
0
0
0
0
0
0
0
0
0
0
0
0
0
0
0
0
0
0
0
0
0
0
0
0
0
0
0
0
0
0
0
0
0
0
0
0
0
0
0
0
0
0
0
0
0
0
0
0
0
0
0
0
0
0
0
0
0
0
0
0
0
0
0
0
0
0
0
0
0
0
0
0
-975.697927867906
0
0
0
0
0
0
0
0
0
0
0
0
0
0
376.077806082734
0
0
0
0
0
0
0
0
0
0
0
-1000
0
0
0
0
0.00367184857327629
-981.931591487712
0
0
0
0
0
0
0
0
0
0
0
0
0
0
0
0
0
0
0
0
0
0
0
0
0
0
0
0
0
0
0
0
0
0
0
0
0
0
0
0
0
0
0
0
0
0
0
0
0
0
0
0
0
0
0
0
0
0
0
0
0
0
0
0
0
0
0
0
0
0
0
0
0
0
0
0
0
0
0
0
0
0
0
0
0
0
0
0
0
0
0
0
0
0
0
0
0
0
0
0
0
0
0
0
0
0
0
0
0
0
0
0
0
0
0
0
0
0
0
0
0
0
0
0
0
0
0
0
0
0
0
0
0
0
0
0
0
0
0
0
0
0
0
0
0
0
0
0
0
0
0
0
0
0
0
0
0
0
982.352874027094
0
0
0
0
0
0
0
0
1000
0.00367184857327629
0
0
0
1000
0
0
0
0
0
0
0
0
0
0
0
0
0
0
0
0
0
1000
0
0
0
0
297.456537319742
0
0
0
0
0
0
0
0
0
0
0
0
0
0
0
0
0
0
0
0
0
0
0
0
0
0
0
0
0
0
0
0
0
0
0
0
0
0
0
0
0
0
0
0
0
0
0
0
0
0
0
0
0
0
0
0
0
0
0
0
0
0
0
0
0
0
0
0
0
0
0
0
0
0
0
0
0
0
0
0
0
0
0
0
0
0
0
0
0
0
0
0
0
0
0
0
0
0
0
0
0
0
0
0
0
0
0
0
0
0
0
0
0
0
0
0
0
0
0
0
0
0
0
0
0
0
0
0
0
0
0
0
0
0
0
0
0
0
0
0
0
0
0
0
0
0
0
0
0
0
0
0
0
0
0
0
0
0
0
0
0
0
0
0
500
88.6919945223447
0
0
-0.992704660930144
0
0
0
473.393520763015
19.6186691883426
42.8825793515536
0.106430393426814
88.6919945223447
0
0
0
0
0
0
0
0
0
0
0
0
0
0
0
0
0
0
0
0
0
0
0
0
0
0
1000
1000
0
-1000
10.8926186152675
0
0
0
0
-1000
0
0
0
0
-301.172817034543
0
0
0
0
0
0.00458182843702432
0.00367184857322507
0
0
0
0
0
0
0
0
0
0
0
0
0
0
0
0
171.291814844386
0
0
0
0
-702.516902975579
-78.6183012512845
-2.5298516630902
0
-10.8962904638405
-21.3613959271112
-43.5635520508965
-34.1613536229803
-10.6680017045396
-1000
-26.9903974396616
-4.68213908282905
-31.9527145331867
-1000
-1000
0
0
0
0
-1000
-1000
-17.8037161238349
-42.1371763527899
-13.5375957105124
-986.170674146505
-1000
-1000
865.434120096046
668.12981492274
0
0
0
0
0
1000
445.159470134538
0
999.815604908788
-1000
0
0
0
0
0
0
1000
10.8962904638405
0
-445.159470134538
0
0
0
0
0
0
0
0
-0.00367184857327629
-0.00367184857327629
0
0
0
0
0
0
0
0
0
0
0
0
0
0
0
0
0
0
1000
0
15.1995639536686
0
0
1000
1000
246.743598254646
-0.00367184857327629
-0.00367184857327629
-1.01202887269687
1000
0
0
-0.00367184857327629
0
-0.00367184857327629
0
0
-222.579735067269
-0.00367184857327629
0
0
0
-0.00367184857327629
0
0
0
0
0
0
0
0
0
0
0
982.352874027094
0
0
0
0
0
0
0
0
0
0
0
0
0
0
0
0
0
-1000
0
1000
0
0
-0.00367184857327629
0
0
0
0
0
0
0
0
0
0
0
0
0
0
1000
-3.21368346792156
-0.482191766619621
-1000
-1000
222.579735067269
0
0
0
0
712.998088322481
0
0
0
2.49889339798733
0
0
0
0
0
0
-406.463540902414
0
0
0
0
1000
1000
589.418028593542
0
0
460.083599840254
406.459869053841
0
-35.1194001132109
35.1194001132108
125
0
-33.2175750139085
0
0
0
-963.695813046335
1000
0
0
0
0
0
-0.0513313787498646
0
0
0
0
-0.00367184857327629
-287.001911677519
287.001911677519
0
0
0
0
-1000
1000
-55.5052766019058
-1000
-1000
336.897650225072
0
0
-125
0
0
0
0
0
0
0
0
1000
0
-0.431715580586228
-0.120469126813873
-32.617016084841
-845.205407622442
-1.7769196205038
-8.36253067682242
-1.14445670473128
-6.4752155662427
-3.46348739589723
-45.231806776257
0
0
499.958971091717
0
-0.120469126813873
0
-0.240938253627633
-0.120469126813873
0
-27.9036362326747
0
-0.120469126813873
0
-46.5312002318368
0
-14.8098814850155
0
-0.372754714578491
-0.120469126813873
-0.75728238491763
0
-0.120469126813873
-0.120469126813873
0
-0.240938253627633
-3.49360467760073
0
-7.5293204258636
0
0
0
-1000
1000
0
0
-1000
1000
-0.00367184857327629
0
750
-750
0
0
0
-1000
0
0
0
0
0
0
0
0
0
0
0
0
0
0
0
0
0
0
0
1000
-1000
-61.082660548263
61.082660548263
61.082660548263
297.456537319742
-1000
-1000
0
-0.120469126813873
-0.120469126813873
0
0
0
0
0
0
-0.16724205947105
-0.025702940012593
0.0220310914393167
0
0
0
0
0
1000
0
0
0
0
0
0
0
0
0
0
0
0
0
0
0
0
0
0
0
0
0
0
0
0
0
0
0
0
0
0
0
0
0
0
0
0
0
0
0
0
0
0
0
0
0
0
0
0
0
0
0
0
0
0
0
0
0
0
0
0
0
0
0
0
0
0
0
0
0
0
0
0
0
-0.120469126813873
0
0
0
0
0
975.697927867906
0
0
0
0
0
0
0
0
0
0
0
0
0
0
0
0
0
0
0
0
0
0
0
0
0
0
0
0
0
0
0
0
0
0
0
0
0
0
0
0
0
0
0
0
0
0
0
0
0
0
0
0
0
0
0
0
0
0
0
0
0
0
0
0
0
0
0
0
0
0
0
0
0
0
0
0
0
0
0
0
0
0
0
0
0
0
0
0
0
0
0
0
0
0
0
0
0
0
0
0
0
0
0
0
0
0
0
0
0
0
0
0
0
0
0
0
0
0
0
0
0
0
0
0
0
0
0
0
0
0
0
0
0
0
0
0
0
0
0
0
0
0
0
0
0
0
0
0
0
0
0
0
0
0
0
0
0
0
0
0
0
0
0
0
0
0
0
0
0
0
0
0
0
0
0
0
0
0
0
0
0
0
0
0
0
0
0
0
0
0
0
0
0
0
0
0
0
0
0
0
0
0
0
0
0
0
0
0
0
0
0
0
0
0
0
0
0
0
0
0
0
0
0
0
0
0
0
0
0
0
0
0
0
0
0
0
0
0
0
0
0
0
0
0
0
0
0
0
0
0
0
-982.352874027094
0
1000
0
0
981.931591487712
0
0
0
0
0
0
0
0
0
0
0
0
0
0
0
0
0
0
0
0
0
0
0
0
0
-1000
0
-1000
-0.00367184857327629
0
0
0
0
0
0
0
0
1000
0
0
0
0
0
-1000
0
0
0
0
0
0
0
0
0
0
0
0
0
0
0
0
0
0
0
0
0
0
0
0
0
0
0
0
0
0
0
0
0
0
0
0
0
0
0
0
0
0
0
0
0
0
0
0
0
0
0
0
0
0
0
0
0
0
0
0
0
0
0
0
0
0
0
0
0
0
0
-0.120469126813873
-0.120469126813873
-0.120469126813873
0
-0.120469126813873
-0.361407380441506
0
-0.120469126813873
-0.120469126813873
-0.120469126813873
-0.120469126813873
0
-0.120469126813873
-0.120469126813873
-0.120469126813873
-0.120469126813873
-0.120469126813873
-0.120469126813873
-0.120469126813873
0
-0.120469126813873
-0.120469126813873
-0.120469126813873
0
-1000
88.6919945223447
0
0
0
0
0
0
0
0
0
0
0
0
0
