0
0
0
0
0
0
0
0
-1000
0
1000
0
0
199.280453555783
1000
0
999.738416265955
-999.738416265955
999.939964388908
0
0.0600356110921751
0
-1000
0.377366698293713
0
1000
-201.795458741496
0
-333.89365479473
0.0128142193685884
0
0
0
0
0
0
0.0330626017180396
0
0
0
36.0266881749764
0
0
0
0
0
125
0
125
0
125
0
125
0
125
0
125
0
0
0
0
125
0
0
0
0
0
0
0
333.89365479473
0
0
0
0
-1000
-1000
0
0
0
0
333.89365479473
0
0
-1000
0
0
0
0
0
0
0
0
0
0
0
0
1000
0
-1000
0
1000
-1000
0
0
0
0
0.00367184857322507
0
0
0
0
0
0
0
0
711.280889417682
0
0
0
0
0
0
0
0
0
0
0
0
0
0
0
0
0
0
0
1000
0
0
1000
0
0
0
0
0
0
1000
0
0
0
0
-15.030078873656
0
0
0
0
-1000
0
0
0.00916365687404865
1000
0
0
598.503838425076
1000
1000
401.487585059054
0
204.471331693033
0
-1000
401.487585059054
600.768038614838
1000
-800.719546444217
0
204.471331693033
1000
0
0
0.00916365687407961
0
0
1000
-1000
0
0
0
0
0
-4.03888708875661
0
0
0
0
0
0
0
250.954015660809
-1000
0
0
0
146.409808436877
0
0
0
0
0
0
853.328607829078
0
0
0
-4.04317534669178
0
-999.995711742065
0
0
0
0
0
0
0
0
0
0
0
246.910840314118
0
0
-1000
148.092237923169
850.644407586176
0
0.473615250749321
0
0
0.0793163637813623
0.710422876123981
0
4.04317534669178
0
0
0
-995.960496501882
0
0
0
0
0
0
0
0
0
0
0
0
1000
0
-1000
1000
-1000
1000
1000
-0.473615250749276
1000
-1000
861.703528432774
-0.992704660930144
-0.475445853516248
-2.30029517077276
0
-0.710422876123971
1000
-1000
-1000
1000
0
0
1000
0
0.184395091211681
0
-0.184395091211627
0
0.00183060276694119
0
0
0
0
0
0
0
0
0
0
0
0
0
0
0
0
0
1000
0
1000
0.402875402838269
0
0
995.960496501882
0
-0.184395091211627
0
-0.710422876123971
0
0
0.710422876123971
2.30029517077276
0
0
0
0
0
0
0
-1000
0
0
0
1000
0.710422876123971
0
-1000
-0.992704660930144
0
0
0.00367184857327297
0
0
0
0
0
0
0
0
0
0
0
0
-4.03950349811839
0
0
0
2.3680762537466
0
9.96898018431154
0
0
0
0
0
0
0
0
-146.242566377406
623.878131734388
1000
1000
1000
1000
0
-1000
-1000
-1000
1000
-0.00183060276697233
1000
-1000
-1000
0
-1000
0
0
0
0
-1000
0
-1000
1000
-1000
1000
1000
0
0
1000
0
0
0
0
0
0
0
0.992704660930138
1000
1000
1000
1000
1000
1000
-1000
1000
-1000
-1000
1000
-1000
0
-1000
-1000
-0.394298886967931
1000
863.678428640203
0
131.67095962026
-1000
-1000
-1000
-1000
-1000
0
0
0
-1000
1000
0
0
0
-246.914512162691
0
0
0
-290.605944073786
1000
0
0
0
-30.2144179595447
0
0
0
0
0
0
0
0
709.561297985685
0
0
0
709.561297985685
0
0
0
0.00367184857322507
0
900.777946432196
-709.397727774787
-191.380218657409
0
0
191.380218657409
0
0
0
0
0
0
0
0
0
0
0
0
0
0
0
0
0
0
0
0
0
1000
0
0
0
0
0
-1000
1000
0
0
0
0
0
0
0
0
0
0
1000
1000
999.996328151427
0.107206448378861
0.107206448378861
0
-964.170177010665
0
0
0
0
0
0
0
0
0
0
0
33.2175750139083
0
0
0
0
0
0
0
0
0
0
0
0
0
0
0
0
0
0
0
0
0
0
0
0
0
0
0
0
0
0
0
0
0
0
0
0
0.167242059471027
0
0
0
-1000
0
1000
0
1000
0
0
1000
0
0
0
0
0
0
0
0
0
0
0
0
0
0
0
0
0
0
0
0
0
0
0
0
0
-359.698244196157
0
0
0.167242059471027
0
0
0
0
0
0
0
0
0
982.368993797098
0
0
0
0
0
0
0
0
0
0
0
0
0
0
0
0
0
0
0
0
0
0
0
0
0
0
0
0
0
0
0
0
0
0
0
0
0
0
0
0
0
0
0
0
0
0
0
0
0
0
0
0
0
0
0
0
0
0
0
0
0
0
0
0
0
0
0
0
0
0
0
0
457.118363927274
0
0
1000
0
457.122652185209
0
0
0
0
0.776174686263121
0.776174686263121
0
0
0
0
0
0
0
0
0
0
0
0
0
0
0
0
0
0
0
0
0
1000
0
0
0
0
0
-1000
0
0
0
-999.996328151427
0
0
-1000
0
0
0
0
2.22989412628079
0
0
2.22989412628079
0
0
0
0
0
0
0
0
0
0
2.22989412628079
0
2.22989412628079
0
0
0
13.3023579334407
37.9188210131175
24.2377482630664
17.7522570286131
26.3206797544236
8.66310142996317
20.261242688657
37.066712675744
34.1316728470134
10.7933722733967
20.9239936177253
43.1261497415106
34.0369941428608
10.5093361609389
17.4208815640789
24.1430695589138
31.2913117224353
25.3265533608213
4.63925650347754
31.5753478348931
0
0
0
0
0
0
0
0
0
0
0
0
0
0
0
0
0
0
0
0
0
0
0
0
0
0
0
0
0
0
0
0
0
0
0
0
0
0
0
0
0
0
0
0
0
0
0
0
0
0
0
0
0
0
0
0
0
0
0
0
0
0
0
0
0
0
0
0
0
0
218.683235469381
0
0
0
0
0
0
0
0
0
0
0
0
0
0
246.743598254647
0
0
246.743598254647
0
0
0
0
0
-1000
0
0
0
0
33.2175750139084
-376.121868265612
-376.121868265612
1000
1000
0
0
0
0
0
11.1303519600511
0
-30.2144179595447
-11.2847292457168
-11.2847292457168
-1000
0
-246.752543262126
0
-246.87261448431
1000
1000
11.1389284759215
1000
0
0
988.869648039949
0
-1000
-1000
-1000
0
753.247456737874
0
0
0
246.752543262126
0
0
0
0
0
0
0
0
0
0
0
-1000
377.118244775115
1000
1000
0
490.33289414501
0
2.51284614848662
5
0
0
0
0
0
0
123.317872991942
0
0
0
0.120469126813873
0
4.00559846655938
-0.120469126813873
-0.120469126813873
0.120469126813873
0
66.8603653816685
382.67349077579
500.079440218531
-0.120469126813873
-0.120469126813873
0
0.000913971003569714
-0.120469126813873
0
0
-1000
-0.240938253627633
-0.120469126813873
0
0
0
0
0
0
0
0
0
0
0
0
0
0
0
0
0
-0.000913971003569714
0
0
0
0
0
-0.00367184857327629
0
0
0
0
0
0
-32.617016084841
32.617016084841
0.00367184857327629
0.120469126813873
-0.120469126813873
0
0
0
0
0
0
0
0
0
0
0
0
0
0
0
0
0
0
0
0
0
0
0
0
0
0
0
0
0
0
0
0
0
0
0
0
0
0
0
0
0.000913971003569714
0
0
0
0
0
0
0
0
0
0
0
0
0
0
0
0
0
0
0
0
0
0
0
0
0
0
0
0
0
0
0
0
0
0
0
0
0
0
0
0
0
0
0
0
0
0
0
0
0
0
0
0
0
0
0
0
0
0
0
0
0
0
0
0
0
0
0
0
0
0
0
0
0
0
0
0
0
0
0
0
0
0
0
0
0
0
0
0
0
0
0
0
0
0
0
0
0
0
0
0
0
0
0
0
0
0
0
0
0
0
0
0
0
0
0
0
0
0
0
0
0
0
0
0
0
0
0
0
0
0
0
0
0
0
0
0
0
0
0
0
0
0.120469126813817
0.120469126813817
123.55881124557
6.59568469305649
0
0
0
0
0
0
0.120469126813817
0
0.120469126813817
0
0
0
0
0
0
0
0
0
0
0
0
0
0
0
0
0
0
0
0
0
0
0
0
0
0
0
0
0
0
0
0
0
0
0
0
0
0
0
0
0
0
0
0
0
0
0
0
0
0
0
0
0
0
0
0
0
0
0
0
0
0
0
0
0
0
0
0
0
0
0
0
0
0
0
0
0
0
0
0
0
0
0
0
0
0
0
0
0
0
0
0
0
0
0
0
0.120469126813817
0
0
0
0
0
0
0
0
0
0
0
0
0
0
0
0
0
0
0
0
0
0
0
0
0
0
0
0
0
0
0
0
0
0
0
0
0
0
0
0
0
0
0
0
0
0
0
0
0
0
0
0
0
0
0
0
0
0
0
0
0
0
0
0
0
0
0
0
0
0
0
0
0
0
0
0
0
0
0
0
0
0
0
0
0
0
0
0
0
0
0
0
0
-1000
0
0
0
0
0
0
0
0
0
0
0
0
0
0
0
0
0
0
0
0
0
0
0
0
0
0
0
0
0
0
0
0
0
0
0
0
0
0
0
0
0
0
0
0
0
0
0
0
0
0
0
0
0
0
0
0
0
0
0
0
0
0
0
0
0
0
0
0
0
0
0
0
0
0
0
0
0
0
0
0
0
0
0
0
0
0
0
0
0
0
0
0
1000
1000
0
0
0
0
0
0
0
0
0
0
0
0
0
0
0
0
0
0
-1000
0
-1000
0
0
0
0
0
0
0
1000
1000
0
0
0
0
0
0
0
0
0
0
0
0
0
0
0
0
0
0
0
0
0
0
0
0
0
0
0
0
0
0
0
0
0
0
0
0
0
0
0
0
0
0
0
0
0
0
0
0
0
0
0
0
0
0
0
0
0
0
0
0
0
0
0
0
0
0
0
0
0
0
0
0
0
0
0
0
0
0
0
0
0
0
0
681.396171729125
47.328707263119
0
0
0.120469126813873
0
1000
0
0
123.438342118756
0
372.115211815712
-500.079440218531
376.077806082733
0
0
0
0.000913971003569714
0.120469126813873
0
-999.879530873186
1000
0
0
0
0
0
0
0
0
0
0
0
0
0
-1000
0.000913971003569714
0
0
0
0.00367184857327629
0
0
0
0
0
0
0
-0.00367184857327629
0
0
0
0
0
123.317872991942
-1000
681.396171729125
-123.317872991942
-123.317872991942
0
-486.613066065547
1000
-0.0220310914393167
0
0
0.120469126813873
-0.120469126813873
0
0
127.805347965757
-127.805347965757
1000
0
0
0
-123.438342118756
-123.438342118756
1000
0
-627.884788184288
-372.115211815712
-1000
0
-623.922193917267
-376.077806082733
-1000
0
0
0
0
0
-1000
0
-0.120469126813873
0
0
0
-999.879530873186
999.879530873186
-1000
0
0
0
-1000
0
0
0
-1000
0
0
0
0
0
0
0
0
0
0
0
0
0
0
0
0
0
0
0
-1000
1000
-1000
0
-1000
0
-1000
0
-1000
0
0
0
0
0
0
0
0
0
-1000
0
1000
0
-1000
0
-1000
0
-1000
0
-1000
0
0
0
0
0
0
0
0
0
-1000
0
0
0
0
0
0
0
0
0
0
0
0
0
0
0
0
0
0
0
0
0
0
0
0
0
0
0
0
0
0
0
0
0
0
0
0.000913971003569714
-0.000913971003569714
0
0
0
0
0
0
0
0
0
0
0
0
0
0
0
0
0
0
0
0
0
0
0
0
0
0
0
0
0
0
0
0
0
0
0
0
0.000913971003569714
-0.000913971003569714
0
0
0
0
0
0
-0.00367184857327629
-0.00367184857327629
0
0
0
0
0
0
0
0
0
0
0
0
0
0
0
0
0.00367184857327629
0.00367184857327629
0
0
0
0
0
0
0
0
0
0
0
0
0
0
0
0
0
0
0
0
0
0
0
0
0
0
0
0
0
0
0
0
0
0
0
0
1000
0
0
0
0
0
0
0
1.2026244212454
0.00367184857322507
0
0
0
0
0
0
0
0
0.151315638014682
0
0
0
0
0
0
0
0
0
0
0
0
0
0
0
0
0
0
0
0
0
0
0
0
0
0
0
0
0
0
0
0
0
0
0
0
0
0
0
0
0
0
0
0
0
0
0
0
0
0
0
0
0
0
0
0
0
127.805347965757
127.805347965757
127.805347965757
0
0
0
0
0
0
0
0
0
0
0
0
0
0
0
0
0
0
0
0
0
0
0
0
0
0
0
0
0
0
0
0
0
0
0
0
0
0
0
0
0
0
0
0
0
0
0
0
0
0
0
0
0
0
0
0
0
0
0
0
0
0
0
0
0
0
0
0
0
0
0
0
0
0
0
0
0
0
0
0
0
0
0
0
0
0
0
0
0
0
0
0
0
0
0
0
0
0
0
0
0
0
0
0
0
0
0
0
0
0
0
0
123.438342118756
123.438342118756
123.438342118756
123.438342118756
-123.438342118756
0
0
0
0
0
0
0
0
0
0
0
0
0
0
0
0
0
0
0
0
0
0
0
0
0
0
0
0
0
0
0
0
0
0
0
0
0
0
0
0
0
0
0
0
0
0
0
0
0
0
0
0
0
0
0.00367184857322507
0.00367184857322507
0.00367184857322507
0.00367184857322507
0.00367184857322507
0
0
0
0
0
0
0
0
0
0
0
0
0
0
0
0
0
0
0
0
0
0
0
0
0
0
0
0
0
0
0
0
0
0
0
0
0
0
0
0
0
0
0
0
0
0
15.0300788736559
15.0300788736559
-15.030078873656
5.00145864454779
-2.49889339798733
2.49889339798728
2.49889339798728
2.49889339798728
0
0
0
0
0
0
0
0
0
0
0
0
0
0
0
0
0
0
0
0
0
2.49889339798728
2.49157098691952
2.49889339798728
2.49889339798728
2.49889339798728
2.49889339798728
2.49889339798728
2.49889339798728
2.49889339798728
2.49889339798728
2.49889339798728
2.49889339798728
2.49889339798728
2.49889339798728
2.49889339798728
2.49889339798728
2.49889339798728
2.49889339798728
15.0300788736559
15.0300788736559
5.00145864454779
5.00145864454779
0
0
0
0
0
0
0
0
0
0
0
0
0
0
0
0
0
0
0
0
0
0
0
0
0
0
0
0
0
0
0
0
0
0
0
0
0
0
0
0
0
0
0
0
0
0
0
0
0
0
0
0
0
0
0
0
0
0
0
0
0
0
0
0
0
0
0
0
0
0
0
0
0
0
0
0
0
0
0
0
0
0
0
0
0
0
0
0
0
0
0
0
0
0
0
0
0
0
0
0
0
0
0
0
0
0
0
0
0
0
0
0
0
0
0
0
0
0
0
0
0
0
0
0
0
0
0
0
0
0
0
0
0
0
0
0
0
0
0
0
0
0
0
0
0
0
0
0
0
0
0
0
0
0
0
0
0
0
0
0
0
0
0
0
0
0
0
0
0
0
0
0
0
0
0
0
0
0
0
0
0
0
0
0
0
0
0
0
0
0
0
0
1.2026244212454
298.659161740987
298.659161740987
0
3.74194008265619
3.74194008265619
0
-302.401101823643
302.401101823643
3.74194008265619
0
297.456537319742
0
0
297.456537319742
0
3.74194008265619
0
3.74194008265619
3.74194008265619
0
0
0
0
0
0
0
0
0
0
0
0
0
0
0
0
0
0
0
0
0
0
0
0
0
0
0
0
0
0
0
0
0
0
0
0
0
0
0
0
0
0
0
0
0
0
0
0
0
0
0
0
0
0
0
0
0
0
0
0
0
0
0
0
0
0
0
0
0
0
0
0
0
0
0
0
0
0
0
0
0
0
0
0
0
0
0
0
0
0
0
0
0
0
0
0
0
0
0
0
0
0
0
0
0
0
0
0
0
0
0
0
0
0
0
0
0
1.2026244212454
0.00367184857322507
0
0
0
0
0
0
0
1.58322660349925
0
0
0
0.992704660930138
0.992704660930138
0.992704660930138
0
0
0
0
0
0
1.35761190783331
0
0
0
0.00367184857322507
0
0
0
0
-1.3576119078333
1.35761190783331
0
0
0
0
0.37275471457851
0
0
0
0
0
0.24760321494792
0
0.22561469566594
0
0
0
0
0
0
0
0
0
0
11.0688531560629
11.0688531560629
11.0688531560629
0
0
0
0
-0.151315638014694
0
0
0
0
0
0
0
0
0
0
0
0
0
0
0
0
0
0
0
0
0
0
0
0
0
0
0
0
0
0
0
0
0
0
0
0
0
0
0
0
0
0
0
0
0
0
0
0
0
0
0
0
0
0
0
0
0
0
0
0
0
0
0
0
0
0
0
0
0
0
0
0
0
0
0
0
0
0
0
0
0
0
0
0
0
0
0
0
0
0
0
0
0
0
0
0
0
0
0
0
0
0
0
0
0
0
0
0
0
0
0
0
0
0
0
0
0
0
787.769470966779
212.230529033221
0
1000
1000
0
0
0
0
0
0
0
0
0
0
0
0
0
0
0
0
0
0
0
0
0
0
0
0
0
0
0
0
0
0
0
0
0
0
0
0
0
0
0
0
0
0
0
0
0
0
0
0
0
0
0
0
0
0
0
0
0
0
0
0
0
0
0
0
0
0
0
0
0
0
0
0
0
0
0
0
0
0
0
0
0
0
0
0
0
0
0
0
0
0
0
0
0
0
0
0
0
0
0
0
0
0
0
0
0
0
0
0
0
0
0
0
0
0
0
0
0
0
0
0
0
0
0
0
0
0
0
0
0
0
0
0
0
0
0
0
0
0
0
0
0
0
0
0
0
0
0
0
0
0
0
0
0
0
0
0
0
0
0
0
0
0
0
0
0
0
0
0
0
0
0
0
0
0
0
0
0
0
0
0
0
0
0
0
0
0
0
0
0
0
0
0
0
0
0
0
0
0
0
0
0
0
0
0
0
0
0
0
0
0
0
0
0
0
0
0
0
0
0
0
0
0
0
0
0
0
0
0
0
0
0
0
0
0
0
0
0
0
0
0
0
0
0
0
0
0
0
0
0
0
0
0
0
0
0
0
0
0
0
0
0
0
0
0
0
0
0
0
0
0
0
0
0
0
0
0
0
0
0
0
0
0
0
0
0
0
0
0
0
0
0
0
0
0
0
0
0
0
0
0
0
0
0
0
0
0
0
0
0
0
0
0
1000
0
0
0
0
144.578139150794
0
0
0
0
0
0
0
0
0
0
0
0
0
0
0
0
0
0
0
0
0
0
0
0
0
0
0
0
0
0
0
0
0
0
0
0
0
0
0
0
0
0
0
0
0
0
0
0
0
0
0
0
0
0
0
0
0
0
0
0
0
0
0
0
0
0
0
0
0
0
0
0
0
0
0
0.167242059471027
0.167242059471027
0
0
0
0
0.16724205947105
0
0.167242059471027
-246.743598254647
0
0
0
0
0.0257295476108951
0
1000
0
0
0
0
0
0
246.743598254647
0
0
0
0
1.01202887269667
0
0
0
0
0
0
1.01202887269667
0
1.01202887269667
1.01202887269665
0
0
0
0
0
0
0
0
0
0
0
0
0
0
0
0
0
0
0
0
0
0
0
0
0
0
0
0
0
0
0
0
0
0
0
0
0
461.454957233398
461.454957233398
0
0
0
0
0
0
0
0
0
0
0
0
0
0
0
0
0
0
0
0
0
0
0
0
0
0
0
0
0
0
0
0
0
0
0
0
0
0
0
0
0
0
0
0
0
0
0
0
1000
-1000
136.146168019678
0
0
0
-1000
-1000
1000
0
0
0
0
135.435745143554
-1000
0
0
0
0
0
0
0
0
0
0
0
0
0
0
0
0
0
0
0
0
0
0
0
0
0
0
0
0
0
0
0
0
0
0
0
0
0
0
0
0
1000
0
0
0
0
0
0
0
0
0
0
0
0
0
0
-999.996328151427
999.996328151427
1000
999.996328151427
1000
-1000
-1000
0
0
0
0
0
0
0.00367184857327629
0
0
0
0
0
0
0
0
0
0
0
0
0
0
0
0
0
0
0
0
0.0146554651748722
0
0.00367184857322507
0.0219885192819797
1000
0.00183060276694119
0.00183060276694119
0.00367184857327629
0
0.012824862407931
0.00183060276694119
0.027490970622094
-0.00183060276697233
0.00183060276694119
0.00183060276694119
0.00183060276694119
0.00183060276694119
0.00183060276694119
-0.00183060276697233
-0.00366120553383098
0.00183060276694119
0.00183060276694119
0.00183060276697233
0.00183060276694119
-0.00550245134013494
-0.00550245134013494
0.00367184857327629
0.00367184857327629
0.00183060276694119
0.00183060276694119
0.00367184857322507
0.00367184857322507
-0.00367184857327629
-0.00367184857327629
0.00367184857327629
0.00367184857327629
0.00183060276694119
0.00183060276694119
0.00183060276694119
0.00183060276694119
0.0458395704489476
-0.00550245134013494
-999.974339632145
0
0
0
0
0
0
-1000
0
0
0
0.00367184857322507
0
0
0
0
0.00183592428661253
0.00367184857327629
0.00367184857327629
0
0
0.00367184857322507
0.00367184857322507
0
0
0
0
0
0
0.00732241106776478
0.00183060276694119
0.00549180830082358
0.00183060276694119
-0.00183060276697233
0.00183060276694119
0.00183060276694119
0.00183060276694119
0.00183060276694119
0.00183060276694119
0.00183060276694119
0.00366120553388239
0.00183060276694119
0.00183060276694119
0.00183060276694119
0.00183060276694119
0.00183060276694119
0
0.00183060276694119
0.00367184857322507
0.00367184857322507
0.00367184857322507
0.00367184857322507
0.00367184857322507
0.00367184857322507
0.00367184857322507
0.00367184857322507
0.00367184857322507
0.00367184857322507
0.00367184857322507
0.00367184857322507
0.00367184857322507
0.00367184857322507
0
0
0
0
0
0
0
0
0
0
0
0
-0.00367184857327629
0
0
0
0
0
0
0
0
0
0
0
0
0
0
0
0
0
0
0
0
0
0
0
0
0
0
0
0
0
0
0
0
0
0
0
0
0
0
0
0
0
0
0
0
0
0
0
0
0
0
0
0
0
0
0
0
0
0
0
0
0
0
0
0
0
0
0
1000
0
33.2175750139084
0
0
0
0
0.00367184857322507
0
0
0
0
0
0
0
0
0
0
0
0
0
0
0
0
0
0
0
0
0
-1000
0
0
0
-123.317872991942
0
0
0
0
0
0.120469126813817
0
0
0
0
0
0
0
0
0
0.120469126813817
0
0
0
0
0
0
499.958971091717
0.240938253627634
0
0
0
0.120469126813817
0
45.114774020771
0
0
0
7.52932042586357
0
46.5312002318369
0
0.120469126813817
0
0.361407380441451
0
0
0
0.120469126813817
0
0.120469126813817
0
0.120469126813817
0
0.120469126813817
0
0.120469126813817
0
0.120469126813817
0
0.120469126813817
0
0.120469126813817
0
0.120469126813817
0
0.120469126813817
0
0.120469126813817
0
0.120469126813817
0
0.120469126813817
0
0.120469126813817
0
0.120469126813817
0
0.120469126813817
0
2.52985166309016
0
0.75384601358991
0
3.46348739589724
0
3.4936046776007
0
1.7769196205038
0
0.120469126813817
0
0.120469126813817
0
8.37627616213351
0
0.120469126813817
0
0.120469126813817
0
0.120469126813817
0
0.120469126813817
0
57.6745944621149
0
0.873401169400174
0
39.0922316510837
0
0
0
0.417970095275135
0
0.240938253627634
0
0
0
1.14445670473126
0
0.120469126813817
0
0.120469126813817
0
0.120469126813817
0
0
-1000
0
0
297.456537319742
0
0
0
0
0
886.103626187855
-980.66578829002
1000
982.853943660754
1.01202887269667
-753.089159685882
1000
246.910840314118
0
460.097345325565
1000
-1000
-1000
0
0
1000
0
0
0
0
0
-5.60953805435258
1000
0
0
0
0
-1000
1000
-0.00367184857327629
0
0
0
-3.2929998317029
0
-4.03950349811839
0
0
0
-999.987185780631
1000
1000
-995.960496501882
-4.04317534669178
-1000
0
1000
1000
586.070202048407
-1000
0
0
1000
1000
-1000
-1000
0
1000
0
0
46.167959293321
1000
1000
1000
0
0
0
0
-33.2175750139085
-502.698219343016
0
0
0
0
0
0
0
0
0
0
0
1000
0
0
0
0
0
0
0
0
0
0
1000
0
0
0
0
0
0
0
0
0
-1000
-1000
-1000
-1000
1000
-1000
-1000
-986.170674146505
-1000
-1000
-1000
992.467929926384
1000
-1000
-978.638604072889
-1000
-1000
-1000
1000
116.994055734471
1000
-1000
-1000
577.385279223858
-1000
1000
1000
1000
1000
-1000
-1000
1000
-1000
-1000
-1000
-1000
263.483488688881
-1000
-1000
1000
1000
-1000
-1000
-1000
-1000
-1000
1000
-1000
-1000
-1000
-1000
-1000
1000
-1000
-1000
-1000
-1000
-1000
596.738203752946
-1000
-1000
-1000
-1000
-1000
-1000
-1000
-1000
-1000
-1000
-1000
-1000
-1000
-19.1889467418234
-1000
1000
-986.462404289488
-1000
1000
-1000
-17.8037161238349
85.6527439001238
-1000
-1000
-1000
-1000
-1000
1000
1000
-1000
1000
1000
1000
-1000
-1000
-1000
1000
1000
1000
-1000
-1000
-1000
-1000
1000
-1000
1000
1000
-992.198549302162
1000
1000
1000
1000
1000
1000
1000
1000
1000
1000
-1000
-1000
-1000
954.942355913179
-10.8962904638405
1000
-1000
1000
0
-1000
-1000
0
0
0
0
0
0
0
0
0
0
0
0
0
0
0
0
0
0
0
0
0
0
0
0
0
0
0
0
0
0
0
0
0
0
0
0
0
0
0
0
0
0
0
0
0
0
0
0
0
0
0
0
0
0
0
0
0
0
0
0
0
0
0
0
0
0
0
0
0
0
0
0
0
0
0
0
0
0
0
0
0
0
0
0
0
0
0
0
0
0
0
0
0
0
0
0
0
0
0
0
0
0
0
0
0
0
0
0
0
0
0
0
0
0
0
0
0
0
0
0
0
0
0
0
0
0
0
0
0
0
0
0
0
0
0
0
0
0
0
0
0
0
0
0
0
0
0
0
0
0
0
0
0
0
0
0
0
0
0
0
0
0
0
0
0
0
0
0
0
0
0
0
0
0
0
0
0
0
0
0
0
0
0
0
0
0
0
0
0
0
0
0
0
0
0
0
0
0
0
0
0
0
0
0
0
0
0
0
0
0
0
0
0
0
0
0
0
0
0
0
0
0
0
0
0
0
0
0
0
0
0
0
0
0
0
0
0
0
0
0
0
0
0
0
0
0
0
0
0
0
0
0
0
0
0
0
0
0
0
0
0
0
0
0
0
0
0
664.340083687966
0
0
0
0
0
0
0
0
0
0
0
0
0
0
0
0
0
0
0
0
0
0
0
0
0
0
0
0
0
0
0
0
0
0
0
0
0
0
0
0
0
0
0
0
0
0
0
0
0
0
0
0
0
0
0
0
0
15.1995639536699
1000
1000
1000
1000
1000
0
1000
-1000
-1000
1000
-1000
1000
1000
1000
1000
-1000
-1000
984.80043604633
-1000
1000
-1000
0
-1000
-1000
-984.80043604633
-1000
1000
1000
1000
-1000
-1000
-1000
-1000
-1000
1000
1000
-1000
-984.80043604633
-1000
-999.94866862125
1000
-1000
-1000
-1000
1000
-1000
1000
-1000
-1000
-1000
-1000
-1000
-1000
-1000
0
0
0
0
0
0
0
0
0
0
0
0
0
0
0
0
0
-1000
-995.960496501882
-0.402875402838276
0
0
0
0
0
180.147827232546
1000
0
0
0
187.214512672504
0
0
0
0
0
-0.00367184857327629
0.00367184857322507
0
0
-0.00367184857327629
-0.00367184857327629
0
0
0
0
0
0
0
0
0
0
0
0
0
0
0
0
0
0
0
0
0
0
0
1000
0
0
0
0
0
0
0.00367184857322507
0
0
-1000
-1000
1000
0
-1000
0
0
0
0
-0.00367184857327629
0.372754714578491
0
0
0
0
246.743598254646
0
0
0
0
0
0
0
0
0
0
0
0
-1000
0
0
-125
125
0.00367184857322507
0
0
0
17.6471259729074
560.68993825756
0
0
0
0
0
0
-1000
1000
69.401969533096
0
0
0
0
0
0
0
0
0
0
0
0
0
0
0
0
0
0
0
0
0
0
0
0
0
0
0
0
0
0
17.1460563392465
0
0
0
0.00367184857322507
0
0
0
0
1000
0
681.396171729125
0
0
1.98540932186028
0
0
0
0
0.00549180830082358
1000
0
-191.380218657409
0
0
0
0
0
0
0
0
0
0
0
0
0
0.00367184857327629
1000
-1000
-1000
1000
0
1000
0
0
-1000
753.247456737874
0
-246.752543262126
246.752543262126
679.410762407265
1000
0
0
0
0
-999.854199230205
1000
0
0
0
0
0
0.00367184857327629
0
0
1000
0
55.3156328344367
0
0
900.777946432196
0
0
-1000
0
0
-1000
0
-1000
1000
0
0
0
0
0
0
0
0
0
0
0
-0.145800769795301
1000
0
0
0
654.08209494035
0
0
0
0
0
345.912413251349
0
0
1000
0
0
0
998.021934375286
0
0
0
0
0
0
0
0
0
0
0.992704660930138
0
0.00367184857322507
-0.00367184857327629
0.00367184857322507
0.00367184857322507
0
0
1000
-1000
0.00367184857327629
0
0
0
0.992704660930144
0
0
-0.0110155457197152
-1000
1.97806562471385
1000
-1000
1000
-1000
0
0
0
-1000
1000
-1000
0
0
0
0
0
0
0
0
0
0
0
0
0
0
0
0
0
0
0
0
0
0
0
0
0
1000
0
0
0
0
0
0.00183060276694119
0
1000
0
0
0
0
0
0
0.00367184857322507
-1000
246.752543262126
0
0
0
0
0
0
0
0
0
0
0
0
0
0
0
0
0
0
0
0
0
0
0
0
1000
0
0
0
0
0
0
0
0
0
0
0
0
0
0
0
0
0
0
0
0
0
0
0
0
0
0
0
0
0
0
2.36807625374661
0
0
0
0
0
0
0
0
0
0
0
0
0
0
0
0
0
0
0
0
0
0
0
0
0
0
0
0
0
0
0
0
0
0
0
0
0
0
0
0
0
0
0
0
0
0
0
0
0
0
0
0
0
0
0
0
0
0
0
0
0
0
0
0
0
0
0
0
0
0
0
0
0
0
0
0
0
0
0
0
0
0
0
0
0
0
0
0
0
0
0
0
0
0
0
0
0
0
0
0
0
0
0
0
0
0
0
0
0
0
0
-999.987185780631
0
0.00183060276697233
0
0.0201472734756862
0
0
-0.012814219368579
0
1000
0.0164860679418553
0
0
0
0
0
0
0
0
0
0
0
0
0
0
0
0
0.00367184857322507
0.00367184857322507
0.00367184857322507
-1000
-113.896373812145
0
-486.613066065547
-1000
0
0
0
0
0
0
-1000
-999.994508191699
0
0
0
0
0
0
0
0
0
0
-1000
0
499.920559781469
-500.079440218531
-1000
-1000
-1000
-999.879530873186
-1000
-1000
0
0
0
0
0
0
0
0
0
0
-1000
0
1000
0.402182718361024
0.00367184857322507
0.00367184857322507
0.00367184857322507
0.00367184857322507
0.00367184857322507
0
0
0
0
1000
0
0
0
0
0
0
0
0
0
32.617016084841
0
0
0
0
0
-1000
0
0
0
0
0
0
1000
-1000
0
1000
0
0
-1000
0
0
0
0
0
0
0
0
0
0
0
0
0
0
0
0
0
0
0
0
0
0
0
0
0
0
0
0
0
0
0
0
0
0
0
0
0
0
0
0
0
0
0
0
0
0
0
135.435745143554
0
0
0
0
0
0
0
0
0
-1000
0
0
0
0
0
0
0
0
1000
-1000
-1000
-1000
-1000
1000
0
0.0219885192819797
0
0
0
0
-999.815604908788
-1000
-1000
1000
246.743598254647
0
0
0
999.977968908561
15.1826361995939
0
0
0
0
0
0.590521942569114
0.590521942569114
0
-999.985355177864
0
0
0
0
0
0
0
0
1000
0
0
0
0
0
0
0
1000
0.00367184857322507
0
0
0
0
0
0
0
-100.31267318177
1000
0
0
1000
0
0
0
1000
0
0
0
0
-372.115211815712
0
-1000
0
0
0
-1000
-1000
0
0
0
0
-123.438342118756
0
0
123.317872991942
0
0
0
0
-652.263492030825
652.263492030825
-750
0
0
0
0
-1000
-1000
0
0
0.154377285665646
0
0
0
0
0.00091397100355276
0
0
0
0
0
0
0
0
998.021934375286
0
998.021934375286
0
0
0
0
0
0
0
0
0
0
1000
1000
-1000
-1000
-258.037272507843
-1000
258.037272507843
0
0
0
0
0
0
0
0
0
-1000
-144.578139150794
0
-1000
0.00183060276694119
0.00183060276694119
0
1000
0
0
376.077806082733
0
0
0
0
0
0
0
0
0
0
0
0
0
0
0
0
0
0
0
0
0
0
0
0
0
0.00367184857327629
0
0
0
0
0
0
0
0
0
0
0
0
0
0
0
0
0
0
0
0
0
0
0
0
0
0
0
0
0
0
0
0
0
0
0
0
0
0
0
0
0
0
0
0
0
-1000
0
-1000
0
0
0
0
0
0
-1000
0
0
0
0
0
0
0
0
0
0
0
872.194652034243
0
0
0
0
0
0
0
0
0
0
0
0
0
1000
0
0
0
-318.603828270875
0
0
0
0
0
0
0
0
0
0
0
0
0
0
0
0
123.317872991942
0
0
0
0
0
0
0
0
0
0
0
0
0
0
0
0
0
0
0
0
0
0
0
123.317872991942
0
0
0
0
0
0
0
0
0
0
0
0
0
0
0
0
0
0
0
0
0
0
0
0
0
0
0
0
0
0
0
0
0
0
0
0
0
0
0
0
0
0
0
0
0
0
0
0
0
0
0
0
0
0
0
0
0
0
0
0
0
0
0
0
0
0
0
0
0
0
0
0
0
0
0
0
0
0
0
0
0
0
0
0
0
0
0
0
0
0
0
0
0
0
0
0
0
0
0
0
0
0
0
0
0
0
0
0
0
0
0
0
0
0
0
0
0
0
0
0
0
0
0
0
0
0
0
0
0
0
0
0
0
0
0
0
0
0
0
0
0
0
0
0
0
0
0
-1000
0
0
0
0
0
0
0
0
0
0
0
0
0
0
0
0
0
0
0
0
0
0
401.490443897678
0
0
0
0
-98.5124149409459
0
1000
-640.301755803843
-359.531002136686
0
-69.401969533096
0
-1000
-1000
0
0
0
0
439.284358802428
0.0220310914393504
0
0
0
0
0
0
0
0
0
0
0
0
0
0
0
0
0
0
0
0
0
0
0
0
0
0
0
0
0
0
0
0
0
0
0
-975.697927867906
0
0
0
0
0
0
0
0
0
0
0
0
0
0
0
0
0
0
0
0
0
0
0
0
0
0
0
0
0
0
0
0
0
0
0
0
0
0
0
0
0
0
0
0
0
0
0
0
0
0
0
0
0
0
0
0
0
0
0
0
0
0
0
0
0
0
0
0
0
0
0
0
0
0
0
0
0
0
0
0
0
0
0
0
0
0
0
0
0
0
0
0
0
0
0
0
0
0
0
0
0
0
0
0
0
0
0
0
0
0
0
0
0
0
0
0
0
0
0
0
0
0
0
0
0
0
0
0
0
0
0
0
0
0
0
0
0
0
0
0
0
0
0
0
0
0
0
0
0
0
0
0
0
0
0
0
0
0
0
0
0
0
0
0
0
0
0
0
0
0
0
0
0
0
0
0
0
0
0
0
0
0
0
0
0
0
0
0
0
0
0
0
0
0
0
0
0
0
0
0
0
0
0
0
0
0
0
0
0
0
0
0
0
0
0
0
0
0
0
0
0
0
0
0
0
0
0
0
0
0
0
0
0
0
0
0
0
0
0
0
0
-975.697927867906
0
0
0
0
0
0
0
0
0
0
0
0
0
0
376.077806082733
0
0
0
0
0
0
0
0
0
0
0
-1000
0
0
1.01202887269667
0
0.00367184857327629
-981.931591487713
0
0
0
0
0
0
0
0
0
0
0
0
0
0
0
0
0
0
0
0
0
0
0
0
0
0
0
0
0
0
0
0
0
0
0
0
0
0
0
0
0
0
0
0
0
0
0
0
0
0
0
0
0
0
0
0
0
0
0
0
0
0
0
0
0
0
0
0
0
0
0
0
0
0
0
0
0
0
0
0
0
0
0
0
0
0
0
0
0
0
0
0
0
0
0
0
0
0
0
0
0
0
0
0
0
0
0
0
0
0
0
0
0
0
0
0
0
0
0
0
0
0
0
0
0
0
0
0
0
0
0
0
0
0
0
0
0
0
0
0
0
0
0
0
0
0
0
0
0
0
0
0
0
0
0
0
0
0
1000
964.880599886789
0
0
0
0
0
0
0
1000
0.00367184857327629
0
0
-1000
1000
0
0
0
0
0
0
0
0
0
0
0
0
0
0
0
0
0
1000
0
0
0
0
0
0
0
0
0
0
0
0
0
0
0
0
0
0
0
0
0
0
0
0
0
0
0
0
0
0
0
0
0
0
0
0
0
0
0
0
0
0
0
0
0
0
0
0
0
0
0
0
0
0
0
0
0
0
0
0
0
0
0
0
0
0
0
0
0
0
0
0
0
0
0
0
0
0
0
0
0
0
0
0
0
0
0
0
0
0
0
0
0
0
0
0
0
0
0
0
0
0
0
0
0
0
0
0
0
0
0
0
0
0
0
0
0
0
0
0
0
0
0
0
0
0
0
0
0
0
0
0
0
0
0
0
0
0
0
0
0
0
0
0
0
0
0
0
0
0
0
0
0
0
0
0
0
0
0
0
0
0
0
0
0
0
0
0
0
500
88.6919945223447
0
0
-0.992704660930144
0
0
0
473.393520763015
19.6186691883426
42.8825793515537
0.106430393426814
88.6919945223447
0
0
0
0
0
0
0
0
0
0
0
0
0
0
0
0
0
0
0
0
0
0
0
0
0
0
637.120306872669
-1000
0
-1000
709.394055926214
0
0
0
0
-764.381480546498
0
0
0
0
-301.172817034543
0
0
0
0
0
0
0.00367184857322507
0
0
0
0
0
0
0
0
0
0
0
0
0
0
0
0
123.317872991942
0
0
0
0
-999.987185780631
-57.6745944621149
-2.5298516630902
0
-10.8962904638405
-21.3613959271112
-43.5635520508965
-34.1613536229803
-10.6680017045396
-1000
-26.9903974396616
-4.68213908282905
-31.9527145331867
1000
-1000
0
0
0
0
-1000
-305.620665041671
-17.8037161238349
-736.516511311119
-13.5375957105124
-986.170674146505
-1000
-1000
166.932682785099
632.63766009495
0
0
-1000
-1000
0
-1000
0
0
999.815604908788
-1000
0
0
0
0
0.372754714578491
0
1000
709.397727774787
0
0
0
0
0
0
0
0
0
0
-0.00367184857327629
-0.00367184857327629
0
0
0
0
0
0
0
0
0
0
0
0
0
218.683235469381
-218.683235469381
0
0
0
1000
0
0
0
0
1000
702.543462680258
246.743598254646
-0.00367184857327629
-0.00367184857327629
-1.01202887269665
864.564254856446
0
0
-0.00367184857327629
0
-0.00367184857327629
0
0
0
-0.00367184857327629
0
0
0
-0.00367184857327629
0
0
0
0
0
1000
0
0
0
0
0
1000
0
0
0
0
0
0
0
0
0
0
0
0
0
246.910840314118
0
0
0
-984.80043604633
0
1000
0
0
-0.00367184857327629
-1000
0
0
0
0
0
0
0
0
0
0
0
0
0
560.68993825756
-3.2929998317029
-0.402875402838276
-995.960496501882
-1000
0
0
0
0
0
-4.03950349811839
0
0
0
2.49889339798733
218.683235469381
0
0
0
0
0
-4.04317534669178
0
0
0
0
1000
-1000
246.910840314118
0
0
460.097345325565
-246.910840314118
0
0
0
125
0
-33.2175750139085
0
0
0
-980.66578829002
-1000
0
0
0
0
0
-0.0513313787498646
0
0
0
0
100.31267318177
-1000
1000
0
0
0
0
0
0
1000
1000
-995.960496501882
-5.60953805435258
0
0
-125
0
0
0
0
0
0
0
0
1000
0
-0.417970095275109
-0.120469126813873
0
-502.698219343016
-1.7769196205038
-8.37627616213354
-1.14445670473128
-39.0922316510837
-3.46348739589723
-0.120469126813873
0
0
0
0
-0.120469126813873
0
-0.240938253627633
-0.120469126813873
0
-0.873401169400154
0
-0.120469126813873
-45.1147740207709
-46.5312002318369
0
-15.182636199594
0
0
-0.120469126813873
-0.753846013589964
0
-0.120469126813873
-0.120469126813873
0
-0.240938253627633
-3.49360467760073
0
-7.5293204258636
0
0
0
-1000
1000
0
0
-1000
1000
-0.00367184857327629
0
750
-750
0
0
0
-1000
0
0
0
0
0
0
0
0
0
0
0
0
0
0
0
0
0
0
0
1000
-1000
-1000
1000
1000
0
1000
-1000
0
-0.120469126813873
-0.120469126813873
0
0
0
0
0
-359.698244196157
359.531002136686
439.284358802428
0.0220310914393167
0
0
0
0
0
1000
0
0
0
0
0
0
0
0
0
0
0
0
0
0
0
0
0
0
0
0
0
0
0
0
0
0
0
0
0
0
0
0
0
0
0
0
0
0
0
0
0
0
0
0
0
0
0
0
0
0
0
0
0
0
0
0
0
0
0
0
0
0
0
0
0
0
0
0
0
0
0
0
0
-0.120469126813873
0
0
0
0
0
975.697927867906
0
0
0
0
0
0
0
0
0
0
0
0
0
0
0
0
0
0
0
0
0
0
0
0
0
0
0
0
0
0
0
0
0
0
0
0
0
0
0
0
0
0
0
0
0
0
0
0
0
0
0
0
0
0
0
0
0
0
0
0
0
0
0
0
0
0
0
0
0
0
0
0
0
0
0
0
0
0
0
0
0
0
0
0
0
0
0
0
0
0
0
0
0
0
0
0
0
0
0
0
0
0
0
0
0
0
0
0
0
0
0
0
0
0
0
0
0
0
0
0
0
0
0
0
0
0
0
0
0
0
0
0
0
0
0
0
0
0
0
0
0
0
0
0
0
0
0
0
0
0
0
0
0
0
0
0
0
0
0
0
0
0
0
0
0
0
0
0
0
0
0
0
0
0
0
0
0
0
0
0
0
0
0
0
0
0
0
0
0
0
0
0
0
0
0
0
0
0
0
0
0
0
0
0
0
0
0
0
0
0
0
0
0
0
0
0
0
0
0
0
0
0
0
0
0
0
0
0
0
0
0
0
0
0
0
0
0
0
0
0
0
0
0
0
0
0
0
0
0
0
0
-1000
0
1000
0
0
981.931591487712
0
0
0
0
0
0
0
0
0
0
0
0
0
0
0
0
0
0
0
0
0
0
0
0
0
-1000
0
-964.880599886789
-0.00367184857327629
0
0
0
0
0
0
0
0
1000
0
0
0
0
0
-1000
0
0
0
0
0
0
0
0
0
0
0
0
0
0
0
0
0
0
0
0
0
0
0
0
0
0
0
0
0
0
0
0
0
0
0
0
0
0
0
0
0
0
0
0
0
0
0
0
0
0
0
0
0
0
0
0
0
0
0
0
0
0
0
0
0
0
-1000
1000
1000
0
0
-0.120469126813873
-0.120469126813873
-0.120469126813873
0
-0.120469126813873
-0.361407380441506
0
-0.120469126813873
-0.120469126813873
-0.120469126813873
-0.120469126813873
499.958971091717
-0.120469126813873
-0.120469126813873
-0.120469126813873
-0.120469126813873
-0.120469126813873
-0.120469126813873
-0.120469126813873
0
-0.120469126813873
-0.120469126813873
-0.120469126813873
0
-1000
88.6919945223447
0
297.456537319742
0
0
0
0
0
0
0
0
0
0
0
