0
0
0
0
0
0
0
878.618074120797
-878.618074120797
0
1000
0
0
267.448160386006
0
0
999.69017980461
-999.69017980461
999.928893725648
0
0.071106274351863
0
-1000
0.446953724497462
0
1000
-270.426936573643
0
-384.674428788516
0.0292828852686147
0
0
0
0
0
0
341.541121158712
0
0
0
42.6700674275768
0
0
0
0
0
0
0
0
0
0
0
0
0
0
0
0
0
0
0
0
0
0
0
0
0
384.674428788516
0
0
0
0
0
0
0
1000
1000
0
0
0
0
0
0
-1000
0
0
0
0
0
0
0
0
0
0
0
0
0
0
0
0
0
0
0
0
0
0
0
0.00434894335672496
0
0
0
0
0
0
1000
0
2.03668685822122
0
0
0
1000
0
1000
281.662993516226
718.337006483774
281.662993516226
-1000
0
0
0
718.337006483774
0
0
1000
0
0
1000
0
0
-1000
0
0
0
0
0
0
-1000
0
0
0
0
-17.801649595595
0
0
0
0
244.884486293859
0
0
0
1000
0
0
461.627159119888
1000
1000
538.362682840919
0
615.09820656195
0
-1000
538.362682840919
805.810843226925
1000
-732.551839613994
0
0
1000
0
0
0
0
0
1000
657.081247529117
0
0
0
0
0
-4.7836643649448
0
0
0
0
0
0
0
251.129937683309
-1000
0
0
0
0
0
0
0
0
740.726589144662
740.726589144662
0
0
0
0
-745.515332529203
0
-999.994920980403
0
0
0
0
0
0
0
0
0
0
0
0
0
0
-1000
0
998.030863577178
0
0.56095066485293
0.571108704046053
0
0
0.83707705392267
0
287.001911677519
0
0
259.273410855338
251.129937683309
0
-259.273410855338
0
0
0
0
0
0
0
0
0
0
-1000
0
-1000
-1000
-1000
-1000
0
1000
999.522833724806
-216.239783478987
1000
-1.17576099728706
-999.989841960807
-3.20163957575039
0
-0.84142599727943
0.00434894335671743
-1000
-1000
1000
0
0
1000
0
0.218397842652151
0
-0.218397842652166
0
0.00216816886190346
0
0
0
0
0
0
0
0
999.69017980461
0
0
0
0
0
0
0
0
-704.854615150451
0
1000
0
0
0
-287.001911677519
0
-0.218397842652166
0
-0.837077053922712
0
0
0.837077053922712
3.20163957575039
0
0
-0.00434894335671743
0
0
-1000
0
0
0
750.494999618767
0.837077053922712
0
1000
-1.17576099728706
0
0
0
0
0
0
0
0.00434894335672496
0
0
0
0
0
712.998088322481
0
0
0
2.80475332426465
0
11.8072761665673
0
0
0
0
0
0
0
0
249.703082145499
-1000
1000
-0.00216816886188553
0
1000
1000
-1000
-1000
-1000
1000
-1000
1000
1000
-1000
0
-1000
0
0
0
0
-1000
0
0
-1000
-0.00434894335671743
1000
1000
0
0
1000
-1000
0
0
0
0
0
0
1.17576099728702
239.391446466678
1000
760.692337922982
1000
1000
-1000
-1000
-1000
239.317820116211
-1000
1000
1000
0
-1000
1000
-1000
-1000
2.4453436194442
-1000
-1000
-1000
1.68285199455875
0
-1000
1000
0
0
0
-1000
1000
2.81564143969763
0
0
1000
0
0
0
-0.00434894335671743
1000
0
0
0
-35.7860052347041
0
0
0
0
0
0
0
0
0
0
0
0
0
0
0
0
0
0.00434894335672496
0
1000
0
-1000
0
1000
0
0
0
0
0
0
0
0
0
0
0
0
0
0
0
0
0
0
0
0
0
0
0
0
0
0
0
0
0
0
0
0
0
0
0
0
0
0
0
0
0
-1000
-0.00434894335671743
0.126975489914003
0.126975489914003
0
960.065559757174
0
0
0
0
0
0
0
0
0
0
39.3429492808214
0
0
0
0
-687.035010655836
0
0
0
0
0
0
0
0
0
0
0
0
0
0
0
0
0
0
0
0
0
0
0
0
0
0
0
0
0
0
0
0
0
0
0.198081764265908
0
0
0
1000
0
0
0
0
0
0
-1000
0
0
0
0
0
0
0
0
0
0
0
0
0
0
0
0
0
0
0
0
0
0
0
0
0
0
0
0
999.801918235734
0
0
0.198081764265908
0
0
0
0
0
0
0
0
0
-244.865394012335
0
0
0
0
0
0
0
0
0
0
0
0
0
0
0
0
0
0
0
0
0
0
0
0
0
0
0
0
0
0
0
0
0
-1000
0
0
0
0
0
0
0
0
0
0
0
0
0
0
0
0
0
0
0
0
0
0
0
0
0
0
0
0
0
0
0
0
0
0
0
0
0
0
-1000
0
0.00507901959656164
0
0
0
1000
0.919302546977657
0.919302546977657
0
0
0
0
0
0
0
0
0
0
0
0
0
0
0
0
0
0
0
0
0
0
0
0
0
0
0
1000
0
0
0
0.00434894335671743
0
0
1000
0
0
0
0
344.143051950264
0
0
344.143051950264
0
0
0
0
0
0
0
0
0
0
344.143051950264
0
344.143051950264
0
0
0
15.7553341347632
44.9111126047877
28.7072280320241
21.0258017812676
31.1742554410262
10.2605912692586
23.9974484330201
43.9018741192868
40.4256082247839
12.7836874830107
24.7824116995208
51.0786811272929
40.3134706152838
12.4472746545104
20.6333201480173
28.595090422524
37.0614799397811
29.9968105412752
5.49474286550461
37.3978927682814
0
0
0
0
0
0
0
0
0
0
0
0
0
0
0
0
0
0
0
0
0
0
0
0
0
0
0
0
0
0
0
0
0
0
0
0
0
0
0
0
0
0
0
0
0
0
0
0
0
0
0
0
0
0
0
0
0
0
0
0
0
0
0
0
0
0
0
0
0
0
0
0
0
0
0
0
0
0
0
0
0
0
0
0
0
0
0
0
0
0
0
0
0
0
-1000
0
0
0
0
39.3429492808214
0
0
1000
1000
648.47586072141
0
0
0
0
0
0
-35.7860052347041
-648.658705426886
-648.658705426886
-1000
0
-312.964989344164
0
-313.107201892867
1000
1000
648.486018760603
1000
0
0
1000
0
-1000
-1000
-1000
0
0
687.035010655836
0
687.035010655836
312.964989344164
0
0
0
0
0
0
0
0
0
0
0
1000
344.103211354883
1000
1000
0
500
250.001803130742
5.01521499893208
10
0
0
0
0
0
0
219.654518530199
0
1000
0
0
-0.00176714166002512
0
0
0
0
-0.00176714166002512
0
342.870914093959
0
-0.00176714166002512
0.00176714166002512
-0.00176714166002512
0
0
0
0
-1000
0
0
-0.00176714166002512
-0.00176714166002512
0.00176714166002512
-0.00176714166002512
0.00176714166002512
-0.00176714166002512
-0.00176714166002512
-0.00176714166002512
-0.00176714166002512
-0.00176714166002512
-0.00176714166002512
-0.00176714166002512
-0.00176714166002512
-0.00176714166002512
-0.00176714166002512
-0.00176714166002512
-0.0499217518951127
-0.0174167828150757
-0.0508053227250684
-0.05124710814016
-0.0260653394850578
0.00176714166002512
0.00176714166002512
-0.09895388225641
0.00176714166002512
0.00176714166002512
0.00176714166002512
0.00176714166002512
-0.846019069726935
0
-0.0949838642252416
-0.478453604446145
-0.030047458923832
0.00176714166002512
0.00176714166002512
0.0167878457700681
0.00176714166002512
0.00176714166002512
-0.00176714166002512
0
0
0
0
0
0
0
0
0
0
0
0
0
0
0
0
0
0
0
0
0
0
0
0
0
0
0
0
0
0
0
0
0
0
0
0.01281177703504
0.00637214744006087
0
0
0
0
0
0
0
0
0
0
0
0
0
0
0
0
0
0
0
0
0
0
0
0
0
0
0
0
0
0
0
0
0
0
0
0
0
0
0
0
0
0
0
0
0
0
0
0
0
0
0
0
0
0
0
0
0
0
0
0
0
0
0
0
0
0
0
0
0
0
0
0
0
0
0
0
0
0
0
0
0
0
0
0
0
0
0
0
0
0
0
0
0
0
0
0
0
0
0
0
0
0
0
0
0
0
0
0
0
1.45549579079833
1.45549579079833
1.45549579079833
1.45196150747832
0
0
0
0
0
0
0
0
0
0
0
0
0
0
0
0
0
0
0
0
0
0
0
0
0
0
0
0
0.00176714166000411
0.00353428332000821
0.00176714166000411
0
0.00176714166000411
0.00176714166000411
0.110446353750257
0
0
0.00176714166000411
0
0
0
0
0
0
0
0
0
0
0
0
0
0
0
0
0
0
0
0
0
0
0
0
0
0
0
0
0
0
0
0
0
0
0
0
0
0
0
0
0
0
0
0
0
0
0
0
0
0
0
0
0
0
0
0
0
0
0
0
0
0
0
0
0
0
0
0
0
0
0
0
0
0
0
0
0
0
0
0
0
0
0
0
0
0
0
0
0
0
0
0
0
0
0
0
0
0
0
0
0
0
0
0
0
0
0
0
0
0
0
0
0
0
0
0
0
0
0
0
0
0
0
0
0
0
0
0
0
0
0
0
0
0
0
0
0
0
0
0
0
0
0
0
0
0
0
0
0
0
0
0
0
0
0
0
0
0
0
0
0
0
0
0
0
0
0
0
0
0
0
0
0
0
0
0
0
0
0
0
0
0
0
0
0
0
0
0
0
0
0
0
0
0
0
0
0
0
0
0
1000
0
0
0
0
0
0
0
0
0
0
0
0
0
0
0
0
0
0
0
0
0
0
0
0
0
0
0
0
0
0
0
0
0
0
0
0
0
0
0
0
0
0
0
0
0
0
0
0
0
0
0
0
0
0
0
0
0
0
0
0
0
0
0
0
0
0
0
0
0
0
0
0
0
0
0
0
0
0
0
0
0
0
0
0
0
0
0
0
0
0
0
0
0
0
1000
1000
0
0
0
0
0
0
0
0
0
0
0
0
0
0
0
0
0
0
-1000
0
-1000
0
0
0
0
0
0
0
1000
1000
0
0
0
0
0
0
0
0
0
0
0
0
0
0
0
0
0
0
0
0
0
0
0
0
0
0
0
0
0
0
0
0
0
0
0
0
0
0
0
0
0
0
0
0
0
0
0
0
0
0
0
0
0
0
0
0
0
0
0
0
0
0
0
0
0
0
0
0
0
0
0
0
0
0
0
0
0
0
0
0
0
0
0
0
399.01365456704
0
0
0.00176714166002512
0
-999.934173973165
0
0.00176714166002512
0
0
223.62997286666
0
342.870914093959
0
0
0
0.00637214744006087
0
0
-1000
999.99823285834
0
0
0
0
0
0
0
0
0
0
0
0
0
-1000
0.00637214744006087
0
0
0
-0.0238624631138009
0
0
0
0
0.01281177703504
0
0
0.0238624631138009
0
0
0
0
0
219.654518530199
-1000
0
0
0
0
-351.430632458393
1000
-0.0260936601403046
0
0
0.00176714166002512
-0.00176714166002512
0
0
0.0658260268351114
-0.0658260268351114
1000
0
-0.00176714166002512
-0.00176714166002512
0
0
1000
0
-0.0658260268351114
-999.934173973165
-1000
0
-657.129085906041
-342.870914093959
-1000
0
0
0
0
0
-1000
0
0
0
0
0
-1000
1000
-1000
0
0
0
-1000
0
0
0
-1000
0
0
0
0
0
0
0
0
0
0
0
0
0
0
0
0
0
0
0
-999.987188222965
999.987188222965
-1000
0
-1000
0
-1000
0
-1000
0
0
0
0
0
0
0
0
0
-1000
0
1000
0
-1000
0
-1000
0
-305.685171564543
0
-1000
0
0
0
0
0
0
0
0
0
-121.381925879203
-878.618074120797
219.654518530199
-219.654518530199
0
0
0
0
0
0
0
0
0
0
0
0
0
0
0
0
0
0
0
0
0
0
0
0
0
0
0
0
0
0
0
0
0.00637214744006087
-0.00637214744006087
0
0
0
0
0
0
0
0
0
0
0
0
0
0
0
0
0
0
0
0
0
0
0
0
0
0
0
0
0
0
0
0
0
0
-0.01281177703504
0.01281177703504
0.00637214744006087
-0.00637214744006087
0
0
0
0
0
0
0.0238624631138009
0.0238624631138009
0
0
0
0
0
0
0
0
0
0
0.01281177703504
-0.01281177703504
0
0
0
0
-0.0238624631138009
-0.0238624631138009
0
0
0
0
0
0
0
0
0
0
0
0
0
0
0
0
0
0
0
0
0
0
0
0
0
0
0
0
0
0
0
0
0
0
0
0
0
0
0
0
0
0
0
0
1.42439029908487
0.00434894335672496
0
0
0
0
0
0
0
0
0.179218485073462
0
0
0
0
0
0
0
0
0
0
0
0
0
0
0
0
0
0
0
0
0
0
0
0
0
0
0
0
0
0
0
0
0
0
0
0
0
0
0
0
0
0
0
0
0
0
0
0
0
0
0.0658260268351529
0.0658260268351529
0.0658260268351529
0
0
0
0
1000
1000
312.96757114586
0
0
0
0
0
0
0
0
0
0
0
0
0
0
0
0
0
0
0
0
0
0
0
0
0
0
0
0
0
0
0
0
0
0
0
0
0
0
0
0
0
0
0
0
0
0
0
0
0
0
0
0
0
0
0
0
0
0
0
0
0
0
0
0
0
0
0
0
0
0
0
0
0
0
0
0
0
0
0
0
0
0
0
0.00176714166000411
0.00176714166000411
0.00176714166000411
0.00176714166000411
-0.00176714166002512
0
0
0
0
0
0
0
0
0
0
0
0
0
0
0
0
0
0
0
0
0
0
0
0
0
0
0
0
0
0
0
0
0
0
0
0
0
0
0
0
0
0
0
0
0
0
0
0
0
0
0
0
0
0
0
0
0
0
0
0
0
0
0
0
0
0
0
0
0
0
0
0
0
0
0
0
0.00434894335672496
0.00434894335672496
0.00434894335672496
0.00434894335672496
0.00434894335672496
0
0
0
0
0
0
0
0
0
0
0
0
0
0
0
0
0
0
0
0
0
0
0
0
0
0
0
0
0
0
0
0
0
0
0
0
0
0
0
0
0
0
0
0
0
0
0
0
17.801649595595
17.801649595595
-17.801649595595
5.92373566403264
-2.95969336033795
2.95969336033796
2.95969336033796
2.95969336033796
0
0
0
0
0
0
0
0
0
0
0
0
0
0
0
0
0
0
0
0
0
2.95969336033796
2.95102068489035
2.95969336033796
2.95969336033796
2.95969336033796
2.95969336033796
2.95969336033796
2.95969336033796
2.95969336033796
2.95969336033796
2.95969336033796
2.95969336033796
2.95969336033796
2.95969336033796
2.95969336033796
2.95969336033796
2.95969336033796
2.95969336033796
17.801649595595
17.801649595595
5.92373566403264
5.92373566403264
0
0
0
0
0
0
0
0
0
0
0
0
0
0
0
0
0
0
0
0
0
0
0
0
0
0
0
0
0
0
0
0
0
0
0
0
0
0
0
0
0
0
0
0
0
0
0
0
0
0
0
0
0
0
0
0
0
0
0
0
0
0
0
0
0
0
0
0
0
0
0
0
0
0
0
0
0
0
0
0
0
0
0
0
0
0
0
0
0
0
0
0
0
0
0
0
0
0
0
0
0
0
0
0
0
0
0
0
0
0
0
0
0
0
0
0
0
0
0
0
0
0
0
0
0
0
0
0
0
0
0
0
0
0
0
0
0
0
0
0
0
0
0
0
0
0
0
0
0
0
0
0
0
0
0
0
0
0
0
0
0
0
0
0
0
0
0
0
0
0
0
0
0
0
0
0
0
0
0
0
0
0
0
0
0
0
0
0
0
0
0
0
1.42439029908487
1.44067677681498
1.44067677681498
0
0
0
0
-1.44067677681494
0
0
0
0.016286477730112
0
0
0.016286477730112
0
0
0
0
0
0
0
0
0
0
0
0
0
0
0
0
0
0
0
0
0
0
0
0
0
0
0
0
0
0
0
0
0
0
0
0
0
0
0
0
0
1.44067677681498
0
0
0
0
0
0
0
0
0
0
0
0
0
0
0
0
0
0
0
0
0
0
0
0
0
0
0
0
0
0
0
0
0
0
0
0
0
0
0
0
0
0
0
0
0
0
0
0
0
0
0
0
0
0
0
0
0
0
0
0
0
0
0
0
0
0
0
0
0
0
0
0
0
0
0
0
0
0
1.42439029908487
0.00434894335672496
0
0
0
0
0
0
0
1.87517613598938
0
0
0
1.17576099728702
1.17576099728702
1.17576099728702
0
0
0
0
0
0
1.60795772751505
0
0
0
0.00434894335672496
0
0
0
0
-1.6079577275151
1.60795772751505
0
0
0
0
0
0
0
17.540847454276
0
0
0.27915594284771
0
0.267218408474323
0
0
0
0
0
0
0
0
0
0
13.1099674835837
13.1099674835837
13.1099674835837
0
0
0
0
-0.17921848507342
0
0
0
0
0
0
0
0
0
0
0
0
0
0
0
0
0
0
0
0
0
0
0
0
0
0
0
0
0
0
0
0
0
0
0
0
0
0
0
0
0
0
0
0
0
0
0
0
0
0
0
0
0
0
0
0
0
0
0
0
0
0
0
0
0
0
0
0
0
0
0
0
0
0
0
0
0
0
0
0
0
0
0
0
0
0
0
0
0
0
0
0
0
0
0
0
0
0
0
0
0
0
0
0
0
0
0
0
0
0
0
0
0
0
0
0
0
0
0
0
0
0
0
0
0
0
0
0
0
0
0
0
0
0
0
0
0
0
0
0
0
0
0
0
0
0
0
0
0
0
0
0
0
0
0
0
0
0
0
0
0
0
0
0
0
0
0
0
0
0
0
0
0
0
0
0
0
0
0
0
0
0
0
0
0
0
0
0
0
0
0
0
0
0
0
0
0
0
0
0
0
0
0
0
0
0
0
0
0
0
0
0
0
0
0
0
0
0
0
0
0
0
0
0
0
0
0
0
0
0
0
0
0
0
0
0
0
0
0
0
0
0
0
0
0
0
0
0
0
0
0
0
0
0
0
0
0
0
0
0
0
0
0
0
0
0
0
0
0
0
0
0
0
0
0
0
0
0
0
0
0
0
0
0
0
0
0
0
0
0
0
0
0
0
0
0
0
0
0
0
0
0
0
0
0
0
0
0
0
0
0
0
0
0
0
0
0
0
0
0
0
0
0
0
0
0
0
0
0
0
0
0
0
0
0
0
0
0
0
0
0
0
0
0
0
0
0
0
0
0
0
0
0
0
0
0
0
0
0
0
0
0
0
0
0
0
0
0
0
0
0
0
0
0
0
0
0
0
0
0
0
0
0
0
0
0
0
0
0
0
0
0
0
0
0
0
0
0
0
0
0
0
0
0
0
0
10.0232837611782
0
10.0232837611782
0
0
0
0
0
0
0
0
0
0
0
0
0
0
0
0
0
0
0
0
0
0
0
0
0
0
0
0
315.747365106853
0
0
0
0
0
0
0
0
0
0
0
0
0
0
0
0
0
0
0
0
0
0
0
0
0
0
0
0
0
0
0
0
0
0
0
0
0
0
0
0
0
0
0
0
0
0
0
0
0
0
0
0
0
0
0
0
0
0
0
0
0
0
0
0
0
0
0
0
0
0
0
0
0
0
0
0
0
0
0.0967510058852667
0.198081764265908
0.198081764265953
0
0
0
0
0.198081764265908
0
0.198081764265953
-246.143112534501
0
0
0
0
0.0304741175757954
0
0
0
0
0
0
246.143112534501
0
0
0
1000
0
0
1.19864862478855
0
0
0
0
0
0
1.19864862478855
0
1.19864862478855
1.19864862478858
0
0
0
0
0
0
0
0
0
0
0
0
0
0
0
0
0
0
0
0
0
0
0
0
0
0
0
0
0
0
0
0
0
0
0
0
0
0
0
0
0
0
0
0
0
0
0
0
0
0
0
0
0
0
0
0
0
0
0
0
0
0
0
0
0
0
0
0
0
0
0
0
0
0
0
0
0
0
0
0
0
0
0
0
0
0
0
1000
-833.116775706769
1000
0
0
0
-1000
-430.611435290561
1000
1000
0
0
0
1000
-833.953852760692
0
0
0
0
0
0
0
0
0
0
0
0
0
0
0
0
0
0
0
0
0
0
0
0
0
0
0
0
0
0
0
0
0
0
0
0
0
0
0
0
430.611435290561
0
0
0
0
0
0
0
1.45549579079833
1.45549579079833
0
0
0
0
0
0
0
0
-999.995651056643
-1000
1000
-1000
1000
999.995651056643
-1000
0
0
0
0
0
0
0.00434894335671743
0
0
0
0
0
0
0
0
0
0
0
0
0
0
0
0
0
0
0
0
0
0
0.00325225329285519
0.00434894335672496
0.0119375343733871
1000
0.00216816886190346
0.00216816886190346
0.00434894335671743
0
0.00108408443095173
0.00216816886190346
0.0184546465919945
-0.00216816886188553
0.00216816886190346
0.00216816886190346
0.00216816886190346
0.00216816886190346
0.00216816886190346
-0.00216816886188553
-0.00433633772377107
0.00216816886190346
0.00216816886190346
0.00216816886188553
0.00216816886190346
-0.00651711221860296
-0.00651711221860296
0.00434894335671743
0.00434894335671743
0.00216816886190346
0.00216816886190346
0.00434894335672496
0.00434894335672496
-0.00434894335671743
-0.00434894335671743
0.00434894335671743
0.00434894335671743
0.00216816886190346
0.00216816886190346
0.00216816886190346
0.00216816886190346
0.0401867577427311
-0.00651711221860296
-999.98371352227
0
0
0
0
0
0
-1000
0
0
0
0.00434894335672496
0
0
0
0
0.00217447167836248
0.00434894335671743
0.00434894335671743
0
0
0.00434894335672496
0.00434894335672496
0
0
0
0
0
0
0.00867267544761384
0.00216816886190346
0.00650450658571038
0.00216816886190346
-0.00216816886188553
0.00216816886190346
0.00216816886190346
0.00216816886190346
0.00216816886190346
0.00216816886190346
0.00216816886190346
0.00433633772380692
0.00216816886190346
0.00216816886190346
0.00216816886190346
0.00216816886190346
0.00216816886190346
0
0.00216816886190346
0.00434894335672496
0.00434894335672496
0.00434894335672496
0.00434894335672496
0.00434894335672496
0.00434894335672496
0.00434894335672496
0.00434894335672496
0.00434894335672496
0.00434894335672496
0.00434894335672496
0.00434894335672496
0.00434894335672496
0.00434894335672496
0
0
0
0
0
0
0
0
0
0
0
0
-0.00434894335671743
0
0
0
0
0
0
0
0
0
0
0
0
0
0
0
0
0
0
0
0
0
0
0
0
0
0
0
0
0
0
0
0
0
0
0
0
0
0
0
0
0
0
0
0
0
0
0
0
0
0
0
0
0
0
0
0
0
0
0
0
0
0
0
0
0
0
0
998.204900467988
439.309037060399
0
39.3429492808214
0
0
0
0.00434894335672496
0
0
0
0
0
0
0
0
0
0
0
0
0
0
0
0
0
0
0
0
0
0
0
-1000
0
0
0
-219.654518530199
0
-1000
0
0
0
0.00176714166000411
0
0
0
0
0.00176714166000411
0
0
0
0.00176714166000411
0.00176714166000411
0.00176714166000411
0
0
0
0
0
0
0
0
0.00176714166000411
0.00176714166000411
0
0.00176714166000411
0.00176714166000411
0
0.00176714166000411
0.00176714166000411
0.00176714166000411
0.00176714166000411
0.00176714166000411
0.00176714166000411
0
0.00176714166000411
0.00176714166000411
0.00176714166000411
0
0.00176714166000411
0
0.00176714166000411
0.00176714166000411
0.049921751895116
0.0174167828150964
0.050805322725118
0.0512471081401191
0.0260653394850606
0.00176714166000411
0.00176714166000411
0.0989538822564293
0.00176714166000411
0.00176714166000411
0.00176714166000411
0.00176714166000411
0.846019069726966
0
0.0949838642252207
0.478453604446112
0.0300474589238705
0.00176714166000411
0.00176714166000411
0.016787845770039
0.00176714166000411
0.00176714166000411
0.00176714166000411
0
-1000
0
0
0.0162864777300911
0
0
0
0
0
0
-1000
-1000
-1000
0
1.19864862478855
-1000
1000
1000
0
-1.6079577275151
-1000
1000
-1000
0
0
1000
0
0
0
0
0
-6.63959695181529
23.126736931542
0
0
0
0
704.854615150451
541.486579148316
-0.00434894335671743
0
0
0
-4.37740057303745
0
712.998088322481
0
0
0
0.0292828852685716
0
-704.858964093808
287.001911677519
-287.001911677519
-1000
0
1000
82.1497594628848
0
-1000
0
0
1000
847.006400970877
-1000
1000
0
1000
0
611.878534074087
-1000
1000
1000
1000
0
0
0
0
-39.3429492808214
-503.200124273625
0
0
0
0
0
0
0
0
0
0
0
1000
0
0
0
0
0
102.689007101831
0
0
0
0
1000
0
0
0
0
0
0
0
0
0
-1000
1000
152.993599029123
-1000
1000
776.016798095914
-1000
-918.612213188685
-1000
-1000
-1000
70.0060494584291
1000
-1000
1000
918.733811367117
-1000
-1000
34.5012338753502
1000
1000
-1000
-1000
-1000
-1000
1000
1000
1000
1000
1000
-1000
1000
1000
-454.693948416187
-1000
-1000
-1000
-1000
1000
-1000
-1000
-1000
-1000
1000
-1000
-1000
-1000
-1000
-1000
-1000
-1000
-1000
1000
1000
1000
-1000
-1000
379.669914289069
-1000
-1000
-388.121465925913
-1000
-1000
1000
-1000
-1000
-1000
-1000
-1000
-1000
-1000
-1000
-1000
971.04429918612
-1000
-1000
-1000
-1000
1000
-1000
-1000
-1000
-1000
-1000
-477.675360321336
-51.5967411261422
-1000
1000
-1000
1000
1000
1000
-1000
-1000
1000
1000
1000
-974.69952830163
-1000
-1000
-1000
-1000
-1000
-1000
1000
-1000
-1000
-971.04429918612
-1000
1000
1000
1000
1000
-32.1612029656503
1000
1000
-1000
1000
-1000
-1000
-1000
958.311002720699
-1000
1000
971.216586674027
-1000
-1000
0
0
0
0
0
0
0
0
0
0
0
0
0
0
0
0
0
0
0
0
0
0
0
0
0
0
0
0
0
0
0
0
0
0
0
0
0
0
0
0
0
0
0
0
0
0
0
0
0
0
0
0
0
0
0
0
0
0
0
0
0
0
0
0
0
0
0
0
0
0
0
0
0
0
0
0
0
0
0
0
0
0
0
0
0
0
0
0
0
0
0
0
0
0
0
0
0
0
0
0
0
0
0
0
0
0
0
0
0
0
0
0
0
0
0
0
0
0
0
0
0
0
0
0
0
0
0
0
0
0
0
0
0
0
0
0
0
0
0
0
0
0
0
0
0
0
0
0
0
0
0
0
0
0
0
0
0
0
0
0
0
0
0
0
0
0
0
0
0
0
0
0
0
0
0
0
0
0
0
0
0
0
0
0
0
0
0
0
0
0
0
0
0
0
0
0
0
0
0
0
0
0
0
0
0
0
0
0
0
0
0
0
0
0
0
0
0
0
0
0
0
0
0
0
0
0
0
0
0
0
0
0
0
0
0
0
0
0
0
0
0
0
0
0
0
0
0
0
0
0
0
0
0
0
0
0
0
0
0
0
0
0
0
0
0
0
0
0
0
0
0
0
0
0
0
0
0
0
0
0
0
0
0
0
0
0
0
0
0
0
0
0
0
0
0
0
0
0
0
0
0
0
0
0
0
0
0
0
0
0
0
0
0
0
0
0
0
0
0
0
0
0
0
0
0
0
0
1000
-2.8988963927743
1000
1000
1000
-244.884486293859
1000
-1000
-1000
0
-1000
1000
1000
1000
1000
-1000
-1000
1000
-1000
1000
-1000
1000
-1000
-1000
241.985589901084
-1000
-1000
1000
1000
-1000
-0.0607969675636468
-1000
-1000
-1000
1000
999.939203032436
-1000
-1000
-1000
-1000
1000
0
-1000
-1000
1000
1000
1000
-1000
-1000
-1000
-999.939203032436
-999.939203032436
-1000
-1000
0
0
0
0
0
0
0
0
0
0
0
0
0
0
0
0
0
-1000
-8.14347317202987
0
0
0
0
0
0
0
1000
0
0
1000
1000
0
0
0
0
0
-0.00434894335671743
0.00434894335672496
0
0
-0.00434894335671743
-0.00434894335671743
0
0
0
0
0
0
0
0
0
0
0
0
0
0
0
0
0
0
0
0
341.501961760052
0
0
0
0
0
0
0
0
0
0.00434894335672496
0
0
0
1000
-1000
-1000
-1000
0
0
0
0
-0.00434894335671743
0
0
0
0
0
246.143112534501
0
0
0
0
0
0
0
0
0
1000
0
0
0
0
1000
0
0
0.00434894335672496
0
0
0
0
392.630304277849
0
0
0
0
0
0
-23.126736931542
0
1000
0
0
0
0
0
0
0
0
0
0
0
0
0
0
0
0
0
0
0
0
0
0
0
0
0
0
0
0
0
0
0
0
0
0
0.00434894335672496
0
0
0
0
1000
0
0
0
-1000
0
2.35152199457404
0
0
0
0
0.00650450658571038
1000
0
-1000
0
0
0
0
0
0
0
0
0
0
0
0
0.00434894335671743
1000
-1000
-1000
1000
0
1000
1000
0
-312.964989344164
-1000
0
-1000
1000
-2.351521994574
1000
0
0
0
1000
-999.827313333717
1000
0
0
0
0
0
0
0.00434894335671743
0
1000
0
0
0
0
0
0
0
-1000
0
0
-1000
0
-1000
1000
0
0
0
0
0
0
0
0
1000
0
0
-0.172686666283084
1000
0
0
0
1000
634.199161837003
634.199161837003
1000
0
0
1000
1000
0
1000
0
0
0
997.180009616946
0
0
0
0
0
0
0
0
0
0
1.17576099728702
1000
0.00434894335672496
-0.00434894335671743
0.00434894335672496
0.00434894335672496
0
0
1000
-1000
0.00434894335671743
1000
0
0
1.17576099728706
0
0
-0.0130468300701523
-1000
-1000
-1000
-996.707192285109
-2.81564143969763
1000
0
0
-999.995651056643
-1000
1000
1000
0
0
0
0
0
0
0
0
0
0
0
0
0
0
0
0
0
0
0
0
0
0
0
0
999.522833724806
0
0
0
0
0
0
0.00216816886190346
0
1000
0
0
0
1000
-1000
0
0.00434894335672496
-1000
312.964989344164
0
0
0
0
0
0
0
0
0
0
-878.618074120797
0
219.654518530199
0
0
0
0
0
0
0
0
0
0
0
780.345481469801
0
0
0
878.618074120797
0
0
0
0
0
0
0
0
0
0
0
0
0
0
0
0
0
0
0
0
0
0
0
0
0
0
2.80475332426465
0
0
0
0
0
0
0
0
0
0
0
0
0
0
0
0
0
0
0
0
0
0
0
0
0
0
0
0
0
0
0
0
0
0
0
0
0
0
0
0
0
0
0
0
0
0
0
0
0
0
0
0
0
0
0
0
0
0
0
0
0
0
0
0
0
0
0
0
0
0
0
0
0
0
0
0
0
0
0
0
0
0
0
0
0
0
0
0
0
0
0
0
0
0
0
0
0
0
0
0
0
0
0
0
0
0
0
0
0
0
0
0
-999.970717114731
0
0.00216816886188553
0
0
0
-0.0292828852685716
0
1000
0.00542042215477068
0
0
0
0
0
0
0
0
0
0
0
0
0
0
0
0
0
0
0
0.00434894335672496
0.00434894335672496
0.00434894335672496
0
-1000
0
-351.430632458393
-305.685171564543
0
0
0
0
0
0
-1000
-1000
0
0
0
0
0
0
0
0
0
0
-1000
0
1000
0
-1000
-1000
-1000
-1000
-1000
-1000
0
0
0
0
0
0
0
0
0
-1000
-1000
1.73449658273108
1000
0.476345858584662
0.00434894335672496
0.00434894335672496
0.00434894335672496
0.00434894335672496
0.00434894335672496
0
0
0
1000
0
0
0.682558466176586
0
0
0
0
0.00176714166000411
0
0
0
0
0
0
0
-1000
0
0
0
0
0
0
0
1000
-999.99823285834
0
1000
0
0
-1000
0
0
0
0
0
0
0
0
0
219.654518530199
0
0
0
0
0
0
0
0
0
0
0
0
0
0
0
0
0
0
0
0
0
0
0
0
0
0
0
0
0
0
0
0
0
0
0
0
0
-833.953852760692
0
0
0
0
0
0
0
0
0
-1000
0
0
0
0
0
0
0
0
1000
-1000
-999.987188222965
-999.987188222965
-999.987188222965
1000
0
0.0119375343733871
0
0
0
0
-996.531006834538
-1000
0
0
246.143112534501
0
0
0
999.97390633986
0
0
0
0
0
0.699415138702357
0.699415138702357
0
-999.96854894587
0
0
0
0
0
0
17.9823387378422
0
1000
0
0
0
0
0
0
0
1000
0.00434894335672496
0
0
0
0
0
0
0
0
-206.813315592701
1000
0
0
1000
0
0
0
1000
0
0
0
0
-999.934173973165
0
-1000
0
0
0
-43.9944980577004
-1000
0.0967510058852248
0
0
0
-0.00176714166002512
0
0
-312.96757114586
-1000
1000
-1000
1000
-1000
1000
-750
0
0
0
0
648.658705426886
-1000
0
0
-1000
0
0
0
0
0.00637214744007074
0.0128117770350298
0
0
0
0
0
0
0
997.184358560302
0
1000
0
0
0
0
0
0
0
0
1000
0
-1000
-1000
687.035010655836
-1000
-687.035010655836
1000
0
0
0
0
0
0
0
0
-315.747365106853
0
0
-1000
0.00216816886190346
0.00216816886190346
0
981.851375833227
-10.0232837611782
-10.0232837611782
342.870914093959
0
0
0
0
0
0
0
0
0
0
0
0
0
0
0
0
0
0
0
0
0
0
0
0
0
-0.0238624631138009
0
0
0
0
0
0
0
0
0
0
0
0
0
0
0
0
0
0
0
0
0
0
0
0
0
0
0
0
0
0
0
0
0
0
0
0
0
0
0
0
0
0
0
0
0
-1000
0
-1000
0
0
0
0
0
0
-1000
0
0
0
0
0
0
0
0
0
0
-1000
-1000
0
0
0
0
0
0
0
0
0
0
0
0
0
1000
0
0
0
-1000
0
0
0
219.654518530199
-219.654518530199
-219.654518530199
0
0
0
0
0
0
0
0
0
0
0
0
0
0
0
0
0
0
0
0
0
0
0
0
0
0
0
0
0
0
0
0
0
0
0
0
0
0
0
0
0
0
0
0
0
0
0
0
0
0
0
0
0
0
0
0
0
0
0
0
0
0
0
0
0
0
0
0
0
0
0
0
0
0
0
0
0
0
0
0
0
0
0
0
0
0
0
0
0
0
0
0
0
0
0
0
0
0
0
0
0
0
0
0
0
0
0
0
0
0
0
0
0
0
0
0
0
0
0
0
0
0
0
0
0
0
0
0
0
0
0
0
0
0
0
0
0
0
0
-1000
0
0
0
0
0
0
0
0
0
0
0
0
0
0
0
0
0
0
0
0
0
0
0
0
0
0
0
0
0
0
0
1000
0
0
0
0
-1000
0
0
0
0
0
0
0
0
0
0
0
0
0
0
0
0
0
0
0
0
0
538.366068853983
0
0
205.03273552065
0
38.3626828409188
0
0
0.198081764265908
-1000
1000
0
-1000
0
0
-1000
0
0
0
0
831.03505201215
0.0260936601403498
0
0
0
776.304201106505
0
0
0
0
0
0
0
0
0
0
0
0
0
0
0
0
0
0
0
0
0
0
0
0
0
0
0
0
0
0
0
0
0
0
0
0
0
0
0
0
0
0
0
0
0
0
0
0
0
0
0
0
0
0
0
0
0
0
0
0
0
0
0
0
0
0
0
0
0
0
0
0
0
0
0
0
0
-978.913249983574
0
0
0
0
0
0
0
0
0
0
0
0
0
0
0
0
0
0
0
0
0
0
0
0
0
0
0
0
0
0
0
0
0
0
0
0
0
0
0
0
0
0
0
0
0
0
0
0
0
0
0
0
0
0
0
0
0
0
0
0
0
0
0
0
0
0
0
0
0
0
0
0
0
0
0
0
0
0
0
0
0
0
0
0
0
0
0
0
0
0
0
0
0
0
0
0
0
0
0
0
0
0
0
0
0
0
0
0
0
0
0
0
0
0
0
0
0
0
0
0
0
0
0
0
0
0
0
0
0
0
0
0
0
0
0
0
0
0
0
0
0
0
0
0
0
0
0
0
0
0
0
0
0
0
0
0
0
0
0
0
0
0
0
0
0
0
0
0
0
0
0
0
0
0
0
0
0
0
0
0
0
0
0
0
0
0
0
0
0
0
0
0
0
0
-978.913249983574
0
0
0
0
0
0
0
1000
0
0
0
0
0
0
0
0
0
0
342.870914093959
0
0
0
0
0
0
0
0
0
0
0
0
-1000
0
0
1.19864862478855
0
0.00434894335671743
245.383454011184
0
0
0
0
0
0
0
0
0
0
0
0
0
0
0
0
0
0
0
0
0
0
0
0
0
0
0
0
0
0
0
0
0
0
0
0
0
0
0
0
0
0
0
0
0
0
0
0
0
0
0
0
0
0
0
0
0
0
0
0
0
0
0
0
0
0
0
0
0
0
0
0
0
0
0
0
0
0
0
0
0
0
0
0
0
0
0
0
0
0
0
0
0
0
0
0
0
0
0
0
0
0
0
0
0
0
0
0
0
0
0
0
0
0
0
0
0
0
0
0
0
0
0
0
0
0
0
0
0
0
0
0
0
0
0
0
0
0
0
0
0
0
0
0
0
0
0
0
0
0
0
0
0
0
0
0
0
0
0
0
-245.078219114768
40.7715172967492
0
0
0
0
0
0
0
1000
0.00434894335671743
0
0
-1000
1000
0
0
0
0
0
0
0
0
0
0
0
0
0
0
0
0
1000
-1000
0
0
1000
0
0
0
0
0
0
0
0
0
0
0
0
0
0
0
0
0
0
0
0
0
0
0
0
0
0
0
0
0
0
0
0
0
0
0
0
0
0
0
0
0
0
0
0
0
0
0
0
0
0
0
0
0
0
0
0
0
0
0
0
0
0
0
0
0
0
0
0
0
0
0
0
0
0
0
0
0
0
0
0
0
0
0
0
0
0
0
0
0
0
0
0
0
0
0
0
0
0
0
0
0
0
0
0
0
0
0
0
0
0
0
0
0
0
0
0
0
0
0
0
0
0
0
0
0
0
0
0
0
0
0
0
0
0
0
0
0
0
0
0
0
0
0
0
0
0
0
0
0
0
0
0
0
0
0
0
0
0
0
0
0
0
0
0
0
0
365.789984713055
1000
105.046940983695
0
0
-1.17576099728706
0
0
560.688047500471
23.2363833455933
50.7901959656164
0.126056329180434
105.046940983695
0
0
0
0
0
0
0
0
0
0
0
0
0
0
0
0
0
0
0
995.073227278799
-1000
0
-1000
999.995651056643
0
0
0
0
-687.039359599193
0
439.309037060399
219.654518530199
0
-4.41785415001027
0
0.193732820909247
0.00434894335672496
0.0238624631138009
0
0.0141057032352592
0
0
0
0
0
0
0
0
0
0
0
0
0
0
0
0
219.654518530199
0
1000
0
0
0.0292828852685716
-0.846019069726935
-0.0499217518951127
0
-12.9055839533281
-25.3004716983701
-51.5967411261422
-40.4607621835842
-991.548448363157
223.983201904086
-32.1612029656503
-5.54553306147022
-37.8448464927789
1000
-1000
0
0
0
0
-1000
-46.7649547575327
-1000
-373.427759783305
-16.0339501363343
-991.317187522581
-28.7834133259726
917.628659772151
971.04429918612
-1000
0
1000
-43.9944980577004
-1000
0
1000
0
0
996.531006834538
-1000
0
0
0
0
0
0
1000
0
0
0
0
0
0
0
0
0
0
0
-0.00434894335671743
-0.00434894335671743
0
0
0
0
0
0
0
0
0
0
0
0
341.501961760052
0
0
0
0
0
1000
0
1000
0
0
-1000
999.98371352227
246.143112534501
-0.00434894335671743
-0.00434894335671743
-1.19864862478858
-166.046147239308
0
0
-0.00434894335671743
0
-0.00434894335671743
0
0
0
-0.00434894335671743
0
0
0
-0.00434894335671743
0
0
0
0
0
0
0
0
0
0
0
-244.884486293859
0
0
0
0
0
1000
0
0
0
0
0
-1000
0
-1000
0
1000
0
-758.014410098916
0
1000
0
0
-0.00434894335671743
0
0
0
0
1000
0
0
0
0
0
0
0
0
0
392.630304277849
-4.37740057303745
0
-8.14347317202987
-1000
0
0
0
0
0
712.998088322481
0
0
2.95969336033795
0
0
0
0
0
0
-287.001911677519
0
0
-1000
0
541.486579148316
1000
1000
0
0
-1.6079577275151
0
0
0
0
0
0
-39.3429492808214
0
-1000
1000
-1000
-1000
0
0
0
0
0
-0.0607969675636468
0
0
0
0
-793.186684407299
704.854615150451
-704.858964093808
0
0
0
0
0
0
-1000
-1000
287.001911677519
-6.63959695181529
0
0
0
0
0
0
0
0
0
0
1000
0
-0.030047458923832
-0.00176714166002512
-0.478453604446145
-503.200124273625
-0.0260653394850578
-0.09895388225641
-0.0167878457700681
-0.0949838642252416
-0.0508053227250684
0
0
0
0
0
-0.00176714166002512
0
-0.00176714166002512
-0.00176714166002512
0
0
0
-0.00176714166002512
0
0
0
0
0
-17.9823387378423
-0.00176714166002512
-0.0174167828150757
0
-0.00176714166002512
-0.00176714166002512
-0.00176714166002512
-0.00176714166002512
-0.05124710814016
0
0
0
0
0
-1000
1000
0
0
-43.9944980577004
1000
-0.00434894335671743
0
750
-750
0
0
0
-1000
0
-956.0055019423
0
0
0
0
0
0
0
0
0
0
0
0
0
0
0
0
1000
-1000
-981.851375833227
981.851375833227
981.851375833227
0
-1000
1000
-1000
0
0
0
-0.00176714166002512
-0.00176714166002512
0
0
0
0
0
999.801918235734
-1000
831.03505201215
0.0260936601403046
0
0
0
776.304201106505
0
-1000
0
0
0
0
0
0
0
0
0
0
0
0
0
0
0
0
0
0
0
0
0
0
0
0
0
0
0
0
0
0
0
0
0
0
0
0
0
0
0
0
0
0
0
0
0
0
0
0
0
0
0
0
0
0
0
0
0
0
0
0
0
0
0
0
0
0
0
0
0
0
0
0
-0.00176714166002512
0
0
0
0
0
0
0
0
0
0
0
0
0
0
0
0
0
0
0
0
0
0
0
0
0
0
0
0
0
0
0
0
0
0
0
0
0
0
0
0
0
0
0
0
0
0
0
0
0
0
0
0
978.913249983574
0
0
0
0
0
0
0
0
0
0
0
0
0
0
0
0
0
0
0
0
0
0
0
0
0
0
0
0
0
0
0
0
0
0
0
0
0
0
0
0
0
0
0
0
0
0
0
0
0
0
0
0
0
0
0
0
0
0
0
0
0
0
0
0
0
0
0
0
0
0
0
0
0
0
0
0
0
0
0
0
0
0
0
0
0
0
0
0
0
0
0
0
0
0
0
0
0
0
0
0
0
0
0
0
0
0
0
0
0
0
0
0
0
0
0
0
0
0
0
0
0
0
0
0
0
0
0
0
0
0
0
0
0
0
0
0
0
0
0
0
0
0
0
0
0
0
0
0
0
0
0
0
0
0
0
0
0
0
0
0
0
0
0
0
0
0
0
0
0
0
0
0
0
0
0
0
0
0
0
0
0
0
0
0
0
0
0
0
0
0
0
0
0
0
0
0
0
0
0
0
0
0
0
0
245.078219114768
0
1000
0
0
0
-245.383454011184
0
0
0
0
0
0
0
0
0
0
0
0
0
0
0
0
0
0
0
0
0
0
0
0
0
-1000
0
-40.7715172967492
-0.00434894335671743
0
0
0
0
0
0
0
0
1000
0
0
0
0
0
-1000
0
0
0
0
0
0
0
0
0
0
0
0
0
0
0
0
0
0
0
0
0
0
0
0
0
0
0
0
0
0
0
0
0
0
0
0
0
0
0
0
0
0
0
0
0
0
0
0
0
0
0
0
0
0
0
0
0
0
0
0
0
0
0
-0.00176714166002512
-0.00176714166002512
-0.00176714166002512
-0.00176714166002512
0
-0.00176714166002512
0
0
-0.00176714166002512
-0.00176714166002512
-0.00176714166002512
-0.00176714166002512
0
-0.00176714166002512
-0.00176714166002512
-0.00176714166002512
-0.00176714166002512
-0.00176714166002512
-0.00176714166002512
-0.00176714166002512
0
-0.00176714166002512
-0.00176714166002512
-0.00176714166002512
0
-1000
105.046940983695
0
0.0162864777300911
0
0
0
0
0
0
0
0
0
