0
0
0
0
0
0
0
878.61807412083
-880.654760979051
0
1000
0
0
267.448160386006
1000
0
999.69017980461
-999.69017980461
999.928893725648
0
0.0711062743518628
0
-1000
0.446953724497462
0
1000
-270.426936573643
0
-384.674428788516
0.0292828852686147
0
0
0
0
0
0
341.541121158712
0
0
0
42.6700674275767
0
0
0
0
0
0
0
0
0
0
0
0
0
0
0
0
0
0
0
0
0
0
0
0
0
384.674428788516
0
0
0
0
0
0
0
1000
1000
0
0
0
0
0
0
0
-1000
0
0
0
0
0
0
0
0
0
0
0
0
0
0
0
0
0
0
0
0
0
0
0
0
0
0
0
0
0
1000
0
0
0
0
0
999.69017980461
0
1000
260.975349918346
739.024650081654
260.975349918346
-1000
0
0
0
739.024650081654
0
0
1000
0
0
1000
0
0
-1000
0
0
0
0
0
0
-1000
0
0
0
0
-17.801649595595
0
0
0
0
244.884486293859
0
0
0
1000
0
0
461.627159119888
1000
1000
538.362682840919
0
0
0
-1000
538.362682840919
805.810843226925
1000
-732.551839613994
0
615.098206561949
1000
0
0
0
0
0
1000
-1000
0
0
0
0
0
-4.7836643649448
0
0
0
0
0
0
1000
-748.870062316692
-1000
0
0
0
0
0
0
0
0
1000
0
0
0
0
0
-4.78874338454136
0
-760.768361444643
251.125588739951
0
0
0
0
0
0
0
0
0
0
251.125588739951
0
0
-251.125588739951
998.026514633822
0
0.560950664852929
0
0
0
0.571108704046082
0.841425997279393
0
753.66315464459
0
0
0
-1000
0
251.125588739951
0
0
0
0
0
0
0
0
0
0
-1000
0
1000
1000
-1000
-1000
1000
1000
0
-455.243434456451
997.818113058073
-1.17576099728706
-1000
0
0
-0.84142599727943
500.238583137597
0
-1000
1000
0
0
1000
0
0.21839784265215
0
-0.218397842652166
0
0.00216816886190345
0
0
0
0
0
0
0
0
0
0
0
0
0
0
0
0
0
1000
0
1000
0
0
0
-753.658805701234
0
-0.218397842652166
0
-0.84142599727943
0
0
0.84142599727943
0
0
0
0
0
0
-1000
0
0
0
-248.941881547516
0.84142599727943
0
-1000
-1.17576099728706
0
0.00434894335677427
0
3.20163957575045
0
0
1000
0
0
0
0
0
0
-1000
0
0
0
2.80475332426464
0
11.8072761665673
0
0
0
0
0
0
0
0
249.703082145497
657.07689858576
760.773440464239
-1000
-1000
1000
0
-0.00216816886188553
-1000
-1000
1000
-1000
1000
1000
1000
0
-1000
0
0
0
0
-1000
0
1000
-1000
-500.238583137597
0
-1000
0
499.761416862403
1000
-1000
0
0
0
0
0
0
1.17576099728702
-1000
-1000
1000
-1000
0.0101580391931293
-1000
-1000
-1000
-1000
1000
1000
1000
0
1000
1000
-1000
-1000
1000
0
1000
1000
-257.355686241099
-1000
500.312209488063
1000
0
0
0
1000
-1000
0
0
0
748.870062316692
0
0
0
-0.00434894335671743
1000
0
0
0
-35.786005234704
0
0
0
0
0
0
0
0
0
0
0
0
0
0
0
0
0
0.00434894335672495
0
1000
0
-1000
0
0
1000
0
0
0
0
0
0
0
0
0
0
0
0
0
0
0
0
0
0
0
0
0
0
0
0
0
0
0
0
0
0
0
0
0
0
0
0
0
0
0
1000
1000
1000
0.126975489914003
0.126975489914003
0
960.065559757174
0
0
0
0
0
0
0
0
0
0
39.3429492808214
0
0
0
0
0
0
0
0
0
0
0
0
0
0
0
0
0
0
0
0
0
0
0
0
0
0
0
0
0
0
0
0
0
0
0
0
0
0
0
0.198081764276054
0
0
0
1000
0
662.169380512569
0
662.169380512569
0
0
-1000
0
0
0
0
0
0
0
0
0
0
0
0
0
0
0
0
0
0
0
0
0
0
0
0
0
0
0
0
999.801918235724
0
0
0.198081764276054
0
0
0
0
0
0
0
0
0
-244.865394012335
0
0
0
0
0
0
0
0
0
0
0
0
0
0
0
0
0
0
0
0
0
0
0
0
0
0
0
0
0
0
0
0
0
-1000
0
0
0
0
0
0
0
0
0
0
0
0
0
0
0
0
0
0
0
0
0
0
0
0
0
0
0
0
0
0
0
0
0
0
0
0
0
0
-1000
0
0.00507901959656163
0
0
0
0
0.919302546977655
0.919302546977655
0
0
0
0
0
0
0
0
0
0
0
0
0
0
0
0
0
0
0
0
0
1000
0
0
0
0
0
-1000
0
0
0
-1000
0
0
1000
0
0
0
0
344.143051950264
0
0
344.143051950264
0
0
0
0
0
0
0
0
0
0
344.143051950264
0
344.143051950264
0
0
0
15.7553341347632
44.9111126047876
28.707228032024
21.0258017812676
31.1742554410261
10.2605912692586
23.9974484330201
43.9018741192868
40.4256082247839
12.7836874830107
24.7824116995208
51.0786811272928
40.3134706152838
12.4472746545104
20.6333201480173
28.5950904225239
37.061479939781
29.9968105412751
5.4947428655046
37.3978927682813
0
0
0
0
0
0
0
0
0
0
0
0
0
0
0
0
0
0
0
0
0
0
0
0
0
0
0
0
0
0
0
0
0
0
0
0
0
0
0
0
0
0
0
0
0
0
0
0
0
0
0
0
0
0
0
0
0
0
0
0
0
0
0
0
0
0
0
0
0
0
0
0
0
0
0
0
0
0
0
0
0
0
0
0
0
246.14311253449
0
0
246.14311253449
0
0
0
0
0
-1000
0
0
0
0
39.3429492808213
1000
1000
-342.92310141424
-342.92310141424
650.512547579631
0
0
0
0
0
0
-35.786005234704
-650.695392285107
-650.695392285107
-1000
0
-312.964989344164
0
-313.107201892867
1000
1000
650.522705618824
1000
0
0
1000
0
-1000
-1000
-1000
0
687.035010655836
0
0
0
312.964989344164
0
0
0
0
0
0
0
0
0
0
0
-999.995651056643
344.103211354883
1000
1000
0
500
230.330328490331
5.01521499893208
10
0
0
0
0
0
0
219.654518530207
0
1000
0
0
-0.00176714166002512
0
0
0
0
-0.00176714166002512
0
342.870914093959
0
-0.00176714166002512
0.00176714166002512
-0.00176714166002512
0
0
0
0
-1000
0
0
-0.00176714166002512
-0.00176714166002512
0.00176714166002512
-0.00176714166002512
0.00176714166002512
-0.00176714166002512
-0.00176714166002512
-0.00176714166002512
-0.00176714166002512
-0.00176714166002512
-0.00176714166002512
-0.00176714166002512
-0.00176714166002512
-0.00176714166002512
-0.00176714166002512
-0.00176714166002512
-0.0371099748600727
-0.0174167828150757
-0.0508053227250684
-0.05124710814016
-0.0260653394850578
0.00176714166002512
0.00176714166002512
-0.09895388225641
0.00176714166002512
0.00176714166002512
0.00176714166002512
0.00176714166002512
-0.846019069726935
-0.01281177703504
-0.0949838642252416
-0.478453604446145
-0.030047458923832
0.00176714166002512
0.00176714166002512
0.0167878457700681
0.00176714166002512
0.00176714166002512
-0.00176714166002512
0
0
0
0
0
0
0
0
0
0
0
0
0
0
0
0
0
0
0
0
0
0
0
0
0
0
0
0
0
0
0
0
0
0
0
0
0.00637214744006087
0
0
0
0
0
0
0
0
0
0
0
0
0
0
0
0
0
0
0
0
0
0
0
0
0
0
0
0
0
0
0
0
0
0
0
0
0
0
0
1000
0
0
0
0
0
0
0
0
0
0
0
0
0
0
0
0
0
0
0
0
0
0
0
0
0
0
0
0
0
0
0
0
0
0
0
0
0
0
0
0
0
0
0
0
0
0
0
0
0
0
0
0
0
0
0
0
0
0
0
0
0
0
0
0
0
0
0
0
0
1.45549579079832
1.45549579079832
1.45549579079832
1.45196150747831
0
0
0
0
0
0
0
0
0
0
0
0
0
0
0
0
0
0
0
0
0
0
0
0
0
0
0
0
0.0017671416600041
0.00353428332000821
0.0017671416600041
0
0.0017671416600041
0.684325607836589
0.110446353750256
0
0
0.0017671416600041
0
0
0
0
0
0
0
0
0
0
0
0
0
0
0
0
0
0
0
0
0
0
0
0
0
0
0
0
0
0
0
0
0
0
0
0
0
0
0
0
0
0
0
0
0
0
0
0
0
0
0
0
0
0
0
0
0
0
0
0
0
0
0
0
0
0
0
0
0
0
0
0
0
0
0
0
0
0
0
0
0
0
0
0
0
0
0
0
0
0
0
0
0
0
0
0
0
0
0
0
0
0
0
0
0
0
0
0
0
0
0
0
0
0
0
0
0
0
0
0
0
0
0
0
0
0
0
0
0
0
0
0
0
0
0
0
0
0
0
0
0
0
0
0
0
0
0
0
0
0
0
0
0
0
0
0
0
0
0
0
0
0
0
0
0
0
0
0
0
0
0
0
0
0
0
0
0
0
0
0
0
0
0
0
0
0
0
0
0
0
0
0
0
0
0
0
0
0
0
0
1000
0
0
0
0
0
0
0
0
0
0
0
0
0
0
0
0
0
0
0
0
0
0
1000
0
0
0
0
0
0
0
0
0
0
0
0
0
0
0
0
0
0
0
0
0
0
0
0
0
0
0
0
0
0
0
0
0
0
0
0
0
0
0
0
0
0
0
0
0
0
0
0
0
0
0
0
0
0
0
0
0
0
0
0
0
0
0
0
0
0
0
0
0
0
0
1000
1000
0
0
0
0
0
0
0
0
0
0
0
0
0
0
0
0
0
0
-1000
0
-1000
0
0
0
0
0
0
0
1000
1000
0
0
0
0
0
0
0
0
0
0
0
0
0
0
0
0
0
0
0
0
0
0
0
0
0
0
0
0
0
0
0
0
0
0
0
0
0
0
0
0
0
0
0
0
0
0
0
0
0
0
0
0
0
0
0
0
0
0
0
0
0
0
0
0
0
0
0
0
0
0
0
0
0
0
0
0
0
0
0
0
0
0
0
1000
399.01365456704
0
0
0.00176714166002512
0
1000
0
0.00176714166002512
0
0
223.629972866668
0
342.870914093959
0
0
0
0.00637214744006087
0.682558466176602
0
-999.317441533823
999.99823285834
0
0
0
0
0
0
0
0
0
0
0
0
0
-1000
0.00637214744006087
0
0
0
-0.0238624631138009
0
0
0
0
0
0
0
0.0238624631138009
0
0
0
0
0
219.654518530207
-1000
1000
0
0
0
-349.393945600172
1000
-0.0260936601403046
0
0
0.00176714166002512
-0.00176714166002512
0
0
0.0658260268351114
-0.0658260268351114
1000
0
-0.00176714166002512
-0.00176714166002512
0
0
1000
0
-0.0658260268351114
-999.934173973165
-1000
0
-657.129085906041
-342.870914093959
-1000
0
0
0
0
0
-1000
0
-0.682558466176602
0
0
0
-999.317441533823
999.317441533824
-1000
0
0
0
-1000
0
0
0
-1000
0
0
0
0
0
0
0
0
0
0
0
0
0
0
0
0
0
0
0
-1000
1000
307.709046645729
0
-1000
0
-1000
0
-1000
0
0
0
0
0
0
0
0
0
-1000
0
1000
0
-1000
0
-1000
0
-1000
0
-1000
0
0
0
0
0
0
0
0
0
-121.38192587917
-878.61807412083
219.654518530207
-219.654518530207
0
0
0
0
0
0
0
0
0
0
0
0
0
0
0
0
0
0
0
0
0
0
0
0
0
0
0
0
0
0
0
0
0.00637214744006087
-0.00637214744006087
0
0
0
0
0
0
0
0
0
0
0
0
0
0
0
0
0
0
0
0
0
0
0
0
0
0
0
0
0
0
0
0
0
0
0
0
0.00637214744006087
-0.00637214744006087
0
0
0
0
0
0
0.0238624631138009
0.0238624631138009
0
0
0
0
0
0
0
0
0
0
0
0
0
0
0
0
-0.0238624631138009
-0.0238624631138009
0
0
0
0
0
0
0
0
0
0
0
0
0
0
0
0
0
0
0
0
0
0
0
0
0
0
0
0
0
0
0
0
0
0
0
0
961.480636474804
0
0
0
0
0
0
0
1.42439029908486
0.00434894335672495
0
0
0
0
0
0
0
0
0.179218485073461
0
0
0
0
0
0
0
0
0
0
0
0
0
0
0
0
0
0
0
0
0
0
0
0
0
0
0
0
0
0
0
0
0
0
0
0
0
0
0
0
0
0
0
0
0
0
0
0
0
0
0.0658260268351528
0.0658260268351528
0.0658260268351528
0
0
0
0
1000
1000
312.96757114586
0
0
0
0
0
0
0
0
0
0
0
0
0
0
0
0
0
0
0
0
0
0
0
0
0
0
0
0
0
0
0
0
0
0
0
0
0
0
0
0
0
0
0
0
0
0
0
0
0
0
0
0
0
0
0
0
0
0
0
0
0
0
0
0
0
0
0
0
0
0
0
0
0
0
0
0
0
0
0
0
0
0
0
0.0017671416600041
0.0017671416600041
0.0017671416600041
0.0017671416600041
-0.00176714166002512
0
0
0
0
0
0
0
0
0
0
0
0
0
0
0
0
0
0
0
0
0
0
0
0
0
0
0
0
0
0
0
0
0
0
0
0
0
0
0
0
0
0
0
0
0
0
0
0
0
0
0
0
0
0
0
0
0
0
0
0
0
0
0
0
0
0
0
0
0
0
0
0
0
0
0
0
0.00434894335672495
0.00434894335672495
0.00434894335672495
0.00434894335672495
0.00434894335672495
0
0
0
0
0
0
0
0
0
0
0
0
0
0
0
0
0
0
0
0
0
0
0
0
0
0
0
0
0
0
0
0
0
0
0
0
0
0
0
0
0
0
0
0
0
0
0
0
17.801649595595
17.801649595595
-17.801649595595
5.92373566403263
-2.95969336033795
2.95969336033795
2.95969336033795
2.95969336033795
0
0
0
0
0
0
0
0
0
0
0
0
0
0
0
0
0
0
0
0
2.95969336033795
0
2.95102068489034
2.95969336033795
2.95969336033795
2.95969336033795
2.95969336033795
2.95969336033795
2.95969336033795
2.95969336033795
2.95969336033795
2.95969336033795
2.95969336033795
2.95969336033795
2.95969336033795
2.95969336033795
2.95969336033795
2.95969336033795
2.95969336033795
17.801649595595
17.801649595595
5.92373566403263
5.92373566403263
0
0
0
0
0
0
0
0
0
0
0
0
0
0
0
0
0
0
0
0
0
0
0
0
0
0
0
0
0
0
0
0
0
0
0
0
0
0
0
0
0
0
0
0
0
0
0
0
0
0
0
0
0
0
0
0
0
0
0
0
0
0
0
0
0
0
0
0
0
0
0
0
0
0
0
0
0
0
0
0
0
0
0
0
0
0
0
0
0
0
0
0
0
0
0
0
0
0
0
0
0
0
0
0
0
0
0
0
0
0
0
0
0
0
0
0
0
0
0
0
0
0
0
0
0
0
0
0
0
0
0
0
0
0
0
0
0
0
0
0
0
0
0
0
0
0
0
0
0
0
0
0
0
0
0
0
0
0
0
0
0
0
0
0
0
0
0
0
0
0
0
0
0
0
0
0
0
0
0
0
0
0
0
0
0
0
0
0
0
0
0
0
1.42439029908486
1.44067677681498
1.44067677681498
0
0
0
0
-1.44067677681494
0
0
0
0.016286477730112
0
0
0
0
0
0
0
0
0
0
0
0
0
0
0
0
0
0
0
0
0
0
0
0
0
0
0
0
0
0
0
0
0
0
0
0
0
0
0
0
0
0
0
0
1.44067677681498
0
0
0
0
0
0
0
0
0
0
0
0
0
0
0
0
0
0
0
0
0
0
0
0
0
0
0
0
0
0
0
0
0
0
0
0
0
0
0
0
0
0
0
0
0
0
0
0
0
0
0
0
0
0
0
0
0
0
0
0
0
0
0
0
0
0
0
0
0
0
0
0
0
0
0
0
0
0
1.42439029908486
0.00434894335672495
0
0
0
0
0
0
0
1.87517613598937
0
0
0
1.17576099728702
1.17576099728702
1.17576099728702
0
0
0
0
0
0
1.60795772751505
0
0
0
0.00434894335672495
0
0
0
0
-1.6079577275151
1.60795772751505
0
0
0
0
0
0
0
0
0
0
0.279155942847709
0
0.267218408474322
0
0
0
0
0
0
0
0
0
0
13.1099674835837
13.1099674835837
13.1099674835837
0
0
0
0
-0.17921848507342
0
0
0
0
0
0
0
0
0
0
0
0
0
0
0
0
0
0
0
0
0
0
0
0
0
0
0
0
0
0
0
0
0
0
0
0
0
0
0
0
0
0
0
0
0
0
0
0
0
0
0
0
0
0
0
0
0
0
0
0
0
0
0
0
0
0
0
0
0
0
0
0
0
0
0
0
0
0
0
0
0
0
0
0
0
0
0
0
0
0
0
0
0
0
0
0
0
0
0
0
0
0
0
0
0
0
0
0
0
0
0
0
0
0
0
0
0
0
0
0
0
0
0
0
0
0
0
0
0
0
0
0
0
0
0
0
0
0
0
0
0
0
0
0
0
0
0
0
0
0
0
0
0
0
0
0
0
0
0
0
0
0
0
0
0
0
0
0
0
0
0
0
0
0
0
0
0
0
0
0
0
0
0
0
0
0
0
0
0
0
0
0
0
0
0
0
0
0
0
0
0
0
0
0
0
0
0
0
0
0
0
0
0
0
0
0
0
0
0
0
0
0
0
0
0
0
0
0
0
0
0
0
0
0
0
0
0
0
0
0
0
0
0
0
0
0
0
0
0
0
0
0
0
0
0
0
0
0
0
0
0
0
0
0
0
0
0
0
0
0
0
0
0
0
0
0
0
0
0
0
0
0
0
0
0
0
0
0
0
0
0
0
0
0
0
0
0
0
0
0
0
0
0
0
0
0
0
0
0
0
0
0
0
0
0
0
0
0
0
0
0
0
0
0
0
0
0
0
0
0
0
0
0
0
0
0
0
0
0
0
0
0
0
0
0
0
0
0
0
0
0
0
0
0
0
0
0
0
0
0
0
0
0
0
0
0
0
0
0
0
0
0
0
0
0
0
0
0
0
0
0
0
0
0
0
0
0
0
0
0
0
0
0
0
0
0
0
0
0
0
0
0
0
0
0
0
0
0
0
0
0
0
0
0
0
0
0
0
0
0
0
0
0
0
0
0
0
0
0
0
0
0
0
0
0
0
0
1000
0
0
0
0
11.0394527186104
0
0
0
0
0
0
0
0
0
0
0
0
0
0
0
0
0
0
0
0
0
0
0
0
0
0
0
0
0
0
0
0
0
0
0
0
0
0
0
0
0
0
0
0
0
0
0
0
0
0
0
0
0
0
0
0
0
0
0
0
0
0
0
0
0
0
0
0
0
0
0
0
0
0
0.198081764276054
0.198081764276054
0
0
0
0
0.198081764276026
0
0.198081764276054
-246.14311253449
0
0
0
0
0.0304741175826848
0
0
0
0
0
0
0
0
246.14311253449
0
0
0
0
1.19864862478855
0
0
0
0
0
0
1.19864862478855
0
1.19864862478855
1.19864862478858
0
0
0
0
0
0
0
0
0
0
0
0
0
0
0
0
0
0
0
0
0
0
0
0
0
0
0
0
0
0
0
0
0
0
0
0
0
0
0
0
0
0
0
0
0
0
0
0
0
0
0
0
0
0
0
0
0
0
0
0
0
0
0
0
0
0
0
0
0
0
0
0
0
0
0
0
0
0
0
0
0
0
0
0
0
0
0
1000
40.1571261383906
499.12607958544
0
0
0
-1000
-1000
1000
1000
0
0
0
-461.558220273449
1000
0
0
0
0
0
0
0
0
0
0
0
0
0
0
0
0
0
0
0
0
0
0
0
0
0
0
0
0
0
0
0
0
0
0
0
0
0
0
0
0
1000
0
0
0
0
0
0
0
1.45549579079832
1.45549579079832
0
0
0
0
0
0
0
0
-999.995651056643
999.995651056643
1000
999.995651056643
1000
-1000
-1000
0
0
0
0
0
0
0.00434894335671743
0
0
0
0
0
0
0
0
0
0
0
0
0
0
0
0
0
0
0
0
0
0
0.00325225329285518
0.00434894335672495
0.011937534373387
1000
0.00216816886190345
0.00216816886190345
0.00434894335671743
0
0.00108408443095173
0.00216816886190345
0.0184546465919945
-0.00216816886188553
0.00216816886190345
0.00216816886190345
0.00216816886190345
0.00216816886190345
0.00216816886190345
-0.00216816886188553
-0.00433633772377107
0.00216816886190345
0.00216816886190345
0.00216816886188553
0.00216816886190345
-0.00651711221860296
-0.00651711221860296
0.00434894335671743
0.00434894335671743
0.00216816886190345
0.00216816886190345
0.00434894335672495
0.00434894335672495
-0.00434894335671743
-0.00434894335671743
0.00434894335671743
0.00434894335671743
0.00216816886190345
0.00216816886190345
0.00216816886190345
0.00216816886190345
0.0401867577427311
-0.00651711221860296
-999.98371352227
0
0
0
0
0
0
-1000
0
0
0
0.00434894335672495
0
0
0
0
0.00217447167836248
0.00434894335671743
0.00434894335671743
0
0.00434894335672495
0
0
0
0
0
-0.00434894335671743
0
0
0.00867267544761382
0.00216816886190345
0.00650450658571036
0.00216816886190345
-0.00216816886188553
0.00216816886190345
0.00216816886190345
0.00216816886190345
0.00216816886190345
0.00216816886190345
0.00216816886190345
0.00433633772380691
0.00216816886190345
0.00216816886190345
0.00216816886190345
0.00216816886190345
0.00216816886190345
0
0.00216816886190345
0.00434894335672495
0.00434894335672495
0.00434894335672495
0.00434894335672495
0.00434894335672495
0.00434894335672495
0.00434894335672495
0.00434894335672495
0.00434894335672495
0.00434894335672495
0.00434894335672495
0.00434894335672495
0.00434894335672495
0.00434894335672495
0
0
0
0
0
0
0
0
0
0
0
0
-0.00434894335671743
0.00434894335672495
0.00434894335672495
0
0
0
0
0
0
0
0
0
0
0
0
0
0
0
0
0
0
0
0
0
0
0
0
0
0
0
0
0
0
0
0
0
0
0
0
0
0
0
0
0
0
0
0
0
0
0
0
0
0
0
0
0
0
0
0
0
0
0
0
0
0
0
0
0
980.664053013722
439.309037060415
39.3429492808213
0
0
0
0
0.00434894335672495
0
0
0
0
0
0
0
0
0
0
0
0
0
0
0
0
0
0
0
0
0
0
0
-1000
0
0
0
-219.654518530207
0
-1000
0
0
0
0.0017671416600041
0
0
0
0
0.0017671416600041
0
0
0
0.0017671416600041
0.0017671416600041
0.0017671416600041
0
0
0
0
0
0
0
0
0.0017671416600041
0.0017671416600041
0
0.0017671416600041
0.0017671416600041
0
0.0017671416600041
0.0017671416600041
0.0017671416600041
0.0017671416600041
0.0017671416600041
0.0017671416600041
0
0.0017671416600041
0.0017671416600041
0.0017671416600041
0
0.0017671416600041
0
0.0017671416600041
0.0017671416600041
0.0371099748600862
0.0174167828150965
0.050805322725118
0.051247108140119
0.0260653394850605
0.0017671416600041
0.0017671416600041
0.0989538822564291
0.0017671416600041
0.0017671416600041
0.0017671416600041
0.0017671416600041
0.846019069726964
0.0128117770350297
0.0949838642252205
0.478453604446111
0.0300474589238704
0.0017671416600041
0.0017671416600041
0.016787845770039
0.0017671416600041
0.0017671416600041
0.0017671416600041
0
-1000
0
0
0.0162864777300911
1000
0
0
0
0
0
1000
-1000
0
0
1.19864862478855
-1000
1000
1000
0
-1.6079577275151
246.341194298766
-1000
-1000
0
0
1000
0
0
0
0
0
-6.64394589517246
1000
0
0
0
0
-1000
1000
-0.00434894335671743
0
0
0
-4.37740057303745
0
-1000
0
0
0
-999.970717114731
0
1000
753.658805701234
-753.66315464459
-1000
0
1000
82.1497594628846
0
-1000
0
0
1000
1000
-1000
1000
0
948.403258873858
1000
0
-1000
1000
1000
1000
0
0
0
0
-39.3429492808212
-503.195775330276
0
404.075315152706
0
0
0
0
0
0
0
1000
0
1000
0
0
0
0
0
1000
0
0
0
0
1000
0
0
0
0
0
0
978.990159380272
0
0
-1000
1000
-1000
-1000
1000
1000
-992.648862341085
-1000
-1000
880.8842272573
-1000
-970.606705144064
1000
-1000
1000
-1000
996.980854054804
-1000
5.54553306147022
1000
-1000
-1000
-1000
-645.216026721091
1000
1000
1000
1000
1000
1000
1000
1000
-1000
-1000
-1000
-1000
-1000
-1000
-1000
-1000
-373.427759783305
-1000
-1000
1000
-1000
-1000
-1000
-1000
-1000
-1000
-1000
-1000
1000
1000
1000
-1000
-1000
-1000
-1000
-1000
-1000
-991.548448363157
-1000
1000
-1000
-1000
-1000
-1000
-1000
-1000
-1000
-1000
-1000
1000
-1000
-1000
-1000
-1000
192.015731759345
1000
-1000
31.9674701447411
-1000
-1000
-991.317187522581
1000
1000
1000
-1000
1000
1000
1000
1000
1000
1000
1000
1000
1000
-1000
-1000
-1000
-1000
-1000
-1000
-1000
1000
-1000
-373.427759783305
974.69952830163
1000
1000
1000
1000
1000
1000
1000
-1000
1000
-1000
-1000
-1000
-1000
958.311002720699
12.9055839533282
1000
-41.6889972793007
-12.9055839533282
-1000
0
0
0
0
0
0
0
0
0
0
0
0
0
0
0
0
0
0
0
0
0
0
0
0
0
0
0
0
0
0
0
0
0
0
0
0
0
0
0
0
0
0
0
0
0
0
0
0
0
0
0
0
0
0
0
0
0
0
0
0
0
0
0
0
0
0
0
0
0
0
0
0
0
0
0
0
0
0
0
0
0
0
0
0
0
0
0
0
0
0
0
0
0
0
0
0
0
0
0
0
0
0
0
0
0
0
0
0
0
0
0
0
0
0
0
0
0
0
0
0
0
0
0
0
0
0
0
0
0
0
0
0
0
0
0
0
0
0
0
0
0
0
0
0
0
0
0
0
0
0
0
0
0
0
0
0
0
0
0
0
0
0
0
0
0
0
0
0
0
0
0
0
0
0
0
0
0
0
0
0
0
0
0
0
0
0
0
0
0
0
0
0
0
0
0
0
0
0
0
0
0
0
0
0
0
0
0
0
0
0
0
0
0
0
0
0
0
0
0
0
0
0
0
0
0
0
0
0
0
0
0
0
0
0
0
0
0
0
0
0
0
0
0
0
0
0
0
0
0
0
0
0
0
0
0
0
0
0
0
0
0
0
0
0
0
0
0
0
0
0
0
0
0
0
0
0
0
0
0
0
0
0
0
0
0
0
0
0
0
0
0
0
0
0
0
0
0
0
0
0
0
0
0
0
0
0
0
0
0
0
0
0
0
0
0
0
0
0
0
0
0
0
0
0
0
0
1000
-0.862209534552903
1000
1000
1000
755.115513706141
1000
-1000
-1000
-1000
-1000
1000
1000
1000
1000
-1000
-1000
1000
-1000
1000
-1000
0
-1000
1000
-755.977723240694
-1000
-1000
1000
1000
-1000
-1000
-1000
-1000
-1000
1000
1000
-1000
-2.09748382578505
-1000
-1000
1000
-999.939203032436
-1000
-999.939203032436
1000
1000
1000
-1000
-1000
-1000
-1000
-1000
-1000
-1000
0
0
0
0
0
0
1000
0
0
0
0
-1000
0
0
-1000
0
0
-251.125588739951
-1000
0
251.125588739951
0
0
0
0
0
1000
0
0
1000
3.0191459451957
0
0
0
0
0
-0.00434894335671743
0.00434894335672495
0
0
-0.00434894335671743
-0.00434894335671743
0
0
0
0
0
0
0
0
0
0
0
0
0
0
0
0
0
0
0
0
341.501961760052
0
0
0
0
0
0
0
0
0
0.00434894335672495
0
0
1000
-1000
461.558220273449
-1000
-540.710219975834
0
0
0
0
-0.00434894335671743
0
0
0
0
0
246.14311253449
0
0
0
0
0
0
0
0
0
0
0
0
0
0
1000
0
0
0.00434894335672495
0
0
0
0
394.666991136045
0
0
0
0
0
0
-1000
0
0
0
0
0
0
250.931855919032
0
0
0
0
0
0
0
0
0
0
0
0
0
0
0
0
0
0
0
0
0
0
0
0
0
0
0
0
0
0.00434894335672495
0
0
0
0
1000
0
1000
0
-1000
0
2.35152199457403
0
0
0
0
0.00650450658571036
1000
0
-1000
0
0
0
0
0
0
0
0
0
0
0
0
0.00434894335671743
1000
-650.695392285107
1000
-1000
0
1000
-312.964989344164
0
-1000
-1000
0
-1000
1000
997.648478005426
1000
0
0
0
0
-650.522705618824
1000
0
0
0
0
0
0.00434894335671743
0
0
1000
0
632.173328428725
0
0
0
0
0
-1000
1000
1000
-1000
0
-1000
1000
0
0
349.304607714893
0
0
0
0
0
0
0
650.695392285107
-349.477294381176
1000
0
0
0
367.826671571275
632.162474978783
632.162474978783
1000
0
0
0
0
0
1000
0
0
0
997.180009616946
0
0
0
0
0
0
0
0
0
0
1.17576099728702
1000
0.00434894335672495
-0.00434894335671743
0.00434894335672495
0.00434894335672495
0
0
-1000
1000
0.00434894335671743
0
0
0
1.17576099728706
0
0
-0.0130468300701523
-1000
-1000
1000
2.81999038305435
-502.581407245457
-1000
0
0
1000
-1000
500.238583137597
-1000
0
0
0
0
0
0
0
0
0
0
0
0
0
0
0
0
0
499.761416862403
0
0
0
0
0
499.761416862403
0
0
0
0
0
0
0
0.00216816886190345
0
1000
0
0
0
1000
-1000
0
0.00434894335672495
312.964989344164
1000
0
0
0
0
0
0
0
0
0
0
-878.61807412083
0
219.654518530207
0
0
0
0
0
0
0
0
0
0
0
780.345481469793
0
0
0
878.61807412083
0
0
0
0
0
0
0
0
0
0
0
0
0
0
0
0
0
0
0
0
0
0
0
0
0
0
2.80475332426465
0
0
0
0
0
0
0
0
0
0
0
0
0
0
0
0
0
0
0
0
0
0
0
0
0
0
0
0
0
0
0
0
0
0
0
0
0
0
0
0
0
0
0
0
0
0
0
0
0
0
0
0
0
0
0
0
0
0
0
0
0
0
0
0
0
0
0
0
0
0
0
0
0
0
0
0
0
0
0
0
0
0
0
0
0
0
0
0
0
0
0
0
0
0
0
0
0
0
0
0
0
0
0
0
0
0
0
0
0
0
0
0
-999.970717114731
0
0.00216816886188553
0
0
0
-0.0292828852685716
0
1000
0.00542042215477068
0
0
0
0
0
0
0
0
0
0
0
0
0
0
0
0
0
0
0
0.00434894335672495
0.00434894335672495
0.00434894335672495
1000
-1000
0
-349.393945600172
-1000
0
0
0
0
0
0
-1000
-367.826671571275
0
0
0
0
0
0
0
0
0
0
-1000
0
1000
0
-1000
-1000
-1000
-999.317441533823
-1000
-1000
0
0
0
0
0
0
0
0
0
-1000
-1000
0
1000
0.476345858584661
0.00434894335672495
0.00434894335672495
0.00434894335672495
0.00434894335672495
0.00434894335672495
0
0
0
1000
0.0967510058852246
0
0
0
0
0
0
0.0017671416600041
0
0
0
0
0
0
0
-1000
0
0
0
0
0
0
0
1000
-999.99823285834
0
1000
0
0
-1000
0
0
0
0
0
0
0
0
0
219.654518530207
0
0
0
0
0
0
0
0
0
0
0
0
0
0
0
0
0
0
0
0
0
0
0
0
0
0
0
0
0
0
0
0
0
0
0
0
0
1000
0
0
0
0
0
0
0
0
0
-1000
0
0
0
0
0
0
0
0
1000
-1000
-1000
-1000
-1000
1000
0
0.011937534373387
0
0
0
0
0
-1000
0
0
246.14311253449
0
0
0
999.97390633986
17.5408474542759
0
0
0
0
0.699415138702356
0.699415138702356
0
-999.96854894587
0
0
0
0
0
0
0.441491283566271
0
1000
0
0
0
0
0
0
0
-307.709046645729
0.00434894335672495
0
0
0
0
0
0
0
0
-579.2132970233
540.710219975834
0
0
1000
0
0
0
1000
0
0
0
0
-999.934173973165
0
0
0
0
0
-1000
0
0
0
0
0
-0.00176714166002512
0
1000
-312.96757114586
-1000
1000
-1000
1000
-1000
1000
-750
0
0
0
0
-1000
-1000
0
0
-1000
0
0
0
0
0.00637214744007086
0
0
0
0
0
0
0
0
997.180009616946
0
997.180009616946
0
0
0
0
0
0
0
0
1000
1000
1000
-1000
337.730402940944
-687.035010655836
-1000
1000
0
0
0
0
0
0
0
0
-1000
-11.0394527186104
0
-1000
0.00216816886190345
0.00216816886190345
0
-1000
0
0
342.870914093959
0
0
0
0
0
0
0
0
0
0
0
0
0
0
0
0
0
0
0
0
0
0
0
0
0
-0.0238624631138009
0
0
0
0
0
0
0
0
0
0
0
0
0
0
0
0
0
0
0
0
0
0
0
0
0
0
0
0
0
0
0
0
0
0
0
0
0
0
0
0
0
0
0
0
0
-1000
0
-1000
0
0
0
0
0
0
-1000
0
0
0
0
0
0
0
0
0
0
-1000
999.934173973165
0
0
0
0
0
0
0
0
0
0
0
0
0
1000
0
0
0
0
0
0
0
219.654518530207
-219.654518530207
-219.654518530207
0
0
0
0
0
0
0
0
0
0
0
0
0
0
0
0
0
0
0
0
0
0
0
0
0
0
0
0
0
0
0
0
0
0
0
0
0
0
0
0
0
0
0
0
0
0
0
0
0
0
0
0
0
0
0
0
0
0
0
0
0
0
0
0
0
0
0
0
0
0
0
0
0
0
0
0
0
0
0
0
0
0
0
0
0
0
0
0
0
0
0
0
0
0
0
0
0
0
0
0
0
0
0
0
0
0
0
0
0
0
0
0
0
0
0
0
0
0
0
0
0
0
0
0
0
0
0
0
0
0
0
0
0
0
0
0
0
0
0
-1000
0
0
0
0
0
0
0
0
0
0
0
0
0
0
0
0
0
0
0
0
0
0
0
0
0
0
0
0
0
0
0
0
0
0
0
0
-1000
0
0
0
0
0
0
0
0
0
0
0
0
0
0
0
0
0
0
0
0
0
538.366068853983
0
205.03273552065
0
0
38.3626828409188
0
0
0.198081764276026
-1000
1000
0
0
0
0
-1000
0
0
0
0
828.998365153961
0.0260936601403497
0
0
0
776.304201106497
0
0
0
0
0
0
0
0
0
0
0
0
0
0
0
0
0
0
0
0
0
0
0
0
0
0
0
0
0
0
0
0
0
0
0
0
0
0
0
0
0
0
0
0
0
0
0
0
0
0
0
0
0
0
0
0
0
0
0
0
0
0
0
0
0
0
0
0
0
0
0
0
0
0
0
0
0
-978.913249983574
0
0
0
0
0
0
0
0
0
0
0
0
0
0
0
0
0
0
0
0
0
0
0
0
0
0
0
0
0
0
0
0
0
0
0
0
0
0
0
0
0
0
0
0
0
0
0
0
0
0
0
0
0
0
0
0
0
0
0
0
0
0
0
0
0
0
0
0
0
0
0
0
0
0
0
0
0
0
0
0
0
0
0
0
0
0
0
0
0
0
0
0
0
0
0
0
0
0
0
0
0
0
0
0
0
0
0
0
0
0
0
0
0
0
0
0
0
0
0
0
0
0
0
0
0
0
0
0
0
0
0
0
0
0
0
0
0
0
0
0
0
0
0
0
0
0
0
0
0
0
0
0
0
0
0
0
0
0
0
0
0
0
0
0
0
0
0
0
0
0
0
0
0
0
0
0
0
0
0
0
0
0
0
0
0
0
0
0
0
0
0
0
0
0
-978.913249983574
0
0
0
0
0
0
0
1000
0
0
0
0
0
0
0
0
0
0
342.870914093959
0
0
0
0
0
0
0
0
0
0
0
0
-1000
0
0
1.19864862478855
0
0.00434894335671743
245.383454011184
0
0
0
0
0
0
0
0
0
0
0
0
0
0
0
0
0
0
0
0
0
0
0
0
0
0
0
0
0
0
0
0
0
0
0
0
0
0
0
0
0
0
0
0
0
0
0
0
0
0
0
0
0
0
0
0
0
0
0
0
0
0
0
0
0
0
0
0
0
0
0
0
0
0
0
0
0
0
0
0
0
0
0
0
0
0
0
0
0
0
0
0
0
0
0
0
0
0
0
0
0
0
0
0
0
0
0
0
0
0
0
0
0
0
0
0
0
0
0
0
0
0
0
0
0
0
0
0
0
0
0
0
0
0
0
0
0
0
0
0
0
0
0
0
0
0
0
0
0
0
0
0
0
0
0
0
0
0
0
0
-244.884486293859
967.275658781874
0
0
0
0
0
0
0
71.2317672089487
0.00434894335671743
0
0
-997.731559750717
1000
0
0
0
0
0
0
0
0
0
0
0
0
0
0
0
0
1000
-1000
0
0
1000
0
0
0
0
0.016286477730112
0
0
0
0
0
0
0
0
0
0
0
0
0
0
0
0
0
0
0
0
0
0
0
0
0
0
0
0
0
0
0
0
0
0
0
0
0
0
0
0
0
0
0
0
0
0
0
0
0
0
0
0
0
0
0
0
0
0
0
0
0
0
0
0
0
0
0
0
0
0
0
0
0
0
0
0
0
0
0
0
0
0
0
0
0
0
0
0
0
0
0
0
0
0
0
0
0
0
0
0
0
0
0
0
0
0
0
0
0
0
0
0
0
0
0
0
0
0
0
0
0
0
0
0
0
0
0
0
0
0
0
0
0
0
0
0
0
0
0
0
0
0
0
0
0
0
0
0
0
0
0
0
0
0
0
0
0
0
0
0
0
1000
1000
105.046940983695
0
0
-1.17576099728706
0
0
560.68804750047
23.2363833455932
50.7901959656163
0.126056329180433
105.046940983695
0
0
0
0
0
0
0
0
0
0
0
0
0
0
0
0
0
0
0
996.089396236232
-1000
0
-1000
999.995651056643
0
0
0
0
-687.039359599193
0
439.309037060415
219.654518530207
0
-4.41785415001027
0
0
0.00434894335672495
0.0238624631138009
0
0.0141057032352905
0
0
0
0
0
0
0
0
0
0
0
0
0
0
0
0
219.654518530207
0
1000
0
0
-999.954430637001
-0.846019069726935
-0.0371099748600727
0
-12.9055839533282
-25.30047169837
-51.596741126142
-40.4607621835839
-991.548448363157
223.983201904086
-31.967470144741
-5.54553306147022
-37.8448464927787
1000
-1000
0
0
0
0
-1000
-46.7649547575224
-1000
-373.427759783305
-16.0339501363342
-991.317187522581
-28.7834133259724
917.628659772151
971.044299186121
-1000
0
0
1000
-749.068144080968
0
1000
0
0
978.990159380272
-581.766915417724
0
0
0
0
0
0
1000
0
0
0
0
0
0
0
0
0
0
0
-0.00434894335671743
-0.00434894335671743
0
0
0
0
0
0
0
0
0
0
0
0
341.501961760052
0
0
0
0
0
1000
0
997.963313141779
0
0
0
1000
246.14311253449
-0.00434894335671743
-0.00434894335671743
-1.19864862478858
-538.441779726551
0
0
-0.00434894335671743
0
-0.00434894335671743
0
0
0
-0.00434894335671743
0
0
0
-0.00434894335671743
0
0
0
0
0
0
0
0
0
0
0
-244.884486293859
0
0
0
0
0
1000
0
0
0
0
0
-1000
0
-1000
0
0
0
-755.977723240694
0
1000
0
0
-0.00434894335671743
0
0
0
0
0
0
0
0
0
0
0
0
0
0
394.666991136045
-4.37740057303745
0
-1000
-251.125588739951
0
0
0
0
251.125588739951
-1000
0
0
2.95969336033795
0
0
0
0
0
0
-753.66315464459
0
0
0
0
1000
1000
1000
-1000
1000
-1.6079577275151
0
-1000
1000
0
0
0
-39.3429492808212
0
0
0
-1000
-1000
0
0
0
0
0
-0.0607969675638742
0
0
0
0
-420.7867029767
-1000
1000
0
0
0
0
0
0
246.341194298766
-1000
753.658805701234
-6.64394589517246
0
0
0
0
0
0
0
0
0
1000
1000
0
-0.030047458923832
-0.00176714166002512
-0.478453604446145
-503.195775330276
-0.0260653394850578
-0.09895388225641
-0.0167878457700681
-0.0949838642252416
-0.0508053227250684
0
0
0
0
0
-0.00176714166002512
0
-0.00176714166002512
-0.00176714166002512
0
-0.01281177703504
0
-0.00176714166002512
0
0
0
-17.540847454276
0
-0.441491283566279
-0.00176714166002512
-0.0174167828150757
0
-0.00176714166002512
-0.00176714166002512
-0.00176714166002512
-0.00176714166002512
-0.05124710814016
0
0
0
0
0
0
0
0
0
-1000
0
-0.00434894335671743
0
750
-750
0
0
0
-1000
0
1000
0
0
0
0
0
0
0
0
0
0
0
0
0
0
0
0
1000
-1000
1000
-1000
-1000
0.0162864777300911
-1000
1000
-1000
0
0
0
-0.00176714166002512
-0.00176714166002512
0
0
0
0
0
999.801918235724
-1000
828.998365153961
0.0260936601403046
0
0
0
776.304201106497
0
-1000
0
0
0
0
0
0
0
0
0
0
0
0
0
0
0
0
0
0
0
0
0
0
0
0
0
0
0
0
0
0
0
0
0
0
0
0
0
0
0
0
0
0
0
0
0
0
0
0
0
0
0
0
0
0
0
0
0
0
0
0
0
0
0
0
0
0
0
0
0
0
0
0
-0.00176714166002512
0
0
0
0
0
0
0
0
0
0
0
0
0
0
0
0
0
0
0
0
0
0
0
0
0
0
0
0
0
0
0
0
0
0
0
0
0
0
0
0
0
0
0
0
0
0
0
0
0
0
0
0
978.913249983574
0
0
0
0
0
0
0
0
0
0
0
0
0
0
0
0
0
0
0
0
0
0
0
0
0
0
0
0
0
0
0
0
0
0
0
0
0
0
0
0
0
0
0
0
0
0
0
0
0
0
0
0
0
0
0
0
0
0
0
0
0
0
0
0
0
0
0
0
0
0
0
0
0
0
0
0
0
0
0
0
0
0
0
0
0
0
0
0
0
0
0
0
0
0
0
0
0
0
0
0
0
0
0
0
0
0
0
0
0
0
0
0
0
0
0
0
0
0
0
0
0
0
0
0
0
0
0
0
0
0
0
0
0
0
0
0
0
0
0
0
0
0
0
0
0
0
0
0
0
0
0
0
0
0
0
0
0
0
0
0
0
0
0
0
0
0
0
0
0
0
0
0
0
0
0
0
0
0
0
0
0
0
0
0
0
0
0
0
0
0
0
0
0
0
0
0
0
0
0
0
0
0
0
0
244.884486293859
1000
1000
0
0
0
-245.383454011184
0
0
0
0
0
0
0
0
0
0
0
0
0
0
0
0
0
0
0
0
0
0
0
0
0
-1000
0
-40.7758662401059
-0.00434894335671743
0
0
0
0
0
0
0
0
1000
0
0
0
0
0
-1000
0
0
0
0
0
0
0
0
0
0
0
0
0
0
0
0
0
0
0
0
0
0
0
0
0
0
0
0
0
0
0
0
0
0
0
0
0
0
0
0
0
0
0
0
0
0
0
0
0
0
0
0
0
0
0
0
0
0
0
-961.480636474804
961.480636474804
961.480636474804
0
-0.00176714166002512
-0.00176714166002512
-0.00176714166002512
-0.00176714166002512
0
-0.00176714166002512
0
0
-0.00176714166002512
-0.00176714166002512
-0.00176714166002512
-0.00176714166002512
0
-0.00176714166002512
-0.00176714166002512
-0.00176714166002512
-0.00176714166002512
-0.00176714166002512
-0.00176714166002512
-0.00176714166002512
0
-0.00176714166002512
-0.00176714166002512
-0.00176714166002512
0
-1000
105.046940983695
0
0
0
0
0
0
0
0
0
0
0
