0
0
0
0
0
0
0
0
-334.639519175155
0
1000
0
0
194.941612929422
0
0
999.742924182843
-999.742924182843
999.940998992784
0
0.0590010072163836
0
-1000
0.370863473931536
0
1000
-208.291378334806
0
-440.229001548675
0.192645392390844
0
0
0
0
0
0.0324928282909196
201.58598999854
0
0
35.4058341428498
0
0
0
0
0
142.857142857143
0
142.857142857143
0
142.857142857143
0
142.857142857143
0
142.857142857143
0
142.857142857143
0
0
142.857142857143
0
0
0
0
0
0
0
0
0
440.229001548675
0
0
0
0
1000
1000
0
0
0
0
440.229001548675
0
0
-1000
0
0
0
0
0
0
0
0
0
0
0
0
0
0
0
0
0
0
0
0
0
0
0.00360857098354008
0
0
0
0
0
0
0
0
364.409294689654
0
302.641143556175
0
0
0
0
0
0
0
0
0
0
0
0
0
0
1000
0
0
1000
0
0
0
0
1000
0
0
0
0
-13.4407031374402
0
0
0
0
-1000
0
0
0
1000
0
0
596.354001685258
1000
1000
403.637569599425
0
210.921137513593
0
-1000
403.637569599425
598.579182528847
1000
-805.058387070578
0
0
1000
0
0
0
0
0
-523.295812237456
647.284030813165
0
1000
0
0
0
-3.96928426203613
0
0
0
0
0
0
0
4.13785856836864
-1000
0
0
0
1000
0
0
0
0
0
0
0
0
0
0
-3.9734986196944
0
1000
0
0
0
0
0
0
0
0
0
0
0
0
0
0
-1000
989.773253176338
0
0.465453358746475
0
0
0
0
9.76129346491575
0
3.9734986196944
0
0
1000
0
0
-1000
0
0
0
0
0
0
0
0
0
0
-1000
0
-1000
-1000
-1000
-1000
1000
1000
1000
-1000
-11.2433483856572
-0.975597213016613
1000
0
9.06311342679601
-1000
697.280906952402
0
398.851942377878
1000
0
330.498792399952
1000
0
0.181217379307464
0
-0.181217379307441
0
0.00179905567875042
0
0
0
0
0
0
0
2.18270430224394
902.83394532302
0
0
0
0
0
0
0
0
1000
0
1000
0.473882074063085
29.6937277665568
0
1000
0
-0.181217379307441
0
-0.698180038119744
0
0
0.698180038119744
0
0
0
0
9.06311342679601
0
0
-600.449877584002
0
0
0
-1000
0.698180038119744
0
1.11396446495291
-0.975597213016613
0
9.06672199777961
0
0
0
0
0
0
0
0
0
0
0
0
0
0
0
2.32726679373237
0
9.797183056761
0
0
0
0
9.06311342679601
0
0
0
1000
-1000
-999.995785642342
-1000
1000
1000
-1000
-1000
-1000
-685.264927782112
1000
15.7619211263849
-1000
1000
1000
9.06311342679601
0
0
0
0
0
-1000
9.06311342679601
1000
1000
-697.280906952402
0
1000
0
0
-1000
-1000
0
0
0
0
0
0
0.975597213016637
0
-1000
1000
1000
1000
-1000
-1.09526666616716
-1000
-1000
1000
0
0
1000
-999.370186692579
-1000
-1000
1000
1000
-1000
-1000
1000
1000
-1000
-15.2964677676384
1000
0
0
0
0
0
1.8660277926441
0
0
-3.9734986196944
0
0
0
1000
0
0
0
0
-1000
970.306272233443
0
0
0
0
0
0
0
0
0
0
0
0
0
0
0
0.00360857098354008
0
115.850889776744
-0.00360857098348788
-115.84728120576
0
0
115.84728120576
0
0
0
0
0
0
0
0
0
0
0
0
0
0
0
0
0
0
0
0
0
0
0
0
0
0
0
0
0
0
0
0
0
0
0
0
0
0
0
0
1000
1000
0.10535894145778
0.10535894145778
0
-964.787638431634
0
0
0
0
0
0
0
0
0
0
0
0
0
0
0
-697.355247872841
0
0
0
0
0
0
0
0
0
0
0
0
0
0
0
0
0
0
0
0
0
0
0
0
0
0
0
0
0
0
0
0
0
0
0
0.164359948674212
0
0
63.6381751645155
1000
0
0
0
0
0
0
-1000
0
0
0
0
0
0
0
0
0
0
0
0
0
0
0
0
0
0
0
0
0
0
0
0
0
0
0
-1000
0
0
0.164359948674212
0
0
0
0
0
0
0
0
0
1000
0
0
0
0
0
0
0
0
0
0
0
0
0
0
0
0
0
0
0
0
0
0
0
0
0
0
0
0
0
0
0
0
0
0
0
0
0
0
0
0
0
0
0
0
0
0
0.0108257129506203
0.0108257129506203
0
0.0108257129506203
0
0
0
0
0
0
0
0
0
0
0
0
0
0
0
0
0
0
0
0
0
-1000
0
0.00421435765831312
0
0
0
0
0.762798736154674
0.762798736154674
0
0
0
0
0
0
0
0
0
0
0
0
0
0
0
0
0
0
0
0
0
0
0
0
0
0
0
-1000
0
0
0
-1000
0
0
-1000
0
0
0
0
2.19146598232282
0
0
2.19146598232282
0
0
0
0
0
0
0
0
0
0
2.19146598232282
0
2.19146598232282
0
0
0
13.0731161413655
37.2653595346396
23.8200550333776
17.4463293701496
25.8670910128085
8.51380873263302
19.9120772544641
36.4279357248724
33.5434759356744
10.607368257051
20.563406884283
42.3829494832168
33.4504288457002
10.3282269871286
17.1206645552402
23.7270079434035
30.7520632364504
24.8900965680801
4.55930740873244
31.0312045063728
0
0
0
0
0
0
0
0
0
0
0
0
0
0
0
0
0
0
0
0
0
0
0
0
0
0
0
0
0
0
0
0
0
0
0
0
0
0
0
0
0
0
0
0
0
0
0
0
0
0
0
0
0
0
0
0
0
0
0
0
0
0
0
0
0
0
0
0
0
0
1000
0
0
0
0
0
0
0
0
0
0
0
0
0
0
0
0
0
0
0
0
0
0
0
-1000
0
0
0
0
-302.641143556175
-302.641143556175
1000
1000
0
0
0
0
0
0
0
-1000
-302.792860431875
-0.151716875699321
-1000
0
-302.644752127159
697.355247872841
698.058616474367
969.484901617485
1000
0.00842871531665423
1000
0
0
1000
0
-1000
-1000
-1000
0
0
0
697.355247872841
697.355247872841
302.644752127159
0
0
0
0
0
0
0
0
0
0
0
-999.996391429017
344.632061544039
1000
1000
0
500
749.946583125635
2.51262476862937
5
0
0
0
0
0
0
0
0
151.238259044199
0
0.171842609744772
0
337.519786121156
-0.171842609744772
-0.171842609744772
0.171842609744772
0
95.372648408322
353.01793579176
0.171842609744772
0
0
0
0.0184547026930204
-0.171842609744772
0
0
-1000
-0.171842609744772
-0.171842609744772
0
0
0
0
0
0
0
0
0
0
0
0
0
0
0
0
0
1.07401631090454
0
0
0
0
0
-1.02585365535356
0
0
0
0
0
0
0
0
-0.0666173582440024
0
0
0
0
0
0
0
0
0
0
0
0
0
0
0
0
0
0
0
0
0
0
0
0
0
0
0
0
0
0
0
0
0
0
0
0
0
0
0
0
0
0
0.0184547026930204
0
0
0
0
0
0
0
0
0
0
0
0
0
0
0
0
0
0
0
0
0
0
0
0
0
0
0
0
0
0
0
0
0
0
0
0
0
0
0
1000
0
0
0
0
0
0
0
0
0
0
0
0
0
0
0
0
0
0
0
0
0
0
0
0
0
0
0
0
0
0
0
0
0
0
0
0
0
0
0
0
0
0
0
0
0
0
0
0
0
0
0
0
0
0
0
0
0
0
0
0
0
0
0
0
0
0
0
0
0
0
0
0
0
0
0
0
0
0
0
0
0
0
0
0
0
0
0
0
0
0
0
0
0
0
0
0
0
0
0
0
0
0.171842609744724
151.581944263688
0.171842609744724
0
0
0
0
0
0
0
0
0
0
0
0
0
0
0
0
0
0
0
0
0
0
0
0
0
0
0
0
0
0
0
0
0
0
0
0
0
0
0
0
0
0
0
0
0
0
0
0
0
0
0
0
0
0
0
0
0
0
0
0
0
0
0
0
0
0
0
0
0
0
0
0
0
0
0
0
0
0
0
0
0
0
0
0
0
0
0
0
0
0
0
0
0
0
0
0
0
0
0
0
0
0
0
0
0
0
0
0
0
0
0
0
0
0
0
0
0
0
0
0
0
0
0
0
0
0
0
0
0
0
0
0
0
0
0
0
0
0
0
0
0
0
0
0
0
0
0
0
0
0
0
0
0
0
0
0
0
0
0
0
0
0
0
0
0
0
0
0
0
0
0
0
0
0
0
0
0
0
0
0
0
0
0
0
0
0
0
0
0
0
0
0
0
0
0
0
0
0
0
0
0
0
0
0
0
0
-1000
0
0
0
0
0
0
0
0
0
0
0
0
0
0
0
0
0
0
0
0
0
0
0
0
0
0
0
0
0
0
0
0
0
0
0
0
0
0
0
0
0
0
0
0
0
0
0
0
0
0
0
0
0
0
0
0
0
0
0
0
0
0
0
0
0
0
0
0
0
0
0
0
0
0
0
0
0
0
0
0
0
0
0
0
0
0
0
0
0
0
0
1000
1000
0
0
0
0
0
0
0
0
0
0
0
0
0
0
0
0
0
-1000
0
-1000
0
0
0
0
0
0
0
1000
1000
0
0
0
0
0
0
0
0
0
0
0
0
0
0
0
0
0
0
0
0
0
0
0
0
0
0
0
0
0
0
0
0
0
0
0
0
0
0
0
0
0
0
0
0
0
0
0
0
0
0
0
0
0
0
0
0
0
0
0
0
0
0
0
0
0
0
0
0
0
0
0
0
0
0
0
0
0
0
0
0
0
0
0
0
-1000
42.5220041099601
0
0
0.171842609744772
0
-510.554584395666
0
151.410101653943
0
0
510.382741785921
-0.171842609744772
343.609552908236
0
0
0
0.0184547026930204
0
0
-1000
1000
0
0
0
0
0
0
0
0
0
0
0
0
0
-1000
-1.07401631090454
0
0
0
1.02585365535356
0
0
0
0
0
0
0
0.0666173582440024
0
0
0
0
0
0
1000
-1000
0
0
0
-794.14504430889
-999.978348574099
-0.0216514259012683
0
0
0.171842609744772
-0.171842609744772
0
0
489.445415604334
-489.445415604334
-1000
0
-151.410101653944
-151.410101653944
0
0
-1000
0
-489.617258214079
-510.382741785921
-860.981089159531
0
-656.390447091764
-343.609552908236
-1000
0
0
0
0
0
-1000
0
1000
0
0
0
-1000
1000
-1000
0
0
0
-1000
0
0
0
1000
0
0
0
0
0
0
0
0
0
0
0
0
0
0
0
0
0
0
0
-1000
1000
-1000
1.09247101359756
-1000
0
-1000
0
-1000
0
-1.09247101359756
-1.09247101359756
0
0
0
0
0
0
1000
0
-1000
0
-1000
0
1000
0
1000
0
-1000
0
0
0
0
0
0
0
0
0
-1000
0
0
0
0
0
0
0
0
0
0
0
0
0
0
0
0
0
0
0
0
0
0
0
0
0
0
0
0
0
0
0
0
0
0
0
0.0184547026930204
-0.0184547026930204
0
0
0
0
0
0
0
0
0
0
0
0
0
0
0
0
0
0
0
0
0
0
0
0
0
0
0
0
0
0
0
0
0
0
0
0
0.0184547026930204
-0.0184547026930204
0
0
0
0
0
0
0.0666173582440024
0.0666173582440024
0
0
0
0
0
0
0
0
0
0
0
0
0
0
0
0
-0.0666173582440024
-0.0666173582440024
0
0
0
0
0
0
0
0
0
0
0
0
0
0
0
0
0
0
0
0
0
0
0
0
0
0
0
0
0
0
0
0
0
0
0
0
1000
0
0
0
0
0
0
0
0
0.00360857098354008
0
0
0
0
0
0
0
0
11.0268097208508
0
0
0
0
0
0
0
0
0
0
0
0
0
0
0
0
0
0
0
0
0
0
0
0
0
0
0
0
0
0
0
0
0
0
0
0
0
0
0
0
0
0
0
0
0
0
0
0
0
0
489.445415604334
489.445415604334
489.445415604334
0
0
0
0
0
0
0
0
0
0
0
0
0
0
0
0
0
0
0
0
0
0
0
0
0
0
0
0
0
0
0
0
0
0
0
0
0
0
0
0
0
0
0
0
0
0
0
0
0
0
0
0
0
0
0
0
0
0
0
0
0
0
0
0
0
0
0
0
0
0
0
0
0
0
0
0
0
0
0
0
0
0
0
0
0
0
0
0
0
0
151.410101653944
151.410101653944
151.410101653944
151.410101653944
-151.410101653944
0
0
0
0
0
0
0
0
0
0
0
0
0
0
0
0
0
0
0
0
0
0
0
0
0
0
0
0
0
0
0
0
0
0
0
0
0
0
0
0
0
0
0
0
0
0
0
0
0
0
0
0
0
0
0
0
0
0
0
0
0
0
0
0
0
0
0
0
0
0
0
0
0
0
0
0
0.00360857098354008
0.00360857098354008
0.00360857098354008
0.00360857098354008
0.00360857098354008
0
0
0
0
0
0
0
0
0
0
0
0
0
0
0
0
0
0
0
0
0
0
0
0
0
0
0
0.0234086430758339
0.0234086430758339
0
0
0
0
0
0
0
0
0
0
0
0
0
0
0
0
0
0.0234086430758339
0
0
13.4407031374402
13.4407031374402
-13.4407031374402
4.47181438018515
-2.23410290460083
2.2341029046008
2.2341029046008
2.2341029046008
2.2341029046008
2.2341029046008
2.2341029046008
2.2341029046008
2.2341029046008
2.2341029046008
2.2341029046008
0
2.2341029046008
2.23410290460083
2.2341029046008
2.2341029046008
2.2341029046008
2.2341029046008
2.2341029046008
2.2341029046008
0
0
0
2.2341029046008
2.2341029046008
0
2.2269066818858
0
0
0
0
0
0
0
0
0
0
0
0
0
0
0
0
13.4407031374402
13.4407031374402
4.47181438018515
4.47181438018515
0
0
0
0
0
0
0
0
0
0
0
0
0
0
0
0
0
0
0
0
0
0
0
0
0
0
0
0
0
0
0
0
0
0
0
0
0
0
0
0
0
0
0
0
0
0
0
0
0
0
0
0
0
0
0
0
0
0
0
0
0
0
0
0
0
0
0
0
0
0
0
0
0
0
0
0
0
0
0
0
0
0
0
0
0
0
0
0
0
0
0
0
0
0
0
0
0
0
0
0
0
0
0
0
0
0
0
0
0
0
0
0
0
0
0
0
0
0
0
0
0
0
0
0
0
0
0
0
0
0
0
0
0
0
0
0
0
0
0
0
0
0
0
0
0
0
0
0
0
0
0
0
0
0
0
0
0
0
0
0
0
0
0
0
0
0
0
0
0
0
0
0
0
0
0
0
0
0
0
0
0
0
0
0
0
0
0
0
0
0
0
0
1.18189939047272
405.601710494076
405.601710494076
0
24.0300320261155
24.0300320261155
0
-429.631742520191
0
24.0300320261155
0
404.419811103603
0
0
1000
0
24.0300320261155
0
24.0300320261155
24.0300320261155
0
0
0
0
0
0
0
0
0
0
0
0
0
0
0
0
0
0
0
0
0
0
0
0
0
0
0
0
0
0
0
0
0
0
0
0
429.631742520191
0
0
0
0
0
0
0
0
0
0
0
0
0
0
0
0
0
0
0
0
0
0
0
0
0
0
0
0
0
0
0
0
0
0
0
0
0
0
0
0
0
0
0
0
0
0
0
0
0
0
0
0
0
0
0
0
0
0
0
0
0
0
0
0
0
0
0
0
0
0
0
0
0
0
0
0
0
0
0
0.00360857098354008
0
0
0
0
0
0
0
1.55594259072021
0
0
0
0.975597213016637
0.975597213016637
0.975597213016637
0
0
0
9.6962023404361
0
0
1.33421595139825
0
0
9.6962023404361
0.00360857098354008
0
0
0
0
-1.33421595139828
1.33421595139825
0
0
0
0
0.366330969314547
0
10.8781017309088
0
0
0
0.0216095873970835
0
0
0
10.8781017309088
10.8781017309088
0
0
0
0
0
0
0
0
0
0
0
0
0
0
-11.0268097208508
0
0
0
0
0
0
0
0
0
0
0
0
0
0
0
0
0
0
0
0
0
0
0
0
0
0
0
0
0
0
0
0
0
0
0
0
0
0
0
0
0
0
0
0
0
0
0
0
0
0
0
0
0
0
0
0
0
0
0
0
0
0
0
0
0
0
0
0
0
0
0
0
0
0
0
0
0
0
0
0
0
0
0
0
0
0
0
0
0
0
0
0
0
0
0
0
0
0
0
0
0
0
0
0
0
0
0
0
0
0
0
0
0
0
0
0
1000
0
0
1000
1000
0
0
0
0
0
0
0
0
0
0
0
0
0
0
0
0
0
0
0
0
0
0
0
0
0
0
0
0
0
0
0
0
0
0
0
0
0
0
0
0
0
0
0
0
0
0
0
0
0
0
0
0
0
0
0
0
0
0
0
0
0
0
0
0
0
0
0
0
0
0
0
0
0
0
0
0
0
0
0
0
0
0
0
0
0
0
0
0
0
0
0
0
0
0
0
0
0
0
0
0
0
0
0
0
0
0
0
0
0
0
0
0
0
0
0
0
0
0
0
0
0
0
0
0
0
0
0
0
0
0
0
0
0
0
0
0
0
0
0
0
0
0
0
0
0
0
0
0
0
0
0
0
0
0
0
0
0
0
0
0
0
0
0
0
0
0
0
0
0
0
0
0
0
0
0
0
0
0
0
0
0
0
0
0
0
0
0
0
0
0
0
0
0
0
0
0
0
0
0
0
0
0
0
0
0
0
0
0
0
0
0
0
0
0
0
0
0
0
0
0
0
0
0
0
0
0
0
0
0
0
0
0
0
0
0
0
0
0
0
0
0
0
0
0
0
0
0
0
0
0
0
0
0
0
0
0
0
0
0
0
0
0
0
0
0
0
0
0
0
0
0
0
0
0
0
0
0
0
0
0
0
0
0
0
0
0
0
0
0
0
0
0
0
0
0
0
0
0
0
0
0
0
0
0
0
0
0
0
0
0
0
0
1000
0
0
0
0
507.458558961633
0
0
0
0
0
0
0
0
0
0
0
0
0
0
0
0
0
0
0
0
0
0
0
0
0
0
0
0
0
0
0
0
0
0
0
0
0
0
0
0
0
0
0
0
0
0
0
0
0
0
0
0
0
0
0
0
0
0
0
0
0
0
0
0
0
0
0
0
0
0
0
0
0
0
0
0.164359948674212
0.164359948674212
0
0
0
0
0.164359948674246
0.164359948674212
0
0
0
0
0
0
0.0252861459498787
0
0
0
0
0
136.875703371743
0
0
0
0
0
0
0
0.994588407361789
0
0
0
0
0
0
0.994588407361789
0.994588407361789
0.994588407361789
0.994588407361789
0
0
0
0
0
0
0
0
0
0
0
0
0
0
0
0
0
0
0
0
0
0
0
0
0
0
0
0
0
0
0
0
0
0
0
0
0
348.492855596667
348.492855596667
0
0
0
0
0
0
0
0
0
0
0
0
0
0
0
0
0
0
0
0
0
0
0
0
0
0
0
0
0
0
0
0
0
0
0
0
0
0
0
0
0
0
0
0
0
0
0
0
1000
-147.599488166985
-496.349135748334
0
0
0
-1000
-1000
1000
0
0
0
0
355.353196046561
-1000
0
0
0
0
0
0
0
0
0
0
0
0
0
0
0
0
0
0
0
0
0
0
0
0
0
0
0
0
0
0
0
0
0
0
0
0
0
0
0
0
1000
0
0
0
0
0
0
0
0
0
0
0
0
0
0
0
0
0
-999.996391429017
-1000
1000
-1000
1000
999.996391429017
-1000
0
0
0
0
0
0
0.00360857098348788
0
0
0
0
0
0
0
0
0
0
0
0
0
0
0
0
0
0
0
0
0
0
0.0144029050560426
0.00360857098354008
0.0216095873970835
1000
0.00179905567875042
0.00179905567875042
0.00360857098348788
0
0.0126038493772922
0.00179905567875042
0.0270172140594036
-0.00179905567870264
0.00179905567875042
0.00179905567875042
0.00179905567875042
0.00179905567875042
0.00179905567875042
-0.00179905567870264
-0.00359811135751897
0.00179905567875042
0.00179905567875042
0.00179905567870264
0.00179905567875042
-999.954960850275
-0.00540762666230421
999.953161794596
0.00360857098348788
0.00179905567875042
0.00179905567875042
0
0
0.00360857098354008
0.00360857098354008
-0.00360857098348788
-0.00360857098348788
0.00360857098348788
0.00360857098348788
0.00179905567875042
0.00179905567875042
0.00179905567875042
0.00179905567875042
-0.00540762666230421
-999.974781841619
0
0
0
0
0
0
-936.361824835485
0
0
0
0.00360857098354008
0
0
0
0
0.00180428549177004
0.00360857098348788
0.00360857098348788
0
0.00360857098354008
0
0
0
0
0
-0.00360857098348788
0
0
0.00719622271500167
0.00179905567875042
0.00539716703625126
0.00179905567875042
-0.00179905567870264
0.00179905567875042
0.00179905567875042
0.00179905567875042
0.00179905567875042
0.00179905567875042
0.00179905567875042
0.00359811135750084
0.00179905567875042
0.00179905567875042
0.00179905567875042
0.00179905567875042
0.00179905567875042
0
0.00179905567875042
0.00360857098354008
0.00360857098354008
0.00360857098354008
0.00360857098354008
0.00360857098354008
0.00360857098354008
0.00360857098354008
0.00360857098354008
0.00360857098354008
0.00360857098354008
0.00360857098354008
0.00360857098354008
0.00360857098354008
0.00360857098354008
0
0
0
0
0
0
0
0
0
0
0
0
0
-0.00360857098348788
0
0
0
0
0
0
0
0
0
0
0
0
0
0
0
0
0
0
0
0
0
0
0
0
0
0
0
0
0
0
0
0
0
0
0
0
0
0
0
0
0
0
0
0
0
0
0
0
0
0
0
0
0
0
0
0
0
0
0
0
0
0
0
0
0
0
1000
0
0
0
0
0
0
0.00360857098354008
0
0
0
0
0
0
0
0
0
0
0
0
0
0
0
0
0
0
0
0
0
0
0
0
-1000
0
0
0
0
0
-151.238259044199
0
0
0
0.171842609744724
0
0
331.806019347144
0
0
0
0
0
0
0.171842609744724
0
0
0
0
0
0
0
0.171842609744724
0
0.171842609744724
0
0.171842609744724
0
64.3366026467062
0
0
0
10.7401631090453
0
66.3742080138997
0
0.171842609744724
0
0.343685219489448
0
0
0
0.171842609744724
0
0.171842609744724
0
0.171842609744724
0
0.171842609744724
0
0.171842609744724
0
0.171842609744724
0
0.171842609744724
0
0.171842609744724
0
0.171842609744724
0
0.171842609744724
0
0.171842609744724
0
0.171842609744724
0
0.171842609744724
0
0.171842609744724
0
0.171842609744724
0
0.171842609744724
0
3.60869480463921
0
0
0
4.94047503016082
0
4.983435682597
0
2.53467849373468
0
0.171842609744724
0
0.171842609744724
0
12.9689150326119
0
0.171842609744724
0
0.171842609744724
0
0.171842609744724
0
0.171842609744724
0
82.2696494152867
0
1.24585892064925
0
9.23654027377892
0
46.5263865883841
0
0.668066492350496
0
0.171842609744724
0
0.171842609744724
0
1.63250479257488
0
0.171842609744724
0
0.171842609744724
0
0.171842609744724
0
-1000
0
0
404.419811103603
0
0
0
0
0
-0.0108257129505773
-1000
1000
0.994588407361789
-1000
0.164359948674246
1000
0
347.158639645269
1000
367.592904146519
-1000
0
0
1000
29.9397743438732
0
0
0
0
-347.257478061948
-1000
-10.8781017309088
0
0
0
-1000
1000
-0.00360857098348788
0
0
-0.975597213016613
0
29.6937277665568
0
0
0
-856.950211750466
994.917602334865
1000
-660.438094173252
-3.9734986196944
-1000
0
-20.3942790894058
1000
0
-1000
0
0
1000
1000
-1000
34.2215662687008
0
1000
0
0
-1000
1000
1000
1000
0
0
0
0
0
0
0
0
0
0
0
0
0
0
681.045808225437
0
0
0
163.995072756489
0
0
0
0
0
0
0
0
1000
0
0
0
0
0
0
1000
0
0
-1000
-1000
-1000
328.556141062756
-1000
-1000
1000
-1000
-1000
-1000
965.948167312851
-1000
1000
637.392026250096
1000
-971.162246189991
-1000
-1000
-1000
1000
932.358646110067
-1000
-1000
1000
1000
1000
1000
1000
1000
1000
1000
-1000
-1000
-1000
-1000
-1000
-1000
-1000
-1000
1000
-1000
1000
-1000
-1000
-1000
-1000
-1000
-1000
-1000
-1000
-691.607044593779
-302.03087372325
1000
-520.517003189178
-1000
-1000
-1000
-1000
-1000
-1000
-1000
-1000
328.556141062756
-1000
-1000
-1000
-1000
-1000
1000
-1000
1000
-1000
1000
1000
4.76581093398977
-1000
-1000
-1000
-1000
-965.948167312851
-1000
-1000
-1000
1000
-1000
-1000
1000
1000
-63.4487522537812
1000
1000
1000
-986.408997266189
-1000
1000
1000
1000
1000
-1000
-1000
-1000
-1000
-957.187186035635
1000
-1000
-213.542135172136
-1000
1000
1000
1000
1000
1000
1000
1000
1000
1000
-1000
1000
1000
-1000
-1000
-966.427354782209
0
0
1000
-1000
-0.00360857098360157
-1000
0
0
0
0
0
0
0
0
0
0
0
0
0
0
0
0
0
0
0
0
0
0
0
0
0
0
0
0
0
0
0
0
0
0
0
0
0
0
0
0
0
0
0
0
0
0
0
0
0
0
0
0
0
0
0
0
0
0
0
0
0
0
0
0
0
0
0
0
0
0
0
0
0
0
0
0
0
0
0
0
0
0
0
0
0
0
0
0
0
0
0
0
0
0
0
0
0
0
0
0
0
0
0
0
0
0
0
0
0
0
0
0
0
0
0
0
0
0
0
0
0
0
0
0
0
0
0
0
0
0
0
0
0
0
0
0
0
0
0
0
0
0
0
0
0
0
0
0
0
0
0
0
0
0
0
0
0
0
0
0
0
0
0
0
0
0
0
0
0
0
0
0
0
0
0
0
0
0
0
0
0
0
0
0
0
0
0
0
0
0
0
0
0
0
0
0
0
0
0
0
0
0
0
0
0
0
0
0
0
0
0
0
0
0
0
0
0
0
0
0
0
0
0
0
0
0
0
0
0
0
0
0
0
0
0
0
0
0
0
0
0
0
0
0
0
0
0
0
0
0
0
0
0
0
0
0
0
0
0
0
0
0
0
0
0
0
0
0
0
0
0
0
0
0
0
0
0
0
0
0
0
0
0
0
0
0
0
0
0
0
0
0
0
0
0
0
0
0
0
0
0
0
0
0
0
0
0
0
0
0
0
0
0
0
0
0
0
0
0
0
0
0
0
0
0
1000
2.14349421494705
-1000
1000
1000
1000
332.496024960208
-29.9397743438733
-1000
-1000
1000
-1000
1000
1000
1000
1000
-1000
-1000
1000
-1000
1000
-1000
1000
-1000
-1000
-1000
-1000
1000
1000
1000
-302.556250616334
997.856505785053
-1000
-1000
-1000
1000
1000
-1000
-1000
-1000
-1000
1000
-1000
-1000
-1000
1000
-1000
665.360480824845
-1000
-334.639519175155
-1000
-1000
-1000
-665.360480824845
-1000
0
0
0
0
0
0
0
0
0
0
0
0
0
0
0
0
-1000
-1000
-30.1676098406199
0
0
0
0
1000
1000
1000
0
0
0
0
0
405.420787714269
0
0
0
-0.00360857098348788
0.00360857098354008
0
0
-0.00360857098348788
-0.00360857098348788
0
0
0
1000
0
0
0
0
0
0
0
0
0
0
0
0
0
0
0
0
0
0
0
0
0
0
0
0.00360857098354008
0
0
1000
-1000
1000
-63.6381751645155
1000
0
0
0
0
-0.00360857098348788
0.366330969314504
0
0
0
0
0
0
0
0
0
0
0
0
0
0
0
1000
0
0
0
1000
0
-1000
-142.857142857143
142.857142857143
0.00360857098354008
0
0
0
0.090608689653732
248.351699804184
0
0
0
0
0
0
1000
0
0
0
0
0
0
1000
0
0
0
0
0
0
0
0
0
0
0
0
0
0
0
0
0
0
0
0
0
0
0
0
1000
1000
0
0.00360857098354008
0
0
0
1000
0
-1000
0
-151.238259044199
0
1.95119442603327
0
0
0
0
0
0.00539716703625126
1000
0
-115.84728120576
0
0
0
0
0
0
0
0
0
0
0
0
0.00360857098348788
697.355247872841
-1000
605.437612559034
666.69204118561
0
1000
1000
0
-1000
-1000
0
-1000
1000
1000
-850.712935381834
1000
0
0
0
1000
-999.856711839617
1000
0
0
0
0
0
9.06672199777961
0
0
1000
0
0.00360857098360157
0
0
115.850889776744
0
0
0
-1000
0
0
-1000
0
-1000
1000
0
0
0
0
0
0
0
0
0
0
0
697.215568283442
0
0
0
0
0
999.99099426198
999.99099426198
0
0
0
0
1000
0
1000
0
0
0
998.133972207356
0
0
0
0
0
0
0
0
0
0
0.975597213016637
0
0.00360857098354008
-0.00360857098348788
0.00360857098354008
0.00360857098354008
0
0
-1000
1000
0.00360857098348788
313.456016057607
0
-9.06311342679601
0.975597213016613
0
0
-0.0108257129505773
-1000
-1000
-1000
688.217793525606
-1000
1000
0
0
-686.351765732962
-313.648234267038
-1000
-1000
0
0
0
0
0
0
0
0
0
0
0
0
0
0
302.719093047598
0
0
0
0
0
0
0
0
0
0
1000
0
0
0
0
0
0.00179905567875042
0
1000
0
0
0
0
0
0
0.00360857098354008
-1000
1000
0
0
0
0
0
0
0
0
0
0
0
0
0
0
0
0
0
0
0
0
0
0
0
0
1000
0
0
0
0
0
0
0
0
0
0
0
0
0
0
0
0
0
0
0
0
0
0
0
0
0
0
0
0
0
0
2.32726679373241
0
0
0
0
0
0
0
0
0
0
0
0
0
0
0
0
0
0
0
0
0
0
0
0
0
0
0
0
0
0
0
0
0
0
0
0
0
0
0
0
0
0
0
0
0
0
0
0
0
0
0
0
0
0
0
0
0
0
0
0
0
0
0
0
0
0
0
0
0
0
0
0
0
0
0
0
0
0
0
0
0
0
0
0
0
0
0
0
0
0
0
0
0
0
0
0
0
0
0
0
0
0
0
0
0
0
0
0
0
0
0
-999.807354607609
0
0.00179905567870264
0
0
0
-0.192645392390887
0
1000
0.0162019607347474
0
0
0
0
0
0
0
0
0
0
0
0
0
0
0
0
0
0
0.00360857098354008
0.00360857098354008
0.00360857098354008
1000
-1000
0
-794.14504430889
1000
0
0
0
0
0
0
1000
1000
0
0
0
0
0
0
0
0
0
-1000
0
999.828157390255
138.847068230724
-1000
-1000
-1000
-1000
0
1000
0
0
0
0
0
0
0
0
0
0
-1000
0
1000
0.395251835313064
0.00360857098354008
0.00360857098354008
0.00360857098354008
0.00360857098354008
0.00360857098354008
0
0
0
1000
9.40838288352364
0
0
0
0
0.171842609744724
0
0
0
0
0
0
0
0
0
-1000
0
0
0
0
0
0
0
1000
-1000
0
1000
1000
1000
-1000
0
0
0
0
0
0
0
0
0
0
0
0
0
0
0
0
0
0
0
0
0
0
0
0
0
0
0
0
0
0
1.09247101359752
0
0
0
0
0
1.09247101359752
0
0
0
0
0
0
0
0
0
0
0
355.353196046561
0
0
0
0
0
0
0
0
0
-1000
0
0
0
0
0
0
0
0
1000
1000
-1000
-1000
-1000
-1000
0
0.0216095873970835
0
0
0
0
0.181217379307441
-1000
-1000
0
0
0
0
0
-1000
4.04288952210973
0
0
0
0
0
0.580345377703573
0.580345377703573
-1000
0
-999.80555555193
0
0
0
0
0
0
0
0
-1000
0
0
0
0
0
0
0
998.907528986402
0.00360857098354008
0
0
0
0
0
0
0
-384.484406822797
-1000
0
0
1000
0
0
0
-1000
0
0
0.221726639322014
0
0
-510.382741785921
0
-1000
0
0
0
-1000
-1000
0
0
0
0
-151.410101653944
0
1000
0
-1000
1000
-678.59939779885
678.59939779885
0
0
-750
0
0
0
0
-1000
-1000
0
0
0
-1000
0
0
0
0
0.0184547026929958
0
0
0
0
0
0
0
0
989.07085878056
0
1000
0
0
0
0
0
0
0
0
0
0
1000
0
-697.207139568125
-1000
1000
-1000
-1000
1000
0
0
0
0
0
0
0
0
-1000
-507.458558961633
0
1000
0.00179905567875042
0.00179905567875042
0
1000
0
0
343.609552908236
0
0
0
0
0
0
0
0
0
0
0
0
0
0
0
0
0
0
0
0
0
0
0
-0.0666173582440024
0
0
0
0
0
0
0
0
0
0
0
0
0
0
0
0
0
0
0
0
0
0
0
0
0
0
0
0
0
0
0
0
0
0
0
0
0
0
0
0
0
0
0
0
0
0
-1000
0
-1000
0
0
0
0
0
-1000
0
0
0
0
0
0
0
0
0
0
0
-1000
0
0
0
0
0
0
0
0
0
0
0
0
0
1000
0
0
0
0
0
0
0
0
0
0
0
0
0
0
0
0
0
0
0
0
0
0
0
0
0
0
0
0
0
0
0
0
0
0
0
0
0
0
0
0
0
0
0
151.238259044199
0
0
0
0
0
0
0
0
0
0
0
0
0
0
0
0
0
0
0
0
0
0
0
0
0
0
0
0
0
0
0
0
0
0
0
0
0
0
0
0
0
0
0
0
0
0
0
0
0
0
0
0
0
0
0
0
0
0
0
0
0
0
0
0
0
0
0
0
0
0
0
0
0
0
0
0
0
0
0
0
0
0
0
0
0
0
0
0
0
0
0
0
0
0
0
0
0
0
0
0
0
0
0
0
0
0
0
0
0
0
0
0
0
0
0
0
0
0
0
0
0
0
0
0
0
0
0
0
0
0
0
0
0
0
0
0
0
0
0
0
0
1000
0
0
0
0
-1000
0
0
0
0
0
0
0
0
0
0
0
0.171842609744724
0
0
0
0
0
0
0
0
0
0
403.640379171198
0
0
70.3070458378644
0
-96.3624304005746
0
0
1000
0
-999.835640051326
0
0
-1000
-1000
0
0
0
0
751.62304019893
0.0216514259012405
0
0
0
0
0
0
0
0
0
0
0
0
0
0
0
0
0
0
0
0
0
0
0
0
0
0
0
0
0
0
0
0
0
0
0
0
0
0
0
0
0
0
0
0
0
0
0
0
0
0
0
0
0
0
0
0
0
0
0
0
0
0
0
0
0
0
-982.503098337951
0
0
0
0
0
0
0
0
0
0
0
0
0
0
0
0
0
0
0
0
0
0
0
0
0
0
0
0
0
0
0
0
0
0
0
0
0
0
0
0
0
0
0
0
0
0
-976.116729601748
0
0
0
0
0
0
0
0
0
0
0
0
0
0
0
0
0
0
0
0
0
0
0
0
0
0
0
0
0
0
0
0
0
0
0
0
0
0
0
0
0
0
0
0
0
0
0
0
0
0
0
0
-494.757920889757
0
0
0
0
0
0
0
0
0
0
0
0
0
0
0
0
0
0
0
0
0
0
0
0
0
0
0
0
0
0
0
0
0
0
0
0
0
0
0
0
0
0
0
0
0
0
0
0
0
0
0
0
0
0
0
0
0
0
0
0
0
0
0
0
0
0
0
0
0
0
0
0
0
0
0
0
0
0
0
0
0
0
0
0
0
0
0
0
0
0
0
0
0
0
0
0
0
0
0
0
0
0
0
0
0
0
0
0
-982.503098337951
-976.116729601748
-494.757920889757
0
0
0
0
0
0
0
0
0
0
0
0
0
0
0
0
0
343.609552908236
0
0
0
0
0
0
0
0
0
0
0
0
-1000
0
0
0
0
0.00360857098348788
0.429864481147888
-1000
0
0
0
0
0
0
0
0
0
0
0
0
0
0
0
0
0
0
0
0
0
0
0
0
0
0
0
0
0
0
0
0
0
0
0
0
0
0
0
0
0
0
0
0
0
0
0
0
0
0
0
0
0
0
0
0
0
0
0
0
0
0
0
0
0
0
0
0
0
0
0
0
0
0
0
0
0
0
0
0
0
0
0
0
0
0
0
0
0
0
0
0
0
0
0
0
0
0
0
0
0
0
0
0
0
0
0
0
0
0
0
0
0
0
0
0
0
0
0
0
0
0
0
0
0
0
0
0
0
0
0
0
0
0
0
0
0
0
0
0
0
0
0
0
0
0
0
0
0
0
0
0
0
0
0
1000
0
0
1000
965.485818469753
0
0
0
0
0
0
0
1000
0.00360857098348788
0
0
-1000
1000
0
0
0
0
0
999.949553223613
0
0
0
0
0
0
0
0
0
0
0
0
0
0
0
0
0
0
0
0
0
0
0
0
0
0
0
0
0
0
0
0
0
0
0
0
0
0
0
0
0.0549130367060447
0
0
0
0
0
0
0
0
0
0
0
0
0
0
0
0
0
0
0
0
0
0
0
0
0
0
0
0
0
0
0
0
0
0
0
0
0
0
0
0
0
0
0
0
0
0
0
0
0
0
0
0
0
0
0
0
0
0
0
0
0
0
0
0
0
0
0
0
0
0
0
0
0
0
0
0
0
0
0
0
0
0
0
0
0
0
0
0
0
0
0
0
0
0
0
0
0
0
0
0
0
0
0
0
0
0
0
0
0
0
0
0
0
0
0
0
0
0
0
0
0
0
0
0
0
0
0
0
0
0
0
0
0
0
0
0
-0.109826073412137
0
500
87.1635503270552
-429.60652436181
0
0
0
-0.975597213016613
0
0
465.235449870657
19.2805773323446
42.1435765831312
0.104596260392466
87.1635503270552
0
0
0
0
0
0
0
0
0
0
0
0
0
0
0
0
0
0
0
0
0
0
0
0
0
-1000
0
0
-1000
1000
-1000
0
1000
0
0
0
0
0
0
0
0
0
0
0
999.994602832964
0.00360857098354008
0
0
0
0
0
0
0
0
0
0
0
0
0
0
0
0
0
0
0
0
151.238259044199
0
0
-453.778231753387
-82.2696494152867
-3.60869480463919
-986.825242442598
-515.751192255188
-42.8128139643648
-33.5726452177913
-1000
-999.830266418448
-26.5252673395057
-4.60145098531552
-31.4020679803043
1000
-1000
0
0
0
0
0
-1000
-38.8036000799239
-1000
-28.837753810009
-995.807398363848
-986.408997266189
-1000
-1000
91.821053868616
526.879084872149
0
-163.995072756489
0
0
0
1000
0
0
999.818782620693
-1000
0
0
0
-10.8781017309088
0.366330969314504
0
1000
0.00360857098360157
0
0
0
0
0
0
0
0
0
-0.00360857098348788
-0.00360857098348788
0
0
0
0
0
0
0
0
0
0
0
0
0
1000
-1000
0
0
0
1000
0
665.360480824845
0
0
1000
-1000
136.875703371743
-0.00360857098348788
-0.00360857098348788
-0.994588407361789
644.646803953439
0
0
-0.00360857098348788
0
-0.00360857098348788
0
0
0
-0.00360857098348788
0
0
0
-0.00360857098348788
0
0
0
0
0
0
0
0
0
0
0
1000
0
0
0
0
0
-0.0108257129505773
0
0
0
0
0
0
-999.835640051326
994.917602334865
0
0
0
-697.443749383666
0
0
0
0
-0.00360857098348788
0
0
0
0
0
0
0
0
0
0
0
0
0
0
248.351699804184
-0.975597213016613
-30.1676098406199
-1000
-1000
0
0
0
0
29.6937277665568
0
0
0
2.23410290460083
1000
0
0
0
0
-3.9734986196944
0
0
0
0
1000
0
1000
0
0
347.158639645269
0
0
0
0
142.857142857143
0
0
-136.875703371743
0
136.875703371743
-1000
-936.361824835485
0
0
0
0
0
0
-1000
0
0
0
0
320.846231658282
-1000
1000
0
-201.58598999854
0
0
0
0
1000
-1000
-660.438094173252
-347.257478061948
0
0
-142.857142857143
0
0
0
0
0
0
0
0
1000
0
-0.668066492350476
-0.171842609744772
-46.5263865883841
0
-2.53467849373465
-12.9689150326119
-1.63250479257488
-9.23654027377893
-4.94047503016077
-0.171842609744772
0
0
0
0
-0.171842609744772
-1000
-0.171842609744772
-0.171842609744772
0
-1.2458589206492
0
-0.171842609744772
-64.3366026467062
-66.5460506236444
0
-4.0428895221097
0
0
0
-0.171842609744772
0
0
-0.171842609744772
-0.171842609744772
-0.171842609744772
-0.171842609744772
-4.98343568259702
331.806019347144
-10.7401631090453
-0.221726639322014
0
0
-1000
1000
0
0
-1000
1000
-0.00360857098348788
0
750
-750
0
0
0
-1000
0
0
0
0
0
0
0
0
0
0
0
0
0
0
0
0
0
0
0
-1000
1000
-1000
1000
1000
0
-1000
-1000
0
0
0
-0.171842609744772
-0.171842609744772
0
0
0
0
1000
0
-1000
999.835640051326
751.62304019893
0.0216514259012683
0
0
0
0
0
1000
-1000
0
0
0
0
0
0
0
0
0
0
0
0
0
0
0
0
0
0
0
0
0
0
0
0
0
0
0
0
0
0
0
0
0
0
0
0
0
0
0
0
0
0
0
0
0
0
0
0
0
0
0
0
0
0
0
0
0
0
0
0
0
0
0
0
0
0
0
0
0
0
0
-0.171842609744772
0
0
0
0
0
0
0
0
0
0
0
0
0
0
0
0
0
0
0
0
0
0
0
0
0
0
0
0
0
0
0
0
0
0
0
0
0
0
982.503098337951
0
0
0
0
0
0
0
0
0
0
0
0
0
0
0
0
0
0
0
0
0
0
0
0
0
0
0
0
0
0
0
0
0
0
0
0
0
0
0
0
0
0
0
0
0
0
976.116729601747
0
0
0
0
0
0
0
0
0
0
0
0
0
0
0
0
0
0
0
0
0
0
0
0
0
0
0
0
0
0
0
0
0
0
0
0
0
0
0
0
0
0
0
0
0
0
0
0
0
0
0
0
494.757920889757
0
0
0
0
0
0
0
0
0
0
0
0
0
0
0
0
0
0
0
0
0
0
0
0
0
0
0
0
0
0
0
0
0
0
0
0
0
0
0
0
0
0
0
0
0
0
0
0
0
0
0
0
0
0
0
0
0
0
0
0
0
0
0
0
0
0
0
0
0
0
0
0
0
0
0
0
0
0
0
0
0
0
0
0
0
0
0
0
0
0
0
0
0
0
0
0
0
0
0
0
0
0
0
0
0
0
0
0
0
0
0
0
0
0
0
0
0
0
-1000
0
1000
0
0
0
-0.429864481147888
0
0
0
0
0
0
0
0
0
0
0
0
0
0
0
0
0
0
999.949553223613
0
0
0
0
0
1000
0
-1000
0
-965.485818469753
-0.00360857098348788
0
0
0
0
0
0
0
0
-595.580188896397
0
0
0
0
0
0
0
0
0
0
0
0
0
0
0
0
0
0
0
0
0
0
0
0
0
0
0
0
0
0
0
0
0
0
0
0
0
0
0
0
0
0
0
0
0
0
0
0
0
0
0
0
0
0
0
0
0
0
0
0
0
0
0
0
0
0
0
0
0
0
0
-1000
1000
1000
0
-0.171842609744772
-0.171842609744772
-0.171842609744772
-0.171842609744772
0
-0.171842609744772
-0.34368521948943
0
-0.171842609744772
-0.171842609744772
-0.171842609744772
-0.171842609744772
0
-0.171842609744772
-0.171842609744772
-0.171842609744772
-0.171842609744772
-0.171842609744772
-0.171842609744772
-0.171842609744772
0
-0.171842609744772
-0.171842609744772
-0.171842609744772
0
-1000
87.1635503270552
0
1000
0
0
0
0
0
0
0
0
0
0
0
