0
0
0
0
0
0
0
251.397244255638
-253.787241576051
0
0
0
0
194.940646511065
876.999411039948
0
999.742875067822
-999.742875067822
999.940987720484
0
0.0590122795163551
0
-1000
0.370934328388557
0
1000
-208.292962424776
0
-441.056243401128
0.0125957957519914
0
0
0
0
0
0.032499036132526
0
0
0
35.4125985220024
0
0
0
0
0
0
0
0
0
0
0
0
0
0
0
0
0
0
0
0
0
0
0
0
441.056243401128
0
0
0
0
0
0
0
-1000
-1000
0
0
0
0
0
0
-272.431673156494
-727.568326843506
0
0
0
0
0
0
0
0
0
0
0
0
0
0
0
0
0
0
0
0
0
0
0
1000
0
0
0
0
0
0
0
0
0
0
0
0
0
0
0
0
0
0
0
0
0
0
0
1000
0
0
1000
0
0
0
0
1000
0
0
0
0
-14.7738850243943
0
0
0
0
1000
0
0
0.00900745859008688
1000
0
0
596.353305107544
1000
1000
403.63826456681
0
210.923224026076
0
-1000
403.63826456681
598.578911077876
1000
-805.059353488935
0
210.923224026076
1000
0
0
0.00900745859007657
0
0
1000
648.180633526684
0
0
0
0
0
-3.97004260439303
0
0
0
0
0
0
650.593795363587
-646.455146246291
-1000
0
0
0
1000
648.837270155016
0
0
0
650.593795363588
0
122.743464027874
0
0
0
-3.97425776721559
0
1000
0
0
0
0
0
0
0
0
0
0
0
349.406204636412
0
0
-1000
990.292105144688
0
0.465542284853503
0
0
0
0.473972610498697
8.76837995996016
0
-995.861350882703
0
0
0
-1000
0
0
0
0
0
0
0
0
0
0
0
0
-1000
0
-1000
1000
-1000
1000
0
-1000
999.603991773382
-1000
-9.77674542075647
-0.975783603469154
999.534457715146
0
8.0700665326799
-0.698313427280254
0
1000
-1000
1000
0
330.02427824284
1000
0
0.181252001371662
0
-0.181252001371718
0
0.00179939939314163
0
0
0
0
0
0
0
2.65709392422778
0
0
0
0
0
0
0
0
0
287.001911677519
0
1000
0
0
0
1000
0
-0.181252001371718
0
-0.698313427280254
0
0
0.698313427280254
0
0
0
0
8.0700665326799
0
0
-1000
0
0
0
193.331991115686
0.698313427280254
0
-1000
-0.975783603469154
0
8.07367579309062
0
0
0
0
0
0
0
0
0
0
0
712.998088322481
0
0
0
2.32771142426752
0
9.79905483474415
0
0
0
0
8.0700665326799
0
0
0
-523.120544550816
-1000
-999.995784837177
1000
1000
1000
0
-669.581512929935
-1000
-1000
1000
-1000
-1000
-0.396008226618278
1000
8.0700665326799
-1000
0
0
0
0
-1000
8.0700665326799
1000
1000
0
-1000
1000
0
0
-1000
0
0
0
0
0
0
0
0.975783603469195
-1000
-1000
1000
1000
1000
-1000
0.00843032564523583
-1000
-1000
1000
1000
-1000
1000
-1000
0
-1000
0
1000
-1000
-94.8708377908956
1000
-111.651587806469
-1000
1000
1000
0
0
0
1000
-1000
0
0
0
646.45514624629
0
0
0
632.626241198927
-692.678181253604
0
0
0
-29.699400832534
0
0
0
0
0
0
0
0.699717028551078
0
0
0
0.699717028551078
0
0
0
0.00360926041066199
0
922.621190723508
77.3788092764917
-1000
0
0
1000
0
0
0
0
0
0
0
0
0
0
0
0
0
0
0
0
0
0
0
0
0
1000
0
0
0
0
0
-1000
1000
0
0
0
0
0
0
0
0
0
0
0
-1000
-1000
0.105379070564936
0.105379070564936
0
0.698313427280254
0
0
0
0
0
0
0
0
0
0
0
0
0
0
0
-696.555277798654
0
0
0
0
0
0
0
0
0
0
0
0
0
0
0
0
0
0
0
0
0
0
0
0
0
0
0
0
0
0
0
0
0.164391350081275
0
0
57.5899004056047
1000
0
1000
0
1000
0
0
-1000
0
0
0
0
0
0
0
0
0
0
0
0
0
0
0
0
0
0
0
0
0
0
0
0
0
0
0
0.164391350081275
0
0
0
0
0
0
0
0
0
1000
0
0
0
0
0
0
0
0
0
0
0
0
0
0
0
0
0
0
0
0
0
0
0
0
0
0
0
0
0
0
0
0
0
0
0
0
0
0
0
0
0
0
0
0.010827781231986
0.010827781231986
0
0.010827781231986
0
0
0
0
0
0
0
0
0
0
0
0
0
0
0
0
0
0
0
0
0
-1000
0
0.0042151628225968
0
0
0
0
0.76294447089002
0.76294447089002
0
1000
0
0
0
0
0
0
0
0
0
0
0
0
0
0
0
0
0
0
0
0
0
0
0
0
0
1000
0
0
0
1000
0
0
-1000
0
0
0
0
2.19188466775033
0
0
2.19188466775033
0
0
0
0
0
0
0
0
0
2.19188466775033
0
2.19188466775033
0
0
0
13.0756137951117
37.2724791810836
23.8246059184954
17.4496625379605
25.8720329896161
8.51543531852472
19.9158815099922
36.4348953792615
33.5498845063187
10.60939482308
20.5673355780761
42.3910468588854
33.4568196394496
10.3302002224726
17.1239355039186
23.7315410516263
30.757938500245
24.8948518874903
4.56017847658701
31.0371331008524
0
0
0
0
0
0
0
0
0
0
0
0
0
0
0
0
0
0
0
0
0
0
0
0
0
0
0
0
0
0
0
0
0
0
0
0
0
0
0
0
0
0
0
0
0
0
0
0
0
0
0
0
0
0
0
0
0
0
0
0
0
0
0
0
0
0
0
0
0
0
0
0
0
0
0
0
0
0
0
0
0
0
0
0
0
0
0
0
0
0
0
-1000
0
0
0
0
0
0
0
-1000
-1000
0
0
0
0
362.803565415907
303.441112940936
0
-29.699400832534
-666.396424218457
-666.396424218457
-1000
0
-303.444722201346
0
58.0186218887782
638.418631350843
1000
666.253108682488
1000
0
-362.803565415907
696.558887059064
0
-1000
-1000
-1000
0
0
696.555277798654
0
696.555277798654
303.444722201346
0
0
0
0
0
0
0
0
0
0
0
0.00360926041071252
344.728692804516
1000
1000
0
0
0.00149644818717423
2.51262718062513
5
0
0
0
0
0.994778426132712
0
31.4246555319548
0
151.638035029726
0
0.172261402304912
0
5.72769162664019
-0.172261402304912
-0.172261402304912
0.172261402304912
0
425.9193178458
353.137300591905
0.172261402304912
-0.172261402304912
-0.172261402304912
0
0
-0.172261402304912
0
0
-1000
-0.344522804609937
-0.172261402304912
0
0
0
0
0
0
0
0
0
0
0
0
-31.4246555319548
0
0
0
0
0
0
0
0
0
0
-0.00360926041071252
0
0
0
0
0
0
0
-0.00718713594824294
0.00360926041071252
0
0
0
0
0
0
0
0
0
0
0
0
0
0
0
0
0
0
0
0
0
0
0
0
0
0
0
0
0
0
0
0
0
0
0
0
0
0
0
0
0
0
0
0
0
0
0
0.00718713594824294
0
0
0
0
0
0
0.00718713594824294
0
0
0
0
0
0
0
0
0
0
0
0
0
0
0
0
0
0
0
0
0
0
0
0
0
0
0
1000
0
0
0
0
0
0
0
0
0
0
0
0
0
0
0
0
0
0
0
0
0
0
0
0
0
0
0
0
0
0
0
0
0
0
0
0
0
0
0
0
0
0
0
0
0
0
0
0
0
0
0
0
0
0
0
0
0
0
0
0
0
0
0
0
0
0
0
0
0
0
0
0
0
0
0
0
0
0
0
0
0
0
0
0
0
0
0
0
0
0
0
0
0
0
0
0
0
0
0
0
0
0.172261402304969
151.982557834336
0.172261402304969
0
0.172261402304969
0
0
0
0
0
0
0
0.172261402304969
0
0
0
0
0
0
0
0
0
0
0
0
0
0
0
0
0
0
0
0
0
0
0
0
0
0
0
0
0
0
0
0
0
0
0
0
0
0
0
0
0
0
0
0
0
0
0
0
0
0
0
0
0
0
0
0
0
0
0
0
0
0
0
0
0
0
0
0
0
0
0
0
0
0
0
0
0
0
0
0
0
0
0
0
0
0
0
0
0
0
0
0
0
0
0
0
0
0
0
0
0
0
0
0
0
0
0
0
0
0
0
0
0
0
0
0
0
0
0
0
0
0
0
0
0
0
0
0
0
0
0
0
0
0
0
0
0
0
0
0
0
0
0
0
0
0
0
0
0
0
0
0
0
0
0
0
0
0
0
0
0
0
0
0
0
0
0
0
0
0
0
0
0
0
0
0
0
0
0
0
0
0
0
0
0
0
0
0
0
0
0
-1000
0
0
0
0
0
0
0
0
0
0
0
0
0
0
0
0
0
0
0
0
0
0
0
0
0
0
0
0
0
0
0
0
0
0
0
0
0
0
0
0
0
0
0
0
0
0
0
0
0
0
0
0
0
0
0
0
0
0
0
0
0
0
0
0
0
0
0
0
0
0
0
0
0
0
0
0
0
0
0
0
0
0
0
0
0
0
0
0
0
0
0
0
1000
1000
0
0
0
0
0
0
0
0
0
0
0
0
0
0
0
0
0
0
-1000
0
-1000
0
0
0
0
0
0
0
1000
1000
0
0
0
0
0
0
0
0
0
0
0
0
0
0
0
0
0
0
0
0
0
0
0.0216555624639732
0
0
0
0
0
0
0
0
0
0
0
0
0
0
0
0
0
0
0
0
0
0
0
0
0
0
0
0
0
0
0
0
0
0
0
0
0
0
0
0
0
0
0
0
0
0
0
0
0
0
0
0
0
0
0
0
0
0
0
0
-1000
46.5219700665784
-31.4029999694908
0
0.172261402304912
0
1000
0
151.810296432031
0
0
841.945227734414
0
343.705988815708
0
0
0
0
0.172261402304912
0
-999.827738597695
1000
0
0
0
0
0
0
0
0
0
0
0
0
0
-1000
0
0
0
0
0.00360926041071252
0
0
0
0
0
0
-0.00718713594824294
-0.00360926041071252
0
0
0
0
0
31.4246555319548
1000
-1000
0
0
0
204.87527418906
1000
-0.0216555624639341
0
0
0.172261402304912
-0.172261402304912
0
0
158.054772265586
-158.054772265586
1000
0
-151.810296432031
-151.810296432031
0
0
-1000
0
-158.054772265586
-841.945227734414
-1000
0
-656.294011184292
-343.705988815708
-1000
0
0
0
0
0
-1000
0
-0.172261402304912
0
0
0
-999.827738597695
999.827738597695
-1000
0
0
0
-1000
0
0
0
-861.147629810888
0
0
0
0
0
0
0
0
0
0
0
0
0
0
0
0
0
0
0
-1000
1000
-1000
0
-1000
0
-1000
0
-1000
0
0
0
0
0
0
0
0
0
-1000
0
1000
0
-1000
0
1000
0
-1000
0
-1000
0
0
0
0
0
0
0
0
0
251.397244255638
-251.397244255638
31.4246555319548
-31.4246555319548
-31.4246555319548
31.4246555319548
0
0
0
0
0
0
0
0
0
0
0
0
0
0
0
0
0
0
0
0
0
0
0
0
0
0
0
0
0
0
0
0
0
0
0
0
0
0
0
0
0
0
0
0
0
0
0
0
-0.00360926041071252
0
0
0
0
0
0
0
0
0
-0.00718713594824294
0.00718713594824294
0.00360926041071252
0
0
0
0
0
0
0
0
0
0
0
0
0
0
0
0
0
0
0
0
0
0
0
0
0
0
0
0
0
0
0
0
0.00360926041066199
0
0
0
0
0
0
0
0
11.0289164222914
0
0
0
0
0
0
0
0
0
0
0
0
0
0
0
0
0
0
0
0
0
0
0
0
0
0
0
0
0
0
0
0
0
0
0
0
0
0
0
0
0
0
0
0
0
0
0
0
0
0
158.054772265586
158.054772265586
158.054772265586
0
0
0
0
151.638035029726
151.638035029726
0
0
0
0
0
0
0
0
0
0
0
0
0
0
0
0
0
0
0
0
0
0
0
0
0
0
0
0
0
0
0
0
0
0
0
0
0
0
0
0
0
0
0
0
0
0
0
0
0
0
0
0
0
0
0
0
0
0
0
0
0
0
0
0
0
0
0
0
0
0
0
0
0
0
0
0
0
0
0
0
0
0
0
0
151.810296432031
151.810296432031
151.810296432031
151.810296432031
-151.810296432031
0
0
0
0
0
0
0
0
0
0
0
0
0
0
0
0
0
0
0
0
0
0
0
0
0
0
0
0
0
0
0
0
0
0
0
0
0
0
0
0
0
0
0
0
0
0
0
0
0
0
0
0
0
0
0
0
0
0
0
0
0
0
0
0
0
0
0
0
0
0
0
0
0
0
0
0
0.00360926041066199
0.00360926041066199
0.00360926041066199
0.00360926041066199
0.00360926041066199
0
0
0
0
0
0
0
0
0
0
0
0
0
0
0
0
0
0
0
0
0
0
0
0
0
0
0
0
0
0
0
0
0
0
0
0
0
0
0
0
0
0
0
0
0
14.7738850243943
14.7738850243943
-14.7738850243943
4.9162067338399
-2.45629873671464
2.45629873671462
2.45629873671462
2.45629873671462
2.45629873671462
2.45629873671462
2.45629873671462
2.45629873671462
2.45629873671462
2.45629873671462
2.45629873671462
0
2.45629873671462
2.45629873671464
2.45629873671462
2.45629873671462
2.45629873671462
2.45629873671462
2.45629873671462
2.45629873671462
0
0
0
2.45629873671462
2.45629873671462
0
2.44910113914205
0
0
0
0
0
0
0
0
0
0
0
0
0
0
0
0
14.7738850243943
14.7738850243943
4.9162067338399
4.9162067338399
0
0
0
0
0
0
0
0
0
0
0
0
0
0
0
0
0
0
0
0
0
0
0
0
0
0
0
0
0
0
0
0
0
0
0
0
0
0
0
0
0
0
0
0
0
0
0
0
0
0
0
0
0
0
0
0
0
0
0
0
0
0
0
0
0
0
0
0
0
0
0
0
0
0
0
0
0
0
0
0
0
0
0
0
0
0
0
0
0
0
0
0
0
0
0
0
0
0
0
0
0
0
0
0
0
0
0
0
0
0
0
0
0
0
0
0
0
0
0
0.00718713594818778
0
0
0
0
0
0
0
0
0
0
0
0
0
0
0
0
0
0
0
0
0
0
0
0
0
0
0
0
0
0
0
0
0
0
0
0
0
0
0
0
0
0
0
0
0
0
0
0
0
0
0
0
0
0
0
0
0
0.00718713594818778
0
0
0
0
0
0
0
0
0
0
0
0
0
0
1.18212519550715
406.422336710111
406.422336710111
0
24.2563920286869
24.2563920286869
0
-430.678728738798
0
24.2563920286869
0
405.240211514604
0
0
1000
0
24.2563920286869
0
24.2563920286869
24.2563920286869
0
0
0
0
0
0
0
0
0
0
0
0
0
0
0
0
0
0
0
0
0
0
0
0
0
0
0
0
0
0
0
0
0
0
0
0
0
0
430.678728738798
0
0
0
0
0
0
0
0
0
0
0
0
0
0
0
0
0
0
0
0
0
0
0
0
0
0
0
0
0
0
0
0
0
0
0
0
0
0
0
0
0
0
0
0
0
0
0
0
0
0
0
0
0
0
0
0
0
0
0
0
0
0
0
0
0
0
0
0
0
0
0
0
0
0
0
0
0
0
0
0.00360926041066199
0
0
0
0
0
0
0
1.5562398577068
0
0
0
0.975783603469195
0.975783603469195
0.975783603469195
0
0
0
9.69805482578376
0
0
1.33447085691835
0
0
9.69805482578376
0.00360926041066199
0
0
0
0
-1.3344708569183
1.33447085691835
0
0
0
0
0.366400957824401
0
10.8801800212909
0
0
0
0.24338271675491
0
0.221769000788453
0
10.8801800212909
10.8801800212909
0
0
0
0
0
0
0
0
0
0
0
0
0
0
-11.0289164222914
0
0
0
0
0
0
0
0
0
0
0
0
0
0
0
0
0
0
0
0
0
0
0
0
0
0
0
0
0
0
0
0
0
0
0
0
0
0
0
0
0
0
0
0
0
0
0
0
0
0
0
0
0
0
0
0
0
0
0
0
0
0
0
0
0
0
0
0
0
0
0
0
0
0
0
0
0
0
0
0
0
0
0
0
0
0
0
0
0
0
0
0
0
0
0
0
0
0
0
0
0
0
0
0
0
0
0
0
0
0
0
0
0.00718713594818778
0.00718713594818778
0
0.00718713594818778
-0.00718713594824294
0
0
0
0
0
0
0
0
0
0
0
0
0
0
0
0
0
0
0
0
0
0
0
0
0
0
0
0
0
0
0
0
0
0
0
0
0
0
0
0
0
0
0
0
0
0
0
0
0
0
0
0
0
0
0
0
0
0
0
0
0
0
0
0
0
0
0
0
0
0
0
0
0
0
0
0
0
0
0
0
0
0
0
0
0
0
0
0
0
0
0
0
0
0
0
0
0
0
0
0
0
0
0
0
0
0
0
0
0
0
0
0
0
0
0
0
0
0
0
0
0
0
0
0
0
0
0
0
0
0
0
0
0
0
0
0
0
0
0
0
0
0
0
0
0
0
0
0
0
0
0
0
0
0
0
0
0
0
0
0
0
0
0
0
0
0
0
0
0
0
0
0
0
0
0
0
0
0
0
0
0
0
0
0
0
0
0
0
0
0
0
0
0
0
0
0
0
0
0
0
0
0
0
0
0
0
0
0
0
0
0
0
0
0
0
0
0
0
0
0
0
0
0
0
0
0
0
0
0
0
0
0
0
0
0
0
0
0
0
0
0
0
0
0
0
0
0
0
0
0
0
0
0
0
0
0
0
0
0
0
0
0
0
0
0
0
0
0
0
0
0
0
0
0
0
0
0
0
0
0
0
0
0
0
0
0
0
0
134.615419622749
0
134.615419622749
0
0
0
0
0
0
0
0
0
0
0
0
0
0
0
0
0
0
0
0
0
0
0
0
0
0
0
0
1000
0
0
0
0
0
0
0
0
0
0
0
0
0
0
0
0
0
0
0
0
0
0
0
0
0
0
0
0
0
0
0
0
0
0
0
0
0
0
0
0
0
0
0
0
0
0
0
0
0
0
0
0
0
0
0
0
0
0
0
0
0
0
0
0
0
0
0
0
0
0
0
0
0
0
0
9.43131177619705
0.164391350081275
0.164391350081275
0
0
0
0
0.164391350081246
0.164391350081275
0
0
0
0
0
0
0.0252909769355808
0
0
0
0
0
0
0
0
0
0
0
0
0
0
0
0
0
0
0
0
0
0
0
0
0
0
0
0
0
0
0
0
0
0
0
0
0
0
0
0
0
0
0
0
0
0
0
0
0
0
0
0
0
0
0
0
0
0
0
0
0
347.843545426963
347.843545426963
0
0
0
0
0
0
0
0
0
0
0
0
0
0
0
0
0
0
0
0
0
0
0
0
0
0
0
0
0
0
0
0
0
0
0
0
0
0
0
0
0
0
0
0
0
0
0
0
1000
-1000
887.46228139329
0
0
0
-1000
-1000
1000
0
1000
0
0
-1000
886.76396796601
0
0
0
0
0
0
0
0
0
0
0
0
0
0
0
0
0
0
0
0
0
0
0
0
0
0
0
0
0
0
0
0
0
0
0
0
0
0
0
0
1000
0
0
0
0
0
0
0
0
0
0
0
0
0
0
0
0
0
-999.996390739589
-1000
1000
-1000
1000
999.996390739589
-1000
0
0
0
0
0
0
0.00360926041071252
0
0
0
0
0
0
0
0
0
0
0
0
0
0
0
0
0
0
0
0
0
0.0144056567695118
0
0.00360926041066199
0.021613715966457
1000
0.00179939939314163
0.00179939939314163
0.00360926041071252
0
0.0126062573763701
0.00179939939314163
0.02702237577025
-0.00179939939312135
0.00179939939314163
0.00179939939314163
0.00179939939314163
0.00179939939314163
0.00179939939314163
-0.00179939939312135
-0.0035987987862427
0.00179939939314163
0.00179939939314163
0.00179939939312135
0.00179939939314163
0.0450477545748527
-0.00540865980383387
-0.046847153967974
0.00360926041071252
0.00179939939314163
0.00179939939314163
0.00360926041066199
0.00360926041066199
-0.00360926041071252
-0.00360926041071252
0.00360926041071252
0.00360926041071252
0.00179939939314163
0.00179939939314163
0.00179939939314163
0.00179939939314163
-0.00540865980383387
-999.974777023623
0
0
0
0
0
0
-942.410099594395
0
0
0
0.00360926041066199
0
0
0
0
0.001804630205331
0.00360926041071252
0.00360926041071252
0
0
0.00360926041066199
0.00360926041066199
0
0
0
0
0.00719759757256652
0.00179939939314163
0.00539819817942489
0.00179939939314163
-0.00179939939312135
0.00179939939314163
0.00179939939314163
0.00179939939314163
0.00179939939314163
0.00179939939314163
0.00179939939314163
0.00359879878628326
0.00179939939314163
0.00179939939314163
0.00179939939314163
0.00179939939314163
0.00179939939314163
0
0.00179939939314163
0.00360926041066199
0.00360926041066199
0.00360926041066199
0.00360926041066199
0.00360926041066199
0.00360926041066199
0.00360926041066199
0.00360926041066199
0.00360926041066199
0.00360926041066199
0.00360926041066199
0.00360926041066199
0.00360926041066199
0.00360926041066199
0
0
0
0
0
0
0
0
0
0
0
0
-0.00360926041071252
0.00360926041066199
0.00360926041066199
0
0
0
0
0
0
0
0
0
0
0
0
0
0
0
0
0
0
0
0
0
0
0
0
0
0
0
0
0
0
0
0
0
0
0
0
0
0
0
0
0
0
0
0
0
0
0
0
0
0
0
0
0
0
0
0
0
0
0
0
0
1000
125.698622127819
0
0
0
0
0
0.00360926041066199
0
0
0
0
0
0
0
0
0
0
0
0
0
0
0
0
0
0
0
0
0
0
0
0
0
999.912043021234
0
-0.994778426132712
0
-31.4246555319548
0
-151.638035029726
0
0
0
0.172261402304969
0
0
0
0
0
0
0
0
0
0.172261402304969
0
0
330.314239566543
0
0
0
0
0.344522804609937
0
0
0
0.172261402304969
0
64.5118951632107
0
0
0
10.7663376440605
0
66.5359666402941
0
0.172261402304969
0
0.516784206914906
0
0
0
0.172261402304969
0
0.172261402304969
0
0.172261402304969
0
0.172261402304969
0
0.172261402304969
0
0.172261402304969
0
0.172261402304969
0
0.172261402304969
0
0.172261402304969
0
0.172261402304969
0
0.172261402304969
0
0.172261402304969
0
31.5969169342598
0
0.172261402304969
0
0.172261402304969
0
0.172261402304969
0
3.61748944840434
0
1.07663376440605
0
4.95251531626784
0
4.99558066684409
0
2.54085568399829
0
0.172261402304969
0
0.172261402304969
0
11.975776720606
0
0.172261402304969
0
0.172261402304969
0
0.172261402304969
0
0.172261402304969
0
82.4701463535037
0
1.24889516671102
0
9.25905037389206
0
46.6469618100184
0
0.599305647656728
0
0.172261402304969
0
0.172261402304969
0
1.6364833218972
0
0.172261402304969
0
0.172261402304969
0
0.172261402304969
0
0
-1000
0
0
405.240211514604
0
0
0
0
0
0
-1000
0
-272.431673156494
0
0
-650.593795363587
1000
1000
0
346.509074570044
287.001911677519
-1000
-1000
0
0
1000
0
0
0
0
0
-346.265359880841
1000
-10.8801800212909
0
0
0
-287.001911677519
0.164391350081246
-0.00360926041071252
0
0
0
0
-0.975783603469154
0
712.998088322481
0
0
0
0
-727.555731047755
-3.92419889456175
287.001911677519
-661.90565522448
995.861350882703
-1000
0
1000
1000
0
-1000
0
0
1000
847.006400970877
-1000
1000
0
1000
0
0
958.220529209692
1000
1000
1000
0
0
0
0
0
0
0
0
0
0
0
0
0
0
1000
0
0
0
0
0
0
0
223.895798543101
0
0
0
0
1000
0
0
0
0
0
0
433.500651943827
0
0
-1000
-1000
-1000
-1000
1000
-1000
1000
-1000
-1000
-1000
-1000
-1000
1000
-34.5207755567868
-1000
-1000
-38.1112965827804
-1000
-1000
1000
1000
-1000
-1000
1000
-1000
1000
1000
1000
1000
1000
10.4861612469086
1000
-1000
-1000
-1000
-1000
-1000
-1000
989.628596638933
-1000
-1000
-30.1317108647672
-1000
-1000
-1000
-986.693158152057
-1000
-302.824561870703
-1000
-53.3300351580174
-1000
-1000
-1000
1000
-1000
-1000
-1000
-1000
-1000
-1000
-1000
-1000
-1000
-1000
-1000
-1000
-1000
-1000
174.353799796378
-169.587078341484
-1000
-1000
-1000
1000
1000
-1000
26.5303350626577
-1000
-1000
-1000
-1000
-973.469664937342
1000
-1000
-1000
1000
-1000
1000
-1000
-1000
1000
1000
-1000
-964.170209333814
1000
1000
1000
1000
-1000
-1000
-1000
-1000
914.350231392465
-1000
1000
1000
-1000
-1000
-1000
1000
1000
1000
1000
1000
1000
1000
-1000
1000
51.1289930507482
-878.331572631381
-922.621190723508
-10.7105587308223
-1000
-1000
1000
0
1000
1000
0
0
0
0
0
0
0
0
0
0
0
0
0
0
0
0
0
0
0
0
0
0
0
0
0
0
0
0
0
0
0
0
0
0
0
0
0
0
0
0
0
0
0
0
0
0
0
0
0
0
0
0
0
0
0
0
0
0
0
0
0
0
0
0
0
0
0
0
0
0
0
0
0
0
0
0
0
0
0
0
0
0
0
0
0
0
0
0
0
0
0
0
0
0
0
0
0
0
0
0
0
0
0
0
0
0
0
0
0
0
0
0
0
0
0
0
0
0
0
0
0
0
0
0
0
0
0
0
0
0
0
0
0
0
0
0
0
0
0
0
0
0
0
0
0
0
0
0
0
0
0
0
0
0
0
0
0
0
0
0
0
0
0
0
0
0
0
0
0
0
0
0
0
0
0
0
0
0
0
0
0
0
0
0
0
0
0
0
0
0
0
0
0
0
0
0
0
0
0
0
0
0
0
0
0
0
0
0
0
0
0
0
0
0
0
0
0
0
0
0
0
0
0
0
0
0
0
0
0
0
0
0
0
0
0
0
0
0
0
0
0
0
0
0
0
0
0
0
0
0
0
0
0
0
0
0
0
0
0
0
0
0
0
0
0
0
0
0
0
0
0
0
0
0
0
0
0
0
0
0
0
0
0
0
0
0
0
0
0
0
0
854.443739270547
0
0
0
0
0
0
0
0
0
0
0
0
0
0
0
0
0
0
0
0
0
0
0
0
0
0
0
0
0
0
0
0
0
-1000
997.610002679588
997.543701263285
1000
1000
1000
-1000
1000
-1000
-1000
0.0663014163022808
-1000
1000
1000
1000
1000
-1000
-1000
1000
-1000
1000
1000
-1000
-1000
-0.0879569787662149
-1000
-1000
-999.912043021234
1000
-1000
-1000
-1000
-1000
-2.38999732041236
-1000
1000
1000
-1000
-1000
-1000
-1000
1000
-1000
-1000
-1000
1000
-1000
999.933698583698
-1000
-1000
-1000
-1000
-1000
-1000
-999.933698583698
0
0
0
0
0
0
0
0
0
0
0
0
0
0
0
0
0
0
-1000
-1000
0
0
0
0
0
1000
0
0
0
0
0
0
0
0
0
0
0
-0.00360926041071252
0.00360926041066199
0
0
-0.00360926041071252
-0.00360926041071252
0
0
0
288.654547553185
0
0
0
0
0
0
0
0
0
0
0
0
0
0
0
0
0
0
0
0
0
0
0
0.00360926041066199
0
0
-170.815104658363
999.989172218768
-886.76396796601
-1000
-1000
0
0
0
0
-0.00360926041071252
0.366400957824453
0
0
0
0
0
0
0
0
0
0
0
0
0
0
0
0
0
0
0
0
0.00360926041066199
0
0
0
0
999.99639073959
0
0
0
0
0
0
-1000
0
854.972643607986
0
0
0
0
0
0
0
0
0
0
0
0
0
0
0
0
0
0
0
0
0
0
0
0
0
0
0
0
0
0
0
0
0
0
0
0.00360926041066199
0
0
0
0
0
1000
0
-1000
0
-151.638035029726
0
1.95156720693839
0
0
0
0
1000
0
-1000
0
0
0
0
0
0
0
0
0
0
0
0.00360926041071252
-1000
-58.1366464478108
-850.313532177212
1000
0
0
0
0
1000
0
0
0
0
0
8.07367579309062
0
0
1000
0
0
0
0
922.621190723508
0
0
0
0
0
-1000
0
-1000
1000
0
0
0
0
0
30.158853580197
0
0
0
0
0
-1000
1000
0
0
1000
922.621190723508
0
0
0
0
0
60.0447215338552
982.665912257364
0
1000
0
997.659643087265
0
0
0
0
0
0
0
0
0
0
0.975783603469195
0
0.00360926041066199
-0.00360926041071252
0.00360926041066199
0.00360926041066199
0
0
0.00360926041071252
860.536274642908
0
-8.0700665326799
0.975783603469154
0
0
-0.0108277812320239
-1000
-989.193568327967
-1000
991.92993346732
-1000
1000
0
0
-1000
0.396008226618278
-1000
-1000
0
0
0
0
0
0
0
0
0
0
0
0
0
0
0
0
0
0
0
0
0
0
0
0
0
999.603991773382
0
0
0
0
0
0.00179939939314163
0
0
0
0
0
0
0
0
0.00360926041066199
0
0
0
0
0
0
0
0
0
0
-251.397244255638
0
0
0
0
0
0
31.4246555319548
0
0
0
0
0
0
0
0
0
251.397244255638
0
0
0
0
0
0
0
0
0
0
0
0
0
0
0
0
0
0
0
0
0
0
0
0
0
0
2.32771142426748
0
0
0
0
0
0
0
0
0
0
0
0
0
0
0
0
0
0
0
0
0
0
0
0
0
0
0
0
0
0
0
0
0
0
0
0
0
0
0
0
0
0
0
0
0
0
0
0
0
0
0
0
0
0
0
0
0
0
0
0
0
0
0
0
0
0
0
0
0
0
0
0
0
0
0
0
0
0
0
0
0
0
0
0
0
0
0
0
0
0
0
0
0
0
0
0
0
0
0
0
0
0
0
0
0
0
0
0
0
0
0
-999.987404204248
0
0.00179939939312135
0
0.0341781268452905
0
0
-0.0125957957519631
0
1000
0.0162050561626756
0
0
0
0
0
0
0
0
0
0
0
0
-0.00718713594824294
0
0
0
0
0.00360926041066199
0.00360926041066199
0.00360926041066199
-170.815104658363
-1000
0
204.87527418906
-1000
0
0
0
0
0
-861.147629810888
1000
0
0
0
0
0
0
0
0
0
0
-1000
0
1000
0
-1000
-1000
-1000
-999.827738597695
-1000
1000
0
0
0
0
0
0
0
0
0
0
-1000
0
1000
0.395327349231591
0.00360926041066199
0.00360926041066199
0.00360926041066199
0.00360926041066199
0.00360926041066199
0
0
0
0
1000
0
0.172261402304969
0
0
0
0
0
0
0
0
0
-1000
0
0
0
0
0
0
1000
-1000
0
1000
0
0
-1000
0
0
0
0
0
0
0
0
0
0
31.4246555319548
0
0
0
0
31.4246555319548
0
0
0
0
0
0
0
0
0
0
31.4246555319548
0
0
0
0
0
0
0
0
0
0
0
31.4246555319548
0
0
0
0
0
0
0
0
0
-1000
0
0
0
0
0
0
0
0
0
-1000
0
0
0
0
0
0
0
0
1000
-1000
-1000
-1000
-1000
1000
0
0.021613715966457
0
0
0
0
-566.318096054801
-1000
-1000
0
0
0
0
0
999.978344437536
4.04366192694814
0
0
0
0
0
0.580456254237604
0.580456254237604
-17.3304784822258
-999.985604804855
0
0
0
0
0
0
0
0
-1000
0
0
0
0
0
0
0
1000
0.00360926041066199
0
0
0
0
0
0
0
0
-886.771186486831
1000
0
0
1000
0
0
0
1000
0
0.00539819817942489
0
0
-841.945227734414
0
0
0
0
0
-1000
-1000
9.43131177619705
0
0
0
-151.810296432031
0
1000
0
0
0
0
0
0
0
-750
0
0
0
0
-1000
-1000
0
0
392.970849321749
0
0
0
0
0
0
0
0
0
0
0
0
0
0
989.589576554585
0
997.659643087265
0
0
0
0
0
0
0
0
0
0
1000
0.143315535968327
0
-1000
0.143315535968327
-1000
-1000
999.856684464032
0
0
0
0
0
0
0
-1000
0
0
-1000
0.00179939939314163
0.00179939939314163
0
-134.615419622749
-134.615419622749
343.705988815708
0
0
0
0
0
0
0
0
0
0
0
0
0
0
0
0
0
0
0
0
0
0
0
0
0
0.00360926041071252
0
0
0
0
0
0
0
0
0
0
0
0
0
0
0
0
0
0
0
0
0
0
0
0
0
0
0
0
0
0
0
0
0
0
0
0
0
0
0
0
0
0
0
0
0
-1000
0
-1000
0
0
0
0
0
0
-1000
0
0
0
0
0
0
0
0
0
0
0
841.945227734414
0
0
0
0
0
0
0
0
0
0
0
0
0
0
0
0
0
0
0
0
0
0
0
0
0
0
0
0
0
0
0
0
0
0
0
0
0
0
0
0
0
0
0
0
0
0
0
0
0
0
0
0
0
0
0
0
0
0
151.638035029726
0
0
0
0
0
0
0
0
0
0
0
0
0
0
0
0
0
0
0
0
0
0
0
0
0
0
0
0
0
0
0
0
0
0
0
0
0
0
0
0
0
0
0
0
0
0
0
0
0
0
0
0
0
0
0
0
0
0
0
0
0
0
0
0
0
0
0
0
0
0
0
0
0
0
0
0
0
0
0
0
0
0
0
0
0
0
0
0
0
0
0
0
0
0
0
0
0
0
0
0
0
0
0
0
0
0
0
0
0
0
0
0
0
0
0
0
0
0
0
0
0
0
0
0
0
0
0
0
0
0
0
0
0
0
0
0
0
0
0
0
0
0
0
-1000
0
0
0
0
0
0
0
0
0
0
0
0
0
0
0
0
0
0
0
0
0
0
403.641074675359
0
0
0
0
-96.3617354331897
0
1000
-1000
0.164391350081246
0
-854.972643607986
0
0
-1000
0
0
0
0
0
0
0
0
0
0
0
0
0
0
0
0
0
0
0
0
0
0
0
-0.994778426132712
0
0.00718713594824294
0
0
0
0
0
0
0
0
0
0
0
0
0
0
0
0
0
0
0
0
0
0
0
0
0
0
0
0
0
0
0
0
0
0
0
0
0
0
0
0
0
0
0
0
0
0
0
0
0
0
0
0
0
0
0
0
0
0
0
0
0
0
0
0
0
0
0
0
0
0
0
0
0
0
0
0
0
0
0
0
0
0
0
0
0
0
0
0
0
0
0
0
0
0
0
0
0
0
0
0
0
0
0
0
0
0
0
0
0
0
0
0
0
0
0
0
0
0
0
0
0
0
0
0
0
0
0
0
0
0
0
0
0
0
0
0
0
0
0
0
0
0
0
0
0
0
0
0
0
0
0
0
0
0
0
0
0
0
0
0
0
0
0
0
0
0
0
0
0
0
0
0
0
0
0
0
0
0
0
0
0
0
0
0
0
0
0
0
0
0
0
0
0
0
0
0
0
0
0
0
0
0
0
0
0
0
0
0
0
0
0
0
0
0
0
0
0
0
0
0
0
0
0
0
0
0
0
0
0
0
0
0
0
0
0
0
0
0
0
0
0
0
0
0
0
0
0
0
0
0
0
0
0
0
0
0
0
0
0
0
0
0
0
0
0
343.705988815708
0
0
0
0
0
0
0
0
0
0
0
-1000
0
0
0
0
0.00360926041071252
-982.239574909869
-17.3304784822258
0
0
0
0
0
0
0
0
0
0
0
0
0
0
0
0
0
0
0
0
0
0
0
0
0
0
0
0
0
0
0
0
0
0
0
0
0
0
0
0
0
0
0
0
0
0
0
0
0
0
0
0
0
0
0
0
0
0
0
0
0
0
0
0
0
0
0
0
0
0
0
0
0
0
0
0
0
0
0
0
0
0
0
0
0
0
0
0
0
0
0
0
0
0
0
0
0
0
0
0
0
0
0
0
0
0
0
0
0
0
0
0
0
0
0
0
0
0
0
0
0
0
0
0
0
0
0
0
0
0
0
0
0
0
0
0
0
0
0
0
0
0
0
0
0
0
0
0
0
0
0
0
0
0
1000
0
0
0
-1000
1000
0
0
0
0
0
0.00718713594818778
0
1000
0.00360926041071252
0
0
-1000
0
0
1000
0
0
0
0
0
-0.0504564143785728
0
0
0
0
0
0
0
0
0
0
0
0
0
0
0
0
0
0
0
0
0
0
0
0
0
0
0
0
0
0
0
0
0
0
0
0
0
0
0
0
0
0
0
0
0
0
0
0
0
0
0
0
0
0
0
0
0
0
0
0
0
0
0
0
0
0
0
0
0
0
0
0
0
0
0
0
0
0
0
0
0
0
0
0
0
0
0
0
0
0
0
0
0
0
0
0
0
0
0
0
0
0
0
0
0
0
0
0
0
0
0
0
0
0
0
0
0
0
0
0
0
0
0
0
0
0
0
0
0
0
0
0
0
0
0
0
0
0
0
0
0
0
0
0
0
0
0
0
0
0
0
0
0
0
0
0
0
0
0
0
0
0
0
0
0
0
0
0
0
0
0
0
0
0
0
0
0
0
0
0
0
0
0
0
500
87.1802031560867
-430.653505762421
0
0
-0.975783603469154
0
0
0
465.324334345613
19.2842609381264
42.1516282259679
0.104616243787304
87.1802031560867
0
0
0
0
0
0
0
0
0
0
0
0
0
0
0
0
0
0
0
0
0
0
0
0
0
627.156868578538
-1000
0
-711.345452446815
-288.654547553185
-60.0519400546766
-1000
0
17.3304784822258
0
0
0
125.698622127819
-31.4246555319548
0
0
0
-0.00360926041071252
0.00360926041071252
-0.00539819817947773
0.00360926041066199
0
0
0
0
0
0
0
0
0
0
0
0.0216555624639341
0
0
0.994778426132712
0
31.4246555319548
0
151.638035029726
0
0
-727.555731047755
-82.4701463535037
-3.61748944840429
0
-10.7105587308223
-20.997282185981
-42.8209934667902
-33.5790593613049
-10.4861612469086
-1000
-26.5303350626579
-4.60233010481295
-31.4080674292409
293.57643869979
-1000
0
0
0
0
-1000
-38.1112965827804
-17.5002444918317
-30.0169529789259
-13.3068418479427
990.700544396472
-23.8878333608343
965.479224443213
975.969182387969
-439.433665511433
0
0
-351.162729844984
-288.654547553185
0
1000
0
0
999.818747998628
-1000
0
0
0
-10.8801800212909
0.366400957824453
0
1000
-77.3788092764917
0
0
0
0
0
0
0
0
0
0
0
0
0
0
-0.00360926041071252
-0.00360926041071252
0
0
0
0
0
0
0
0
0
0
0
0
0
0
0
0
0
0
997.610002679588
0
0
-272.431673156494
-1000
0
-0.00360926041071252
-0.00360926041071252
0
113.23603203399
0
0
-0.00360926041071252
0
-0.00360926041071252
-648.837270155016
0
0
-0.00360926041071252
0
0
0
-0.00360926041071252
0
0
0
0
0
0
0
0
0
0
0
-1000
0
0
0
0
0
999.989172218768
0
0
0
0
0
0
0
0
-654.517994258149
0
0
0
-1000
0
1000
0
0
-0.00360926041071252
0
0
0
0
-1000
0
0
0
0
0
0
0
0
0
999.99639073959
-0.975783603469154
0
-1000
-1000
0
0
0
0
712.998088322481
0
0
2.45629873671464
0
0
0
0
0
0
995.861350882703
0
0
0
0
0.164391350081246
1000
1000
648.837270155016
0
346.509074570044
-349.406204636413
0
0
0
0
0
0
0
0
0
0
-942.410099594395
0
0
0
0
0
0
0
0
0
0
0
0
0
-113.228813513169
-287.001911677519
287.001911677519
0
0
0
0
0
0
287.001911677519
-1000
-661.90565522448
-346.265359880841
0
0
0
0
0
0
0
0
0
0
0
1000
0
0
-0.599305647656706
-0.172261402304912
-46.6469618100184
0
-2.5408556839983
-11.9757767206059
-1.63648332189723
-9.25905037389202
-4.95251531626786
-0.172261402304912
0
0
330.314239566543
0
-0.172261402304912
-1000
-0.344522804609937
-31.5969169342598
0
-1.24889516671101
0
-0.172261402304912
-64.5118951632107
-66.5359666402941
0
-4.04366192694818
0
0
-0.172261402304912
-1.0766337644061
0
-0.172261402304912
-0.172261402304912
-0.172261402304912
-0.172261402304912
-4.99558066684403
0
-10.7663376440605
0
0
0
0
0
0
0
-1000
1000
-0.00360926041071252
0
750
-750
0
0
0
-1000
0
0
0
0
0
0
0
0
0
0
0
0
0
0
0
0
0
0
0
1000
-1000
0
-1000
-1000
0
0
0
-0.172261402304912
-0.172261402304912
0
0
0
0
1000
0
-0.164391350081246
1000
-1000
0
0
0
-0.994778426132712
0
0
0
0
0
0
0
0
0
0
0
0
0
0
0
0
0
0
0
0
0
0
0
0
0
0
0
0
0
0
0
0
0
0
0
0
0
0
0
0
0
0
0
0
0
0
0
0
0
0
0
0
0
0
0
0
0
0
0
0
0
0
0
0
0
-0.172261402304912
0
0
0
0
0
0
0
0
0
0
0
0
0
0
0
0
0
0
0
0
0
0
0
0
0
0
0
0
0
0
0
0
0
0
0
0
0
0
0
0
0
0
0
0
0
0
0
0
0
0
0
0
0
0
0
0
0
0
0
0
0
0
0
0
0
0
0
0
0
0
0
0
0
0
0
0
0
0
0
0
0
0
0
0
0
0
0
0
0
0
0
0
0
0
0
0
0
0
0
0
0
0
0
0
0
0
0
0
0
0
0
0
0
0
0
0
0
0
0
0
0
0
0
0
0
0
0
0
0
0
0
0
0
0
0
0
0
0
0
0
0
0
0
0
0
0
0
0
0
0
0
0
0
0
0
0
0
0
0
0
0
0
0
0
0
0
0
0
0
0
0
0
0
0
0
0
0
0
0
0
0
0
0
0
0
0
0
0
0
0
0
0
0
0
0
0
0
0
0
0
0
0
0
0
0
0
0
0
0
0
0
0
0
0
0
0
0
0
0
0
0
0
0
0
0
0
0
0
0
0
0
0
0
0
0
0
0
0
0
0
0
0
0
0
0
0
0
0
0
0
0
0
0
0
0
0
0
1000
1000
1000
0
0
0
0
982.239574909869
0
0
0
0
0
0
0
0
0
0
0
0
0
0
0
0
0
0
0
-0.0504564143785728
0
0
0
0
0.00718713594824294
0
1000
0
0
-1000
0
-1000
-0.00360926041071252
0
0
0
0
0
0
0
0
-594.759788485396
0
0
0
0
0
0
0
0
0
0
0
0
0
0
0
0
0
0
0
0
0
0
0
0
0
0
0
0
0
0
0
0
0
0
0
0
0
0
0
0
0
0
0
0
0
0
0
0
0
0
0
0
0
0
0
0
0
0
0
0
0
0
0
0
0
0
0
0
0
0
0
0
0
0
0
0
0
0
-0.172261402304912
-0.172261402304912
-0.172261402304912
0
-0.172261402304912
-0.516784206914849
0
-0.172261402304912
-0.172261402304912
-0.172261402304912
-0.172261402304912
0
-0.172261402304912
-0.172261402304912
-0.172261402304912
-0.172261402304912
-0.172261402304912
-0.172261402304912
-0.172261402304912
0
-0.172261402304912
-0.172261402304912
-0.172261402304912
0
-1000
0
0
87.1802031560867
0
1000
0
0
0
0
0
0
0
0
0
0
0
