0
0
0
0
0
0
0
0
361.409107246855
0
66.4525476196399
0
0
194.940646511065
1000
0
999.742875067822
-999.742875067822
999.940987720484
0
0.0590122795163551
0
-1000
0.370934328388557
0
1000
-208.292962424776
0
-441.056243401127
0.0125957957519914
0
0
0
0
0
0.032499036132526
0
0
0
35.4125985220024
0
0
0
0
0
0
999.987404204248
0
0
0
0
0
0
0
0
0
0
0
0
0
0
0
0
0
441.056243401127
0
0
0
0
0
0
0
680.219808862164
680.219808862164
0
0
0
0
0
0
-1000
0
0
0
0
0
0
0
0
0
0
0
0
0
0
0
0
0
0
0
0
0
0
0
0
933.54745238036
0
0
0
0
0
251.397244255639
0
0
0
0
0
0
0
0
0
0
0
0
0
0
0
0
0
638.590892753145
0
0
1000
0
0
0
0
1000
0
0
0
0
-14.7738850243943
0
0
0
0
-140.639606769816
0
0
0.00900745859008688
1000
0
0
596.353305107544
1000
1000
403.63826456681
0
210.923224026076
0
-1000
403.63826456681
598.578911077876
1000
-805.059353488935
0
0
1000
0
0
0.00900745859007657
0
0
1000
648.180633526682
0
0
0
0
0
-3.97004260439303
0
0
0
0
0
0
0
4.13864911729684
-1000
0
0
0
523.284935900899
0
0
0
0
161.558471383367
161.558471383367
0
0
0
0
-165.532729150582
0
-999.995784837177
0
996.075801105434
0
0
0
0
0
0
0
0
0
0
0
0
0
442.629505009369
548.136572745812
0
0.465542284853503
0
0
0
8.76837995996505
0
4.13864911729684
0
0
0
-1000
0
0
0
0
0
0
0
0
0
0
0
0
-1000
0
-1000
-1000
-1000
-680.219808862164
1000
-0.465542284853541
1000
-1000
1000
-0.975783603469154
1000
0
8.07006653268479
-1000
999.92203561612
0
-0.698313427280254
1000
0
332.681372167067
1000
0
0.181252001371662
0
-0.181252001371718
0
0.00179939939314163
0
0
0
0
0
0
0
0
476.457939166923
0
0
0
0
0
0
0
0
-1000
0
1000
0.473972610498697
0
0
1000
0
-0.181252001371718
0
-0.698313427280254
0
0
0.698313427280254
0
0
0
0
8.07006653268479
0
0
-1000
0
0
0
1000
0.698313427280254
0
-1000
-0.975783603469154
0
8.07367579309515
0
2.18312131372908
0
0
0
0
0
0
0
0
0
1000
0
0
0
2.32771142426752
0
9.79905483474415
0
0
0
0
8.07006653268479
0
0
0
-523.120544550817
-1000
1000
332.21403048282
1000
1000
0
-1000
-1000
-1000
1000
-999.534457715146
-1000
1000
1000
8.07006653268479
-1000
0
0
0
0
-1000
8.07006653268479
1000
1000
-999.922035616121
0
1000
0
0
-1000
-1000
0
0
0
0
0
0
0.975783603469195
-1000
-1000
1000
1000
1000
-1000
-426.479671402802
-1000
-573.985870882052
1000
1000
-1000
1000
-1000
0
-1000
0
1000
-1000
-1000
1000
-15.3735557954076
-1000
1000
1000
0
0
0
1000
-1000
0
0
0
-4.13864911729684
0
0
0
-251.525908659105
1000
0
0
0
-29.6994008325339
0
0
0
0
0
0
0
0
0
500.002992896374
0
0
0
0
0
0.00360926041066199
0
560.436643197095
-107.844372113821
-452.592271083274
0
0
452.592271083274
0
0
0
0
0
0
0
0
0
0
0
0
0
0
0
0
0
0
0
0
0
0
0
0
0
0
0
0
0
0
0
0
0
0
0
0
0
0
0
0
1000
999.996390739589
0.105379070564936
0.105379070564936
0
-999.30168657272
0
0
0
0
0
0
0
0
973.469664937342
0
0
0
0
0
0
0
0
0
0
0
0
0
0
0
0
0
0
0
0
0
0
0
0
0
0
0
0
0
0
0
0
0
0
0
0
0
0
0
0.164391350081281
0
0
0
1000
0
0
0
0
0
0
-1000
0
0
0
0
0
0
0
0
0
0
0
0
0
0
0
0
0
0
0
0
0
0
0
0
-818.246968512597
0
0
0.164391350081281
0
0
0
0
0
0
0
0
0
1000
0
0
0
0
0
0
0
0
0
0
0
0
0
0
0
0
0
0
0
0
0
0
0
0
0
0
0
0
0
0
0
0
0
0
0
0
0
0
0
0
0
0
0
0.010827781231986
0.010827781231986
0
0.010827781231986
0
0
0
0
0
0
0
0
0
0
0
0
0
0
0
0
0
0
0
0
0
-1000
0
500.007208059197
0
0
0
0
0.76294447089002
0.76294447089002
0
0
0
0
0
0
0
0
0
0
0
0
0
0
0
0
0
0
0
0
0
0
0
0
0
0
0
-1000
0
0
0
-999.996390739589
0
0
-1000
0
0
0
0
2.19188466775033
0
0
2.19188466775033
0
0
0
0
0
0
0
0
0
2.19188466775033
0
2.19188466775033
0
0
0
13.0756137951117
37.2724791810836
23.8246059184954
17.4496625379605
25.8720329896161
8.51543531852472
19.9158815099922
36.4348953792615
33.5498845063187
10.60939482308
20.5673355780761
42.3910468588853
33.4568196394496
10.3302002224726
17.1239355039186
23.7315410516263
30.757938500245
24.8948518874903
4.56017847658701
31.0371331008524
0
0
0
0
0
0
0
0
0
0
0
0
0
0
0
0
0
0
0
0
0
0
0
0
0
0
0
0
0
0
0
0
0
0
0
0
0
0
0
0
0
0
0
0
0
0
0
0
0
0
0
0
0
0
0
0
0
0
0
0
0
0
0
0
0
0
0
0
0
0
0
0
0
0
0
0
0
0
0
0
0
0
0
0
0
0
0
0
0
0
0
-1000
0
0
0
0
0
0
0
1000
1000
0
0
0
0
362.803565415908
52.043868685296
0
-29.6994008325339
-414.999179962818
-414.999179962818
-1000
0
-303.444722201346
0
-303.562746760379
1000
1000
414.855864426849
1000
0
-362.803565415908
947.956131314704
0
-1000
-1000
-1000
0
696.555277798654
0
0
0
303.444722201346
0
0
0
0
0
0
0
0
0
0
0
-1000
344.728692804514
1000
1000
0
500
0
2.51262718062513
5
0
0
0
0
0.994778426132939
0
0
0
151.638035029726
0
0.172261402304912
0
5.72769162664019
-0.172261402304912
-0.172261402304912
0.172261402304912
0
425.919317845801
353.137300591903
0.172261402304912
0
0
0
0
-0.172261402304912
0
0
-1000
-0.344522804609937
-0.172261402304912
0
0
0
0
0
0
0
0
0
0
0
0
0
0
0
0
0
0
0
0
0
0
0
-0.00360926041071252
0
0
0
0
0
0
0
46.6397746740702
0.00360926041071252
0
0
0
0
0
0
0
0
0
0
0
0.00718713594824294
0
0
0
0
0
0
0
0
0
0
0
0
0
0
0
0
0
0
0
0
0
0
0
0
0
0
0
0
0
0
0
0
0
0
0
0
0
0
0
0
0
0
0.00718713594824294
0
0
0
0
0
0
0
0
0
0
0
0
0
0
0
0
0
0
0
0
0
0
0
0
0
0
0
0
0
0
0
0
0
0
0
0
0
0
0
0
0
0
0
0
0
0
0
0
0
0
0
0
0
0
0
0
0
0
0
0
0
0
0
0
0
0
0
0
0
0
0
0
0
0
0
0
0
0
0
0
0
0
0
0
0
0
0
0
0
0
0
0
0
0
0
0
0
0
0
0
0
0
0
0
0
0
0
0
0
0
0
0
0
0
0
0
0
0
0
0
0
0
0
0
0
0
0
0
0
0.172261402304968
151.982557834336
0.172261402304968
0
0
0
0
0
0
0
0
0
0
0
0
0
0
0
0
0
0
0
0
0
0
0
0
0
0
0
0
0
0
0
0
0
0
0
0
0
0
0
0
0
0
0
0
0
0
0
0
0
0
0
0
0
0
0
0
0
0
0
0
0
0
0
0
0
0
0
0
0
0
0
0
0
0
0
0
0
0
0
0
0
0
0
0
0
0
0
0
0
0
0
0
0
0
0
0
0
0
0
0
0
0
0
0
0
0
0
0
0
0
0
0
0
0
0
0
0
0
0
0
0
0
0
0
0
0
0
0
0
0
0
0
0
0
0
0
0
0
0
0
0
0
0
0
0
0
0
0
0
0
0
0
0
0
0
0
0
0
0
0
0
0
0
0
0
0
0
0
0
0
0
0
0
0
0
0
0
0
0
0
0
0
0
0
0
0
0
0
0
0
0
0
0
0
0
0
0
0
0
0
0
-1000
0
0
0
0
0
0
0
0
0
0
0
0
0
0
0
0
0
0
0
0
1000
0
0
0
0
0
0
0
0
0
0
0
0
0
0
0
0
0
0
0
0
0
0
0
0
0
0
0
0
0
0
0
0
0
0
0
0
0
0
0
0
0
0
0
0
0
0
0
0
0
0
0
0
0
0
0
0
0
0
0
0
0
0
0
0
0
0
0
0
0
0
0
1000
1000
0
0
0
0
0
0
0
0
0
0
0
0
0
0
0
0
0
0
-1000
0
-1000
0
0
0
0
0
0
0
1000
1000
0
0
0
0
0
0
0
0
0
0
0
0
0
0
0
0
0
0
0
0
0
0
0.0216555624639719
0
0
0
0
0
0
0
0
0
0
0
0
0
0
0
0
0
0
0
0
0
0
0
0
0
0
0
0
0
0
0
0
0
0
0
0
0
0
0
0
0
0
0
0
0
0
0
0
0
0
0
0
0
0
0
0
0
0
0
0
-1000
46.5219700665784
0.0216555624639341
0
0.172261402304912
0
-841.945227734414
0
151.810296432031
0
0
841.772966332109
-0.172261402304912
343.705988815706
0
0
0
0
0.172261402304912
0
-999.827738597695
1000
0
0
0
0
0
0
0
0
0
0
0
0
0
-1000
0
0
0
0
0.00360926041071252
0
0
0
0
0
0
-0.00718713594824294
-0.00360926041071252
0
0
0
0
0
0
0
-1000
0
0
0
-46.5219700665785
-999.978344437536
-0.0216555624639341
0
0
0.172261402304912
-0.172261402304912
0
0
158.054772265586
-158.054772265586
-1000
0
-151.810296432031
-151.810296432031
0
0
-1000
0
-158.227033667891
-841.772966332109
-1000
0
-656.294011184294
-343.705988815706
-609.772041117716
0
0
0
0
0
1000
0
1000
0
0
0
-999.827738597695
999.827738597695
-1000
0
0
0
-1000
0
0
0
1000
0
0
0
0
0
0
0
0
0
0
0
0
0
0
0
0
0
0
0
-1000
1000
-1000
0
-1000
0
-1000
0
-1000
0
0
0
0
0
0
0
0
0
1000
0
1000
0
-1000
0
-1000
0
-1000
0
-1000
0
0
0
0
0
0
0
0
0
0
0
0
0
0
0
0
0
0
0
0
0
0
0
0
0
0
0
0
0
0
0
0
0
0
0
0
0
0
0
0
0
0
0
0
0
0
0
0
0
0
0
0
0
0
0
0
0
0
0
0
0
0
0
-0.00360926041071252
0
0
0
0
0
0
0
0
0
-0.00718713594824294
0.00718713594824294
0.00360926041071252
0
0
0
0
0
0
0
0
0
0
0
0
0
0
0
0
0
0
0
0
0
0
0
0
0
0
0
0
0
0
0
0
0.00360926041066199
0
0
0
0
0
0
0
0
11.0289164222914
0
0
0
0
0
0
0
0
0
0
0
0
0
0
0
0
0
0
0
0
0
0
0
0
0
0
0
0
0
0
0
0
0
0
0
0
0
0
0
0
0
0
0
0
0
0
0
0
0
0
158.054772265586
158.054772265586
158.054772265586
0
0
0
0
151.638035029726
151.638035029726
0
0
0
0
0
0
0
0
0
0
0
0
0
0
0
0
0
0
0
0
0
0
0
0
0
0
0
0
0
0
0
0
0
0
0
0
0
0
0
0
0
0
0
0
0
0
0
0
0
0
0
0
0
0
0
0
0
0
0
0
0
0
0
0
0
0
0
0
0
0
0
0
0
0
0
0
0
0
0
0
0
0
0
0
151.810296432031
151.810296432031
151.810296432031
151.810296432031
-151.810296432031
0
0
0
0
0
0
0
0
0
0
0
0
0
0
0
0
0
0
0
0
0
0
0
0
0
0
0
0
0
0
0
0
0
0
0
0
0
0
0
0
0
0
0
0
0
0
0
0
0
0
0
0
0
0
0
0
0
0
0
0
0
0
0
0
0
0
0
0
0
0
0
0
0
0
0
0
0.00360926041066199
0.00360926041066199
0.00360926041066199
0.00360926041066199
0.00360926041066199
0
0
0
0
0
0
0
0
0
0
0
0
0
0
0
0
0
0
0
0
0
0
0
0
0
0
0
0
0
0
0
0
0
0
0
0
0
0
0
0
0
0
0
0
0
14.7738850243943
14.7738850243943
-14.7738850243943
4.9162067338399
-2.45629873671464
2.45629873671462
2.45629873671462
2.45629873671462
2.45629873671462
2.45629873671462
2.45629873671462
2.45629873671462
2.45629873671462
2.45629873671462
2.45629873671462
0
2.45629873671462
2.45629873671464
2.45629873671462
2.45629873671462
2.45629873671462
2.45629873671462
2.45629873671462
2.45629873671462
2.44910113914205
2.44910113914205
2.44910113914205
0.00719759757256652
0.00719759757256652
0
0
0
0
0
0
0
0
0
0
0
0
0
0
0
0
0
0
14.7738850243943
14.7738850243943
4.9162067338399
4.9162067338399
0
0
0
0
0
0
0
0
0
0
0
0
0
0
0
0
0
0
0
0
0
0
0
0
0
0
0
0
0
0
0
0
0
0
0
0
0
0
0
0
0
0
0
0
0
0
0
0
0
0
0
0
0
0
0
0
0
0
0
0
0
0
0
0
0
0
0
0
0
0
0
0
0
0
0
0
0
0
0
0
0
0.00718713594818779
0
0
0
0
0
0
0
0
0
0
0
0
0
0
0
0
0
0
0
0
0
0
0
0
0
0
0
0
0
0
0
0
0
0
0
0
0
0
0
0
0
0
0
0
0
0
0
0
0
0
0
0
0
0
0
0
0
0
0.00718713594818779
0
0
0
0
0
0
0
0
0
0
0
0
0
0
0
0
0
0
0
0
0
0
0
0
0
0
0
0
0
0
0
0
0
0
0
0
0
0
0
0
0
0
0
0
0
0
0
0
0
0
0
1.18212519550715
406.422336710111
406.422336710111
0
24.2563920286869
24.2563920286869
0
-430.678728738798
0
24.2563920286869
0
405.240211514604
0
0
1000
0
24.2563920286869
0
24.2563920286869
24.2563920286869
0
0
0
0
0
0
0
0
0
0
0
0
0
0
0
0
0
0
0
0
0
0
0
0
0
0
0
0
0
0
0
0
0
0
0
0
0
0
430.678728738798
0
0
0
0
0
0
0
0
0
0
0
0
0
0
0
0
0
0
0
0
0
0
0
0
0
0
0
0
0
0
0
0
0
0
0
0
0
0
0
0
0
0
0
0
0
0
0
0
0
0
0
0
0
0
0
0
0
0
0
0
0
0
0
0
0
0
0
0
0
0
0
0
0
0
0
0
0
0
0
0.00360926041066199
0
0
0
0
0
0
0
1.5562398577068
0
0
0
0.975783603469195
0.975783603469195
0.975783603469195
0
0
0
9.69805482578376
0
0
1.33447085691835
0
0
9.69805482578376
0.00360926041066199
0
0
0
0
-1.3344708569183
1.33447085691835
0
0
0
0
0
0
10.8801800212909
0
0
0
0.24338271675491
0
0.221769000788453
0
10.8801800212909
10.8801800212909
0
0
0
0
0
0
0
0
0
0
0
0
0
0
-11.0289164222914
0
0
0
0
0
0
0
0
0
0
0
0
0
0
0
0
0
0
0
0
0
0
0
0
0
0
0
0
0
0
0
0
0
0
0
0
0
0
0
0
0
0
0
0
0
0
0
0
0
0
0
0
0
0
0
0
0
0
0
0
0
0
0
0
0
0
0
0
0
0
0
0
0
0
0
0
0
0
0
0
0
0
0
0
0
0
0
0
0
0
0
0
0
0
0
0
0
0
0
0
0
0
0
0
0
0
0
0
0
0
0
0
0.00718713594818779
0.00718713594818779
0
0.00718713594818779
-0.00718713594824294
0
0
0
0
0
0
0
0
0
0
0
0
0
0
0
0
0
0
0
0
0
0
0
0
0
0
0
0
0
0
0
0
0
0
0
0
0
0
0
0
0
0
0
0
0
0
0
0
0
0
0
0
0
0
0
0
0
0
0
0
0
0
0
0
0
0
0
0
0
0
0
0
0
0
0
0
0
0
0
0
0
0
0
0
0
0
0
0
0
0
0
0
0
0
0
0
0
0
0
0
0
0
0
0
0
0
0
0
0
0
0
0
0
0
0
0
0
0
0
0
0
0
0
0
0
0
0
0
0
0
0
0
0
0
0
0
0
0
0
0
0
0
0
0
0
0
0
0
0
0
0
0
0
0
0
0
0
0
0
0
0
0
0
0
0
0
0
0
0
0
0
0
0
0
0
0
0
0
0
0
0
0
0
0
0
0
0
0
0
0
0
0
0
0
0
0
0
0
0
0
0
0
0
0
0
0
0
0
0
0
0
0
0
0
0
0
0
0
0
0
0
0
0
0
0
0
0
0
0
0
0
0
0
0
0
0
0
0
0
0
0
0
0
0
0
0
0
0
0
0
0
0
0
0
0
0
0
0
0
0
0
0
0
0
0
0
0
0
0
0
0
0
0
0
0
0
0
0
0
0
0
0
0
0
0
0
0
0
0
0
0
0
0
0
0
0
0
0
0
0
0
0
0
0
0
0
0
0
0
0
0
0
0
0
0
0
0
0
0
1000
0
0
0
0
0
0
0
0
0
0
0
0
0
0
0
0
0
0
0
0
0
0
0
0
0
0
0
0
0
0
0
0
0
0
0
0
0
0
0
0
0
0
0
0
0
0
0
0
0
0
0
0
0
0
0
0
0
0
0
0
0
0
0
0
0
0
0
0
0
0
0
0
0
0
0
9.43131177619694
0.164391350081281
0.164391350081281
0
0
0
0
0.164391350081246
0
0.164391350081281
0
0
0
0
0
0.0252909769355869
0
0
0
0
0
167.415027178596
0
0
0
0
0
0
0
0
0
0
0
0
0
0
0
0
0
0
0
0
0
0
0
0
0
0
0
0
0
0
0
0
0
0
0
0
0
0
0
0
0
0
0
0
0
0
0
0
0
0
0
0
0
0
0
347.843545426963
347.843545426963
0
0
0
0
0
0
0
0
0
0
0
0
0
0
0
0
0
0
0
0
0
0
0
0
0
0
0
0
0
0
0
0
0
0
0
0
0
0
0
0
0
0
0
0
0
0
0
0
1000
-1000
39.0848894544113
0
0
0
-1000
-1000
1000
0
0
0
0
-1000
38.386576027131
0
0
0
0
0
0
0
0
0
0
0
0
0
0
0
0
0
0
0
0
0
0
0
0
0
0
0
0
0
0
0
0
0
0
0
0
0
0
0
0
1000
0
0
70.9905828549644
0
0
0
0
0
0
0
0
0
0
0
0
0
0
-999.996390739589
-1000
1000
-1000
1000
999.996390739589
-1000
0
0
0
0
0
0
0.00360926041071252
0
0
0
0
0
0
0
0
0
0
0
0
0
0
0
0
0
0
0
0
0
0.0144056567695118
0
0.00360926041066199
0.021613715966457
1000
0.00179939939314163
0.00179939939314163
0.00360926041071252
0
0.0126062573763701
0.00179939939314163
0.02702237577025
-0.00179939939312135
0.00179939939314163
0.00179939939314163
0.00179939939314163
0.00179939939314163
0.00179939939314163
-0.00179939939312135
-0.0035987987862427
0.00179939939314163
0.00179939939314163
0.00179939939312135
0.00179939939314163
-999.954952245425
-0.00540865980383387
999.953152846032
0.00360926041071252
0.00179939939314163
0.00179939939314163
0.00360926041066199
0.00360926041066199
-0.00360926041071252
-0.00360926041071252
0.00360926041071252
0.00360926041071252
0.00179939939314163
0.00179939939314163
0.00179939939314163
0.00179939939314163
-0.00540865980383387
-999.974777023623
0
0
0
0
0
0
-1000
0
0
0
0.00360926041066199
0
0
0
0
0.001804630205331
0.00360926041071252
0.00360926041071252
0
0
0.00360926041066199
0.00360926041066199
0
0
0
0
0.00719759757256652
0.00179939939314163
0.00539819817942489
0.00179939939314163
-0.00179939939312135
0.00179939939314163
0.00179939939314163
0.00179939939314163
0.00179939939314163
0.00179939939314163
0.00179939939314163
0.00359879878628326
0.00179939939314163
0.00179939939314163
0.00179939939314163
0.00179939939314163
0.00179939939314163
0
0.00179939939314163
0.00360926041066199
0.00360926041066199
0.00360926041066199
0.00360926041066199
0.00360926041066199
0.00360926041066199
0.00360926041066199
0.00360926041066199
0.00360926041066199
0.00360926041066199
0.00360926041066199
0.00360926041066199
0.00360926041066199
0.00360926041066199
0
0
0
0
0
0
0
0
0
0
0
0
-0.00360926041071252
0.00360926041066199
0.00360926041066199
0
0
0
0
0
0
0
0
0
0
0
0
0
0
0
0
0
0
0
0
0
0
0
0
0
0
0
0
0
0
0
0
0
0
0
0
0
0
0
0
0
0
0
0
0
0
0
0
0
0
0
0
0
0
0
0
0
0
0
0
0
1000
0
0
0
0
0
0
0.00360926041066199
0
0
0
0
0
0
0
0
0
0
0
0
0
0
0
0
0
0
0
0
0
0
0
0
0
1000
0
-0.994778426132939
0
0
0
-151.638035029726
0
0
0
0.172261402304968
0
0
0
0
0
0
0
0
0
0.172261402304968
0
0
330.314239566544
0
0
0
0
0.172261402304968
0
0.172261402304968
0
0.172261402304968
0
64.5118951632106
0
0
0
10.7663376440605
0
66.535966640294
0
0.172261402304968
0
0.516784206914905
0
0
0
0.172261402304968
0
0.172261402304968
0
0.172261402304968
0
0.172261402304968
0
0.172261402304968
0
0.172261402304968
0
0.172261402304968
0
0.172261402304968
0
0.172261402304968
0
0.172261402304968
0
0.172261402304968
0
0.172261402304968
0
0.172261402304968
0
0.172261402304968
0
0.172261402304968
0
0.172261402304968
0
3.61748944840433
0
1.07663376440605
0
4.95251531626784
0
4.99558066684408
0
2.54085568399828
0
0.172261402304968
0
0.172261402304968
0
11.975776720606
0
0.172261402304968
0
0.172261402304968
0
0.172261402304968
0
0.172261402304968
0
82.4701463535036
0
1.24889516671102
0
9.25905037389204
0
0
0
0.599305647656727
0
0.172261402304968
0
0.172261402304968
0
1.6364833218972
0
0.172261402304968
0
0.172261402304968
0
0.172261402304968
0
0
-1000
0
0
405.240211514604
0
0
0
0
0
0
-765.534793917169
-1000
-1000
0
0
-1000
1000
161.558471383367
0
346.509074570045
0
-1000
-1000
0
0
1000
0
0
0
0
0
-346.265359880846
1000
-10.8801800212909
0
0
0
1000
-161.394080033286
-0.00360926041071252
0
0
0
0
-3.15890491719824
0
1000
0
0
0
0
0.0125957957519631
996.075801105434
-1000
-659.248561300248
-4.13864911729684
-1000
0
1000
960.333079339141
0
-1000
0
0
1000
1000
721.746793603697
-1000
0
1000
0
0
1000
1000
1000
1000
0
0
0
0
0
0
0
0
0
0
0
0
0
0
0
0
0
0
0
0
0
0
1000
0
0
0
0
1000
0
0
0
0
0
0
1000
0
0
-1000
973.504249323934
1000
-1000
1000
-1000
-1000
-1000
-1000
-1000
-1000
938.983473767147
1000
-1000
-1000
-1000
54.1093907198162
-1000
-74.3993657113689
1000
1000
-1000
-138.932038020613
-1000
-879.589000599166
1000
1000
1000
1000
-1000
-1000
1000
-1000
-1000
-1000
-1000
1000
-1000
-1000
-1000
-1000
1000
-1000
-1000
-1000
-1000
-1000
-1000
-1000
-1000
-1000
615.042126166208
-1000
1000
-1000
-1000
-1000
-1000
-1000
-1000
10.4861612469086
-1000
-1000
-1000
-1000
982.665912257364
-1000
-1000
-1000
-1000
-1000
-1000
-1000
1000
1000
-1000
-1000
-1000
-1000
-1000
-1000
-1000
1000
-1000
-601.735284318265
1000
-1000
1000
-1000
615.042126166208
1000
1000
-428.561453471244
-1000
1000
1000
1000
1000
-1000
-1000
-1000
-1000
-1000
-1000
1000
1000
-1000
-1000
1000
1000
1000
1000
1000
1000
1000
1000
1000
-1000
-1000
73.2459800221638
-1000
-1000
-1000
892.155627886179
10.7105587308223
-1000
-1000
-1000
0
0
0
0
0
0
0
0
0
0
0
0
0
0
0
0
0
0
0
0
0
0
0
0
0
0
0
0
0
0
0
0
0
0
0
0
0
0
0
0
0
0
0
0
0
0
0
0
0
0
0
0
0
0
0
0
0
0
0
0
0
0
0
0
0
0
0
0
0
0
0
0
0
0
0
0
0
0
0
0
0
0
0
0
0
0
0
0
0
0
0
0
0
0
0
0
0
0
0
0
0
0
0
0
0
0
0
0
0
0
0
0
0
0
0
0
0
0
0
0
0
0
0
0
0
0
0
0
0
0
0
0
0
0
0
0
0
0
0
0
0
0
0
0
0
0
0
0
0
0
0
0
0
0
0
0
0
0
0
0
0
0
0
0
0
0
0
0
0
0
0
0
0
0
0
0
0
0
0
0
0
0
0
0
0
0
0
0
0
0
0
92.4245936620935
0
0
0
0
0
0
0
0
0
0
0
0
0
0
0
0
0
0
0
0
0
0
0
0
0
0
0
0
0
0
0
0
0
0
0
0
0
0
0
0
0
20.997282185981
0
0
0
0
0
0
0
0
0
0
0
0
0
0
0
0
0
0
0
0
0
0
0
0
0
0
0
0
0
0
0
0
0
0
0
0
0
0
0
0
0
0
0
0
0
0
0
0
0
0
0
0
0
0
0
0
0
0
0
0
0
0
0
0
0
0
0
0
0
0
0
0
0
0
0
1000
0
0
0
0
0
0
0
0
0
0
0
0
0
0
0
-1000
1000
-1000
1000
1000
1000
-1000
750.293036036222
-1000
-502.365672736029
-0.0216555624639341
-1000
1000
1000
1000
1000
-1000
-1000
1000
-1000
1000
1000
1000
1000
-1000
-1000
-1000
-1000
1000
1000
-107.266100967914
-1000
0
-1000
-1000
1000
1000
-1000
-1000
-1000
-1000
1000
-1000
-1000
-1000
1000
-1000
-1000
-1000
0
-1000
-1000
-1000
-1000
-1000
0
0
0
0
0
0
0
0
0
0
0
0
0
0
0
0
0
0
0
-1000
-0.473972610498663
0
0
0
0
0
1000
1000
0
0
0
0
0
0
0
0
0
-0.00360926041071252
0.00360926041066199
0
0
-0.00360926041071252
-0.00360926041071252
0
0
0
0
0
0
0
0
0
0
0
0
0
0
0
0
0
0
0
0
0
0
0
0
0
0
0
0.00360926041066199
0
0
196.082239316111
-234.476033864063
1000
-961.606205452048
-1000
0
0
0
0
-0.00360926041071252
0
0
0
0
0
0
0
0
0
0
0
0
0
0
0
0
0
0
0
0
0
0.00360926041066199
0
0
0
500.090626000686
-0.00360926040957565
0
0
0
0
0
0
-1000
0
1000
0
0
0
386.389653629733
0
0
0
0
0
0
0
0
0
0
0
0
0
0
0
0
0
0
0
0
0
0
0
0
0
0
0
0
0
0
0
0.00360926041066199
0
0
0
0
0
1000
0
-1000
0
-151.638035029726
0
1.95156720693839
0
0
0
0
1000
0
-452.592271083274
0
0
0
0
0
0
0
0
0
0
0
0.00360926041071252
-714.851653138746
303.444722201346
-850.313532177213
387.193648497506
0
0
254.989493281057
-362.811995741553
1000
0
0
0
0
0
8.07367579309516
0
0
1000
0
1000
0
0
919.799705449199
0
0
-66.4525476196399
0
0
-1000
0
-1000
1000
0
0
0
0
0
0
0
0
0
0
0
362.811995741553
0
0
0
0
0
0
0
1000
107.84437211382
0
0
1000
0
1000
0
998.133615697763
0
0
0
0
0
0
0
0
0
0
0.975783603469195
0
0.00360926041066199
-0.00360926041071252
0.00360926041066199
0.00360926041066199
0
0
0.00360926041071252
284.754266672295
0
-8.07006653268479
0.975783603469154
0
0
-0.0108277812320239
-1000
-1000
-1000
1000
-1000
991.851969083436
0
0
-998.133615697763
-10.0144152188009
-991.851969083436
-1000
0
0
0
0
0
0
0
0
0
0
0
0
0
0
0.0779643838794719
0
0
0
0
0
0
0
0
0
0
1000
0
0
0
0
0
0.00179939939314163
0
66.45254761964
0
0
0
0
0
0
0.00360926041066199
0
0
0
0
0
0
0
0
0
0
0
0
0
0
0
0
0
0
0
0
0
0
0
0
0
0
0
0
0
0
0
0
0
0
0
0
0
0
0
0
0
0
0
0
0
0
0
0
0
0
0
0
0
0
2.32771142426748
0
0
0
0
0
0
0
0
0
0
0
0
0
0
0
0
0
0
0
0
0
0
0
0
0
0
0
0
0
0
0
0
0
0
0
0
0
0
0
0
0
0
0
0
0
0
0
0
0
0
0
0
0
0
0
0
0
0
0
0
0
0
0
0
0
0
0
0
0
0
0
0
0
0
0
0
0
0
0
0
0
0
0
0
0
0
0
0
0
0
0
0
0
0
0
0
0
0
0
0
0
0
0
0
0
0
0
0
0
0
0
-999.987404204248
0
0.00179939939312135
0
0.0341781268452905
0
0
-0.0125957957519631
0
1000
0.0162050561626756
0
0
0
0
0
0
0
0
0
0
0
0
-0.00718713594824294
0
0
0
0
0.00360926041066199
0.00360926041066199
0.00360926041066199
196.082239316111
-1000
0
-46.5219700665785
-1000
0
0
0
0
0
1000
1000
0
0
0
0
0
0
0
0
0
1000
-1000
0
999.827738597695
-0.172261402304912
-1000
1000
-1000
-999.827738597695
0.172261402304912
-1000
0
0
0
0
0
0
0
0
0
-892.155627886179
-1000
0
1000
0.395327349231591
0.00360926041066199
0.00360926041066199
0.00360926041066199
0.00360926041066199
0.00360926041066199
1000
0
0
0
1000
0
0.172261402304968
0
0
0
0
0
0
0
0
0
-1000
0
0
0
0
0
0
1000
-1000
0
1000
1000
1000
-1000
0
0
0
0
0
0
0
0
0
0
0
0
0
0
0
0
0
0
0
0
0
0
0
0
0
0
0
0
0
0
0
0
0
0
0
0
0
0
0
0
0
0
0
0
0
0
0
0
38.386576027131
0
0
0
0
0
0
0
0
0
-609.772041117716
0
0
0
0
0
0
0
361.409107246855
1000
1000
-1000
-1000
-1000
1000
0
0.021613715966457
0
0
0
0
0.181252001371718
-1000
0
0
0
0
0
0
-1000
3.67726096912374
0
0
0
0
0
0.580456254237604
0.580456254237604
-999.996390739589
-999.985604804855
0
0
0
0
0
0
0.366400957824401
0
-1000
0
0
0
0
0
0
0
1000
0.00360926041066199
0
0
0
0
0
0
0
0
-1000
1000
0
0
1000
0
0
0
-1000
0
0.00539819817942489
0
0
-841.772966332109
0
-1000
0
0
0
-1000
-1000
9.43131177619699
0
0
0
-151.810296432031
0
0
0
0
0
-943.42919149644
943.42919149644
-1000
1000
-750
1000
0
0
0
-1000
-1000
0
0
-1000
0
0
0
0
0
0
0
0
0
0
0
0
0
0
990.063549165079
0
998.133615697763
0
0
0
0
0
0
0
0
0
0
1000
0
0
-1000
1000
-1000
-1000
1000
0
0
0
0
0
0
0
-1000
0
0
1000
0.00179939939314163
0.00179939939314163
0
0
0
343.705988815706
0
0
0
0
0
0
0
0
0
0
0
0
0
0
0
0
0
0
0
0
0
0
0
0
0
0.00360926041071252
0
0
0
0
0
0
0
0
0
0
0
0
0
0
0
0
0
0
0
0
0
0
0
0
0
0
0
0
0
0
0
0
0
0
0
0
0
0
0
0
0
0
0
0
0
-1000
0
-1000
0
0
0
0
0
0
-1000
0
0
0
0
0
0
0
0
0
0
0
-1000
0
0
0
0
0
0
0
0
0
0
0
0
0
0
0
0
0
-1000
0
0
0
0
0
0
0
0
0
0
0
0
0
0
0
0
0
0
0
0
0
0
0
0
0
0
0
0
0
0
0
0
0
0
0
0
0
0
0
0
151.638035029726
0
0
0
0
0
0
0
0
0
0
0
0
0
0
0
0
0
0
0
0
0
0
0
0
0
0
0
0
0
0
0
0
0
0
0
0
0
0
0
0
0
0
0
0
0
0
0
0
0
0
0
0
0
0
0
0
0
0
0
0
0
0
0
0
0
0
0
0
0
0
0
0
0
0
0
0
0
0
0
0
0
0
0
0
0
0
0
0
0
0
0
0
0
0
0
0
0
0
0
0
0
0
0
0
0
0
0
0
0
0
0
0
0
0
0
0
0
0
0
0
0
0
0
0
0
0
0
0
0
0
0
0
0
0
0
0
0
0
0
0
0
0
0
-1000
0
0
0
0
0
0
0
0
0
0
0
0
0
0
0
0
0
0
0
0
0
0
403.641074675359
0
0
70.3077413420255
0
-96.3617354331896
0
1000
-181.753031487403
-818.082577162516
46.6469618100183
-1000
0
0
-1000
0
0
0
0
0
0
0
0
0
0
0
0
0
0
0
0
0
0
0
0
0
0
0
-0.994778426132939
0
0.00718713594824294
0
0
0
0
0
0
0
0
0
0
0
0
0
0
0
0
0
0
0
0
0
0
0
0
0
0
0
0
0
0
0
0
0
0
0
0
0
0
0
0
0
0
0
0
0
0
0
0
0
0
0
0
0
0
0
0
0
0
0
0
0
0
0
0
0
0
0
0
0
0
0
0
0
0
0
0
0
0
0
0
0
0
0
0
0
0
0
0
0
0
0
0
0
0
0
0
0
0
0
0
0
0
0
0
0
0
0
0
0
0
0
0
0
0
0
0
0
0
0
0
0
0
0
0
0
0
0
0
0
0
0
0
0
0
0
0
0
0
0
0
0
0
0
0
0
0
0
0
0
0
0
0
0
0
0
0
0
0
0
0
0
0
0
0
0
0
0
0
0
0
0
0
0
0
0
0
0
0
0
0
0
0
0
0
0
0
0
0
0
0
0
0
0
0
0
0
0
0
0
0
0
0
0
0
0
0
0
0
0
0
0
0
0
0
0
0
0
0
0
0
0
0
0
0
0
0
0
0
0
0
0
0
0
0
0
0
0
0
0
0
0
0
0
0
0
0
0
0
0
0
0
0
0
0
0
0
0
0
0
0
0
0
0
0
0
343.705988815706
0
0
0
0
0
0
0
0
0
0
0
-1000
0
0
0
0
0.00360926041071252
0.426337347494155
-999.996390739589
0
0
0
0
0
0
0
0
0
0
0
0
0
0
0
0
0
0
0
0
0
0
0
0
0
0
0
0
0
0
0
0
0
0
0
0
0
0
0
0
0
0
0
0
0
0
0
0
0
0
0
0
0
0
0
0
0
0
0
0
0
0
0
0
0
0
0
0
0
0
0
0
0
0
0
0
0
0
0
0
0
0
0
0
0
0
0
0
0
0
0
0
0
0
0
0
0
0
0
0
0
0
0
0
0
0
0
0
0
0
0
0
0
0
0
0
0
0
0
0
0
0
0
0
0
0
0
0
0
0
0
0
0
0
0
0
0
0
0
0
0
0
0
0
0
0
0
0
0
0
0
0
0
0
1000
0
0
0
-832.830058167526
0
0
0
0
0
0
0.00718713594818779
0
1000
0.00360926041071252
0
0
0
0
0
1000
0
0
0
0
0
999.949543585621
0
0
0
0
0
0
0
0
0
0
0
0
0
0
0
0
0
0
0
0
0
0
0
0
0
0
0
0
0
0
0
0
0
0
0
0
0
0
0
0
0
0
0
0
0
0
0
0
0
0
0
0
0
0
0
0
0
0
0
0
0
0
0
0
0
0
0
0
0
0
0
0
0
0
0
0
0
0
0
0
0
0
0
0
0
0
0
0
0
0
0
0
0
0
0
0
0
0
0
0
0
0
0
0
0
0
0
0
0
0
0
0
0
0
0
0
0
0
0
0
0
0
0
0
0
0
0
0
0
0
0
0
0
0
0
0
0
0
0
0
0
0
0
0
0
0
0
0
0
0
0
0
0
0
0
0
0
0
0
0
0
0
0
0
0
0
0
0
0
0
0
0
0
0
0
0
0
0
0
0
0
0
0
0
500
87.1802031560867
-430.653505762421
0
0
-0.975783603469154
0
0
0
465.324334345613
19.2842609381264
42.1516282259679
0.104616243787304
87.1802031560867
0
0
0
0
0
0
0
0
0
0
0
0
0
0
0
0
0
0
0
0
0
0
0
0
0
492.541448955788
-1000
0
0
-1000
748.474091340895
-1000
0
999.996390739589
107.965817996465
0
0
0
0
0
0
0
-0.00360926041071252
0.00360926041071252
999.99460180182
0.00360926041066199
0
0
0
0
0
0
0
0
0
0
0
0.0216555624639341
0
0
0.994778426132939
0
0
0
151.638035029726
0
0
1000
-82.4701463535035
-3.61748944840429
0
-10.7105587308223
-20.997282185981
-42.8209934667902
37.4115234936594
-10.4861612469086
-17.3340877426365
-1000
-4.60233010481295
-31.4080674292409
-1000
-1000
0
0
0
0
-1000
-38.8110136113314
-17.5002444918318
-26.4957506760659
-13.3068418479426
-9.2994556035278
-23.8878333608344
-34.5207755567867
428.561453471244
560.932735446392
0
0
-1000
382.465454735166
0
1000
0
0
999.818747998628
-1000
0
0
0
-10.8801800212909
0
0
1000
107.844372113821
0
0
0
0
0
0
0
0
0
0
0
0
0
0
-0.00360926041071252
70.9869735945538
-70.9905828549644
0
0
0
0
0
0
0
0
0
0
0
0
0
0
0
249.706963963778
0
1000
0
0
-1000
-1000
167.415027178596
-0.00360926041071252
-0.00360926041071252
0
961.613423972869
0
0
-0.00360926041071252
0
-0.00360926041071252
0
0
0
-0.00360926041071252
0
0
0
-0.00360926041071252
0
0
0
0
0
0
0
0
0
0
0
140.639606769816
0
0
0
0
0
-0.0108277812320239
0
0
0
0
0
0
0
0
-1000
0
0
0
-892.733899032086
0
1000
0
0
-0.00360926041071252
0
0
0
0
0
0
0
0
0
0
0
0
0
0
999.99639073959
-3.15890491719824
-0.473972610498663
-1000
0
0
0
0
0
1000
0
0
2.45629873671464
0
0
0
0
0
0
-4.13864911729684
0
0
0
0
-161.394080033286
1000
161.558471383367
0
0
346.509074570045
996.075801105434
0
-1000
1000
0
0
0
-167.415027178596
0
167.415027178596
-1000
-1000
0
0
0
0
0
0
0
-1000
0
0
0
0
0
38.3937945479522
1000
-1000
0
0
0
0
0
0
0
-1000
-659.248561300248
-346.265359880846
0
0
-999.987404204248
0
0
0
0
0
0
0
0
1000
0
0
-0.599305647656706
-0.172261402304912
-46.6469618100183
0
-2.5408556839983
-11.9757767206059
-1.63648332189723
-9.25905037389202
-4.95251531626786
-0.172261402304912
0
0
330.314239566544
0
-0.172261402304912
-1000
-0.172261402304912
-0.172261402304912
0
-1.24889516671101
0
-0.172261402304912
-64.5118951632106
-66.535966640294
0
-3.67726096912372
0
-0.366400957824453
-0.172261402304912
-1.0766337644061
0
-0.172261402304912
-0.172261402304912
-0.172261402304912
-0.172261402304912
-4.99558066684403
0
-10.7663376440605
0
0
0
-1000
1000
0
0
-1000
1000
-0.00360926041071252
0
750
-750
0
0
0
-1000
0
0
0
0
0
0
0
0
0
0
0
0
0
0
0
0
0
0
999.987404204248
-1000
1000
0
-1000
-1000
0
0
0
-0.172261402304912
-0.172261402304912
0
0
0
0
1000
-818.246968512597
818.082577162516
1000
-1000
0
0
0
-0.994778426132939
0
0
0
0
0
0
0
0
0
0
0
0
0
0
0
0
0
0
0
0
0
0
0
0
0
0
0
0
0
0
0
0
0
0
0
0
0
0
0
0
0
0
0
0
0
0
0
0
0
0
0
0
0
0
0
0
0
0
0
0
0
0
0
0
0
-0.172261402304912
0
0
0
0
0
0
0
0
0
0
0
0
0
0
0
0
0
0
0
0
0
0
0
0
0
0
0
0
0
0
0
0
0
0
0
0
0
0
0
0
0
0
0
0
0
0
0
0
0
0
0
0
0
0
0
0
0
0
0
0
0
0
0
0
0
0
0
0
0
0
0
0
0
0
0
0
0
0
0
0
0
0
0
0
0
0
0
0
0
0
0
0
0
0
0
0
0
0
0
0
0
0
0
0
0
0
0
0
0
0
0
0
0
0
0
0
0
0
0
0
0
0
0
0
0
0
0
0
0
0
0
0
0
0
0
0
0
0
0
0
0
0
0
0
0
0
0
0
0
0
0
0
0
0
0
0
0
0
0
0
0
0
0
0
0
0
0
0
0
0
0
0
0
0
0
0
0
0
0
0
0
0
0
0
0
0
0
0
0
0
0
0
0
0
0
0
0
0
0
0
0
0
0
0
0
0
0
0
0
0
0
0
0
0
0
0
0
0
0
0
0
0
0
0
0
0
0
0
0
0
0
0
0
0
0
0
0
0
0
0
0
0
0
0
0
0
0
0
0
0
0
0
0
0
0
0
0
832.830058167526
0
1000
0
0
0
0
-0.426337347494155
0
0
0
0
0
0
0
0
0
0
0
0
0
0
0
0
0
0
0
999.949543585621
0
0
0
0
0.00718713594824294
0
1000
0
0
-1000
0
-1000
-0.00360926041071252
0
0
0
0
0
0
0
0
-594.759788485396
0
0
0
0
0
0
0
0
0
0
0
0
0
0
0
0
0
0
0
0
0
0
0
0
0
0
0
0
0
0
0
0
0
0
0
0
0
0
0
0
0
0
0
0
0
0
0
0
0
0
0
0
0
0
0
0
0
0
0
0
0
0
0
0
0
0
0
0
0
0
0
0
0
0
0
0
0
-0.172261402304912
-0.172261402304912
-0.172261402304912
-0.172261402304912
0
-0.172261402304912
-0.516784206914849
0
-0.172261402304912
-0.172261402304912
-0.172261402304912
-0.172261402304912
0
-0.172261402304912
-0.172261402304912
-0.172261402304912
-0.172261402304912
-0.172261402304912
-0.172261402304912
-0.172261402304912
0
-0.172261402304912
-0.172261402304912
-0.172261402304912
0
-1000
0
0
87.1802031560867
0
1000
0
0
0
0
0
0
0
0
0
0
0
