0
0
0
0
0
0
0
297.771549862581
-1000
0
1000
0
0
257.368429334571
1000
0
999.739506879941
-999.739506879941
999.940214693757
0
0.0597853062430657
0
-1000
0.375793353527797
0
1000
-259.872948777205
0
-326.710080153203
0.0264489700214928
0
0
0
0
0
0
290.457803721032
0
0
0
35.8764830786428
0
0
0
0
0
0
0
0
0
0
0
0
0
0
0
0
0
0
0
0
0
0
0
0
0
326.710080153203
0
0
0
0
0
0
0
-1000
-1000
0
0
0
0
0
0
0
-1000
0
0
0
0
0
0
0
0
0
0
0
0
0
0
0
0
0
0
0
0
0
0
0
0
0
0
0
0
0
192.355765553763
0
0
0
0
0
0
0
0
0
0
0
0
0
0
0
0
0
0
0
892.87179370522
0
0
-1000
0
0
0
0
0
0
-1000
0
0
0
0
-14.9674143724352
0
0
0
0
-1000
0
0
0
-552.962544250363
0
0
482.340124744522
1000
1000
517.651334497443
0
552.962544250363
0
-1000
517.651334497443
775.019763832014
1000
-742.631570665429
0
0
1000
0
0
0
0
0
1000
636.625618684026
0
0
0
0
0
-4.0220478660865
0
0
0
0
0
0
544.512496696641
-293.562458587517
-1000
0
0
0
999.739506879941
0
0
0
0
544.512496696641
0
0
0
0
0
-4.02631824510377
0
-999.995729620983
0
0
0
0
0
0
0
0
0
0
0
44.9055318969013
0
0
-1000
0
998.82455499089
0.471640619497667
0
0
0.703804389612628
0
0
0
0
0
0
0
-1000
0
0
0
0
0
0
0
0
0
0
0
0
-1000
0
-1000
0
-1000
1000
0
1000
1000
-1000
-230.809845102781
-0.988565804244217
-1000
0.703804389612628
0
-999.292539070753
0.00365653963388013
-1000
-1.41492185849302
1000
0
0
1000
0
0.183626297746559
0
-0.183626297746514
0
0.00182297048435053
0
0
0
0
2.21171894013829
602.990683366759
0
0
0
0
0
0
0
0
0
0
0
287.001911677519
0
1000
0.480181377532391
0
0
1000
0
-0.183626297746514
0
-0.703804389612628
0
0
0.703804389612628
0
0
0
-0.00365653963388013
0
0
0
-1000
0
0
0
-1000
0.703804389612628
0
-1000
-0.988565804244217
0
0
0
0
0
0
0
0.00365653963388013
0
0
0
0
0
712.998088322481
0
0
0
2.35820309748834
0
9.92741678493217
0
0
0
0
0
0
0
0
136.915920431723
-1000
1000
-0.473463589981975
-1000
1000
1000
-1000
-1000
-1000
1000
-999.528359380502
1000
1000
0
0
-1000
0
0
0
0
-1000
0
0
-1000
-0.00365653963388013
1000
1000
0
0
1000
-1000
0
0
0
0
0
0
0.988565804244182
637.903747498485
1000
362.096252501515
0
1000
-1000
-1000
0
-1000
-1000
1000
1000
1000
-133.805522970351
0
-228.762370150661
0
1000
-1000
357.544016103897
-1000
1000
-1000
-1000
1000
0
0
0
-1000
1000
1.88717631737416
0
0
-44.9055318969013
0
0
0
-455.472877144822
1000
0
0
0
-30.0884458041737
0
0
0
0
0
0
0
0
0
0
0
0
0
0
0
0
0.00365653963430776
0
999.970747682925
-544.560031711887
-455.410715971039
0
0
455.410715971039
0
0
0
0
0
0
0
0
0
0
0
0
0
0
0
0
0
0
0
0
0
0
0
0
0
0
0
0
0
0
0
0
0
0
0
0
0
0
0
0
0
0
0.00365653963433488
1000
0.106759475434046
0.106759475434046
0
35.7096909947682
0
0
0
0
-0.0292523170744516
0
0
0
0
0
144.646028380552
0
0
0
0
-727.784863451438
0
0
0
0
0
0
0
0
0
0
0
0
0
0
0
0
0
0
0
0
0
0
0
0
0
0
0
0
0
0
0
0
0
0
495.648296894148
-1000
0
542.570077727888
0
542.570077727888
0
0
1000
0
0
0
0
0
0
0
0
0
0
0
0
0
0
0
0
0
0
0
0
0
0
0
0
0
-4.6626179670227
0
0
0
0
0
0
0
0
0
0
0
0
790.825993052182
0
0
0
0
0
0
0
0
0
0
0
0
0
0
0
0
0
0
0
0
0
0
0
0
0
0
0
0
0
0
-1000
0
0
0
0
0
0
0
0
0
0
0
0
0
0
0
0
0
0
0
0
0
0
0
0
0
0
0
0
0
0
0
0
0
0
0
0
355.367973339936
0
1000
0
355.372243718954
0
0
0
0
0.772938602142493
0.772938602142493
0
0
0
0
0
0
0
0
0
0
0
0
0
0
0
0
0
0
0
0
0
0
0
0
0
0
0
-0.00365653963433488
0
0
0
-1000
0
0
1000
0
0
0
0
292.645476055353
0
0
292.645476055353
0
0
0
0
0
0
0
0
0
292.645476055353
0
292.645476055353
0
0
0
13.2468967723939
37.760727098532
24.1366944749668
17.6782430236573
26.2109416564092
8.62698259554476
20.1767680376675
36.9121714333964
33.9893685868184
10.7483717583836
20.8367557772174
42.9463450521381
33.8950846240256
10.4655198700051
17.3482491538824
24.0424105121739
31.1608497030333
25.2209600470844
4.61991417684911
31.4437015914118
0
0
0
0
0
0
0
0
0
0
0
0
0
0
0
0
0
0
0
0
0
0
0
0
0
0
0
0
0
0
0
0
0
0
0
0
0
0
0
0
0
0
0
0
0
0
0
0
0
0
0
0
0
0
0
0
0
0
0
0
0
0
0
0
0
0
0
0
0
0
0
0
0
0
0
0
0
0
0
0
0
0
0
0
0
0
246.757175082344
0
0
0
0
0
0
-1000
0
111.566946503474
0
0
144.646028380552
-1000
-1000
1000
1000
232.509967127056
0
0
0
0
272.182227691854
0
-30.0884458041737
-504.845928463534
-504.845928463534
-1000
0
-272.244388865637
727.784863451438
-272.363959478123
1000
1000
504.700735576944
1000
0
0
727.817772308146
0
-1000
-1000
-1000
0
0
0
727.784863451438
727.784863451438
272.244388865637
0
0
0
0
0
0
0
0
0
0
0
1000
364.370260199487
1000
1000
0
500
0
2.51279258938727
5
0
0
0
0
0
0
173.343986121246
0
0
0
0
-0.00148031421213091
0
0.00148031421213091
0.00148031421213091
0
-0.00148031421213091
861.804611481872
363.253112176882
0
-0.00148031421213091
0.00148031421213091
-0.00148031421213091
-0.555857986655155
0
-0.0925196382581817
0
-1000
-0.574731992859824
0
-0.00148031421213091
-0.00148031421213091
0.00148031421213091
-0.00148031421213091
0.00148031421213091
-0.00148031421213091
-0.00148031421213091
-0.00148031421213091
-0.00148031421213091
-0.00148031421213091
-0.00148031421213091
-0.00148031421213091
-0.00148031421213091
-0.00148031421213091
-0.00148031421213091
-0.00148031421213091
-0.031086598454749
-0.00925196382581817
-0.0425590335987636
0
-0.0218346346289309
0.00148031421213091
37.2229240470347
-0.135779312898194
0.00148031421213091
0.00148031421213091
0.00148031421213091
0.00148031421213091
-0.708700429057671
-0.0107322780379491
-0.0795668889020362
-0.400795072934443
-0.0152127367391586
0.00148031421213091
0.00148031421213091
0.0140629850152436
0.00148031421213091
0.00148031421213091
-0.00148031421213091
0
0
0
0
0
0
0
0
0
0
0
0
0
0
0
0
0
0
0
0
0
0
0
0
0
0
0
0
0
0
0
0
0
0
0
0
0
0
0
0
0
0
0
0
0
0
0
0
0
0
0
0
0
0
0
0
0
0
0
0
0
0
0
0
0
0
0
0
0
0
0
0
0
0
0
0
1000
0
0
0
0
0
0
0
0
0
0
0
0
0
0
0
0
0
0
0
0
0
0
0
0
0
0
0
0
0
0
0
0
0
0
0
0
0
0
0
0
0
0
0
0
0
0
0
0
0
0
0
0
0
0
0
0
0
0
0
0
0
0
0
0
0
0
0
0
0
0
0
0
0
0
0
0
0
0
0
0
0
0
0
0
0
0
0
0
0
0
0
0
0
0
0
0
0
0
0
0
0
0
0.00148031421213086
0.00148031421213086
0
0
0
0
0
0
0
0
0
0
0
0
0
0
0
0
0
0
0
0
0
0
0
0
0
0
0
0
0
0
0
0
0
0
0
0
0
0
0
0
0
0
0
0
0
0
0
0
0
0
0
0
0
0
0
0
0
0
0
0
0
0
0
0
0
0
0
0
0
0
0
0
0
0
0
0
0
0
0
0
0
0
0
0
0
0
0
0
0
0
0
0
0
0
0
0
0
0
0
0
0
0
0
0
0
0
0
0
0
0
0
0
0
0
0
0
0
0
0
0
0
0
0
0
0
0
0
0
0
0
0
0
0
0
0
0
0
0
0
0
0
0
0
0
0
0
0
0
0
0
0
0
0
0
0
0
0
0
0
0
0
0
0
0
0
0
0
0
0
0
0
0
0
0
0
0
0
0
0
0
0
0
0
0
0
0
0
0
0
0
0
0
0
0
0
0
0
0
1000
0
0
0
0
0
0
0
0
0
0
0
0
0
0
0
0
0
0
0
0
0
0
0
1000
0
0
0
0
0
0
0
0
0
0
0
0
0
0
0
0
0
0
0
0
0
0
0
0
-0.00456272554367843
0
0
0.00456272554367843
0
0
0
0
0
0
0
0
0
0
0
0
0
0
0
0
0
0
0
0
0
0
0
0
0
0
0
0
0
0
0
0
0
0
0
0
0
0
0
0
0
0
1000
1000
0
0
0
0
0
0
0
0
0
0
0
0
0
0
0
0
0
0
-1000
0
-1000
0
0
0
0
0
0
0
1000
1000
0
0
0
0
0
0
0
0
0
0
0
0
0
0
0
0
0
0
0
0
0
0
0
0
0
0
0
0
0
0
0
0
0
0
0
0
0
0
0
0
0
0
0
0
0
0
0
0
0
0
0
0
0
0
0
0
0
0
0
0
0
0
0
0
0
0
0
0
0
0
0
0
0
0
0
0
0
0
0
0
0
0
0
1000
337.556259930693
0
0
0.00148031421213091
0
-999.950779552447
0
0
-0.00148031421213091
0
863.823796221387
-0.00148031421213091
363.334159379996
0
0
0
0
0.573251678647694
0
-999.426748321352
999.998519685788
0
0
0
0
0
0
0
0
0
0
0
0
0
-1000
0
0
-0.0429291121517963
0
0.0328974751550959
0
0
0
0
0
0
0
0.0100316369967004
0
0
0
0
0
173.343986121246
-1000
1000
-136.122542388423
-136.122542388423
596.840377665162
-39.7591142906724
1000
-0.0219392378058956
0
0
0.00148031421213091
-0.00148031421213091
0
0
0.0492204475533526
-0.0492204475533526
1000
0
0
0
0.00148031421213091
0.00148031421213091
1000
0
-136.176203778613
-863.823796221387
-1000
-0.00148031421213091
-636.665840620004
-363.334159379996
-1000
0
0
0
0
0
-1000
0
-0.573251678647694
0
0
0
-999.426748321352
999.426748321352
-1000
0
0
0
-1000
0
0
0
-1000
0
0
0
0
0
0
0
0
0
0
0
0
0
0
0
0
0
0
0
-1000
1000
-1000
0
-1000
0
-1000
0.0429291121517963
-1000
0
-0.0429291121517963
-0.0429291121517963
0
0
0
0
0
0
-1000
0
1000
0
-1000
0
-1000
0
-1000
0
-1000
0
0
0
0
0
0
0
0
0
-702.228450137419
-297.771549862581
37.2214437328225
-37.2214437328225
0
0
0
0
0
0
0
0
0
0
0
0
0
0
0
0
0
0
0
0
0
0
0
0
0
0
0
0
0
0
0
0
0
0
0
0
0
0
0
0
0
0
0
0
0
0
0
0
0
0
0
0
0
0
0
0
0
0
0
0
0
0
0
0
0
0
0
0
0
0
0
0
0
0
0
0
0
0
0.0100316369967004
0.0100316369967004
0
0
0
0
0
0
0
0
0
0
0
0
0
0
0
0
-0.0100316369967004
-0.0100316369967004
0
0
0
0
0
0
0
0
0
0
0
0
0
0
0
0
0
0
0
0
0
0
0
0
0
0
0
0
0
0
0
0
0
0
0
0
0
0
0
0
0
0
0
0
1.19761035178198
0.00365653963430776
0
0
0
0
0
0
0
0
0.150684761818835
0
0
0
0
0
0
0
0
0
0
0
0
0
0
0
0
0
0
0
0
0
0
0
0
0
0
0
0
0
0
0
0
0
0
0
0
0
0
0
0
0
0
0
0
0
0
0
0
0
0
136.173243150189
136.173243150189
136.173243150189
0
0
0
0
136.122542388423
136.122542388423
0
0
0
0
0
0
0
0
0
0
0
0
0
0
0
0
0
0
0
0
0
0
0
0
0
0
0
0
0
0
0
0
0
0
0
0
0
0
0
0
0
0
0
0
0
0
0
0
0
0
0
0
0
0
0
0
0
0
0
0
0
0
0
0
0
0
0
0
0
0
0
0
0
0
0
0
0
0
0
0
0
0
0
0
0
0
0
0
0
0
0
0
0
0
0
0
0
0
0
0
0
0
0.00148031421213086
0.00148031421213086
0.00148031421213086
0.00148031421213086
0
0
0
0
0
0
0
0
0
0
0
0
0
0
0
0
0
0
0
0
0
0
0
0
0
0
0
0
0
0
0
0
0
0
0
0
0
0
0
0
0
0
0
0
0
0
0
0
0
0
0
0
0
0
0
0
0
0
0
0.00365653963430776
0.00365653963430776
0.00365653963430776
0.00365653963430776
0.00365653963430776
0
0
0
0
0
0
0
0
0
0
0
0
0
0
0
0
0
0
0
0
0
0
0
0
0
0
0
0
0
0
0
0
0
0
0
0
0
0
0
0
0
0
14.9674143724352
14.9674143724352
-14.9674143724352
4.98060619833169
-2.48847482934866
2.48847482934869
2.48847482934869
2.48847482934869
0
0
0
0
0
0
0
0
0
0
0
0
0
0
0
0
0
0
0
0
0
2.48847482934869
2.48118294741129
2.48847482934869
2.48847482934869
2.48847482934869
2.48847482934869
2.48847482934869
2.48847482934869
2.48847482934869
2.48847482934869
2.48847482934869
2.48847482934869
2.48847482934869
2.48847482934869
2.48847482934869
2.48847482934869
2.48847482934869
2.48847482934869
14.9674143724352
14.9674143724352
4.98060619833169
4.98060619833169
0
0
0
0
0
0
0
0
0
0
0
0
0
0
0
0
0
0
0
0
0
0
0
0
0
0
0
0
0
0
0
0
0
0
0
0
0
0
0
0
0
0
0
0
0
0
0
0
0
0
0
0
0
0
0
0
0
0
0
0
0
0
0
0
0
0
0
0
0
0
0
0
0
0
0
0
0
0
0
0
0
0
0
0
0
0
0
0
0
0
0
0
0
0
0
0
0
0
0
0
0
0
0
0
0
0
0
0
0
0
0
0
0
0
0
0
0
0
0
0
0
0
0
0
0
0
0
0
0
0
0
0
0
0
0
0
0
0
0
0
0
0
0
0
0
0
0
0
0
0
0
0
0
0
0
0
0
0
0
0
0
0
0
0
0
0
0
0
0
0
0
0
0
0
0
0
0
0
0
0
0
0
0
0
0
0
0
0
0
0
0
0
1.19761035178198
1.19761035178198
1.19761035178198
0
0.0255533827777275
0.0255533827777275
0
-1.22316373455976
1.22316373455971
0.0255533827777275
0
0
0
0
0
0
0.0255533827777275
0
0.0255533827777275
0.0255533827777275
0
0
0
0
0
0
0
0
0
0
0
0
0
0
0
0
0
0
0
0
0
0
0
0
0
0
0
0
0
0
0
0
0
0
0
0
0
0
0
0
0
0
0
0
0
0
0
0
0
0
0
0
0
0
0
0
0
0
0
0
0
0
0
0
0
0
0
0
0
0
0
0
0
0
0
0
0
0
0
0
0
0
0
0
0
0
0
0
0
0
0
0
0
0
0
0
0
0
0
0
0
0
0
0
0
0
0
0
0
0
0
0
0
0
0
1.19761035178198
0.00365653963430776
0
0
0
0
0
0
0
1.57662569965426
0
0
0
0.988565804244182
0.988565804244182
0.988565804244182
0
0
0
0
0
0
1.35195165323513
0
0
0
0.00365653963430776
0
0
0
0
-1.35195165323512
1.35195165323513
0
0
0
0
0.37120059843161
0
0
0
0
0
0.246570889562552
0
0.224674046419132
0
0
0
0
0
0
0
0
0
0
11.0227040860586
11.0227040860586
11.0227040860586
0
0
0
0
-0.150684761818866
0
0
0
0
0
497.30937373026
0
0
0
0
0
0
0
0
0
0
0
0
0
0
0
0
0
0
0
0
0
0
0
0
0
0
0
0
0
0
0
0
0
0
0
0
0
0
0
0
0
0
0
0
0
0
0
0
0
0
0
0
0
0
0
0
0
0
0
0
0
0
0
0
0
0
0
0
0
0
0
0
0
0
0
0
0
0
0
0
0
0
0
0
0
0
0
0
0
0
0
0
0
0
0
0
0
0
0
0
0
0
0
0
0
0
0
0
0
0
0
0
0
0
0
0
0
0
0
0
0
0
0
0
0
0
0
0
0
0
0
0
0
0
0
0
0
0
0
0
0
0
0
0
0
0
0
0
0
0
0
0
0
0
0
0
0
0
0
0
0
0
0
0
0
0
0
0
0
0
0
0
0
0
0
0
0
0
0
0
0
0
0
0
0
0
0
0
0
0
0
0
0
0
0
0
0
0
0
0
0
0
0
0
0
0
0
0
0
0
0
0
0
0
0
0
0
0
0
0
0
0
0
0
0
0
0
0
0
0
0
0
0
0
0
0
0
0
0
0
0
0
0
0
0
0
0
0
0
0
0
0
0
0
0
0
0
0
0
0
0
0
0
0
0
0
0
0
0
0
0
0
0
0
0
0
0
0
0
0
0
0
0
0
0
0
0
0
0
0
0
0
0
0
0
0
0
0
0
0
0
0
0
0
0
0
0
0
0
0
0
0
0
0
0
0
0
0
0
0
0
0
0
0
0
0
0
0
0
0
0
0
0
0
0
0
0
0
0
0
0
0
0
0
0
0
0
0
0
0
0
0
0
0
0
0
0
0
0
0
0
0
0
0
0
0
0
0
0
0
0
0
0
0
0
0
0
0
0
0
0
0
0
0
0
0
0
0
0
0
0
0
441.220869131264
0
441.220869131264
0
0
0
0
0
0
0
0
0
0
0
0
0
0
0
0
0
0
0
0
0
0
0
0
0
0
0
0
1000
0
0
0
0
0
0
0
0
0
0
0
0
0
0
0
0
0
0
0
0
0
0
0
0
0
0
0
0
0
0
0
0
0
0
0
0
0
0
0
0
0
0
0
0
0
0
0
0
0
0
0
0
0
0
0
0
0
0
0
0
0
0
0
0
0
0
0
0
0
0
0
0
0
0
0
0
0
0
0
0
0
0
0
-246.92371986402
0
0
0
0.0256222741027585
0
0
0
0
0
0
0
246.757175082344
0
0
0
0
0
1.00780944809762
0
0
0
0
0
0
1.00780944809762
0
1.00780944809762
1.00780944809765
0
0
0
0
0
0
0
0
0
0
0
0
0
0
0
0
0
0
0
0
0
0
0
0
0
0
0
0
0
0
0
0
0
0
0
0
0
120.134381844736
120.134381844736
0
0
0
0
0
0
0
0
0
0
0
0
0
0
0
0
0
0
0
0
0
0
0
0
0
0
0
0
0
0
0
0
0
0
0
0
0
0
0
0
0
0
0
0
0
0
0
0
1000
-1000
408.291903897528
0
0
0
1000
1000
-1000
0
798.687293531419
0
0
-1000
407.588099507915
0
0
0
0
0
0
0
0
0
0
0
0
0
0
0
0
0
0
0
0
0
0
0
0
0
0
0
0
0
0
0
0
0
0
0
0
0
0
0
0
-1000
0
0
0
0
0
0
0
0
0
0
0
0
0
0
-999.996343460366
-1000
1000
-1000
1000
999.996343460366
-1000
0
0
0
0
0
0
0.00365653963433488
0
0
0
0
0
0.0292523170744621
0.014626158537231
0.00365653963430776
0.00365653963430776
0.00365653963430776
0.00365653963430776
0
0.00365653963430776
0
0
0
0
0
0
0
0.014594362540411
0
0.00365653963430776
0.0218968431434198
1000
0.00182297048435053
0.00182297048435053
0.00365653963433488
0
0.0127713920560604
0.00182297048435053
0.0273763532620804
-0.00182297048434066
0.00182297048435053
0.00182297048435053
0.00182297048435053
0.00182297048435053
0.00182297048435053
-0.00182297048434066
-0.00364594096868132
-0.0456484527679777
0.00182297048435053
0.00182297048435053
0.00182297048434066
0.00182297048435053
0.0401689426493022
-0.00547951011867553
-0.0419919131337565
0.00365653963433488
0.00182297048435053
0.00182297048435053
0.00365653963430776
0.00365653963430776
-0.00365653963433488
-0.00365653963433488
0.00365653963433488
0.00365653963433488
0.00182297048435053
0.00182297048435053
0.00182297048435053
0.00182297048435053
-0.00547951011867553
-999.974446617222
0
0
0
0
0
0
-504.351703105852
0
0
0
0.00365653963430776
0
0
0
0
0.00182826981715388
0.00365653963433488
0.00365653963433488
0
0
0.00365653963430776
0.00365653963430776
0
0
0
0
0
0
0.00729188193740214
0.00182297048435053
0.0054689114530516
0.00182297048435053
-0.00182297048434066
0.00182297048435053
0.00182297048435053
0.00182297048435053
0.00182297048435053
0.00182297048435053
0.00182297048435053
0.00364594096870107
0.00182297048435053
0.00182297048435053
0.00182297048435053
0.00182297048435053
0.00182297048435053
0
0.00182297048435053
0.00365653963430776
0.00365653963430776
0.00365653963430776
0.00365653963430776
0.00365653963430776
0.00365653963430776
0.00365653963430776
0.00365653963430776
0.00365653963430776
0.00365653963430776
0.00365653963430776
0.00365653963430776
0.00365653963430776
0.00365653963430776
0
0
0
0
0
0
0
0
0
0
0
0
-0.00365653963433488
0.00365653963430776
0.00365653963430776
0
0
0
0
0
0
0
0
0
0
0
0
0
0
0
0
0
0
0
0
0
0
0
0
0
0
0
0
0
0
0
0
0
0
0
0
0
0
0
0
0
0
0
0
0
0
0
0
0
0
0
0
0
0
0
0
0
0
0
0
0
0
0
0
0
1000
37.2214437328226
144.646028380552
0
0
0
0
0.00365653963430776
0
0
0
0
0
0
0
0
0
0
0
1000
1000
0
0
0
0
0
0
0
0
0
0
0
0
-1000
0
0
0
-173.343986121246
0
0
0
0
0
0.00148031421213086
0
0
0
0.00148031421213086
0
0.00148031421213086
0
0
0
0.00148031421213086
0
0
861.804611481872
0.0810472031141671
0
0
0
0.00148031421213086
0
0.00148031421213086
0
0.00148031421213086
0
0.555857986655138
0
0
0
0.0925196382581787
0
0
0
0.00148031421213091
0
0.574731992859806
0
0
0
0.00148031421213086
0
0.00148031421213086
0
0.00148031421213086
0
0.00148031421213086
0
0.00148031421213086
0
0.00148031421213086
0
0.00148031421213086
0
0.00148031421213086
0
0.00148031421213086
0
0.00148031421213086
0
0.00148031421213086
0
0.00148031421213086
0
0.00148031421213086
0
0.00148031421213086
0
0.00148031421213086
0
0.00148031421213086
0
0.0310865984547481
0
0.00925196382581787
0
0.0425590335987622
0
0
0
0.0218346346289302
0
0.00148031421213086
0
37.2229240470347
0
0.135779312898158
0
0.00148031421213086
0
0.00148031421213086
0
0.00148031421213086
0
0.00148031421213086
0
0.708700429057649
0
0.0107322780379487
0
0.0795668889020337
0
0.40079507293443
0
0.0152127367391893
0
0.00148031421213086
0
0.00148031421213086
0
0.0140629850152432
0
0.00148031421213086
0
0.00148031421213086
0
0.00148031421213086
0
0
663.703147235278
0
0
0
0
0
0
0
0
0
-1000
-1000
0
0
1.00780944809762
-955.094468103099
661.532009515582
589.418028593542
0
118.782430191501
287.001911677519
-237.661529043448
-1000
0
0
0
1000
0
0
0
0
0
-5.58249381947053
-1000
0
0
0
0
-287.001911677519
995.973681754896
0
-0.00365653963433488
0
0
0
0
-3.20028474438243
1000
712.998088322481
0
0
0
0
-999.973551029978
1000
286.998255137885
-1000
0
-1000
0
1000
1000
0
-1000
0
0
1000
1000
1000
-1000
0
1000
0
0
-1000
1000
1000
1000
0
0
0
0
-144.646028380552
-502.69062626974
0
0
0
0
0
0
0
0
0
293.440879487102
0
0
0
0
0
0
0
1000
0
0
0
0
1000
0
0
0
0
0
0
0
0
0
-1000
-1000
-1000
-1000
1000
-1000
-1000
-10.4290825408717
-1000
-28.1585701127373
-17.7294875718657
-1000
1000
1000
1000
-1000
-39.4859602215462
-1000
-1000
-1000
-1000
-1000
1000
1000
1000
1000
1000
1000
1000
-1000
1000
1000
-1000
682.732291349906
-1000
-1000
-1000
-1000
-1000
-1000
-1000
1000
-1000
-1000
-1000
-1000
-1000
-1000
-1000
-1000
-1000
-1000
1000
1000
-1000
-1000
-1000
-1000
-1000
-1000
-1000
-1000
-10.6235238936475
-1000
-1000
-1000
-1000
-1000
-1000
-1000
1000
-1000
1000
1000
1000
-1000
-1000
-1000
191.616509222085
-1000
-1000
-1000
1000
1000
-1000
1000
887.963927145081
1000
-1000
-557.215064716021
1000
1000
-1000
-1000
1000
1000
1000
1000
-1000
-1000
935.345741851103
-1000
-1000
978.727665563012
1000
-1000
-1000
-1000
-1000
1000
1000
1000
1000
519.713673716553
1000
1000
-1000
1000
1000
-1000
-1000
-1000
-67.251658680425
455.439968288113
10.8508608548003
-67.251658680425
-1000
-1000
0
0
0
0
0
0
0
0
0
0
0
0
0
0
0
0
0
0
0
0
0
0
0
0
0
0
0
0
0
0
0
0
0
0
0
0
0
0
0
0
0
0
0
0
0
0
0
0
0
0
0
0
0
0
0
0
0
0
0
0
0
0
0
0
0
0
0
0
0
0
0
0
0
0
0
0
0
0
0
0
0
0
0
0
0
0
0
0
0
0
0
0
0
0
0
0
0
0
0
0
0
0
0
0
0
0
0
0
0
0
0
0
0
0
0
0
0
0
0
0
0
0
0
0
0
0
0
0
0
0
0
0
0
0
0
0
0
0
0
0
0
0
0
0
0
0
0
0
0
0
0
0
0
0
0
0
0
0
0
0
0
0
0
0
0
0
0
0
0
0
0
0
0
0
0
0
0
0
0
0
0
0
0
0
0
0
0
0
0
0
0
0
0
0
0
0
0
0
0
0
0
0
0
0
0
0
0
0
0
0
0
0
0
0
0
0
0
0
0
0
0
0
0
0
0
0
0
0
0
0
0
0
0
0
0
0
0
0
0
0
0
0
0
0
0
0
0
0
0
0
0
0
0
0
0
0
0
0
0
0
0
0
0
0
0
0
0
0
0
0
0
0
0
0
0
0
0
0
0
0
0
0
0
0
0
0
0
0
0
0
0
0
0
0
0
0
0
0
0
0
0
576.760079377284
0
0
0
0
0
0
0
1000
0
0
0
0
0
0
0
0
0
0
0.00365653963430776
0
0
0
0
0
-1000
-1000
1000
1000
1000
1000
1000
-1000
-1000
0
-1000
1000
1000
1000
-1000
-1000
-1000
1000
-1000
1000
1000
1000
-983.890641522827
-1000
-1000
-1000
-1000
1000
0
-1000
1000
0
-1000
1000
1000
1000
-1000
-809.407773796421
-1000
-1000
1000
-1000
-1000
-1000
1000
-1000
0
-1000
-999.948882635779
-1000
-1000
-1000
-1000
-1000
0
0
0
0
0
0
0
0
0
0
0
0
0
0
0
0
0
0
0
0
-1000
-1000
-0.480181377532404
0
0
0
0
0
0
1000
0
0
0
109.129558752457
0
0
0
0
0
-0.00365653963433488
0.00365653963430776
0
0
-0.00365653963433488
-0.00365653963433488
0
0
0
0
0
0
0
0
0
0
0
0
0
0
0
0
0
0
0
0
0
290.424878966325
0
0
0
0
0
0.00365653963430776
0
0
-1000
1000
1000
261.011609859652
992.978499827536
0
0
0
0
0.371200598431642
0
0
0
0
246.757175082344
0
0
0
0
0
0
0
0
0
0
0
1000
0
0
0
0.00365653963430776
0
0
0
209.190059510101
1000
0
0
0
0
0
0
1000
0
418.196492722456
0
0
0
101.270584295954
0
0
0
0
0
0
0
0
0
0
0
0
0
0
0
0
0
0
0
0
0
0
0
0
0
0
0
0
0
0
0.00365653963430776
0
0
0
0
0
1000
0
1000
0
0
1.97713160848836
0
0
0
0
0
0
0
-455.410715971039
0
0
0
0
0
0
0
0
0
-0.0292523170744516
0
0.00365653963433488
0
-777.090317329171
272.244388865637
0
998.022868391511
892.87179370522
0
0
0
0
1000
0
0
0
0
0
0
0.00365653963388013
0
1000
0
544.560031711887
0
0
1000
0.0292523170744516
0
0
-1000
0
0
-1000
0.00365653963430776
-1000
1000
0
0
0
0
0
0
0
0
0
0
0.145192886590302
-1000
1000
0
0
0
0
207.635189318334
207.635189318334
0
0
0
0
1000
792.364810681666
999.921014327789
0
998.109167142992
0
0
0
0
0
0
0
0
0
0
0.988565804244182
0
0.00365653963430776
-0.00365653963433488
0.00365653963430776
0.00365653963430776
0
0
0.00365653963433488
0
0
0
0.988565804244217
0
0
-0.0109696189028909
-1000
1.88717631737416
-1000
-1000
1000
1000
0
0
0.00365653963388013
-1000
-1000
-1000
0
0
0
0
0
0
0
0
0
0
0
0
0
0
0
0
0
0
0
0
0
0
0
0
0
1000
0
0
0
0
0
0.00182297048435053
0
1000
0
0
0
0
0
0
0.00365653963430776
0
0
0
0
0
0
0
0
0
37.2214437328225
0
-297.771549862581
0
0
0
0
0
0
0
0
0
0
0
0
0
1000
0
0
0
0
297.771549862581
0
0
0
0
0
0
0
0
0
0
0
0
0
0
0
0
0
0
0
0
0
0
0
0
0
0
0
2.35820309748829
0
0
0
0
0
0
0
0
0
0
0
0
0
0
0
0
0
0
0
0
0
0
0
0
0
0
0
0
0
0
0
0
0
0
0
0
0
0
0
0
0
0
0
0
0
0
0
0
0
0
0
0
0
0
0
0
0
0
0
0
0
0
0
0
0
0
0
0
0
0
0
0
0
0
0
0
0
0
0
0
0
0
0
0
0
0
0
0
0
0
0
0
0
0
0
0
0
0
0
0
0
0
0
0
0
0
0
0
0
0
0
0
0
0.0264489700215336
0
0.00182297048434066
0
0.0269073623089753
0
0
-0.0264489700215336
-0.0346576365338933
0
0
0.0164173330247195
0
0
0
0
0
0
0
0
0
0
0
0
0
0
0
0
0.00365653963430776
0.00365653963430776
0.00365653963430776
-1000
-910.254240034893
0
-636.599491955834
-1000
0
0
0
0
0
0
-1000
1000
0
0
0
0
0
0
0
0
0
0
-1000
0
999.997039371576
-0.00148031421213091
-1000
-1000
-1000
-999.426748321352
-1000
-1000
0
0
0
0
0
0
0
0
0
-792.364810681666
-1000
0
1000
0.400505908834105
0.00365653963430776
0.00365653963430776
0.00365653963430776
0.00365653963430776
0.00365653963430776
0
0
0
0
1000
0
0
0
0
0
0
0
0
0
0
0
-1000
0
0
0
0
0
0
1000
-999.998519685788
0
1000
0
0
-999.998519685788
0
0
0
0
0
0
0
0
0
0
0
0
0
0
0
0
0
0
0
0
0
0
0
37.2214437328226
0
0
0
0
0
0
37.2214437328226
0
0
0
0
0.0429291121517949
37.2214437328226
0
0
0
0
0
37.2214437328226
0
0
0
0.00365653963430776
-592.411900492085
0
0
0
0
0
0
0
0
0
-1000
0
0
0
0
0
0
0
107.12820629478
1000
-1000
-1000
-1000
-1000
1000
0
0.0218968431434198
0
0
0
0
-999.816373702253
-1000
0
0
246.92371986402
0
0
0
999.978060762194
15.1193356452415
0
0
0
0
0.588059895410077
0.588059895410077
0
-0.00638569602801908
0
0
0
0
0
0
0
0
1000
0
0
0
0
0
0
0
1000
0.00365653963430776
0
0
0
0
0
0
0
0
1000
-992.978499827536
0
999.957070887848
0
0
0
1000
0
0.0054689114530516
0
0
0
-863.823796221387
0
-1000
0
0
0
-1000
-1000
0
0
0
0
1000
136.122542388423
0
0
0
0
0
0
-1000
0
0
0
0
-1000
-1000
0
0
232.51850788509
0
0
0
0
0
0
0
0
0
0
0
0
0
998.112823682626
0
1000
0
0
0
0
0
0
0
0
0
1000
0.14519288659028
0
-1000
0.14519288659028
-1000
-1000
1000
0
0
0
0
0
0
0
0
-1000
0
0
0
1000
0.00182297048435053
0.00182297048435053
0
-1000
-441.220869131264
-441.220869131264
363.334159379996
0
0
0
0
0
0
0
0
0
0
0
0
0
0
0
0
0
0
0
0
0
0
0
0
0
-0.0100316369967004
0
0
0
0
0
0
0
0
0
0
0
0
0
0
0
0
0
0
0
0
0
0
0
0
0
0
0
0
0
0
0
0
0
0
0
0
0
0
0
0
0
0
0
0
0
-1000
0
-1000
0
0
0
0
0
0
-1000
0
0
0
0
0
0
0
0
0
0
0
-1000
0
0
0
0
0
0
0
0
0
0
0
0
0
1000
0
0
0
0
0
0
0
0
0
0
0
0
0
0
0
0
0
0
0
0
136.122542388423
0
0
0
0
0
0
0
0
0
0
0
0
0
0
0
0
0
0
0
0
0
0
0
136.122542388423
0
0
0
0
0
0
0
0
0
0
0
136.124022702636
0
0
0
0
0
0
0
0
0
0
0
0
0
0
0
0
0
0
0
0
0
0
0
0
0
0
0
0
0
0
0
0
0
0
0
0
0
0
0
0
0
0
0
0
0
0
0
0
0
0
0
0
0
0
0
0
0
0
0
0
0
0
0
0
0
0
0
0
0
0
0
0
0
0
0
0
0
0
0
0
0
0
0
0
0
0
0
0
0
0
0
0
0
0
0
0
0
0
0
0
0
0
0
0
0
0
0
0
0
0
0
0
0
0
0
0
0
0
0
0
0
0
0
0
0
0
0
0
0
-1000
0
0
0
0
0
0
0
0
0
0
0
0
0
0
0
0
0
0
0
0
0
184.320848083454
0
17.6513344974428
0
-995.337382032977
1000
-4.6626179670227
0
-418.196492722456
0
-1000
663.703147235278
0
0
0
0
-0.0255957774401168
0.0219392378058465
0
0
0
0
0
0
0
0
0
0
0
0
0
0
0
0
0
0
0
0
0
0
0
0
0
0
0
0
0
0
0
0
0
0
0
0
0
0
0
0
0
0
0
0
0
0
0
0
0
0
0
0
0
0
0
0
0
0
0
0
0
0
0
0
0
0
0
0
0
0
0
0
0
0
0
0
0
0
0
0
0
0
0
0
0
0
0
0
0
0
0
0
0
0
0
0
0
0
0
0
0
0
0
0
0
0
0
0
0
0
0
0
0
0
0
0
0
0
0
0
0
0
0
0
0
0
0
0
0
0
0
0
0
0
0
0
0
0
0
0
0
0
0
0
0
0
0
0
0
0
0
0
0
0
0
0
0
0
0
0
0
0
0
0
0
0
0
0
0
0
0
0
0
0
0
0
0
0
0
0
0
0
0
0
0
0
0
0
0
0
0
0
0
0
0
0
0
0
0
0
0
0
0
0
0
0
0
0
0
0
0
0
0
0
0
0
0
0
0
0
0
0
0
0
0
0
0
0
0
0
0
0
0
0
0
0
0
0
0
0
0
0
0
0
0
0
0
0
0
0
0
0
0
0
0
0
0
0
0
0
0
0
0
0
0
0
0
0
0
0
0
0
0
0
0
0
0
0
0
0
0
0
0
0
0
0
0
0
0
0
0
0
363.334159379996
0
0
0
0
0
0
0
0
0
0
0
-1000
0
0
1.00780944809762
0
0.00365653963433488
-790.390414392411
0
0
0
0
0
0
0
0
0
0
0
0
0
0
0
0
0
0
0
0
0
0
0
0
0
0
0
0
0
0
0
0
0
0
0
0
0
0
0
0
0
0
0
0
0
0
0
0
0
0
0
0
0
0
0
0
0
0
0
0
0
0
0
0
0
0
0
0
0
0
0
0
0
0
0
0
0
0
0
0
0
0
0
0
0
0
0
0
0
0
0
0
0
0
0
0
0
0
0
0
0
0
0
0
0
0
0
0
0
0
0
0
0
0
0
0
0
0
0
0
0
0
0
0
0
0
0
0
0
0
0
0
0
0
0
0
0
0
0
0
0
0
0
0
0
0
0
0
0
0
0
0
0
0
0
0
1000
0
0
1000
0
0
0
0
0
0
0
1000
0.00365653963433488
0
0
-236.318593073736
0
0
1000
0
0
0
0
0
0
0
0
0
0
0
0
0
0
0
0
1000
-1000
0
0
1000
0
0
0
0
0
0
0
0
0
0
0
0
0
0
0
0
0
0
0
0
0
0
0
0
0
0
0
0
0
0
0
0
0
0
0
0
0
0
0
0
0
0
0
0
0
0
0
0
0
0
0
0
0
0
0
0
0
0
0
0
0
0
0
0
0
0
0
0
0
0
0
0
0
0
0
0
0
0
0
0
0
0
0
0
0
0
0
0
0
0
0
0
0
0
0
0
0
0
0
0
0
0
0
0
0
0
0
0
0
0
0
0
0
0
0
0
0
0
0
0
0
0
0
0
0
0
0
0
0
0
0
0
0
0
0
1000
500
88.3222133890763
-3.70078553032715
0
0
-0.988565804244217
0
0
471.419813964195
19.5368736016637
42.7037901736184
0.105986656066892
88.3222133890763
0
0
0
0
0
0
0
0
0
933.762861044398
-1000
0
0
-1000
544.527122855178
0
0
0
0
0
-1000
223.328662396935
37.2214437328225
-37.2214437328225
0
0
0
0
0
-0.166544781675725
0
0
0
0
0.00456272554367968
0.00365653963430776
0
0
0
0
0
0
0
0
0
0
0
0
0
0
0
0
173.343986121246
0
0
0
0
-999.973551029978
-0.708700429057671
-0.031086598454749
0
-10.8508608548003
-21.2723344369883
-43.3819237119089
-34.018925615529
-10.6235238936475
-808.383490777915
-26.8778671058211
-4.6626179670227
-31.8194949449396
-1000
-1000
0
0
0
0
-1000
-39.4859602215462
-17.7294875718657
-317.267708650094
-13.4811537789659
-10.4290825408717
-24.2007501602272
1000
431.065108548632
-69.643598530911
0
0
-397.009316633241
-1000
0
1000
-0.00365653963433488
0
999.816373702253
-1000
0
0
0
0
0.371200598431642
0
1000
544.560031711887
0
0
0
0
0
0
0
0
0
0
0
0
0
0
-0.00365653963433488
0
0
0
0
0
0
0
0
0
0
0
0
290.424878966325
0
0
0
0
1000
0
190.6433435678
0
0
0
1000
246.757175082344
0
-0.00365653963433488
-0.00365653963433488
-1.00780944809765
592.411900492085
0
0
-0.00365653963433488
0
-0.00365653963433488
0
0
0
-0.00365653963433488
0
0
0
-0.00365653963433488
0
0
0
0
0
0
0
0
0
0
0
1000
0
0
0
0
0
910.254240034893
0
0
0
0
0
0
0
-338.467990484418
44.9055318969013
497.30937373026
0
0
-983.890641522827
0
1000
0
0
-0.00365653963433488
0
0
0
0
0
0
0
0
0
0
0
0
602.990683366759
0
1000
-3.20028474438243
-0.480181377532404
-1000
-1000
0
0
0
0
0
712.998088322481
0
0
2.48847482934889
0
0
0
0
0
0
0
0
0
0
0
995.973681754896
1000
589.418028593542
0
0
118.782430191501
-44.9055318969013
0
-1000
1000
0
0
-144.646028380552
0
0
-0.166544781675725
-1000
-504.351703105852
0
0
0
0
0
0
-0.0511173642211133
0
0
0
0
0
-738.988390140348
-287.001911677519
286.998255137885
0
0
0
0
0
287.001911677519
-1000
-1000
-5.58249381947053
0
0
0
0
0
0
0
0
0
1000
0
0
-0.0152127367391586
-0.00148031421213091
-0.400795072934443
-1000
-0.0218346346289309
-0.135779312898194
-0.0140629850152436
-0.0795668889020362
-0.0425590335987636
-0.00148031421213091
0
0
861.804611481872
-0.0810472031141671
-0.00148031421213091
-1000
-0.00148031421213091
-0.00148031421213091
0
-0.0107322780379491
0
-0.00148031421213091
-0.555857986655155
0
0
-15.1193356452414
0
0
-0.00148031421213091
-0.00925196382581817
0
-37.2229240470347
-0.00148031421213091
-0.00148031421213091
-0.00148031421213091
0
0
-0.0925196382581817
0
0
0
-1000
1000
-497.30937373026
497.30937373026
-1000
1000
-0.00365653963433488
-1000
1000
-1000
1000
0
0
-1000
-602.990683366759
0
0
0
0
0
0
0
0
0
0
0
0
0
0
0
0
-1000
1000
1000
-1000
-1000
0
-1000
1000
0
0
0
-0.00148031421213091
-0.00148031421213091
0
0
0
1000
-4.6626179670227
4.6626179670227
-0.0255957774401168
0.0219392378058956
0
0
0
0
0
-1000
-1000
0
0
0
0
0
0
0
0
0
0
0
0
0
0
0
0
0
0
0
0
0
0
0
0
0
0
0
0
0
0
0
0
0
0
0
0
0
0
0
0
0
0
0
0
0
0
0
0
0
0
0
0
0
0
0
0
0
0
0
0
0
0
0
0
0
0
0
0
0
0
0
-0.00148031421213091
0
-0.00148031421213091
0
0
0
0
0
0
0
0
0
0
0
0
0
0
0
0
0
0
0
0
0
0
0
0
0
0
0
0
0
0
0
0
0
0
0
0
0
0
0
0
0
0
0
0
0
0
0
0
0
0
0
0
0
0
0
0
0
0
0
0
0
0
0
0
0
0
0
0
0
0
0
0
0
0
0
0
0
0
0
0
0
0
0
0
0
0
0
0
0
0
0
0
0
0
0
0
0
0
0
0
0
0
0
0
0
0
0
0
0
0
0
0
0
0
0
0
0
0
0
0
0
0
0
0
0
0
0
0
0
0
0
0
0
0
0
0
0
0
0
0
0
0
0
0
0
0
0
0
0
0
0
0
0
0
0
0
0
0
0
0
0
0
0
0
0
0
0
0
0
0
0
0
0
0
0
0
0
0
0
0
0
0
0
0
0
0
0
0
0
0
0
0
0
0
0
0
0
0
0
0
0
0
0
0
0
0
0
0
0
0
0
0
0
0
0
0
0
0
0
0
0
0
0
0
0
0
0
0
0
0
0
0
0
0
0
0
0
0
0
0
0
0
0
0
0
0
0
0
0
0
0
0
0
0
0
-1000
0
1000
0
0
0
790.390414392411
0
0
0
0
0
0
0
0
0
0
0
0
0
0
0
0
0
0
0
0
0
0
0
0
0
1000
0
0
-1000
0
-763.681406926264
-0.00365653963433488
0
0
0
0
0
0
0
0
1000
0
0
0
0
0
-1000
0
0
0
0
0
0
0
0
0
0
0
0
0
0
0
0
0
0
0
0
0
0
0
0
0
0
0
0
0
0
0
0
0
0
0
0
0
0
0
0
0
0
0
0
0
0
0
0
-0.00148031421213091
-0.00148031421213091
-0.00148031421213091
-0.00148031421213091
0
-0.00148031421213091
-0.574731992859824
-0.00148031421213091
-0.00148031421213091
-0.00148031421213091
-0.00148031421213091
-0.00148031421213091
0
-0.00148031421213091
-0.00148031421213091
-0.00148031421213091
-0.00148031421213091
-0.00148031421213091
-0.00148031421213091
-0.00148031421213091
0
-0.00148031421213091
-0.00148031421213091
-0.00148031421213091
0
-1000
0
0
88.3222133890763
0
0
0
0
0
0
