0
0
0
0
0
0
0
1000
-1000
306.307412360884
693.692587639116
0
0
194.399252716654
0
0
999.715360516214
-999.715360516214
999.934672905361
0
0.0653270946392907
0
-1000
0.410627452018389
0
1000
-209.180379839645
0
-51.9415659200099
0.0657806879984348
0
0
0
0
0
0.0319812270964221
0
12.2969099037996
12.2969099037996
39.2020473370954
12.2969099037996
12.2969099037996
12.2969099037996
12.2969099037996
12.2969099037996
0
0
0
0
0
0
0
0
0
0
0
0
1000
0
0
0
0
0
0
0
174.910664958006
0
0
0
0
0
0
0
1000
1000
0
0
0
0
0
0
0
-1000
0
0
0
0
0
0
0
0
0
0
0
0
0
0.0039954819294824
0.00399548192945076
0
0
0
0.00399548192945076
-0.00399548192945076
0
0
0
-0.00399548192945076
0
0
0
1000
0
0
0
0
0
330.360119904512
39.374817420134
0
0
0
0
0
0
0
0
1000
0
0
0
0
815.182011071388
0
0
1000
0
0
0
0
1000
0
0
0
0
-16.3548162024672
0
0
0
0
294.03433843557
0
0
0
-212.092101772139
0
0
595.963077781226
1000
1000
404.027589776683
0
212.092101772139
0
-1000
404.027589776683
598.426842493337
1000
-805.600747283346
0
212.092101772139
1000
0
0
0
0
0
1000
665.732146766423
0
0
0
0
0
-337.002482185192
0
0
0
0
0
0
0
357.926712227376
-1000
0
332.607611302983
0
758.447332857354
0
0
0
0
662.980865147974
662.980865147974
532.253330143239
0
0
332.607611302983
-999.988013554212
0
-999.995333778954
0
0
0
0
0
0
0
0
0
0
0
-1000
0
0
-1000
469.035068015181
197.068922523416
333.122970566351
0
0
0
0
0.773038895052029
0
999.988013554212
0
0
0
-642.061301326835
0
0
0
0
0
0
0
0
0
0
0
0
-1000
0
-1000
-330.360119904512
-1000
-1000
0
-18.1238804879265
332.611606784913
-1000
1000
-1.08020073675743
1000
0
0
-1000
0
1000
-0.773038895052082
1000
0
0
1000
0
0.200647504963536
0
-0.200647504963513
0
0.00199195041122021
0
0
0
738.472073945014
2.41673383641296
0
0
0
1000
0
20.7375812003577
0
0
0
0
0
0
662.798882527193
0
1000
0.524691705459347
0
0
1000
0
-0.200647504963513
0
-0.773038895052082
0
0
0.773038895052082
0
0
0
0
0
0
0
0
-1000
0
0
0
-1000
0.773038895052082
0
1000
-1.08020073675743
0
0
0
0
0
0
0
0
0
0
0
0
0
0
0
-20.7375812003577
0
0
0
2.5767963168401
10.8476369293194
0
0
0
0
0
0
0
0
0
-419.03744927784
-1000
1000
-21.254932414137
-1000
1000
-1000
1000
0
-1000
1000
-999.484640736632
1000
-1000
1000
0
-1000
0
0
0
0
-1000
0
1000
-1000
0
-1000
1000
0
0
1000
0
0
0
0
0
0
0
1.0802007367574
-18.119885005997
1000
1000
-1000
1000
-1000
-0.515359263368055
-1000
-1000
1000
0
1000
1000
-1000
0
-1000
-1000
1000
-1000
-1000
1000
-1000
-1000
1000
1000
0
0
0
0
0
0
0
0
0.011986445788466
0
0
0
-711.000125882292
1000
0
0
0
-69.1279051968519
331.134712598093
0
0
0
0
0
0
0
0
0
294.884296371642
0
0
0
0
0.0039954819294824
0
1000
-26.4440344192828
-973.555965580717
0
0
973.555965580717
0
0
0
0
0
0
0
0
0
0
0
0
0
0
0
0
0
0
0
0
0
0
0
0
0
0
0
0
0
0
0
0
0
0
0
0
0
0
0
1000
1000
1000
0.116655526141585
0.116655526141585
0
-961.012169364952
0
0
0
0
0
0
0
0
0
0
0
0
0
0
0
0
-669.635884613558
0
0
0
0
0
0
0
0
0
0
0
0
0
0
0
0
0
0
0
0
0
0
0
0
0
0
0
0
0
0
0
0
0
0.181982620780882
0
0
477.017395946309
-1000
1000
0
1000
0
0
0
1000
0
0
0
0
0
0
0
0
0
0
0
0
0
0
0
0
0
0
0
0
0
0
0
0
0
0
0
999.818017379219
0
0
0.181982620780882
0
0
0
0
0
0
0
0
0
1000
0
0
0
0
0
0
0
0
0
0
0
0
0
0
0
0
0
0
0
0
0
0
0
0
0
0
0
0
0
0
0
0
0
-1000
0
0
0
0
0
0
0
0
0
0
0
0
0.0119864457884472
0.0119864457884472
0
0.0119864457884472
0
0
0
0
0
0
0
0
0
0
0
0
0
0
0
0
0
0
0
0
0
1000
0
0.00466622104566362
0
0
0
0
0.844586009265116
0.844586009265116
0
0
0
0
0
0
0
0
0
0
0
0
0
0
0
0
0
0
0
0
1000
0
0
0
0
0
-1000
0
0
0
-1000
0
0
-1000
0
0
0
0
2.42643494374508
0
0
2.42643494374508
0
0
0
0
0
0
0
0
0
0
2.42643494374508
0
2.42643494374508
0
0
0
14.4748155275605
41.2609510234021
26.3740411035978
19.3169246364242
28.6405602609383
9.426659222575
22.0470499850388
40.3337386408537
37.1400071009649
11.7446901789459
22.7682151714653
46.9272489167532
37.036983502904
11.4356193847631
18.9563420432109
26.2710175055369
34.049299159137
27.5588124812985
5.04815630498552
34.3583699533198
0
0
0
0
0
0
0
0
0
0
0
0
0
0
0
0
0
0
0
0
0
0
0
0
0
0
0
0
0
0
0
0
0
0
0
0
0
0
0
0
0
0
0
0
0
0
0
0
0
0
0
0
0
0
0
0
0
0
0
0
0
0
0
0
0
0
0
0
0
0
0
0
0
0
0
0
0
0
0
0
0
0
0
0
0
0
0
0
0
0
0
0
0
0
-1000
0
0
0
0
0
-1000
-1000
1000
1000
600.605970058666
0
0
0
0
0
0
-69.1279051968519
-931.134073920822
-600.773954016309
-1000
0
-330.364115386442
669.635884613558
0.639943022372222
1000
1000
600.615302500757
1000
0
0
1000
0
-1000
-1000
-1000
0
0
0
669.635884613558
669.635884613558
330.364115386442
0
0
0
0
0
0
0
0
0
0
0
-1000
335.356044934193
1000
1000
0
500
250.001656580853
2.51397839619967
5
0
0
0
0
0
0
415.178685027787
0
0
0
0
-0.0107408127979625
0
0
0
0
-0.0107408127979625
0
334.223902932352
0
-0.0214816255959249
0
-0.0107408127979625
0
0
0
0
-1000
0
0
-0.0107408127979625
-0.0107408127979625
0.0107408127979625
-0.0107408127979625
0.0107408127979625
-0.0107408127979625
-0.0107408127979625
-0.0107408127979625
-0.0107408127979625
-0.0107408127979625
-0.0107408127979625
-0.0107408127979625
-0.0107408127979625
-0.0107408127979625
-0.0107408127979625
-0.0107408127979625
-0.225557068757212
-0.0810838663344384
-0.308798367941449
-0.311483571140911
-0.158426988769975
0.0107408127979625
0.0107408127979625
-0.698644936268124
0.0107408127979625
0.0107408127979625
0.0107408127979625
0.0107408127979625
-5.14216412702535
-0.0778708927851994
-3.48539375293933
0
-0.0854343979832493
0.0107408127979625
0.0107408127979625
0.1020377215807
0.0107408127979625
0.0107408127979625
-0.0107408127979625
0
0
0
0
0
0
0
0
0
0
0
0
0
0
0
0
0
0
0
0
0
0
0
0
0
0
0
0
0
0
0
0
0
0
0
0
0.0139537863472015
0
0
0
0
0
0
0
0
0
0
0
0
0
0
0
0
0
0
0
0
0
0
0
0
0
0
0
0
0
0
0
0
0
0
0
0
0
0
0
1000
0
0
0
0
0
0
0
0
0
0
0
0
0
0
0
0
0
0
0
0
0
0
0
0
0
0
0
0
0
0
0
0
0
0
0
0
0
0
0
0
0
0
0
0
0
0
0
0
0
0
0
0
0
0
0
0
0
0
0
0
0
0
0
0
0
0
0
0
0
8.87138360076865
8.87138360076865
8.87138360076865
8.86064278797068
0
0
0
0
0
0
0
0
0
0
0
0
0
0
0
0
0
0
0
0
0
0
0
0
0
0
0
0
0.0107408127979642
0.0107408127979642
165.200166653383
0.588059500688538
568.972703442084
4.17012056880959
0.67130079987276
0
0
0.0107408127979642
0.0107408127979642
0
0.0107408127979642
0
0
0
0
0
0
0
0
0
0
0
0
0
0
0
0
0
0
0
0
0
0
0
0
0
0
0
0
0
0
0
0
0
0
0
0
0
0
0
0
0
0
0
0
0
0
0
0
0
0
0
0
0
0
0
0
0
0
0
0
0
0
0
0
0
0
0
0
0
0
0
0
0
0
0
0
0
0
0
0
0
0
0
0
0
0
0
0
2.9080750650488
0
0
0
0
0
0
0
0
0
0
0
0
0
0
0
0
0
0
0
0
0
0
0
0
0
0
0
0
0
0
0
0
0
0
0
0
0
0
0
0
0
0
0
0
0
0
0
0
0
0
0
0
0
0
0
0
0
0
0
0
0
0
0
0
0
0
0
0
0
0
0
0
0
0
0
0
0
0
0
0
0
0
0
0
0
0
0
0
0
0
0
0
0
0
0
0
0
0
0
0
0
0
0
0
-1000
0
0
0
0
0
0
0
0
0
0
0
0
0
0
0
0
0
0
0
0
0
0
0
0
0
0
0
0
0
0
0
0
0
0
0
0
0
0
0
0
0
0
0
0
0
0
0
0
0
0
0
0
0
0
0
0
0
-0.0129592587800289
0
0
0.0129592587800289
0
0.0129592587799733
0
0.0129592587799733
0
0
0
0
0
0
0
0
0
0
0
0
0
0
0
0
0
0
0
0
0
0
0
0
0
0
0
0
0
0
0
0
0
0
0
0
0
0
0
0
0
0
1000
1000
0
0
0
0
0
0
0
0
0
0
0
0
0
0
0
0
0
0
0
0
0
-1000
0
-1000
0
0
0
0
0
0
0
1000
1000
0
0
0
0
0
0
0
0
0
0
0
0
0
0
0
0
0
0
0
0
0
0
0
0
0
0
0
0
0
0
0
0
0
0
0
0
0
0
0
0
0
0
0
0
0
0
0
0
0
0
0
0
0
0
0
0
0
0
0
0
0
0
0
0
0
0
0
0
0
0
0
0
0
0
0
0
0
0
0
0
0
0
0
-997.839598526485
60.3715995940067
0
0
0.0107408127979625
0
1000
0
0
165.189425840585
0
584.421219695489
568.961962629286
334.223902932352
0
0
0
0.0139537863472015
4.15937975601162
0
0
999.989259187202
0
0
0
0
0
0
0
0
0
0
0
0
0
224.719892166395
0.0139537863472015
0
0
0
-0.0478415531904375
0
0
0
0
0
0
0
0.0478415531904375
0
0
0
0
0
415.178685027787
1000
-997.839598526485
-165.178685027787
-165.178685027787
0
-60.3715995940066
1000
-0.0239728915769319
0
0
0.0107408127979625
-0.0107408127979625
0
0
165.578780304511
-165.578780304511
1000
0
0
0
-165.189425840585
-165.189425840585
-1000
0
1000
-834.421219695489
-1000
0
-665.776097067648
-334.223902932352
-1000
0
0
0
0
0
-1000
0
-1000
0
0
0
0
0
-1000
0
0
0
-1000
0
0
0
-1000
0
0
0
0
0
0
0
0
0
0
0
0
0
0
0
0
0
0
0
224.719892166395
-224.719892166395
-1000
0
-1000
0
-1000
0
-1000
0
0
0
0
0
0
0
0
0
-1000
0
1000
0
-1000
0
-1000
0
-1000
0
-1000
0
0
0
0
0
0
0
0
0
0
0
-1000
250
-250
0
0
0
0
0
0
0
0
0
0
0
0
0
0
0
0
0
0
0
0
0
0
0
0
0
0
0
0
0
0
0
0
0.0139537863472015
-0.0139537863472015
0
0
0
0
0
0
0
0
0
0
0
0
0
0
0
0
0
0
0
0
0
0
0
0
0
0
0
0
0
0
0
0
0
0
0
0
0.0139537863472015
-0.0139537863472015
0
0
0
0
0
0
0.0478415531904375
0.0478415531904375
0
0
0
0
0
0
0
0
0
0
0
0
0
0
0
0
-0.0478415531904375
-0.0478415531904375
0
0
0
0
0
0
0
0
0
0
0
0
0
0
0
0
0
0
0
0
0
0
0
0
0
0
0
0
0
0
0
0
0
0
0
0
0
0
0
0
0
0
0
0
0
0.0039954819294824
0
0
0
0
0
0
0
0
12.2091041524363
0
0
0
0
0
0
0
0
0
0
0
0
0
0
0
0
0
0
0
0
0
0
0
0
0
0
0
0
0
0
0
0
0
0
0
0
0
0
0
0
0
0
0
0
0
0
0
0
0
0
0
0
0
0
0
0
0
0
0
0
0
0
0
0
0
165.578780304511
165.578780304511
165.578780304511
0
0
0
0
165.178685027787
165.178685027787
0
0
0
0
0
0
0
0
0
0
0
0
0
0
0
0
0
0
0
0
0
0
0
0
0
0
0
0
0
0
0
0
0
0
0
0
0
0
0
0
0
0
0
0
0
0
0
0
0
0
0
0
0
0
0
0
0
0
0
0
0
0
0
0
0
0
0
0
0
0
0
0
0
0
0
0
0
0
0
0
0
0
0
0
0
0
0
0
0
0
0
0
0
0
0
0
0
0
0
0
0
0
0
0
0
0
0
0
0
0
165.189425840585
165.189425840585
165.189425840585
165.189425840585
-165.189425840585
0
0
0
0
0
0
0
0
0
0
0
0
0
0
0
0
0
0
0
0
0
0
0
0
0
0
0
0
0
0
0
0
0
0
0
0
0
0
0
0
0
0
0
0
0
0
0
0
0
0
0
0
0
0
0.0039954819294824
0.0039954819294824
0.0039954819294824
0.0039954819294824
0.0039954819294824
0
0
0
0
0
0
0
0
0
0
0
0
0
0
0
0
0
0
0
0
0
0
0
0
0
0
0
0
0
0
0
0
0
0
0
0
0
0
0
0
0
0
0
0
0
0
0
0
0
16.3548162024672
16.3548162024672
-16.3548162024672
5.44228260965361
-2.71914356386208
2.71914356386206
2.71914356386206
2.71914356386206
2.71117576221718
2.71117576221718
2.71117576221718
2.71117576221718
2.71117576221718
2.71117576221718
2.71117576221718
0
2.71117576221718
2.71117576221718
2.71117576221718
2.71117576221718
2.71117576221718
2.71117576221718
2.71117576221718
2.71117576221718
2.71117576221718
2.71117576221718
2.71117576221718
0
0
0.00796780164488084
0
0.00796780164488084
0.00796780164488084
0.00796780164488084
0.00796780164488084
0.00796780164488084
0.00796780164488084
0.00796780164488084
0.00796780164488084
0.00796780164488084
0.00796780164488084
0.00796780164488084
0.00796780164488084
0.00796780164488084
0.00796780164488084
0.00796780164488084
0.00796780164488084
16.3548162024672
16.3548162024672
5.44228260965361
5.44228260965361
0
0
0
0
0
0
0
0
0
0
0
0
0
0
0
0
0
0
0
0
0
0
0
0
0
0
0
0
0
0
0
0
0
0
0
0
0
0
0
0
0
0
0
0
0
0
0
0
0
0
0
0
0
0
0
0
0
0
0
0
0
0
0
0
0
0
0
0
0
0
0
0
0
0
0
0
0
0
0
0
0
0
0
0
0
0
0
0
0
0
0
0
0
0
0
0
0
0
0
0
0
0
0
0
0
0
0
0
0
0
0
0
0
0
0
0
0
0
0
0
0
0
0
0
0
0
0
0
0
0
0
0
0
0
0
0
0
0
0
0
0
0
0
0
0
0
0
0
0
0
0
0
0
0
0
0
0
0
0
0
0
0
0
0
0
0
0
0
0
0
0
0
0
0
0
0
0
0
0
0
0
0
0
0
0
0
0
0
0
0
0
0
1.30862263168436
0.0279220490782089
0.0279220490782089
0
0
0
0
-0.0279220490782564
0.0279220490782089
0
0
0
1.28070058260615
0
0
0
0
0
0
0
0
0
0
0
0
0
0
0
0
0
0
0
0
0
0
0
0
0
0
0
0
0
0
0
0
0
0
0
0
0
0
0
0
0
0
0
0
0
0
0
0
0
0
0
0
0
0
0
0
0
0
0
0
0
0
0
0
0
0
0
0
0
0
0
0
0
0
0
0
0
0
0
0
0
0
0
0
0
0
0
0
0
0
0
0
0
0
0
0
0
0
0
0
0
0
0
0
0
0
0
0
0
0
0
0
0
0
0
0
0
0
0
0
0
0
0
0.0039954819294824
0
0
0
0
0
0
0
1.72277074024352
0
0
0
1.0802007367574
1.0802007367574
1.0802007367574
0
0
0
10.7358290615671
0
0
1.47727057279865
0
0
10.7358290615671
0.0039954819294824
0
0
0
0
-1.4772705727986
1.47727057279865
0
0
0
0
0.405608972300208
0
12.0444516932515
0
0
0
0.269426734593589
0
0.245500167444863
0
12.0444516932515
12.0444516932515
0
0
0
0
0
0
0
0
0
0
0
0
0
0
-12.2091041524362
0
0
0
0
0
0
0
0
0
0
0
0
0
0
0
0
0
0
0
0
0
0
0
0
0
0
0
0
0
0
0
0
0
0
0
0
0
0
0
0
0
0
0
0
0
0
0
0
0
0
0
0
0
0
0
0
0
0
0
0
0
0
0
0
0
0
0
0
0
0
0
0
0
0
0
0
0
0
0
0
0
0
0
0
0
0
0
0
0
0
0
0
0
0
0
0
0
0
0
0
0
0
0
0
0
0
0
0
0
0
0
0
0
0
0
1000
0
0
1000
1000
0
0
0
0
0
0
0
0
0
0
0
0
0
0
0
0
0
0
0
0
0
0
0
0
0
0
0
0
0
0
0
0
0
0
0
0
0
0
0
0
0
0
0
0
0
0
0
0
0
0
0
0
0
0
0
0
0
0
0
0
0
0
0
0
0
0
0
0
0
0
0
0
0
0
0
0
0
0
0
0
0
0
0
0
0
0
0
0
0
0
0
0
0
0
0
0
0
0
0
0
0
0
0
0
0
0
0
0
0
0
0
0
0
0
0
0
0
0
0
0
0
0
0
0
0
0
0
0
0
0
0
0
0
0
0
0
0
0
0
0
0
0
0
0
0
0
0
0
0
0
0
0
0
0
0
0
0
0
0
0
0
0
0
0
0
0
0
0
0
0
0
0
0
0
0
0
0
0
0
0
0
0
0
0
0
0
0
0
0
0
0
0
0
0
0
0
0
0
0
0
0
0
0
0
0
0
0
0
0
0
0
0
0
0
0
0
0
0
0
0
0
0
0
0
0
0
0
0
0
0
0
0
0
0
0
0
0
0
0
0
0
0
0
0
0
0
0
0
0
0
0
0
0
0
0
0
0
0
0
0
0
0
0
0
0
0
0
0
0
0
0
0
0
0
0
0
0
0
0
0
0
507.4541156539
0
507.4541156539
0
0
0
0
0
0
0
0
0
0
0
0
0
0
0
0
0
0
0
0
0
0
0
0
0
0
0
0
1000
0
0
0
0
0
0
0
0
0
0
0
0
0
0
0
0
0
0
0
0
0
0
0
0
0
0
0
0
0
0
0
0
0
0
0
0
0
0
0
0
0
0
0
0
0
0
0
0
0
0
0
0
0
0
0
0
0
0
0
0
0
0
0
0
0
0
0
0
0
0
0
0
0
0
0
0
0
0
0
0.181982620780882
0.181982620780882
0
0
0
0
0.1819826207809
0.181982620780882
0
0
0
0
0
0
0.0279973262739829
0
0
0
0
0
0
0
0
0
0
0
0
0
1.10122816677662
0
0
0
0
0
0
1.10122816677662
1.10122816677662
1.10122816677662
1.10122816677665
0
0
0
0
0
0
0
0
0
0
0
0
0
0
0
0
0
0
0
0
0
0
0
0
0
0
0
0
0
0
0
0
0
0
0
0
0
735.718568999072
735.718568999072
0
0
0
0
0
0
0
0
0
0
0
0
0
0
0
0
0
0
0
0
0
0
0
0
0
0
0
0
0
0
0
0
0
0
0
0
0
0
0
0
0
0
0
0
0
0
0
0
1000
870.831555374754
-1000
0
0
0
-1000
-1000
1000
0
0
0
0
870.058516479702
-1000
0
0
0
0
0
0
0
0
0
0
0
0
0
0
0
0
0
0
0
0
0
0
0
0
0
0
0
0
0
0
0
0
0
0
0
0
0
0
0
0
1000
0
0
0
0
0
0
0
8.87138360076865
8.87138360076865
0
0
0
0
0
0
0
0
-999.996004518071
999.996004518071
1000
999.996004518071
1000
-1000
-1000
0
0
0
0
0
0
0.00399548192945076
0
0
0
0
0
0
0
0
0
0
0
0
0
0
0
0
0
97.72244471489
0
0
0
0
0.0159471843968037
0.0039954819294824
0.0239265671487265
652.579726237449
0.00199195041122021
0.00199195041122021
0.00399548192945076
0
0.0139552339855834
0.00199195041122021
0.0299139994894766
-0.00199195041125222
0.00199195041122021
0.00199195041122021
0.00199195041122021
0.00199195041122021
0.00199195041122021
-0.00199195041125222
-0.00398390082239075
0.00199195041122021
0.00199195041122021
0.00199195041125222
0.00199195041122021
-0.00598743234070298
-0.00598743234070298
0.00399548192945076
0.00399548192945076
0.00199195041122021
0.00199195041122021
0.0039954819294824
0.0039954819294824
-0.00399548192945076
-0.00399548192945076
0.00399548192945076
0.00399548192945076
0.00199195041122021
0.00199195041122021
0.00199195041122021
0.00199195041122021
0.0498798280298161
-0.00598743234070298
-652.551804188371
0
0
0
0
0
0
-522.982604053691
0
0
0
0.0039954819294824
0
0
0
0
0.0019977409647412
0.00399548192945076
0.00399548192945076
0
0.0039954819294824
0
0
0
0
0
-0.00399548192945076
0
0
0.00796780164488084
0.00199195041122021
0.00597585123366063
0.00199195041122021
-0.00199195041125222
0.00199195041122021
0.00199195041122021
0.00199195041122021
0.00199195041122021
0.00199195041122021
0.00199195041122021
0.00398390082244042
0.00199195041122021
0.00199195041122021
0.00199195041122021
0.00199195041122021
0.00199195041122021
0
0.00199195041122021
0.0039954819294824
0.0039954819294824
0.0039954819294824
0.0039954819294824
0.0039954819294824
0.0039954819294824
0.0039954819294824
0.0039954819294824
0.0039954819294824
0.0039954819294824
0.0039954819294824
0.0039954819294824
0.0039954819294824
0.0039954819294824
0
0
0
0
0
0
0
0
0
0
0
0
-0.00399548192945076
0
0
0
0
0
0
0
0
0
0
0
0
0
0
0
0
0
0
0
0
0
0
0
0
0
0
0
0
0
0
0
0
0
0
0
0
0
0
0
0
0
0
0
0
0
0
0
0
0
0
0
0
0
0
0
0
0
0
0
0
0
0
0
847.388839680333
500
0
0
0
0
0
0.0039954819294824
0
0
0
0
0
0
0
0
0
0
0
0
0
0
0
0
0
0
0
0
0
-34.3987711503675
0
0
0
-415.178685027787
0
0
0
0
0
0.0107408127979642
0
0
0
0
0
0
0
0
0
0.0107408127979642
0
0
0
0
0
0
0
0.0214816255959283
0
0
0
0.0107408127979642
0
0
0
0
0
0
0
0
0
0
0
0
0
0
0
0.0107408127979642
0
0.0107408127979642
0
0.0107408127979642
0
0.0107408127979642
0
0.0107408127979642
0
0.0107408127979642
0
0.0107408127979642
0
0.0107408127979642
0
0.0107408127979642
0
0.0107408127979642
0
0.0107408127979642
0
0.0107408127979642
0
0.0107408127979642
0
0.0107408127979642
0
0.0107408127979642
0
0.0107408127979642
0
0.225557068757247
0
0.0810838663344792
0
0.30879836794147
0
0.311483571140961
0
0.158426988769971
0
0.0107408127979642
0
0.0107408127979642
0
0.698644936268098
0
0.0107408127979642
0
0.0107408127979642
0
0.0107408127979642
0
0.0107408127979642
0
5.14216412702534
0
0.0778708927852401
0
3.48539375293937
0
0
0
0.0854343979832855
0
0.0107408127979642
0
0.0107408127979642
0
0.10203772158066
0
0.0107408127979642
0
0.0107408127979642
0
0.0107408127979642
0
0
-1000
0
0
-1.28070058260619
1000
0
0
0
0
0
-0.011986445788466
-1000
0
0
0
-1000
1000
-337.019134852026
0
734.241298426273
1000
177.282669115186
-1000
0
0
1000
0
0
0
0
0
14.6336236209676
1000
-12.0444516932514
0
0
0
-662.798882527193
1000
-0.00399548192945076
0
0
-3.49693457317039
1000
-20.7375812003577
0
0
0
-986.356608825596
1000
662.798882527193
-1000
-667.380402251228
0
0
950.97101660273
0
1000
-1000
0
0
1000
1000
-1000
1000
0
1000
0
0
-1000
1000
1000
1000
0
0
0
0
0
-363.384048345996
0
0
0
0
0
0
0
0
0
0
0
1000
0
0
0
0
0
0
0
0
0
0
1000
0
0
0
0
0
0
0
0
0
-1000
1000
-1000
-1000
1000
-1000
-1000
-1000
304.500212404203
-1000
-1000
1000
1000
-1000
-473.205615652052
-1000
-1000
-1000
-1000
1000
-1000
-1000
-1000
1000
1000
1000
1000
1000
1000
906.081131902592
-1000
1000
-1000
-1000
-1000
-1000
-1000
-1000
-1000
595.100321430506
-1000
1000
-1000
-1000
-1000
-1000
-1000
-1000
-1000
-1000
-1000
-1000
-1000
1000
-1000
-1000
-1000
-1000
-988.391730436547
-1000
1000
-1000
-1000
-1000
-1000
5.09481851544217
-1000
-1000
1000
-1000
-1000
-1000
-1000
1000
1000
-985.269213054044
-1000
-1000
-1000
1000
-1000
-776.450757155492
1000
-1000
-1000
1000
1000
1000
-1000
1000
1000
1000
1000
-492.15441012598
1000
1000
1000
496.449785370175
-1000
-1000
245.48873937734
-1000
1000
-1000
-822.102805534634
-1000
-1000
-1000
1000
1000
1000
1000
1000
-210.719741972002
1000
1000
-1000
-1000
-1000
-1000
-1000
37.1723039132282
0
973.555965580717
1000
-1000
-1000
-1000
0
0
0
0
0
0
0
0
0
0
0
0
0
0
0
0
0
0
0
0
0
0
0
0
0
0
0
0
0
0
0
957.035878294931
0
0
0
0
0
0
0
0
0
0
0
0
0
168.705403247849
0
0
0
0
0
0
0
0
0
0
0
0
0
0
0
0
0
0
0
0
0
0
0
0
0
0
0
0
0
0
0
0
0
0
0
0
0
0
0
0
0
0
0
0
0
0
0
0
0
0
0
0
0
0
0
0
0
0
0
0
0
0
0
0
0
0
0
0
0
0
0
0
0
0
0
0
0
0
0
0
0
0
0
0
0
0
0
0
0
0
0
0
0
0
0
0
0
0
0
0
0
0
0
0
0
0
0
0
0
0
0
0
0
0
0
0
0
0
0
0
0
0
0
0
0
0
0
0
0
0
0
0
0
0
0
0
0
0
0
0
0
0
0
0
0
0
0
0
0
0
0
0
0
0
0
0
0
0
0
0
0
0
0
0
0
0
0
0
0
0
0
0
0
0
0
0
0
0
0
0
0
0
0
0
0
0
0
0
0
0
0
0
0
0
0
0
0
0
0
0
0
0
0
0
0
0
0
0
0
0
0
0
0
0
0
0
0
0
0
0
0
0
0
0
0
0
0
0
0
0
0
0
0
0
0
0
0
0
0
0
0
0
0
0
0
0
0
0
0
0
0
0
0
0
0
0
0
0
0
0
0
0
0
0
0
0
0
0
0
0
0
0
0
0
0
0
0
0
0
1000
1000
-1000
1000
1000
1000
-780.727384241757
486.693045806187
-1000
-1000
1000
-1000
1000
1000
1000
-1000
-1000
-1000
1000
-1000
1000
1000
-1000
-1000
-1000
-1000
-1000
0
1000
-1000
-1000
1000
-1000
-1000
-1000
0
1000
-1000
-1000
-1000
-1000
1000
-1000
-1000
-1000
1000
-965.601228849633
815.126155392124
-1000
-184.817988928612
-1000
-1000
-1000
-815.126155392124
-1000
0
0
0
0
0
0
1000
0
0
0
-1000
0
0
-1000
0
0
0
-1000
-642.061301326835
-0.524691705459304
0
0
0
0
0
1000
0
0
0
573.658578696267
0
0
0
0
0
0
-0.00399548192945076
0.0039954819294824
0
0
-0.00399548192945076
-0.00399548192945076
0
0
0
0
0
0
0
0
0
0
0
0
0
0
0
0
0
0
0
0
0
0
0
0
0
0.0039954819294824
0
0
-1000
-1000
1000
-168.148284296435
-691.130888350126
0
0
0
0
-0.00399548192945076
0.405608972300229
0
0
0
0
0
0
0
0
0
0
0
0
0
0
0
0
0
0
0
0
0
0
0.0039954819294824
0
0
0
0
-568.989931002792
0
0
0
0
0
0
-1000
-0.00399548192945076
919.1584042873
0
0
0
0
0
0
0
0
0
0
0
0
0
0
0
0
0
0
0
0
0
0
0
0
0
0
0
0
0
0
80.8415957126998
0
0
0
1.10122816677662
0.0039954819294824
0
0
0
0
0
1000
0
-997.839598526485
0
0
2.16040147351479
0
0
0
0
0.00597585123366063
1000
0
-973.555965580717
0
0
0
0
0
0
0
0
0
0
0
0.00399548192945076
-1000
330.364115386442
-1000
815.182011071388
0
0
0
0.158651515552606
1000
0
0
0
0
0
0
0
332.607611302983
1000
0
26.4440344192828
0
0
1000
0
0
-693.692587639116
0
0
-1000
0
-1000
1000
0
0
0
0
0
0
0
0
0
0
0
-330.518771420065
0
0
0
0
0
0
0
0
0
0
0
0
1000
1000
0
665.32228994057
0
0
0
0
0
0
0
0
0
0
1.0802007367574
0
0.0039954819294824
-0.00399548192945076
0.0039954819294824
0.0039954819294824
0
0
0.00399548192945076
527.174970544663
0
0
1.08020073675743
0
0
-0.011986445788466
334.673714577501
-1000
-1000
1000
1000
-1000
0
0
334.673714577501
-1000
-334.673714577501
-1000
0
0
0
0
0
0
0
0
0
0
0
0
0
0
0
0
0
0
0
0
0
0
0
0
0
0
0
0
0
0
0
0.00199195041122021
0
693.692587639116
0
0
0
0
0
0
0.0039954819294824
0
0
0
0
0
0
0
0
0
0
-1000
0
0
0
0
0
0
0
0
0
0
0
0
0
1000
0
0
0
1000
0
0
0
0
0
0
0
0
0
0
0
0
0
0
0
0
0
0
0
0
0
0
0
0
0
0
0
2.57679631684005
0
0
0
0
0
0
0
0
0
0
0
0
0
0
0
0
0
0
0
0
0
0
0
0
0
0
0
0
0
0
0
0
0
0
0
0
0
0
0
0
0
0
0
0
0
0
0
0
0
0
0
0
0
0
0
0
0
0
0
0
0
0
0
0
0
0
0
0
0
0
0
0
0
0
0
0
0
0
0
0
0
0
0
0
0
0
0
0
0
0
0
0
0
0
0
0
0
0
0
0
0
0
0
0
0
0
0
0
0
0
0
0
0
-999.934219312002
0
0.00199195041125222
0
0.0478415531904375
0
0
-0.0657806879984264
0
1000
0.0179391348079889
0
0
0
0
0
0
0
0
0
0
0
0
0
0
0
0
0
0
0
0.0039954819294824
0.0039954819294824
0.0039954819294824
-1000
-1000
0
-60.3715995940066
-1000
0
0
0
0
0
0
-1000
0
0
0
0
0
0
0
0
0
0
0
165.578780304511
0
1000
0
-1000
-1000
-4.15937975601162
0
-1000
-1000
0
0
0
0
0
0
0
0
0
-1000
-1000
0
1000
0.437630733271277
0.0039954819294824
0.0039954819294824
0.0039954819294824
0.0039954819294824
0.0039954819294824
0
0
0
1000
0
0
0
0
0
0
0
0
0
0
0
0
0
0
0
-1000
0
0
0
0
0
0
1000
-999.989259187202
0
1000
0.0039954819294824
0.0039954819294824
-1000
0
0
0
0
0
0
0
0
0
250
0
0
0
0
0
0
0
0
0
0
0
0
0
0
0
0
0
0
0
0
0
0
0
0
0
0
0
0
0
0
0
0
0
0
0
0
0
-129.941483520298
0
0
0
0
0
0
0
0
0
-1000
0
0
0
0
0
0
0
184.817988928612
1000
-1000
224.719892166395
224.719892166395
224.719892166395
1000
0
0.0239265671487265
0
0
0
0
-838.3168085746
-1000
-1000
0
0
0
0
0
999.976027108423
4.47636809755546
0
0
0
0
0.64257000348612
0.64257000348612
-262.559835180355
-999.93222736159
0
0
0
0
0
0
0
0
-1000
0
0
0
0
0
0
0
1000
0.0039954819294824
0
0
0
0
0
0
0
0
-1000
691.130888350126
0
0
1000
0
0
0
1000
0
0
0
-834.421219695489
0
-1000
-250
0
0
-1000
-1000
0
0
0
0
-165.189425840585
0
1000
165.178685027787
0
0
-836.523982300365
836.523982300365
-1000
1000
-750
0
0
0
0
-738.501810692737
-1000
0
0
-330.364115386442
0
0
0
0
0.0139537863472032
0
0
0
0
0
0
0
0
665.326285422499
332.607611302983
997.933896725482
0
0
0
0
0
0
0
0
0
0
1000
0
0
-1000
1000
-1000
-1000
1000
0
0
0
0
0
0
0
0
-1000
0
0
1000
0.00199195041122021
0.00199195041122021
0
-1000
-507.4541156539
-507.4541156539
334.223902932352
0
0
0
0
0
0
0
0
0
0
0
0
0
0
0
0
0
0
0
0
0
0
0
0
0
-0.0478415531904375
0
0
0
0
0
0
0
0
0
0
0
0
0
0
0
0
0
0
0
0
0
0
0
0
0
0
0
0
0
0
0
0
0
0
0
0
0
0
0
0
0
0
0
0
0
0
-1000
0
-1000
0
0
0
0
0
-1000
0
0
0
0
0
0
0
0
0
0
0
834.421219695489
0
0
0
0
0
0
0
0
0
0
0
0
0
1000
0
0
0
2.16040147351487
0
0
0
0
0
0
0
0
0
0
0
0
0
0
0
165.178685027787
0
0
0
0
0
0
0
0
0
0
0
0
0
0
0
0
0
0
0
0
0
0
0
0
165.178685027787
0
0
0
0
0
0
0
0
0
0
0
0
0
0
0
0
0
0
0
0
0
0
0
0
0
0
0
0
0
0
0
0
0
0
0
0
0
0
0
0
0
0
0
0
0
0
0
0
0
0
0
0
0
0
0
0
0
0
0
0
0
0
0
0
0
0
0
0
0
0
0
0
0
0
0
0
0
0
0
0
0
0
0
0
0
0
0
0
0
0
0
0
0
0
0
0
0
0
0
0
0
0
0
0
0
0
0
0
0
0
0
0
0
0
0
0
0
0
0
0
0
0
0
0
0
0
0
0
0
0
0
0
0
0
0
0
0
0
0
0
0
0
0
-1000
0
0
0
0
0
0
0
0
0
0
0
0
0
0
0
0
0
0
0
332.611606784913
0
0
0
0
124.850840846304
0
0
0
-95.9724102233174
0
0.1819826207809
-1000
1000
0
-1000
0
0
-1000
0
0
0
0
1000
0.0239728915768944
0
0
0
0
0
0
0
0
0
0
0
0
0
0
0
0
0
0
0
0
0
0
0
0
0
0
0
0
0
0
0
0
0
0
0
0
0
0
0
0
0
0
0
0
0
0
0
0
0
0
0
0
0
0
0
0
0
0
0
0
0
0
0
0
0
0
0
0
0
0
0
0
0
0
0
0
0
0
0
0
0
0
0
0
0
0
0
0
0
0
0
0
0
0
0
0
0
0
0
0
0
0
0
0
0
0
0
0
0
0
0
0
0
0
0
0
0
0
0
0
0
0
0
0
0
0
0
0
0
0
0
0
0
0
0
0
0
0
0
0
0
0
0
0
0
0
0
0
0
0
0
0
0
0
0
0
0
0
0
0
0
0
0
0
0
0
0
0
0
0
0
0
0
0
0
0
0
0
0
0
0
0
0
0
0
0
0
0
0
0
0
0
0
0
0
0
0
0
0
0
0
0
0
0
0
0
0
0
0
0
0
0
0
0
0
0
0
0
0
0
0
0
0
0
0
0
0
0
0
0
0
0
0
0
0
0
0
0
0
0
0
0
0
0
0
0
0
0
0
0
0
0
0
0
0
0
0
0
0
0
0
0
0
0
0
0
0
0
0
0
0
0
0
0
0
0
0
0
0
0
0
0
0
0
0
0
0
0
0
0
334.223902932352
0
0
0
0
0
0
0
0
0
0
0
-1000
0
0
0
0
0.00399548192945076
-736.964210272988
-262.559835180355
0
0
0
0
0
0
0
0
0
0
0
0
0
0
0
0
0
0
0
0
0
0
0
0
0
0
0
0
0
0
0
0
0
0
0
0
0
0
0
0
0
0
0
0
0
0
0
0
0
0
0
0
0
0
0
0
0
0
0
0
0
0
0
0
0
0
0
0
0
0
0
0
0
0
0
0
0
0
0
0
0
0
0
0
0
0
0
0
0
0
0
0
0
0
0
0
0
0
0
0
0
0
0
0
0
0
0
0
0
0
0
0
0
0
0
0
0
0
0
0
0
0
0
0
0
0
0
0
0
0
0
0
0
0
0
0
0
0
0
0
0
0
0
0
0
0
0
0
0
0
0
0
0
0
0
1000
0
0
-294.03433843557
961.785208260005
0
0
0
0
0
0
0
1000
0.00399548192945076
0
0
-1000
431.038037370714
0
0
0
0
0
0
0
0
0
0
0
0
0
0
0
1000
0
-1000
0
0
1000
0
0
0
0
0
0
0
0
0
0
0
0
0
0
0
0
0
0
0
0
0
0
0
0
0
0
0
0
0
0
0
0
0
0
0
0
0
0
0
0
0
0
0
0
0
0
0
0
0
0
0
0
0
0
0
0
0
0
0
0
0
0
0
0
0
0
0
0
0
0
0
0
0
0
0
0
0
0
0
0
0
0
0
0
0
0
0
0
0
0
0
0
0
0
0
0
0
0
0
0
0
0
0
0
0
0
0
0
0
0
0
0
0
0
0
0
0
0
0
0
0
0
0
0
0
0
0
0
0
0
0
0
0
0
0
0
0
0
0
0
0
0
0
0
0
0
0
0
0
0
0
0
0
0
0
0
0
0
0
0
0
0
0
0
0
0
0
0
0
737.434188968412
500
96.5092253498164
-26.8520319949104
0
0
-1.08020073675743
0
0
515.117990304645
21.3478406473794
46.6622104566362
0.11581107041978
96.5092253498164
0
0
0
0
0
0
0
0
0
0
0
0
0
0
0
0
0
0
0
0
0
0
0
0
0
1000
-1000
0
-1000
0
288.999874117708
-1000
0
262.559835180355
0
0
2.71914356386206
500
0
-250
0
0
0
-0.0129592587800289
0
0
0.0039954819294824
0
0
0
0
0
0
0
0
0
0
0
0
0
0
0
0
0
415.178685027787
0
0
0
0
13.6433911744042
-5.14216412702535
-0.225557068757212
0
-11.8566794840418
-23.244169718123
-47.4032034634108
-37.1723039132282
-11.6082695634526
-756.625151694094
-29.3693062470161
-5.09481851544217
-34.7689974053383
-1000
-1000
0
0
0
0
-1000
-42.9641217050693
-314.257215660614
-29.5130036581005
-14.7307869459557
-11.3958045038451
-26.4440344192828
-1000
946.953646380938
925.21346484956
0
-124.850840846304
-261.527926054986
0
0
1000
195.44488942978
0
838.316808574601
-1000
0
0
0
-12.0444516932514
0.405608972300229
0
1000
26.4440344192828
0
-195.44488942978
0
0
0
0
0
0
0
-0.00399548192945076
-0.00399548192945076
0
0
0
0
0
0
0
0
0
0
0
0
0
0
0
0
513.306954193813
0
815.182011071388
0
0
0
1000
0
-0.00399548192945076
-0.00399548192945076
-1.10122816677665
129.941483520298
0
0
-0.00399548192945076
0
-0.00399548192945076
0
0
-97.72244471489
-0.00399548192945076
0
0
0
-0.00399548192945076
0
0
0
0
0
-0.00399548192945076
0
0
0
0
0
-294.03433843557
0
0
0
0
0
-0.011986445788466
0
0
0
0
0
0
0
0
0
0
0
-1000
0
1000
0
0
-0.00399548192945076
0
0
0
0
0
0
0
0
0
0
0
0
-738.472073945014
0
-568.989931002792
734.975139371843
-0.524691705459304
-642.061301326835
-1000
97.7224447148901
0
0
0
0
-20.7375812003577
0
0
0
0
0
0
0
0
0
0
-667.380402251228
0
0
0
0
1000
1000
-337.019134852026
0
0
734.241298426273
1000
0
0
0
1000
-1000
0
0
0
0
-1000
-522.982604053691
0
0
0
0
0
-0.0558556792635727
0
0
0
0
831.851715703565
-662.798882527193
662.798882527193
0
0
0
0
0
0
1000
-1000
-1000
14.6336236209676
0
0
0
0
0
0
0
0
0
0
0
1000
0
-0.0854343979832493
-0.0107408127979625
0
-363.384048345996
-0.158426988769975
-0.698644936268124
-0.1020377215807
-3.48539375293933
-0.308798367941449
0
0
0
0
0
-0.0107408127979625
-1000
-0.0214816255959249
-0.0107408127979625
0
-0.0778708927851994
0
-0.0107408127979625
0
0
0
-4.47636809755545
0
0
-0.0107408127979625
-0.0810838663344384
0
-0.0107408127979625
-0.0107408127979625
-0.0107408127979625
-0.0107408127979625
-0.311483571140911
0
0
0
0
0
-1000
1000
0
0
-1000
1000
-0.00399548192945076
0
750
-750
0
0
0
-1000
0
0
0
0
0
0
0
0
0
0
0
0
0
0
0
0
0
0
0
-1000
1000
1000
-1000
-1000
0
-1000
-1000
0
-0.0107408127979625
-0.0107408127979625
0
0
0
0
1000
999.818017379219
-1000
1000
0.0239728915769319
0
0
0
0
0
1000
-1000
0
0
0
0
0
0
0
0
0
0
0
0
0
0
0
0
0
0
0
0
0
0
0
0
0
0
0
0
0
0
0
0
0
0
0
0
0
0
0
0
0
0
0
0
0
0
0
0
0
0
0
0
0
0
0
0
0
0
0
0
0
0
0
0
0
0
0
0
0
0
0
-0.0107408127979625
0
0
0
0
0
0
0
0
0
0
0
0
0
0
0
0
0
0
0
0
0
0
0
0
0
0
0
0
0
0
0
0
0
0
0
0
0
0
0
0
0
0
0
0
0
0
0
0
0
0
0
0
0
0
0
0
0
0
0
0
0
0
0
0
0
0
0
0
0
0
0
0
0
0
0
0
0
0
0
0
0
0
0
0
0
0
0
0
0
0
0
0
0
0
0
0
0
0
0
0
0
0
0
0
0
0
0
0
0
0
0
0
0
0
0
0
0
0
0
0
0
0
0
0
0
0
0
0
0
0
0
0
0
0
0
0
0
0
0
0
0
0
0
0
0
0
0
0
0
0
0
0
0
0
0
0
0
0
0
0
0
0
0
0
0
0
0
0
0
0
0
0
0
0
0
0
0
0
0
0
0
0
0
0
0
0
0
0
0
0
0
0
0
0
0
0
0
0
0
0
0
0
0
0
0
0
0
0
0
0
0
0
0
0
0
0
0
0
0
0
0
0
0
0
0
0
0
0
0
0
0
0
0
0
0
0
0
0
0
0
0
0
0
0
0
0
0
0
0
0
0
0
0
0
0
0
0
294.03433843557
0
1000
0
0
0
736.964210272988
0
0
0
0
0
0
0
0
0
0
0
0
0
0
0
0
0
0
0
0
0
0
0
1000
0
-431.038037370714
0
-961.785208260005
-0.00399548192945076
0
0
0
0
0
0
0
0
998.719299417394
0
0
0
0
0
-1000
0
0
0
0
0
0
0
0
0
0
0
0
0
0
0
0
0
0
0
0
0
0
0
0
0
0
0
0
0
0
0
0
0
0
0
0
0
0
0
0
0
0
0
0
0
0
0
0
0
0
0
0
0
0
0
0
0
0
0
0
0
0
0
0
0
0
0
0
0
0
0
0
-0.0107408127979625
-0.0107408127979625
-0.0107408127979625
0
-0.0107408127979625
0
0
-0.0107408127979625
-0.0107408127979625
-0.0107408127979625
-0.0107408127979625
0
-0.0107408127979625
-0.0107408127979625
-0.0107408127979625
-0.0107408127979625
-0.0107408127979625
-0.0107408127979625
-0.0107408127979625
0
-0.0107408127979625
-0.0107408127979625
-0.0107408127979625
0
-1000
96.5092253498165
0
0
0
0
0
0
0
0
0
0
0
0
0
