0
0
0
0
0
0
0
0
-1000
1000
0
52.2658158377065
0
0
0
0
999.772327237463
-999.772327237463
999.947747234828
0
0.0522527651725209
0
-1000
-51.9373698851936
0
1000
50.0768487732266
0
-304.607285870571
0.0111530204049724
0
0
0
0
0
0.0287764600399059
0
50.4283395873825
50.4283395873825
31.3562907565046
50.4283395873825
50.4283395873825
0
0
50.4283395873825
465.456820963282
0
465.456820963282
0
465.456820963282
0
465.456820963282
0
465.456820963282
0
465.456820963282
0
261.660587145528
465.456820963282
0
0
0
0
0
0
808.890681744396
0
0
0
0
0
0
0
3.97868564104078
3.97868564104078
0
0
0
0
0
0
-1000
0
1000
0
0
0
0
0
0
0
0
0
0
0
0
0
0
0
0
0
0
0
0
0.00319584056454774
0
0
0
0
0
0
0
0
0
0
0
0
0
0
0
0
0
0
0
0
0
0
0
0
0
997.880567169948
0
0
-1000
0
0
0
0
-1000
0
0
0
0
-13.0816221842701
0
0
0
0
-1000
0
0
0.00797570645239305
-694.054384874346
0
0
-898.023104745275
-1000
1000
-101.984359935464
0
694.054384874346
0
-1000
-101.984359935464
-101.984359935464
1000
-1000
0
694.054384874346
1000
0
0
0.00797570645238466
0
0
1000
-1000
0
0
0
0
0
-3.51529725054525
0
0
0
0
0
0
0
748.481909923771
-1000
0
0
0
0
0
0
0
0
205.024112376857
205.024112376857
0
0
748.481909923771
0
-208.543141967772
0
1000
0
0
0
0
0
258.197746742974
0
0
0
0
0
-1000
0
0
-1000
0
998.969457209258
0
0.412217116296737
0
0
0
0.618325674445106
0
-251.518090076229
0
0
0
-1000
0
0
0
0
0
0
0
0
0
0
0
0
-1000
0
-1000
1000
-1000
-3.97868564104078
1000
-1000
1000
-1000
-1000
-0.864013251295319
1000
-1.93305742947609
0
237.812106598764
1000
1000
-238.658105035746
1000
0
0
1000
0
0.160490635887028
0
-0.160490635887072
0
0.00159328862928177
0
0
0
0
0
1000
0
0
1000
0
497.651570140627
0
0
0
0
0
0
1000
0
1000
0.419681797035669
0
0
1000
0
-0.160490635887072
0
-0.618325674445146
0
0
0.618325674445146
1.93305742947611
0
0
0
0
0
0
0
-0.227672762537395
0
0
0
-309.934130250229
0.618325674445146
0
-1000
-0.864013251295319
0
0
0.00319584056448245
0
0
0
0
0
0
0
0
0
0
0
0
0
0
0
0
2.06108558148369
8.67662993853057
0
0
0
0
0
0
0
0
0
832.507576843875
720.452670409411
-999.996267659631
-1000
-1000
1000
-1000
-519.477831140136
0
21.0002334782864
1000
-999.587782883703
1000
0.412217116296688
1000
0
-1000
0
0
0
0
-1000
0
1000
-1000
-1000
-1000
1000
0
0
1000
0
0
0
0
0
0
0
0.864013251295284
-1000
1000
1000
-1000
1000
-1000
-1000
-1000
-0.412217116296688
1000
0
1000
1000
-1000
0
-1000
-1000
1000
-1000
-694.044555390811
1000
1000
-1000
1000
1000
0
0
0
0
0
0
0
0
-748.481909923771
0
0
0
-794.498684555656
1000
0
0
0
-26.2975067254752
0
0
0
0
0
0
0
0.622764341895817
0
0
0
0.622764341895817
0
0
0
0
0
1000
0
-1000
0
1000
0
0
0
0
0
0
0
0
0
0
0
0
0
0
0
0
0
0
0
0
0
0
0
0
0
0
0
0
0
0
0
0
0
0
0
0
0
0
0
0
0.00319584056455824
1000
1000
0.0933085092366355
0.0933085092366355
0
-595.621724130067
0
0
0
0
0
0
0
0
0
0
0
0
28.9113430383418
0
0
0
0
0
0
0
0
0
0
0
0
0
0
0
0
0
0
0
0
0
0
0
0
0
0
0
0
0
0
0
0
0
0
0
0
0
0
0
0.145561274409179
0
0
0
1000
0
0
0
0
0
0
-1000
0
0
0
0
0
0
0
0
0
0
0
0
0
0
0
0
0
0
0
0
0
0
0
0
0
0
0
-783.496896131749
0
0
0.145561274409179
0
0
0
0
0
0
0
0
0
1000
0
0
0
0
0
0
0
0
0
0
0
0
0
0
0
0
0
0
0
0
0
0
0.00319584056454774
0
0
0
0
0
0
0
0
0
0
0
-1000
0
0
0
0
0
0
0
0
0
0
0
0
0
0
0
0
0
0
0
0
0
0
0
0
0
0
0
0
0
0
0
0
0
0
0
0
0
-1000
0
0.00373234036946578
0
0
0
0
0.675553606873305
0.675553606873305
0
1000
0
0
0
0
0
0
0
0
0
0
0
0
0
0
0
0
0
0
0
0.00319584056454774
0
0
0
0
0
-1000
0
0
0
-1000
0
0
1000
0
0
0
0
1.9408169921222
0
0
1.9408169921222
0
0
0
0
0
0
0
0
0
1.9408169921222
0
1.9408169921222
0
0
0
11.5778780742267
33.0031328735075
21.0956354946765
15.4509049033275
22.9085416700002
7.54004159282381
17.6346327963311
32.2614894381478
29.7069398274643
9.39415018122311
18.2114665793887
37.5353983118169
29.6245350013132
9.14693570276987
15.1624880117987
21.0132306685254
27.2347950429319
22.0432909954139
4.03783648140292
27.4820095213852
0
0
0
0
0
0
0
0
0
0
0
0
0
0
0
0
0
0
0
0
0
0
0
0
0
0
0
0
0
0
0
0
0
0
0
0
0
0
0
0
0
0
0
0
0
0
0
0
0
0
0
0
0
0
0
0
0
0
0
0
0
0
0
0
0
0
0
0
0
0
0
0
0
0
0
0
0
0
0
0
0
0
0
0
0
0
0
247.165748917821
0
0
0
0
0
0
-1000
0
0
0
0
28.9113430383418
1000
1000
-279.547329590589
-279.547329590589
93.1010196698494
0
0
0
0
440.028544205269
0
-26.2975067254752
-533.263928128419
-533.263928128419
-1000
0
-440.031740045834
0
-366.881197860011
926.744952283832
1000
533.137028555858
1000
0
0
559.971455794731
0
-1000
-1000
-1000
0
559.968259954166
0
0
0
440.031740045834
0
0
0
0
0
0
0
0
0
0
0
-1000
280.414538682448
1000
1000
0
500
235.545653519556
2.51118081032292
5
0
0
0
0
0
0
220.016816574077
0
1000
0
0
-0.00130273824402138
0
0
0
0
-0.00130273824402138
0
279.510282242058
0
-0.00130273824402138
0.00130273824402138
-0.00130273824402138
-0.488382724219264
0
-0.0814211402497449
0.503182646743608
-1000
-0.00130273824402138
0.00130273824402138
-0.00130273824402138
-0.00130273824402138
0.00130273824402138
-0.00130273824402138
0.00130273824402138
-0.00130273824402138
-0.00130273824402138
-0.00130273824402138
-0.00130273824402138
-0.00130273824402138
-0.00130273824402138
-0.00130273824402138
-0.00130273824402138
-0.00130273824402138
-0.00130273824402138
-0.00130273824402138
-0.0273575031238806
-0.00893760042640679
-0.0374537245148758
-0.037779409075938
-0.0192153890989175
0.00130273824402138
0.00130273824402138
-0.0937361485223391
0.00130273824402138
0.00130273824402138
0.00130273824402138
0.00130273824402138
-0.623685934313244
-0.0094448522689845
-0.070022180614842
-0.352716379562025
-0.00136374328940292
0.00130273824402138
0.00130273824402138
0.0123760133179758
0.00130273824402138
0.00130273824402138
-0.00130273824402138
0
0
0
0
0
0
0
0
0
0
0
0
0
0
0
0
0
0
0
0
0
0
0
0
0
0
0
0
0
0
0
0
0
0
0
0
0.000795486401443668
0
0
0
0
0
0
0
0
0
0
0
0
0
0
0
0
0
0
0
0
0
0
0
0
0
0
0
0
0
0
0
0
0
0
0
0
0
0
0
0
0
0
0
0
0
0
0
0
0
0
0
0
0
0
0
0
0
0
0
0
0
0
0
0
0
0
0
0
0
0
0
0
0
0
0
0
0
0
0
0
0
0
0
0
0
0
0
0
0
0
0
0
0
0
0
0
0
0
0
0
0
0
0
0
0
0
0
0
0
0
0
0
0
0
0
0
0
0
0
0
0
0
0
0
0
0
0
0
0
0
0
0
0
0
0
0
0
0
0
0
0
0.0013027382439964
0.0013027382439964
220.019422050565
0
0
0
0
0
0
0.0013027382439964
0
0
0
0
0
0
0
0
0
0
0
0
0
0
0
0
0
0
0
0
0
0
0
0
0
0
0
0
0
0
0
0
0
0
0
0
0
0
0
0
0
0
0
0
0
0
0
0
0
0
0
0
0
0
0
0
0
0
0
0
0
0
0
0
0
0
0
0
0
0
0
0
0
0
0
0
0
0
0
0
0
0
0
0
0
0
0
0
0
0
0
0
0
0
0
0
0
0
0
0
0
0
0
0
0
0
0
0
0
0
0
0
0
0
0
0
0
0
0
0
0
0
0
0
0
0
0
0
0
0
0
0
0
0
0
0
0
0
0
0
0
0
0
0
0
0
0
0
0
0
0
0
0
0
0
0
0
0
0
0
0
0
0
0
0
0
0
0
0
0
0
0
0
0
0
0
0
0
0
0
0
0
0
0
0
0
0
0
0
0
0
0
0
-1000
0
0
0
0
0
0
0
0
0
0
0
0
0
0
0
0
0
0
0
0
0
0
0
0
0
0
0
0
0
0
0
0
0
0
0
0
0
0
0
0
0
0
0
0
0
0
0
0
0
0
0
0
0
0
0
0
0
0
0
0
0
0
0
0
0
0
0
0
0
0
0
0
0
0
0
0
0
0
0
0
0
0
0
0
0
0
0
0
0
0
0
1000
1000
0
0
0
0
0
0
0
0
0
0
0
0
0
0
0
0
0
0
-1000
0
-1000
0
0
0
0
0
0
0
1000
1000
0
0
0
0
0
0
0
0
0
0
0
0
0
0
0
0
0
0
0
0
0
0
0
0
0
0
0
0
0
0
0
0
0
0
0
0
0
0
0
0
0
0
0
0
0
0
0
0
0
0
0
0
0
0
0
0
0
0
0
0
0
0
0
0
0
0
0
0
0
0
0
0
0
0
0
0
0
0
0
0
0
0
0
0
41.1931482256714
0
0
0.00130273824402138
0
1000
0
0
220.018119312321
0
1.86470082400763
-0.00130273824402138
279.508979503814
0
0
0
0.000795486401443668
0
0
-1000
999.998697261756
0
0
0
0
0
0
0
0
0
0
0
0
0
-1000
0.000795486401443668
0
0
0
0.00319584056455824
0
0
0
0
0
0
0
-0.00319584056455824
0
0
0
0
0
220.016816574077
1000
0
-220.016816574077
-220.016816574077
0
-346.869147108545
1000
-0.0191750433872357
0
0
0.00130273824402138
-0.00130273824402138
0
0
220.065343573666
-220.065343573666
1000
0
0
0
-220.018119312321
-220.018119312321
-1000
0
-220.065343573666
-779.934656426334
-1000
0
-720.491020496186
-279.508979503814
-1000
0
0
0
0
0
-1000
0
0
0
0
0
-1000
1000
-1000
0
0
0
-1000
0
0
0
-1000
0
0
0
0
0
0
0
0
0
0
0
0
0
0
0
0
0
0
0
-1000
1000
-1000
0
-1000
0
-1000
0
-1000
0
0
0
0
0
0
0
0
0
-373.602698344254
0
1000
0
-1000
0
-1000
0
-1000
0
-1000
0
0
0
0
0
0
0
0
0
0
-1000
0
0
0
0
0
0
0
0
0
0
0
0
0
0
0
0
0
0
0
0
0
0
0
0
0
0
0
0
0
0
0
0
0
0
0
0.000795486401443668
-0.000795486401443668
0
0
0
0
0
0
0
0
0
0
0
0
0
0
0
0
0
0
0
0
0
0
0
0
0
0
0
0
0
0
0
0
0
0
0
0
0.000795486401443668
-0.000795486401443668
0
0
0
0
0
0
-0.00319584056455824
-0.00319584056455824
0
0
0
0
0
0
0
0
0
0
0
0
0
0
0
0
0.00319584056455824
0.00319584056455824
0
0
0
0
0
0
0
0
0
0
0
0
0
0
0
0
0
0
0
0
0
0
0
0
0
0
0
0
0
0
0
0
0
0
0
0
0
0
0
0
0
0
0
0
1.04671961075891
0.00319584056454774
0
0
0
0
0
0
0
0
0.131699508945981
0
0
0
0
0
0
0
0
0
0
0
0
0
0
0
0
0
0
0
0
0
0
0
0
0
0
0
0
0
0
0
0
0
0
0
0
0
0
0
0
0
0
0
0
0
0
0
0
0
0
220.065343573666
220.065343573666
220.065343573666
0
0
0
0
0
0
0
0
0
0
0
0
0
0
0
0
0
0
0
0
0
0
0
0
0
0
0
0
0
0
0
0
0
0
0
0
0
0
0
0
0
0
0
0
0
0
0
0
0
0
0
0
0
0
0
0
0
0
0
0
0
0
0
0
0
0
0
0
0
0
0
0
0
0
0
0
0
0
0
0
0
0
0
0
0
0
0
0
0
0
0
0
0
0
0
0
0
0
0
0
0
0
0
0
0
0
0
0
0
0
0
0
220.018119312321
220.018119312321
220.018119312321
220.018119312321
-220.018119312321
0
0
0
0
0
0
0
0
0
0
0
0
0
0
0
0
0
0
0
0
0
0
0
0
0
0
0
0
0
0
0
0
0
0
0
0
0
0
0
0
0
0
0
0
0
0
0
0
0
0
0
0
0
0
0.00319584056454774
0.00319584056454774
0.00319584056454774
0.00319584056454774
0.00319584056454774
0
0
0
0
0
0
0
0
0
0
0
0
0
0
0
0
0
0
0
0
0
0
0
0
0
0
0
0
0
0
0
0
0
0
0
0
0
0
0
0
0
0
0
0
0
0
13.0816221842701
13.0816221842701
-13.0816221842701
4.35308376677276
-2.17494396310406
2.1749439631041
2.1749439631041
2.1749439631041
2.1749439631041
2.1749439631041
2.1749439631041
2.1749439631041
2.1749439631041
2.1749439631041
2.1749439631041
0
2.1749439631041
2.17494396310406
2.1749439631041
2.1749439631041
2.1749439631041
2.1749439631041
2.1749439631041
2.1749439631041
0
0
0
2.1749439631041
2.1749439631041
0
2.16857080858698
0
0
0
0
0
0
0
0
0
0
0
0
0
0
0
0
13.0816221842701
13.0816221842701
4.35308376677276
4.35308376677276
0
0
0
0
0
0
0
0
0
0
0
0
0
0
0
0
0
0
0
0
0
0
0
0
0
0
0
0
0
0
0
0
0
0
0
0
0
0
0
0
0
0
0
0
0
0
0
0
0
0
0
0
0
0
0
0
0
0
0
0
0
0
0
0
0
0
0
0
0
0
0
0
0
0
0
0
0
0
0
0
0
0
0
0
0
0
0
0
0
0
0
0
0
0
0
0
0
0
0
0
0
0
0
0
0
0
0
0
0
0
0
0
0
0
0
0
0
0
0
0
0
0
0
0
0
0
0
0
0
0
0
0
0
0
0
0
0
0
0
0
0
0
0
0
0
0
0
0
0
0
0
0
0
0
0
0
0
0
0
0
0
0
0
0
0
0
0
0
0
0
0
0
0
0
0
0
0
0
0
0
0
0
0
0
0
0
0
0
0
0
0
0
1.04671961075891
1.06905344148681
1.06905344148681
0
0
0
0
-1.06905344148686
1.06905344148681
0
0
222.465433114131
222.443099283403
0
1000
0
0
0
0
0
0
0
0
0
0
0
0
0
0
0
0
0
0
0
0
0
0
0
0
0
0
0
0
0
0
0
0
0
0
0
0
0
0
0
0
0
0
0
0
0
0
0
0
0
0
0
0
0
0
0
0
0
0
0
0
0
0
0
0
0
0
0
0
0
0
0
0
0
0
0
0
0
0
0
0
0
0
0
0
0
0
0
0
0
0
0
0
0
0
0
0
0
0
0
0
0
0
0
0
0
0
0
0
0
0
0
0
0
0
0
0
0
0
0
0
1.04671961075891
0.00319584056454774
0
0
0
0
0
0
0
1.37798160829109
0
0
0
0.864013251295284
0.864013251295284
0.864013251295284
0
0
0
0
0
0
1.18161496026944
0
0
0
0.00319584056454774
0
0
0
0
-1.18161496026948
1.18161496026944
0
0
0
0
0.32443185325317
0
0
0
0
0
0.215504638185005
0
0.196366648021655
0
0
0
0
0
0
0
0
0
0
9.63391850554939
9.63391850554939
9.63391850554939
0
0
0
0
-0.131699508945985
0
0
0
0
0
0
0
0
0
0
0
0
0
0
0
0
0
0
0
0
0
0
0
0
0
0
0
0
0
0
0
0
0
0
0
0
0
0
0
0
0
0
0
0
0
0
0
0
0
0
0
0
0
0
0
0
0
0
0
0
0
0
0
0
0
0
0
0
0
0
0
0
0
0
0
0
0
0
0
0
0
0
0
0
0
0
0
0
0
0
0
0
0
0
0
0
0
0
0
0
0
0
0
0
0
0
0
0
0
0
0
0
0
0
0
0
0
0
0
0
0
0
0
0
0
0
0
0
0
0
0
0
0
0
0
0
0
0
0
0
0
0
0
0
0
0
0
0
0
0
0
0
0
0
0
0
0
0
0
0
0
0
0
0
0
0
0
0
0
0
0
0
0
0
0
0
0
0
0
0
0
0
0
0
0
0
0
0
0
0
0
0
0
0
0
0
0
0
0
0
0
0
0
0
0
0
0
0
0
0
0
0
0
0
0
0
0
0
0
0
0
0
0
0
0
0
0
0
0
0
0
0
0
0
0
0
0
0
0
0
0
0
0
0
0
0
0
0
0
0
0
0
0
0
0
0
0
0
0
0
0
0
0
0
0
0
0
0
0
0
0
0
0
0
0
0
0
0
0
0
0
0
0
0
0
0
0
0
0
0
0
0
0
0
0
0
0
0
0
0
0
0
0
0
0
0
0
0
0
0
0
0
0
0
0
0
0
0
0
0
0
0
0
0
0
0
0
0
0
0
0
0
0
0
0
0
0
0
0
0
0
0
0
0
0
0
0
0
0
0
0
0
0
0
0
0
0
0
0
0
0
0
0
0
0
0
0
0
0
0
0
0
0
0
0
0
0
0
0
0
0
0
0
0
0
0
0
0
0
0
0
0
0
0
0
0
0
0
0
0
0
0
214.20371602705
0
214.20371602705
0
0
0
0
0
0
0
0
0
0
0
0
0
0
0
0
0
0
0
0
0
0
0
0
0
0
0
0
1000
0
0
0
0
0
0
0
0
0
0
0
0
0
0
0
0
0
0
0
0
0
0
0
0
0
0
0
0
0
0
0
0
0
0
0
0
0
0
0
0
0
0
0
0
0
0
0
0
0
0
0
0
0
0
0
0
0
0
0
0
0
0
0
0
0
0
0
0
0
0
0
0
0
0
0
0
0
0.145561274409179
0.145561274409179
0
0
0
0.145561274409147
0
0.145561274409179
-247.165748917821
0
0
0
0.0223940422168087
0
0
0
0
0
0
0
247.165748917821
0
0
0
0
0
0.880832327193921
0
0
0
0
0
0
0.880832327193921
0
0.880832327193921
0.880832327193957
0
0
0
0
0
0
0
0
0
0
0
0
0
0
0
0
0
0
0
0
0
0
0
0
0
0
0
0
0
0
0
0
0
0
0
0
0
1.18161496026944
1.18161496026944
0
0
0
0
0
0
0
0
0
0
0
0
0
0
0
0
0
0
0
0
0
0
0
0
0
0
0
0
0
0
0
0
0
0
0
0
0
0
0
0
0
0
0
0
0
0
0
0
1000
-1000
404.381471710497
0
0
0
341.580747043658
1000
-341.580747043658
0
403.759950195488
0
0
-1000
403.763146036052
0
0
0
0
0
0
0
0
0
0
0
0
0
0
0
0
0
0
0
0
0
0
0
0
0
0
0
0
0
0
0
0
0
0
0
0
0
0
0
0
-1000
0
0
0
0
0
0
0
0
0
0
0
0
0
0
0
0
0
-999.996804159435
-1000
1000
-1000
1000
999.996804159435
-1000
0
0
0
0
0
0
0.00319584056455824
0
0
0
0
0
0
0
0
0
0
0
0
0
0
0
0
0
0
0
0
0
0.0127555723402384
0
0.00319584056454774
0.0191379901633496
1000
0.00159328862928177
0.00159328862928177
621.221290675456
0
0.0111622837109566
0.00159328862928177
0.0239271193571982
-0.00159328862923758
0.00159328862928177
0.00159328862928177
0.00159328862928177
0.00159328862928177
0.00159328862928177
-0.00159328862923758
-0.00318657725858884
0.00159328862928177
0.00159328862928177
0.00159328862923758
0.00159328862928177
-0.00478912919379582
-0.00478912919379582
0.00319584056455824
0.00319584056455824
0.00159328862928177
0.00159328862928177
0.00319584056454774
0.00319584056454774
-0.00319584056455824
-0.00319584056455824
0.00319584056455824
0.00319584056455824
0.00159328862928177
0.00159328862928177
0.00159328862928177
0.00159328862928177
0.0398970588739758
-0.00478912919379582
-999.977666169272
0
0
0
0
0
0
-1000
0
0
0
0.00319584056454774
0
0
0
0
0.00159792028227387
0.00319584056455824
0.00319584056455824
0
0
0.00319584056454774
0.00319584056454774
0
0
0
0
0
0
0.00637315451712708
0.00159328862928177
0.00477986588784531
0.00159328862928177
-0.00159328862923758
0.00159328862928177
0.00159328862928177
0.00159328862928177
0.00159328862928177
0.00159328862928177
0.00159328862928177
0.00318657725856354
0.00159328862928177
0.00159328862928177
0.00159328862928177
0.00159328862928177
0.00159328862928177
0
0.00159328862928177
0.00319584056454774
0.00319584056454774
0.00319584056454774
0.00319584056454774
0.00319584056454774
0.00319584056454774
0.00319584056454774
0.00319584056454774
0.00319584056454774
0.00319584056454774
0.00319584056454774
0.00319584056454774
0.00319584056454774
0.00319584056454774
0
0
0
0
0
0
0
0
0
0
0
0
-0.00319584056455824
0
0
0
0
0
0
0
0
0
0
0
0
0
0
0
0
0
0
0
0
0
0
0
0
0
0
0
0
0
0
0
0
0
0
0
0
0
0
0
0
0
0
0
0
0
0
0
0
0
0
0
0
0
0
0
0
0
0
0
0
0
0
0
806.682361697763
0
28.9113430383418
0
0
0
0
0.00319584056454774
0
0
0
125.083335205096
0
0
0
0
0
0
0
928.989379864034
0
0
0
0
0
0
0
0
0
0
-1000
0
0
0
-220.016816574077
0
-1000
0
0
0
0.0013027382439964
0
0
0
0
0
0
0
0
0
0.0013027382439964
0
0
0
0
0
0
0
0.0013027382439964
0
0.0013027382439964
0
0.0013027382439964
0
0.488382724219254
0
0
0
0.0814211402497748
0
0.503182646743608
0
0.00130273824402138
0
0.0013027382439964
0
0.0013027382439964
0
0.0013027382439964
0
0.0013027382439964
0
0.0013027382439964
0
0.0013027382439964
0
0.0013027382439964
0
0.0013027382439964
0
0.0013027382439964
0
0.0013027382439964
0
0.0013027382439964
0
0.0013027382439964
0
0.0013027382439964
0
0.0013027382439964
0
0.0013027382439964
0
0.0013027382439964
0
0.0013027382439964
0
0.0013027382439964
0
0.0273575031239243
0
0.00893760042637034
0
0.0374537245148964
0
0.0377794090758955
0
0.0192153890989469
0
0.0013027382439964
0
0.0013027382439964
0
0.0937361485222973
0
0.0013027382439964
0
0.0013027382439964
0
0.0013027382439964
0
0.0013027382439964
0
0.623685934313275
0
0.00944485226897388
0
0.0700221806148063
0
0
0
0.00136374328943965
0
0.0013027382439964
0
0.0013027382439964
0
0.0123760133179658
0
0.0013027382439964
0
0.0013027382439964
0
0.0013027382439964
0
0
663.703147235278
0
0
0.0223338307279164
1000
0
0
0
0
-741.222401424886
-1000
1000
0
0.880832327193921
0
1000
-794.975887623143
0
502.348429859373
-1000
-1000
0
0
1000
96.7282302607712
0
0
0
492.769236649753
1000
0
0
0
0
-1000
539.938767955999
-0.00319584056455824
0
0
-2.79707068077141
0
0
0
0
0
738.339412854472
748.478714083207
1000
-1000
251.518090076229
1000
0
1000
60.3681198223367
0
-1000
0
0
1000
38.8627085694111
-1000
1000
0
1000
0
0
-1000
842.247064053955
1000
1000
0
0
0
0
-28.9113430383418
-1000
0
0
0
0
0
0
0
0
0
1000
0
1000
0
0
0
0
0
0
0
0
0
0
1000
0
0
0
0
0
0
0
-1000
1000
1000
797.420676222951
1000
-1000
-424.227346966791
-1000
-1000
-1000
1000
1000
1000
-1000
-1000
-1000
-1000
-1000
-33.7426727664667
1000
-1000
-1000
-1000
1000
1000
1000
1000
1000
1000
883.627572574314
-1000
1000
-1000
-1000
-1000
-1000
-907.711153029277
-1000
-1000
-1000
-1000
1000
-1000
-1000
-1000
114.651341011239
-330.473715479033
-1000
-1000
-15.4956929877611
-972.189544526102
-1000
-1000
1000
-1000
-1000
-1000
-1000
-1000
-1000
-1000
-1000
-1000
-1000
-797.420676222951
-1000
-1000
-1000
-935.689444960217
-1000
-1000
-1000
-1000
1000
1000
-1000
-1000
-1000
-1000
1000
-1000
-1000
1000
-1000
-1000
1000
1000
1000
-1000
-1000
1000
1000
-1000
-1000
1000
1000
1000
1000
-1000
-1000
-1000
-1000
-897.773347930715
-1000
-1000
-1000
-1000
-1000
1000
1000
1000
1000
1000
1000
1000
1000
-1000
181.244375004812
897.773347930715
969.364653049691
-1000
-1000
-1000
-990.51627364991
1000
-1000
990.51627364991
0
0
0
0
0
0
0
0
0
0
0
0
0
0
0
0
0
0
0
0
0
0
0
0
0
0
0
0
0
0
0
0
0
0
0
0
0
0
0
0
0
0
0
0
0
0
0
0
0
0
0
0
0
0
0
0
0
0
0
0
0
0
0
0
0
0
0
0
0
0
0
0
0
0
0
0
0
0
0
0
0
190.155942754442
0
0
0
0
0
0
0
0
0
0
0
0
0
0
0
0
0
0
0
0
0
0
0
0
0
0
0
0
0
0
0
321.358626250295
0
0
0
0
0
0
0
0
0
0
0
0
0
0
0
0
0
0
0
0
0
0
0
0
0
0
0
0
0
0
0
0
0
0
0
0
0
0
0
0
0
0
0
0
0
0
0
0
0
0
0
0
0
0
0
0
0
0
0
0
0
0
0
0
0
0
0
0
0
0
0
0
0
0
0
0
0
0
0
0
0
0
0
0
0
0
0
0
0
0
0
0
0
0
0
0
0
0
0
0
0
0
0
0
0
0
0
0
0
0
0
0
0
0
0
0
0
0
0
0
0
0
0
0
0
0
0
0
0
0
0
0
0
0
0
0
0
0
0
0
0
0
0
0
0
0
0
0
0
0
0
0
0
0
0
0
0
0
0
0
0
0
0
0
0
0
0
0
0
0
0
0
0
0
0
0
0
0
0
0
0
0
0
0
0
0
0
0
0
0
0
0
0
0
0
0
0
0
0
0
0
0
0
0
0
0
0
0
0
0
0
0
1000
-1000
-1000
-1000
1000
1000
1000
-96.7282302607712
-1000
-1000
1000
-1000
1000
1000
1000
1000
-1000
-1000
-1000
-1000
1000
1000
-1000
1000
1000
-1000
-1000
-1000
96.7282302607712
1000
-903.271769739229
-2.11943283005166
-1000
-1000
-1000
1000
997.880567169948
-1000
-1000
-1000
-96.6835533360095
1000
-1000
-1000
-1000
1000
-1000
-1000
1000
-1000
-997.880567169948
-1000
-1000
-1000
-1000
0
0
0
0
0
1000
1000
-1000
0
0
0
0
0
0
0
0
0
-1000
-1000
-0.419681797035651
0
0
0
0
1000
0
0
0
0
0
0
0
0
0
0
0
-0.00319584056455824
0.00319584056454774
0
0
-0.00319584056455824
-0.00319584056455824
0
806.521871061876
0
0
0
0
0
0
0
0
0
0
0
0
0
0
0
0
0
0
0
0
0
0
0
0.00319584056454774
0
0
-1000
144.982351620374
-140.005286471107
1000
-995.022934850734
0
0
0
0
-0.00319584056455824
0.324431853253145
0
0
0
0
247.165748917821
0
0
0
0
0
0
0
0
0
0
0
0
0
0
0
-465.456820963282
465.456820963282
0.00319584056454774
0
0
0
96.7390644690619
916.231674630848
0
0
0
0
0
0
-1000
0
0
0
0
0
0
0
0
0
0
0
0
0
0
0.352716379562024
0
0
0
0
0
0
0
0
0
0
0
0
0
0
0
0
0
0
0
0
0.00319584056454774
0
0
0
1000
0
0
0
0
1.72802650259057
0
0
0
0
1000
0
-1000
0
0
0
0
0
0
0
0
0
0
0
0.00319584056455824
-1000
366.776692329666
0
-1.72802650259052
997.880567169948
0
0
0
-999.873100427438
1000
0
0
0
0
0.00319584056444455
0
0
1000
0
1000
0
0
1000
0
0
0
0
0
-1000
0
-1000
1000
0
0
0
0
0
26.7043318257469
0
0
0
0
0
-0.126899572561797
1000
0
0
0
0
131.679109063276
131.679109063276
1000
0
0
0
0
0
999.930965984095
0
998.347399194443
0
0
0
0
0
0
0
0
0
0
0.864013251295284
0
0.00319584056454774
-0.00319584056455824
0.00319584056454774
0.00319584056454774
0
0
0.00319584056455824
0
0
0
0.864013251295319
0
0
-0.00958752169367472
-1000
-1000
0
-998.347399194443
-1.65260080555652
1000
0
0
1000
-1000
-1000
-1000
0
0
0
0
0
0
0
0
0
0
0
0
0
0
0
0
0
0
0
0
0
0
0
0
0
1000
0
0
0
0
0
0.00159328862928177
0
0
0
0
0
0
0
0
0.00319584056454774
0
0
0
0
0
0
0
0
0
0
0
0
0
0
0
0
0
0
0
0
0
0
0
0
1000
0
0
0
0
0
0
0
0
0
0
0
0
0
0
0
0
0
0
0
0
0
0
0
0
0
0
0
0
0
0
2.06108558148367
0
0
0
0
0
0
0
0
0
0
0
0
0
0
0
0
0
0
0
0
0
0
0
0
0
0
0
0
0
0
0
0
0
0
0
0
0
0
0
0
0
0
0
0
0
0
0
0
0
0
0
0
0
0
0
0
0
0
0
0
0
0
0
0
0
0
0
0
0
0
0
0
0
0
0
0
0
0
0
0
0
0
0
0
0
0
0
0
0
0
0
0
0
0
0
0
0
0
0
0
0
0
0
0
0
0
0
0
0
0
0
-999.988846979595
0
0.00159328862923758
0
0.0175354382280375
0
0
-0.0111530204050041
0
1000
0.0143488609695623
0
0
0
0
0
0
0
0
0
0
0
0
0
0
0
0
0.00319584056454774
0.00319584056454774
0.00319584056454774
-1000
-1000
0
-346.869147108545
-1000
0
0
0
0
0
0
-1000
0
0
0
0
0
0
0
0
0
0
0
-1000
0.00130273824402138
1000
0
-1000
-1000
-1000
-1000
-1000
-1000
0
0
0
0
0
0
0
0
0
-1000
-1000
0
1000
0.350044894299473
0.00319584056454774
0.00319584056454774
0.00319584056454774
0.00319584056454774
0.00319584056454774
0
0
0
1000
0.0726276571027991
0
0
0
0
0
0
0
0
0
0
0
0
0
0
-1000
0
0
0
0
0
0
1000
-999.998697261756
0
1000
1000
1000
-999.998697261756
0
0
0
0
0
0
0
0
0
0
0
0
0
0
0
0
0
0
0
0
0
0
0
0
0
0
0
0
0
0
0
0
0
0
0
0
0
0
0
0
0
0
0
0
0
0
0
-1000
0
0
0
50.4283395873825
0
0
0
0
-1000
0
0
0
0
0
0
0
2.11943283005166
1000
-373.602698344254
-1000
-1000
-1000
1000
0
0.0191379901633496
0
0
0
0
1000
-1000
0
0
247.165748917821
0
0
0
999.980824956613
13.2144024122476
0
0
0
0
0
0.513968356995811
0.513968356995811
-205.501315444344
-999.987253690966
0
0
0
0
0
0
0
0
-1000
0
0
621.218094834891
0
0
0
0
1000
0.00319584056454774
0
0
0
0
0
0
0
0
1000
995.022934850734
0
0
1000
0
0
0
1000
0
0.00477986588784531
0
0
-779.934656426334
0
-1000
0
0
0
-1000
-1000
0
0
0
0
-220.018119312321
0
0
220.016816574077
0
0
0
0
0
0
-982.247344966009
0
0
0
0
-1000
-1000
0
0
-880.060284251103
0
0
0
0.0013027382439964
0.00079548640139286
0
0
0
0
0
0
0
0
998.347399194443
0
998.347399194443
0
0
0
0
0
0
0
0
0
0
1000
1000
0
-1000
1000
-1000
-1000
0
0
0
0
0
0
0
0
-1000
0
0
1000
0.00159328862928177
0.00159328862928177
0
-1000
-214.20371602705
-214.20371602705
279.508979503814
0
0
0
0
0
0
0
0
0
0
0
0
0
0
0
0
0
0
0
0
0
0
0
0
0
0.00319584056455824
0
0
0
0
0
0
0
0
0
0
0
0
0
0
0
0
0
0
0
0
0
0
0
0
0
0
0
0
0
0
0
0
0
0
0
0
0
0
0
0
0
0
0
0
0
-1000
0
-1000
0
0
0
0
0
-1000
0
0
0
0
-1000
0
0
0
0
0
0
779.934656426334
0
0
0
0
0
0
0
0
0
0
0
0
0
1000
0
0
0
1000
0
0
0
0
0
0
0
0
0
0
0
0
0
0
0
0
220.016816574077
0
0
0
0
0
0
0
0
0
0
0
0
0
0
0
0
0
0
0
0
0
0
220.016816574077
0
0
0
0
0
0
0
0
0
0
0
0
0
0
0
0
0
0
0
0
0
0
0
0
0
0
0
0
0
0
0
0
0
0
0
0
0
0
0
0
0
0
0
0
0
0
0
0
0
0
0
0
0
0
0
0
0
0
0
0
0
0
0
0
0
0
0
0
0
0
0
0
0
0
0
0
0
0
0
0
0
0
0
0
0
0
0
0
0
0
0
0
0
0
0
0
0
0
0
0
0
0
0
0
0
0
0
0
0
0
0
0
0
0
0
0
0
0
0
0
0
0
0
0
0
0
0
0
0
0
0
0
0
0
0
0
0
0
0
0
0
0
-1000
263.757859564945
0
0
0
0
0
0
0
0
0
0
0
0
0
0
0
0
0
0
0
0
0
0
0
71.0106201359656
0
0
0
-601.984359935464
0
783.496896131749
1000
-1000
-783.35133485734
0
0
0
0
663.703147235278
0
0
0
0
305.675998882874
0.0191750433872357
0
0
0
778.069955602326
0
0
0
0
0
0
0
0
0
0
0
0
0
0
0
0
0
0
0
0
0
0
0
0
0
0
0
0
0
0
0
0
0
0
0
0
0
0
0
0
0
0
0
0
0
0
0
0
0
0
0
0
0
0
0
0
0
0
0
0
0
0
0
0
0
0
0
0
0
0
0
0
0
0
0
0
0
0
0
0
0
0
0
0
0
0
0
0
0
0
0
0
0
0
0
0
0
0
0
0
0
0
0
0
0
0
0
0
0
0
0
0
0
0
0
0
0
0
0
0
0
0
0
0
0
0
0
0
0
0
0
0
0
0
0
0
0
0
0
0
0
0
0
0
0
0
0
0
0
0
0
0
0
0
0
0
0
0
0
0
0
-495.35748385178
0
0
0
0
0
0
0
0
0
0
0
0
0
0
0
0
0
0
0
0
0
0
0
0
0
0
0
0
0
0
0
0
0
0
0
0
0
0
0
0
0
0
0
0
0
0
0
0
0
0
0
0
0
0
0
0
0
0
0
0
0
0
0
0
0
0
0
0
0
0
0
0
0
0
0
0
0
0
0
0
0
0
0
0
0
0
0
0
0
0
0
0
0
0
0
0
0
0
0
0
0
0
0
0
0
0
0
0
-495.35748385178
0
0
0
0
0
0
0
1000
0
0
0
0
0
0
0
0
0
279.508979503814
0
0
0
0
0
0
0
0
0
0
0
-1000
0
0
0.880832327193921
0
0.00319584056455824
-794.11798583797
-205.501315444344
0
0
0
0
0
0
0
0
0
0
0
0
0
0
0
0
0
0
0
0
0
0
0
0
0
0
0
0
0
0
0
0
0
0
0
0
0
0
0
0
0
0
0
0
0
0
0
0
0
0
0
0
0
0
0
0
0
0
0
0
0
0
0
0
0
0
0
0
0
0
0
0
0
0
0
0
0
0
0
0
0
0
0
0
0
0
0
0
0
0
0
0
0
0
0
0
0
0
0
0
0
0
0
0
0
0
0
0
0
0
0
0
0
0
0
0
0
0
0
0
0
0
0
0
0
0
0
0
0
0
0
0
0
0
0
0
0
0
0
0
0
0
0
0
0
0
0
0
0
0
0
0
0
0
0
1000
0
0
1000
0
0
0
0
0
0
0
0
1000
0.00319584056455824
0
0
0
1000
0
0
0
0
0
0
0
0
0
0
0
0
0
0
0
1000
0
-1000
0
0
0
0
0
0
0
0
0
0
0
0
0
0
0
0
0
0
0
0
0
0
0
0
0
0
0
0
0
0
0
0
0
0
0
0
0
0
0
0
0
0
0
0
0
0
0
0
0
0
0
0
0
0
0
0
0
0
0
0
0
0
0
0
0
0
0
0
0
0
0
0
0
0
0
0
0
0
0
0
0
0
0
0
0
0
0
0
0
0
0
0
0
0
0
0
0
0
0
0
0
0
0
0
0
0
0
0
0
0
0
0
0
0
0
0
0
0
0
0
0
0
0
0
0
0
0
0
0
0
0
0
0
0
0
0
0
0
0
0
0
0
0
0
0
0
0
0
0
0
0
0
0
0
0
0
0
0
0
0
0
0
0
0
0
0
0
0
0
0
0
0
0
0
662.81957549238
500
77.1942165349695
0
0
-0.864013251295319
0
0
0
412.0241307554
17.0753606975353
37.3234036946577
0.0926330598419634
77.1942165349695
0
0
0
0
0
0
0
0
0
0
0
0
0
0
0
0
0
0
0
0
0
0
0
0
0
706.740417245359
-1000
0
0
-1000
205.501315444344
-1000
0
205.501315444344
0
0
0
0
0
0
0
0
0
-3.25684560999105
0
0.00319584056455824
0
0
0
0
0
0
0
0
0
0
0
0
0
0
0
0
0
0
220.016816574077
0
1000
0
0
1000
-0.623685934313244
-0.0273575031238806
0
-9.48372635009036
-513.949649148854
87.1672381755932
-29.7327728720279
-1000
-809.844057245558
-23.4914390587667
-4.07515988509749
-27.8104554738982
-1000
-1000
0
0
0
0
-1000
-33.7426727664667
-15.4956929877611
-24.083580454963
-11.7826202947424
990.884910771262
-21.1516206002184
373.19332925616
978.721773165243
565.940923808206
0
-1000
748.481909923771
-1000
0
1000
0
0
806.521871061876
-1000
0
0
0
0
0.324431853253145
0
1000
0
0
0
0
0
0
0
0
0
0
-0.00319584056455824
-0.00319584056455824
0
0
0
0
0
0
0
0
0
0
0
0
0
0
0
0
1000
0
-2.11943283005166
0
0
1000
-1000
247.165748917821
-0.00319584056455824
-0.00319584056455824
-0.880832327193957
596.236853963948
0
0
-0.00319584056455824
0
-0.00319584056455824
0
0
0
-0.00319584056455824
0
0
0
-0.00319584056455824
0
0
0
0
0
0
0
0
0
0
0
1000
0
0
0
0
0
403.759950195488
0
0
0
0
0
0
0
748.478714083207
0
0
0
-1000
0
1000
0
0
-0.00319584056455824
0
0
0
0
-1000
0
0
0
0
0
0
0
1000
0
916.231674630848
-2.79707068077141
-0.419681797035651
-1000
-1000
0
0
0
0
0
0
0
0
0
2.17494396310417
0
0
0
0
-748.481909923771
0
1000
0
0
0
0
539.938767955999
1000
-794.975887623143
0
0
0
1000
0
0
0
0
727.11740810881
-261.660587145528
-28.9113430383418
0
0
0
-1000
-1000
0
0
0
0
0
0
-0.0446769247618022
0
0
0
0
0
-1000
1000
0
0
0
0
0
0
502.348429859373
-1000
-1000
492.769236649753
0
0
-465.456820963282
0
0
0
0
0
0
0
0
1000
0
-0.00136374328940292
-0.00130273824402138
-0.352716379562025
-1000
-0.0192153890989175
-0.0937361485223391
-0.0123760133179758
-0.070022180614842
-0.0374537245148758
-0.00130273824402138
0
0
0
0
-0.00130273824402138
-1000
-0.00130273824402138
-0.00130273824402138
-0.00130273824402138
-0.0094448522689845
0
-0.00130273824402138
-0.488382724219264
-0.503182646743653
0
-13.2144024122475
0
0
-0.00130273824402138
-0.00893760042640679
0
-0.00130273824402138
-0.00130273824402138
-0.00130273824402138
-0.00130273824402138
-0.037779409075938
0
-0.0814211402497449
0
0
0
-1000
1000
0
0
-1000
1000
-0.00319584056455824
0
982.247344966009
-982.247344966009
928.989379864034
0
0
-1000
-1000
0
-928.989379864034
0
0
0
0
0
0
0
0
0
0
0
0
0
0
0
0
-1000
1000
-125.083335205096
125.083335205096
125.083335205096
1000
-1000
-1000
0
-1000
-1000
-1000
0
0
0
-0.00130273824402138
-0.00130273824402138
0
0
0
0
1000
-783.496896131749
783.35133485734
305.675998882874
0.0191750433872357
0
0
0
778.069955602326
0
1000
-1000
0
0
0
0
0
0
0
0
0
0
0
0
0
0
0
0
0
0
0
0
0
0
0
0
0
0
0
0
0
0
0
0
0
0
0
0
0
0
0
0
0
0
0
0
0
0
0
0
0
0
0
0
0
0
0
0
0
0
0
0
0
0
0
0
0
0
0
0
0
0
-0.00130273824402138
0
0
0
0
0
0
0
0
0
0
0
0
0
0
0
0
0
0
0
0
0
0
0
0
0
0
0
0
0
0
0
0
0
0
0
0
0
0
0
0
0
0
0
0
0
0
0
0
0
0
0
0
0
0
0
0
0
0
0
0
0
0
0
0
0
0
0
0
0
0
0
0
0
0
0
0
0
0
0
0
0
0
0
0
0
0
0
0
0
0
0
0
0
0
0
0
0
0
0
0
0
0
0
0
0
0
0
0
0
0
0
0
0
0
0
0
0
0
0
0
0
0
0
0
0
0
0
0
0
0
0
0
0
0
0
0
0
0
495.35748385178
0
0
0
0
0
0
0
0
0
0
0
0
0
0
0
0
0
0
0
0
0
0
0
0
0
0
0
0
0
0
0
0
0
0
0
0
0
0
0
0
0
0
0
0
0
0
0
0
0
0
0
0
0
0
0
0
0
0
0
0
0
0
0
0
0
0
0
0
0
0
0
0
0
0
0
0
0
0
0
0
0
0
0
0
0
0
0
0
0
0
0
0
0
0
0
0
0
0
0
0
0
0
0
0
0
0
0
0
0
0
0
0
0
0
0
0
0
0
-1000
0
1000
0
0
0
794.11798583797
0
0
0
0
0
0
0
0
0
0
0
0
0
0
0
0
0
0
0
0
0
0
0
1000
0
-1000
0
-1000
-0.00319584056455824
0
0
0
0
0
0
0
0
-999.977666169272
0
0
0
0
0
0
0
0
0
0
0
0
0
0
0
0
0
0
0
0
0
0
0
0
0
0
0
0
0
0
0
0
0
0
0
0
0
0
0
0
0
0
0
0
0
0
0
0
0
0
0
0
0
0
0
0
0
0
0
0
0
0
0
0
0
0
0
0
0
0
0
0
0
0
0
0
0
-0.00130273824402138
-0.00130273824402138
-0.00130273824402138
-0.00130273824402138
0
-0.00130273824402138
-0.00130273824402138
0
-0.00130273824402138
-0.00130273824402138
-0.00130273824402138
-0.00130273824402138
0
-0.00130273824402138
-0.00130273824402138
-0.00130273824402138
-0.00130273824402138
-0.00130273824402138
-0.00130273824402138
-0.00130273824402138
0
-0.00130273824402138
-0.00130273824402138
-0.00130273824402138
0
-1000
77.1942165349694
0
1000
0
0
0
0
0
0
0
0
0
0
0
