0
0
0
0
0
0
0
30.3806247485736
-1000
0
682.478868868193
0
0
199.133753445696
997.977517890977
0
999.685084944691
-999.685084944691
999.927724413536
0
0.0722755864644256
0
-1000
0.454303686347771
0
1000
-202.161514327139
0
-541.617374711504
0.0154267642670708
0
0
0
0
0
0.0398033581359264
0
9.82439165218885
9.82439165218885
43.3717583422214
9.82439165218885
9.82439165218885
9.82439165218885
9.82439165218885
9.82439165218885
0
0
0
0
0
0
0
0
0
0
0
0
0
0
0
0
0
0
0
0
639.861291233392
0
0
0
0
0
0
0
5.50328460349192
5.50328460349192
0
0
0
0
0
0
-920.708627042277
-79.2913729577227
0
0
0
0
0
0
0
0
0
0
0
0
0
0
0
0
0
0
0
0
0
0.00442045986058091
0
317.521131131807
0
0
0
0
0
0
0
0
0
0
0
0
0
0
0
0
0
0
0
0
0
0
0
1000
0
0
-1000
0
0
0
0
-1000
0
0
0
0
-18.0943900701236
0
0
0
0
-1000
0
0
0.0110319302607541
-456.531459489437
0
0
347.050284099174
748.85148097726
1000
401.790871794305
0
0
0
-1000
401.790871794305
600.924625240001
1000
-800.866246554304
0
0
1000
0
0
0.0110319302607422
0
0
1000
-1000
0
0
0
0
0
-4.86232966889099
0
0
0
0
0
0
0
251.14851902274
-1000
0
0
0
0
0
0
0
0
0
0
1.70756705371424
0
0
0
-4.86749221078128
0
1000
0
0
0
0
0
0
0
0
0
0
0
1000
0
0
-1000
0
998.479074584844
0
0.570175257379277
0
0
0.0954872717079525
0.855262886068916
0
-1000
0
0
0
-1000
0
0
0
0
0
0
0
0
0
0
0
0
-1000
0
-274.494849168391
1000
-1000
-5.50328460349192
0
-1000
1000
-1000
-1000
-1.19509588141841
999.429824742621
-2.76927609271138
0
-0.855262886068886
0
1000
-1000
1000
0
0
1000
0
0.221989301283593
0
-0.221989301283543
0
0.0022038234667244
0
0
0
0
0
0
0
0
1000
0
0
0
0
0
0
0
0
1000
0
1000
0.485013069451957
0
0
1000
0
-0.221989301283543
0
-0.855262886068886
0
0
0.855262886068886
2.76927609271138
0
0
0
0
0
0
0
-1000
0
0
0
-444.944467504016
0.855262886068886
0
-1000
-1.19509588141841
0
0
0.00442045986054182
0
0
0
0
0
0
0
0
0
0
0
0
0
0
0
0
2.85087628689639
12.0014417470844
0
0
0
0
0
0
0
0
0
175.776310906406
827.765266764947
-999.99483745811
-1000
-1000
1000
0
-1000
-1000
-0.00220382346674342
1000
-1000
1000
1000
1000
0
-1000
0
0
0
0
-1000
0
1000
-1000
0
-1000
1000
0
0
1000
0
0
0
0
0
0
0
1.19509588141839
-1000
1000
0.570175257379333
-1000
1000
-1000
-1000
-1000
-1000
1000
0
0
1000
998.955136756949
1000
-1000
-1000
1000
-1000
-560.654304371184
1000
1000
-1000
1000
1000
0
0
0
1000
-1000
2.38135084311546
0
0
-251.14851902274
0
0
0
1000
-215.328731386308
0
0
0
-36.3744907061001
0
0
0
0
0
0
0
967.54919595341
0
0
0
967.54919595341
0
0
0
0
0
686.449974514054
0
-686.449974514054
0
686.449974514054
0
0
0
0
0
0
0
0
0
0
0
0
0
0
0
0
0
0
0
0
0
0
0
0
0
0
0
0
0
0
0
0
0
0
0
0
0
0
0
0
0.00442045986062567
-1000
-1000
0.129063547257942
0.129063547257942
0
-999.144737113931
0
0
0
0
0
0
0
0
0
0
0
0
39.9899271678971
0
0
0
0
0
0
0
0
0
0
0
0
0
0
0
0
0
0
0
0
0
0
0
0
0
0
0
0
0
0
0
0
0
0
0
0
0
0
0
0.201339133721922
0
0
552.456323635381
-1000
0
1000
0
1000
0
0
1000
0
0
0
0
0
0
0
0
0
0
0
0
0
0
0
0
0
0
0
0
0
0
0
0
0
0
0
271.924890409603
0
0
0.201339133721922
0
0
0
0
0
0
0
0
0
1000
0
0
0
0
0
0
0
0
0
0
0
0
0
0
0
0
0
0
0
0
0
0
0.00442045986058091
0
0
0
0
0
0
0
0
0
0
0
-1000
0
0
0
0
0
0
0
0
0
0
0
0
0
0
0
0
0
0
0
0
0
0
0
0
0
0
0
0
0
0
0
0
0
0
0
0
0
1000
0
0.00516254189031611
0
0
0
0
0.934420082147217
0.934420082147217
0
42.2794936752458
0
0
0
0
0
0
0
0
0
0
0
0
0
0
0
0
0
0
0
0.00442045986058091
0
0
0
0
0
1000
0
0
0
1000
0
0
1000
0
0
0
0
2.68452178296438
0
0
2.68452178296438
0
0
0
0
0
0
0
0
0
2.68452178296438
0
2.68452178296438
0
0
0
16.0144238312658
45.6496565439284
29.1793060555447
21.3715620524009
31.6869026696931
10.4293222815717
24.3920761558069
44.6238215654131
41.0903899727495
12.9939097278598
25.1899478057632
51.9186480792993
40.97640830847
12.6519647350213
20.9726262274228
29.0653243912653
37.6709400443654
30.4900951947587
5.58510154969411
38.0128850372038
0
0
0
0
0
0
0
0
0
0
0
0
0
0
0
0
0
0
0
0
0
0
0
0
0
0
0
0
0
0
0
0
0
0
0
0
0
0
0
0
0
0
0
0
0
0
0
0
0
0
0
0
0
0
0
0
0
0
0
0
0
0
0
0
0
0
0
0
0
0
0
0
0
0
0
0
0
0
0
0
0
0
0
0
0
0
0
246.079687678237
0
0
0
0
0
0
-1000
0
0
0
0
39.9899271678972
1000
1000
-172.234733235053
-172.234733235053
308.554764450911
0
0
0
0
0
0
-36.3744907061001
-308.740615958962
-308.740615958962
-1000
0
-654.322176268893
0
-654.466727441822
1000
1000
308.565089534691
1000
0
0
1000
0
-1000
-1000
-1000
0
345.677823731107
0
0
0
654.322176268893
0
0
0
0
0
0
0
0
0
0
0
-1000
173.434249576332
1000
1000
0
500
230.006869198503
2.51546520304847
5
0
0
0
0
0
0
330.959975489643
0
1000
0
0
-0.00180193661105932
0
0
0
0
-0.00180193661105932
0
172.181687716726
0
-0.00360387322211864
0
-0.00180193661105932
-0.677328823953758
0
-0.112621038192401
0
-1000
-0.699601889251426
0
-0.00180193661105932
-0.00180193661105932
0.00180193661105932
-0.00180193661105932
0.00180193661105932
-0.00180193661105932
-0.00180193661105932
-0.00180193661105932
-0.00180193661105932
-0.00180193661105932
-0.00180193661105932
-0.00180193661105932
-0.00180193661105932
-0.00180193661105932
-0.00180193661105932
-0.00180193661105932
-0.0378406688327004
-0.0123624139366711
-0.0518056775684954
-0.0522561617212887
-0.0265785650134376
0.00180193661105932
3.79938003018276
-0.129655054330556
0.00180193661105932
0.00180193661105932
0.00180193661105932
0.00180193661105932
-0.862677152554056
-0.0130640404303222
-0.0968540928455468
-0.487874337449625
-0.00188631827813879
0.00180193661105932
0.00180193661105932
0.0171183978052341
0.00180193661105932
0.00180193661105932
-0.00180193661105932
0
0
0
0
0
0
0
0
0
0
0
0
0
0
0
0
0
0
0
0
0
0
0
0
0
0
0
0
0
0
0
0
0
0
0
0
0.00110031011752199
0
0
0
0
0
0
0
0
0
0
0
0
0
0
0
0
0
0
0
0
0
0
0
0
0
0
0
0
0
0
0
0
0
0
0
0
0
0
0
0
0
0
0
0
0
0
0
0
0
0
0
0
0
0
0
0
0
0
0
0
0
0
0
0
0
0
0
0
0
0
0
0
0
0
0
0
0
0
0
0
0
0
0
0
0
0
0
0
0
0
0
0
0
0
0
0
0
0
0
0
0
0
0
0
0
0
0
0
0
0
0
0
0
0
0
0
0
0
0
0
0
0
0
0
0
0
0
0
0
0
0
0
0
0
0
0
0
0
0
0
0
0.00180193661107893
327.166001269294
0.00180193661107893
83.6274893974353
0
0
0
0
0
0.00180193661107893
0.00180193661107893
0
0.00180193661107893
0
0
0
0
0
0
0
0
0
0
0
0
0
0
0
0
0
0
0
0
0
0
0
0
0
0
0
0
0
0
0
0
0
0
0
0
0
0
0
0
0
0
0
0
0
0
0
0
0
0
0
0
0
0
0
0
0
0
0
0
0
0
0
0
0
0
0
0
0
0
0
0
0
0
0
0
0
0
0
0
0
0
0
0
0
0
0
0
0
0
0
0
0
0
0
0
0
0
0
0
0
0
0
0
0
0
0
0
0
0
0
0
0
0
0
0
0
0
0
0
0
0
0
0
0
0
0
0
0
0
0
0
0
0
0
0
0
0
0
0
0
0
0
0
0
0
0
0
0
0
0
0
0
0
0
0
0
0
0
0
0
0
0
0
0
0
0
0
0
0
0
0
0
0
0
0
0
0
0
0
0
0
0
0
0
0
0
0
0
0
-1000
0
0
0
0
0
0
0
0
0
0
0
0
0
0
0
0
0
0
0
0
0
0
0
0
0
0
0
0
0
0
0
0
0
0
0
0
0
0
0
0
0
0
0
0
0
0
0
0
0
0
0
0
0
0
0
0
0
0
0
0
0
0
0
0
0
0
0
0
0
0
0
0
0
0
0
0
0
0
0
0
0
0
0
0
0
0
0
0
0
0
0
1000
1000
0
0
0
0
0
0
0
0
0
0
0
0
0
0
0
0
0
0
-1000
0
-1000
0
0
0
0
0
0
0
1000
1000
0
0
0
0
0
0
0
0
0
0
0
0
0
0
0
0
0
0
0
0
0
0
0
0
0
0
0
0
0
0
0
0
0
0
0
0
0
0
0
0
0
0
0
0
0
0
0
0
0
0
0
0
0
0
0
0
0
0
0
0
0
0
0
0
0
0
0
0
0
0
0
0
0
0
0
0
0
0
0
0
0
0
0
0
56.9780170771157
0
0
0.00180193661105932
0
1000
0
327.164199332683
0
0
86.1062699690963
-0.00180193661105932
88.6528543487477
0
0
0
0.00110031011752199
0.697799952640366
0
-999.30220004736
999.998198063389
0
0
0
0
0
0
0
0
0
0
0
0
0
-1000
0.00110031011752199
0
0
0
0.00442045986062567
0
0
0
0
0
0
0
-0.00442045986062567
0
0
0
0
0
330.959975489643
1000
0
-327.162397396071
-327.162397396071
0
-1000
1000
-0.0265227591635266
0
0
0.00180193661105932
-0.00180193661105932
0
0
327.229519534834
-327.229519534834
1000
0
-327.164199332682
-327.164199332682
0
0
-1000
0
-842.786979990321
-157.213020009679
-1000
0
-827.818312283274
-172.181687716726
-1000
0
0
0
0
0
-1000
0
-0.697799952640366
0
0
0
-999.30220004736
999.30220004736
-1000
0
0
0
-1000
0
0
0
-1000
0
0
0
0
0
0
0
0
0
0
0
0
0
0
0
0
0
0
0
-1000
1000
-1000
0
-1000
0
-1000
0
-1000
0
0
0
0
0
0
0
0
0
687.765670931377
0
1000
0
-1000
0
-1000
0
-1000
0
-1000
0
0
0
0
0
0
0
0
0
0
-969.619375251427
-30.3806247485735
3.7975780935717
-3.7975780935717
0
0
0
0
0
0
0
0
0
0
0
0
0
0
0
0
0
0
0
0
0
0
0
0
0
0
0
0
0
0
0
0
0.00110031011752199
-0.00110031011752199
0
0
0
0
0
0
0
0
0
0
0
0
0
0
0
0
0
0
0
0
0
0
0
0
0
0
0
0
0
0
0
0
0
0
0
0
0.00110031011752199
-0.00110031011752199
0
0
0
0
0
0
-0.00442045986062567
-0.00442045986062567
0
0
0
0
0
0
0
0
0
0
0
0
0
0
0
0
0.00442045986062567
0.00442045986062567
0
0
0
0
0
0
0
0
0
0
0
0
0
0
0
0
0
0
0
0
0
0
0
0
0
0
0
0
0
0
0
0
0
0
0
0
311.775890021619
0
0
0
0
0
0
0
1.44781378519658
0.00442045986058091
0
0
0
0
0
0
0
0
0.182165656013041
0
0
0
0
0
0
0
0
0
0
0
0
0
0
0
0
0
0
0
0
0
0
0
0
0
0
0
0
0
0
0
0
0
0
0
0
0
0
0
0
0
0
0
0
0
0
0
0
0
0
327.229519534834
327.229519534834
327.229519534834
0
0
0
0
327.162397396071
327.162397396071
0
0
0
0
0
0
0
0
0
0
0
0
0
0
0
0
0
0
0
0
0
0
0
0
0
0
0
0
0
0
0
0
0
0
0
0
0
0
0
0
0
0
0
0
0
0
0
0
0
0
0
0
0
0
0
0
0
0
0
0
0
0
0
0
0
0
0
0
0
0
0
0
0
0
0
0
0
0
0
0
0
0
0
0
327.164199332682
327.164199332682
327.164199332682
327.164199332682
-327.164199332682
0
0
0
0
0
0
0
0
0
0
0
0
0
0
0
0
0
0
0
0
0
0
0
0
0
0
0
0
0
0
0
0
0
0
0
0
0
0
0
0
0
0
0
0
0
0
0
0
0
0
0
0
0
0
0
0
0
0
0
0
0
0
0
0
0
0
0
0
0
0
0
0
0
0
0
0
0.00442045986058091
0.00442045986058091
0.00442045986058091
0.00442045986058091
0.00442045986058091
0
0
0
0
0
0
0
0
0
0
0
0
0
0
0
0
0
0
0
0
0
0
0
0
0
0
0
0
0
0
0
0
0
0
0
0
0
0
0
0
0
0
0
0
0
0
18.0943900701236
18.0943900701236
-18.0943900701236
6.02114895036651
-3.00836424525301
3.00836424525297
3.00836424525297
3.00836424525297
3.00836424525297
3.00836424525297
3.00836424525297
3.00836424525297
3.00836424525297
3.00836424525297
3.00836424525297
3.00836424525297
0
3.00836424525301
3.00836424525297
3.00836424525297
3.00836424525297
3.00836424525297
3.00836424525297
3.00836424525297
2.99954895138607
2.99954895138607
2.99954895138607
0.00881529386689759
0
0.00881529386689759
0
0
0
0
0
0
0
0
0
0
0
0
0
0
0
0
0
18.0943900701236
18.0943900701236
6.02114895036651
6.02114895036651
0
0
0
0
0
0
0
0
0
0
0
0
0
0
0
0
0
0
0
0
0
0
0
0
0
0
0
0
0
0
0
0
0
0
0
0
0
0
0
0
0
0
0
0
0
0
0
0
0
0
0
0
0
0
0
0
0
0
0
0
0
0
0
0
0
0
0
0
0
0
0
0
0
0
0
0
0
0
0
0
0
0
0
0
0
0
0
0
0
0
0
0
0
0
0
0
0
0
0
0
0
0
0
0
0
0
0
0
0
0
0
0
0
0
0
0
0
0
0
0
0
0
0
0
0
0
0
0
0
0
0
0
0
0
0
0
0
0
0
0
0
0
0
0
0
0
0
0
0
0
0
0
0
0
0
0
0
0
0
0
0
0
0
0
0
0
0
0
0
0
0
0
0
0
0
0
0
0
0
0
0
0
0
0
0
0
0
0
0
0
0
0
1.44781378519658
1.47870575251212
1.47870575251212
0
0
0
0
-1.47870575251216
1.47870575251212
0
0
487.92711767261
487.896225705294
0
1000
0
0
0
0
0
0
0
0
0
0
0
0
0
0
0
0
0
0
0
0
0
0
0
0
0
0
0
0
0
0
0
0
0
0
0
0
0
0
0
0
0
0
0
0
0
0
0
0
0
0
0
0
0
0
0
0
0
0
0
0
0
0
0
0
0
0
0
0
0
0
0
0
0
0
0
0
0
0
0
0
0
0
0
0
0
0
0
0
0
0
0
0
0
0
0
0
0
0
0
0
0
0
0
0
0
0
0
0
0
0
0
0
0
0
0
0
0
0
0
0
1.44781378519658
0.00442045986058091
0
0
0
0
0
0
0
1.90601260139256
0
0
0
1.19509588141839
1.19509588141839
1.19509588141839
0
0
0
0
0
0
1.6343999010702
0
0
0
0.00442045986058091
0
0
0
0
-1.6343999010702
1.6343999010702
0
0
0
0
0
0
0
0
0
0
0.298084207777318
0
0.271612700322361
0
0
0
0
0
0
0
0
0
0
13.3255552627718
13.3255552627718
13.3255552627718
0
0
0
0
-0.182165656013012
0
0
0
0
0
0
0
0
0
0
0
0
0
0
0
0
0
0
0
0
0
0
0
0
0
0
0
0
0
0
0
0
0
0
0
0
0
0
0
0
0
0
0
0
0
0
0
0
0
0
0
0
0
0
0
0
0
0
0
0
0
0
0
0
0
0
0
0
0
0
0
0
0
0
0
0
0
0
0
0
0
0
0
0
0
0
0
0
0
0
0
0
0
0
0
0
0
0
0
0
0
0
0
0
0
0
0
0
0
0
0
0
0
0
0
0
0
0
0
0
0
0
0
0
0
0
0
0
0
0
0
0
0
0
0
0
0
0
0
0
0
0
0
0
0
0
0
0
0
0
0
0
0
0
0
0
0
0
0
0
0
0
0
0
0
0
0
0
0
0
0
0
0
0
0
0
0
0
0
0
0
0
0
0
0
0
0
0
0
0
0
0
0
0
0
0
0
0
0
0
0
0
0
0
0
0
0
0
0
0
0
0
0
0
0
0
0
0
0
0
0
0
0
0
0
0
0
0
0
0
0
0
0
0
0
0
0
0
0
0
0
0
0
0
0
0
0
0
0
0
0
0
0
0
0
0
0
0
0
0
0
0
0
0
0
0
0
0
0
0
0
0
0
0
0
0
0
0
0
0
0
0
0
0
0
0
0
0
0
0
0
0
0
0
0
0
0
0
0
0
0
0
0
0
0
0
0
0
0
0
0
0
0
0
0
0
0
0
0
0
0
0
0
0
0
0
0
0
0
0
0
0
0
0
0
0
0
0
0
0
0
0
0
0
0
0
0
0
0
0
0
0
0
0
0
0
0
0
0
0
0
0
0
0
0
0
0
0
0
0
0
0
0
0
0
0
0
0
0
0
0
0
0
0
0
0
0
0
0
0
0
0
0
0
0
0
0
0
0
0
0
0
507.449235182703
0
507.449235182703
0
0
0
0
0
0
0
0
0
0
0
0
0
0
0
0
0
0
0
0
0
0
0
0
0
0
0
0
1000
0
0
0
0
0
0
0
0
0
0
0
0
0
0
0
0
0
0
0
0
0
0
0
0
0
0
0
0
0
0
0
0
0
0
0
0
0
0
0
0
0
0
0
0
0
0
0
0
0
0
0
0
0
0
0
0
0
0
0
0
0
0
0
0
0
0
0
0
0
0
0
0
0
0
0
0
0
0.201339133721922
0.201339133721922
0
0
0
0.201339133721945
0
0.201339133721922
-246.079687678237
0
0
0
0.0309752513414899
0
0
0
0
0
0
0
246.079687678237
0
0
0
0
0
1.21835988611463
0
0
0
0
0
0
1.21835988611463
0
1.21835988611463
1.21835988611463
0
0
0
0
0
0
0
0
0
0
0
0
0
0
0
0
0
0
0
0
0
0
0
0
0
0
0
0
0
0
0
0
0
0
0
0
0
1.6343999010702
1.6343999010702
0
0
0
0
0
0
0
0
0
0
0
0
0
0
0
0
0
0
0
0
0
0
0
0
0
0
0
0
0
0
0
0
0
0
0
0
0
0
0
0
0
0
0
0
0
0
0
0
1000
646.804299649064
-1000
0
0
0
-1000
1000
1000
0
0
0
0
-1000
645.949036762995
0
0
0
0
0
0
0
0
0
0
0
0
0
0
0
0
0
0
0
0
0
0
0
0
0
0
0
0
0
0
0
0
0
0
0
0
0
0
0
0
-1000
0
0
0
0
0
0
0
0
0
0
0
0
0
0
0
0
0
-999.995579540139
-1000
1000
-1000
1000
999.995579540139
-1000
0
0
0
0
0
0
0.00442045986062567
0
0
0
0
0
0
0
0
0
0
0
0
0
0
0
0
0
0
0
0
0
0.0176434006609273
0
0.00442045986058091
0.026471507454957
1000
0.0022038234667244
0.0022038234667244
0.00442045986062567
0
0.0154395771942029
0.0022038234667244
0.0330957907822077
-0.00220382346674342
0.0022038234667244
0.0022038234667244
0.0022038234667244
0.0022038234667244
0.0022038234667244
-0.00220382346674342
-0.00440764693348683
0.0022038234667244
0.0022038234667244
0.00220382346674342
0.0022038234667244
-0.0066242833272554
-0.0066242833272554
0.00442045986062567
0.00442045986062567
0.0022038234667244
0.0022038234667244
0.00442045986058091
0.00442045986058091
-0.00442045986062567
-0.00442045986062567
0.00442045986062567
0.00442045986062567
0.0022038234667244
0.0022038234667244
0.0022038234667244
0.0022038234667244
0.0551852771579888
-0.0066242833272554
-999.969108032685
0
0
0
0
0
0
-447.543676364619
0
0
0
0.00442045986058091
0
0
0
0
0.00221022993029046
0.00442045986062567
0.00442045986062567
0
0.00442045986058091
0
0
0
0
0
-0.00442045986062567
0
0
0.00881529386689759
0.0022038234667244
0.00661147040017319
0.0022038234667244
-0.00220382346674342
0.0022038234667244
0.0022038234667244
0.0022038234667244
0.0022038234667244
0.0022038234667244
0.0022038234667244
0.00440764693344879
0.0022038234667244
0.0022038234667244
0.0022038234667244
0.0022038234667244
0.0022038234667244
0
0.0022038234667244
0.00442045986058091
0.00442045986058091
0.00442045986058091
0.00442045986058091
0.00442045986058091
0.00442045986058091
0.00442045986058091
0.00442045986058091
0.00442045986058091
0.00442045986058091
0.00442045986058091
0.00442045986058091
0.00442045986058091
0.00442045986058091
0
0
0
0
0
0
0
0
0
0
0
0
-0.00442045986062567
0
0
0
0
0
0
0
0
0
0
0
0
0
0
0
0
0
0
0
0
0
0
0
0
0
0
0
0
0
0
0
0
0
0
0
0
0
0
0
0
0
0
0
0
0
0
0
0
0
0
0
0
0
0
0
0
0
0
0
0
0
0
0
353.121708636626
3.79757809357169
39.9899271678972
0
0
0
0
0.00442045986058091
0
0
0
1000
0
0
0
0
0
0
0
0
0
0
0
0
0
0
0
0
0
0
-1000
0
0
0
-330.959975489643
0
-1000
0
0
0
0.00180193661107893
0
0
0
0
0
0
0
0
0
0.00180193661107893
0
0
0
0
0
0
0
0.00360387322215787
0
0
0
0.00180193661107893
0
0.677328823953748
0
0
0
0.112621038192433
0
0
0
0
0
0.699601889251396
0
0
0
0.00180193661107893
0
0.00180193661107893
0
0.00180193661107893
0
0.00180193661107893
0
0.00180193661107893
0
0.00180193661107893
0
0.00180193661107893
0
0.00180193661107893
0
0.00180193661107893
0
0.00180193661107893
0
0.00180193661107893
0
0.00180193661107893
0
0.00180193661107893
0
0.00180193661107893
0
0.00180193661107893
0
0.00180193661107893
0
0.0378406688326576
0
0.012362413936714
0
0.0518056775685193
0
0.0522561617212891
0
0.0265785650134143
0
0.00180193661107893
0
3.79938003018277
0
0.129655054330567
0
0.00180193661107893
0
0.00180193661107893
0
0.00180193661107893
0
0.00180193661107893
0
0.86267715255404
0
0.0130640404303223
0
0.0968540928454927
0
0
0
0.00188631827819535
0
0.00180193661107893
0
0.00180193661107893
0
0.0171183978052499
0
0.00180193661107893
0
0.00180193661107893
0
0.00180193661107893
0
0
-1000
0
0
0.0308919673154833
352.899719335342
0
0
0
0
0
-1000
-920.708627042277
1000
1.21835988611463
1000
1000
1000
0
1000
-1000
-1000
0
0
1000
0
0
0
0
-6.75320272913279
1000
0
0
0
0
-1000
-4.86749221078128
-0.00442045986062567
0
0
-3.96437197412979
1000
0
0
0
0
418.444671164028
-748.85590143712
1000
-1000
1000
0
0
1000
1000
0
-1000
0
0
1000
1000
-1000
1000
0
1000
0
0
-1000
1000
1000
1000
0
0
0
0
-39.9899271678971
-503.248328481693
0
0
0
0
0
0
0
0
0
1000
0
0
0
0
0
0
0
0
1000
0
0
0
1000
0
0
0
0
0
0
0
-1000
1000
1000
-1000
1000
-1000
-1000
-1000
-1000
-1000
42.2794936752457
1000
1000
-1000
-1000
-1000
-1000
-1000
920.015211619516
1000
-1000
-1000
-1000
1000
1000
1000
1000
1000
1000
0
-1000
1000
-1000
-1000
-1000
-1000
-1000
-1000
-1000
-1000
-1000
1000
-1000
-1000
-1000
-1000
-1000
-958.539254503984
-1000
-1000
-1000
-1000
-1000
1000
-1000
-1000
-1000
-1000
-1000
-1000
-1000
-1000
-568.987802668169
711.053318956261
-280.04112162443
-1000
-1000
-1000
-1000
-1000
-1000
-1000
-1000
1000
1000
-63.9549767292414
-1000
-1000
-1000
1000
-1000
-1000
1000
-1000
-1000
1000
1000
1000
-80.2525982824448
1000
1000
1000
1000
12.607914959285
1000
1000
1000
1000
-1000
-76.3209211896157
118.719787005996
-1000
-711.053318956261
-1000
-1000
-1000
-1000
-1000
-239.253916061665
1000
1000
1000
1000
-1000
1000
1000
-1000
-1000
-1000
-601.126133084304
-1000
-1000
-357.747744892407
1000
571.869388900404
-1000
-1000
-1000
0
0
0
0
0
0
0
0
0
0
0
0
0
0
0
0
0
0
0
0
0
0
0
0
0
0
0
0
0
0
0
0
0
0
0
0
0
0
0
0
0
0
0
0
0
0
0
0
0
0
0
0
0
0
0
0
0
0
0
0
0
0
0
0
0
0
0
0
0
0
0
0
0
0
0
0
0
0
0
0
0
0
0
0
0
0
0
0
0
0
0
0
0
0
0
0
0
0
0
0
0
0
0
0
0
0
0
0
0
0
0
0
0
0
0
0
0
0
0
0
0
0
0
0
0
0
0
0
0
0
0
0
0
0
0
0
0
0
0
0
0
0
0
0
0
0
0
0
0
0
0
0
0
0
0
0
0
0
0
0
0
0
0
0
0
0
0
0
0
0
0
0
0
0
0
0
0
0
0
0
0
0
0
0
0
0
0
0
0
0
0
0
0
0
0
1000
0
0
0
0
0
42.7293859491931
0
0
0
0
0
0
0
0
0
0
0
0
0
0
0
0
0
0
0
0
0
0
0
0
0
0
0
0
0
0
0
0
0
0
0
0
0
0
0
0
0
0
0
0
0
0
0
0
0
0
0
0
0
0
0
0
0
0
0
0
0
0
0
0
0
0
0
357.747744892407
0
0
0
0
0
0
0
0
0
0
0
0
0
0
0
0
0
0
0
0
0
0
0
0
0
0
0
0
0
0
0
0
0
0
0
0
0
0
558.751578167177
0
0
0
0
0
0
0
0
0
0
0
0
0
0
0
0
1000
-1000
-1000
-1000
1000
1000
1000
-1000
0
-1000
1000
-1000
1000
1000
1000
1000
-1000
-1000
1000
-1000
1000
1000
-1000
1000
1000
-1000
-1000
-817.983475073935
1000
1000
-1000
-817.983475073935
-1000
-1000
817.983475073935
1000
1000
-1000
-969.681171998985
-1000
-1000
1000
-1000
-1000
-1000
1000
-1000
-1000
-1000
-999.938203252442
-1000
-1000
-1000
-1000
-1000
0
0
0
0
0
352.899719335342
352.899719335342
-352.899719335342
0
0
0
0
0
0
0
0
0
-1000
-1000
-0.485013069451952
0
0
0
0
582.235806413088
0
0
0
0
0
0
0
0
0
0
0
-0.00442045986062567
0.00442045986058091
0
0
-0.00442045986062567
-0.00442045986062567
0
0
0
0
0
0
0
0
0
0
0
0
0
0
0
0
0
0
0
0
0
817.323411794004
0
0
0
0.00442045986058091
0
0
1000
-1000
447.543676364619
1000
1000
0
0
0
0
-0.00442045986062567
0
0
0
0
0
246.079687678237
0
0
0
0
0
0
0
0
0
0
0
0
0
0
0
0
0
0.00442045986058091
0
0
0
0
356.375207182081
0
0
0
0
0
0
-1000
0
0
0
0
0
0
0
0
0
0
0
0
0
0
0.487874337449621
0
0
0
0
0
0
0
0
0
0
0
0
0
0
0
0
0
0
0
0
0.00442045986058091
0
0
0
1000
0
0
0
0
2.39019176283677
0
0
0
0
1000
0
-686.449974514054
0
0
0
0
0
0
0
0
0
0
0
0.00442045986062567
-178.215997189893
654.322176268893
0
-2.39019176283705
1000
0
0
784.846795037963
1000
1000
0
0
0
0
0.00442045986051198
0
0
1000
0
505.138273775336
0
0
901.778705900362
0
0
-682.478868868193
0
0
-1000
0
-1000
1000
0
0
0
0
0
0
0
0
0
0
0
-1000
0
0
0
0
0
0
0
505.138273775336
0
0
0
1000
0
1000
0
997.618649156885
0
0
0
0
0
0
0
0
0
0
1.19509588141839
0
0.00442045986058091
-0.00442045986062567
0.00442045986058091
0.00442045986058091
0
0
0.00442045986062567
0
0
0
1.19509588141841
0
0
-0.0132613795817633
-1000
-1000
-1000
1000
-1000
1000
0
0
-997.618649156885
-2.38135084311546
-1000
-1000
0
0
0
0
0
0
0
0
0
0
0
0
0
0
0
0
0
0
0
0
0
0
0
0
0
1000
0
0
0
0
0
0.0022038234667244
0
682.478868868193
0
0
0
0
0
0
0.00442045986058091
0
0
0
0
0
0
0
0
3.7975780935717
0
-30.3806247485735
0
0
0
0
0
0
0
0
0
0
0
0
0
996.202421906428
0
0
0
30.3806247485736
0
0
0
0
0
0
0
0
0
0
0
0
0
0
0
0
0
0
0
0
0
0
0
0
0
0
2.85087628689644
0
0
0
0
0
0
0
0
0
0
0
0
0
0
0
0
0
0
0
0
0
0
0
0
0
0
0
0
0
0
0
0
0
0
0
0
0
0
0
0
0
0
0
0
0
0
0
0
0
0
0
0
0
0
0
0
0
0
0
0
0
0
0
0
0
0
0
0
0
0
0
0
0
0
0
0
0
0
0
0
0
0
0
0
0
0
0
0
0
0
0
0
0
0
0
0
0
0
0
0
0
0
0
0
0
0
0
0
0
0
0
-999.984573235733
0
0.00220382346674342
0
0.024254871061089
0
0
-0.0154267642670902
0
1000
0.0198472241276022
0
0
0
0
0
0
0
0
0
0
0
0
0
0
0
0
0.00442045986058091
0.00442045986058091
0.00442045986058091
1000
-1000
0
-1000
-1000
0
0
0
0
0
0
-1000
1000
0
0
0
0
0
0
0
0
0
0
-1000
0
484.442539544513
-515.557460455487
-1000
-1000
-1000
-999.30220004736
-1000
-1000
0
0
0
0
0
0
0
0
0
-505.138273775336
-1000
1000
1000
0.484179161444208
0.00442045986058091
0.00442045986058091
0.00442045986058091
0.00442045986058091
0.00442045986058091
0
0
0
1000
0
0
0
0
0.00180193661107893
0
0
0
0
0
0
0
0
0
0
-1000
0
0
0
0
0
0
1000
-999.998198063389
0
1000
1000
1000
-1000
0
0
0
0
0
0
0
0
0
0
0
0
0
0
0
0
0
0
0
0
0
0
0
3.79757809357169
0
0
0
0
0
0
3.79757809357169
0
0
0
0
0
3.79757809357169
0
0
0
0
0
3.79757809357169
0
0
0
0
-1000
0
0
0
0
0
0
0
0
-1000
0
0
0
0
0
0
0
0
1000
687.765670931377
-1000
-1000
-1000
1000
0
0.026471507454957
0
0
0
0
1000
-1000
-1000
817.323411794004
246.079687678237
0
0
0
999.973477240836
17.8292991497115
0
0
0
0
0
0.710916719974178
0.710916719974178
-1000
-999.982369412266
0
0
0
0
0
0
0.4487514179239
0
-1000
0
0
0
0
0
0
0
1000
0.00442045986058091
0
0
0
0
0
0
0
0
354.055383696865
-1000
0
0
1000
0
0
0
1000
0
0.00661147040017319
0
0
-157.213020009679
0
-1000
0
0
0
-1000
-1000
0
0
0
0
-327.164199332682
0
0
327.162397396071
-944.296116734019
944.296116734019
0
0
0
0
-750
0
0
0
0
-1000
-1000
0
0
308.565089534691
0
0
0
0
0.00110031011747068
0
0
0
0
0
0
0
0
997.618649156885
0
1000
0
0
0
0
0
0
0
0
0
0
-1000
0
0
-1000
1000
-1000
-1000
1000
0
0
0
0
0
0
0
-1000
0
0
1000
0.0022038234667244
0.0022038234667244
0
1000
-507.449235182703
-507.449235182703
172.181687716726
0
0
0
0
0
0
0
0
0
0
0
0
0
0
0
0
0
0
0
0
0
0
0
0
0
0.00442045986062567
0
0
0
0
0
0
0
0
0
0
0
0
0
0
0
0
0
0
0
0
0
0
0
0
0
0
0
0
0
0
0
0
0
0
0
0
0
0
0
0
0
0
0
0
0
-1000
0
-1000
0
0
0
0
0
-1000
0
0
0
0
-1000
0
0
0
0
0
0
672.770480465166
0
0
0
0
0
0
0
0
0
0
0
0
0
1000
0
0
0
1000
0
0
0
3.7975780935717
-3.7975780935717
-3.7975780935717
0
0
0
0
0
0
0
0
0
0
327.162397396071
0
0
0
0
0
0
0
0
0
0
0
0
0
0
0
0
0
0
0
0
0
0
0
327.162397396071
0
0
0
0
0
0
0
0
0
0
0
0
0
0
0
0
0
0
0
0
0
0
0
0
0
0
0
0
0
0
0
0
0
0
0
0
0
0
0
0
0
0
0
0
0
0
0
0
0
0
0
0
0
0
0
0
0
0
0
0
0
0
0
0
0
0
0
0
0
0
0
0
0
0
0
0
0
0
0
0
0
0
0
0
0
0
0
0
0
0
0
0
0
0
0
0
0
0
0
0
0
0
0
0
0
0
0
0
0
0
0
0
0
0
0
0
0
0
0
0
0
0
0
0
0
0
0
0
0
0
0
0
0
0
0
0
0
0
0
0
0
-1000
93.492713127614
0
0
0
0
0
0
0
0
0
0
0
0
0
0
0
0
0
0
0
0
0
0
0
0
152.177153163146
152.177153163146
0
-98.2091282056948
0
-271.924890409603
1000
-1000
272.126229543325
0
0
0
-1000
-1000
0
0
0
0
973.402607671458
0.0265227591634855
0
0
0
71.1067500405825
83.5288333679787
0
0
0
0
0
0
0
0
0
0
0
0
0
0
0
0
0
0
0
0
0
0
0
0
0
0
0
0
0
0
0
0
0
0
0
0
0
0
0
0
0
0
0
0
0
0
0
0
0
0
0
0
0
0
0
0
0
0
0
0
0
0
0
0
0
0
0
0
0
0
0
0
0
0
0
0
0
0
0
0
0
0
0
0
0
0
0
0
0
0
0
0
0
0
0
0
0
0
0
0
0
0
0
0
0
0
0
0
0
0
0
0
0
0
0
0
0
0
0
0
0
0
0
0
0
0
0
0
0
0
0
0
0
0
0
0
0
0
0
0
0
0
0
0
0
0
0
0
0
0
0
0
0
0
0
0
0
0
0
0
-493.578510607519
0
0
0
0
0
0
0
0
0
0
0
0
0
0
0
0
0
0
0
0
0
0
0
0
0
0
0
0
0
0
0
0
0
0
0
0
0
0
0
0
0
0
0
0
0
0
0
0
0
0
0
0
0
0
0
0
0
0
0
0
0
0
0
0
0
0
0
0
0
0
0
0
0
0
0
0
0
0
0
0
0
0
0
0
0
0
0
0
0
0
0
0
0
0
0
0
0
0
0
0
0
0
0
0
0
0
0
0
-493.578510607519
0
0
0
0
0
0
0
1000
0
0
0
0
0
0
0
0
0
172.181687716726
0
0
0
0
0
0
0
0
0
0
0
-1000
0
0
1.21835988611463
0
0.00442045986062567
0.526579272812228
-1000
0
0
0
0
0
0
0
0
0
0
0
0
0
0
0
0
0
0
0
0
0
0
0
0
0
0
0
0
0
0
0
0
0
0
0
0
0
0
0
0
0
0
0
0
0
0
0
0
0
0
0
0
0
0
0
0
0
0
0
0
0
0
0
0
0
0
0
0
0
0
0
0
0
0
0
0
0
0
0
0
0
0
0
0
0
0
0
0
0
0
0
0
0
0
0
0
0
0
0
0
0
0
0
0
0
0
0
0
0
0
0
0
0
0
0
0
0
0
0
0
0
0
0
0
0
0
0
0
0
0
0
0
0
0
0
0
0
0
0
0
0
0
0
0
0
0
0
0
0
0
0
0
0
0
0
1000
0
0
1000
0
0
0
0
0
0
0
0
1000
0.00442045986062567
0
0
0
484.444341481124
0
0
0
0
0
0
0
0
0
0
0
0
0
0
0
1000
0
-1000
0
0
0
0
0
0
0
0
0
0
0
0
0
0
0
0
0
0
0
0
0
0
0
0
0
0
0
0
0
0
0
0
0
0
0
0
0
0
0
0
0
0
0
0
0
0
0
0
0
0
0
0
0
0
0
0
0
0
0
0
0
0
0
0
0
0
0
0
0
0
0
0
0
0
0
0
0
0
0
0
0
0
0
0
0
0
0
0
0
0
0
0
0
0
0
0
0
0
0
0
0
0
0
0
0
0
0
0
0
0
0
0
0
0
0
0
0
0
0
0
0
0
0
0
0
0
0
0
0
0
0
0
0
0
0
0
0
0
0
0
0
0
0
0
0
0
0
0
0
0
0
0
0
0
0
0
0
0
0
0
0
0
0
0
0
0
0
0
0
0
0
0
0
0
494.861726224664
500
106.774392767655
0
0
-1.19509588141841
0
0
0
569.908321397358
23.6184956802053
51.6254189031611
0.128129271321186
106.774392767655
0
0
0
0
0
0
0
0
0
0
0
0
0
0
0
0
0
0
0
0
0
0
0
0
0
1000
-1000
0
-182.676588205996
-817.323411794004
784.671268613692
-345.682244190967
0
1000
0
215.328731386308
215.343717172333
22.7854685614301
3.7975780935717
3.7975780935717
0
0
0
-4.50484152769729
0
0.00442045986062567
0
0
0
0
0
0
0
0
0
0
0
0
0
0
0
0
0
0
330.959975489643
0
1000
0
0
418.444671164028
-0.862677152554056
-0.0378406688327004
0
-13.1178107332273
-519.295037686094
947.554772647889
-41.1261220232892
-1000
-21.2255907800483
-32.4931614482014
-5.63672696859737
-38.4671887235515
-1000
-1000
0
0
0
0
-1000
920.015211619516
-21.4335125550847
-1000
-16.2976215532034
29.6715787159608
-29.2567441838995
-1000
657.018109648576
958.539254503984
0
0
-1000
-817.323411794004
0
1000
0
0
352.899719335342
-1000
0
0
0
0
0
0
1000
0
0
0
0
0
0
0
0
0
0
-0.00442045986062567
-0.00442045986062567
0
0
0
0
0
0
0
0
0
0
0
0
0
0
0
0
0
0
30.3806247485736
0
0
-920.708627042277
-1000
246.079687678237
-0.00442045986062567
-0.00442045986062567
-1.21835988611463
354.050963237005
0
0
-0.00442045986062567
0
-0.00442045986062567
0
0
0
-0.00442045986062567
0
0
0
-0.00442045986062567
0
0
0
0
0
0
0
0
0
0
0
1000
0
0
0
0
0
0
0
0
0
0
0
0
0
251.14409856288
0
0
0
182.016524926065
0
1000
0
0
-0.00442045986062567
0
0
0
0
-42.2794936752458
0
0
0
0
0
0
0
0
0
356.375207182081
-3.96437197412979
-0.485013069451952
-1000
-1000
0
0
0
0
0
0
0
0
0
-212.33535292708
0
0
0
0
0
0
1000
0
0
0
0
-4.86749221078128
1000
1000
0
0
0
-1000
0
0
0
0
0
0
-39.9899271678971
0
0
0
-1000
-447.543676364619
0
0
0
0
0
0
-0.0617967475583328
0
0
0
0
645.944616303135
-1000
1000
0
0
0
0
0
0
1000
-1000
-1000
-6.75320272913279
0
0
0
0
0
0
0
0
0
0
0
1000
0
-0.00188631827813879
-0.00180193661105932
-0.487874337449625
-503.248328481693
-0.0265785650134376
-0.129655054330556
-0.0171183978052341
-0.0968540928455468
-0.0518056775684954
0
0
0
0
0
-0.00180193661105932
-1000
-0.00360387322211864
-0.00180193661105932
0
-0.0130640404303222
0
-0.00180193661105932
-0.677328823953758
0
0
-17.8292991497115
0
-0.448751417923859
-0.00180193661105932
-0.0123624139366711
0
-3.79938003018276
-0.00180193661105932
-0.00180193661105932
-0.00180193661105932
-0.0522561617212887
0
-0.112621038192401
0
0
0
-1000
1000
0
0
-1000
1000
-0.00442045986062567
0
750
-750
0
0
0
-1000
0
0
0
0
0
0
0
0
0
0
0
0
0
0
0
0
0
0
0
-1000
1000
-1000
1000
1000
-1000
1000
1000
0
-1000
-1000
-1000
0
0
0
-0.00180193661105932
-0.00180193661105932
0
0
0
0
1000
271.924890409603
-272.126229543325
973.402607671458
0.0265227591635266
0
0
0
71.1067500405825
83.5288333679787
1000
-1000
0
0
0
0
0
0
0
0
0
0
0
0
0
0
0
0
0
0
0
0
0
0
0
0
0
0
0
0
0
0
0
0
0
0
0
0
0
0
0
0
0
0
0
0
0
0
0
0
0
0
0
0
0
0
0
0
0
0
0
0
0
0
0
0
0
0
0
0
0
0
-0.00180193661105932
0
0
0
0
0
0
0
0
0
0
0
0
0
0
0
0
0
0
0
0
0
0
0
0
0
0
0
0
0
0
0
0
0
0
0
0
0
0
0
0
0
0
0
0
0
0
0
0
0
0
0
0
0
0
0
0
0
0
0
0
0
0
0
0
0
0
0
0
0
0
0
0
0
0
0
0
0
0
0
0
0
0
0
0
0
0
0
0
0
0
0
0
0
0
0
0
0
0
0
0
0
0
0
0
0
0
0
0
0
0
0
0
0
0
0
0
0
0
0
0
0
0
0
0
0
0
0
0
0
0
0
0
0
0
0
0
0
0
493.578510607519
0
0
0
0
0
0
0
0
0
0
0
0
0
0
0
0
0
0
0
0
0
0
0
0
0
0
0
0
0
0
0
0
0
0
0
0
0
0
0
0
0
0
0
0
0
0
0
0
0
0
0
0
0
0
0
0
0
0
0
0
0
0
0
0
0
0
0
0
0
0
0
0
0
0
0
0
0
0
0
0
0
0
0
0
0
0
0
0
0
0
0
0
0
0
0
0
0
0
0
0
0
0
0
0
0
0
0
0
0
0
0
0
0
0
0
0
0
0
-1000
0
1000
0
0
0
-0.526579272812228
0
0
0
0
0
0
0
0
0
0
0
0
0
0
0
0
0
0
0
0
0
0
0
1000
0
-484.444341481124
0
-1000
-0.00442045986062567
0
0
0
0
0
0
0
0
-999.969108032685
0
0
0
0
0
0
0
0
0
0
0
0
0
0
0
0
0
0
0
0
0
0
0
0
0
0
0
0
0
0
0
0
0
0
0
0
0
0
0
0
0
0
0
0
0
0
0
0
0
0
0
0
0
0
0
0
0
0
0
0
0
0
0
0
0
0
0
0
0
0
0
0
0
-311.775890021619
311.775890021619
311.775890021619
0
0
-0.00180193661105932
-0.00180193661105932
-0.00180193661105932
0
-0.00180193661105932
-0.699601889251426
0
-0.00180193661105932
-0.00180193661105932
-0.00180193661105932
-0.00180193661105932
0
-0.00180193661105932
-0.00180193661105932
-0.00180193661105932
-0.00180193661105932
-0.00180193661105932
-0.00180193661105932
-0.00180193661105932
0
-0.00180193661105932
-0.00180193661105932
-0.00180193661105932
0
-1000
106.774392767655
0
1000
0
0
0
0
0
0
0
0
0
0
0
