0
0
0
0
0
0
0
0
-1000
0
0
55.0848585327967
0
0
1000
0
999.824903539107
-999.824903539107
999.959813927008
0
0.0401860729919444
0
-1000
-54.8322603597045
0
1000
45.9922231301739
0
-419.250528464127
0.0208452266936498
0
0
0
0
0
0.0221311335351412
0
0
0
24.1152058639797
0
0
0
0
0
465.456820963282
0
465.456820963282
0
465.456820963282
0
465.456820963282
0
465.456820963282
0
465.456820963282
0
0
465.456820963282
0
0
0
0
0
0
419.250528464127
0
0
0
0
0
0
0
-496.361183742878
-496.361183742878
0
0
0
0
0
0
-1000
0
1000
0
0
0
0
0
0
0
0
0
0
0
1000
0
-1000
0
1000
-1000
0
0
0
0
0.00245782748096691
0
1000
0
0
0
0
0
0
477.276892090619
0
0
0
0
0
0
0
0
0
0
0
0
0
0
0
0
0
1000
0
0
1000
0
0
0
0
1000
0
0
0
-10.0606929071492
0
0
0
0
-988.187532706939
0
0
0
0
0
0
-201.603040039195
-302.398819191222
1000
-100.801520019597
0
0
0
-1000
-100.801520019597
-100.801520019597
1000
-1000
0
0
1000
0
0
0
0
0
1000
345.128001507004
0
0
0
0
0
-255.047743152399
0
0
0
0
0
0
0
1000
-1000
0
252.344230880228
0
0
0
0
0
0
0
0
0
0
0
252.344230880228
-255.050613586185
0
-997.552125180267
0
0
0
0
0
258.197746742974
0
0
0
0
0
-1000
0
0
-1000
746.86320880888
0
252.661255004585
0
0
0
0
0.475536186534902
0
255.050613586185
0
0
0
-557.449432777406
0
0
0
0
0
0
0
0
0
0
0
0
-1000
0
-1000
-1000
-1000
496.361183742878
0
252.344230880228
1000
-1000
-1000
-0.664487314076496
999.682975875643
-1.48665791565418
0
-1000
-0.053092041979653
1000
-0.475536186534896
1000
0
0
1000
0
0.123428652760972
0
-0.123428652760936
0
0.00122535167167046
0
0
0
0
0
0
962.306614752503
0
999.824903539107
1000
495.170417978345
0
0
0
0
0
0
1000
0
1000
0.322764991926874
0
0
1000
84.5712997092608
-0.123428652760936
0
-0.475536186534896
0
0
0.475536186534896
1.48665791565412
0
0
0
0
0
0
0
-1000
0
0
0
475.222773851435
0.475536186534896
0
-1000
-0.664487314076496
0
0
252.346688707709
0
0
0
0
0
0
0
0
0
0
0
0
-442.550567222594
0
0
0
1.58512062178301
0
6.6729422430116
0
0
0
0
0
0
0
0
690.494045062131
-1000
997.554995614053
-495.171643330017
-1000
1000
1000
-1000
-1000
-1000
1000
-1000
1000
1000
0
0
-1000
0
0
0
0
-1000
0
-1000
-1000
0.053092041979653
-1000
1000
0
0
1000
0
0
0
0
0
0
0
0.66448731407652
-1000
1000
1000
0
1000
-1000
-1000
-1000
-87.3734071329953
-1000
1000
1000
1000
-912.943616991361
1000
-1000
-1000
1000
-1000
-1000
0
514.308170548556
-1000
1000
1000
0
0
0
1000
-1000
1.27096693121155
0
0
-557.449432777406
0
0
0
-933.583674513374
1000
0
0
0
-20.2246430650497
0
0
0
0
0
0
0
0
66.4163254866257
915.54064720836
66.4163254866257
0
0
915.54064720836
66.4163254866257
0
0
0.00245782748096691
0
1000
-66.4187833141068
-933.581216685893
0
933.581216685893
0
0
0
0
0
0
0
0
0
0
0
0
0
0
0
0
0
0
0
0
0
0
1000
0
0
0
0
0
-1000
1000
0
0
0
0
0
0
0
0
0
0
0.0024578274809528
-1000
-1000
0.071760844628443
0.071760844628443
0
-410.529205489283
0
0
0
0
0
0
0
0
0
0
0
0
0
0
0
0
-805.727396022056
0
0
0
0
0
0
0
0
0
0
0
0
0
0
0
0
0
0
0
0
0
0
0
0
0
0
0
0
0
0
0
0.111946917620417
0
0
0
-1000
0
0
0
0
0
0
1000
0
0
0
0
0
0
0
0
0
0
0
0
0
0
0
0
0
0
0
0
0
0
0
0
0
0
0
-1000
0
0
0.111946917620417
0
0
0
0
0
0
0
0
0
988.198322807052
0
0
0
0
0
0
0
0
0
0
0
0
0
0
0
0
0
0
0
0
0
0
0
0
0
0
0
0
0
0
0
0
0
0
0
0
0
0
0
0
0
0
0
0
0
0
0.00737348244290072
0.00737348244290072
0
0.00737348244290072
0
0
0
0
0
0
0
0
0
0
0
0
0
0
0
0
0
0
0
0
0
1000
0
0.00287043378513889
0
0
0
0
0.519548515110139
0.519548515110139
0
0
0
0
0
0
0
0
0
0
0
0
0
0
0
0
0
0
0
0
0
0.00245782748096691
0
0
0
0
0
1000
0
0
0
1000
0
0
-1000
0
0
0
0
1.49262556827222
0
0
1.49262556827222
0
0
0
0
0
0
0
0
0
0
1.49262556827222
0
1.49262556827222
0
0
0
8.90420730551861
25.3817439563004
16.2240360869236
11.8828389308522
17.6182891881436
5.79882539825589
13.5622801664127
24.8113676876195
22.8467383177186
7.22476606995816
14.0059061531645
28.8673767093504
22.783363176754
7.03464064706452
11.6610259374763
16.160660945959
20.9454840887822
16.9528502080159
3.10538190726272
21.1356095116758
0
0
0
0
0
0
0
0
0
0
0
0
0
0
0
0
0
0
0
0
0
0
0
0
0
0
0
0
0
0
0
0
0
0
0
0
0
0
0
0
0
0
0
0
0
0
0
0
0
0
0
0
0
0
0
0
0
0
0
0
0
0
0
0
0
0
0
0
0
0
0
0
0
0
0
0
0
0
0
0
0
0
0
0
0
0
0
0
0
0
0
0
0
0
0
-1000
0
0
0
0
0
0
1000
1000
113.539501817079
0
0
0
0
194.270146150463
0
-20.2246430650497
-307.912983583807
-307.912983583807
-1000
0
-194.272603977944
0
-194.352976123928
1000
1000
307.815388835112
1000
0
0
805.729853849537
0
-1000
-1000
-1000
0
0
805.727396022056
0
805.727396022056
194.272603977944
0
0
0
0
0
0
0
0
0
0
0
-1000
403.194712754326
1000
1000
0
500
250.00101904852
2.50859883411457
5
0
0
0
0
0.677422373292757
0
97.0550976044281
0
0
0
0.164866596568572
0
5.4818143359056
-0.164866596568572
-0.164866596568572
0.164866596568572
0
91.5009610955676
527.757332835173
284.378006702229
-0.164866596568572
-0.164866596568572
0
0.00367872656659074
-0.164866596568572
0
0
-1000
-0.164866596568572
0
0
0
0
0
0
0
0
0
0
0
0
0
0
0
0
0
0
-0.00367872656659074
0
0
0
0
0
0.00980993751102233
0
0
0
0
0
0
0
0
-0.00980993751102233
0
0
0
0
0
0
0
0
0
0
0
0
0
0
0
0
0
0
0
0
0
0
0
0
0
0
0
0
0
0
0
0
0
0
0
0
0
0
0
0
0
0
0.00367872656659074
0
0
0
0
0
0
0
0
0
0
0
0
0
0
0
0
0
0
0
0
0
0
0
0
0
0
0
0
0
0
0
0
0
0
0
0
0
0
0
1000
0
0
0
0
0
0
0
0
0
0
0
0
0
0
0
0
0
0
0
0
0
0
0
0
0
0
0
0
0
0
0
0
0
0
0
0
0
0
0
0
0
0
0
0
0
0
0
0
0
0
0
0
0
0
0
0
0
0
0
0
0
0
0
0
0
0
0
0
0
0
0
0
0
0
0
0
0
0
0
0
0
0
0
0
0
0
0
0
0
0
0
0
0
0
0
0
0
0
0
0
0
0.164866596568591
0.164866596568591
0.164866596568591
125.259059152176
0
0
0
0
0
0
0
0
0.164866596568591
0
0
0
0
0
0
0
0
0
0
0
0
0
0
0
0
0
0
0
0
0
0
0
0
0
0
0
0
0
0
0
0
0
0
0
0
0
0
0
0
0
0
0
0
0
0
0
0
0
0
0
0
0
0
0
0
0
0
0
0
0
0
0
0
0
0
0
0
0
0
0
0
0
0
0
0
0
0
0
0
0
0
0
0
0
0
0
0
0
0
0
0
0
0
0
0
0
0
0
0
0
0
0
0
0
0
0
0
0
0
0
0
0
0
0
0
0
0
0
0
0
0
0
0
0
0
0
0
0
0
0
0
0
0
0
0
0
0
0
0
0
0
0
0
0
0
0
0
0
0
0
0
0
0
0
0
0
0
0
0
0
0
0
0
0
0
0
0
0
0
0
0
0
0
0
0
0
0
0
0
0
0
0
0
0
0
0
0
0
0
0
0
0
0
0
0
0
-1000
0
0
0
0
0
0
0
0
0
0
0
0
0
0
0
0
0
0
0
0
0
0
0
0
0
0
0
0
0
0
0
0
0
0
0
0
0
0
0
0
0
0
0
0
0
0
0
0
0
0
0
0
0
0
0
0
0
-0.00306694124799378
0
0
0.00306694124799378
0
0.00306694124798914
0
0.00306694124798914
0
0
0
0
0
0
0
0
0
0
0
0
0
0
0
0
0
0
0
0
0
0
0
0
0
0
0
0
0
0
0
0
0
0
0
0
0
0
0
0
0
0
0
0
0
0
0
0
0
0
0
1000
1000
0
0
0
0
0
0
0
0
0
0
0
0
0
0
0
0
0
0
0
0
0
0
0
0
0
-1000
0
-1000
0
0
0
0
0
0
0
0
0
0
0
1000
1000
0
0
0
0
0
0
0
0
0
0
0
0
0
0
0
0
0
0
0
0
0
0
0
0
0
0
0
0
0
0
0
0
0
0
0
0
0
0
0
0
0
0
0
0
0
0
0
0
0
0
0
0
0
0
0
0
0
0
0
0
0
0
0
0
0
0
0
0
0
0
0
0
0
0
0
0
0
0
0
0
0
0
0
0
31.6804451572903
0
0
0.164866596568572
0
1000
0
0
0
0
612.425614971163
-284.378006702229
402.498273682997
0
0
0
0.00367872656659074
0
0
-1000
1000
0
0
0
0
0
0
0
0
0
0
0
0
0
-1000
0.00367872656659074
0
0
0
-0.00980993751102233
0
0
0
0
0
0
0
0.00980993751102233
0
0
0
0
0
97.0550976044281
-1000
0
-97.0550976044282
-97.0550976044282
913.374156709941
-86.6258432900592
1000
-0.0147469648858305
0
0
0.164866596568572
-0.164866596568572
0
0
5.97641412561143
-5.97641412561143
1000
0
0
0
0
0
1000
0
1000
-612.425614971163
-1000
0
-597.501726317003
-402.498273682997
-1000
0
0
0
0
0
-1000
0
299.316642321274
0
0
0
-1000
1000
-1000
0
0
0
-1000
0
0
0
-1000
0
0
0
0
0
0
0
0
0
0
0
0
0
0
0
0
0
0
0
-1000
1000
-1000
0
-1000
0
-1000
0
-1000
0
0
0
0
0
0
0
0
0
-1000
0
-1000
0
1000
0
-1000
0
-1000
0
-1000
0
0
0
0
0
0
0
0
0
-1000
0
0
0
0
0
0
0
0
0
0
0
0
0
0
0
0
0
0
0
0
0
0
0
0
0
0
0
0
0
0
0
0
0
0
0
0.00367872656659074
-0.00367872656659074
0
0
0
0
0
0
0
0
0
0
0
0
0
0
0
0
0
0
0
0
0
0
0
0
0
0
0
0
0
0
0
0
0
0
0
0
0.00367872656659074
-0.00367872656659074
0
0
0
0
0
0
0.00980993751102233
0.00980993751102233
0
0
0
0
0
0
0
0
0
0
0
0
0
0
0
0
-0.00980993751102233
-0.00980993751102233
0
0
0
0
0
0
0
0
0
0
0
0
0
0
0
0
0
0
0
0
0
0
0
0
0
0
0
0
0
0
0
0
0
0
0
0
0
0
0
0
0
0
0
0
0
0.00245782748096691
0
0
0
0
0
0
0
0
7.51045111289803
0
0
0
0
0
0
0
0
0
0
0
0
0
0
0
0
0
0
0
0
0
0
0
0
0
0
0
0
0
0
0
0
0
0
0
0
0
0
0
0
0
0
0
0
0
0
0
0
0
0
0
0
0
0
0
0
0
0
0
0
0
0
0
0
0
103.196378326608
103.196378326608
103.196378326608
0
0
0
0
97.0550976044282
97.0550976044282
0
0
0
0
0
0
0
0
0
0
0
0
0
0
0
0
0
0
0
0
0
0
0
0
0
0
0
0
0
0
0
0
0
0
0
0
0
0
0
0
0
0
0
0
0
0
0
0
0
0
0
0
0
0
0
0
0
0
0
0
0
0
0
0
0
0
0
0
0
0
0
0
0
0
0
0
0
0
0
0
0
0
0
0
0
0
0
0
0
0
0
0
0
0
0
0
0
0
0
0
0
0
0
0
0
0
0
0
0
0
0
0
0
0
0
0
0
0
0
0
0
0
0
0
0
0
0
0
0
0
0
0
0
0
0
0
0
0
0
0
0
0
0
0
0
0
0
0
0
0
0
0
0
0
0
0
0
0
0
0
0
0
0
0
0
0
0
0
0
0.00245782748096691
0.00245782748096691
0.00245782748096691
0.00245782748096691
0.00245782748096691
0
0
0
0
0
0
0
0
0
0
0
0
0
0
0
0
0
0
0
0
0
0
0
0
0
0
0
0
0
0
0
0
0
0
0
0
0
0
0
0
0
0
0
0
0
0
0
0
0
0
10.0606929071493
10.0606929071493
-10.0606929071492
3.34782937159417
-1.67268577205664
1.6726857720566
1.6726857720566
1.6726857720566
1.6726857720566
1.6726857720566
1.6726857720566
1.6726857720566
1.6726857720566
1.6726857720566
1.6726857720566
1.6726857720566
0
1.67268577205664
1.6726857720566
1.6726857720566
1.6726857720566
1.6726857720566
1.6726857720566
1.6726857720566
1.66778436536992
1.66778436536992
1.66778436536992
0.00490140668668183
0
0.00490140668668183
0
0
0
0
0
0
0
0
0
0
0
0
0
0
0
0
0
10.0606929071493
10.0606929071493
3.34782937159417
3.34782937159417
0
0
0
0
0
0
0
0
0
0
0
0
0
0
0
0
0
0
0
0
0
0
0
0
0
0
0
0
0
0
0
0
0
0
0
0
0
0
0
0
0
0
0
0
0
0
0
0
0
0
0
0
0
0
0
0
0
0
0
0
0
0
0
0
0
0
0
0
0
0
0
0
0
0
0
0
0
0
0
0
0
0
0
0
0
0
0
0
0
0
0
0
0
0
0
0
0
0
0
0
0
0
0
0
0
0
0
0
0
0
0
0
0
0
0
0
0
0
0
0
0
0
0
0
0
0
0
0
0
0
0
0
0
0
0
0
0
0
0
0
0
0
0
0
0
0
0
0
0
0
0
0
0
0
0
0
0
0
0
0
0
0
0
0
0
0
0
0
0
0
0
0
0
0
0
0
0
0
0
0
0
0
0
0
0
0
0
0
0
0
0
0
0.805001429899025
395.665594723419
395.665594723419
0
16.5180729938737
16.5180729938737
0
-412.183667717293
53.290561301331
16.5180729938737
0
394.86059329352
0
0
1000
0
16.5180729938737
0
16.5180729938737
16.5180729938737
0
0
0
0
0
0
0
0
0
0
0
0
0
0
0
0
0
0
0
0
0
0
0
0
0
0
0
0
0
0
358.893106415962
0
0
0
0
0
0
0
0
0
0
0
0
0
0
0
0
0
0
0
0
0
0
0
0
0
0
0
0
0
0
0
0
0
0
0
0
0
0
0
0
0
0
0
0
0
0
0
0
0
0
0
0
0
0
0
0
0
0
0
0
0
0
0
0
0
0
0
0
0
0
0
0
0
0
0
0
0
0
0
0.00245782748096691
0
0
0
0
0
0
0
1.05976534082955
0
0
0
0.66448731407652
0.66448731407652
0.66448731407652
0
0
0
6.60416344365774
0
0
0.908745496721248
0
0
6.60416344365774
0.00245782748096691
0
0
0
0
-0.908745496721281
0.908745496721248
0
0
0
0
0.249511046787626
0
7.40916487355677
0
0
0
0.165738312443597
0
0.1510198441083
0
7.40916487355677
7.40916487355677
0
0
0
0
0
0
0
0
0
0
0
0
0
0
-7.51045111289807
0
0
0
0
0
0
0
0
0
0
0
0
0
0
0
0
0
0
0
0
0
0
0
0
0
0
0
0
0
0
0
0
0
0
0
0
0
0
0
0
0
0
0
0
0
0
0
0
0
0
0
0
0
0
0
0
0
0
0
0
0
0
0
0
0
0
0
0
0
0
0
0
0
0
0
0
0
0
0
0
0
0
0
0
0
0
0
0
0
0
0
0
0
0
0
0
0
0
0
0
0
0
0
0
0
0
0
0
0
0
0
0
0
0
0
1000
0
0
1000
1000
0
0
0
0
0
0
0
0
0
0
0
0
0
0
0
0
0
0
0
0
0
0
0
0
0
0
0
0
0
0
0
0
0
0
0
0
0
0
0
0
0
0
0
0
0
0
0
0
0
0
0
0
0
0
0
0
0
0
0
0
0
0
0
0
0
0
0
0
0
0
0
0
0
0
0
0
0
0
0
0
0
0
0
0
0
0
0
0
0
0
0
0
0
0
0
0
0
0
0
0
0
0
0
0
0
0
0
0
0
0
0
0
0
0
0
0
0
0
0
0
0
0
0
0
0
0
0
0
0
0
0
0
0
0
0
0
0
0
0
0
0
0
0
0
0
0
0
0
0
0
0
0
0
0
0
0
0
0
0
0
0
0
0
0
0
0
0
0
0
0
0
0
0
0
0
0
0
0
0
0
0
0
0
0
0
0
0
0
0
0
0
0
0
0
0
0
0
0
0
0
0
0
0
0
0
0
0
0
0
0
0
0
0
0
0
0
0
0
0
0
0
0
0
0
0
0
0
0
0
0
0
0
0
0
0
0
0
0
0
0
0
0
0
0
0
0
0
0
0
0
0
0
0
0
0
0
0
0
0
0
0
0
0
0
0
0
0
0
0
0
0
0
0
0
0
0
0
0
0
0
0
59.6896446644517
0
0
59.6896446644517
0
0
0
0
0
0
0
0
0
0
0
0
0
0
0
0
0
0
0
0
0
0
0
0
0
0
0
1000
0
0
0
0
0
0
0
0
0
0
0
0
0
0
0
0
0
0
0
0
0
0
0
0
0
0
0
0
0
0
0
0
0
0
0
0
0
0
0
0
0
0
0
0
0
0
0
0
0
0
0
0
0
0
0
0
0
0
0
0
0
0
0
0
0
0
0
0
0
0
0
0
0
0
0
0
0
0
0
0.111946917620417
0.111946917620417
0
0
0
0
0.111946917620457
0
0.111946917620417
-249.66702151785
0
0
0
0
0.0172226027108333
0
0
0
0
0
0
249.66702151785
0
0
0
0
0
0
0
0
0
0
0
0
0
0
0
0
0
0
0
0
0
0
0
0
0
0
0
0
0
0
0
0
0
0
0
0
0
0
0
0
0
0
0
0
0
0
0
0
0
0
0
0
0
0
580.616679391559
580.616679391559
0
0
0
0
0
0
0
0
0
0
0
0
0
0
0
0
0
0
0
0
0
0
0
0
0
0
0
0
0
0
0
0
0
0
0
0
0
0
0
0
0
0
0
0
0
0
0
0
1000
203.410014887982
-1000
0
0
0
-1000
-1000
1000
0
0
0
0
-172.33549129038
-624.730030008173
0
0
0
0
0
0
0
0
0
0
0
0
0
0
0
0
0
0
0
0
0
0
0
0
0
0
0
0
0
0
0
0
0
0
0
0
0
0
0
0
1000
0
0
0
0
0
0
0
0
0
0
0
0
0
0
0
0
0
-999.997542172519
-1000
1000
-1000
1000
999.997542172519
-1000
0
0
0
0
0
0
0.0024578274809528
0
0
0
0
0
0
0
0
0
0
0
0
0
0
0
0
0
0
0
0
0
0.00980993751098965
0
0.00245782748096691
0.0147184683352975
1000
0.00122535167167046
0.00122535167167046
0.0024578274809528
0
0.0085845858393192
0.00122535167167046
0.0184016474879549
-0.00122535167167825
0.00122535167167046
0.00122535167167046
0.00122535167167046
0.00122535167167046
0.00122535167167046
-0.00122535167167825
-0.00245070334335651
-0.00368317915263106
0.00122535167167046
0.00122535167167046
0.00122535167167825
0.00122535167167046
-0.00368317915263106
-0.00122535167167825
0.0024578274809528
0.00122535167167046
0.00122535167167046
0.00245782748096691
0.00245782748096691
-0.0024578274809528
-0.0024578274809528
0.0024578274809528
0.0024578274809528
0.00122535167167046
0.00122535167167046
0.00122535167167046
0.00122535167167046
0.0270004816024993
-0.00368317915263106
-999.982823704184
0
0
0
0
0
0
-1000
0
0
0
0.00245782748096691
0
0
0
0
0.00122891374048345
0.0024578274809528
0.0024578274809528
0
0.00245782748096691
0
0
0
0
0
-0.0024578274809528
0
0
0.00490140668668183
0.00122535167167046
0.00367605501501137
0.00122535167167046
-0.00122535167167825
0.00122535167167046
0.00122535167167046
0.00122535167167046
0.00122535167167046
0.00122535167167046
0.00122535167167046
0.00245070334334092
0.00122535167167046
0.00122535167167046
0.00122535167167046
0.00122535167167046
0.00122535167167046
0
0.00122535167167046
0.00245782748096691
0
0.00245782748096691
0
0.00245782748096691
0.00245782748096691
0.00245782748096691
0.00245782748096691
0.00245782748096691
0.00245782748096691
0
0.00245782748096691
0
0.00245782748096691
0.00245782748096691
0.00245782748096691
0.00245782748096691
0.00245782748096691
0
0
0
0
0
0
0
0
0
0
0
0
0
0
0
0
-0.0024578274809528
0
0
0
0
0
0
0
0
0
0
0
0
0
0
0
0
0
0
0
0
0
0
0
0
0
0
0
0
0
0
0
0
0
0
0
0
0
0
0
0
0
0
0
0
0
0
0
0
0
0
0
0
0
0
0
0
0
0
0
0
0
0
0
1000
0
0
0
0
0
0
0.00245782748096691
0
0
0
0
0
0
0
0
0
0
0
0
0
0
0
0
0
0
0
0
0
-1000
0
-0.677422373292757
0
-97.0550976044282
0
0
0
0
0
0.164866596568591
0
0
0
0
0
0
0
0
0
0.164866596568591
0
0
0
0
116.232612990046
0
284.21314010566
0.329733193137181
0
0
0
0.164866596568591
0
61.7388616883705
0
0
0
10.3041622855369
0
63.6797229246181
0
0.164866596568591
0
0.329733193137181
0
0.164866596568591
0
0.164866596568591
0
0.164866596568591
0
0.164866596568591
0
0.164866596568591
0
0.164866596568591
0
0.164866596568591
0
0.164866596568591
0
0.164866596568591
0
0.164866596568591
0
0.164866596568591
0
0.164866596568591
0
0.164866596568591
0
0.164866596568591
0
0.164866596568591
0
0.164866596568591
0
0.164866596568591
0
3.4621985279404
0
1.03409495512031
0
4.73991465134698
0
4.78113130048912
0
2.43178229938671
0
0.164866596568591
0
0.164866596568591
0
11.448418524006
0
0.164866596568591
0
0.164866596568591
0
0.164866596568591
0
0.164866596568591
0
78.9298831072127
0
1.19528282512228
0
8.86157956556174
0
1000
0
0.586843025501056
0
0.164866596568591
0
0.164866596568591
0
1.56623266740161
0
0.164866596568591
0
0.164866596568591
0
0.164866596568591
0
0
663.703147235278
0
0
394.86059329352
1000
0
0
0
0
0
-0.0073734824428584
-1000
1000
0
-694.88988244786
1000
-1000
0
579.707933894838
947.380149244249
-1000
-1000
0
0
1000
0
0
0
0
0
491.415558127628
1000
-7.40916487355673
0
0
0
-1000
1000
-0.0024578274809528
0
0
-86.7224449389914
0
-442.550567222594
0
0
0
465.477666189976
1000
1000
-915.428700290739
-2.70638270595646
305.11011755214
0
1000
0
0
-1000
0
0
1000
1000
-1000
1000
0
1000
0
0
-1000
842.247064053955
1000
1000
0
0
0
0
0
-1000
0
0
0
0
0
0
0
0
0
112.425000686153
0
1000
0
0
0
0
0
0
0
0
0
0
1000
0
0
0
0
0
0
0
0
595.502882459783
-1000
1000
1000
1000
-1000
1000
-1000
-1000
-1000
839.009753126134
-1000
1000
-1000
-1000
-1000
-1000
-1000
-1000
1000
-1000
-1000
-1000
1000
1000
1000
1000
1000
1000
1000
-1000
1000
-0.808120614822883
-1000
-1000
-1000
-1000
-1000
0.808120614822883
-1000
-1000
1000
-1000
1000
-1000
-1000
-1000
-1000
-1000
-1000
-1000
-1000
1000
985.701309600751
3.24603316273453
-1000
-1000
-1000
-308.485096357925
-1000
149.072962737592
-1000
-162.658166783067
-1000
-1000
-1000
-1000
-1000
-1000
-1000
-1000
-1000
-1000
1000
-1000
-1000
-999.191879385177
-1000
-1000
1000
-1000
-1000
-1000
-1000
-1000
1000
-990.938331442603
1000
-1000
1000
1000
1000
-1000
-1000
1000
1000
1000
1000
-1000
-1000
-1000
-1000
1000
-1000
-1000
20.5800870699452
-1000
-1000
1000
1000
1000
1000
1000
1000
1000
1000
-1000
1000
-1000
22.8666057565231
-1000
-1000
0
953.572645168975
7.29365648080147
-1000
-1000
-1000
0
0
0
0
0
0
0
0
0
0
0
0
0
0
0
0
0
0
0
0
0
0
0
0
0
0
0
0
0
0
0
0
0
0
0
0
0
0
0
0
0
0
0
0
0
0
0
0
0
0
0
0
0
0
0
0
0
0
0
0
0
0
0
0
0
0
0
0
0
0
0
0
0
0
0
0
0
0
0
0
0
0
0
0
0
0
0
0
0
0
0
0
0
0
0
0
0
0
0
0
0
0
0
0
0
0
0
0
0
0
0
0
0
0
0
0
0
0
0
0
0
0
0
0
0
0
0
0
0
0
0
0
0
0
0
0
0
0
0
0
0
0
0
0
0
0
0
0
0
0
0
0
0
0
0
0
0
0
0
0
0
0
0
0
0
0
0
0
0
0
0
0
0
0
0
0
0
0
0
0
0
0
0
0
0
0
0
0
0
0
0
0
0
0
0
0
338.477681245762
0
0
0
0
0
0
0
0
0
0
0
0
0
0
0
0
0
0
0
0
0
0
0
0
0
0
0
0
0
0
0
0
0
0
0
0
0
0
0
0
0
0
0
0
0
0
0
0
0
0
0
0
0
0
0
0
0
0
0
0
19.9914284830816
0
0
0
0
0
0
0
0
0
0
0
0
0
0
0
0
0
0
0
0
0
0
0
0
0
0
0
0
0
0
0
0
0
0
0
0
0
0
0
0
0
0
0
0
0
0
0
0
0
0
0
0
0
0
0
0
0
0
0
0
0
0
0
0
0
0
0
1000
-1000
-1000
1000
1000
1000
1000
1000
-1000
-1000
-11.8124672930608
-1000
1000
1000
449.588940302355
1.63832605628647
-1000
-1000
-11.8124672930608
-1000
1000
1000
1000
-1000
-1000
-1000
-1000
-1000
1000
-1000
-1000
998.361673943713
-1000
-1000
1000
-1000
-1000
-1000
-1000
-1000
-999.96564028423
1000
11.8124672930608
-1000
-1000
1000
-1000
1000
-1000
-1000
-1000
-1000
-1000
1000
-1000
0
0
0
0
0
0
-1000
1000
0
0
0
0
0
0
0
-1000
-557.449432777406
-0.322764991926874
0
0
0
0
1000
0
994.307261916167
0
0
1000
0
0
0
0
0
0
-0.0024578274809528
0.00245782748096691
0
0
-0.0024578274809528
-0.0024578274809528
0
0
0
0
0
0
0
0
0
0
0
0
0
0
0
0
0
0
0
0
0
0
0
0
0
0.00245782748096691
0
0
-1000
-1000
1000
411.004741675818
-1000
0
0
0
0
-0.0024578274809528
0.249511046787575
0
0
0
0
249.66702151785
0
0
0
0
0
0
0
0
0
62.8218315342394
0
0
-1000
999.876571347239
0
-465.456820963282
465.456820963282
0.00245782748096691
0
0
0
0
0
945.037397074865
0
0
0
0
0
0
-1000
1000
0
0
0
0
0
0
0
0
0
0
0
0
0
0
44.6376310209459
0
0
0
0
0
0
0
0
0
0
0
0
0
0
44.8693687850614
0
0
0.00245782748096691
0
0
0
0
1000
0
0
0
0
1.32897462815304
0
0
0
0
0.00367605501501137
1000
0
-933.581216685893
0
0
0
0
0
0
0
0
0
0
0
0
0.0024578274809528
-388.542750128407
194.272603977944
0
-1.32897462815299
1000
0
0
113.642837433344
-113.545242684649
1000
0
0
0
0
0
252.346688707709
0
252.344230880228
1000
0
66.4187833141068
0
0
933.583674513374
0
0
0
0
0
-1000
0
-1000
1000
0
0
0
0
0
0
0
0
0
0
0
113.545242684649
0
0
0
0
0
1000
1000
0
0
0
372.490900200552
0
0
1000
0
998.729033068788
0
0
0
0
0
0
0
0
0
0
0.66448731407652
0
0.00245782748096691
-0.0024578274809528
0.00245782748096691
0.00245782748096691
0
0
0.0024578274809528
0
0
0
0.664487314076496
0
0
-0.0073734824428584
-1000
-1000
-1000
1000
-1000
1000
0
0
-1000
-253.668289853419
-746.38480218856
-746.38480218856
0
0
0
0
0
0
0
0
0
0
0
0
0
0
0
0
0
0
0
0
0
0
0
0.053092041979653
0
1000
0
0
0
0
0
0.00122535167167046
0
0
0
0
0
0
0
0
0.00245782748096691
0
0
0
0
0
0
0
0
0
0
0
0
0
0
0
0
0
0
0
0
0
0
0
0
1000
0
0
0
0
0
0
0
0
0
0
0
0
0
0
0
0
0
0
0
0
0
0
0
0
0
0
0
0
0
0
0
1.58512062178306
0
0
0
0
0
0
0
0
0
0
0
0
0
0
0
0
0
0
0
0
0
0
0
0
0
0
0
0
0
0
0
0
0
0
0
0
0
0
0
0
0
0
0
0
0
0
0
0
0
0
0
0
0
0
0
0
0
0
0
0
0
0
0
0
0
0
0
0
0
0
0
0
0
0
0
0
0
0
0
0
0
0
0
0
0
0
0
0
0
0
0
0
0
0
0
0
0
0
0
0
0
0
0
0
0
0
0
0
0
0
0
0
0
0
-999.979154773306
0
0.00122535167167825
0
0.019619875021931
0
0
-0.0208452266936092
0
1000
0
0
0
0
0.0110352891827006
0
0
0
0
0
0
0
0
0
0
0
0
0
0
0
0
0
0
0
0
0.00245782748096691
0.00245782748096691
0.00245782748096691
-1000
-1000
0
-1000
-1000
0
0
0
0
0
0
-1000
-372.490900200552
0
0
0
0
0
0
0
0
0
0
387.574385028837
0
715.621993297771
-284.378006702229
-1000
-1000
-1000
-1000
-700.683357678726
-1000
0
0
0
0
0
0
0
0
0
0
-1000
0
1000
0.269209287323491
0.00245782748096691
0.00245782748096691
0.00245782748096691
0.00245782748096691
0.00245782748096691
0
0
0
0
1000
0
0
0
0
0
0
0
0
0
0
0
0
0
0
0
1000
0
0
0
0
0
0
1000
-1000
0
1000
1000
1000
-1000
0
0
0
0
0
0
0
0
0
0
0
0
0
0
0
0
0
0
0
0
0
0
0
0
0
0
0
0
0
0
0
0
0
0
0
0
0
0
0
0
0
0
0
0
0
0
0
202.934478701447
0
0
0
0
0
0
0
0
0
-1000
0
0
0
0
0
0
0
0
1000
-1000
-1000
-1000
-1000
-1000
0
0.0147184683352975
0
0
0
0
-999.876571347239
-1000
-1000
0
249.66702151785
0
0
0
999.985253035114
2.75364542232348
0
0
0
0
0.395278026753029
0.395278026753029
0
-999.977929421635
0
0
0
0
0
0
0
0
1000
0
0
0
0
0
0
0
1000
0.00245782748096691
0
0
0
0
0
0
0
0
797.060605643591
1000
0
0
1000
0
0
0
1000
0
0
0
-612.425614971163
0
-1000
0
0
0
-1000
0
0
0
0
0
0
0
1000
97.0550976044281
0
0
0
0
-382.076926631942
382.076926631942
-750
0
0
0
0
-1000
-1000
0
0
-1000
0
0
0
0
0.00367872656662112
0
0
0
0
0
0
0
0
746.38480218856
252.344230880228
1000
0
0
0
0
0
0
0
0
0
0
1000
0
0
-1000
1000
-1000
-1000
1000
0
0
0
0
0
0
0
0
-1000
0
0
1000
0.00122535167167046
0.00122535167167046
0
-1000
29.1601609554345
-1000
-59.6896446644516
-59.6896446644516
402.498273682997
0
0
0
0
0
0
0
0
0
0
0
0
0
0
0
0
0
0
0
0
0
0
0
0
0
-0.00980993751102233
0
0
0
0
0
0
0
0
0
0
0
0
0
0
0
0
0
0
0
0
0
0
0
0
0
0
0
0
0
0
0
0
0
0
0
0
0
0
0
0
0
0
0
0
0
0
-1000
0
-1000
0
0
0
0
0
-1000
0
0
0
0
0
0
0
0
0
0
0
994.023585874389
0
0
0
0
0
0
0
0
0
0
0
0
0
1000
0
0
0
-1000
0
0
0
0
0
0
0
0
0
0
0
0
0
0
0
97.0550976044282
0
0
0
0
0
0
0
0
0
0
0
0
0
0
0
0
0
0
0
0
0
0
0
0
97.0550976044282
0
0
0
0
0
0
0
0
0
0
0
0
97.2199642009968
0
0
0
0
0
0
0
0
0
0
0
0
0
0
0
0
0
0
0
0
0
0
0
0
0
0
0
0
0
0
0
0
0
0
0
0
0
0
0
0
0
0
0
0
0
0
0
0
0
0
0
0
0
0
0
0
0
0
0
0
0
0
0
0
0
0
0
0
0
0
0
0
0
0
0
0
0
0
0
0
0
0
0
0
0
0
0
0
0
0
0
0
0
0
0
0
0
0
0
0
0
0
0
0
0
0
0
0
0
0
0
0
0
0
0
0
0
0
0
0
0
0
0
0
0
0
0
62.8218315342395
0
0
0
0
-1000
0
0
0
0
0
0
0
0
0
0
0
0
0
0
0
0
0
0
0
0
0
0
0
0
0
0
0
-600.801520019597
0
783.496896131749
216.503103868251
-999.88805308238
0
0
-999.876571347239
663.703147235278
0
0
0
0
54.9453981327688
0.0147469648858014
0
0
0
0
0
0
0
0
0
0
0
0
0
0
0
0
0
0
0
0
0
0
0
0
0
-0.677422373292757
0
0
0
0
0
0
0
0
0
0
0
0
0
0
0
0
0
0
0
0
0
0
0
0
0
0
0
0
0
0
0
0
0
0
0
0
0
0
0
0
0
0
0
0
0
0
0
0
0
0
0
0
0
0
0
0
0
0
0
0
0
0
-992.859153302885
0
0
0
0
0
0
0
0
0
0
0
0
0
0
0
0
0
0
0
0
0
0
0
0
0
0
0
0
0
0
0
0
0
0
0
0
0
0
0
0
0
0
0
0
0
0
0
0
0
0
0
0
0
0
0
0
0
0
0
0
0
0
0
0
0
0
0
0
0
0
0
0
0
0
0
0
0
0
0
0
0
0
0
0
0
0
0
0
0
0
0
0
0
0
0
0
0
0
0
0
0
0
0
0
0
0
0
0
0
0
0
0
0
0
0
0
0
0
0
0
0
0
0
0
0
0
0
0
0
0
0
0
0
0
0
0
0
0
0
0
0
0
0
0
0
0
0
0
0
0
0
0
0
0
0
0
0
0
0
0
0
0
0
0
0
0
0
0
0
0
0
0
0
0
0
0
0
0
0
0
0
0
0
0
0
0
0
-992.859153302885
0
0
0
0
0
0
0
0
0
0
0
0
0
0
402.498273682997
0
0
0
0
0
0
0
0
0
0
0
-1000
0
0
0
0
0.0024578274809528
-987.905538560968
0
0
0
0
0
0
0
0
0
0
0
0
0
0
0
0
0
0
0
0
0
0
0
0
0
0
0
0
0
0
0
0
0
0
0
0
0
0
0
0
0
0
0
0
0
0
0
0
0
0
0
0
0
0
0
0
0
0
0
0
0
0
0
0
0
0
0
0
0
0
0
0
0
0
0
0
0
0
0
0
0
0
0
0
0
0
0
0
0
0
0
0
0
0
0
0
0
0
0
0
0
0
0
0
0
0
0
0
0
0
0
0
0
0
0
0
0
0
0
0
0
0
0
0
0
0
0
0
0
0
0
0
0
0
0
0
0
0
0
0
0
0
0
0
0
0
0
0
0
0
0
0
0
0
0
0
0
0
0
988.187532706939
0
0
0
0
0
0
0
0
1000
0.0024578274809528
0
0
-588.995258324182
1000
0
0
0
0
0
0
0
0
0
0
0
0
0
0
0
0
0
0
0
0
0
0
0
0
0
0
0
0
0
0
0
0
0
0
0
0
0
0
0
0
0
0
0
0
0
0
0
0
0
0
0
0
0
0
0
0
0
0
0
0
0
0
0
0
0
0
0
0
0
0
0
0
0
0
0
0
0
0
0
0
0
0
0
0
0
0
0
0
0
0
0
0
0
0
0
0
0
0
0
0
0
0
0
0
0
0
0
0
0
0
0
0
0
0
0
0
0
0
0
0
0
0
0
0
0
0
0
0
0
0
0
0
0
0
0
0
0
0
0
0
0
0
0
0
0
0
0
0
0
0
0
0
0
0
0
0
0
0
0
0
0
0
0
0
0
0
0
0
0
0
0
0
0
0
0
0
0
0
0
0
0
0
0
0
0
0
0
0
0
0
0
0
0
561.089098257807
500
59.3678135499253
0
0
-0.664487314076496
0
0
316.875704822726
13.1321603572435
28.7043378513889
0.0712413762599104
59.3678135499253
0
0
0
0
0
0
0
0
0
0
0
0
0
0
0
0
0
0
0
0
0
0
0
0
0
552.217870497726
-1000
0
0
-1000
0
66.4163254866257
0
0
0
-1000
0
0
0
0
0
-412.166491421476
0
-0.00306694124799378
0
0
0.00245782748096691
0
0
0
0
0
0
0
0
0
0
0
0
0
0
0
0.677422373292757
0
97.0550976044281
0
0
0
0
465.477666189976
-78.9298831072127
-3.46219852794036
0
-7.29365648080147
-14.2986903992486
-1000
-22.8666057565231
-1000
-1000
-18.0665785166498
-3.13408624511408
-21.3882076847681
344.825161401823
-1000
0
0
0
0
-1000
889.111194920484
-11.9172841362739
-1000
-9.06166855739707
-999.191879385177
-16.2670925937007
-434.512635585917
917.216754941189
-1000
0
0
962.306614752503
0
0
1000
0
0
999.876571347239
1000
0
0
0
-7.40916487355673
0.249511046787575
0
1000
66.4187833141068
0
0
0
0
0
0
0
0
0
-0.0024578274809528
-0.0024578274809528
0
0
0
0
0
0
0
0
0
0
0
0
0
0
0
0
560.585200934419
0
0
0
0
1000
-1000
249.66702151785
-0.0024578274809528
-0.0024578274809528
0
797.065521298553
0
0
-0.0024578274809528
0
-0.0024578274809528
0
0
0
-0.0024578274809528
0
0
0
-0.0024578274809528
0
0
0
0
0
1000
0
0
0
0
0
988.187532706939
0
0
0
0
0
-0.0073734824428584
0
0
0
0
0
0
0
305.11011755214
0
0
0
-550.411059697645
0
1000
0
0
-0.0024578274809528
-1000
0
0
0
0
0
0
0
0
0
0
0
0
0
945.037397074865
-86.7224449389914
-0.322764991926874
-557.449432777406
-1000
0
0
0
0
-442.550567222594
0
0
0
1.67268577205664
0
0
0
0
0
-2.70638270595646
0
0
0
0
1000
1000
-1000
0
0
579.707933894838
1000
0
0
0
465.456820963282
0
0
0
0
0
-1000
-1000
0
0
0
0
0
-0.0343597157701652
0
0
0
0
-386.055863967772
-1000
1000
0
0
0
0
0
1000
947.380149244249
-1000
-915.428700290739
-508.584441872372
0
0
-465.456820963282
0
0
0
0
0
0
0
0
1000
0
-0.586843025501025
-0.164866596568572
-44.6376310209458
-1000
-2.43178229938667
-11.448418524006
-1.56623266740166
-8.86157956556178
-4.73991465134702
-0.164866596568572
0
0
0
116.232612990046
-0.164866596568572
0
-0.329733193137145
-0.164866596568572
-0.164866596568572
-1.19528282512226
0
-0.164866596568572
-61.7388616883705
-63.6797229246181
0
-2.75364542232353
0
0
-0.164866596568572
-1.03409495512028
0
-0.164866596568572
-0.164866596568572
-0.164866596568572
-0.164866596568572
-4.78113130048916
0
-10.3041622855369
0
0
-962.306614752503
-1000
1000
0
0
-1000
0
-0.0024578274809528
0
750
-750
0
0
0
-1000
962.306614752503
1000
0
0
0
0
0
0
0
0
0
0
0
0
0
0
0
0
0
-1000
1000
1000
-1000
-29.1601609554345
29.1601609554345
1000
-1000
-1000
0
-1000
-1000
-0.164866596568572
-0.164866596568572
0
0
0
0
0
-1000
999.888053082379
54.9453981327688
0.0147469648858305
0
0
0
0
0
1000
0
0
0
0
0
-0.677422373292757
0
0
0
0
0
0
0
0
0
0
0
0
0
0
0
0
0
0
0
0
0
0
0
0
0
0
0
0
0
0
0
0
0
0
0
0
0
0
0
0
0
0
0
0
0
0
0
0
0
0
0
0
0
0
0
0
0
0
0
0
0
0
0
0
0
0
-0.164866596568572
0
0
0
0
0
0
0
0
0
0
0
0
0
0
0
0
0
0
0
0
0
0
0
0
0
0
0
0
0
0
0
0
0
0
0
0
0
0
0
0
0
0
0
0
0
0
0
0
0
0
0
0
0
0
0
0
0
0
0
992.859153302885
0
0
0
0
0
0
0
0
0
0
0
0
0
0
0
0
0
0
0
0
0
0
0
0
0
0
0
0
0
0
0
0
0
0
0
0
0
0
0
0
0
0
0
0
0
0
0
0
0
0
0
0
0
0
0
0
0
0
0
0
0
0
0
0
0
0
0
0
0
0
0
0
0
0
0
0
0
0
0
0
0
0
0
0
0
0
0
0
0
0
0
0
0
0
0
0
0
0
0
0
0
0
0
0
0
0
0
0
0
0
0
0
0
0
0
0
0
0
0
0
0
0
0
0
0
0
0
0
0
0
0
0
0
0
0
0
0
0
0
0
0
0
0
0
0
0
0
0
0
0
0
0
0
0
0
0
0
0
0
0
0
0
0
0
0
0
0
0
0
0
0
0
0
0
0
0
0
0
0
0
0
0
0
0
0
0
0
0
0
0
0
0
0
0
0
0
0
-988.187532706939
1000
1000
0
0
0
987.905538560968
0
0
0
0
0
0
0
0
0
0
0
0
0
0
0
0
0
0
0
0
0
0
0
0
0
-1000
0
-411.004741675818
-0.0024578274809528
0
0
0
0
0
0
0
0
-605.13940670648
0
0
0
0
0
0
0
0
0
0
0
0
0
0
0
0
0
0
0
0
0
0
0
0
0
0
0
0
0
0
0
0
0
0
0
0
0
0
0
0
0
0
0
0
0
0
0
0
0
0
0
0
0
0
0
0
0
0
0
0
0
0
0
0
0
0
0
0
0
0
0
0
0
0
0
0
0
0
-0.164866596568572
-0.164866596568572
-0.164866596568572
0
-0.164866596568572
-0.329733193137145
0
-0.164866596568572
-0.164866596568572
-0.164866596568572
-0.164866596568572
284.21314010566
-0.164866596568572
-0.164866596568572
-0.164866596568572
-0.164866596568572
-0.164866596568572
-0.164866596568572
-0.164866596568572
0
-0.164866596568572
-0.164866596568572
-0.164866596568572
0
-1000
59.3678135499254
0
1000
0
0
0
0
0
0
0
0
0
0
0
