0
0
0
0
0
0
0
0
-855.466419480065
713.757656386546
286.242343613454
0
0
347.813632452705
1000
0
999.801209849053
-999.801209849052
999.95437603093
0
0.0456239690699119
0
-1000
0.286779234153755
0
1000
650.275093276639
0
-405.478903481933
0.00973814603519112
0
0
0
0
0
0.0223354570400168
0
0
0
27.3784255225265
0
0
0
0
0
465.456820963282
0
465.456820963282
0
465.456820963282
0
465.456820963282
0
465.456820963282
0
465.456820963282
0
0
465.456820963282
0
0
0
0
0
0
0
0
0
405.478903481933
0
0
0
0
-183.906545256216
-183.906545256216
0
0
0
0
405.478903481933
0
-1000
0
0
0
0
0
0
0
0
0
0
0
0
0
0
0.00279041559978483
0.00279041559974758
0
1000
0
0
0.00279041559974758
-0.00279041559974758
0
0
0
-0.00279041559974758
0
0
0
0
0
0
0
605.950253953118
0
185.30651091691
0
185.107720765962
0
0
0
0
0
0
0
0
0
0
0
0
0
0
867.017304414569
0
0
1000
0
0
0
0
0
0
1000
0
0
0
0
-11.4220850121303
0
0
0
0
-728.452926260047
0
0
0.00696390675772388
0
0
0
395.702778499376
93.5606854589312
1000
-302.148610750312
0
0
0
-1000
-302.148610750312
45.6650217023928
1000
-652.186367547295
0
0
1000
0
0
0.00696390675773273
0
0
-80.1947385245131
593.03603846951
0
0
0
0
0
-3.06934594754739
0
0
0
0
0
0
0
250.725002714375
-1000
0
0
0
0
0
0
0
0
355.644787365107
355.644787365107
0
0
93.5634758745309
0
-358.717392167588
0
-258.727854935523
0
0
0
0
1000
258.197746742974
0
0
0
0
0
999.9972095844
0
0
-1000
0
998.73375118965
0
0.359923171566449
0
0.539884757349674
0.36644088143358
0
0
-906.436524125469
0
0
0
-1000
0
1000
0
0
0
0
0
0
0
0
0
0
-1000
0
-1000
1000
-1000
-816.093454743784
1000
754.341727236807
1000
-1000
-1000
-0.754404359710747
-1000
0.539884757349682
0
-1000
1000
1000
-0.539884757349682
1000
0
0
1000
0
0.140130762143301
0
-0.140130762143258
0
0.00139116371931302
0
0
0
0
0
0
0
0
1000
0
0
0
0
0
0
0
0
-1000
0
1000
0
0
0
1000
0
-0.140130762143258
0
-0.539884757349682
0
0
0.539884757349682
0
0
0
0
0
0
0
-1000
0
0
0
-999.871513493872
0.539884757349682
0
1000
-0.754404359710747
0
0.00279041559978547
0
2.0542702638901
0
0
0
0
0
0
0
0
0
1000
0
0
0
1.79961585783225
0
7.57591095207283
0
0
0
0
0
0
0
0
1000
-1000
258.731113790457
-1000
-1000
1000
1000
-0.00139116371929049
-1000
-1000
1000
-1000
1000
1000
0
0
-1000
0
0
0
0
-1000
0
0
-1000
-1000
-1000
1000
0
185.000346382499
1000
1000
0
0
0
0
0
0
0.754404359710717
-245.298349591626
1000
1000
0
1000
-1000
0.00651770986712563
0
-1000
-1000
1000
1000
0
-1000
1000
-1000
-1000
1000
0
-944.030796145369
-1000
1000
-1000
-814.639730445935
1000
0
0
0
-1000
1000
1.80939242263298
0
0
-1000
0
0
0
-866.083228870138
1000
0
0
0
-22.9613998320962
0
0
0
0
0
0
0
0
778.399079107164
0
474.75866953367
0
778.399079107164
0
0
0
0.00279041559978483
0
1000
-133.919561545462
-866.080438454538
0
0
866.080438454538
0
0
0
0
0
0
0
0
0
1000
0
0
0
0
0
0
0
0
0
0
0
1000
0
0
0
0
0
-1000
1000
0
0
0
0
0
0
0
0
0
0
0.00279041559974758
1000
1000
0.0814713733391272
0.0814713733391272
0
596.595923517556
0
0
0
0
0
0
0
0
0
0
0
25.243644354435
0
0
0
0
0
-1000
0
0
0
0
0
0
0
0
0
0
0
0
0
0
0
0
0
0
0
0
0
0
0
0
0
0
0
0
0
0
0
0
0
0.12709534240904
0
0
0
1000
0
0
0
0
0
0
-1000
0
0
0
0
0
0
0
0
0
0
0
0
0
0
0
0
0
0
0
0
0
0
0
0
0
0
0
0
-597.668220613541
0
0
0.12709534240904
0
0
0
0
0
0
0
0
0
986.601344318165
0
0
0
0
0
0
0
0
0
0
0
0
0
0
0
0
0
0
0
0
0
0
0
0
0
0
0
0
0
0
0
0
0
-1000
0
0
0
0
0
0
0
0
0
0
0
0
0
0
0
0
0
0
0
0
0
0
0
0
0
0
0
0
0
0
0
0
0
0
0
0
0
0
0
-1000
0
474.761928388604
280.279142453438
0
0
439.441715093124
0.589852742975289
0.589852742975289
0
0
0
0
0
0
0
0
0
0
0
0
0
0
0
0
0
0
0
0
0
0.00279041559978483
0
0
0
0
0
-1000
0
0
0
-1000
0
0
-1000
0
0
0
0
1.69460456545387
0
0
1.69460456545387
0
0
0
0
0
0
0
0
0
0
1.69460456545387
0
1.69460456545387
0
0
0
10.1091061766722
28.8163489235388
18.4194390122995
13.4908000578365
20.002359552419
6.58351042822423
15.3974997993441
28.1687905207627
25.938311577867
8.20240643516461
15.9011563348367
32.7736502738376
25.8663606442253
7.98655363423923
13.2389717900903
18.3474880786577
23.7797835686132
19.2468747491801
3.52559574844795
23.9956363695386
0
0
0
0
0
0
0
0
0
0
0
0
0
0
0
0
0
0
0
0
0
0
0
0
0
0
0
0
0
0
0
0
0
0
0
0
0
0
0
0
0
0
0
0
0
0
0
0
0
0
0
0
0
0
0
0
0
0
0
0
0
0
0
0
0
0
0
0
0
0
0
0
0
0
0
0
0
0
0
0
0
0
0
0
0
0
0
0
0
0
0
0
0
0
0
-1000
0
0
0
0
25.2436443544349
-185.30651091691
-185.30651091691
-1000
-1000
0
0
0
0
0
0
0
-22.9613998320962
-185.423829694518
-0.117318777608375
-1000
0
-185.30930133251
0
-185.400549270649
1000
0.00651770986712563
1000
1000
0
0
1000
0
-1000
-1000
-1000
0
814.69069866749
0
0
0
185.309301332509
1000
1000
1000
0
0
0
1000
0
0
0
0
-1000
407.721156305801
1000
1000
0
500
0
144.5538770907
5
0
0
0
0
0.769089764321393
0
142.044114680181
0
92.5799227652055
0
0.152246217697893
0
5.06218673845558
-0.152246217697893
-0.152246217697893
0.152246217697893
0
514.555883166323
415.265956962253
0.152246217697893
-0.152246217697893
-0.152246217697893
0
0.000694570839527842
-0.152246217697893
0
0.152246217697913
-1000
-0.152246217697893
-0.152246217697893
0
0
0
0
0
-0.152246217697893
0.152246217697893
0
0
0
0
0
0
0
0
0
0
0.951538860612004
0
4.41514031323948
0
0
0
-5.37016416029076
0
0
0
0
0
-142.044114680181
0
0
0.00279041559974758
0
0
0
0
0
0
0
0
0
0
0
0
0
0
0
0
0
0
0
0
0
0
0
0
0
0
0
0
0
0
0
0
0
0
0
0
0
0
0
0
0
0
0.000694570839527842
0
0
0
0
0
0
0
0
0
0
0
0
0
0
0
0
0
0
0
0
0
0
0
0
0
0
0
0
0
0
0
0
0
0
0
0
0
0
0
0
0
0
0
0
0
0
0
0
0
0
0
0
0
0
0
0
0
0
0
0
0
0
0
0
0
0
0
0
0
0
0
0
0
0
0
0
0
0
0
0
0
0
0
0
0
0
0
0
0
0
0
0
0
0
0
0
0
0
0
0
0
0
0
0
0
0
0
0
0
0
0
0
0
0
0
0
0
0
0
0
0
0
0
0
0
0
0
0
0
0
0
0
0
0
0
0
0
0
0
0
0
0.152246217697913
0.152246217697913
92.8844152006015
0
0
0
0
0
0
0
0
0.152246217697913
0.152246217697913
0
0
0
0
0
0
0
0
0
0
0
0
0
0
0
0
0
0
0
0
0
0
0
0
0
0
0
0
0
0
0
0
0
0
0
0
0
0
0
0
0
0
0
0
0
0
0
0
0
0
0
0
0
0
0
0
0
0
0
0
0
0
0
0
0
0
0
0
0
0
0
0
0
0
0
0
0
0
0
0
0
0
0
0
0
0
0
0
0
0
0
0
0
0
0
0
0
0
0
0
0
0
0
0
0
0
0
0
0
0
0
0
0
0
0
0
0
0
0
0
0
0
0
0
0
0
0
0
0
0
0
0
0
0
0
0
0
0
0
0
0
0
0
0
0
0
0
0
0
0
0
0
0
0
0
0
0
0
0
0
0
0
0
0
0
0
0
0
0
0
0
0
0
0
0
0
0
0
0
0
0
0
0
0
0
0
0
0
0
0
0
0
-1000
0
0
0
0
0
0
0
0
0
0
0
0
0
0
0
0
0
0
0
0
0
0
0
0
0
0
0
0
0
0
0
0
0
0
0
0
0
0
0
0
0
0
0
0
0
0
0
0
0
0
0
0
0
0
0
0
0
0
0
0
0
0
0
0
0
0
0
0
0
0
0
0
0
0
0
0
0
0
0
0
0
0
0
0
0
0
0
0
0
0
0
0
1000
1000
0
0
0
0
0
0
0
0
0
0
0
0
0
0
0
0
0
-1000
0
-1000
0
0
0
0
0
0
0
1000
1000
0
0
0
0
0
0
0
0
0
0
0
0
0
0
0
0
0
0
0
0
0
0
0
0
0
0
0
0
0
0
0
0
0
0
0
0
0
0
0
0
0
0
0
0
0
0
0
0
0
0
0
0
0
0
0
0
0
0
0
0
0
0
0
0
0
0
0
0
0
0
0
0
0
0
0
0
0
0
0
0
0
0
0
0
35.9673773117117
0
0
0.152246217697893
0
-901.748905625547
0
0
92.7321689829037
0
901.596659407849
-0.152246217697893
406.930476543293
0
0
0
0.000694570839527842
0
0
-1000
1000
0
0
0
0
0
0
0
0
0
0
0
0
0
-1000
-0.951538860612004
0
-4.41514031323948
0
5.37016416029076
0
0
0
0
-142.044114680181
0
0
-0.00279041559974758
0
0
0
0
0
142.044114680181
1000
0
-142.044114680181
-142.044114680181
0
-1000
1000
-0.0167424935987128
0
0
0.152246217697893
-0.152246217697893
0
0
98.2510943744528
-98.2510943744529
-1000
0
0
0
-92.7321689829035
-92.7321689829035
-1000
0
-98.4033405921508
-901.596659407849
-1000
0
-593.069523456707
-406.930476543293
-1000
0
0
0
0
0
-1000
0
1000
0
0
0
-1000
1000
-1000
0
0
0
-1000
0
0
0
1000
0
0
0
0
0
0
0
0
0
0
0
0
0
0
0
0
0
0
0
-1000
1000
-1000
0.952233431451418
-1000
0
-1000
4.41514031323948
-1000
0
-5.36737374469089
-5.36737374469089
0
0
0
0
0
0
-1000
0
-1000
142.044114680181
-729.577275680901
0
1000
0
-1000
0
-1000
0
0
0
0
0
0
0
0
0
0
-1000
0
0
0
0
0
0
0
0
0
0
0
0
0
0
0
0
0
0
0
0
0
0
0
0
0
0
0
0
0
0
0
0
0
0
0
0.000694570839527842
-0.000694570839527842
0
0
0
0
0
0
0
0
0
0
0
0
0
0
0
0
0
0
0
0
0
0
0
0
0
0
0
0
0
0
0
0
0
0
0
0
0.000694570839527842
-0.000694570839527842
0
0
0
0
0
0
-0.00279041559974758
-0.00279041559974758
0
0
0
0
0
0
0
0
0
0
0
0
0
0
0
0
0.00279041559974758
0.00279041559974758
0
0
0
0
0
0
0
0
0
0
0
0
0
0
0
0
0
0
0
0
0
0
0
0
0
0
0
0
0
0
0
0
0
0
0
0
0
0
0
0
0
0
0
0
0
0.913932554353101
0.00279041559978483
0
0
0
0
0
0
0
0
0.114992083248331
0
0
0
0
0
0
0
0
0
0
0
0
0
0
0
0
0
0
0
0
0
0
0
0
0
0
0
0
0
0
0
0
0
0
0
0
0
0
0
0
0
0
0
0
0
0
0
0
0
0
0
0
0
0
0
0
98.2510943744529
98.2510943744529
98.2510943744529
0
0
0
0
92.5799227652057
92.5799227652057
0
0
0
0
0
0
0
0
0
0
0
0
0
0
0
0
0
0
0
0
0
0
0
0
0
0
0
0
0
0
0
0
0
0
0
0
0
0
0
0
0
0
0
0
0
0
0
0
0
0
0
0
0
0
0
0
0
0
0
0
0
0
0
0
0
0
0
0
0
0
0
0
0
0
0
0
0
0
0
0
0
0
0
0
0
0
0
0
0
0
0
0
0
0
0
0
0
0
0
0
0
0
0
0
0
0
92.7321689829036
92.7321689829036
92.7321689829036
92.7321689829036
-92.7321689829035
0
0
0
0
0
0
0
0
0
0
0
0
0
0
0
0
0
0
0
0
0
0
0
0
0
0
0
0
0
0
0
0
0
0
0
0
0
0
0
0
0
0
0
0
0
0
0
0
0
0
0
0
0
0
0.00279041559978483
0.00279041559978483
0.00279041559978483
0.00279041559978483
0.00279041559978483
0
0
0
0
0
0
0
0
0
0
0
0
0
0
0
0
0
0
0
0
0
0
0
0
0
0
0
0
0
0
0
0
0
0
0
0
0
0
0
0
0
0
0
0
0
0
0
0
0
11.4220850121303
11.4220850121303
-11.4220850121303
3.80085070097725
-1.89903014268873
1.89903014268873
1.89903014268873
1.89903014268873
1.89903014268873
1.89903014268873
1.89903014268873
1.89903014268873
1.89903014268873
1.89903014268873
1.89903014268873
0
1.89903014268873
1.89903014268873
1.89903014268873
1.89903014268873
1.89903014268873
1.89903014268873
1.89903014268873
1.89903014268873
0
0
0
1.89903014268873
0
1.89903014268873
1.89346548781148
0
0
0
0
0
0
0
0
0
0
0
0
0
0
0
0
11.4220850121303
11.4220850121303
3.80085070097725
3.80085070097725
0
0
0
0
0
0
0
0
0
0
0
0
0
0
0
0
0
0
0
0
0
0
0
0
0
0
0
0
0
0
0
0
0
0
0
0
0
0
0
0
0
0
0
0
0
0
0
0
0
0
0
0
0
0
0
0
0
0
0
0
0
0
0
0
0
0
0
0
0
0
0
0
0
0
0
0
0
0
0
0
0
0
0
0
0
0
0
0
0
0
0
0
0
0
0
0
0
0
0
0
0
0
0
0
0
0
0
0
0
0
0
0
0
0
0
0
0
0
0
0
0
0
0
0
0
0
0
0
0
0
0
0
0
0
0
0
0
0
0
0
0
0
0
0
0
0
0
0
0
0
0
0
0
0
0
0
0
0
0
0
0
0
0
0
0
0
0
0
0
0
0
0
0
0
0
0
0
0
0
0
0
0
0
0
0
0
0
0
0
0
0
0
0.913932554353101
378.705295822565
378.705295822565
0
2.84368153312295
2.84368153312295
0
-381.548977355688
0
2.84368153312295
0
377.791363268212
0
0
377.791363268212
0
2.84368153312295
0
2.84368153312295
2.84368153312295
0
0
0
0
0
0
0
0
0
0
0
0
0
0
0
0
0
0
0
0
0
0
0
0
0
0
0
0
0
0
0
0
0
0
0
0
0
0
381.548977355688
0
0
0
0
0
0
0
0
0
0
0
0
0
0
0
0
0
0
0
0
0
0
0
0
0
0
0
0
0
0
0
0
0
0
0
0
0
0
0
0
0
0
0
0
0
0
0
0
0
0
0
0
0
0
0
0
0
0
0
0
0
0
0
0
0
0
0
0
0
0
0
0
0
0
0
0
0
0
0.913932554353101
0.00279041559978483
0
0
0
0
0
0
0
1.20317058949911
0
0
0
0.754404359710717
0.754404359710717
0.754404359710717
0
0
0
0
0
0
1.03171505320122
0
0
0
0.00279041559978483
0
0
0
0
-1.0317150532012
1.03171505320122
0
0
0
0
0
0
0
0
0
0
0.188165677251964
0
0.17145553629789
0
0
0
0
0
0
0
0
0
0
8.41175770254518
8.41175770254518
8.41175770254518
0
0
0
0
-0.114992083248353
0
0
0
0
0
0
0
0
0
0
0
0
0
0
0
0
0
0
0
0
0
0
0
0
0
0
0
0
0
0
0
0
0
0
0
0
0
0
0
0
0
0
0
0
0
0
0
0
0
0
0
0
0
0
0
0
0
0
0
0
0
0
0
0
0
0
0
0
0
0
0
0
0
0
0
0
0
0
0
0
0
0
0
0
0
0
0
0
0
0
0
0
0
0
0
0
0
0
0
0
0
0
0
0
0
0
0
0
0
0
0
0
0
0
0
0
0
0
0
0
0
0
0
0
0
0
0
0
0
0
0
0
0
0
0
0
0
0
0
0
0
0
0
0
0
0
0
0
0
0
0
0
0
0
0
0
0
0
0
0
0
0
0
0
0
0
0
0
0
0
0
0
0
0
0
0
0
0
0
0
0
0
0
0
0
0
0
0
0
0
0
0
0
0
0
0
0
0
0
0
0
0
0
0
0
0
0
0
0
0
0
0
0
0
0
0
0
0
0
0
0
0
0
0
0
0
0
0
0
0
0
0
0
0
0
0
0
0
0
0
0
0
0
0
0
0
0
0
0
0
0
0
0
0
0
0
0
0
0
0
0
0
0
0
0
0
0
0
0
0
0
0
0
0
0
0
0
0
0
0
0
0
0
0
0
0
0
0
0
0
0
0
0
0
0
0
0
0
0
0
0
0
0
0
0
0
0
0
0
0
0
0
0
0
0
0
0
0
0
0
0
0
0
0
0
0
0
0
0
0
0
0
0
0
0
0
0
0
0
0
0
0
0
0
0
0
0
0
0
0
0
0
0
0
0
0
0
0
0
0
0
0
0
0
0
0
0
0
0
0
0
0
0
0
0
0
0
0
0
0
0
0
0
0
0
0
0
0
0
0
0
0
0
0
0
0
0
0
0
0
0
0
0
0
0
144.69399137903
0
144.69399137903
0
0
0
0
0
0
0
0
0
0
0
0
0
0
0
0
0
0
0
0
0
0
0
0
0
0
0
1000
0
0
0
0
0
0
0
0
0
0
0
0
0
0
0
0
0
0
0
0
0
0
0
0
0
0
0
0
0
0
0
0
0
0
0
0
0
0
0
0
0
0
0
0
0
0
0
0
0
0
0
0
0
0
0
0
0
0
0
0
0
0
0
0
0
0
0
0
0
0
0
0
0
0
0
0
0
0
0
0
0
0.12709534240904
0.12709534240904
0
0
0
0
0.127095342409007
0
0.12709534240904
-247.525302569485
0
0
0
0
0.0195531296013907
0
0
0
0
0
0
247.525302569485
0
0
0
0
0
0
0
0
0
0
0
0
0
0
0
0
0
0
0
0
0
0
0
0
0
0
0
0
0
0
0
0
0
0
0
0
0
0
0
0
0
0
0
0
0
0
0
0
0
0
0
0
0
0
594.384263029623
594.384263029623
0
0
0
0
0
0
0
0
0
0
0
0
0
0
0
0
0
0
0
0
0
0
0
0
0
0
0
0
0
0
0
0
0
0
0
0
0
0
0
0
0
0
0
0
0
0
0
0
1000
1000
-1000
0
0
0
-1000
1000
1000
1000
0
0
0
999.46011524265
-1000
0
0
0
0
0
0
0
0
0
0
0
0
0
0
0
0
0
0
0
0
0
0
0
0
0
0
0
0
0
0
0
0
0
0
0
0
0
0
0
0
-1000
0
0
0
0
0
0
0
0
0
0
0
0
0
0
0
0
0
-999.9972095844
-1000
1000
-1000
1000
999.9972095844
-1000
0
0
0
0
0
0
0.00279041559974758
0
0
0
0
0
0
0
0
0
0
0
0
0
0
0
0
0
500
0
0
0
0.0111373979156629
0
0.00279041559978483
0.0167101409540738
-723.252779975415
0.00139116371931302
0.00139116371931302
0.00279041559974758
0
0.00974623419634991
0.00139116371931302
0.0208917202732207
-0.00139116371929049
0.00139116371931302
0.00139116371931302
0.00139116371931302
0.00139116371931302
0.00139116371931302
-0.00139116371929049
-0.00278232743858098
-0.00418157931915175
0.00139116371931302
0.00139116371931302
0.00139116371929049
0.00139116371931302
-0.00418157931915175
-0.00139116371929049
0.00279041559974758
0.00139116371931302
0.00139116371931302
0.00279041559978483
0.00279041559978483
-0.00279041559974758
-0.00279041559974758
0.00279041559974758
0.00279041559974758
0.00139116371931302
0.00139116371931302
0.00139116371931302
0.00139116371931302
0.0306541307918451
-0.00418157931915175
723.272280531969
0
0
0
0
0
0
-1000
0
0
0
0.00279041559978483
0
0
0
0
0.00139520779989242
0.00279041559974758
0.00279041559974758
0
0
0.00279041559978483
0.00279041559978483
0
0
0
0
0
0
0.00556465487725207
0.00139116371931302
0.00417349115793905
0.00139116371931302
-0.00139116371929049
0.00139116371931302
0.00139116371931302
0.00139116371931302
0.00139116371931302
0.00139116371931302
0.00139116371931302
0.00278232743862603
0.00139116371931302
0.00139116371931302
0.00139116371931302
0.00139116371931302
0.00139116371931302
0
0.00139116371931302
0.00279041559978483
0.00279041559978483
0.00279041559978483
0.00279041559978483
0.00279041559978483
0.00279041559978483
0.00279041559978483
0.00279041559978483
0.00279041559978483
0.00279041559978483
0.00279041559978483
0.00279041559978483
0.00279041559978483
0.00279041559978483
0
0
0
0
0
0
0
0
0
0
0
0
-0.00279041559974758
0
0
0
0
0
0
0
0
0
0
0
0
0
0
0
0
0
0
0
0
0
0
0
0
0
0
0
0
0
0
0
0
0
0
0
0
0
0
0
0
0
0
0
0
0
0
0
0
0
0
0
0
0
0
0
0
0
0
0
0
0
0
0
1000
0
25.2436443544349
0
0
0
0
0.00279041559978483
0
0
0
0
0
0
0
0
0
0
0
0
0
0
0
0
0
0
0
0
0
0
0
0
0
0
-741.86383213597
0
-0.769089764321393
0
-142.044114680181
0
-92.5799227652057
0
0
0
0.152246217697913
0
0
0
0
0
0
0
0
0
0.152246217697913
0
0
430.059232343982
0
0
0
0
0.304492435395825
0
0
0
0.152246217697913
0
57.0155139570287
0
0
0
9.51538860611953
0
58.9573478035166
0
0.152246217697913
0
0.304492435395825
0
0
0
0.152246217697913
0
0.152246217697913
0
0.152246217697913
0
0.152246217697913
0
0.152246217697913
0
0.304492435395825
0
0
0
0.152246217697913
0
0.152246217697913
0
0.152246217697913
0
0.152246217697913
0
0.152246217697913
0
0.152246217697913
0
0.152246217697913
0
0.152246217697913
0
0.152246217697913
0
3.19717057165616
0
0
0
4.37707875881499
0
0
0
2.24563171104421
0
0.152246217697913
0
0.152246217697913
0
15.9512762902956
0
0.152246217697913
0
0.152246217697913
0
0.152246217697913
0
0.152246217697913
0
72.8878767228756
0
143.147899758491
0
8.1832342012628
0
41.2206634417098
0
0.530071346342909
0
0.152246217697913
0
0.152246217697913
0
1.44633906813017
0
0.152246217697913
0
0.152246217697913
0
0.152246217697913
0
663.703147235278
0
0
377.791363268212
0
0
0
0
0
0
-1000
-1000
1000
0
0
-0.00279041559974758
250.725002714375
355.641996949507
0
593.352547976422
0
-1000
-1000
0
0
1000
0
0
0
0
0
-4.26295970062404
1000
0
0
0
0
1000
-265.153916293057
-0.00279041559974758
0
0
-2.80867462360084
999.46011524265
1000
0
0
0
465.466559109317
1000
-1000
-1000
906.436524125469
-1000
0
1000
900.321924845407
0
-1000
0
0
1000
1000
743.759119433202
1000
0
1000
0
0
-1000
842.247064053955
1000
1000
0
0
0
0
-25.2436443544349
-501.281417819597
0
0
0
0
0
0
0
0
0
907.038395857918
0
0
0
75.4036449480006
0
0
0
1000
0
0
0
0
1000
0
0
0
0
0
0
1000
0
0
-1000
-1000
8.10713126678115
-1000
1000
-1000
1000
-1000
-1000
-1000
438.740025880784
1000
1000
-1000
-1000
-1000
-1000
-1000
748.393248132874
1000
-1000
-1000
-1000
1000
1000
1000
1000
1000
1000
1000
1000
1000
-1000
-905.186203894959
-106.302552437155
-1000
-1000
-1000
-1000
-1000
-1000
1000
-8.10713126678115
-1000
-1000
-1000
-1000
-1000
-1000
-1000
-1000
-1000
-1000
1000
-1000
-1000
-1000
-1000
-1000
-1000
-1000
-1000
-1000
-1000
-1000
-1000
-1000
-1000
-1000
401.38293032698
-1000
-1000
-1000
1000
1000
-1000
-1000
-1000
-1000
1000
-1000
-1000
0
-1000
-1000
-1000
1000
1000
-1000
915.474078653643
1000
1000
646.842962793465
547.730067802177
1000
1000
1000
1000
-1000
-1000
-975.717584396308
128.440206437455
-1000
-1000
-1000
-1000
-1000
0
1000
1000
1000
1000
1000
1000
1000
1000
-1000
983.76644046194
1000
-1000
-125.638942591892
-1000
1000
-1000
1000
981.531678163697
-8.28061895357018
-1000
0
0
0
0
0
0
0
0
0
0
0
0
0
0
0
0
0
0
0
0
0
0
0
0
0
0
0
0
0
0
0
0
0
0
0
0
0
0
0
0
0
0
0
0
0
0
0
0
0
0
0
0
0
0
0
0
0
0
0
0
0
0
0
0
0
0
0
0
0
0
0
0
0
0
0
0
0
0
0
0
0
0
0
0
0
0
0
0
0
0
0
0
0
0
0
0
0
0
0
0
0
0
0
0
0
0
0
0
0
0
0
0
0
0
0
0
0
0
0
0
0
0
0
0
0
0
0
0
0
0
0
0
0
0
0
0
0
0
0
0
0
0
0
0
0
0
0
0
0
0
0
0
0
0
0
0
0
0
0
0
0
0
0
0
0
0
0
0
0
0
0
0
0
0
0
0
0
0
0
0
0
0
0
0
0
0
0
0
0
0
0
0
0
0
0
0
0
0
0
0
0
0
0
0
0
0
0
0
0
0
0
0
0
0
0
0
0
0
0
0
0
0
0
0
0
0
0
0
0
0
0
0
0
0
0
0
0
0
0
0
0
0
0
0
0
0
0
0
0
0
0
0
0
0
0
0
0
0
0
0
0
0
0
0
0
0
0
0
0
0
0
0
0
0
0
0
0
0
0
0
0
0
0
0
0
0
0
0
0
0
0
0
0
0
0
0
0
0
0
0
0
0
0
0
0
0
0
0
0
981.531678163697
0
0
0
0
0
0
0
0
0
0
0
0
0
0
0
1000
1000
998.100969857311
1000
1000
1000
1000
-271.547073739953
-1000
-1000
1000
-1000
1000
1000
1000
-1000
-1000
269.648043597264
1000
-1000
1000
1.89903014268873
-1000
-1000
-1000
0
-1000
-1000
1000
-1000
-1000
-1000
269.687052798533
-1000
730.312947201467
-1000
1000
-1000
-1000
-1000
-1000
1000
-1000
-1000
-999.960990798731
1000
-1000
-1.89903014268873
-988.449115065496
-1000
-1000
-1000
-1000
1000
-1000
0
0
0
0
0
0
0
0
0
0
0
0
0
0
0
0
-1000
-1000
0
1000
0
0
0
0
0
1000
0
0
0
0
0
0
0
0
0
-0.00279041559974758
0.00279041559978483
0
0
-0.00279041559974758
-0.00279041559974758
0
0
0
0
1000
0
0
0
0
0
0
0
0
0
0
0
0
0
0
0
0
0
0
1000
0
0
0
0
0
0
0
0
0
0.00279041559978483
0
0
-999.457324827051
1000
1000
403.401286066844
1000
0
0
0
0
-0.00279041559974758
0
0
0
0
0
247.525302569485
0
0
0
0
0
0
0
499.929934618928
0
0
0
0
0
0
0
-465.456820963282
465.456820963282
0.00279041559978483
0
0
0
0
35.9478444025142
0
0
1000
0
0
0
-1000
-0.00279041559974758
0
0
0
0
0
1000
0
0
0
0
0
0
0
0
0
0
0
0
0
0
0
0
0
0
0
0
0
0
0
0
0
0
0
0
0
0
0.00279041559978483
0
0
0
0
0
1000
0
0
0
-92.5799227652057
0
1.50880871942143
0
0
0
0
0.00417349115793905
1000
0
-866.080438454538
0
0
0
0
0
0
0
0
0
0
0
0.00279041559974758
-185.309301332509
185.309301332509
0
91.0711140457843
867.017304414569
0
0
0
0.117318777608375
1000
0
0
0
0
0
0.00279041559974758
0
0
1000
0
1000
0
0
1000
0
0
-286.242343613454
0
0
-1000
0
-1000
1000
0
0
0
0
0
0
0
0
0
0
1000
-1000
814.576170305482
0
0
642.535299963675
0
0
0
223.545138490863
0
0
0
357.464700036325
133.915388054304
1000
0
998.190607577367
0
0
0
0
0
0
0
0
0
0
0.754404359710717
0
0.00279041559978483
-0.00279041559974758
0.00279041559978483
0.00279041559978483
0
0
0.00279041559974758
0
0
0
0.754404359710747
0
0
-0.00837124679935641
-1000
1.80939242263298
-1000
-1000
1000
814.999653617501
0
0
0
-1000
-1000
-1000
0
0
0
0
0
0
0
0
0
0
0
0
0
0
0
0
0
185.000346382499
0
0
0
0
0
0
0
1000
0
0
0
0
0
0.00139116371931302
0
286.242343613454
0
0
0
0
0
0
0.00279041559978483
0
0
0
0
0
0
0
0
0
0
0
0
0
0
0
0
0
0
0
0
0
0
0
0
1000
0
0
0
0
0
0
0
0
0
0
0
0
0
0
0
0
0
0
0
0
0
0
0
0
0
0
0
0
0
0
0
1.79961585783224
0
0
0
0
0
0
0
0
0
0
0
0
0
0
0
0
0
0
0
0
0
0
0
0
0
0
0
0
0
0
0
0
0
0
0
0
0
0
0
0
0
0
0
0
0
0
0
0
0
0
0
0
0
0
0
0
0
0
0
0
0
0
0
0
0
0
0
0
0
0
0
0
0
0
0
0
0
0
0
0
0
0
0
0
0
0
0
0
0
0
0
0
0
0
0
0
0
0
0
0
0
0
0
0
0
0
0
0
0
0
0
-999.990261853965
0
0.00139116371929049
0
0.0153108890735894
0
0
-0.00973814603514711
0
1000
0.0125285616350084
0
0
0
0
0
0
0
0
0
0
0
0
0
0
0
0
0
0
0
0.00279041559978483
0.00279041559978483
0.00279041559978483
-999.457324827051
0
-1000
0
-1000
-1000
0
0
0
0
0
0
0
1000
1000
0
0
0
0
0
0
0
0
0
0
-1000
0
999.847753782302
-0.152246217697893
-1000
-1000
-1000
-1000
0
1000
0
0
0
0
0
0
0
0
0
-357.460526545167
-1000
0
1000
0.305638129922326
0.00279041559978483
0.00279041559978483
0.00279041559978483
0.00279041559978483
0.00279041559978483
0
0
0
1000
8.33548041896069
0
0
0
0
0.152246217697913
0
0
0
0
0
0
0
0
0
-729.577275680901
0
0
0
0
0
0
0
1000
-1000
0
1000
1000
1000
-1000
0
0
0
0
0
0
0
0
0
0
0
0
0
0
0
0
0
0
0
0
0
0
142.044114680181
0
0
0
0
0
0
0
0.952233431451465
0
0
0
0
0
5.36737374469093
0
0
0
0
0
0
0
0
0
0
0
-1000
0
0
0
0
0
0
0
0
0
0
-1000
0
0
0
0
0
0
0
132.982695585431
1000
-1000
-1000
-1000
-1000
-857.955885319819
0
0.0167101409540738
0
0
0
0
1000
-1000
-1000
1000
247.525302569485
0
0
0
0
999.983257506401
11.2547463498622
0
0
0
0
0.448766229788391
0.448766229788391
0
0
-999.988870690246
0
0
0
0
0
0
0.283274364318253
0
-1000
0
0
0
0
0
0
0
999.047766568548
0.00279041559978483
0
0
0
0
0
0
0
0
1000
-1000
0
0
995.58485968676
0
0
0
-1000
0
0
0
0
-901.596659407849
0
-1000
0
0
0
-1000
-1000
0
0
0
0
-92.7321689829035
0
0
0
0
-996.156322118059
996.156322118059
0
0
0
0
-1000
0
0
0
0
-1000
-1000
0
0
0
1000
0
0
0
0
0.000694570839511658
0
0
0
0
0
0
0
0
998.190607577367
0
1000
0
0
0
0
0
0
0
0
0
0
-1000
1000
0
-1000
1000
-1000
-814.576170305482
1000
0
0
0
0
0
0
0
0
-1000
0
0
-257.816014854894
0.00139116371931302
0.00139116371931302
0
-1000
-144.69399137903
-144.69399137903
406.930476543293
0
0
0
0
0
0
0
0
0
0
0
0
0
0
0
0
0
0
0
0
0
0
0
0
0
0.00279041559974758
0
0
0
0
0
0
0
0
0
0
0
0
0
0
0
0
0
0
0
0
0
0
0
0
0
0
0
0
0
0
0
0
0
0
0
0
0
0
0
0
0
0
0
0
0
0
-1000
0
-1000
0
0
0
0
0
-1000
0
0
0
0
0
0
0
0
0
0
0
-1000
0
0
0
0
0
0
0
0
0
0
0
0
0
1000
0
0
0
1000
0
0
0
0
0
0
0
0
0
0
0
0
0
0
0
0
0
0
0
0
0
0
0
0
0
0
0
0
0
0
0
0
0
0
0
0
0
0
0
0
92.5799227652057
0
0
0
0
0
0
0
0
0
0
0
0
0
0
0
0
0
0
0
0
0
0
0
0
0
0
0
0
0
0
0
0
0
0
0
0
0
0
0
0
0
0
0
0
0
0
0
0
0
0
0
0
0
0
0
0
0
0
0
0
0
0
0
0
0
0
0
0
0
0
0
0
0
0
0
0
0
0
0
0
0
0
0
0
0
0
0
0
0
0
0
0
0
0
0
0
0
0
0
0
0
0
0
0
0
0
0
0
0
0
0
0
0
0
0
0
0
0
0
0
0
0
0
0
0
0
0
0
0
0
0
0
0
0
0
0
0
0
0
0
0
0
0
0
0
-1000
1000
0
0
0
0
0
0
0
0
0
0
0
0
0
0
0
0
0
0
0
0
0
0
0
0
0
0
-302.148610750312
0
783.496896131749
-185.828675518208
-597.541125271132
0
0
0
0
0
663.703147235278
0
0
0
0
964.032622688288
0.0167424935987128
0
0
0
0
0
0
0
0
0
0
0
0
0
0
0
0
0
0
0
0
0
0
0
0
0
-0.769089764321393
0
0
0
0
0
0
0
0
0
0
0
0
0
0
0
0
0
0
0
0
0
0
0
0
0
0
0
0
0
0
0
0
0
0
0
0
0
0
0
0
0
0
0
0
0
0
0
0
0
0
0
0
0
0
0
0
0
0
0
0
0
0
0
0
0
0
0
0
0
0
0
0
0
0
0
0
0
0
0
0
0
0
0
0
0
0
0
0
0
0
0
0
0
0
0
0
0
0
0
0
0
0
0
0
0
0
0
0
0
0
0
0
0
0
0
0
0
0
0
0
0
0
0
0
0
0
0
0
0
0
0
0
0
0
0
0
0
0
0
0
0
0
0
0
0
0
0
0
0
0
0
0
0
0
0
0
0
0
0
0
0
0
0
0
0
0
0
0
0
0
0
0
0
0
0
0
0
0
0
0
0
0
0
0
0
0
0
0
0
0
0
0
0
0
0
0
0
0
0
0
0
0
0
0
0
0
0
0
0
0
0
0
0
0
0
0
0
0
0
0
0
0
0
0
0
0
0
0
0
0
0
0
0
0
0
0
0
0
0
0
0
0
0
0
0
0
0
0
0
0
0
0
0
0
0
0
0
0
0
0
0
0
0
0
0
0
406.930476543293
0
0
0
0
0
0
0
0
0
0
-1000
0
0
0
0
0.00279041559974758
-986.268941114941
0
0
0
0
0
0
0
0
0
0
0
0
0
0
0
0
0
0
0
0
0
0
0
0
0
0
0
0
0
0
0
0
0
0
0
0
0
0
0
0
0
0
0
0
0
0
0
0
0
0
0
0
0
0
0
0
0
0
0
0
0
0
0
0
0
0
0
0
0
0
0
0
0
0
0
0
0
0
0
0
0
0
0
0
0
0
0
0
0
0
0
0
0
0
0
0
0
0
0
0
0
0
0
0
0
0
0
0
0
0
0
0
0
0
0
0
0
0
0
0
0
0
0
0
0
0
0
0
0
0
0
0
0
0
0
0
0
0
0
0
0
0
0
0
0
0
0
0
0
0
0
0
0
0
0
0
0
728.452926260047
0
0
0
0
0
0
0
0
1000
0.00279041559974758
0
0
-596.056038760206
1000
0
0
0
0
0
0
0
0
0
0
0
0
0
0
0
1000
0
-1000
0
0
1000
0
0
0
0
0
0
0
0
0
0
0
0
0
0
0
0
0
0
0
0
0
0
0
0
0
0
0
0
0
0
0
0
0
0
0
0
0
0
0
0
0
0
0
0
0
0
0
0
0
0
0
0
0
0
0
0
0
0
0
0
0
0
0
0
0
0
0
0
0
0
0
0
0
0
0
0
0
0
0
0
0
0
0
0
0
0
0
0
0
0
0
0
0
0
0
0
0
0
0
0
0
0
0
0
0
0
0
0
0
0
0
0
0
0
0
0
0
0
0
0
0
0
0
0
0
0
0
0
0
0
0
0
0
0
0
0
0
0
0
0
0
0
0
0
0
0
0
0
0
0
0
0
0
0
0
0
0
0
0
1000
500
67.4013429899718
0
0
-0.754404359710747
0
0
359.754668208974
14.9091770693818
32.5885493356513
0.0808816115879661
67.4013429899718
0
0
0
0
0
0
0
0
0
0
0
0
0
0
0
0
0
0
0
0
0
0
0
0
0
779.270151353722
-1000
0
-1000
133.916771129862
0
0
0
-1000
0
0
0
0
0
-380.615544244781
0
0
0
0.00279041559978483
0
0
0
0
0
0
0
0
0
0
0
0
0
0
0
0.769089764321393
0
142.044114680181
0
92.5799227652055
0
0
465.466559109317
-72.8878767228756
-3.19717057165622
-8.28061895357018
-16.2335595380603
-33.1060534770611
-25.9608674372987
-8.10713126678115
-1000
-20.5113104634033
-3.55818429778355
-24.2824156036924
-1000
-1000
0
0
0
0
0
-1000
748.393248132874
-13.5299063170393
-798.883651457804
-10.2878747586844
-7.1896574458674
-18.4683218363029
569.367105385997
847.501571675597
-1000
0
364.038070145123
-906.436524125469
0
0
1000
1000
0
999.859869237857
-1000
0
0
0
0
0
0
1000
-866.080438454538
0
0
0
0
0
-1000
0
0
0
0
0
0
0
0
-0.00279041559974758
-0.00279041559974758
0
0
0
0
0
0
0
0
0
0
0
0
0
0
0
0
0
1000
0
11.5508849345036
0
0
1000
622.208636731788
247.525302569485
-0.00279041559974758
-0.00279041559974758
0
0.539884757349682
0
0
-0.00279041559974758
0
-0.00279041559974758
0
0
-500
-0.00279041559974758
0
0
1000
-0.00279041559974758
0
0
0
0
0
-0.00279041559974758
0
0
0
0
0
728.452926260047
0
0
0
0
0
1000
0
0
0
0
0
0
-749.274997285625
999.9972095844
0
0
0
-1000
0
1000
0
0
-0.00279041559974758
0
0
0
0
439.441715093124
0
0
0
0
0
0
0
0
0
35.9478444025142
-2.80867462360084
0
-1000
-1000
500
0
0
0
1000
1000
0
0
0
1.89903014268873
0
0
0
0
-93.5634758745309
0
1000
0
280.279142453438
-1000
0
-265.153916293057
719.720857546562
355.641996949507
0
0
593.352547976422
-999.9972095844
0
0
0
465.456820963282
0
-25.2436443544349
0
0
0
-1000
-1000
0
0
0
0
0
-0.0390092012688683
0
0
0
0
-596.598713933156
1000
-1000
0
0
0
0
0
0
0
-1000
-1000
-4.26295970062404
0
0
-465.456820963282
0
0
0
0
0
0
0
0
1000
0
-0.530071346342879
-0.152246217697893
-41.2206634417098
-501.281417819597
-2.24563171104421
-15.9512762902956
-1.44633906813021
-8.18323420126285
-4.37707875881495
-0.152246217697893
0
0
430.059232343982
0
-0.152246217697893
0
-0.304492435395787
-0.152246217697893
0
-143.147899758491
0
-0.152246217697893
-57.0155139570287
-58.9573478035167
0
-11.2547463498622
0
0
-0.283274364318231
-0.152246217697893
0
0
-0.152246217697893
-0.152246217697893
-0.152246217697893
-0.152246217697893
0
0
-9.51538860611959
0
0
0
-1000
1000
0
0
-1000
1000
-0.00279041559974758
0
1000
-1000
0
0
0
-1000
0
0
0
0
0
0
0
0
0
0
0
0
0
0
0
0
0
0
0
257.816014854895
-257.816014854894
1000
-1000
-1000
0
-1000
-1000
0
0
0
-0.152246217697893
-0.152246217697893
0
0
0
0
0
0
-597.668220613541
597.541125271132
964.032622688288
0.0167424935987128
0
0
0
0
0
1000
0
0
0
0
-0.769089764321393
0
0
0
0
0
0
0
0
0
0
0
0
0
0
0
0
0
0
0
0
0
0
0
0
0
0
0
0
0
0
0
0
0
0
0
0
0
0
0
0
0
0
0
0
0
0
0
0
0
0
0
0
0
0
0
0
0
0
0
0
0
0
0
0
0
0
-0.152246217697893
0
0
0
0
0
0
0
0
0
0
0
0
0
0
0
0
0
0
0
0
0
0
0
0
0
0
0
0
0
0
0
0
0
0
0
0
0
0
0
0
0
0
0
0
0
0
0
0
0
0
0
0
0
0
0
0
0
0
0
0
0
0
0
0
0
0
0
0
0
0
0
0
0
0
0
0
0
0
0
0
0
0
0
0
0
0
0
0
0
0
0
0
0
0
0
0
0
0
0
0
0
0
0
0
0
0
0
0
0
0
0
0
0
0
0
0
0
0
0
0
0
0
0
0
0
0
0
0
0
0
0
0
0
0
0
0
0
0
0
0
0
0
0
0
0
0
0
0
0
0
0
0
0
0
0
0
0
0
0
0
0
0
0
0
0
0
0
0
0
0
0
0
0
0
0
0
0
0
0
0
0
0
0
0
0
0
0
0
0
0
0
0
0
0
0
0
0
0
0
0
0
0
0
0
0
0
0
0
0
0
0
0
0
0
0
0
0
0
0
0
0
0
0
0
0
0
0
0
0
0
0
0
0
0
0
0
0
0
0
0
0
0
0
0
0
0
0
0
0
0
0
0
0
0
0
0
0
-728.452926260047
0
1000
0
1000
986.268941114941
0
0
0
0
0
0
0
0
0
0
0
0
0
0
0
0
0
0
0
0
0
0
0
0
0
-1000
0
-403.943961239794
-0.00279041559974758
0
0
0
0
0
0
0
0
1000
0
0
0
0
0
-1000
0
0
0
0
0
0
0
0
0
0
0
0
0
0
0
0
0
0
0
0
0
0
0
0
0
0
0
0
0
0
0
0
0
0
0
0
0
0
0
0
0
0
0
0
0
0
0
0
0
0
0
0
0
0
0
0
0
0
0
0
0
0
0
0
0
0
0
0
0
0
0
-0.152246217697893
-0.152246217697893
-0.152246217697893
0
-0.152246217697893
-0.304492435395787
0
-0.152246217697893
-0.152246217697893
-0.152246217697893
-0.152246217697893
0
-0.304492435395787
-0.152246217697893
-0.152246217697893
-0.152246217697893
-0.152246217697893
0
-0.152246217697893
0
-0.152246217697893
-0.152246217697893
-0.152246217697893
0
-1000
67.4013429899717
0
377.791363268212
0
0
0
0
0
0
0
0
0
0
0
