0
0
0
0
0
0
0
304.739889577167
-1000
0
1000
0
0
599.218946347293
1000
0
999.716055950792
-999.716055950792
999.934832513296
0
0.0651674867035556
0
-1000
0.409624202136683
0
1000
398.051064500975
0
-273.986006885035
0.0288300422045306
0
0
0
0
0
0.0319030901814511
0
0
0
39.106268428105
0
0
0
0
0
0
0
0
0
0
0
0
0
0
0
0
0
0
0
0
0
0
0
0
0
0
0
0
273.986006885035
0
0
0
0
1000
1000
0
0
0
0
273.986006885035
0
-1000
0
0
0
0
0
0
0
0
0
0
0
0
0
0
0.00398572012044202
0.00398572012045406
0
1000
0
0
0.00398572012045406
-0.00398572012045406
0
0
0
-0.00398572012045406
0
0
0
0
0
0
0
54.280994204892
0
414.519246741762
0
0
0
0
0
0
0
0
0
0
0
0
0
0
0
0
695.260110422833
0
0
1000
0
0
0
0
0
0
1000
0
0
0
0
-16.3148579207187
0
0
0
0
-1000
0
0
0
-604.853543477812
0
0
798.375945746758
1000
1000
201.614744612285
0
0
0
-1000
201.614744612285
800.833690959577
1000
-400.781053652707
0
0
1000
0
0
0
0
0
292.618887422727
-1000
0
0
0
0
0
-4.38413328132197
0
0
0
0
0
0
0
749.20523850269
-1000
0
0
0
1000
0
0
0
0
0
0
0
0
0
0
-4.38878810180086
0
-999.995345179521
449.226653371556
0
0
0
0
0
0
0
0
0
414.235302692554
744.816450400889
0
0
-1000
0
998.714749671307
0.514100131477221
0
0
0
0
0.771150197215956
0
4.38878810180086
0
0
0
-1000
0
1000
0
0
0
0
0
0
0
0
0
0
-1000
0
499.416989752118
1000
-1000
-1000
1000
-176.360330494365
2.061055346388
-1000
1000
-1.07756157745109
-0.514100131477335
-2.41082924351804
0
-1000
587.455712236353
1000
-0.771150197216002
1000
0
0
1000
0
0.200157280589492
0
-0.200157280589451
0
0.00198708365424935
0
0
0
0
0
0
0
0
0
0
498.169673081438
0
0
0
0
0
0
-1000
0
1000
0.523409772434955
0
0
1000
0
-0.200157280589451
0
-0.771150197216002
0
0
0.771150197216002
2.41082924351804
0
0
0
0
0
0
-1000
0
0
0
-1000
0.771150197216002
0
-1000
-1.07756157745109
0
0.00398572012045406
0
0
0
0
0
0
0
0
0
0
0
1000
0
0
0
2.57050065738652
0
10.8211338535672
0
0
0
0
0
0
0
0
1000
707.806375599847
1000
1.71571195263834
-1000
1000
1000
500.112627882269
-1000
-1000
1000
-1000
1000
-1000
0
0
-1000
0
0
0
0
-1000
0
0
-1000
-587.455712236353
-1000
1000
0
1000
1000
1000
0
0
0
0
0
0
1.07756157745106
-588.534577840531
1000
1000
0
1000
-1000
-0.514100131477335
0
-1000
-1000
1000
1000
0
-1000
1000
-1000
-1000
1000
0
169.742987639482
-1000
413.82953809234
-1000
1000
1000
0
0
0
-1000
1000
0
0
0
-749.20523850269
0
0
0
-1000
1000
0
0
0
-32.7971622977439
0
0
0
0
0
0
0
0
466.933657934645
0
463.94627427035
0
466.933657934645
0
0
0
0.00398572012044202
0
1000
-0.00398572012045406
-999.99601427988
0
999.99601427988
0
0
0
0
0
0
0
0
0
0
0
0
0
0
0
0
0
0
0
0
0
0
1000
0
0
0
0
0
-1000
1000
0
0
0
0
0
0
0
0
0
0
0
1000
-0.00398572012045406
0.116370511970672
0.116370511970672
0
-379.763844746485
0
0
0
0
0
0
0
0
0
0
0
36.0570307965997
0
0
0
0
-585.476767538118
-1000
0
0
0
0
0
0
0
0
0
0
0
0
0
0
0
0
0
0
0
0
0
0
0
0
0
0
0
0
0
0
0
0
0
0.181537998674191
0
0
0
-1000
0
0
0
0
0
0
1000
0
0
0
0
0
0
0
0
0
0
0
0
0
0
0
0
0
0
0
0
0
0
0
0
0
0
0
0
768.50828238353
0
0
0.181537998674191
0
0
0
0
0
0
0
0
0
980.861886113996
0
0
0
0
0
0
0
0
0
0
0
0
0
0
0
0
0
0
0
0
0
0
0
0
0
0
0
0
0
0
0
0
0
-1000
0
0
0
0
0
0
0
0
0
0
0
0
0
0
0
0
0
0
0
0
0
0
0
0
0
0
0
0
0
0
0
0
0
0
0
0
0
0
0
1000
0
463.950929090829
0
0
0
1000
0.842522506667398
0.842522506667398
0
0
0
0
0
0
0
0
0
0
0
0
0
0
0
0
0
0
0
0
0
0
0
0
0
0
0
-1000
0
0
0
0.00398572012045406
0
0
-1000
0
0
0
0
2.42050664898921
0
0
2.42050664898921
0
0
0
0
0
0
0
0
0
0
2.42050664898921
0
2.42050664898921
0
0
0
14.4394504858538
41.1601417764017
26.3096037322318
19.2697292960682
28.5705853029704
9.40362789648128
21.9931843699125
40.2351947701904
37.0492661932404
11.7159954120095
22.7125875969657
46.8125957032483
36.9464943036614
11.4076797432724
18.9100276825416
26.2068318426527
33.9661095058695
27.4914804623906
5.03582258937249
34.2744251746066
0
0
0
0
0
0
0
0
0
0
0
0
0
0
0
0
0
0
0
0
0
0
0
0
0
0
0
0
0
0
0
0
0
0
0
0
0
0
0
0
0
0
0
0
0
0
0
0
0
0
0
0
0
0
0
0
0
0
0
0
0
0
0
0
0
0
0
0
0
0
0
0
0
0
0
0
0
0
0
0
0
0
0
0
0
0
0
0
0
0
0
0
0
0
0
-1000
0
0
0
0
36.0570307965997
-706.712871141915
-706.712871141915
1000
1000
83.20441532429
0
0
0
0
0
0
-32.7971622977439
-497.89123560329
-83.3719888615278
-1000
0
-414.523232461882
0
-414.653567435289
1000
83.2137249652476
1000
1000
0
0
1000
0
-1000
-1000
-1000
0
0
585.476767538118
0
585.476767538118
414.523232461882
1000
1000
1000
0
0
0
1000
0
0
0
0
-1000
293.275171697724
1000
1000
0
500
0
2.51792996413602
5
0
0
0
0
1.09853763300259
0
76.1849723942917
0
207.215914658917
0
0.0953888641695357
0
3.17167973363894
-0.0953888641695357
-0.0953888641695357
0.0953888641695357
0
471.984312025124
297.368336071992
0.0953888641695357
-0.0953888641695357
-0.0953888641695357
0
-5.9570817987177
-0.0953888641695357
5.96180401059951
0
-1000
-0.190777728339185
-0.0953888641695357
0
0
0
0
0
0
0
0
0
0
0
0
0
0
0
0
0
-0.00472221188181265
0
0
0
0
0
0.0109347365043959
0
0
0
0
0
0
0
0
-0.0109347365043959
0
0
0
0
0
0
0
0
0
0
0
0
0
0
0
0
0
0
0
0
0
0
0
0
0
0
0
0
0
0
0
0
0
0
0
0
0
0
0
0
0
0
0.00472221188181265
0
0
0
0
0
0
0
0
0
0
0
0
0
0
0
0
0
0
0
0
0
0
0
0
0
0
0
0
0
0
0
0
0
0
0
0
0
0
0
0
0
0
0
0
0
0
0
0
0
0
0
0
0
0
0
0
0
0
0
0
0
0
0
0
0
0
0
0
0
0
0
0
0
0
0
0
0
0
0
0
0
0
0
0
0
0
0
0
0
0
0
0
0
0
0
0
0
0
0
0
0
0
0
0
0
0
0
0
0
0
0
0
627.242284861958
0
0
0
0
0
0
0
0
0
0
0
0
0
0
0
0
0
0
0
0
0
0
0
0
0
0
0
0
0.0953888641695919
0.0953888641695919
207.406692387256
5.22254031328515
0
0
5.96180401059949
0
0
0
0.0953888641695919
0
0.0953888641695919
0
0
0
0
0
0
0
0
0
0
0
0
0
0
0
0
0
0
0
0
0
0
0
0
0
0
0
0
0
0
0
0
0
0
0
0
0
0
0
0
0
0
0
0
0
0
0
0
0
0
0
0
0
0
0
0
0
0
0
0
0
0
0
0
0
0
0
0
0
0
0
0
0
0
0
0
0
0
0
0
0
0
0
0
0
0
0
0
0
0
0
0
0
0
0
0
0
0
0
0
0
0
0
0
0
0
0
0
0
0
0
0
0
0
0
0
0
0
0
0
0
0
0
0
0
0
0
0
0
0
0
0
0
0
0
0
0
0
0
0
0
0
0
0
0
0
0
0
0
0
0
0
0
0
0
0
0
0
0
0
0
0
0
0
0
0
0
0
0
0
0
0
0
0
0
0
0
0
0
0
0
0
0
0
0
0
0
0
0
0
0
0
-1000
0
0
0
0
0
0
0
0
0
0
0
0
0
0
0
0
0
0
0
0
0
0
0
0
0
0
0
0
0
0
0
0
0
0
0
0
0
0
0
0
0
0
0
0
0
-0.00497348554154087
0
0
0.00497348554154087
0
0
0
0
0
0
0
0
0
0
0
0
0
0
0
0
0
0
0
0
0
0
0
0
0
0
0
0
0
0
0
0
0
0
0
0
0
0
0
0
0
0
0
1000
1000
0
0
0
0
0
0
0
0
0
0
0
0
0
0
0
0
0
-1000
0
-1000
0
0
0
0
0
0
0
1000
1000
0
0
0
0
0
0
0
0
0
0
0
0
0
0
0
0
0
0
0
0
0
0
0
0
0
0
0
0
0
0
0
0
0
0
0
0
0
0
0
0
0
0
0
0
0
0
0
0
0
0
0
0
0
0
0
0
0
0
0
0
0
0
0
0
0
0
0
0
0
0
0
0
0
0
0
0
0
0
0
0
0
0
0
-582.907253803406
-24.8105823421885
0
0
0.0953888641695357
0
-789.230850150766
0
0
207.311303523086
0
789.135461286597
-0.0953888641695357
292.145795758707
0
0
0
0.00472221188181265
0.0953888641695357
0
0
1000
0
0
0
0
0
0
0
0
0
0
0
0
0
-1000
0.00472221188181265
0
0
0
-0.0109347365043959
0
0
0
0
0
0
0
0.0109347365043959
0
0
0
0
0
76.1849723942917
1000
-582.907253803406
0
0
0
-541.944307770311
-999.976085679277
-0.0239143207226107
0
0
0.0953888641695357
-0.0953888641695357
0
0
210.769149849234
-210.769149849234
-1000
0
0
0
-207.311303523086
-207.311303523086
-1000
0
-210.864538713403
-789.135461286597
-1000
0
-707.854204241293
-292.145795758707
-1000
0
0
0
0
0
-1000
0
1000
0
0
0
0
0
-1000
0
0
0
-1000
0
0
0
1000
0
0
0
0
0
0
0
0
0
0
0
0
0
0
0
0
0
0
0
-1000
1000
-1000
0
-1000
0
-1000
0
-1000
0
0
0
0
0
0
0
0
0
1000
0
-1000
0
-1000
0
1000
0
-1000
0
-1000
0
0
0
0
0
0
0
0
0
0
-771.445082817125
-228.554917182875
76.1849723942917
-76.1849723942917
0
0
0
0
0
0
0
0
0
0
0
0
0
0
0
0
0
0
0
0
0
0
0
0
0
0
0
0
0
0
0
0
0.00472221188181265
-0.00472221188181265
0
0
0
0
0
0
0
0
0
0
0
0
0
0
0
0
0
0
0
0
0
0
0
0
0
0
0
0
0
0
0
0
0
0
0
0
0.00472221188181265
-0.00472221188181265
0
0
0
0
0
0
0.0109347365043959
0.0109347365043959
0
0
0
0
0
0
0
0
0
0
0
0
0
0
0
0
-0.0109347365043959
-0.0109347365043959
0
0
0
0
0
0
0
0
0
0
0
0
0
0
0
0
0
0
0
0
0
0
0
0
0
0
0
0
0
0
0
0
0
0
0
0
0
0
0
0
0
0
0
0
0
1.30542538928359
0.00398572012044202
0
0
0
0
0
0
0
0
0.164250178335355
0
0
0
0
0
0
0
0
0
0
0
0
0
0
0
0
0
0
0
0
0
0
0
0
0
0
0
0
0
0
0
0
0
0
0
0
0
0
0
0
0
0
0
0
0
0
0
0
0
0
0
0
0
0
0
0
210.769149849234
210.769149849234
210.769149849234
0
0
0
0
0
0
0
0
0
0
0
0
0
0
0
0
0
0
0
0
0
0
0
0
0
0
0
0
0
0
0
0
0
0
0
0
0
0
0
0
0
0
0
0
0
0
0
0
0
0
0
0
0
0
0
0
0
0
0
0
0
0
0
0
0
0
0
0
0
0
0
0
0
0
0
0
0
0
0
0
0
0
0
0
0
0
0
0
0
0
0
0
0
0
0
0
0
0
0
0
0
0
0
0
0
0
0
0
0
0
0
0
207.311303523086
207.311303523086
207.311303523086
207.311303523086
-207.311303523086
0
0
0
0
0
0
0
0
0
0
0
0
0
0
0
0
0
0
0
0
0
0
0
0
0
0
0
0
0
0
0
0
0
0
0
0
0
0
0
0
0
0
0
0
0
0
0
0
0
0
0
0
0
0
0.00398572012044202
0.00398572012044202
0.00398572012044202
0.00398572012044202
0.00398572012044202
0
0
0
0
0
0
0
0
0
0
0
0
0
0
0
0
0
0
0
0
0
0
0
0
0
0
0
0
0
0
0
0
0
0
0
0
0
0
0
0
0
0
0
0
0
0
0
0
0
16.3148579207188
16.3148579207188
-16.3148579207187
5.42898595995856
-2.71250011991901
2.71250011991906
2.71250011991906
2.71250011991906
0
0
0
0
0
0
0
0
0
0
0
0
0
0
0
0
0
0
0
0
0
2.71250011991906
2.70455178530206
2.71250011991906
2.71250011991906
2.71250011991906
2.71250011991906
2.71250011991906
2.71250011991906
2.71250011991906
2.71250011991906
2.71250011991906
2.71250011991906
2.71250011991906
2.71250011991906
2.71250011991906
2.71250011991906
2.71250011991906
2.71250011991906
16.3148579207188
16.3148579207188
5.42898595995856
5.42898595995856
0
0
0
0
0
0
0
0
0
0
0
0
0
0
0
0
0
0
0
0
0
0
0
0
0
0
0
0
0
0
0
0
0
0
0
0
0
0
0
0
0
0
0
0
0
0
0
0
0
0
0
0
0
0
0
0
0
0
0
0
0
0
0
0
0
0
0
0
0
0
0
0
0
0
0
0
0
0
0
0
0
0
0
0
0
0
0
0
0
0
0
0
0
0
0
0
0
0
0
0
0
0
0
0
0
0
0
0
0
0
0
0
0
0
0
0
0
0
0
0
0
0
0
0
0
0
0
0
0
0
0
0
0
0
0
0
0
0
0
0
0
0
0
0
0
0
0
0
0
0
0
0
0
0
0
0
0
0
0
0
0
0
0
0
0
0
0
0
0
0
0
0
0
0
0
0
0
0
0
0
0
0
0
0
0
0
0
0
0
0
0
0
1.30542538928359
235.743636553895
235.743636553895
0
4.06180308896335
4.06180308896335
0
-239.805439642859
239.805439642859
4.06180308896335
0
234.438211164612
0
0
234.438211164612
0
4.06180308896335
0
4.06180308896335
4.06180308896335
0
0
0
0
0
0
0
0
0
0
0
0
0
0
0
0
0
0
0
0
0
0
0
0
0
0
0
0
0
0
0
0
0
0
0
0
0
0
0
0
0
0
0
0
0
0
0
0
0
0
0
0
0
0
0
0
0
0
0
0
0
0
0
0
0
0
0
0
0
0
0
0
0
0
0
0
0
0
0
0
0
0
0
0
0
0
0
0
0
0
0
0
0
0
0
0
0
0
0
0
0
0
0
0
0
0
0
0
0
0
0
0
0
0
0
0
0
1.30542538928359
0.00398572012044202
0
0
0
0
0
0
0
1.718561646251
0
0
0
1.07756157745106
1.07756157745106
1.07756157745106
0
0
0
0
0
0
1.47366128773939
0
0
0
0.00398572012044202
0
0
0
0
-1.47366128773945
1.47366128773939
0
0
0
0
0
0
0
0
0
0
0.268768467986483
0
0.244900358511604
0
0
0
0
0
0
0
0
0
0
12.0150245454128
12.0150245454128
12.0150245454128
0
0
0
0
-0.164250178335351
0
0
0
0
0
0
0
0
0
0
0
0
0
0
0
0
0
0
0
0
0
0
0
0
0
0
0
0
0
0
0
0
0
0
0
0
0
0
0
0
0
0
0
0
0
0
0
0
0
0
0
0
0
0
0
0
0
0
0
0
0
0
0
0
0
0
0
0
0
0
0
0
0
0
0
0
0
0
0
0
0
0
0
0
0
0
0
0
0
0
0
0
0
0
0
0
0
0
0
0
0
0
0
0
0
0
0
0
0
0
0
0
0
0
0
0
0
0
0
0
0
0
0
0
0
0
0
0
0
0
0
0
0
0
0
0
0
0
0
0
0
0
0
0
0
0
0
0
0
0
0
0
0
0
0
0
0
0
0
0
0
0
0
0
0
0
0
0
0
0
0
0
0
0
0
0
0
0
0
0
0
0
0
0
0
0
0
0
0
0
0
0
0
0
0
0
0
0
0
0
0
0
0
0
0
0
0
0
0
0
0
0
0
0
0
0
0
0
0
0
0
0
0
0
0
0
0
0
0
0
0
0
0
0
0
0
0
0
0
0
0
0
0
0
0
0
0
0
0
0
0
0
0
0
0
0
0
0
0
0
0
0
0
0
0
0
0
0
0
0
0
0
0
0
0
0
0
0
0
0
0
0
0
0
0
0
0
0
0
0
0
0
0
0
0
0
0
0
0
0
0
0
0
0
0
0
0
0
0
0
0
0
0
0
0
0
0
0
0
0
0
0
0
0
0
0
0
0
0
0
0
0
0
0
0
0
0
0
0
0
0
0
0
0
0
0
0
0
0
0
0
0
0
0
0
0
0
0
0
0
0
0
0
0
0
0
0
0
0
0
0
0
0
0
0
0
0
0
0
0
0
0
0
0
0
0
0
0
0
0
0
0
0
0
0
0
0
0
0
0
0
0
0
0
0
507.45024203896
0
507.45024203896
0
0
0
0
0
0
0
0
0
0
0
0
0
0
0
0
0
0
0
0
0
0
0
0
0
0
0
1000
0
0
0
0
0
0
0
0
0
0
0
0
0
0
0
0
0
0
0
0
0
0
0
0
0
0
0
0
0
0
0
0
0
0
0
0
0
0
0
0
0
0
0
0
0
0
0
0
0
0
0
0
0
0
0
0
0
0
0
0
0
0
0
0
0
0
0
0
0
0
0
0
0
0
0
0
0
0
0
0
0
0.181537998674191
0.181537998674191
0
0
0
0
0.18153799867423
0
0.181537998674191
-246.465239320777
0
0
0
0
0.0279289228729524
0
0
0
0
0
0
246.465239320777
0
0
0
0
0
0
0
0
0
0
0
0
0
0
0
0
0
0
0
0
0
0
0
0
0
0
0
0
0
0
0
0
0
0
0
0
0
0
0
0
0
0
0
0
0
0
0
0
0
0
0
0
0
0
120.950081596274
120.950081596274
0
0
0
0
0
0
0
0
0
0
0
0
0
0
0
0
0
0
0
0
0
0
0
0
0
0
0
0
0
0
0
0
0
0
0
0
0
0
0
0
0
0
0
0
0
0
0
0
1000
-999.228849802784
1000
0
0
0
-1000
-1000
1000
216.250221884706
403.214783171594
0
0
-1000
1000
0
0
0
0
0
0
0
0
0
0
0
0
0
0
0
0
0
0
0
0
0
0
0
0
0
0
0
0
0
0
0
0
0
0
0
0
0
0
0
0
1000
0
0
1000
0
0
0
0
0
0
0
0
0
0
0
0
0
0
-999.99601427988
-1000
1000
-1000
1000
999.99601427988
-1000
0
0
0
0
0
0
0.00398572012045406
0
0
0
0
0
0
0
0
0
0
0
0
0
0
0
0
0
0
0
0
0
0.0159082220459381
0
0.00398572012044202
0.0238681094748789
1000
0.00198708365424935
0.00198708365424935
0.00398572012045406
0
0.0139211383916888
0.00198708365424935
0.0298409132495506
-0.00198708365428502
0.00198708365424935
0.00198708365424935
0.00198708365424935
0.00198708365424935
0.00198708365424935
-0.00198708365428502
-0.00397416730845634
-0.00597280377473908
0.00198708365424935
0.00198708365424935
0.00198708365428502
0.00198708365424935
-0.00597280377473908
-0.00198708365428502
0.00398572012045406
0.00198708365424935
0.00198708365424935
0.00398572012044202
0.00398572012044202
-0.00398572012045406
-0.00398572012045406
0.00398572012045406
0.00398572012045406
0.00198708365424935
0.00198708365424935
0.00198708365424935
0.00198708365424935
0.0437851572651198
-0.00597280377473908
-999.972146170405
0
0
0
0
0
0
-1000
0
0
0
0.00398572012044202
0
0
0
0
0.00199286006022101
0.00398572012045406
0.00398572012045406
0
0.00398572012044202
0
0
0
0
0
-0.00398572012045406
0
0
0.00794833461699072
0.00198708365424935
0.00596125096274806
0.00198708365424935
-0.00198708365428502
0.00198708365424935
0.00198708365424935
0.00198708365424935
0.00198708365424935
0.00198708365424935
0.00198708365424935
0.00397416730849871
0.00198708365424935
0.00198708365424935
0.00198708365424935
0.00198708365424935
0.00198708365424935
0
0.00198708365424935
0
0
0
0
0
0
0.00398572012044202
0.00398572012044202
0.00398572012044202
0.00398572012044202
0.00398572012044202
0.00398572012044202
0.00398572012044202
0.00398572012044202
0
0
0
0
0
0
0.00398572012044202
0.00398572012044202
0.00398572012044202
0.00398572012044202
0.00398572012044202
0.00398572012044202
-0.00398572012045406
0
0
0
0
0
0
0
0
0
0
0
0
0
0
0
0
0
0
0
0
0
0
0
0
0
0
0
0
0
0
0
0
0
0
0
0
0
0
0
0
0
0
0
0
0
0
0
0
0
0
0
0
0
0
0
0
0
0
0
0
0
0
0
1000
152.369944788583
36.0570307965997
0
0
0
0
0.00398572012044202
0
0
0
0
0
0
0
0
0
0
0
76.8329477914147
1000
0
0
0
0
0
0
0
0
0
0
0
0
0
-519.155611582426
0
-1.09853763300259
0
-76.1849723942917
0
-207.215914658917
0
0
0
0.0953888641695919
0
0
0
0
0
0
0
0
0
0.0953888641695919
0
0
419.043492411001
0
0
0
0
0.190777728339184
0
0
0
0.0953888641695919
0
41.6802114302298
0
0
0
0
0
36.8439487855049
0
0.0953888641695919
0
0.286166592508776
0
0
0
0.0953888641695919
0
0.0953888641695919
0
0.0953888641695919
0
0.0953888641695919
0
0.0953888641695919
0
0.0953888641695919
0
0.0953888641695919
0
0.0953888641695919
0
0.0953888641695919
0
0.0953888641695919
0
0.0953888641695919
0
0.0953888641695919
0
0.0953888641695919
0
0.0953888641695919
0
0.0953888641695919
0
0.0953888641695919
0
2.00316614756143
0
0.600902612941777
0
2.74242984487577
0
2.76627706091816
0
1.40698574650148
0
0.0953888641695919
0
0.0953888641695919
0
6.61859132328229
0
0.0953888641695919
0
0.0953888641695919
0
0.0953888641695919
0
0.0953888641695919
0
45.6674187211921
0
0.691569265229541
0
5.12715144911556
0
25.826534973917
0
0.344795761097915
0
0.0953888641695919
0
0.0953888641695919
0
0.906194209611123
0
0.0953888641695919
0
0.0953888641695919
0
0.0953888641695919
0
-1000
0
0
234.438211164612
0
0
0
0
0
0
-1000
-1000
-1000
0
0
-700.025400588987
1000
-255.183549599111
0
119.476420308535
-498.169673081438
-1000
-1000
0
0
1000
0
0
0
0
0
492.08062876391
1000
0
0
0
0
1000
1000
-0.00398572012045406
0
0
-3.48839082096913
1000
1000
0
0
0
0.028830042204504
1000
-1000
-1000
-4.38878810180086
-995.61519761832
0
1000
1000
1000
-1000
0
0
1000
1000
178.940421431546
-1000
0
1000
0
0
-747.829433782537
43.9923473200057
1000
1000
0
0
0
0
-36.0570307965997
-1000
0
0
0
0
0
0
0
0
0
0
0
1000
0
0
0
0
0
1000
1000
0
0
0
1000
0
0
0
0
0
0
730.634687284554
0
0
424.074506683472
-553.413059288574
-1000
-1000
1000
-1000
-1000
-1000
1000
1000
-1000
-547.994972454442
1000
-1000
-1000
-1000
-1000
1000
-1000
1000
1000
-1000
-1000
-1000
-1000
1000
1000
1000
1000
1000
1000
1000
-1000
-1000
-1000
-1000
-1000
-1000
-1000
-1000
-1000
1000
-1000
-1000
-1000
-1000
-33.4568037913486
-1000
-1000
-1000
-1000
-1000
-1000
1000
1000
-1000
-1000
-1000
-1000
-1000
-1000
-1000
-1000
-988.420091899011
-1000
-1000
-1000
-1000
952.712612607912
-1000
-1000
-1000
-1000
1000
1000
-1000
-1000
-1000
-1000
11.579908100989
-1000
1000
988.420091899011
-1000
-1000
1000
1000
1000
-1000
-985.305203488169
1000
1000
1000
-1000
1000
1000
1000
-976.812620714194
-1000
-1000
-1000
-1000
-1000
-1000
969.094504757197
834.849588048649
-1000
-1000
1000
1000
1000
1000
1000
1000
1000
1000
-1000
-1000
1000
-26.3794260394142
-1000
-936.539089863038
-1000
-1000
1000
0
999.99601427988
1000
0
0
0
0
0
0
0
0
0
0
0
0
0
0
0
0
0
0
0
0
0
0
0
0
0
0
0
0
0
0
0
0
0
0
0
0
0
0
0
0
0
0
0
0
0
0
0
0
0
0
0
0
0
0
0
0
0
0
0
0
0
0
0
0
0
0
0
0
0
0
0
0
0
0
0
0
0
0
0
0
0
0
0
0
0
0
0
0
0
0
0
0
0
0
0
0
0
0
0
0
0
0
0
0
0
0
0
0
0
0
0
0
0
0
0
0
0
0
0
0
0
0
0
0
0
0
0
0
0
0
0
0
0
0
0
0
0
0
0
0
0
0
0
0
0
0
0
0
0
0
0
0
0
0
0
0
0
0
0
0
0
0
0
0
0
0
0
0
0
0
0
0
0
0
0
0
0
0
0
0
0
0
0
0
0
0
0
0
0
0
0
0
0
0
0
0
0
0
0
0
0
0
0
0
0
0
0
0
0
0
0
0
0
0
0
0
0
0
0
0
0
0
0
0
0
0
0
0
0
0
0
0
0
0
0
0
0
0
0
0
0
0
0
0
0
0
0
0
0
0
0
0
0
0
0
0
0
0
924.715364479658
0
0
0
0
0
0
0
0
0
0
0
0
0
0
0
0
0
0
0
0
0
0
0
0
0
0
0
0
0
0
0
0
0
0
0
0
0
0
0
0
0
0
0
0
0
0
0
0
0
0
0
0
0
0
0
0
0
0
0
0
0
0
0
0
0
0
1000
1000
1000
1000
1000
1000
0
-1000
-1000
-1000
1000
-1000
1000
1000
1000
1000
-1000
-1000
1000
-1000
1000
0
-1000
-502.712500119919
-1000
1000
-1000
-480.788669205571
1000
-1000
1000
-1000
-1000
-1000
-1000
0
1000
-1000
-1000
-1000
-1000
1000
-1000
-1000
-1000
1000
-1000
0
-1000
-1000
-1000
-1000
-0.0557192120026002
0.0557192120026002
-1000
0
0
0
0
0
0
0
0
0
0
0
0
0
0
0
0
-1000
-1000
-0.523409772435002
1000
0
0
0
0
0
0
0
0
942.77995778343
0
0
0
0
0
0
0
0.00398572012044202
0
-0.00398572012045406
-0.00398572012045406
-0.00398572012045406
0
0
0
0
0
1000
0
0
0
0
0
0
0
0
0
0
0
0
0
0
0
0
0
0
0
0
0
0
0
0
0
0
0
0.00398572012044202
0
0
-619.4650050563
619.4650050563
1000
1000
1000
0
0
0
0
-0.00398572012045406
0
0
0
0
0
246.465239320777
0
0
0
0
0
0
0
134.582577717428
0
0
0
0
0
1000
0
0
0
0.00398572012044202
0
0
0
500
204.662292663781
0
0
0
0
0
0
-1000
-0.00398572012045406
1000
0
0
0
0
915.978773307527
0
0
0
0
0
0
0
0
0
0
0
0
0
0
0
0
0
0
0
0
0
0
0
0
0
0
0
0
0
0
0.00398572012044202
0
0
0
0
0
1000
0
-582.907253803406
0
-207.215914658917
0
2.15512315490212
0
0
0
0
0.00596125096274136
1000
0
-999.99601427988
0
0
0
0
0
0
0
0
0
0
0
0.00398572012045406
-395.92216863012
414.523232461882
0
-377.846462299391
695.260110422833
0
0
516.492299435052
-414.519246741762
1000
0
0
0
0
0
0.00398572012045406
0
0
1000
0
999.998024469158
0
0
1000
0
0
-1000
0
0
-1000
0
-1000
1000
0
0
0
0
0
0
0
0
0
0
0
-1000
1000
0
0
0
0
0
0
999.994038749037
0
0
0
1000
0
1000
0
997.938944653612
0
0
0
0
0
0
0
0
0
0
1.07756157745106
0
0
-0.00398572012045406
0.00398572012044202
0.00398572012044202
0
0.00398572012044202
0.00398572012045406
0
0
0
1.07756157745109
0
0
-0.0119571603613622
-1000
1000
1000
-1000
-412.544287763647
-1000
0
0
-1000
997.938944653612
1000
0
0
0
0
0
0
0
0
0
0
0
0
0
0
0
412.544287763647
0
0
1000
0
0
0
0
0
0
0
2.061055346388
0
0
0
0
0
0.00198708365424935
0
1000
0
0
0
0
0
0
0.00398572012044202
0
0
0
0
0
0
0
0
0
0
-304.739889577167
0
76.1849723942917
0
0
0
0
0
0
0
0
0
0
0
1000
0
0
0
304.739889577167
0
0
0
0
0
0
0
0
0
0
0
0
0
0
0
0
0
0
0
0
0
0
0
0
0
0
0
2.57050065738656
0
0
0
0
0
0
0
0
0
0
0
0
0
0
0
0
0
0
0
0
0
0
0
0
0
0
0
0
0
0
0
0
0
0
0
0
0
0
0
0
0
0
0
0
0
0
0
0
0
0
0
0
0
0
0
0
0
0
0
0
0
0
0
0
0
0
0
0
0
0
0
0
0
0
0
0
0
0
0
0
0
0
0
0
0
0
0
0
0
0
0
0
0
0
0
0
0
0
0
0
0
0
0
0
0
0
0
0
0
0
0
-999.971169957795
0
0.00198708365428502
0
0.0293297013211031
0
0
-0.028830042204504
0
1000
0.0178953057002218
0
0
0
0
0
0
0
0
0
0
0
0
0
0
0
0
0
0
0
0.00398572012044202
0.00398572012044202
0.00398572012044202
-619.4650050563
0
-1000
0
-541.944307770311
-1000
0
0
0
0
0
0
0
1000
1000
0
0
0
0
0
0
0
0
0
0
-1000
0
999.90461113583
-0.0953888641695357
-1000
-1000
-0.0953888641695357
0
1000
1000
0
0
0
0
0
0
0
0
0
-999.994038749037
-1000
0
1000
0.43656150865112
0.00398572012044202
0.00398572012044202
0.00398572012044202
0.00398572012044202
0.00398572012044202
0
0
0
1000
0
0
0
0
627.242284861958
0
0
0
0
0
0
0
0
0
0
-1000
0
0
0
0
0
0
0
1000
-1000
0
1000
0
0
-1000
0
0
0
0
0
0
0
0
0
0
76.1849723942917
0
0
0
0
0
0
0
0
0
0
0
0
0
0
0
0
0
0
0
0
0
0
0
0
0
0
0
0
0
0
0
0
0
0
0
0
0
0
0
0
0
0
0
0
0
0
0
0
-1000
0
0
0
0
0
0
0
304.739889577167
1000
1000
-1000
-1000
-1000
-1000
0
0.0238681094748789
0
0
0
0
1000
-1000
0
0
246.465239320777
0
0
0
0
-1000
16.0758379434863
0
0
0
0
0.641000068799938
0.641000068799938
0
0
-999.969182874141
0
0
0
0
0
0
0.404617983627868
0
-1000
0
0
0
0
0
0
0
1000
0.00398572012044202
0
0
0
0
0
0
0
0
619.46899077642
-1000
0
0
1000
0
0
0
-1000
0
0
0
0
-789.135461286597
0
-1000
0
0
0
-1000
-1000
0
0
0
0
-207.311303523086
0
0
0
0
0
0
0
0
-998.5336753492
998.5336753492
-1000
0
0
0
0
-1000
-1000
0
0
0
1000
0
0
0
0
0.00472221188182804
0
0
0
0
0
0
0
0
997.938944653612
0
997.938944653612
0
0
0
0
0
0
0
0
0
0
-1000
981.398936168237
0
-1000
981.398936168237
-1000
-1000
18.6010638317626
0
0
0
0
0
0
0
0
-1000
0
0
1000
0.00198708365424935
0.00198708365424935
0
-1000
-507.45024203896
-507.45024203896
292.145795758707
0
0
0
0
0
0
0
0
0
0
0
0
0
0
0
0
0
0
0
0
0
0
0
0
0
-0.0109347365043959
0
0
0
0
0
0
0
0
0
0
0
0
0
0
0
0
0
0
0
0
0
0
0
0
0
0
0
0
0
0
0
0
0
0
0
0
0
0
0
0
0
0
0
0
0
0
-1000
0
-1000
0
0
0
0
0
-1000
0
0
0
0
0
0
0
0
0
0
0
-1000
0
0
0
0
0
0
0
0
0
0
0
0
0
1000
0
0
0
417.092746196594
0
0
0
0
0
0
0
0
0
0
0
0
0
0
0
0
0
0
0
0
0
0
0
0
0
0
0
0
0
0
0
0
0
0
0
0
0
0
0
207.215914658917
0
0
0
0
0
0
0
0
0
0
0
0
0
0
0
0
0
0
0
0
0
0
0
0
0
0
0
0
0
0
0
0
0
0
0
0
0
0
0
0
0
0
0
0
0
0
0
0
0
0
0
0
0
0
0
0
0
0
0
0
0
0
0
0
0
0
0
0
0
0
0
0
0
0
0
0
0
0
0
0
0
0
0
0
0
0
0
0
0
0
0
0
0
0
0
0
0
0
0
0
0
0
0
0
0
0
0
0
0
0
0
0
0
0
0
0
0
0
0
0
0
0
0
0
0
0
0
0
0
0
0
0
0
0
0
0
0
0
0
0
0
0
0
0
0
0
-1000
0
0
0
0
0
0
0
0
0
0
0
0
0
0
0
0
0
0
0
0
0
0
0
107.703606891778
201.617847825937
201.617847825937
0
201.614744612285
0
231.49171761647
-1000
768.689820382204
0
0
-1000
0
-1000
-1000
0
0
0
0
795.309807295375
0.0239143207226107
0
0
0
0
0
0
0
0
0
0
0
0
0
0
0
0
0
0
0
0
0
0
0
0
0
-1.09853763300259
0
0
0
0
0
0
0
0
0
0
0
0
0
0
0
0
0
0
0
0
0
0
0
0
0
0
0
0
0
0
0
0
0
0
0
0
0
0
0
0
0
0
0
0
0
0
0
0
0
0
0
0
0
0
0
0
0
0
0
0
0
0
0
0
0
0
0
0
0
0
0
0
0
0
0
0
0
0
0
0
0
0
0
0
0
0
0
0
0
0
0
0
0
0
0
0
0
0
0
0
0
0
0
0
0
0
0
0
0
0
0
0
0
0
0
0
0
0
0
0
0
0
0
0
0
0
0
0
0
0
0
0
0
0
0
0
0
0
0
0
0
0
0
0
0
0
0
0
0
0
0
0
0
0
0
0
0
0
0
0
0
0
0
0
0
0
0
0
0
0
0
0
0
0
0
0
0
0
0
0
0
0
0
0
0
0
0
0
0
0
0
0
0
0
0
0
0
0
0
0
0
0
0
0
0
0
0
0
0
0
0
0
0
0
0
0
0
0
0
0
0
0
0
0
0
0
0
0
0
0
0
0
0
0
0
0
0
0
0
0
0
0
0
0
0
0
0
0
0
0
0
0
0
0
0
0
0
0
0
0
0
0
0
0
0
0
292.145795758707
0
0
0
0
0
0
0
0
0
0
-1000
0
0
0
0
0.00398572012045406
-980.387094425156
0
0
0
0
0
0
0
0
0
0
0
0
0
0
0
0
0
0
0
0
0
0
0
0
0
0
0
0
0
0
0
0
0
0
0
0
0
0
0
0
0
0
0
0
0
0
0
0
0
0
0
0
0
0
0
0
0
0
0
0
0
0
0
0
0
0
0
0
0
0
0
0
0
0
0
0
0
0
0
0
0
0
0
0
0
0
0
0
0
0
0
0
0
0
0
0
0
0
0
0
0
0
0
0
0
0
0
0
0
0
0
0
0
0
0
0
0
0
0
0
0
0
0
0
0
0
0
0
0
0
0
0
0
0
0
0
0
0
0
0
0
0
0
0
0
0
0
0
0
0
0
0
0
0
0
0
0
1000
0
0
0
0
0
0
0
0
1000
0.00398572012045406
0
0
0
1000
0
0
0
0
0
0
0
0
0
0
0
0
0
0
0
1000
0
-1000
0
0
1000
0
0
0
0
0
0
0
0
0
0
0
0
0
0
0
0
0
0
0
157.609249093317
0
0
0
0
0
0
0
0
0
0
0
0
0
0
0
0
0
0
0
0
0
0
0
0
0
0
0
0
0
0
0
0
0
0
0
0
0
0
0
0
0
0
0
0
0
0
0
0
0
0
0
0
0
0
0
0
0
0
0
0
0
0
0
0
0
0
0
0
0
0
0
0
0
0
0
0
0
0
0
0
0
0
0
0
0
0
0
0
0
0
0
0
0
0
0
0
0
0
0
0
0
0
0
0
0
0
0
0
0
0
0
0
0
0
0
0
0
0
0
0
0
0
0
0
0
0
0
0
0
0
0
0
0
0
0
0
0
0
0
1000
500
96.2734328609183
0
0
-1.07756157745109
0
0
513.859447895152
21.2956833488351
46.548204788254
0.115528119433102
96.2734328609183
0
0
0
0
0
0
0
0
0
0
0
0
0
0
0
0
0
0
0
0
0
0
0
0
0
1000
-1000
0
-1000
0
0
0
0
-1000
-76.1849723942917
0
152.369944788583
0
0
-238.47216042398
0
0
0.00497348554159504
0.00398572012044202
0
0
0
0
0
0
0
0
0
0
0
0
0
0
0
1.09853763300259
0
76.1849723942917
0
207.215914658917
0
0
0.028830042204504
-45.6674187211921
-2.00316614756139
-11.8277111035014
-23.1873792858059
-47.2873873920886
962.918515902453
-11.579908100989
-1000
-29.2975508081749
-5.08237079416074
-34.6840493767434
-1000
-1000
0
0
0
0
0
-1000
424.074506683472
-19.325587141814
-496.193017072004
-14.6947965118308
-10.2694245055427
-26.3794260394142
-418.65641984934
973.45869018323
108.741439311691
0
-30.8706591003638
-1000
-84.0212266924727
0
1000
0
0
999.799842719411
-1000
0
0
0
0
0
0
1000
0.00398572012045406
0
0
0
0
0
0
0
0
0
0
0
0
0
0
-0.00398572012045406
999.99601427988
-1000
0
0
0
0
0
0
0
0
0
0
0
0
0
0
0
0
1000
0
0
0
0
-1000
765.561788835388
246.465239320777
-0.00398572012045406
-0.00398572012045406
0
0
0
-0.00398572012045406
0
0
-0.00398572012045406
0
0
0
-0.00398572012045406
0
0
1000
-0.00398572012045406
0
0
0
0
0
-0.00398572012045406
0
0
0
0
0
1000
0
0
0
0
0
619.4650050563
0
0
0
0
0
0
0
299.974599411013
0
0
0
-983.50116932549
0
1000
0
0
-0.00398572012045406
0
0
0
0
1000
0
0
0
0
0
0
0
0
0
204.662292663781
-3.48839082096913
-0.523409772435002
-1000
-1000
0
0
0
0
1000
1000
0
0
0
2.71250011991901
0
0
0
0
0
0
-4.38878810180086
0
0
-1000
0
1000
1000
-255.183549599111
0
0
119.476420308535
-295.589797029333
0
0
0
0
0
-36.0570307965997
0
0
0
-1000
-1000
0
0
0
0
0
-0.0557192120026002
0
0
0
0
380.53100922358
1000
-1000
0
0
0
0
0
0
-498.169673081438
-1000
-1000
492.08062876391
0
0
0
0
0
0
0
0
0
0
0
1000
0
-0.344795761097885
-0.0953888641695357
-25.826534973917
-1000
-1.4069857465015
-6.61859132328232
-0.906194209611158
-5.12715144911556
-2.7424298448758
-0.0953888641695357
0
0
419.043492411001
0
-0.0953888641695357
0
-0.190777728339185
-0.0953888641695357
0
-0.691569265229532
0
-0.0953888641695357
-41.6802114302299
-36.8439487855048
0
-16.0758379434864
0
0
-0.404617983627872
-0.0953888641695357
-0.600902612941809
0
-0.0953888641695357
-0.0953888641695357
-0.0953888641695357
-0.0953888641695357
-2.76627706091813
0
0
0
0
0
-1000
1000
0
0
-1000
1000
-0.00398572012045406
-76.8329477914147
1000
-1000
1000
157.609249093317
0
-1000
0
0
-923.167052208585
0
0
0
0
0
0
0
0
0
0
0
0
0
0
0
0
-1000
1000
1000
-1000
-1000
0
-1000
-1000
0
0
0
-0.0953888641695357
-0.0953888641695357
0
0
0
0
0
0
768.50828238353
-768.689820382204
795.309807295375
0.0239143207226107
0
0
0
0
0
1000
0
0
0
0
-1.09853763300259
0
0
0
0
0
0
0
0
0
0
0
0
0
0
0
0
0
0
0
0
0
0
0
0
0
0
0
0
0
0
0
0
0
0
0
0
0
0
0
0
0
0
0
0
0
0
0
0
0
0
0
0
0
0
0
0
0
0
0
0
0
0
0
0
0
0
-0.0953888641695357
0
0
0
0
0
0
0
0
0
0
0
0
0
0
0
0
0
0
0
0
0
0
0
0
0
0
0
0
0
0
0
0
0
0
0
0
0
0
0
0
0
0
0
0
0
0
0
0
0
0
0
0
0
0
0
0
0
0
0
0
0
0
0
0
0
0
0
0
0
0
0
0
0
0
0
0
0
0
0
0
0
0
0
0
0
0
0
0
0
0
0
0
0
0
0
0
0
0
0
0
0
0
0
0
0
0
0
0
0
0
0
0
0
0
0
0
0
0
0
0
0
0
0
0
0
0
0
0
0
0
0
0
0
0
0
0
0
0
0
0
0
0
0
0
0
0
0
0
0
0
0
0
0
0
0
0
0
0
0
0
0
0
0
0
0
0
0
0
0
0
0
0
0
0
0
0
0
0
0
0
0
0
0
0
0
0
0
0
0
0
0
0
0
0
0
0
0
0
0
0
0
0
0
0
0
0
0
0
0
0
0
0
0
0
0
0
0
0
0
0
0
0
0
0
0
0
0
0
0
0
0
0
0
0
0
0
0
0
0
0
0
0
0
0
0
0
0
0
0
157.609249093317
0
0
0
0
0
0
0
-1000
0
1000
0
0
980.387094425156
0
0
0
0
0
0
0
0
0
0
0
0
0
0
0
0
0
0
0
0
0
0
0
0
0
-1000
0
-1000
-0.00398572012045406
0
0
0
0
0
0
0
0
1000
0
0
-157.609249093317
0
0
-1000
0
0
0
0
0
0
0
0
0
0
0
0
0
0
0
0
0
0
0
0
0
0
0
0
0
0
0
0
0
0
0
0
0
0
0
0
0
0
0
0
0
0
0
0
0
0
0
0
0
0
0
0
0
0
0
0
0
0
0
0
0
0
0
0
0
0
0
0
0
0
0
-0.0953888641695357
-0.0953888641695357
-0.0953888641695357
0
-0.0953888641695357
-0.286166592508721
0
-0.0953888641695357
-0.0953888641695357
-0.0953888641695357
-0.0953888641695357
0
-0.0953888641695357
-0.0953888641695357
-0.0953888641695357
-0.0953888641695357
-0.0953888641695357
-0.0953888641695357
-0.0953888641695357
0
-0.0953888641695357
-0.0953888641695357
-0.0953888641695357
0
-1000
96.2734328609183
0
234.438211164612
0
0
0
0
0
0
0
0
0
0
0
