0
0
0
0
0
0
0
0
-1000
862.239321596383
137.760678403617
0
0
199.292671636783
1000
0
999.742858024061
-999.742858024061
999.940983808801
0
0.0590161911991753
0
-1000
0.370958916109089
0
1000
-201.764971396987
0
-35.8436306331988
0.0125966306758116
0
0
0
0
0
0.0325011903608045
0
0
0
35.4149458784237
0
0
0
0
0
0
0
0
0
0
0
0
0
0
0
0
0
0
0
0
0
0
0
0
0
0
0
0
35.8436306331987
0
0
0
0
1000
1000
0
0
0
0
35.8436306331988
0
-1000
0
0
0
0
0
0
0
0
0
0
0
0
0
0
0
0
0
0
0
0
0
0
0
0
0
0
0
0
0
0
0
0
0
0
0
0
0
0
0
0
0
0
0
0
0
0
0
0
998.309607666366
0
0
1000
0
0
0
0
1000
0
0
0
0
-14.7748643248503
0
0
-1000
0
-1000
0
0
0.00900805565770246
-204.395407347579
0
0
598.529243627836
1000
1000
401.462325487707
0
0
0
-1000
401.462325487707
600.75499712449
1000
-800.707328363217
0
204.395407347579
1000
0
0
0.0090080556576595
0
0
1000
-1000
0
0
0
0
0
-255.684892423889
0
0
0
0
0
0
0
1000
-1000
0
251.714586661599
0
0
0
0
0
0
744.310892133883
744.310892133883
0
0
0
251.714586661599
-1000
0
-1.392503989018
672.239189076442
0
0
0
0
0
0
0
0
0
0
255.689107866117
0
0
-1000
0
746.647476450823
252.180159805348
0
0
0
0.474004028205875
0.698359715623274
0
1000
0
0
0
-1000
0
0
0
0
0
0
0
0
0
0
0
0
-1000
0
801.424143781409
1000
-1000
-1000
1000
-1000
999.603965523615
668.736583532585
-2.54860667534899
-0.975848284176095
-1000
-2.6572700521242
0
-0.698359715623269
1000
1000
-1000
1000
0
0
1000
0
0.181264015826039
0
-0.181264015826059
0
0.00179951866797308
0
0
0
0
0
0
0
0
999.742858024061
0
497.347597105319
0
0
0
0
0
0
287.001911677519
0
1000
0
0
0
744.310892133883
0
-0.181264015826059
0
-0.698359715623269
0
0
0.698359715623269
2.65727005212422
0
0
0
0
0
0
-1000
0
0
0
1000
0.698359715623269
0
-1000
-0.975848284176095
0
251.718196161253
0
0
0
0
0
0
0
0
0
0
0
712.998088322481
0
0
0
2.32786571874425
0
9.79970437403946
0
0
0
0
0
0
0
0
305.427145594729
491.215939951607
1.39671943124654
-1000
-1000
1000
-1000
748.341560238939
0
-1000
0
-1000
1000
-245.690956862925
1000
0
0
0
0
0
0
-1000
0
1000
-1000
-1000
-1000
1000
0
0
1000
-1000
0
0
0
0
0
0
0.975848284176147
-6.42809515951546
1000
0.00843088445697049
-1000
1000
-1000
-1000
-1000
1000
1000
0
1000
1000
-1000
0
-1000
-1000
1000
-1000
-1000
1000
1000
-1000
-999.534426856251
1000
0
0
0
0
0
0
0
0
-1000
0
0
0
-440.507090791239
1000
0
0
-342.861171895925
313.159802411494
0
0
0
0
0
0
0
0
0
0
0
0
0
0
0
0.00360949965378322
0
576.293102283171
-68.1819706575704
-508.1111316256
0
508.1111316256
0
0
0
0
0
0
0
0
0
0
1000
0
0
0
0
0
0
0
0
0
0
0
0
0
0
0
0
0
0
0
0
0
0
0
0
0
0
0
0.00360949965374857
1000
0.105386055712756
0.105386055712756
0
0.698359715623269
0
0
0
0
0
0
0
0
0
32.6535321708297
0.0288759972302657
0
0
0
0
0
0
0
0
0
0
0
0
0
0
0
0
0
0
0
0
0
0
0
0
0
0
0
0
0
0
0
0
0
0
0
0
0
0
0
0
-1000
0
0
0
0
0
0
1000
0
0
0
0
0
0
0
0
0
0
0
0
0
0
0
0
0
0
0
0
0
0
0
0
-268.800821219539
0
0
0
0
0
0
0
0
0
0
0
0
1000
0
0
0
0
0
0
0
0
0
0
0
0
0
0
0
0
0
0
0
0
0
0
0
0
0
0
0
0
0
0
0
0
0
-1000
0
0
0
0
0
0
0
0
0
0
0
0
0
0
0
0
0
0
0
0
0
0
0
0
0
0
0
0
0
0
0
0
0
0
0
0
0
0
1000
0
0.00421544222851252
0
0
0
0
0.762995043360767
0.762995043360767
0
0
0
0
0
0
0
0
0
0
0
0
0
0
0
0
0
0
0
0
0
0
0
0
0
0
-0.00360949965374857
0
0
0
-1000
0
0
-1000
0
0
0
0
2.19202995882651
0
0
2.19202995882651
0
0
0
0
0
0
0
0
0
2.19202995882651
0
2.19202995882651
0
0
0
13.0764805241089
37.2749498213923
23.8261851542482
17.4508192047717
25.8737479409415
8.51599977192857
19.9172016523794
36.4373104995632
33.552108391041
10.6100980765012
20.5686989026909
42.3938567881253
33.4590373552822
10.3308849692248
17.1250705796159
23.7331141184895
30.7599773182775
24.8965020654742
4.56048075218033
31.0391904255539
0
0
0
0
0
0
0
0
0
0
0
0
0
0
0
0
0
0
0
0
0
0
0
0
0
0
0
0
0
0
0
0
0
0
0
0
0
0
0
0
0
0
0
0
0
0
0
0
0
0
0
0
0
0
0
0
0
0
0
0
0
0
0
0
0
0
0
0
1000
0
0
0
0
0
0
0
0
0
0
0
0
0
246.798892781652
0
0
246.798892781652
0
0
0
0
0
0
-1000
0
0
0
0
0
32.6535321708299
-508.784060048393
-508.784060048393
1000
1000
0
0
0
0
0
484.81301494916
0
-342.861171895925
-484.964770869387
-484.964770869387
-1000
0
-484.874376443275
0
55.8684070225629
772.298986563258
1000
484.821445833617
1000
0
0
515.18698505084
0
-1000
-1000
-1000
0
515.154499553956
0
0
0
484.874376443275
0
0
0
0
0
0
0
0
0
0
0
1000
258.048931170624
1000
1000
0
500
233.680144711446
2.51262801762932
5
0
0
0
0
0
0
757.575671962149
0
-515.137414670883
0
0
-0.00147136039663565
0
0
0
0
-0.00147136039663565
274.083109933696
694.69917151673
0
-0.00294272079327129
0
-0.00147136039663565
-0.551597377396888
0
-0.0919600247905237
0
999.998528639603
-0.569784313601758
0.00147136039663565
-0.00147136039663565
-0.00147136039663565
0.00147136039663565
-0.00147136039663565
0.00147136039663565
-0.00147136039663565
-0.00147136039663565
-0.00147136039663565
-0.00147136039663565
-0.00147136039663565
-0.00147136039663565
-0.00147136039663565
-0.00147136039663565
-0.00147136039663565
-0.00147136039663565
-0.00147136039663565
-0.0308985683295759
-0.0100944540232604
-0.042301611403559
-0.0426694515027748
-0.0217025658505463
0.00147136039663565
0.00147136039663565
-0.105869047220835
0.00147136039663565
0.00147136039663565
0.00147136039663565
0.00147136039663565
-0.704413789894943
-0.0106673628756653
-0.0790856213197912
-0.398370827392341
-0.00154026173447619
0.00147136039663565
0.00147136039663565
0.0139779237681523
0.00147136039663565
0.00147136039663565
-0.00147136039663565
0
0
0
0
0
0
0
0
0
0
0
0
0
0
0
0
0
0
0
0
0
0
0
0
0
0
0
0
0
0
0
0
0
0
0
0
0.000898451544230738
0
0
0
0
0
0
0
0
0
0
0
0
0
0
0
0
0
0
0
0
0
0
0
0
0
0
0
0
0
0
0
0
0
0
0
0
0
0
0
1000
0
0
0
0
0
0
0
0
0
0
0
0
0
0
0
0
0
0
0
0
0
0
0
0
0
0
0
0
0
0
0
0
0
0
0
0
0
0
0
0
0
0
0
0
0
0
0
0
0
0
0
0
0
0
0
0
0
0
0
0
0
0
0
0
0
0
0
0
0
0.00147136039663565
0.00147136039663565
0.00147136039663565
0
0
0
0
0
0
0
0
0
0
0
0
0
0
0
0
0
0
0
0
0
0
0
0
0
0
0
0
0
0.00147136039664751
0.00147136039664751
0.00147136039664751
437.753569107498
0
0
0
0
0
0.00147136039664751
0
0
0.00147136039664751
0
0
0
0
0
0
0
0
0
0
0
0
0
0
0
0
0
0
0
0
0
0
0
0
0
0
0
0
0
0
0
0
0
0
0
0
0
0
0
0
0
0
0
0
0
0
0
0
0
0
0
0
0
0
0
0
0
0
0
0
0
0
0
0
0
0
0
0
0
0
0
0
0
0
0
0
0
0
0
0
0
0
0
0
0
0
0
0
0
0
0
0
0
0
0
0
0
0
0
0
0
0
0
0
0
0
0
0
0
0
0
0
0
0
0
0
0
0
0
0
0
0
0
0
0
0
0
0
0
0
0
0
0
0
0
0
0
0
0
0
0
0
0
0
0
0
0
0
0
0
0
0
0
0
0
0
0
0
0
0
0
0
0
0
0
0
0
0
0
0
0
0
0
0
0
0
0
0
0
0
0
0
0
0
0
0
0
0
0
0
0
0
0
0
0
0
0
0
0
0
1000
0
0
0
0
0
0
0
0
0
0
0
0
0
0
0
0
0
0
0
0
0
0
0
0
0
0
0
0
0
0
0
0
0
0
0
0
0
0
0
0
0
0
0
0
0
0
0
0
0
0
0
0
0
0
0
0
0
0
0
0
0
0
0
0
0
0
0
0
0
0
0
0
0
0
0
0
0
0
0
0
0
0
0
0
0
0
0
0
0
0
0
0
0
0
0
0
0
0
0
0
0
0
0
0
0
0
0
0
0
0
0
1000
1000
0
0
0
0
0
0
0
0
0
0
0
0
0
0
0
0
0
0
0
0
0
-1000
0
-1000
0
0
0
0
0
0
0
1000
1000
0
0
0
0
0
0
0
0
0
0
0
0
0
0
0
0
0
0
0
0
0
0
0
0
0
0
0
0
0
0
0
0
0
0
0
0
0
0
0
0
0
0
0
0
0
0
0
0
0
0
0
0
0
0
0
0
0
0
0
0
0
0
0
0
0
0
0
0
0
0
0
0
0
0
0
0
0
0
0
0
0
0
0
1000
46.5265251782309
0
0
0.00147136039663565
0
-999.946663185622
0
0
0
0
713.862183623789
-0.00147136039663565
257.026159390949
0
0
0
0.000898451544230738
0.568312953205123
0
0
-1000
0
0
0
0
0
0
0
0
0
0
0
0
0
-1000
0.000898451544230738
0
0
0
0.00360949965374857
0
0
0
0
0
0
0
-0.00360949965374857
0
0
0
0
0
757.575671962149
-1000
1000
-757.575671962149
-757.575671962149
0
-1000
1000
-0.0216569979227188
0
0
0.00147136039663565
-0.00147136039663565
0
0
0.0533368143784401
-0.0533368143784401
300.692567299041
0
0
0
0
0
1000
0
-286.137816376211
-713.862183623789
-1000
0
-742.973840609051
-257.026159390949
-1000
0
0
0
0
0
-1000
0
-1000
0
0
0
0
0
-1000
0
0
0
-1000
0
0
0
-1000
0
0
0
0
0
0
0
0
0
0
0
0
0
0
0
0
0
0
0
-1000
1000
-1000
0
-1000
0
-1000
0
-1000
0
0
0
0
0
0
0
0
0
-1000
0
1000
0
-1000
0
-1000
0
-1000
0
-1000
0
0
0
0
0
0
0
0
0
-1000
0
0
0
0
0
0
0
0
0
0
0
0
0
0
0
0
0
0
0
0
0
0
0
0
0
0
0
0
0
0
0
0
0
0
0
0.000898451544230738
-0.000898451544230738
0
0
0
0
0
0
0
0
0
0
0
0
0
0
0
0
0
0
0
0
0
0
0
0
0
0
0
0
0
0
0
0
0
0
0
0
0.000898451544230738
-0.000898451544230738
0
0
0
0
0
0
-0.00360949965374857
-0.00360949965374857
0
0
0
0
0
0
0
0
0
0
0
0
0
0
0
0
0.00360949965374857
0.00360949965374857
0
0
0
0
0
0
0
0
0
0
0
0
0
0
0
0
0
0
0
0
0
0
0
0
0
0
0
0
0
0
0
0
0
0
0
0
208.964300009666
0
0
0
0
0
0
0
1.1822035537549
0.00360949965378322
0
0
0
0
0
0
0
0
0.148746260128659
0
0
0
0
0
0
0
0
0
0
0
0
0
0
0
0
0
0
0
0
0
0
0
0
0
0
0
0
0
0
0
0
0
0
0
0
0
0
0
0
0
0
0
0
0
0
0
0
0
0
242.493065466041
242.493065466041
242.493065466041
0
242.439728651663
242.439728651663
0
0
0
0
0
0
0
0
0
0
0
0
0
0
0
0
0
0
0
0
0
0
0
0
0
0
0
0
0
0
0
0
0
0
0
0
0
0
0
0
0
0
0
0
0
0
0
0
0
0
0
0
0
0
0
0
0
0
0
0
0
0
0
0
0
0
0
0
0
0
0
0
0
0
0
0
0
0
0
0
0
0
0
0
0
0
0
0
0
0
0
0
0
0
0
0
0
0
0
0
0
0
0
0
0
0
0
0
0
0
0
0
0
0
0
0
0
0
0
0
0
0
0
0
0
0
0
0
0
0
0
0
0
0
0
0
0
0
0
0
0
0
0
0
0
0
0
0
0
0
0
0
0
0
0
0
0
0
0
0
0
0
0
0
0
0
0
0.00360949965378322
0.00360949965378322
0.00360949965378322
0.00360949965378322
0.00360949965378322
0
0
0
0
0
0
0
0
0
0
0
0
0
0
0
0
0
0
0
0
0
0
0
0
0
0
0
0
0
0
0
0
0
0
0
0
0
0
0
0
0
0
0
0
0
0
0
0
14.7748643248503
14.7748643248503
-14.7748643248503
4.91653260909127
-2.45646155471877
2.45646155471874
2.45646155471874
2.45646155471874
2.45646155471874
2.45646155471874
2.45646155471874
2.45646155471874
2.45646155471874
2.45646155471874
2.45646155471874
0
2.45646155471874
2.45646155471877
2.45646155471874
2.45646155471874
2.45646155471874
2.45646155471874
2.45646155471874
2.45646155471874
0
0
0
2.45646155471874
0
2.45646155471874
2.44926348004685
0
0
0
0
0
0
0
0
0
0
0
0
0
0
0
0
14.7748643248503
14.7748643248503
4.91653260909127
4.91653260909127
0
0
0
0
0
0
0
0
0
0
0
0
0
0
0
0
0
0
0
0
0
0
0
0
0
0
0
0
0
0
0
0
0
0
0
0
0
0
0
0
0
0
0
0
0
0
0
0
0
0
0
0
0
0
0
0
0
0
0
0
0
0
0
0
0
0
0
0
0
0
0
0
0
0
0
0
0
0
0
0
0
0
0
0
0
0
0
0
0
0
0
0
0
0
0
0
0
0
0
0
0
0
0
0
0
0
0
0
0
0
0
0
0
0
0
0
0
0
0
0
0
0
0
0
0
0
0
0
0
0
0
0
0
0
0
0
0
0
0
0
0
0
0
0
0
0
0
0
0
0
0
0
0
0
0
0
0
0
0
0
0
0
0
0
0
0
0
0
0
0
0
0
0
0
0
0
0
0
0
0
0
0
0
0
0
0
0
0
0
0
0
0
1.1822035537549
1.20742820206003
1.20742820206003
0
0
0
0
-1.20742820205999
0
0
0
0.0252246483051343
0
0
1000
0
0
0
0
0
0
0
0
0
0
0
0
0
0
0
0
0
0
0
0
0
0
0
0
0
0
0
0
0
0
0
0
0
0
0
0
0
0
0
0
0
1.20742820206003
0
0
0
0
0
0
0
0
0
0
0
0
0
0
0
0
0
0
0
0
0
0
0
0
0
0
0
0
0
0
0
0
0
0
0
0
0
0
0
0
0
0
0
0
0
0
0
0
0
0
0
0
0
0
0
0
0
0
0
0
0
0
0
0
0
0
0
0
0
0
0
0
0
0
0
0
0
1.1822035537549
0.00360949965378322
0
0
0
0
0
0
0
1.55634301448646
0
0
0
0.975848284176147
0.975848284176147
0.975848284176147
0
0
0
0
0
0
1.33455931353734
0
0
0
0.00360949965378322
0
0
0
0
-1.33455931353728
1.33455931353734
0
0
0
0
0.366425245046379
0
0
0
0
0
0.243398849600475
0
0.221783700949124
0
0
0
0
0
0
0
0
0
0
10.8809012239562
10.8809012239562
10.8809012239562
0
0
0
0
-0.148746260128632
0
0
0
0
0
0
0
0
0
0
0
0
0
0
0
0
0
0
0
0
0
0
0
0
0
0
0
0
0
0
0
0
0
0
0
0
0
0
0
0
0
0
0
0
0
0
0
0
0
0
0
0
0
0
0
0
0
0
0
0
0
0
0
0
0
0
0
0
0
0
0
0
0
0
0
0
0
0
0
0
0
0
0
0
0
0
0
0
0
0
0
0
0
0
0
0
0
0
0
0
0
0
0
0
0
0
0
0
0
0
0
0
0
0
0
0
1000
0
0
1000
1000
0
0
0
0
0
0
0
0
0
0
0
0
0
0
0
0
0
0
0
0
0
0
0
0
0
0
0
0
0
0
0
0
0
0
0
0
0
0
0
0
0
0
0
0
0
0
0
0
0
0
0
0
0
0
0
0
0
0
0
0
0
0
0
0
0
0
0
0
0
0
0
0
0
0
0
0
0
0
0
0
0
0
0
0
0
0
0
0
0
0
0
0
0
0
0
0
0
0
0
0
0
0
0
0
0
0
0
0
0
0
0
0
0
0
0
0
0
0
0
0
0
0
0
0
0
0
0
0
0
0
0
0
0
0
0
0
0
0
0
0
0
0
0
0
0
0
0
0
0
0
0
0
0
0
0
0
0
0
0
0
0
0
0
0
0
0
0
0
0
0
0
0
0
0
0
0
0
0
0
0
0
0
0
0
0
0
0
0
0
0
0
0
0
0
0
0
0
0
0
0
0
0
0
0
0
0
0
0
0
0
0
0
0
0
0
0
0
0
0
0
0
0
0
0
0
0
0
0
0
0
0
0
0
0
0
0
0
0
0
0
0
0
0
0
0
0
0
0
0
0
0
0
0
0
0
0
0
0
0
0
0
0
0
0
0
0
0
0
0
0
0
0
0
0
0
0
0
0
0
0
0
507.45854829673
0
0
507.45854829673
0
0
0
0
0
0
0
0
0
0
0
0
0
0
0
0
0
0
0
0
0
0
0
0
0
0
0
1000
0
0
0
0
0
0
0
0
0
0
0
0
0
0
0
0
0
0
0
0
0
0
0
0
0
0
0
0
0
0
0
0
0
0
0
0
0
0
0
0
0
0
0
0
0
0
0
0
0
0
0
0
0
0
0
0
0
0
0
0
0
0
0
0
0
0
0
0
0
0
0
0
0
0
0
0
0
0
0
0
0
0
0
0
0
0
-246.963295028564
0
0
0
0
0.0252926533710716
0
478.34396734436
0
0
0
0
0
0
246.798892781652
0
0
0
0
0.994844365928955
0
0
0
0
0
0
0.994844365928955
0.994844365928955
0.994844365928955
0.994844365928998
0
0
0
0
0
0
0
0
0
0
0
0
0
0
0
0
0
0
0
0
0
0
0
0
0
0
0
0
0
0
0
0
0
0
0
0
0
759.583963141634
759.583963141634
0
0
0
0
0
0
0
0
0
0
0
0
0
0
0
0
0
0
0
0
0
0
0
0
0
0
0
0
0
0
0
0
0
0
0
0
0
0
0
0
0
0
0
0
0
0
0
0
1000
-1000
279.887184721509
0
0
0
-497.047995622401
-343.904004298193
497.047995622401
0
0
0
0
-1000
279.188825005886
0
0
0
0
0
0
0
0
0
0
0
0
0
0
0
0
0
0
0
0
0
0
0
0
0
0
0
0
0
0
0
0
0
0
0
0
0
0
0
0
343.904004298193
0
0
0
0
0
0
0
0.00147136039663565
0.00147136039663565
0
0
0
0
0
-999.996390500346
999.996390500346
1000
999.996390500346
1000
-1000
-1000
0
0
0
0
0
0
0.00360949965374857
0
0
0
0
0
0
0.0144379986151329
0.00360949965378322
0.00360949965378322
0.00360949965378322
0.00360949965378322
0
0.00360949965378322
0
0
0
0
0
0
0
0.0144066116616217
0
0.00360949965378322
0.0216151486513511
1000
0.00179951866797308
0.00179951866797308
0.00360949965374857
0
0.0126070929936486
0.00179951866797308
0.0270241669730571
-0.0017995186680082
0.00179951866797308
0.00179951866797308
0.00179951866797308
0.00179951866797308
0.00179951866797308
-0.0017995186680082
-0.00359903733590272
-0.00540901832175678
0.00179951866797308
0.00179951866797308
0.0017995186680082
0.00179951866797308
-0.00540901832175678
-0.0017995186680082
0.00360949965374857
0.00179951866797308
0.00179951866797308
0.00360949965378322
0.00360949965378322
-0.00360949965374857
-0.00360949965374857
0.00360949965374857
0.00360949965374857
0.00179951866797308
0.00179951866797308
0.00179951866797308
0.00179951866797308
0.0396521846024598
-0.00540901832175678
-999.974775351695
0
0
0
0
0
0
-1000
0
0
0
0.00360949965378322
0
0
0
0
0.00180474982689161
0.00360949965374857
0.00360949965374857
0
0.00360949965378322
0
0
0
0
0
-0.00360949965374857
0
0
0.00719807467189233
0.00179951866797308
0.00539855600391924
0.00179951866797308
-0.0017995186680082
0.00179951866797308
0.00179951866797308
0.00179951866797308
0.00179951866797308
0.00179951866797308
0.00179951866797308
0.00359903733594616
0.00179951866797308
0.00179951866797308
0.00179951866797308
0.00179951866797308
0.00179951866797308
0
0.00179951866797308
0.00360949965378322
0
0.00360949965378322
0
0.00360949965378322
0.00360949965378322
0.00360949965378322
0.00360949965378322
0.00360949965378322
0.00360949965378322
0
0.00360949965378322
0
0.00360949965378322
0.00360949965378322
0.00360949965378322
0.00360949965378322
0.00360949965378322
0
0
0
0
0
0
0
0
0
0
0
0
0
0
0
0
-0.00360949965374857
0.00360949965378322
0.00360949965378322
0
0
0
0
0
0
0
0
0
0
0
0
0
0
0
0
0
0
0
0
0
0
0
0
0
0
0
0
0
0
0
0
0
0
0
0
0
0
0
0
0
0
0
0
0
0
0
0
0
0
0
0
0
0
0
0
0
0
0
0
0
226.308595708175
0
32.6535321708299
0
0
0
0
0.00360949965378322
0
0
0
0
0
0
0
0
0
0
0
0
0
0
0
0
0
0
0
0
0
0
0
-456.551187237259
0
0
0
-757.575671962149
0
515.137414670883
0
0
0
0.00147136039664751
0
0
0
0
0
0
0
0
0
0.00147136039664751
0
0
274.083109933696
0
0
0
0
0.00294272079329501
0
0
0
0.00147136039664751
0
0.551597377396882
0
0
0
0.0919600247904692
0
0
0
0
0
0.569784313601747
0
0.00147136039664751
0
0.00147136039664751
0
0.00147136039664751
0
0.00147136039664751
0
0.00147136039664751
0
0.00147136039664751
0
0.00147136039664751
0
0.00147136039664751
0
0.00147136039664751
0
0.00147136039664751
0
0.00147136039664751
0
0.00147136039664751
0
0.00147136039664751
0
0.00147136039664751
0
0.00147136039664751
0
0.00147136039664751
0
0.00147136039664751
0
0.0308985683295976
0
0.0100944540233038
0
0.0423016114036158
0
0.0426694515027777
0
0.0217025658505507
0
0.00147136039664751
0
0.00147136039664751
0
0.105869047220785
0
0.00147136039664751
0
0.00147136039664751
0
0.00147136039664751
0
0.00147136039664751
0
0.704413789894994
0
0.0106673628756944
0
0.0790856213198035
0
1000
0
0.00154026173448305
0
0.00147136039664751
0
0.00147136039664751
0
0.0139779237681513
0
0.00147136039664751
0
0.00147136039664751
0
0.00147136039664751
0
0
-1000
0
0
0.025224648305084
999.601629172608
0
0
0
0
-1000
-1000
-1000
0
0.994844365928955
-923.957385237695
1000
1000
0
758.249403828097
-466.034793293917
-1000
-1000
0
0
1000
0
0
0
0
491.833310428925
1000
0
0
-0.164402246912005
0
0
-287.001911677519
1000
-0.00360949965374857
0
0
0
-3.63311833630041
0
712.998088322481
0
0
0
0.0125966306758301
1000
287.001911677519
-744.310892133883
-748.285413338401
-507.40730402737
0
1000
0
781.707491107677
-1000
0
0
1000
847.006400970877
-1000
1000
0
1000
0
0
-1000
1000
1000
1000
0
0
0
0
0
-32.6535321708299
-1000
0
0
0
0
0
0
0
0
0
1000
0
1000
0
0
0
0
0
0
0
0
0
0
1000
0
0
0
0
0
0
0
0
-1000
-1000
-1000
-1000
-1000
-1000
-1000
-1000
69.3559255455707
-1000
871.119828637299
767.211963296589
1000
1000
1000
-1000
-1000
-1000
-1000
-504.324405406827
-534.653583074885
-1000
1000
1000
1000
1000
1000
1000
1000
-1000
1000
1000
1000
-1000
-1000
-1000
84.8812598801001
111.378766851187
-1000
-1000
-1000
1000
197.510736168282
-1000
-1000
-1000
-1000
-1000
-1000
-1000
-1000
-1000
1000
1000
-1000
-1000
-1000
-10.2949163923608
-1000
-1000
-1000
-1000
-1000
-1000
-1000
-1000
-1000
-1000
-1000
-1000
1000
-735.801813954926
1000
1000
1000
-1000
-1000
-1000
-1000
-1000
-1000
-1000
-1000
1000
-1000
1000
547.961306978987
1000
-1000
1000
1000
1000
-1000
-1000
1000
1000
1000
1000
-1000
-1000
1000
26.5320936501371
-1000
1000
-1000
-1000
-1000
-1000
979.001325990001
1000
1000
1000
1000
-1000
1000
1000
1000
-1000
1000
-1000
-1000
1000
-966.418714820091
931.81802934243
1000
-955.707446130105
-1000
10.7112686899854
0
0
0
0
0
0
0
0
0
0
0
0
0
0
0
0
0
0
0
0
0
0
0
0
0
0
0
0
0
0
0
0
0
0
0
0
0
0
0
0
0
0
0
0
0
0
0
0
0
0
0
0
0
0
0
0
0
0
0
0
0
0
0
0
0
0
0
0
0
0
0
0
0
0
0
0
0
0
0
0
0
0
0
0
0
0
0
0
0
0
0
0
0
0
0
0
0
0
0
0
0
0
0
0
0
0
0
0
0
0
0
0
0
0
0
0
0
0
0
0
0
0
0
0
0
0
0
0
0
0
0
0
0
0
0
0
0
0
0
0
0
0
0
0
0
0
0
0
0
0
0
0
0
0
0
0
0
0
0
0
0
0
0
0
0
0
0
0
0
0
0
0
0
0
0
0
0
0
0
0
0
0
0
0
0
0
0
0
0
0
0
0
0
0
0
0
0
0
0
0
0
0
0
0
0
0
0
0
0
0
0
0
0
0
0
0
0
0
0
0
0
0
0
0
0
0
0
0
0
0
0
0
0
0
0
0
0
0
0
0
0
0
0
0
0
0
0
0
0
0
0
0
0
0
0
0
0
0
0
0
0
0
0
0
0
0
0
0
0
0
0
0
0
0
0
0
0
0
0
0
0
0
0
0
0
0
0
0
0
0
0
0
0
0
0
0
0
0
0
0
0
0
0
0
0
0
0
0
0
0
0
0
0
0
0
0
0
0
0
0
0.00360949965378322
0
0
0
0
1000
1000
-1000
1000
1000
1000
0
1000
-1000
-1000
1000
-1000
1000
1000
1.69039233363355
-1000
-1000
-1000
998.309607666366
-1000
1000
1000
-999.949540241072
-115.519391720695
-1000
-1000
-1000
456.551187237259
1000
-1000
-1000
1000
-1000
-1000
-1000
-999.949540241072
0
-1000
-1000
-1000
-1000
1000
-1000
-1000
-1000
1000
-1000
1000
-1000
-1000
-1000
-1000
-1000
1000
-1000
0
0
0
0
0
-999.601629172608
999.601629172608
0
0
0
0
0
0
0
0
0
0
-1000
-1000
0
0
0
0
0
0
0
989.703808050289
0
0
0
0
0
0
0
0
0
-0.00360949965374857
0.00360949965378322
0
0
-0.00360949965374857
-0.00360949965374857
0
0
0
0
0
0
0
0
0
0
0
0
0
0
0
0
0
0
0
0
0
0
0
0
0
0.00360949965378322
0
0
279.188825005886
0
-279.188825005886
-1000
-1000
0
0
0
0
0.366425245046344
0
0
0
0
246.798892781652
0
0
0
0
0
0
0
0
0
0
0
0
1000
0
0
0
0.00360949965378322
0
0
0
886.937069834024
-434.815032994899
0
0
0
0
0
0
-1000
0
1000
0
0
0
0
170.231412411672
0
0
0
0
0
0
0
0
0
0
0
0
0
0
0
0
0
0
0
0
0
0
0
0
0
0
0
0
0.00360949965378322
0
0
0
0
1000
0
1000
0
515.137414670883
0
1.95169656835229
0
0
0
0
1000
0
-508.1111316256
0
0
0
0
0
0
0
0
-0.0288759972302159
0
0.00360949965374857
0
-1000
257.173363006533
482.910888760765
998.309607666366
0
0
0
-30.1692835717957
1000
1000
0
0
0
1000
0
251.718196161253
0
251.714586661599
1000
0
68.1819706575705
0
0
606.634586887966
0.0288759972302159
0
-137.760678403617
0
0
-1000
0.00360949965378322
-1000
1000
0
0
0
0
0
0
0
0
0
30.1608526873387
0
0.00843088445697049
30.1608526873388
0
0
0
0
0
0
0
0
0
0
1000
0
1000
0
997.659487954571
0
0
0
0
0
0
0
0
0
0
0.975848284176147
0
0.00360949965378322
-0.00360949965374857
0.00360949965378322
0.00360949965378322
0
0
0.00360949965374857
0
0
0
0.975848284176095
0
0
-0.0108284989613594
254.055098707028
-1000
-1000
1000
1000
-1000
0
0
-745.548866816587
-1000
-254.055098707028
-1000
0
0
0
0
0
0
0
0
0
0
0
0
0
0
0
0
0
0
0
0
0
0
0
0
0
999.603965523615
0
0
0
0
0
0.00179951866797308
0
137.760678403617
0
0
0
0
0
0
0.00360949965378322
0
0
0
0
0
0
0
0
0
0
0
0
0
0
0
0
0
0
0
0
0
0
0
0
1000
0
0
0
0
0
0
0
0
0
0
0
0
0
0
0
0
0
0
0
0
0
0
0
0
0
0
0
0
0
0
2.32786571874419
0
0
0
0
0
0
0
0
0
0
0
0
0
0
0
0
0
0
0
0
0
0
0
0
0
0
0
0
0
0
0
0
0
0
0
0
0
0
0
0
0
0
0
0
0
0
0
0
0
0
0
0
0
0
0
0
0
0
0
0
0
0
0
0
0
0
0
0
0
0
0
0
0
0
0
0
0
0
0
0
0
0
0
0
0
0
0
0
0
0
0
0
0
0
0
0
0
0
0
0
0
0
0
0
0
0
0
0
0
0
0
-999.987403369324
0
0
0.0017995186680082
0
0.019805167665595
0
0
-0.0125966306758301
0
1000
0
0
0
0
0.0162061303295786
0
0
0
0
0
0
0
0
0
0
0
0
0
0
0
0
0
0
0
0.00360949965378322
0.00360949965378322
0.00360949965378322
279.188825005886
-1000
0
-1000
-1000
0
0
0
0
0
0
-1000
1000
0
0
0
0
0
0
0
0
0
0
-1000
437.673012125781
956.355249089831
-43.6447509101696
-1000
-1000
-0.568312953205123
0
-1000
-1000
0
0
0
0
0
0
0
0
0
0
-1000
0
1000
0.39535355386583
0.00360949965378322
0.00360949965378322
0.00360949965378322
0.00360949965378322
0.00360949965378322
0
0
1000
0
0
0
0
0
0
0
0
0
0
0
0
0
0
0
-1000
0
0
0
0
0
0
0
1000
1000
0
1000
0
0
999.998528639603
0
0
0
0
0
0
0
0
0
0
0
0
0
0
0
0
0
0
0
0
0
0
0
0
0
0
0
0
0
0
0
0
0
0
0
0
0
0
0
0
0
0
0
0
0
0
0.00360949965378322
-1000
0
0
0
0
0
0
0
0
0
-1000
0
0
0
0
0
0
0
1.69039233363355
1000
-1000
-1000
-1000
-1000
1000
0
0.0216151486513511
0
0
0
0
-226.125860331952
-1000
-1000
0
246.963295028564
0
0
999.978343002077
14.9248311887266
0
0
0
0
0
0.580494730310317
0.580494730310317
-521.65603265564
-999.985603850656
0
0
0
0
0
0
0
0
1000
0
0
0
0
0
0
0
1000
0.00360949965378322
0
0
0
0
0
0
0
0
-279.185215506232
1000
0
0
1000
0
0
0
300.692567299041
0
0.00539855600391924
0
0
-713.862183623789
0
-251.784522405446
0
0
0
-1000
-1000
0
0
0
0
0
0
1000
757.575671962149
0
0
0
0
0
0
-1000
0
0
0
0
-1000
-1000
0
0
-1000
0
0
0
437.673012125781
0.000898451544256908
0
0
0
0
0
0
0
0
745.944901292972
251.714586661599
997.659487954571
0
0
0
0
0
0
0
0
0
1000
0
0
-1000
1000
-1000
-1000
1000
0
0
0
0
0
0
0
0
-1000
0
0
1000
0.00179951866797308
0.00179951866797308
0
42.8238318954336
-1000
-507.45854829673
-507.45854829673
257.026159390949
0
0
0
0
0
0
0
0
0
0
0
0
0
0
0
0
0
0
0
0
0
0
0
0
0
0.00360949965374857
0
0
0
0
0
0
0
0
0
0
0
0
0
0
0
0
0
0
0
0
0
0
0
0
0
0
0
0
0
0
0
0
0
0
0
0
0
0
0
0
0
0
0
0
0
0
-1000
0
-1000
0
0
0
0
0
0
-1000
0
0
0
0
0
0
0
0
0
0
0
-1000
0
0
0
0
0
0
0
0
0
0
0
0
0
1000
0
0
0
0
0
0
0
0
0
0
0
0
0
0
0
0
0
0
0
0
757.575671962149
0
0
0
0
0
0
0
0
0
0
0
0
0
0
0
0
0
0
0
0
0
242.438257291266
0
0
0
0
0
0
0
0
0
0
0
0
0
0
242.439728651663
0
0
0
0
0
0
0
0
0
0
0
0
0
0
0
0
0
0
0
0
0
0
0
0
0
0
0
0
0
0
0
0
0
0
0
0
0
0
0
0
0
0
0
0
0
0
0
0
0
0
0
0
0
0
0
0
0
0
0
0
0
0
0
0
0
0
0
0
0
0
0
0
0
0
0
0
0
0
0
0
0
0
0
0
0
0
0
0
0
0
0
0
0
0
0
0
0
0
0
0
0
0
0
0
0
0
0
0
0
0
0
0
0
0
0
0
0
0
0
0
0
0
0
0
0
-1000
0
0
0
0
0
0
0
0
0
0
0
0
0
0
0
0
0
0
0
0
0
0
0
68.131802449193
0
0
-98.5376745122926
0
-731.199178780461
1000
-268.800821219539
0
-1000
0
-1000
-1000
0
0
0
0
953.473474821769
0.0216569979227188
0
0
0
0
0
0
0
0
0
0
0
0
0
0
0
0
0
0
0
0
0
0
0
0
0
0
0
0
0
0
0
0
0
0
0
0
0
0
0
0
0
0
0
0
0
0
0
0
0
0
0
0
0
0
0
0
0
0
0
0
0
0
0
0
0
0
0
0
0
0
0
0
0
0
0
0
0
0
0
0
0
0
0
0
0
0
0
0
0
0
0
0
0
0
0
0
0
0
0
0
0
0
0
0
0
0
0
0
0
0
0
0
0
0
0
0
0
0
0
0
0
0
0
0
0
0
0
0
0
0
0
0
0
0
0
0
0
0
0
0
0
0
0
0
0
0
0
0
0
0
0
0
0
0
0
0
0
0
0
0
0
0
0
0
0
0
0
0
0
0
0
0
0
0
0
0
0
0
0
0
0
0
0
0
0
0
0
0
0
0
0
0
0
0
0
0
0
0
0
0
0
0
0
0
0
0
0
0
0
0
0
0
0
0
0
0
0
0
0
0
0
0
0
0
0
0
0
0
0
0
0
0
0
0
0
0
0
0
0
0
0
0
0
0
0
0
0
0
0
0
0
0
0
0
0
0
0
0
0
0
0
0
0
0
0
0
0
0
0
0
0
0
0
0
0
0
0
0
0
0
0
0
0
0
0
0
0
0
0
0
0
0
257.026159390949
0
0
0
0
0
0
0
0
0
0
0
-1000
0
0
0
0
0.00360949965374857
-477.913992237052
-521.65603265564
0
0
0
0
0
0
0
0
0
0
0
0
0
0
0
0
0
0
0
0
0
0
0
0
0
0
0
0
0
0
0
0
0
0
0
0
0
0
0
0
0
0
0
0
0
0
0
0
0
0
0
0
0
0
0
0
0
0
0
0
0
0
0
0
0
0
0
0
0
0
0
0
0
0
0
0
0
0
0
0
0
0
0
0
0
0
0
0
0
0
0
0
0
0
0
0
0
0
0
0
0
0
0
0
0
0
0
0
0
0
0
0
0
0
0
0
0
0
0
0
0
0
0
0
0
0
0
0
0
0
0
0
0
0
0
0
0
0
0
0
0
0
0
0
0
0
0
0
0
0
0
0
0
0
0
1000
0
0
1000
0
0
0
0
0
0
1000
0.00360949965374857
0
0
-1000
518.683708324446
0
0
0
0
0
0
0
0
0
0
0
0
0
0
0
0
1000
-1000
0
0
0
0
0
0
0
0
0
0
0
0
0
0
0
0
0
0
0
0
0
0
0
0
0
0
0
0
0
0
0
0
0
0
0
0
0
0
0
0
0
0
0
0
0
0
0
0
0
0
0
0
0
0
0
0
0
0
0
0
0
0
0
0
0
0
0
0
0
0
0
0
0
0
0
0
0
0
0
0
0
0
0
0
0
0
0
0
0
0
0
0
0
0
0
0
0
0
0
0
0
0
0
0
0
0
0
0
0
0
0
0
0
0
0
0
0
0
0
0
0
0
0
0
0
0
0
0
0
0
0
0
0
0
0
0
0
0
0
0
0
0
0
0
0
0
0
0
0
0
0
0
0
0
0
0
500
87.18598197544
-3.67840099161879
0
0
-0.975848284176095
0
0
0
0
465.355178793911
19.2855392129673
42.1544222851252
0.104623178370528
87.18598197544
0
0
0
0
0
0
0
0
0
0
0
0
0
0
0
0
0
0
0
1000
-1000
0
-1000
0
559.492909208761
-1000
0
521.65603265564
0
30.3126086075651
0
0
0
0
0
0
0
0
0
0
0
0
0.00360949965378322
0
0
0
0
0
0
0
0
0
0
0
0
0
0
0
0
0
757.575671962149
0
-515.137414670883
0
0
0.0125966306758301
-0.704413789894943
-0.0308985683295759
0
-10.7112686899854
-20.9986740099991
-1000
-33.5812851799091
-10.4868563316797
-495.675594593173
-26.5320936501371
-4.60263517446538
-31.410149341663
1000
-1000
0
0
0
0
-1000
-38.9779884817112
-17.5014045115138
-26.4975069710874
-13.3077239041023
-10.2949163923608
-23.8894167876759
-34.5519397951388
484.078721108886
-34.220945189448
0
0
-1000
170.231412411672
0
1000
-0.00360949965374857
0
226.125860331952
-1000
0
0
0
0
0.366425245046344
0
1000
-931.81802934243
0
0
0
0
0
0
0
0
0
-0.00360949965374857
0
0
0
0
0
0
0
0
0
0
0
0
1000
-1000
0
-1000
1000
1000
-1.69039233363355
0
0
-1000
-1000
246.798892781652
-0.00360949965374857
-0.00360949965374857
-0.994844365928998
720.811174994114
0
0
-0.00360949965374857
0
-0.00360949965374857
0
0
0
-0.00360949965374857
0
0
0
-0.00360949965374857
0
0
0
0
0
0
0
0
0
0
0
1000
0
0
0
0
0
0
0
0
0
0
0
0
0
76.0426147623052
0
0
0
-657.227352390874
0
1000
0
0
-0.00360949965374857
0
0
0
0
0
0
0
0
0
0
0
0
0
0
-434.815032994899
-3.63311833630041
0
-1000
-1000
0
0
0
0
0
712.998088322481
0
0
2.45646155471877
1000
0
0
0
0
0
-748.285413338401
0
0
0
0
1000
1000
1000
0
0
758.249403828097
416.550081210324
0
0
0
0
0
-32.6535321708299
0
0
-0.164402246912005
-1000
-1000
0
0
0
0
0
0
-0.0504597589282412
0
0
0
0
-720.814784493768
-287.001911677519
287.001911677519
0
0
0
0
0
-466.034793293917
-1000
-744.310892133883
491.833310428925
0
0
0
0
0
0
0
0
0
1000
-0.00154026173447619
-0.00147136039663565
-0.398370827392341
-1000
-0.0217025658505463
-0.105869047220835
-0.0139779237681523
-0.0790856213197912
-0.042301611403559
0
0
0
274.083109933696
0
-0.00147136039663565
-1000
-0.00294272079327129
-0.00147136039663565
-0.00147136039663565
-0.0106673628756653
0
-0.00147136039663565
-0.551597377396888
0
0
-14.9248311887266
0
0
-0.00147136039663565
-0.0100944540232604
0
-0.00147136039663565
-0.00147136039663565
-0.00147136039663565
-0.00147136039663565
-0.0426694515027748
0
-0.0919600247905237
0
0
0
-251.784522405446
251.784522405446
0
0
-1000
1000
-0.00360949965374857
0
1000
-1000
0
0
0
-1000
0
0
0
0
0
0
0
0
0
0
0
0
0
0
0
0
0
0
0
-1000
1000
-42.8238318954336
42.8238318954336
1000
-1000
0
-1000
1000
0
0
0
-0.00147136039663565
-0.00147136039663565
0
0
0
0
1000
-268.800821219539
268.800821219539
953.473474821769
0.0216569979227188
0
0
0
0
0
-1000
-1000
0
0
0
0
0
0
0
0
0
0
0
0
0
0
0
0
0
0
0
0
0
0
0
0
0
0
0
0
0
0
0
0
0
0
0
0
0
0
0
0
0
0
0
0
0
0
0
0
0
0
0
0
0
0
0
0
0
0
0
0
0
0
0
0
0
0
0
0
0
0
0
-0.00147136039663565
0
0
0
0
0
0
0
0
0
0
0
0
0
0
0
0
0
0
0
0
0
0
0
0
0
0
0
0
0
0
0
0
0
0
0
0
0
0
0
0
0
0
0
0
0
0
0
0
0
0
0
0
0
0
0
0
0
0
0
0
0
0
0
0
0
0
0
0
0
0
0
0
0
0
0
0
0
0
0
0
0
0
0
0
0
0
0
0
0
0
0
0
0
0
0
0
0
0
0
0
0
0
0
0
0
0
0
0
0
0
0
0
0
0
0
0
0
0
0
0
0
0
0
0
0
0
0
0
0
0
0
0
0
0
0
0
0
0
0
0
0
0
0
0
0
0
0
0
0
0
0
0
0
0
0
0
0
0
0
0
0
0
0
0
0
0
0
0
0
0
0
0
0
0
0
0
0
0
0
0
0
0
0
0
0
0
0
0
0
0
0
0
0
0
0
0
0
0
0
0
0
0
0
0
0
0
0
0
0
0
0
0
0
0
0
0
0
0
0
0
0
0
0
0
0
0
0
0
0
0
0
0
0
0
0
0
0
0
0
0
0
0
0
0
0
0
0
0
0
0
0
0
0
0
0
0
0
-1000
748.215477594554
1000
0
0
1000
477.913992237052
0
0
0
0
0
0
0
0
0
0
0
0
0
0
0
0
0
0
0
0
0
0
0
1000
0
-518.683708324446
0
0
-0.00360949965374857
0
0
0
0
0
0
0
0
-999.974775351695
0
0
0
0
0
0
0
0
0
0
0
0
0
0
0
0
0
0
0
0
0
0
0
0
0
0
0
0
0
0
0
0
0
0
0
0
0
0
0
0
0
0
0
0
0
0
0
0
0
0
0
0
0
0
0
0
0
0
0
0
0
0
0
0
0
-208.964300009666
208.964300009666
208.964300009666
0
0
-0.00147136039663565
-0.00147136039663565
-0.00147136039663565
0
-0.00147136039663565
-0.569784313601758
0
-0.00147136039663565
-0.00147136039663565
-0.00147136039663565
-0.00147136039663565
0
-0.00147136039663565
-0.00147136039663565
-0.00147136039663565
-0.00147136039663565
-0.00147136039663565
-0.00147136039663565
-0.00147136039663565
0
-0.00147136039663565
-0.00147136039663565
-0.00147136039663565
0
-1000
87.18598197544
0
1000
0
0
0
0
0
0
0
0
0
