0
0
0
0
0
0
0
1000
-1000
325.325969521598
674.674030478402
0
0
199.289168760818
1000
0
999.74158458941
-999.74158458941
999.94069154511
0
0.0593084548894867
0
-1000
0.372796002162431
0
1000
-201.77371199924
0
-439.914069290524
0.0126590125017477
0
0
0
0
0
0.0326621447979064
0
0
0
35.5903299986844
0
0
0
0
0
0
0
0
0
0
0
0
0
0
0
0
0
0
0
0
0
0
0
0
0
0
0
0
439.914069290524
0
0
0
0
2.56122804546692
2.56122804546692
0
0
0
439.914069290524
0
0
-1000
0
0
0
0
0
0
0
0
0
0
0
0
0
0
0
0
0
0
0
0
0
0.0036273748447699
0
0
0
0
0
0
0
0
0
0
74.58057245011
0
0
0
0
0
0
0
0
0
0
0
0
0
0
0
1000
0
0
1000
0
0
0
0
1000
0
0
0
0
-14.8480333363315
0
0
0
0
-1000
0
0
0.0090526659169475
1000
0
0
598.521960055715
1000
1000
401.469567307872
0
0
0
-1000
401.469567307872
600.75873606869
1000
-800.710831239182
0
0
1000
0
0
0.00905266591689724
0
0
1000
668.413149298999
0
0
0
0
0
-3.98996775995965
0
0
0
0
0
0
0
9.70101536157529
-1000
0
0
0
286.432105262691
0
0
0
0
519.151191957148
519.151191957148
0
0
0
0
-523.145396035314
0
-999.995763681794
1000
0
0
0
0
0
0
0
0
0
0
0
0
0
-1000
0
998.830303039187
0
0.467878784325394
0
0
0
0.70181817648809
0
523.145396035314
0
0
0
-1000
0
0
0
0
0
0
0
0
0
0
0
0
-1000
0
1000
1000
-1000
-2.56122804546692
1000
-1000
993.988717911957
-243.259890454082
-1000
-0.980680941366018
-1000
-2.19407813110638
0
-1000
1000
1000
787.188233600341
1000
0
0
1000
0
0.182161682874852
0
-0.182161682874835
0
0.00180843035739253
0
0
0
0
0
0
0
0
0
0
5.54159487335994
0
0
0
0
0
0
287.001911677519
0
1000
0.476351420738069
0
0
1000
0
-0.182161682874835
0
-0.701818176488132
0
0
0.701818176488132
2.19407813110638
0
0
0
0
0
0
0
-212.109948223171
0
0
0
-86.6537875712193
0.701818176488132
0
-1000
-0.980680941366018
0
0
0.00362737484442732
0
0
0
0
0
0
0
0
0
0
0
0
712.998088322481
0
0
0
2.33939392162697
0
9.84823508580042
0
0
329.044053409794
0
0
0
0
0
-198.443404320609
-1000
1000
-1000
-1000
1000
1000
1000
-1000
-1000
1000
-1000
1000
-5.54340330371735
0
0
-1000
0
0
0
0
-1000
0
0
-1000
-1000
-1000
1000
0
80.6702102156869
1000
1000
0
0
0
0
0
0
0.980680941366014
-1000
1000
1000
0
1000
-1000
-999.298181823512
0
-1000
-1000
1000
1000
1000
-1.16969696081344
0
-1000
0
1000
-1000
1000
-1000
1000
-1000
-918.861910999988
1000
0
0
0
-1000
1000
0
0
0
-523.145396035314
0
0
0
-931.51302067676
1000
0
0
-87.714801722735
57.8663432500718
0
0
0
0
0
0
0
0
0
285.76962520333
0
0
0
0
0
0.0036273748447699
0
999.970981001242
-68.5196256968431
-931.451355304399
0
0
931.451355304399
0
0
0
0
0
0
0
0
0
0
0
0
0
0
0
0
0
0
0
0
0
0
0
0
0
0
0
0
0
0
0
0
0
0
0
0
0
0.00362737484476838
1000
0.105907955159751
0.105907955159751
0
-469.669500167002
0
0
0
0
0
0
0
0
0
0
0
0.0290189987581592
0
0
0
-664.194283466661
0
0
0
0
0
0
0
0
0
0
0
0
0
0
0
0
0
0
0
0
0
0
0
0
0
0
0
0
0
0
0.1652164100493
0
0
0
-785.755735161443
0
418.124241601062
0
418.124241601062
0
0
1000
0
0
0
0
0
0
0
0
0
0
0
0
0
0
0
0
0
0
0
0
0
0
0
0
628.37385498881
0
0
0.1652164100493
0
0
0
0
0
0
0
0
0
982.582541977701
0
0
0
0
0
0
0
0
0
0
0
0
0
0
0
0
0
0
0
0
0
0
0
0
0
0
0
0
0
0
-1000
0
0
0
0
0
0
0
0
0
0
0
0
0
0
32.8152410446157
0
32.8152410446157
0
0
0
0
0
0
0
0
0
0
0
0
0
0
0
0
0
0
0
0
0
785.755735161443
214.244264838557
285.773861521537
0
0
0
0
0.766773595356935
0.766773595356935
0
0
0
0
0
0
0
0
0
0
0
0
0
0
0
0
0
0
0
0
0
0
0
0
0
0
0
-0.00362737484476838
0
0
0
-1000
0
0
-1000
0
0
0
0
2.20288546732379
0
0
2.20288546732379
0
0
0
0
0
0
0
0
0
0
2.20288546732379
0
2.20288546732379
0
0
0
13.1412386926149
37.4595451700518
23.9441786854763
17.5372402481516
26.0018815412594
8.55817324109798
20.0158368698904
36.6177576381405
33.7182672504461
10.6626420708762
20.6705605058214
42.6038023095096
33.624735302456
10.3820462269057
17.2098784301861
23.8506467374862
30.9123088107419
25.0197960873629
4.58306545151695
31.1929046547123
0
0
0
0
0
0
0
0
0
0
0
0
0
0
0
0
0
0
0
0
0
0
0
0
0
0
0
0
0
0
0
0
0
0
0
0
0
0
0
0
0
0
0
0
0
0
0
0
0
0
0
0
0
0
0
0
0
0
0
0
0
0
0
0
0
0
0
0
0
0
908.886987233331
0
0
0
0
0
0
0
0
0
0
0
0
0
0
0
0
0
0
0
0
0
0
-1000
0
0
0
0
0
-74.58057245011
-74.58057245011
-1000
-1000
0
0
0
0
297.929469695578
261.192497709626
0
-87.714801722735
-633.855047310743
-559.274474860633
-1000
0
-335.834735532097
664.194283466661
-104.207322097153
826.120312905349
1000
559.130440041616
1000
0
-297.929469695578
738.807502290374
0
-1000
-1000
-1000
0
0
0
664.194283466661
664.194283466661
335.834735532097
0
0
0
0
0
0
0
0
0
0
0
1000
332.571159017212
1000
1000
0
500
0
2.5126905548917
5
0
0
0
0
0
0
417.837663543675
0
0
0
0.164732388014954
0.00169656842388122
5.47735190149638
-0.164732388014954
-0.164732388014954
0.164732388014954
0.00169656842388122
91.4264753482862
340.562420446682
0.164732388014954
0.00169656842388122
-0.00169656842388122
0.00169656842388122
61.6922793115914
-0.164732388014954
10.2957742509332
0
-999.835267611985
0.164732388014954
-0.164732388014954
0.00169656842388122
0.00169656842388122
-0.00169656842388122
0.164732388014954
-0.00339313684776243
0.00315627535940166
0.00169656842388122
0.00169656842388122
0.00169656842388122
0.00169656842388122
0.00169656842388122
0.00169656842388122
0.00169656842388122
0.00169656842388122
0.00169656842388122
0.00169656842388122
0.0356279369015056
0.00970065173680723
0.0487763421865566
0.0492004842925553
0.0250243842522195
-0.00169656842388122
-0.00169656842388122
0.114284130614919
-0.00169656842388122
-0.00169656842388122
-0.00169656842388122
-0.00169656842388122
0.812232132932422
0.0123001210731672
0.091190552783587
0.45934590076547
0.0095653643282958
-0.00169656842388122
-0.00169656842388122
-0.0161174000268147
-0.00169656842388122
-0.00169656842388122
0.00169656842388122
0
0
0
0
0
0
0
0
0
0
0
0
0
0
0
0
0
0
0
0
0
0
0
0
0
0
0
0
0
0
0
0
0
0
0
0
0.000902900912478799
0
0
0
0
0
0
0
0
0
0
0
0
0
0
0
0
0
0
0
0
0
0
0
0
0
0
0
0
0
0
0
0
0
0
0
0
0
0
0
0
0
0
0
0
0
0
71.574978174918
0
0
0
0
0
0
0
0
0
0
0
0
0
0
0
0
0
0
0
0
0
0
0
0
0
0
0
0
0
0
0.16303581959105
0.16303581959105
0.16303581959105
0.16303581959105
0
0
0
0
0
0
0
0
0
0
0
0
0
0
0
0
0.00169656842387976
0.00169656842387976
0.00169656842387976
0.00169656842387976
0
0
0
0
0.00145970693547637
0.00145970693547637
0.00145970693547637
0.00145970693547637
71.4087860799676
71.4087860799676
71.4087860799676
71.2457502603766
0
0
0
0
0
0
0
0
0
0
0
0
0
0
0
0
0
0
0
0
0
0
0
0
0
0
0
0
0.16303581959105
0.16303581959105
168.163735182857
8.92621112261001
0.16303581959105
0
10.1897387244407
0
0
0
0.164495526526527
0
0
0
0
0
0
0
0
0
0
0
0
0
0
0
0
0
0
0
0
0
0
0
0
0
0
0
0
0
0
0
0
0
0
0
0
0
0
0
0
0
0
0
0
0
0
0
0
0
0
0
0
0
0
0
0
0
0
0
0
0
0
0
0
0
0
0
0
0
0
0
0
0
0
0
0
0
0
0
0
0
0
0
0
0
0
0
0
0
0
0
0
0
0
0
0
0
0
0
0
0
0
0
0
0
0
0
0
0
0
0
0
0
0
0
0
0
0
0
0
0
0
0
0
0
0
0
0
0
0
0
0
0
0
0
0
0
0
0
0
0
0
0
0
0
0
0
0
0
0
0
0
0
0
0
0
0
0
0
0
0
0
0
0
0
0
0
0
0
0
0
0
0
0
0
0
0
0
0
0
0
0
0
0
0
0
0
0
0
0
0
-1000
0
0
0
0
0
0
0
0
0
0
0
0
0
0
0
0
0
0
0
0
0
0
0
0
0
0
0
0
0
0
0
0
0
0
0
0
0
0
0
0
0
0
0
0
0
0
0
0
0
0
0
0
0
0
0
0
0
0
0
0
0
0
0
0
0
0
0
0
0
0
0
0
0
0
0
0
0
0
0
0
0
0
0
0
0
0
0
0
0
0
0
1000
1000
0
0
0
0
0
0
0
0
0
0
0
0
0
0
0
0
0
0
-1000
0
-1000
0
0
0
0
0
0
0
1000
1000
0
0
0
0
0
0
0
0
0
0
0
0
0
0
0
0
0
0
0
0
0
0
0
0
0
0
0
0
0
0
0
0
0
0
0
0
0
0
0
0
0
0
0
0
0
0
0
0
0
0
0
0
0
0
0
0
0
0
0
0
0
0
0
0
0
0
0
0
0
0
0
0
0
0
0
0
0
0
0
0
0
0
0
0
1000
-131.669563712351
0
0
0.163035819591073
0
1000
0
0
168.000699363266
0
826.089252176558
0
331.543322202864
0
0
0
0.000902900912478799
-0.327768207606027
0
-1000
999.836964180409
0
0
0
0
0
0
0
0
0
0
0
0
0
-1000
0.000902900912478799
0
0
0
0.00362737484476838
0
0
0
0
0
0
0
-0.00362737484476838
0
0
0
0
0
417.837663543675
-1000
1000
-167.837663543675
-167.837663543675
0
-118.330436287649
1000
-0.0217642490686103
0
0
0.163035819591073
-0.163035819591073
0
0
173.910747823442
-173.910747823442
1000
0
0
0
-168.000699363266
-168.000699363266
-1000
0
-173.910747823442
-826.089252176558
-1000
0
-668.456677797136
-331.543322202864
-1000
0
0
0
0
0
-1000
0
449.895522739582
0
0
0
-1000
1000
-1000
0
0
0
-1000
0
0
0
-1000
0
0
0
0
0
0
0
0
0
0
0
0
0
0
0
0
0
0
0
-1000
1000
-1000
0
-1000
0
-1000
0
-1000
0
0
0
0
0
0
0
0
0
-1000
0
1000
0
-1000
0
-1000
0
-1000
0
-1000
0
0
0
0
0
0
0
0
0
-250
-750
250
-250
0
0
0
0
0
0
0
0
0
0
0
0
0
0
0
0
0
0
0
0
0
0
0
0
0
0
0
0
0
0
0
0
0.000902900912478799
-0.000902900912478799
0
0
0
0
0
0
0
0
0
0
0
0
0
0
0
0
0
0
0
0
0
0
0
0
0
0
0
0
0
0
0
0
0
0
0
0
0.000902900912478799
-0.000902900912478799
0
0
0
0
0
0
-0.00362737484476838
-0.00362737484476838
0
0
0
0
0
0
0
0
0
0
0
0
0
0
0
0
0.00362737484476838
0.00362737484476838
0
0
0
0
0
0
0
0
0
0
0
0
0
0
0
0
0
0
0
0
0
0
0
0
0
0
0
0
0
0
0
0
0
0
0
0
0
0
0
0
0
0
0
0
1.18805813647701
0.0036273748447699
0
0
0
0
0
0
0
0
0.149482890704469
0
0
0
0
0
0
0
0
0
0
0
0
0
0
0
0
0
0
0
0
0
0
0
0
0
0
0
0
0
0
0
0
0
0
0
0
0
0
0
1000
-1000
0
0
0
0
0
0
0
0
0
0
0
0
0
0
0
0
0
0
0
0
0
0
0
0
0
173.910747823442
173.910747823442
173.910747823442
0
0
0
0
167.837663543675
167.837663543675
0
0
0
0
0
0
0
0
0
0
0
0
0
0
0
0
0
0
0
0
0
0
0
0
0
0
0
0
0
0
0
0
0
0
0
0
0
0
0
0
0
0
0
0
0
0
0
0
0
0
0
0
0
0
0
0
0
0
0
0
0
0
0
0
0
0
0
0
0
0
0
0
0
0
0
0
0
0
0
0
0
0
0
0
0
0
0
0
0
0
0
0
0
0
0
0
0
0
0
0
0
0
0
0
0
0
0
0
0
0
168.000699363266
168.000699363266
168.000699363266
168.000699363266
-168.000699363266
0
0
0
0
0
0
0
0
0
0
0
0
0
0
0
0
0
0
0
0
0
0
0
0
0
0
0
0
0
0
0
0
0
0
0
0
0
0
0
0
0
0
0
0
0
0
0
0
0
0
0
0
0
0
0.0036273748447699
0.0036273748447699
0.0036273748447699
0.0036273748447699
0.0036273748447699
0
0
0
0
0
0
0
0
0
0
0
0
0
0
0
0
0
0
0
0
0
0
0
0
0
0
0
0
0
0
0
0
0
0
0
0
0
0
0
0
0
0
0
0
0
0
14.8480333363315
14.8480333363315
-14.8480333363315
4.94088057080604
-2.46862659798069
2.46862659798063
2.46862659798063
2.46862659798063
0
0
0
0
0
0
0
0
0
0
0
0
0
0
0
0
0
0
0
0
2.46862659798063
0
2.46139287655106
2.46862659798063
2.46862659798063
2.46862659798063
2.46862659798063
2.46862659798063
2.46862659798063
2.46862659798063
2.46862659798063
2.46862659798063
2.46862659798063
2.46862659798063
2.46862659798063
2.46862659798063
2.46862659798063
2.46862659798063
2.46862659798063
14.8480333363315
14.8480333363315
4.94088057080604
4.94088057080604
0
0
0
0
0
0
0
0
0
0
0
0
0
0
0
0
0
0
0
0
0
0
0
0
0
0
0
0
0
0
0
0
0
0
0
0
0
0
0
0
0
0
0
0
0
0
0
0
0
0
0
0
0
0
0
0
0
0
0
0
0
0
0
0
0
0
0
0
0
0
0
0
0
0
0
0
0
0
0
0
0
0
0
0
0
0
0
0
0
0
0
0
0
0
0
0
0
0
0
0
0
0
0
0
0
0
0
0
0
0
0
0
0
0
0
0
0
0
0
0
0
0
0
0
0
0
0
0
0
0
0
0
0
0
0
0
0
0
0
0
0
0
0
0
0
0
0
0
0
0
0
0
0
0
0
0
0
0
0
0
0
0
0
0
0
0
0
0
0
0
0
0
0
0
0
0
0
0
0
0
0
0
0
0
0
0
0
0
0
0
0
0
1.18805813647701
405.106339281357
405.106339281357
0
7.91631626729079
7.91631626729079
0
-413.022655548647
413.022655548647
7.91631626729079
0
403.91828114488
0
0
403.91828114488
0
7.91631626729079
0
7.91631626729079
7.91631626729079
0
0
0
0
0
0
0
0
0
0
0
0
0
0
0
0
0
0
0
0
0
0
0
0
0
0
0
0
0
0
0
0
0
0
0
0
0
0
0
0
0
0
0
0
0
0
0
0
0
0
0
0
0
0
0
0
0
0
0
0
0
0
0
0
0
0
0
0
0
0
0
0
0
0
0
0
0
0
0
0
0
0
0
0
0
0
0
0
0
0
0
0
0
0
0
0
0
0
0
0
0
0
0
0
0
0
0
0
0
0
0
0
0
0
0
1.18805813647701
0.0036273748447699
0
0
0
0
0
0
0
1.56405043415489
0
0
0
0.980680941366014
0.980680941366014
0.980680941366014
0
0
0
0
0
0
1.34116840202625
0
0
0
0.0036273748447699
0
0
0
0
-1.34116840202626
1.34116840202625
0
0
0
0
0
0
0
0
0
0
0.22288203212864
0
0.22288203212864
0
0
0
0
0
0
0
0
0
0
10.9347863066938
10.9347863066938
10.9347863066938
0
0
0
0
-0.149482890704462
0
0
0
0
0
0
0
0
0
0
0
0
0
0
0
0
0
0
0
0
0
0
0
0
0
0
0
0
0
0
0
0
0
0
0
0
0
0
0
0
0
0
0
0
0
0
0
0
0
0
0
0
0
0
0
0
0
0
0
0
0
0
0
0
0
0
0
0
0
0
0
0
0
0
0
0
0
0
0
0
0
0
0
0
0
0
0
0
0
0
0
0
0
0
0
0
0
0
0
0
0
0
0
0
0
0
0
0
0
0
0
0
0
0
0
0
0
0
0
0
0
0
0
0
0
0
0
0
0
0
0
0
0
0
0
0
0
0
0
0
0
0
0
0
0
0
0
0
0
0
0
0
0
0
0
0
0
0
0
0
0
0
0
0
0
0
0
0
0
0
0
0
0
0
0
0
0
0
0
0
0
0
0
0
0
0
0
0
0
0
0
0
0
0
0
0
0
0
0
0
0
0
0
0
0
0
0
0
0
0
0
0
0
0
0
0
0
0
0
0
0
0
0
0
0
0
0
0
0
0
0
0
0
0
0
0
0
0
0
0
0
0
0
0
0
0
0
0
0
0
0
0
0
0
0
0
0
0
0
0
0
0
0
0
0
0
0
0
0
0
0
0
0
0
0
0
0
0
0
0
0
0
0
0
0
0
0
0
0
0
0
0
0
0
0
0
0
0
0
0
0
0
0
0
0
0
0
0
0
0
0
0
0
0
0
0
0
0
0
0
0
0
0
0
0
0
0
0
0
0
0
0
0
0
0
0
0
0
0
0
0
0
0
0
0
0
0
0
0
0
0
0
0
0
0
0
0
0
0
0
0
0
0
0
0
0
0
0
0
0
0
0
0
0
0
0
0
0
0
0
0
0
0
0
0
0
0
0
0
0
0
0
0
0
0
0
0
0
0
0
0
0
0
0
0
0
0
0
0
0
0
0
0
0
0
0
0
0
0
0
0
0
0
0
0
0
0
0
0
0
0
0
0
0
1000
0
0
0
0
507.458343017
0
0
0
0
0
0
0
0
0
0
0
0
0
0
0
0
0
0
0
0
0
0
0
0
0
0
0
0
0
0
0
0
0
0
0
0
0
0
0
0
0
0
0
0
0
0
0
0
0
0
0
0
0
0
0
0
0
0
0
0
0
0
0
0
0
0
0
0
0
0
0
0
0.1652164100493
0.1652164100493
0
0
0
0.165216410049311
0.1652164100493
0
0
0
0
0
0.0254179092382856
0
0
0
0
0
0
0
0
0
0
0
0
0
0.999771096708315
0
0
0
0
0
0
0.999771096708315
0.999771096708315
0.999771096708315
0.999771096708287
0
0
0
0
0
0
0
0
0
0
0
0
0
0
0
0
0
0
0
0
0
0
0
0
0
0
0
0
0
0
0
0
0
0
0
0
0
355.490880726895
355.490880726895
0
0
0
0
0
0
0
0
0
0
0
0
0
0
0
0
0
0
0
0
0
0
0
0
0
0
0
0
0
0
0
0
0
0
0
0
0
0
0
0
0
0
0
0
0
0
0
0
1000
0.701818176488132
-1000
0
0
0
-1000
1000
1000
0
0
0
0
-1000
0
0
0
0
0
0
0
0
0
0
0
0
0
0
0
0
0
0
0
0
0
0
0
0
0
0
0
0
0
0
0
0
0
0
0
0
0
0
0
0
0
-1000
0
0
0
0
0
0
0
0
0
0
0
0
0
0
0
0
0
-999.996372625155
-1000
1000
-1000
1000
999.996372625155
-1000
0
0
0
0
0
0
0.00362737484476838
0
0
0
0
0
0
0
0.0145094993790796
0.0036273748447699
0.0036273748447699
0.0036273748447699
0.0036273748447699
0
0.0036273748447699
0
0
0
0
0
0
0
0.0144779569891251
0
0.0036273748447699
0
1000
0.00180843035739253
0.00180843035739253
0.00362737484476838
0
0.0126695266317326
0.00180843035739253
0.00543580520216091
-0.00180843035741418
0.00180843035739253
0.00180843035739253
0.00180843035739253
0.00180843035739253
0.00180843035739253
-0.00180843035741418
-0.00361686071482836
-0.00543580520218256
0.00180843035739253
0.00180843035739253
0.00180843035741418
0.00180843035739253
-0.00543580520218256
-0.00180843035741418
0.00362737484476838
0.00180843035739253
0.00180843035739253
0.0036273748447699
0.0036273748447699
-0.00362737484476838
-0.00362737484476838
0.00362737484476838
0.00362737484476838
0.00180843035739253
0.00180843035739253
0.00180843035739253
0.00180843035739253
-0.00543580520218256
-999.996372625155
0
0
0
0
0
0
-1000
0
0
0
0.0036273748447699
0
0
0
0
0.00181368742238495
0.00362737484476838
0.00362737484476838
0
0.0036273748447699
0
0
0
0
0
-0.00362737484476838
0
0
0.00723372142957013
0.00180843035739253
0.0054252910721776
0.00180843035739253
-0.00180843035741418
0.00180843035739253
0.00180843035739253
0.00180843035739253
0.00180843035739253
0.00180843035739253
0.00180843035739253
0.00361686071478506
0.00180843035739253
0.00180843035739253
0.00180843035739253
0.00180843035739253
0.00180843035739253
0
0.00180843035739253
0.0036273748447699
0.0036273748447699
0.0036273748447699
0.0036273748447699
0.0036273748447699
0.0036273748447699
0.0036273748447699
0.0036273748447699
0.0036273748447699
0.0036273748447699
0.0036273748447699
0.0036273748447699
0.0036273748447699
0.0036273748447699
0
0
0
0
0
0
0
0
0
0
0
0
-0.00362737484476838
0
0
0
0
0
0
0
0
0
0
0
0
0
0
0
0
0
0
0
0
0
0
0
0
0
0
0
0
0
0
0
0
0
0
0
0
0
0
0
0
0
0
0
0
0
0
0
0
0
0
0
0
0
0
0
0
0
0
0
0
0
0
0
1000
500
214.244264838557
0
0
0
0
0.0036273748447699
0
0
0
0
0
0
0
0
0
462.219680241778
0
0
0
0
0
0
0
0
0
0
0
0
0
-753.68714290062
0
0
0
-417.837663543675
0
0
0
0
0
0.16303581959105
0
0
0
0
0.16303581959105
0
0
0
0.16303581959105
0.16303581959105
0.16303581959105
0
0
0
0
63.6278848707668
0
0
0
0.16303581959105
0.16303581959105
0
0.16303581959105
0
0
0.161339251167171
0.161576112655574
0.16303581959105
0.16303581959105
0.16303581959105
0.16303581959105
0
0.16303581959105
0.16303581959105
0.16303581959105
0.16303581959105
0
0.16303581959105
0.16303581959105
3.42375221141206
1.01987677335651
4.6872798132427
4.72803876814046
2.40477833896799
0.16303581959105
0.16303581959105
11.3346168364228
0.16303581959105
0.16303581959105
0.16303581959105
0.16303581959105
78.0533986292154
1.18200969203512
8.76317530301896
44.1419481542769
0.566997993723907
0
0.16303581959105
0.16303581959105
1.54884028611498
0.16303581959105
0.16303581959105
0.16303581959105
0
-1000
0
403.91828114488
1000
0
0
0
0
-32.8152410446156
-1000
0
0.999771096708315
-1000
486.555619326261
519.151191957148
0
354.149712324869
281.460316804159
-1000
-1000
0
0
1000
0
0
0
0
0
1000
0
0
0
0
-287.001911677519
1000
-0.00362737484476838
0
0
0
0
-3.1747590724724
1000
712.998088322481
0
0
0
0
-999.987340987498
885.00106311488
287.001911677519
-1000
-523.145396035314
0
0
1000
0
1000
-1000
0
0
1000
847.006400970877
-1000
-417.815806471524
0
1000
0
0
-1000
1000
1000
1000
0
0
0
0
-214.244264838557
-343.68510645942
0
0
0
0
0
0
0
0
0
1000
0
1000
0
0
0
0
0
0
1000
0
0
0
1000
0
0
0
0
0
0
0
0
0
-1000
362.318005011516
-1000
-1000
1000
-1000
857.223636585579
-1000
-1000
-1000
-1000
-1000
1000
1000
-1000
-1000
1000
-1000
1000
1000
303.109877051
-1000
-1000
-1000
-1000
1000
1000
1000
657.884321633616
1000
1000
1000
-1000
-1000
-1000
-1000
-1000
-1000
-1000
-1000
-1000
-1000
-1000
1000
-1000
-1000
-1000
-1000
-1000
-1000
-968.434299343125
-1000
1000
1000
-366.83549996756
-1000
-1000
-1000
-1000
-1000
-1000
-1000
-1000
-1000
-1000
-1000
-1000
-1000
-1000
-1000
1000
-1000
-1000
-1000
-1000
-1000
-10.3458995241951
-1000
-1000
-380.806419395886
-1000
-973.336512448557
-1000
-1000
-1000
853.040113614027
-1000
1000
-1000
1000
1000
1000
-1000
-1000
1000
1000
1000
1000
-267.702165391779
-1000
-1000
-1000
1000
-1000
1000
1000
-1000
1000
-1000
1000
1000
1000
-636.781656670742
1000
1000
1000
1000
-1000
-1000
1000
-1000
-966.252411469559
-1000
931.480374303157
-955.488097761729
-1000
-1000
0
0
0
0
0
0
0
0
0
0
0
0
0
0
0
0
0
0
0
0
0
0
0
0
0
0
0
0
0
0
0
0
0
0
0
0
0
0
0
0
0
0
0
0
0
0
0
0
0
0
0
0
0
0
0
0
0
0
0
0
0
0
0
610.888048988367
0
0
0
0
0
0
0
0
0
0
0
0
0
0
0
0
0
0
0
0
0
0
0
0
0
0
0
0
0
0
0
0
0
0
0
0
0
0
0
0
0
0
0
0
0
0
0
0
0
0
0
0
0
0
0
0
0
0
0
0
0
0
0
0
0
0
0
0
0
0
0
0
0
0
0
0
0
0
0
0
0
0
0
0
0
0
0
0
0
0
0
0
0
0
0
0
0
0
0
0
0
0
0
0
0
0
0
0
0
0
0
0
0
0
0
0
0
0
0
0
0
0
0
0
0
0
0
0
0
0
0
0
0
0
0
0
0
0
0
1000
0
0
0
0
0
0
0
0
0
0
0
0
0
0
0
0
0
0
0
0
0
0
0
0
0
0
0
0
0
0
0
0
0
0
0
0
0
0
0
0
0
0
0
0
0
0
0
0
0
0
0
0
0
0
0
0
0
0
0
0
0
0
0
0
0
0
0
0
0
0
0
0
0
0
0
0
0
0
0
0
0
0
0
0
0
0
0
0
0
0
0
0
0
0
0
0
0
0
0
0
0
0
0
0
0
0
0
0
0
0
0
0
0
0
0
0
0
0.0036273748447699
0
0
0
0
1000
-72.8818088493468
-1000
1000
1000
1000
72.881808849347
927.118191150653
-1000
-1000
1000
-1000
1000
1000
1000
-1000
-1000
-1000
1000
-1000
1000
1000
246.31285709938
-1000
-1000
-1000
-1000
753.68714290062
1000
1000
-1000
1000
1000
-319.194665948727
-1000
-1000
-1000
-1000
-680.805334051273
-1000
-999.971012543632
1000
-1000
-1000
1000
1000
-1000
1000
-1000
-1000
-1000
-1000
-1000
-1000
-1000
0
0
0
0
0
0
1000
0
0
0
-1000
0
0
0
0
0
0
1000
0
-1000
-1000
-0.476351420738069
0
0
0
0
516.123630245375
0
152.103089345297
0
0
0
0
0
0
0
0
0
-0.00362737484476838
0.0036273748447699
0
0
-0.00362737484476838
-0.00362737484476838
0
0
0
0
0
0
0
0
0
0.0217221925486801
0
0
0
0
0
0
0
0
0
0
0
0
0
0
0
0
0
0
0
0
0.0036273748447699
0
0
-1000
-1000
1000
470.37131834349
-1000
0
0
0
0
0
0
0
0
0
0
0
0
0
0
0
0
0
0
0
0
0
1000
0
0
0
0.0036273748447699
0
0
0
535.878569928896
-0.025391623913265
0
0
0
0
0
-1000
0
0
0
0
0
508.545065383358
0
0
0
0
0
0
0
0
0
0
0
0
0
0
0
0
0
0
0
0
0
0
0
0
0
0
0
0.0036273748447699
0
0
0
0
0
1000
0
1000
0
0
1.96136188273203
0
0
0
0
0
0.0054252910721776
1000
0
-931.451355304399
0
0
0
0
0
0
0
0
0
-0.0290189987581471
0
0.00362737484476838
0
-969.68978284284
161.955048437446
998.038638117268
1000
0
0
0
0.144034819017293
1000
0
0
0
0
0
0.00362737484442732
0
0
1000
0
0
0
0
1000
0.0290189987581471
0
0
-674.674030478402
0
0
-1000
0.0036273748447699
-1000
1000
0
0
0
0
0
0
0
0
0
0
0
-74.7246072691273
0
0
68.5196256968431
0
0
0
0
0
0
68.5196256968431
328.76917769923
0
1000
1000
0
998.124248544492
0
0
0
0
0
0
0
0
0
0
0.980680941366014
0
0.0036273748447699
-0.00362737484476838
0.0036273748447699
0.0036273748447699
0
0
0.00362737484476838
0
0
0
0.980680941366018
0
0
-0.0108821245343051
-1000
-1000
-1000
1000
-1.87575145550795
-78.7944587601789
0
0
-992.112966456449
-1000
-1.87575145550795
-1000
0
0
0
0
0
0
0
0
0
0
0
0
0
0
0
0
0
80.6702102156869
0
0
0
0
0
0
0
993.988717911957
0
0
0
0
0
0.00180843035739253
0
674.674030478402
0
0
0
0
0
0
0.0036273748447699
0
0
0
0
0
0
0
0
0
0
-1000
0
250
0
0
0
0
0
0
0
0
0
0
0
1000
0
0
0
1000
0
0
0
0
0
0
0
0
0
0
0
0
0
0
0
0
0
0
0
0
0
0
0
0
0
0
0
2.33939392162699
0
0
0
0
0
0
0
0
0
329.044053409794
0
329.044053409794
0
0
0
0
0
0
0
0
0
0
0
0
0
0
0
0
0
0
0
0
0
0
0
0
0
0
0
0
0
0
0
0
0
0
0
329.044053409795
-329.044053409795
0
0
0
0
0
0
0
0
0
0
0
0
0
0
0
0
0
0
0
0
0
0
0
0
0
0
0
0
0
0
0
0
0
0
0
0
0
0
0
0
0
0
0
0
0
0
0
0
0
0
0
0
0
0
0
0
0
0
0
0
0
0
0
-999.987340987498
0
0.00180843035741418
0
0.0199032480612686
0
0
-0.0126590125017856
0
1000
0.016286387346554
0
0
0
0
0
0
0
0
0
0
0
0
0
0
0
0
0.0036273748447699
0.0036273748447699
0.0036273748447699
-1000
-1000
0
-118.330436287649
-1000
0
0
0
0
0
0
-1000
-328.76917769923
0
0
0
0
0
0
0
0
0
0
-1000
0
1000
0
-1000
-1000
-999.672231792394
-1000
-550.104477260418
-1000
0
0
0
0
0
0
0
0
0
-1000
-1000
0
1000
0.39731144857714
0.0036273748447699
0.0036273748447699
0.0036273748447699
0.0036273748447699
0.0036273748447699
0
0
0
0
1000
0
0
0
0
0
0
0
0
0
0
0
-1000
0
0
0
0
0
0
1000
-999.836964180409
0
1000
0
0
-1000
0
0
0
0
0
0
0
0
0
0
250
0
0
0
0
0
0
0
0
0
0
0
0
0
0
0
0
0
0
0
0
0
0
0
0
0
0
0
0
0
0
0
0
0
0
0
0
0.0036273748447699
-1000
0
0
0
0
0
0
0
0
0
-1000
0
0
0
0
0
0
0
1000
-1000
-1000
-1000
-1000
1000
0
0
0
0
0
0
71.7571398577929
-1000
-1000
0
0
0
0
999.978235750931
14.6305029963651
0
0
0
0
0.583369492788874
0.583369492788874
0
-999.985532557141
0
0
0
0
0
0
0.368239879169057
0
-1000
0
0
0
0
0
0
0
1000
0.0036273748447699
0
0
0
0
0
0
0
0
967.188386330229
1000
0
0
1000
0
0
0
1000
0
0
0
-826.089252176558
0
-1000
0
0
0
-1000
0
0
0
0
0
-168.000699363266
0
0
167.837663543675
-1000
1000
-1000
1000
-1000
1000
-750
0
0
0
0
-1000
-1000
0
0
-627.337450398882
0
0
0
0
0.00090290091244816
0
0
0
0
0
0
0
0
998.124248544492
0
998.124248544492
0
0
0
0
0
0
0
0
1000
0
0
-1000
1000
-1000
-1000
1000
0
0
0
0
0
0
0
0
-1000
-507.458343017
0
1000
0.00180843035739253
0.00180843035739253
0
-1000
0
0
331.543322202864
0
0
0
0
0
0
0
0
0
0
0
0
0
0
-1000
0
0
0
0
0
0
0
0
0
0
0.00362737484476838
0
0
0
0
0
0
0
0
0
0
0
0
0
0
0
0
0
0
0
0
0
0
0
0
0
0
0
0
0
0
0
0
0
0
0
0
0
0
0
0
0
0
0
0
0
-1000
0
-1000
0
0
0
0
0
0
-1000
0
0
0
0
0
0
0
0
0
0
0
826.089252176558
0
0
0
0
0
0
0
0
0
0
0
0
0
1000
0
0
0
0
0
0
0
0
0
0
0
0
0
0
0
0
0
0
0
167.837663543675
0
0
0
0
0
0
0
0
0
0
0
0
0
0
0
0
0
0
0
0
0
0
0
0
167.837663543675
0
0
0
0
0
0
0
0
0
0
0
0
0
0
0
0
0
0
0
0
0
0
0
0
0
0
0
0
0
0
0
0
0
0
0
0
0
0
0
0
0
0
0
0
0
0
0
0
0
0
0
0
0
0
0
0
0
0
0
0
0
0
0
0
0
0
0
0
0
0
0
0
0
0
0
0
0
0
0
0
0
0
0
0
0
0
0
0
0
0
0
0
0
0
0
0
0
0
0
0
0
0
0
0
0
0
0
0
0
0
0
0
0
0
0
0
0
0
0
0
0
0
0
0
0
0
0
0
0
0
0
0
0
0
0
0
0
0
0
0
0
0
0
0
0
-1000
0
0
0
0
0
0
0
0
0
0
0
0
0
0
0
0
0
0
0
0
401.47239152001
155.721394827855
68.1390581866764
68.1390581866763
0
-98.530432692128
0
-1000
371.62614501119
628.53907139886
0
0
-1000
-1000
0
0
0
0
1000
0.0217642490686194
0
0
0
0
0
0
0
0
0
0
0
0
0
0
0
0
-32.8152410446156
0
0
0
0
0
0
0
0
0
0
0
0
0
0
0
0
0
0
0
0
0
0
0
0
0
0
0
0
0
0
0
0
0
0
0
0
0
0
0
0
0
0
0
0
0
0
0
0
0
0
0
0
0
0
0
0
0
0
0
0
0
0
0
0
0
0
0
0
0
0
0
0
0
0
0
0
0
0
0
0
0
0
0
0
0
0
0
0
0
0
0
0
0
0
0
0
0
0
0
0
0
0
0
0
0
0
0
0
0
0
0
0
0
0
0
0
0
0
0
0
0
0
0
0
0
0
0
0
0
0
0
0
0
0
0
0
0
0
0
0
0
0
0
0
0
0
0
0
0
0
0
0
0
0
0
0
0
0
0
0
0
0
0
0
0
0
0
0
0
0
0
0
0
0
0
0
0
0
0
0
0
0
0
0
0
0
0
0
0
0
0
0
0
0
0
0
0
0
0
0
0
0
0
0
0
0
0
0
0
0
0
0
0
0
0
0
0
0
0
0
0
0
0
0
0
0
0
0
0
0
0
0
0
0
0
0
0
0
0
0
0
0
0
0
0
0
0
0
0
0
0
0
0
0
0
0
0
0
0
0
0
0
0
0
0
0
0
0
0
0
0
0
0
331.543322202864
0
0
0
0
0
0
0
0
0
0
0
-1000
0
0
0
0
0.00362737484476838
-982.150437520649
0
0
0
0
0
0
0
0
0
0
0
0
0
0
0
0
0
0
0
0
0
0
0
0
0
0
0
0
0
0
0
0
0
0
0
0
0
0
0
0
0
0
0
0
0
0
0
0
0
0
0
0
0
0
0
0
0
0
0
0
0
0
0
0
0
0
0
0
0
0
0
0
0
0
0
0
0
0
0
0
0
0
0
0
0
0
0
0
0
0
0
0
0
0
0
0
0
0
0
0
0
0
0
0
0
0
0
0
0
0
0
0
0
0
0
0
0
0
0
0
0
0
0
0
0
0
0
0
0
0
0
0
0
0
0
0
0
0
0
0
0
0
0
0
0
0
0
0
0
0
0
0
0
0
0
0
0
0
0
1000
0
0
0
0
0
0
0
1000
0.00362737484476838
0
0
-529.62868165651
0
0
1000
0
0
0
0
0
0
0
0
0
0
0
0
0
0
0
634.083363333139
365.916636666861
-1000
0
0
1000
0
0
0
0
0
0
0
0
0
0
0
0
0
0
0
0
0
0
0
0
0
0
0
0
0
0
0
0
0
0
0
0
0
0
0
0
0
0
0
0
0
0
0
0
0
0
0
0
0
0
0
0
0
0
0
0
0
0
0
0
0
0
0
0
0
0
0
0
0
0
0
0
0
0
0
0
0
0
0
0
0
0
0
0
0
0
0
0
0
0
0
0
0
0
0
0
0
0
0
0
0
0
0
0
0
0
0
0
0
0
0
0
0
0
0
0
0
0
0
0
0
0
0
0
0
0
0
0
0
0
0
0
0
0
0
0
0
0
0
0
0
0
0
0
0
0
0
0
0
0
0
0
0
0
0
0
0
0
0
0
0
0
0
0
0
602.70214393801
500
87.6177498736692
-411.830970037326
4.24142105969941
0
0
-0.980680941366018
0
0
467.659739950709
19.3810462720556
42.363182063919
0.105141299848403
87.6177498736692
0
0
0
0
0
0
0
0
0
0
0
0
0
0
0
0
0
0
0
0
0
0
0
0
0
1000
-1000
0
-1000
0
68.4869793232406
0
0
0
0
-1000
-250
0
500
0
0
0
0
0.0181263600939019
0.0036273748447699
0
0
0
0
0
0
0
0
0
0
0
0
0
0
0
0
0
0
0
0
417.837663543675
0
0
0
0
-999.987340987498
-78.0533986292154
-3.42375221141208
0
-10.7643137078296
-21.1026649628733
-43.0359067665617
-33.7475885304414
22.2764510440733
-1000
-26.6634875514429
-4.6254286335809
-31.5657006568747
-1000
-1000
0
0
0
0
-1000
-39.0058013153848
-17.5880760666283
-26.7939460001173
-13.3736272506051
-10.3458995241951
-24.0077234585722
-505.094368425937
907.299929974259
32.4562103407006
0
306.498285413923
0
508.545065383358
0
1000
-0.00362737484476838
0
928.242860142207
-1000
0
0
0
0
0
0
1000
68.5196256968431
0
0
0
0
0
0
0
0
0
0
0
0
0
0
-0.00362737484476838
0
0
0
0
0
0
0
0
0
0
0
0
908.886987233331
-908.886987233331
0
0
0
72.8818088493467
0
1000
0
0
0
596.08171885512
0
-0.00362737484476838
-0.00362737484476838
-0.999771096708287
1000
-0.0217221925487365
0
0
-0.00362737484476838
0
-0.00362737484476838
0
0
0
-0.00362737484476838
0
0
0
-0.00362737484476838
0
0
0
0
0
0
0
0
0
0
0
1000
0
0
0
0
0
-32.8152410446156
0
0
0
0
0
0
0
-513.444380673739
-114.99893688512
0
0
0
-1000
0
1000
0
0
-0.00362737484476838
0
0
0
0
0
0
0
0
0
0
0
0
0
0
-0.025391623913265
-3.1747590724724
-0.476351420738069
-1000
-1000
0
0
0
0
712.998088322481
0
0
216.712891436538
908.886987233331
0
0
0
0
-523.145396035314
0
0
0
0
1000
1000
519.151191957148
0
0
354.149712324869
1000
0
0
0
0
0
-214.244264838557
0
0
0
-1000
-1000
0
0
0
0
0
0
-0.028987456368327
0
0
0
0
-496.817067986739
-287.001911677519
287.001911677519
0
0
0
0
0
281.460316804159
-1000
-1000
0
0
0
0
0
0
0
0
0
0
0
1000
0
0
-0.56699799372393
-0.163035819591073
-44.1419481542769
-343.68510645942
-2.40477833896796
-11.3346168364228
-1.54884028611502
-8.76317530301901
-4.68727981324275
0
0
0
0
0
-0.163035819591073
0
-0.163035819591073
-0.163035819591073
0
-1.18200969203508
0
-0.163035819591073
0
-63.6278848707668
0
-14.6305029963652
0
-0.368239879169096
-0.163035819591073
-1.01987677335649
0
-0.163035819591073
-0.163035819591073
-0.163035819591073
-0.163035819591073
-4.72803876814044
0
0
0
0
0
-1000
1000
0
0
-1000
0
-0.00362737484476838
-462.219680241778
750
-750
0
0
0
-1000
0
1000
462.219680241778
0
0
0
0
0
0
0
0
0
0
0
0
0
0
0
-1000
1000
1000
-1000
-1000
0
-1000
-1000
0
-0.163035819591073
-0.163035819591073
0
0
0
0
0
628.37385498881
-628.539071398859
1000
0.0217642490686103
0
0
0
0
0
1000
0
-32.8152410446156
0
0
0
0
0
0
0
0
0
0
0
0
0
0
0
0
0
0
0
0
0
0
0
0
0
0
0
0
0
0
0
0
0
0
0
0
0
0
0
0
0
0
0
0
0
0
0
0
0
0
0
0
0
0
0
0
0
0
0
0
0
0
0
0
0
0
0
0
0
0
0
0
0
0
0
0
0
0
0
0
0
0
0
0
0
0
0
0
0
0
0
0
0
0
0
0
0
0
0
0
0
0
0
0
0
0
0
0
0
0
0
0
0
0
0
0
0
0
0
0
0
0
0
0
0
0
0
0
0
0
0
0
0
0
0
0
0
0
0
0
0
0
0
0
0
0
0
0
0
0
0
0
0
0
0
0
0
0
0
0
0
0
0
0
0
0
0
0
0
0
0
0
0
0
0
0
0
0
0
0
0
0
0
0
0
0
0
0
0
0
0
0
0
0
0
0
0
0
0
0
0
0
0
0
0
0
0
0
0
0
0
0
0
0
0
0
0
0
0
0
0
0
0
0
0
0
0
0
0
0
0
0
0
0
0
0
0
0
0
0
0
0
0
0
0
0
0
0
0
0
0
0
0
0
0
0
0
0
0
0
0
0
0
0
0
0
0
0
0
0
0
0
0
0
0
0
0
0
0
0
0
0
0
0
0
0
0
0
0
0
0
0
0
0
0
0
0
0
0
0
0
0
0
0
0
0
0
0
0
0
0
0
0
0
0
0
0
0
0
0
0
0
0
0
0
0
0
0
0
-1000
0
1000
0
0
0
982.150437520649
0
0
0
0
0
0
0
0
0
0
0
0
0
0
0
0
0
0
0
0
0
0
0
0
0
0
0
0
-1000
0
-470.37131834349
-0.00362737484476838
0
0
0
0
0
0
0
0
1000
0
0
0
0
0
-1000
0
0
0
0
0
0
0
0
0
0
0
0
0
0
0
0
0
0
0
0
0
0
0
0
0
0
0
0
0
0
0
0
0
0
0
0
0
0
0
0
0
0
0
0
0
0
0
0
0
0
0
0
0
0
0
0
0
0
0
0
0
0
0
0
0
0
0
0
0
-0.163035819591073
-0.163035819591073
-0.163035819591073
-0.163035819591073
0
-0.163035819591073
0
0
-0.163035819591073
-0.163035819591073
-0.163035819591073
-0.163035819591073
0
-0.161576112655553
-0.161339251167192
-0.163035819591073
-0.163035819591073
-0.163035819591073
-0.163035819591073
-0.163035819591073
0
-0.163035819591073
-0.163035819591073
-0.163035819591073
-1000
0
0
87.6177498736693
0
403.91828114488
0
0
0
0
0
0
0
0
0
0
0
