0
0
0
0
0
0
0
902.74271142379
-1000
1000
0
0
0
263.477253261028
999.744927966723
0
999.744927966723
-999.744927966723
999.941458877609
0
0.0585411223913528
0
-1000
0.367972769317021
0
1000
-276.722963586383
0
-378.011137851311
0.0124952302601605
0
0
0
0
0
342.51330259807
0
0
0
35.1298624839231
0
0
0
0
0
0
0
0
0
0
0
0
0
0
0
0
0
0
0
0
0
0
0
0
0
378.011137851311
0
0
0
0
0
0
0
1000
1000
0
0
0
0
0
0
-1000
0
0
0
0
0
0
0
0
0
0
0
0
0
0
0
0
0
0
0
0
0
0
0
0
0
0
0
0
0
0
0
0
0
0
0
0
0
0
0
0
0
0
0
0
0
0
0
0
0
1000
0
0
-1000
0
0
0
0
-1000
0
0
0
-14.6559295539354
0
0
0
0
-763.513308804017
0
0
0.00893554256976595
1000
0
0
459.38999529585
1000
1000
540.601641686666
0
0
0
-1000
540.601641686666
804.078894947694
1000
-736.522746738972
0
621.813288077482
1000
0
0
0.00893554256981588
0
0
636.159216346266
743.090446539385
0
0
0
0
0
-3.93834557667344
0
0
0
0
0
0
882.268912496698
-0.00716088777380719
-1000
0
0
0
0
0
0
0
0
1000
117.731087503302
0
0
0
0
-121.673614588718
0
-999.995818491258
0
0
0
0
0
0
0
0
0
0
0
-454.367352935598
0
0
-1000
998.768094660559
0
0.461825370911249
0
0.0773419121630923
0
0
0.692738056366873
0
121.673614588718
332.686577459106
332.686577459106
0
-1000
332.686577459106
0
0
0
0
0
0
0
0
0
0
0
-1000
0
-565.413112876622
-1000
-1000
-1000
1000
0
1000
-1000
-13.398744896906
-0.967992896162173
1000
-2.24303307118305
0
-0.69273805636692
1000
0
-1000
1000
0
0
1000
0
0.179804875916298
0
-0.179804875916261
0
0.00178503289430865
0
0
0
0
0
0
0
0
1000
0
545.469568223455
0
0
0
0
0
0
1000
0
1000
0.392846476232629
0
0
1000
0
-0.179804875916261
0
-0.69273805636692
0
0
0.69273805636692
2.24303307118306
0
0
0
0
0
0
0
-1000
0
0
0
-16.3149904974916
0.69273805636692
0
1000
-0.967992896162173
0
0
0.00358044388675075
0
0
0
0
0
0
0
0
0
0
0
0
0
0
0
0
2.30912685455624
0
9.72081866861879
0
0
0
0
0
0
0
0
1000
-1000
1000
-1000
0
1000
0
-548.473218167272
-1000
-997.382618547825
1000
-999.615516541252
1000
1000
0
0
-1000
0
0
0
0
-1000
0
1000
-1000
-1000
0
-1000
0
0
1000
-1000
0
0
0
0
0
0
0.967992896162125
-1000
0
1000
-1000
1000
-1000
-1000
-1000
-0.38448345874815
1000
1000
1000
0
-1000
1000
-1000
-1000
1000
-1000
-1000
1000
-1000
-1000
1000
1000
0
0
0
1000
-1000
1.92882490455031
0
0
0.00716088777380719
0
0
0
-1000
1000
0
0
0
-29.4622792635109
0
0
0
0
0
0
0
0
578.130630237319
0
0
0
0
0
0
0
0
0.00358044388684002
0
999.971356448905
-578.1628542323
-421.808502216605
0
0
421.808502216605
0
0
0
0
0
0
0
0
0
0
0
0
0
0
0
0
0
0
0
0
0
1000
0
0
0
0
0
-1000
1000
0
0
0
0
0
0
0
0
0
0
1000
1000
1000
0.104537718556003
0.104537718556003
0
-35.2060792182045
0
0
0
-0.028643551094774
0
0
0
0
0
0
0
0
0
0
0
0
-514.826484700148
0
0
0
0
0
0
0
0
0
0
0
0
0
0
0
0
0
0
0
0
0
0
0
0
0
0
0
0
0
0
0
0
0
0
0
0
0
0
0
0.163078840947356
0
0
0
-1000
0
0
0
0
0
0
1000
0
0
0
0
0
0
0
0
0
0
0
0
0
0
0
0
0
0
0
0
0
0
0
0
0
0
0
-404.647118359773
0
0
0.163078840947356
0
0
0
0
0
0
0
0
0
737.078908170047
0
0
0
0
0
0
0
0
0
0
0
0
0
0
0
0
0
0
0
0
0
0
0
0
0
0
0
0
0
0
0
-1000
0
0
0
0
0
0
0
0
0
0
0
0
0.01074133166052
0.01074133166052
0
0.01074133166052
0
0
0
0
0
0
0
0
0
0
0
0
0
0
0
0
0
0
0
0
0
0
1000
0
0.00418150874223949
0
0
0
0
0.756853082345347
0.756853082345347
0
0
0
0
0
0
0
0
0
0
0
0
0
0
0
0
0
0
0
0
0
0
1000
0
0
0
0
0
-1000
0
0
0
-1000
0
0
1000
0
0
0
0
344.655447581906
0
0
344.655447581906
0
0
0
0
0
0
0
0
0
0
344.655447581906
0
344.655447581906
0
0
0
12.9712174109382
36.9748937585818
23.6343890192184
17.3103435199353
25.6654693255574
8.44744763772843
19.7568720707528
36.1439972696249
33.282020474329
10.5246888601207
20.4031248954971
42.0525945244295
33.1896986422226
10.2477233638017
16.9872171075632
23.542067187112
30.5123655111393
24.696090088441
4.52376977320976
30.7893310074583
0
0
0
0
0
0
0
0
0
0
0
0
0
0
0
0
0
0
0
0
0
0
0
0
0
0
0
0
0
0
0
0
0
0
0
0
0
0
0
0
0
0
0
0
0
0
0
0
0
0
0
0
0
0
0
0
0
0
0
0
0
0
0
0
0
0
0
0
0
0
0
0
0
0
0
0
0
0
0
0
0
0
0
0
0
0
0
0
0
0
0
0
0
0
-1000
0
0
0
0
0
0
1000
1000
0
0
0
0
484.729243117918
0
0
-29.4622792635109
-484.879777432639
-484.879777432639
-1000
0
-485.202158850946
514.826484700148
29.8009814716322
484.879777432639
1000
484.737606135403
1000
0
-484.729243117918
1000
0
-1000
-1000
-1000
0
0
0
514.826484700148
514.826484700148
485.202158850946
0
0
0
0
0
0
0
0
0
0
0
-999.996419556113
257.881126800664
1000
1000
0
500
750.001484500467
2.51789703038509
5
0
0
0
0
0
0
468.283734957819
0
0
0
0
-0.00962509109058374
0
0
0
0
-0.00962509109058374
0
765.253016194348
0
-0.00962509109058374
0.00962509109058374
-0.00962509109058374
-3.61422170452499
0
-0.601568193163303
0
-1000
-0.00962509109058374
0.00962509109058374
-0.00962509109058374
-0.00962509109058374
0.00962509109058374
-0.00962509109058374
0.00962509109058374
-0.00962509109058374
-0.00962509109058374
-0.00962509109058374
-0.00962509109058374
-0.00962509109058374
-0.00962509109058374
-0.00962509109058374
-0.00962509109058374
-0.00962509109058374
-0.00962509109058374
-0.00962509109058374
-0.202126912902827
-0.0601568193163757
-0.276721368855078
-0.279127641627724
-0.141970093586565
0.00962509109058374
0.00962509109058374
-0.672524274684406
0.00962509109058374
0.00962509109058374
0.00962509109058374
0.00962509109058374
-4.60801235963072
-0.0697819104069595
-0.517348646120467
-2.60599341278328
-0.0301073749302532
0.00962509109058374
0.00962509109058374
0.0914383653607729
0.00962509109058374
0.00962509109058374
-0.00962509109058374
0
0
0
0
0
0
0
0
0
0
0
0
0
0
0
0
0
0
0
0
0
0
0
0
0
0
0
0
0
0
0
0
0
0
0
0
0
0
0
0
0
0
0
0
0
0
0
0
0
0
0
0
0
0
0
0
0
0
0
0
0
0
0
0
0
0
0
0
0
0
0
0
0
0
0
0
0
0
0
0
0
0
0
0
0
0
0
0
0
0
0
0
0
0
0
0
0
0
0
0
0
0
0
0
0
0
0
0
0
0
0
0
0
0
0
0
0
0
0
0
0
0
0
0
0
0
0
0
0
0
0
0
0
0
0
0
0
0
0
0
0
0
0
0
0
0
0.00962509109061238
0.00962509109061238
0.00962509109061238
0
0
0
0
0
0
0
0
0
0
0
0
0
0
0
0
0
0
0
0
0
0
0
0
0
0
0
0
0
0.00962509109061238
242.617307284053
0.00962509109061238
0
0
0
0
0
0
0.00962509109061238
0
0
0
0
0
0
0
0
0
0
0
0
0
0
0
0
0
0
0
0
0
0
0
0
0
0
0
0
0
0
0
0
0
0
0
0
0
0
0
0
0
0
0
0
0
0
0
0
0
0
0
0
0
0
0
0
0
0
0
0
0
0
0
0
0
0
0
0
0
0
0
0
0
0
0
0
0
0
0
0
0
0
0
0
0
0
0
0
0
0
0
0
0
0
0
0
0
0
0
0
0
0
0
0
0
0
0
0
0
0
0
0
0
0
0
0
0
0
0
0
0
0
0
0
0
0
0
0
0
0
0
0
0
0
0
0
0
0
0
0
0
0
0
0
0
0
0
0
0
0
0
0
0
0
0
0
0
0
0
0
0
0
0
0
0
0
0
0
0
0
0
0
0
0
0
0
0
0
0
0
0
0
0
0
0
0
0
0
0
0
0
0
0
0
0
0
0
0
1000
0
0
0
0
0
0
0
0
0
0
0
0
0
0
0
0
0
0
0
0
0
0
0
0
0
0
0
0
0
0
0
0
0
0
0
0
0
0
0
0
0
0
0
0
0
0
0
0
0
0
0
0
0
0
0
0
0
0
0
0
0
0
0
0
0
0
0
0
0
0
0
0
0
0
0
0
0
0
0
0
0
0
0
0
0
0
0
0
0
0
0
0
0
0
0
0
0
0
0
0
0
0
0
0
1000
1000
0
0
0
0
0
0
0
0
0
0
0
0
0
0
0
0
0
0
0
0
0
0
-1000
0
-1000
0
0
0
0
0
0
0
0
0
0
0
1000
1000
0
0
0
0
0
0
0
0
0
0
0
0
0
0
0
0
0
0
0
0
0
0
0
0
0
0
0
0
0
0
0
0
0
0
0
0
0
0
0
0
0
0
0
0
0
0
0
0
0
0
0
0
0
0
0
0
0
0
0
0
0
0
0
0
0
0
0
0
0
0
0
0
0
0
0
0
0
0
0
0
0
0
0
0
-998.064014207676
162.95554649634
0
0
0.00962509109058374
0
-757.043408255003
0
242.607682192962
0
0
757.043408255003
-0.00962509109058374
239.798831773699
0
0
0
0
0
0
1000
999.990374908909
0
0
0
0
0
0
0
0
0
0
0
0
0
-1000
0
0
0
0
0.00358044388678991
0
0
0
0
0
0
0
-0.00358044388678991
0
0
0
0
0
468.283734957819
1000
-998.064014207676
-242.598057101871
-242.598057101871
514.101487071503
-485.898512928497
1000
-0.0214826633210805
0
0
0.00962509109058374
-0.00962509109058374
0
0
242.956591744997
-242.956591744997
1000
0
-242.607682192962
-242.607682192962
0
0
-1000
0
-242.956591744997
-757.043408255003
-1000
0
1000
-256.866588133973
-1000
0
0
0
0
0
-1000
0
-1000
0
0
0
1000
-1000
-1000
0
0
0
-1000
0
0
0
-1000
0
0
0
0
0
0
0
0
0
0
0
0
0
0
0
0
0
0
0
-1000
1000
-1000
0
-1000
0
-1000
0
-1000
0
0
0
0
0
0
0
0
0
-1000
0
-1000
0
-490.117312653381
0
1000
0
-1000
0
-1000
0
0
0
0
0
0
0
0
0
-322.942966432157
-677.057033567843
225.685677855947
-225.685677855947
0
0
0
0
0
0
0
0
0
0
0
0
0
0
0
0
0
0
0
0
0
0
0
0
0
0
0
0
0
0
0
0
0
0
0
0
0
0
0
0
0
0
0
0
0
0
0
0
0
0
0
0
0
0
0
0
0
0
0
0
0
0
0
0
0
0
0
0
0
0
0
0
0
0
0
0
0
0
-0.00358044388678991
-0.00358044388678991
0
0
0
0
0
0
0
0
0
0
0
0
0
0
0
0
0.00358044388678991
0.00358044388678991
0
0
0
0
0
0
0
0
0
0
0
0
0
0
0
0
0
0
0
0
0
0
0
0
0
0
0
0
0
0
0
0
0
0
0
0
0
0
0
0
0
0
0
0
0
0.00358044388684002
0
0
0
0
0
0
0
0
10.9408609769502
0
0
0
0
0
0
0
0
0
0
0
0
0
0
0
0
0
0
0
0
0
0
0
0
0
0
0
0
0
0
0
0
0
0
0
0
0
0
0
0
0
0
0
0
0
0
0
0
0
0
0
0
0
0
0
0
0
0
0
0
0
0
0
0
0
242.956591744997
242.956591744997
242.956591744997
0
0
0
0
0
0
0
0
0
0
0
0
0
0
0
0
0
0
0
0
0
0
0
0
0
0
0
0
0
0
0
0
0
0
0
0
0
0
0
0
0
0
0
0
0
0
0
0
0
0
0
0
0
0
0
0
0
0
0
0
0
0
0
0
0
0
0
0
0
0
0
0
0
0
0
0
0
0
0
0
0
0
0
0
0
0
0
0
0
0
242.607682192962
242.607682192962
242.607682192962
242.607682192962
-242.607682192962
0
0
0
0
0
0
0
0
0
0
0
0
0
0
0
0
0
0
0
0
0
0
0
0
0
0
0
0
0
0
0
0
0
0
0
0
0
0
0
0
0
0
0
0
0
0
0
0
0
0
0
0
0
0
0
0
0
0
0
0
0
0
0
0
0
0
0
0
0
0
0
0
0
0
0
0
0
0
0
0
0.00358044388684002
0.00358044388684002
0.00358044388684002
0.00358044388684002
0.00358044388684002
0
0
0
0
0
0
0
0
0
0
0
0
0
0
0
0
0
0
0
0
0
0
0
0
0
0
0
0
0
0
0
0
0
0
0
0
0
0
0
0
0
0
0
0
0
0
0
0
14.6559295539354
14.6559295539354
-14.6559295539354
4.87695548224249
-2.43668751917778
2.43668751917783
2.43668751917783
2.43668751917783
2.43668751917783
2.43668751917783
2.43668751917783
2.43668751917783
2.43668751917783
2.43668751917783
2.43668751917783
0
2.43668751917783
2.43668751917778
2.43668751917783
2.43668751917783
2.43668751917783
2.43668751917783
2.43668751917783
2.43668751917783
0
0
0
2.43668751917783
2.43668751917783
0
2.42954738760059
0
0
0
0
0
0
0
0
0
0
0
0
0
0
0
0
14.6559295539354
14.6559295539354
4.87695548224249
4.87695548224249
0
0
0
0
0
0
0
0
0
0
0
0
0
0
0
0
0
0
0
0
0
0
0
0
0
0
0
0
0
0
0
0
0
0
0
0
0
0
0
0
0
0
0
0
0
0
0
0
0
0
0
0
0
0
0
0
0
0
0
0
0
0
0
0
0
0
0
0
0
0
0
0
0
0
0
0
0
0
0
0
0
0
0
0
0
0
0
0
0
0
0
0
0
0
0
0
0
0
0
0
0
0
0
0
0
0
0
0
0
0
0
0
0
0
0
0
0
0
0
0
0
0
0
0
0
0
0
0
0
0
0
0
0
0
0
0
0
0
0
0
0
0
0
0
0
0
0
0
0
0
0
0
0
0
0
0
0
0
0
0
0
0
0
0
0
0
0
0
0
0
0
0
0
0
0
0
0
0
0
0
0
0
0
0
0
0
0
0
0
0
0
0
1.17268704614107
0.0250215948149892
0.0250215948149892
0
0
0
0
-0.0250215948150299
0
0
0
0
1.14766545132608
0
0
0
0
0
0
0
0
0
0
0
0
0
0
0
0
0
0
0
0
0
0
0
0
0
0
0
0
0
0
0
0
0
0
0
0
0
0
0
0
0
0
0
0.0250215948149892
0
0
0
0
0
0
0
0
0
0
0
0
0
0
0
0
0
0
0
0
0
0
0
0
0
0
0
0
0
0
0
0
0
0
0
0
0
0
0
0
0
0
0
0
0
0
0
0
0
0
0
0
0
0
0
0
0
0
0
0
0
0
0
0
0
0
0
0
0
0
0
0
0
0
0
0
0
0
0
0.00358044388684002
0
0
0
0
0
0
0
1.54381475731786
0
0
0
0.967992896162125
0.967992896162125
0.967992896162125
0
0
0
9.62062504901053
0
0
1.32381637182646
0
0
9.62062504901053
0.00358044388684002
0
0
0
0
-1.32381637182641
1.32381637182646
0
0
0
0
358.226886857258
0
10.7933120951516
357.863411263837
0
0
0.241439536419541
0
0.219998385491392
0
10.7933120951516
10.7933120951516
0
0
0
0
0
0
0
0
0
0
0
0
0
0
-10.9408609769501
0
0
0
0
0
0
0
0
0
0
0
0
0
0
0
0
0
0
0
0
0
0
0
0
0
0
0
0
0
0
0
0
0
0
0
0
0
0
0
0
0
0
0
0
0
0
0
0
0
0
0
0
0
0
0
0
0
0
0
0
0
0
0
0
0
0
0
0
0
0
0
0
0
0
0
0
0
0
0
0
0
0
0
0
0
0
0
0
0
0
0
0
0
0
0
0
0
0
0
0
0
0
0
0
0
0
0
0
0
0
0
0
0
0
0
0
0
0
0
0
0
0
0
0
0
0
0
0
0
0
0
0
0
0
0
0
0
0
0
0
0
0
0
0
0
0
0
0
0
0
0
0
0
0
0
0
0
0
0
0
0
0
0
0
0
0
0
0
0
0
0
0
0
0
0
0
0
0
0
0
0
0
0
0
0
0
0
0
0
0
0
0
0
0
0
0
0
0
0
0
0
0
0
0
0
0
0
0
0
0
0
0
0
0
0
0
0
0
0
0
0
0
0
0
0
0
0
0
0
0
0
0
0
0
0
0
0
0
0
0
0
0
0
0
0
0
0
0
0
0
0
0
0
0
0
0
0
0
0
0
0
0
0
0
0
0
0
0
0
0
0
0
0
0
0
0
0
0
0
0
0
0
0
0
0
0
0
0
0
0
0
0
0
0
0
0
0
0
0
0
0
0
0
0
0
0
0
0
0
0
0
0
0
0
0
0
0
0
0
0
0
0
0
0
0
0
0
0
0
0
0
0
0
0
0
0
0
0
0
0
0
0
0
0
0
0
0
0
0
0
0
0
0
0
0
0
0
0
0
0
0
0
0
0
0
0
0
0
0
0
0
0
0
0
0
0
0
0
0
0
0
0
0
0
0
0
0
0
0
0
0
0
0
0
0
0
0
0
0
0
0
0
0
0
0
0
0
0
0
0
0
0
0
0
0
0
0
0
0
0
0
0
0
0
0
0
0
0
0
0
0
0
0
0
0
1000
0
0
0
0
105.756743732715
0
0
0
0
0
0
0
0
0
0
0
0
0
0
0
0
0
0
0
0
0
0
0
0
0
0
0
0
0
0
0
0
0
0
0
0
0
0
0
0
0
0
0
0
0
0
0
0
0
0
0
0
0
0
0
0
0
0
0
0
0
0
0
0
0
0
0
0
0
0
0
0
0
0
0.163078840947356
0.163078840947356
0
0
0
0.163078840947378
0
0.163078840947356
0
0
0
0
0.0250890524534527
0
0
0
0
0
0
0
0
0
0
0
0
0
0.986836063168406
0
0
0
0
0
0
0.986836063168406
0.986836063168406
0.986836063168406
0.986836063168425
0
0
0
0
0
0
0
0
0
0
0
0
0
0
0
0
0
0
0
0
0
0
0
0
0
0
0
0
0
0
0
0
0
0
0
0
0
0
0
0
0
0
0
0
0
0
0
0
0
0
0
0
0
0
0
0
0
0
0
0
0
0
0
0
0
0
0
0
0
0
0
0
0
0
0
0
0
0
0
0
0
0
0
0
0
0
0
0
1000
-1000
964.786759894022
0
0
0
-1000
1000
1000
964.101182725429
0
0
0
-998.280813557075
962.37483539473
0
0
0
0
0
0
0
0
0
0
0
0
0
0
0
0
0
0
0
0
0
0
0
0
0
0
0
0
0
0
0
0
0
0
0
0
0
0
0
0
-1000
0
0
0
0
0
0
0
0.00962509109061238
0.00962509109061238
0
0
0
0
0
0
0
0
-999.996419556113
999.996419556113
1000
999.996419556113
1000
-1000
-1000
0
0
0
0
0
0
0.00358044388678991
0
0
0
0
0
0
0.0286435510947201
0.0143217755473601
0.00358044388684002
0.00358044388684002
0.00358044388684002
0.00358044388684002
0.00358044388684002
0
0
0
0
0
0
0
0
0.0142906412526919
0
0.00358044388684002
0.0214411509281492
1000
0.00178503289430865
0.00178503289430865
0.00358044388678991
0
0.0125056083583832
0.00178503289430865
0.0268066277093385
-0.00178503289430409
0.00178503289430865
0.00178503289430865
0.00178503289430865
0.00178503289430865
0.00178503289430865
-0.00178503289430409
-0.00357006578860819
-0.005365476781094
0.00178503289430865
0.00178503289430865
0.00178503289430409
0.00178503289430865
-0.005365476781094
-0.00178503289430409
0.00358044388678991
0.00178503289430865
0.00178503289430865
0.00358044388684002
0.00358044388684002
-0.00358044388678991
-0.00358044388678991
0.00358044388678991
0.00358044388678991
0.00178503289430865
0.00178503289430865
0.00178503289430865
0.00178503289430865
0.0393329922641215
-0.005365476781094
-999.974978405185
0
0
0
0
0
0
-1000
0
0
0
0.00358044388684002
0
0
0
0
0.00179022194342001
0.00358044388678991
0.00358044388678991
0
0.00358044388684002
0
0
0
0
0
-0.00358044388678991
0
0
0.00714013157723458
0.00178503289430865
0.00535509868292594
0.00178503289430865
-0.00178503289430409
0.00178503289430865
0.00178503289430865
0.00178503289430865
0.00178503289430865
0.00178503289430865
0.00178503289430865
0.00357006578861729
0.00178503289430865
0.00178503289430865
0.00178503289430865
0.00178503289430865
0.00178503289430865
0
0.00178503289430865
0.00358044388684002
0.00358044388684002
0.00358044388684002
0.00358044388684002
0.00358044388684002
0.00358044388684002
0.00358044388684002
0.00358044388684002
0.00358044388684002
0.00358044388684002
0.00358044388684002
0.00358044388684002
0.00358044388684002
0.00358044388684002
0
0
0
0
0
0
0
0
0
0
0
0
-0.00358044388678991
0.00358044388684002
0.00358044388684002
0
0
0
0
0
0
0
0
0
0
0
0
0
0
0
0
0
0
0
0
0
0
0
0
0
0
0
0
0
0
0
0
0
0
0
0
0
0
0
0
0
0
0
0
0
0
0
0
0
0
0
0
0
0
0
0
0
0
0
0
0
0
1000
451.371355711895
0
0
0
0
0
0.00358044388684002
0
0
0
0
0
0
0
0
0
0
505.864560275218
0
0
0
0
0
0
0
0
0
0
-1000
0
0
0
-468.283734957819
0
0
0
0
0
0.00962509109061238
0
0
0
0
0
0
0
0
0
0.00962509109061238
0
0
0
0
508.376802969284
0
0
0.00962509109061238
0
0.00962509109061238
0
0.00962509109061238
0
3.61422170452495
0
0
0
0.601568193163274
0
0
0
0
0
0.00962509109061238
0
0.00962509109061238
0
0.00962509109061238
0
0.00962509109061238
0
0.00962509109061238
0
0.00962509109061238
0
0.00962509109061238
0
0.00962509109061238
0
0.00962509109061238
0
0.00962509109061238
0
0.00962509109061238
0
0.00962509109061238
0
0.00962509109061238
0
0.00962509109061238
0
0.00962509109061238
0
0.00962509109061238
0
0.00962509109061238
0
0.00962509109061238
0
0.20212691290286
0
0.0601568193163274
0
0.276721368855106
0
0.279127641627759
0
0.141970093586533
0
0.00962509109061238
0
0.00962509109061238
0
0.6725242746844
0
0.00962509109061238
0
0.00962509109061238
0
0.00962509109061238
0
0.00962509109061238
0
4.60801235963068
0
0.0697819104069397
0
0.517348646120415
0
2.6059934127833
0
0.0301073749303033
0
0.00962509109061238
0
0.00962509109061238
0
0.0914383653608176
0
0.00962509109061238
0
0.00962509109061238
0
0.00962509109061238
0
0
-1000
0
0
-1.14766545132613
0
0
0
0
0
-1000
-1000
-1000
0
0.986836063168406
-1000
1000
545.632647064402
0
-1.32381637182641
454.530431776545
-1000
-1000
0
0
0
1000
0
0
0
0
0
539.999670477354
1000
-10.7933120951516
0
0
0
-1000
1000
-0.00358044388678991
0
0
0
-3.21102596734522
0
0
0
0
0
1.16016068158626
1000
1000
-1000
-121.673614588718
-545.632647064402
0
1000
0
1000
-1000
0
0
1000
0
825.571932227018
-1000
0
-1000
1000
0
-1000
1000
1000
1000
0
0
0
0
0
-887.148616445285
0
0
0
0
0
0
0
0
0
0
0
1000
0
0
0
0
0
0
0
0
0
0
1000
0
0
0
0
0
0
1000
0
0
-971.369154897137
-1000
-1000
-1000
-1000
-1000
-1000
-1000
-1000
1000
-1000
-41.5417756026918
1000
-1000
1000
-1000
-645.262619789681
-1000
-1000
1000
-1000
1000
-1000
-1000
1000
1000
1000
1000
1000
1000
1000
-1000
-1000
-1000
-1000
-1000
-1000
-1000
-1000
930.607890113661
-1000
1000
-1000
-1000
-1000
-1000
-1000
-1000
-1000
-1000
-1000
-1000
1000
1000
1000
-1000
-1000
-1000
-1000
-1000
1000
-1000
-1000
-1000
-989.597560812735
-1000
-1000
-1000
-1000
-1000
1000
-1000
1000
1000
1000
-1000
-1000
-1000
-1000
-1000
-1000
-1000
-1000
-245.72898079402
1000
1000
108.911224693675
1000
-1000
-95.7106253667688
1000
1000
972.427434048204
-17.3605216248421
1000
1000
1000
1000
-519.825306155378
-1000
72.6990793794671
-1000
-1000
-1000
-1000
-1000
-1000
-1000
1000
1000
1000
1000
1000
1000
1000
1000
-1000
1000
785.50309718045
543.840697512014
-1000
-1000
-510.529735116266
421.837145767699
10.6250450699345
-1000
-1000
-1000
0
0
0
0
0
0
0
0
0
0
0
0
0
0
0
0
0
0
0
0
0
0
0
0
0
0
0
0
0
0
0
0
0
0
0
0
0
0
0
0
0
0
0
0
0
0
0
0
0
0
0
0
0
0
0
0
0
0
0
0
0
0
0
0
0
0
0
0
0
0
0
0
0
0
0
0
0
0
0
0
0
0
0
0
0
0
0
0
214.49690281955
1000
0
0
0
0
0
0
0
0
0
0
0
0
0
0
0
0
0
0
0
0
0
0
0
0
0
0
0
0
0
0
0
0
0
0
0
0
0
0
0
0
0
0
0
0
0
0
0
0
0
0
0
0
0
0
0
0
0
0
0
0
0
0
0
0
0
0
0
0
0
0
0
0
0
0
0
0
0
0
0
0
0
0
0
0
0
0
0
0
0
0
0
0
0
0
0
0
0
0
0
0
0
0
0
0
0
0
0
0
0
0
0
0
0
0
0
0
0
0
0
0
0
0
0
0
0
0
0
0
0
0
0
0
0
0
0
0
0
0
0
0
0
0
0
0
0
0
0
0
0
0
0
0
0
0
0
0
0
0
0
0
0
0
0
0
299.373160366991
0
0
0
0
0
0
0
0
0
0
0
0
0
0
211.156574749275
0
0
0
0
0
0
0
0
0
0
0
0
0
0
0
0
0
0
0
0
0
0
0
0
0
0
0
0
0
0
0
0
0
0
0
0
0
0
0
0
0
0
0
0
0
0
0
0
0
0
0.00358044388684002
0
0
0
0
1000
1000
-397.85593815329
1000
1000
1000
1000
1000
-1000
-1000
1000
-1000
1000
-236.486691195983
1000
660.08289953203
-1000
-1000
666.205966660079
-1000
1000
-1000
-339.91710046797
1000
-1000
-397.85593815329
-1000
-1000
1000
1000
-1000
-1000
-1000
-1000
-1000
1000
1000
-1000
-1000
-1000
-1000
1000
-1000
-1000
-1000
1000
-1000
-1000
-1000
236.536744763711
-1000
-1000
1000
-1000
-1000
0
0
0
0
0
0
0
0
0
0
0
0
0
0
0
0
0
0
-1000
-1000
-0.392846476232648
0
0
0
0
258.339548892055
0
1000
0
0
0
0
0
0
0
0
0
-0.00358044388678991
0.00358044388684002
0
0
-0.00358044388678991
-0.00358044388678991
0
0
0
0
0
0
0
0
0
0
0
0
0
0
0
0
0
0
0
0
0
342.481063035941
0
0
0.148757065399991
0
0
0
0
0
0
0.00358044388684002
0
0
-1000
964.090441393768
-964.090441393768
1000
-1000
0
0
0
0
358.226886857258
0
0
0
0
0
0
0
0
0
0
0
0
0
0
0
0
0
0
208.972068764769
0
-1000
0
0
0.00358044388684002
0
0
0
604.580749365888
-17.0928194674807
0
0
0
0
0
0
-1000
0
1000
0
0
0
0
0
0
0
0
0
0
0
0
0
0
0
0
0
0
0
0
0
0
0
0
0
0
0
0
0
0
0
0
0
0
0
0
0.00358044388684002
0
0
0
0
1000
0
-998.064014207676
0
0
1.93598579232425
0
0
0
0
0
0.00535509868292594
1000
0
-421.808502216605
0
0
0
0
0
0
0
0
0
-0.028643551094774
0.00358044388684002
0
0
514.797841149054
-1000
1000
-1000
0
1000
29.918063716415
0
-1000
-1000
0
-1000
1000
-1000
421.869369762681
0
0
0
0
-999.857828702764
1000
0
0
0
0
0
0.00358044388678991
0
0
1000
0
578.1628542323
578.130630237319
0
1000
0.028643551094774
0
0
0
0
0
-1000
0.00358044388684002
0
1000
0
0
0
0
0
0
0
0
0
0
0
-0.142171297236132
1000
129.011077987765
129.011077987765
0
0
741.9689084819
741.9689084819
0
0
0
0
1000
1000
1000
0
0
0
998.07117509545
0
0
0
0
0
0
0
0
0
0
0.967992896162125
0
0.00358044388684002
-0.00358044388678991
0.00358044388684002
0.00358044388684002
0
0
-1000
1000
0.00358044388678991
0
0
0
0.967992896162173
0
0
-0.0107413316604834
-1000
-998.07117509545
-1000
1000
-1000
0
0
0
-1000
0
0
-1000
0
0
0
0
0
0
0
0
0
0
0
0
0
0
0
0
0
0
0
0
0
0
0
0
1000
0
0
0
0
0
0
0.00178503289430865
0
0
0
0
0
0
0
0
0.00358044388684002
-29.918063716415
1000
0
0
0
0
0
0
0
0
0
0
-902.74271142379
0
225.685677855948
0
0
0
0
0
0
0
0
0
0
0
1000
0
0
0
902.74271142379
0
0
0
0
0
0
0
0
0
0
0
0
0
0
0
0
0
0
0
0
0
0
0
0
0
0
0
2.30912685455621
0
0
0
0
0
0
0
0
0
0
0
0
0
0
0
0
0
0
0
0
0
0
0
0
0
0
0
0
0
0
0
0
0
0
0
0
0
0
0
0
0
0
0
0
0
0
0
0
0
0
0
0
0
0
0
0
0
0
0
0
0
0
0
0
0
0
0
0
0
0
0
0
0
0
0
0
0
0
0
0
0
0
0
0
0
0
0
0
0
0
0
0
0
0
0
0
0
0
0
0
0
0
0
0
0
0
0
0
0
0
0
0.0124952302601287
0
0.00178503289430409
0
0.0196457399356404
0
0
-0.0124952302601287
-0.00712975347903466
0
0
0.0160756741470323
0
0
0
0
0
0
0
0
0
0
0
0
0
0
0
0
0
0.00358044388684002
0.00358044388684002
0.00358044388684002
-1000
-1000
0
-1000
-1000
0
0
0
0
0
0
-1000
1000
0
0
0
0
0
0
0
0
0
0
-1000
0.00962509109058374
1000
0
743.133411866027
-1000
1000
1000
0
1000
0
0
0
0
0
0
0
0
0
-1000
-1000
0
1000
0.392171035006395
0.00358044388684002
0.00358044388684002
0.00358044388684002
0.00358044388684002
0.00358044388684002
0
0
0
0
1000
525.98115815786
0
0
0
0
0
0
0
0
0
0
0
0
0
0
-490.117312653381
0
0
0
0
0
0
1000
-999.990374908909
0
1000
0
0
-1000
0
0
0
0
0
0
0
0
0
225.685677855948
0
0
0
0
0
0
0
0
0
0
0
0
0
0
0
0
0
0
0
0
0
0
0
0
0
0
0
0
0
0
0
0
0
0
0
0
0.00358044388684002
-999.996419556113
0
0
0
0
0
0
0
0
0
-1000
0
0
0
0
0
0
0
0
1000
-1000
-1000
-1000
-1000
-1000
0
0.0214411509281492
0
0
0
0
0.189429967006959
-1000
-1000
0.148757065399991
0
0
0
999.978517336679
4.01137711870829
0
0
0
0
0.575821861155731
0.575821861155731
0
0.00715050967551178
0
0
0
0
0
0
0
0
-1000
0
0
0
0
0
0
0
1000
0.00358044388684002
0
0
0
0
0
0
0
0
1000
1000
0
0
1000
0
0
0
1000
0
0
0
-757.043408255003
0
-1000
0
0
0
-1000
-1000
0
0
0
0
-242.607682192962
0
0
242.598057101871
0
0
-970.518571899897
970.518571899897
0
0
-876.466140068804
0
0
0
0
-1000
-1000
0
0
0
-1000
0
0
0
0.00962509109061238
0
0
0
0
0
0
0
0
0
998.07117509545
0
1000
0
0
0
0
0
0
0
0
0
0
1000
0
484.879777432639
-1000
1000
-1000
-1000
1000
0
0
0
0
0
0
0
-1000
-105.756743732715
0
1000
0.00178503289430865
0.00178503289430865
0
42.4791084161379
-1000
1000
0
0
256.866588133973
0
0
0
0
0
0
0
0
0
0
0
0
0
0
0
0
0
0
0
0
0
0
0
0
0
0.00358044388678991
0
0
0
0
0
0
0
0
0
0
0
0
0
0
0
0
0
0
0
0
0
0
0
0
0
0
0
0
0
0
0
0
0
0
0
0
0
0
0
0
0
0
0
0
0
-1000
0
-1000
0
0
0
0
0
0
-1000
0
0
0
0
0
0
0
0
0
0
0
-1000
0
0
0
0
0
0
0
0
0
0
0
0
0
1000
0
0
0
1.93598579232423
0
0
0
0
0
0
0
0
0
0
0
0
0
0
0
242.598057101871
0
0
0
0
0
0
0
0
0
0
0
0
0
0
0
0
0
0
0
0
0
0
0
242.598057101871
0
0
0
0
0
0
0
0
0
0
0
0
0
0
0
0
0
0
0
0
0
0
0
0
0
0
0
0
0
0
0
0
0
0
0
0
0
0
0
0
0
0
0
0
0
0
0
0
0
0
0
0
0
0
0
0
0
0
0
0
0
0
0
0
0
0
0
0
0
0
0
0
0
0
0
0
0
0
0
0
0
0
0
0
0
0
0
0
0
0
0
0
0
0
0
0
0
0
0
0
0
0
0
0
0
0
0
0
0
0
0
0
0
0
0
0
0
0
0
0
0
0
0
0
0
0
0
0
0
0
0
0
0
0
0
0
0
0
0
0
0
0
0
0
0
0
-1000
0
0
0
0
0
0
0
0
0
0
3.71769143374903
0
0
0
0
0
0
0
0
0
0
540.604429359161
0
207.271096025827
0
0
40.6016416866657
0
1000
-595.352881640227
-404.484039518826
0
-1000
0
-208.972068764769
-1000
0
0
0
0
1000
0.0214826633210401
0
0
0
0
17.0677563602742
0
0
0
0
0
0
0
0
0
0
0
0
0
0
0
0
0
0
0
0
0
0
0
0
0
0
0
0
0
0
0
0
0
0
0
0
0
0
0
0
0
0
0
0
0
0
0
0
0
0
0
0
0
0
0
0
0
0
0
0
0
0
0
0
0
0
0
0
0
0
0
0
0
0
0
0
0
0
0
0
0
0
0
0
0
0
0
0
0
0
0
0
0
0
0
0
0
0
0
0
0
0
0
0
0
0
0
0
0
0
0
0
0
0
0
0
0
0
0
0
0
0
0
0
0
0
0
0
0
0
0
0
0
0
0
0
0
0
0
0
0
0
0
0
0
0
0
0
0
0
0
0
0
0
0
0
0
0
0
0
0
0
0
0
0
0
0
0
0
0
0
0
0
0
0
0
0
0
0
0
0
0
0
0
0
0
0
0
0
0
0
0
0
0
0
0
0
0
0
0
0
0
0
0
0
0
0
0
0
0
0
0
0
0
0
0
0
0
0
0
0
0
0
0
0
0
0
0
0
0
0
0
0
0
0
0
0
0
0
0
0
0
0
0
0
0
0
0
0
0
0
0
0
0
0
0
0
0
0
0
0
0
0
0
0
0
0
0
0
0
0
0
0
0
0
0
0
0
0
0
0
0
0
0
0
256.866588133973
0
0
0
0
0
0
0
0
0
0
-1000
0
0
0
0
0.00358044388678991
-736.652394278339
0
0
0
0
0
0
0
0
0
0
0
0
0
0
0
0
0
0
0
0
0
0
0
0
0
0
0
0
0
0
0
0
0
0
0
0
0
0
0
0
0
0
0
0
0
0
0
0
0
0
0
0
0
0
0
0
0
0
0
0
0
0
0
0
0
0
0
0
0
0
0
0
0
0
0
0
0
0
0
0
0
0
0
0
0
0
0
0
0
0
0
0
0
0
0
0
0
0
0
0
0
0
0
0
0
0
0
0
0
0
0
0
0
0
0
0
0
0
0
0
0
0
0
0
0
0
0
0
0
0
0
0
0
0
0
0
0
0
0
0
0
0
0
0
0
0
0
0
0
0
0
0
0
0
0
0
0
1000
0
0
763.513308804017
0
0
0
0
0
0
0
1000
0.00358044388678991
0
0
0
0
1000
0
0
0
0
0
0
0
0
0
0
0
0
0
0
0
0
1000
-1000
0
0
1000
0
0
0
0
0
0
0
0
0
0
0
0
0
0
0
0
0
0
0
0
0
0
0
0
0
0
0
0
0
0
0
0
0
0
0
0
0
0
0
0
0
0
0
0
0
0
0
0
0
0
0
0
0
0
0
0
0
0
0
0
0
0
0
0
0
0
0
0
0
0
0
0
0
0
0
0
0
0
0
0
0
0
0
0
0
0
0
0
0
0
0
0
0
0
0
0
0
0
0
0
0
0
0
0
0
0
0
0
0
0
0
0
0
0
0
0
0
0
0
0
0
0
0
0
0
0
0
0
0
0
0
0
0
0
0
0
0
0
0
0
0
0
0
0
0
0
0
0
0
0
0
0
0
0
0
0
0
0
0
0
0
0
0
0
0
0
0
0
0
0
0
0
0
0
0
0
0
0
0
0
500
86.484151856039
0
0
-0.967992896162173
0
0
0
461.609160531608
19.1302943905558
41.8150874223949
0.103780982227247
86.484151856039
0
0
0
0
0
0
0
0
0
0
0
0
0
0
0
0
0
0
0
0
0
0
0
0
0
598.303232423703
-1000
0
-999.8512429346
-0.148757065399991
0
0
0
0
-514.85870869513
-225.685677855947
0
451.371355711895
0
0
-24.062727726531
0
0
0
0
0
0.00358044388684002
0
0
0
0
0
0
0
0
0
0
0
0
0
0
0
0
0
0
468.283734957819
0
0
0
0
1.16016068158626
-4.60801235963072
-0.202126912902827
0
-10.6250450699345
-20.8296387872056
-1000
-33.3109623957475
-10.4024391872646
-754.27101920598
-26.3185154804301
-4.56558486063227
-31.1573037767754
463.389032302966
-1000
0
0
0
0
-1000
-616.631774686818
-17.3605216248421
-368.76527025333
-13.2005993269059
-10.2120443269536
-23.6971116503521
-70.1726207055551
397.969547908794
-354.737380210319
0
-505.864560275218
-1000
-0.148757065399991
0
1000
-0.00358044388678991
0
999.810570032993
-1000
0
0
0
-10.7933120951516
358.226886857258
0
1000
578.162854232301
0
0
0
0
0
0
0
0
0
0
0
0
0
-0.00358044388678991
0
0
0
0
0
0
0
0
0
0
0
0
342.481063035941
0
0
0
0
0
673.71113380789
0
902.74271142379
0
0
-1000
1000
0
-0.00358044388678991
-0.00358044388678991
-0.986836063168425
35.905978162345
0
0
-0.00358044388678991
0
-0.00358044388678991
0
0
0
-0.00358044388678991
0
0
0
-0.00358044388678991
0
0
0
0
0
0
0
0
0
0
0
763.513308804017
0
0
0
0
0
964.090441393768
0
0
0
0
0
0
0
0
0
0
0
-737.773038621259
0
1000
0
0
-0.00358044388678991
0
0
0
0
0
0
0
0
0
0
0
0
0
0
-17.0928194674807
-3.21102596734522
-0.392846476232648
-1000
-1000
0
0
0
0
0
0
0
0
0
2.43668751917778
0
0
0
0
0
0
-121.673614588718
0
0
0
0
1000
0
545.632647064402
0
0
-1.32381637182641
454.367352935598
0
0
0
0
0
0
0
0
0
-1000
-1000
0
0
0
0
0
-0.0500535677280141
0
0
0
0
0
-1000
1000
0
0
0
0
0
0
454.530431776545
-1000
-1000
539.999670477354
0
0
0
0
0
0
0
0
0
0
0
1000
0
-0.0301073749302532
-0.00962509109058374
-2.60599341278328
-887.148616445285
-0.141970093586565
-0.672524274684406
-0.0914383653607729
-0.517348646120467
-0.276721368855078
0
0
0
0
508.376802969284
-0.00962509109058374
-1000
-0.00962509109058374
-0.00962509109058374
-0.00962509109058374
-0.0697819104069595
0
-0.00962509109058374
-3.61422170452499
-3.717691433749
0
-4.01137711870831
0
0
-0.00962509109058374
-0.0601568193163757
0
-0.00962509109058374
-0.00962509109058374
-0.00962509109058374
-0.00962509109058374
-0.279127641627724
0
-0.601568193163303
0
0
0
-1000
1000
0
0
-1000
1000
-0.00358044388678991
0
876.466140068804
-876.466140068804
505.864560275218
0
0
-1000
0
0
-505.864560275218
0
0
0
0
0
0
0
0
0
0
0
0
0
0
0
-1000
1000
-42.4791084161379
42.4791084161379
1000
-1000
-1000
1000
1000
0
-1000
1000
-0.00962509109058374
-0.00962509109058374
0
0
0
0
1000
-404.647118359773
404.484039518826
1000
0.0214826633210805
0
0
0
0
17.0677563602742
-1000
-1000
0
0
0
0
0
0
0
0
0
0
0
0
0
0
0
0
0
0
0
0
0
0
0
0
0
0
0
0
0
0
0
0
0
0
0
0
0
0
0
0
0
0
0
0
0
0
0
0
0
0
0
0
0
0
0
0
0
0
0
0
0
0
0
0
0
0
0
0
0
0
0
-0.00962509109058374
0
0
0
0
0
0
0
0
0
0
0
0
0
0
0
0
0
0
0
0
0
0
0
0
0
0
0
0
0
0
0
0
0
0
0
0
0
0
0
0
0
0
0
0
0
0
0
0
0
0
0
0
0
0
0
0
0
0
0
0
0
0
0
0
0
0
0
0
0
0
0
0
0
0
0
0
0
0
0
0
0
0
0
0
0
0
0
0
0
0
0
0
0
0
0
0
0
0
0
0
0
0
0
0
0
0
0
0
0
0
0
0
0
0
0
0
0
0
0
0
0
0
0
0
0
0
0
0
0
0
0
0
0
0
0
0
0
0
0
0
0
0
0
0
0
0
0
0
0
0
0
0
0
0
0
0
0
0
0
0
0
0
0
0
0
0
0
0
0
0
0
0
0
0
0
0
0
0
0
0
0
0
0
0
0
0
0
0
0
0
0
0
0
0
0
0
0
0
0
0
0
0
0
0
0
0
0
0
0
0
0
0
0
0
0
0
0
0
0
0
0
0
0
0
0
0
0
0
0
0
0
0
0
0
0
0
0
0
0
0
0
0
0
0
0
0
0
0
0
0
0
0
0
0
0
0
0
-763.513308804017
0
1000
0
0
0
736.652394278339
0
0
0
0
0
0
0
0
0
0
0
0
0
0
0
0
0
0
0
0
0
0
0
0
1000
0
-1000
0
-1000
-0.00358044388678991
0
0
0
0
0
0
0
0
998.852334548674
0
0
0
0
0
-1000
0
0
0
0
0
0
0
0
0
0
0
0
0
0
0
0
0
0
0
0
0
0
0
0
0
0
0
0
0
0
0
0
0
0
0
0
0
0
0
0
0
0
0
0
0
0
0
0
0
0
0
0
0
0
0
0
0
0
0
0
0
0
0
0
0
0
0
0
0
0
0
-0.00962509109058374
-0.00962509109058374
-0.00962509109058374
-0.00962509109058374
0
-0.00962509109058374
-0.00962509109058374
0
-0.00962509109058374
-0.00962509109058374
-0.00962509109058374
-0.00962509109058374
0
-0.00962509109058374
-0.00962509109058374
-0.00962509109058374
-0.00962509109058374
-0.00962509109058374
-0.00962509109058374
-0.00962509109058374
0
-0.00962509109058374
-0.00962509109058374
-0.00962509109058374
0
-1000
86.484151856039
0
0
0
0
0
0
0
0
0
0
0
0
0
