0
0
0
0
0
0
0
0
-1000
0
1000
0
0
199.370610283055
1000
0
999.736692340582
-999.736692340582
999.939568733904
0
0.060431266096019
0
-1000
0.379853672603531
0
1000
-201.664943249563
0
-393.61584713141
0.024886718476771
0
0
0
0
0
0.0332804954576362
0
0
0
36.2641162478991
0
0
0
0
0
250
0
250
0
250
0
250
0
250
0
250
0
0
0
0
250
0
0
0
0
0
393.61584713141
0
0
0
0
0
0
0
1000
1000
0
0
0
0
0
0
-1000
0
0
0
0
0
0
0
0
0
0
0
0
0
1000
0
-1000
0
1000
-1000
0
0
0
0
0
0
0
0
0
0
0
0
0
0
0
0
0
999.736692340582
0
0
0
0
0
0
0
0
0
0
0
0
0
0
998.26907587825
0
0
-1000
0
0
0
0
0
0
-1000
0
0
0
0
-15.1291321822897
0
0
0
0
-592.952612285237
0
0
0
1000
0
0
196.708956805707
598.167529200997
1000
401.449939357276
0
606.190921908845
0
-1000
401.449939357276
600.820549640331
1000
-800.629389716945
0
0
1000
0
0
0
0
0
1000
500.575360482488
0
0
0
0
0
-3.58876818654289
0
0
0
0
0
0
0
252.517530924235
-1000
0
0
0
0
0
0
0
0
0
0
0
0
0
0
-3.59308470554981
0
-1000
0
0
0
0
0
0
0
0
0
0
0
999.996303952702
0.476736535607537
0
-999.523263464392
0.715104803411305
0
0
-401.828774751704
0
0
0
-999.280578677582
0
0
0
0
0
0
0
0
0
0
-0.476736535607529
0
-1000
0
-1000
0
-290.959306003108
-1000
1000
1000
1.99110174691055
-1000
997.126975836643
-0.999246920753762
1000
0.71510480341135
0
-0.71510480341135
1000
-1000
-1000
0.715104803411305
0
0
1000
0
0.185610317294916
0
-0.185610317294959
0
0.00184266705897744
0
0
0
0
2.23561580930437
0
0
0
0
0
1.1961578580257
0
0
0
0
0
0
1000
0
1000
0.485369573621254
0
0
1000
0
-0.185610317294959
0
-0.71510480341135
0
0
0.71510480341135
0
0
0
0
0
0
-1000
0
0
0
1000
0.71510480341135
0
-1000
-0.999246920753762
0
0.00369604729853034
0
0
0
0
0
0
0
0
0
0.719421322418163
0
-1.19615785802569
0
0
0
2.38368267803768
0
10.0346791390051
0
0
0
0
0
0
0
0
-82.9757318951841
-1000
999.284895196589
1000
1000
1000
-1000
-914.620308054244
-1000
-1000
1000
-287.860518521659
0
-798.717173949181
1000
0
-1000
0
0
0
0
-1000
0
-1000
0
-1000
1000
1000
0
0
-1000
0
0
0
0
0
0
0
0.999246920753781
801.1850122317
-1000
1000
1000
288.337255057267
-1000
711.186008407126
1000
-1000
-1000
1000
1000
0
-1000
-1000
-1000
1000
-1000
-1000
193.19486752266
1000
-1000
-1000
1000
0
0
0
0
0
0
0
0
0
-1000
0
0
0
1000
-1000
0
0
-494.108427560275
-505.125291281404
0
0
0
0
0
0
51.5599683477685
0
0
0
0
2.97837313359605
0
0
0
0
0.00369604729853034
0
0.0332644256867525
-0.0332644256867525
0
0
0
0
0
0
0
0
0
0
0
0
0
0
0
0
0
0
0
0
0
0
0
0
0
0
0
0
0
0
0
0
0
0
0
0
0
0
0
0
0
0
0
1000
1000
1000
0.107912975171416
0.107912975171416
0
0.71510480341135
0
0
0
-0.0295683783882623
0
0
0
0
0
0
0
34.148230944706
0
0
0
0
0
0
0
0
0
0
0
0
0
0
0
0
0
0
0
0
0
0
0
0
0
0
0
0
0
0
0
0
0
0
0
0
0
0
0.168344241267482
0
0
0
-1000
0
0
0
0
0
0
1000
0
0
0
0
0
0
0
0
0
0
0
0
0
0
0
0
0
0
0
0
0
0
0
0
0
0
0
0
-689.248944038263
0
0
0.168344241267482
0
0
0
0
0
0
0
0
0
999.283457844861
0
0
0
0
0
0
0
0
0
0
0
0
0
0
0
0
0
0
0
0
0
0
0
0
0
0
0
0
0
0
0
0
0
0
0
0
0
0
0
0
0
0
0
0
0
0
0
0
0
0
0
0
0
0
0
0
0
0
0
0
0
0
0
0
0
0
0
0
0
0
0
0
465.865922059599
0
1000
0
465.870238578606
0
0
0
0
0.781289940241389
0.781289940241389
0
0
0
0
0
0
0
0
0
0
0
0
0
0
0
0
0
0
0
0
0
1000
0
0
0
0
0
-1000
0
0
0
-1000
0
0
1000
0
0
0
0
2.24458988356642
0
0
2.24458988356642
0
0
0
0
0
0
0
0
0
0
2.24458988356642
0
2.24458988356642
0
0
0
13.3900249761099
38.1687188820784
24.3974832304921
17.8692504129581
26.4941419456125
8.72019420152353
20.3947711379895
37.3109948622564
34.356612127314
10.8645042510785
21.0618898200732
43.4103656698794
34.2613094584449
10.5785962444712
17.5356910719162
24.302180561623
31.4975320612407
25.4934639224868
4.66983077458637
31.7834400678481
0
0
0
0
0
0
0
0
0
0
0
0
0
0
0
0
0
0
0
0
0
0
0
0
0
0
0
0
0
0
0
0
0
0
0
0
0
0
0
0
0
0
0
0
0
0
0
0
0
0
0
0
0
0
0
0
0
0
0
0
0
0
0
0
0
0
0
0
1000
0
0
0
0
0
0
0
0
0
0
0
0
0
0
0
247.559944119392
0
0
0
0
0
0
0
-1000
0
0
0
0
34.148230944706
-1000
-1000
1000
1000
0
0
0
0
0
0
0
-505.125291281404
-494.263822244522
-0.155394684246858
-1000
0
-0.140385902326329
0
-0.261248434518279
1000
1000
0.00863303801372695
1000
0
0
1000
0
-1000
-1000
-1000
0
999.889182476062
0
0
0
0.140385902326329
0
0
0
0
0
0
0
0
0
0
0
-1000
500.427582485564
1000
1000
0
500
0
9.76298982434932
5
0
0
0
0
0
0
7.25005901539475
0
0
0
0.14408194962482
0
4.79072482502477
-0.14408194962482
-0.14408194962482
0.14408194962482
0
628.451231846079
507.268773691888
0.14408194962482
0
0
0
0.00541551278092811
-0.14408194962482
0
0
-1000
-0.14408194962482
0
0
0
0
0
0
0
0
0
0
0
0
0
0
0
0
0
0
0.900512185155094
0
4.17837653911943
0
0
0
-5.06402418622599
0
0
0
0
0
-7.25005901539475
0
0
-0.0202800508293421
0
0
0
0
0
0
0
0
0
0
0
0
0
0
0
0
0
0
0
0
0
0
0
0
0
0
0
0
0
0
0
0
0
0
0
0
0
0
0
0
0
0
0.00541551278092811
0
0
0
0
0
0
0
0
0
0
0
0
0
0
0
0
0
0
0
0
0
0
0
0
0
0
0
0
0
0
0
0
0
0
0
0
0
0
0
0
0
0
0
0
0
0
0
0
0
0
0
0
0
0
0
0
0
0
0
0
0
0
0
0
0
0
0
0
0
0
0
0
0
0
0
0
0
0
0
0
0
0
0
0
0
0
0
0
0
0
0
0
0
0
0
0
0
0
0
0
0
0
0
0
0
0
0
0
0
0
0
0
0
0
0
0
0
0
0
0
0
0
0
0
0
0
0
0
0
0
0
0
0
0
0
0
0
0
0
0
0
0.144081949624806
0.288163899249612
0.144081949624806
0
0.144081949624806
0
0
0
0
0
0
0
0
0
0
0
0
0
0
0
0
0
0
0
0
0
0
0
0
0
0
0
0
0
0
0
0
0
0
0
0
0
0
0
0
0
0
0
0
0
0
0
0
0
0
0
0
0
0
0
0
0
0
0
0
0
0
0
0
0
0
0
0
0
0
0
0
0
0
0
0
0
0
0
0
0
0
0
0
0
0
0
0
0
0
0
0
0
0
0
0
0
0
0
0
0
0
0
0
0
0
0
0
0
0
0
0
0
0
0
0
0
0
0
0
0
0
0
0
0
0
0
0
0
0
0
0
0
0
0
0
0
0
0
0
0
0
0
0
0
0
0
0
0
0
0
0
0
0
0
0
0
0
0
0
0
0
0
0
0
0
0
0
0
0
0
0
0
0
0
0
0
0
0
0
0
0
0
0
0
0
0
0
0
0
0
0
0
0
0
0
0
0
0
0
0
0
0
0
0
-1000
0
0
0
0
0
0
0
0
0
0
0
0
0
0
0
0
0
0
0
0
0
0
0
0
0
0
0
0
0
0
0
0
0
0
0
0
0
0
0
0
0
0
0
0
0
0
0
0
0
0
0
0
0
0
0
0
0
0
0
0
0
0
0
0
0
0
0
0
0
0
0
0
0
0
0
0
0
0
0
0
0
0
0
0
0
0
0
0
0
0
0
0
0
0
0
0
0
0
0
0
0
0
0
0
0
0
0
0
0
0
0
1000
1000
0
0
0
0
0
0
0
0
0
0
0
0
0
0
0
0
0
0
-1000
0
-1000
0
0
0
0
0
0
0
1000
1000
0
0
0
0
0
0
0
0
0
0
0
0
0
0
0
0
0
0
0
0
0
0
0
0
0
0
0
0
0
0
0
0
0
0
0
0
0
0
0
0
0
0
0
0
0
0
0
0
0
0
0
0
0
0
0
0
0
0
0
0
0
0
0
0
0
0
0
0
0
0
0
0
0
0
0
0
0
0
0
0
0
0
0
-723.949242695932
47.6406194684494
0
0
0.14408194962482
0
-994.632947376476
0
0.14408194962482
0
0
994.632947376476
0
499.38028694993
0
0
0
0.00541551278092811
0
0
-1000
1000
0
0
0
0
0
0
0
0
0
0
0
0
0
-1000
-0.900512185155094
0
-4.17837653911943
0
5.06402418622599
0
0
0
0
-7.25005901539475
0
0
0.0202800508293421
0
0
0
0
0
7.25005901539475
1000
-723.949242695932
-7.25005901539475
-7.25005901539475
0
-47.6147471373596
1000
-0.0221762837911683
0
0
0.14408194962482
-0.14408194962482
0
0
5.36705262352405
-5.36705262352405
-1000
0
-0.14408194962482
-0.14408194962482
0
0
-1000
0
-5.36705262352405
-994.632947376476
-1000
0
-500.61971305007
-499.38028694993
-1000
0
0
0
0
0
-1000
0
0
0
0
0
-1000
1000
-1000
0
0
0
-1000
0
0
0
-1000
0
0
0
0
0
0
0
0
0
0
0
0
0
0
0
0
0
0
0
-1000
1000
-1000
0.905927697935908
-1000
0
-1000
4.17837653911943
-1000
0
-5.08430423705533
-5.08430423705533
0
0
0
0
0
0
1000
0
992.749940984605
7.25005901539475
1000
0
-1000
0
-1000
0
-1000
0
0
0
0
0
0
0
0
0
-1000
0
0
0
0
0
0
0
0
0
0
0
0
0
0
0
0
0
0
0
0
0
0
0
0
0
0
0
0
0
0
0
0
0
0
0
0.00541551278092811
-0.00541551278092811
0
0
0
0
0
0
0
0
0
0
0
0
0
0
0
0
0
0
0
0
0
0
0
0
0
0
0
0
0
0
0
0
0
0
0
0
0.00541551278092811
-0.00541551278092811
0
0
0
0
0
0
0.0202800508293421
0.0202800508293421
0
0
0
0
0
0
0
0
0
0
0
0
0
0
0
0
-0.0202800508293421
-0.0202800508293421
0
0
0
0
0
0
0
0
0
0
0
0
0
0
0
0
0
0
0
0
0
0
0
0
0
0
0
0
0
0
0
0
0
0
0
0
34.5572686684871
0
0
0
0
0
0
0
0
1.21055012336377
0.00369604729853034
0
0
0
0
0
0
0
0
0.152312859301368
0
0
0
0
0
0
0
0
0
0
0
0
0
0
0
0
0
0
0
0
0
0
0
0
0
0
0
0
0
0
0
0
0
0
0
0
0
0
0
0
0
0
0
0
0
0
0
0
0
0
0
0
0
0
0
0
0
0
0
0
0
0
0
0
0
5.36705262352403
5.36705262352403
5.36705262352403
0
0
0
0
0
0
0
0
0
0
0
0
0
0
0
0
0
0
0
0
0
0
0
0
0
0
0
0
0
0
0
0
0
0
0
0
0
0
0
0
0
0
0
0
0
0
0
0
0
0
0
0
0
0
0
0
0
0
0
0
0
0
0
0
0
0
0
0
0
0
0
0
0
0
0
0
0
0
0
0
0
0
0
0
0
0
0
0
0
0.144081949624806
0.144081949624806
0.144081949624806
0.144081949624806
-0.14408194962482
0
0
0
0
0
0
0
0
0
0
0
0
0
0
0
0
0
0
0
0
0
0
0
0
0
0
0
0
0
0
0
0
0
0
0
0
0
0
0
0
0
0
0
0
0
0
0
0
0
0
0
0
0
0
0
0
0
0
0
0
0
0
0
0
0
0
0
0
0
0
0
0
0
0
0
0
0
0
0
0
0.00369604729853034
0.00369604729853034
0.00369604729853034
0.00369604729853034
0.00369604729853034
0
0
0
0
0
0
0
0
0
0
0
0
0
0
0
0
0
0
0
0
0
0
0
0
0
0
0
0
0
0
0
0
0
0
0
0
0
0
0
0
0
0
0
0
0
0
0
0
0
15.1291321822897
15.1291321822897
-15.1291321822897
5.0344199504
-2.51536195155074
2.51536195155073
2.51536195155073
2.51536195155073
2.51536195155073
2.51536195155073
2.51536195155073
2.51536195155073
2.51536195155073
2.51536195155073
2.51536195155073
2.51536195155073
0
2.51536195155074
2.51536195155073
2.51536195155073
2.51536195155073
2.51536195155073
2.51536195155073
2.51536195155073
0
0
0
2.51536195155073
2.51536195155073
0
2.50799128331482
0
0
0
0
0
0
0
0
0
0
0
0
0
0
0
0
15.1291321822897
15.1291321822897
5.0344199504
5.0344199504
0
0
0
0
0
0
0
0
0
0
0
0
0
0
0
0
0
0
0
0
0
0
0
0
0
0
0
0
0
0
0
0
0
0
0
0
0
0
0
0
0
0
0
0
0
0
0
0
0
0
0
0
0
0
0
0
0
0
0
0
0
0
0
0
0
0
0
0
0
0
0
0
0
0
0
0
0
0
0
0
0
0
0
0
0
0
0
0
0
0
0
0
0
0
0
0
0
0
0
0
0
0
0
0
0
0
0
0
0
0
0
0
0
0
0
0
0
0
0
0
0
0
0
0
0
0
0
0
0
0
0
0
0
0
0
0
0
0
0
0
0
0
0
0
0
0
0
0
0
0
0
0
0
0
0
0
0
0
0
0
0
0
0
0
0
0
0
0
0
0
0
0
0
0
0
0
0
0
0
0
0
0
0
0
0
0
0
0
0
0
0
0
1.21055012336377
358.149146838814
358.149146838814
0
3.5173657307726
3.5173657307726
0
-361.666512569586
0
3.5173657307726
0
356.93859671545
0
0
1000
0
3.5173657307726
0
3.5173657307726
3.5173657307726
0
0
0
0
0
0
0
0
0
0
0
0
0
0
0
0
0
0
0
0
0
0
0
0
0
0
0
0
0
0
0
0
0
0
0
0
361.666512569586
0
0
0
0
0
0
0
0
0
0
0
0
0
0
0
0
0
0
0
0
0
0
0
0
0
0
0
0
0
0
0
0
0
0
0
0
0
0
0
0
0
0
0
0
0
0
0
0
0
0
0
0
0
0
0
0
0
0
0
0
0
0
0
0
0
0
0
0
0
0
0
0
0
0
0
0
0
0
1.21055012336377
0.00369604729853034
0
0
0
0
0
0
0
1.35641364795872
0
0
0
0.999246920753781
0.999246920753781
0.999246920753781
0
0
0
0
0
0
1.36655902996367
0
0
0
0.00369604729853034
0
0
0
0
-1.3665590299637
1.36655902996367
0
0
0
0
0.375211294354186
0
0
0
0
0
0
0.237246954903538
0.227101572898586
0.237246954903538
0
0
0
0
0
0
0
0
0
11.3790476009368
11.3790476009368
11.3790476009368
0
0
0
0
-0.152312859301333
0
0
0
0
0
495.608385168368
0
0
0
0
0
0
0
0
0
0
0
0
0
0
0
0
0
0
0
0
0
0
0
0
0
0
0
0
0
0
0
0
0
0
0
0
0
0
0
0
0
0
0
0
0
0
0
0
0
0
0
0
0
0
0
0
0
0
0
0
0
0
0
0
0
0
0
0
0
0
0
0
0
0
0
0
0
0
0
0
0
0
0
0
0
0
0
0
0
0
0
0
0
0
0
0
0
0
0
0
0
0
0
0
0
0
0
0
0
0
0
0
0
0
0
0
0
0
0
0
0
0
0
0
0
0
0
0
0
0
0
0
0
0
0
0
0
0
0
0
0
0
0
0
0
0
0
0
0
0
0
0
0
0
0
0
0
0
0
0
0
0
0
0
0
0
0
0
0
0
0
0
0
0
0
0
0
0
0
0
0
0
0
0
0
0
0
0
0
0
0
0
0
0
0
0
0
0
0
0
0
0
0
0
0
0
0
0
0
0
0
0
0
0
0
0
0
0
0
0
0
0
0
0
0
0
0
0
0
0
0
0
0
0
0
0
0
0
0
0
0
0
0
0
0
0
0
0
0
0
0
0
0
0
0
0
0
0
0
0
0
0
0
0
0
0
0
0
0
0
0
0
0
0
0
0
0
0
0
0
0
0
0
0
0
0
0
0
0
0
0
0
0
0
0
0
0
0
0
0
0
0
0
0
0
0
0
0
0
0
0
0
0
0
0
0
0
0
0
0
0
0
0
0
0
0
0
0
0
0
0
0
0
0
0
0
0
0
0
0
0
0
0
0
0
0
0
0
0
0
0
0
0
0
0
0
0
0
0
0
0
0
0
0
0
0
0
0
0
0
0
0
0
0
0
0
0
0
0
0
0
0
0
0
0
0
0
0
0
0
0
0
0
0
0
0
0
0
0
0
0
0
0
0
0
0
0
0
0
0
0
0
0
0
0
0
0
0
0
0
0
0
0
0
0
0
0
1000
0
0
0
0
274.412675120782
0
0
0
0
0
0
0
0
0
0
0
0
0
0
0
0
0
0
0
0
0
0
0
0
0
0
0
0
0
0
0
0
0
0
0
0
0
0
0
0
0
0
0
0
0
0
0
0
0
0
0
0
0
0
0
0
0
0
0
0
0
0
0
0
0
0
0
0
0
0
0
0
0
7.8884867419581
0.168344241267482
0.168344241267482
0
0
0
0.168344241267505
0.168344241267482
0
-247.559944119392
0
0
0
0.0258991140411516
0
1000
0
0
0
0
0
247.559944119392
0
0
1000
0
0
1.01869848561861
0
0
0
0
0
0
1.01869848561861
1.01869848561861
1.01869848561861
1.01869848561864
0
0
0
0
0
0
0
0
0
0
0
0
0
0
0
0
0
0
0
0
0
0
0
0
0
0
0
0
0
0
0
0
0
0
0
0
0
0
0
0
0
0
0
0
0
0
0
0
0
0
0
0
0
0
0
0
0
0
0
0
0
0
0
0
0
0
0
0
0
0
0
0
0
0
0
0
0
0
0
0
0
0
0
0
0
0
0
1000
-565.301830872607
566.016935676018
0
0
0
-1000
-1000
1000
0
0
0
0
-1000
1000
0
0
0
0
0
0
0
0
0
0
0
0
0
0
0
0
0
0
0
0
0
0
0
0
0
0
0
0
0
0
0
0
0
0
0
0
0
0
0
0
1000
0
0
0
0
0
0
0
0
0
0
0
0
0
0
0
0
0
-999.996303952702
-1000
1000
-1000
1000
999.996303952702
-1000
0
0
0
0
0
0
0.00369604729849016
0
0
0
0
0
0
0.0295683783882427
0.0147841891941214
0.00369604729853034
0.00369604729853034
0.00369604729853034
0.00369604729853034
0
0.00369604729853034
0
0
0
0
0
0
0
0
0.00276400058846617
0.00369604729853034
0.0101453820049514
1000
0.00184266705897744
0.00184266705897744
0.00369604729849016
0
0.000921333529488722
0.00184266705897744
0.0156840963623749
-0.00184266705900882
0.00184266705897744
0.00184266705897744
0.00184266705897744
0.00184266705897744
0.00184266705897744
-0.00184266705900882
-0.00368533411790395
0.00184266705897744
0.00184266705897744
0.00184266705900882
0.00184266705897744
-0.00553871435749898
-0.00553871435749898
0.00369604729849016
0.00369604729849016
0.00184266705897744
0.00184266705897744
0.00369604729853034
0.00369604729853034
-0.00369604729849016
-0.00369604729849016
0.00369604729849016
0.00369604729849016
0.00184266705897744
0.00184266705897744
0.00184266705897744
0.00184266705897744
-0.00553871435749898
-999.986158570697
0
0
0
0
0
0
-1000
0
0
0
0.00369604729853034
0
0
0
0
0.00184802364926517
0.00369604729849016
0.00369604729849016
0
0
0.00369604729853034
0.00369604729853034
0
0
0
0
0
0
0.00737066823590978
0.00184266705897744
0.00552800117693233
0.00184266705897744
-0.00184266705900882
0.00184266705897744
0.00184266705897744
0.00184266705897744
0.00184266705897744
0.00184266705897744
0.00184266705897744
0.00368533411795489
0.00184266705897744
0.00184266705897744
0.00184266705897744
0.00184266705897744
0.00184266705897744
0
0.00184266705897744
0.00369604729853034
0.00369604729853034
0.00369604729853034
0.00369604729853034
0.00369604729853034
0.00369604729853034
0.00369604729853034
0.00369604729853034
0.00369604729853034
0.00369604729853034
0.00369604729853034
0.00369604729853034
0.00369604729853034
0.00369604729853034
0
0
0
0
0
0
0
0
0
0
0
0
-0.00369604729849016
0.00369604729853034
0.00369604729853034
0
0
0
0
0
0
0
0
0
0
0
0
0
0
0
0
0
0
0
0
0
0
0
0
0
0
0
0
0
0
0
0
0
0
0
0
0
0
0
0
0
0
0
0
0
0
0
0
0
0
0
0
0
0
0
0
0
0
0
0
0
985.631590745476
0
34.148230944706
0
0
0
0
0.00369604729853034
0
0
0
0
0
0
0
0
0
0
0
0
0
0
0
0
0
0
0
0
0
0
0
0
1000
0
0
0
267.136807965334
0
0
0
-7.25005901539475
0
0
0
0
0
0.144081949624806
0
0
0
0
0
0
0
0
0
0.144081949624806
0
0
548.485749804312
0
0
0
0
0.144081949624806
0
0.144081949624806
0
0.144081949624806
0
53.953274621709
0
0
0
9.00512185155039
0
55.6516530425814
0
0.14408194962482
0
0.288163899249612
0
0.144081949624806
0
0.144081949624806
0
0.144081949624806
0
0.144081949624806
0
0.144081949624806
0
0.144081949624806
0
0.144081949624806
0
0.144081949624806
0
0.144081949624806
0
0.144081949624806
0
0.144081949624806
0
0.144081949624806
0
0.144081949624806
0
0.144081949624806
0
0.144081949624806
0
0.144081949624806
0
0.144081949624806
0
3.02572094212093
0
0
0
4.14235605171318
0
0
0
2.12520875696589
0
0.144081949624806
0
0.144081949624806
0
15.07771968515
0
0.144081949624806
0
0.144081949624806
0
0.144081949624806
0
0.144081949624806
0
68.979233382876
0
8.29465315017459
0
7.74440479233333
0
39.0101878609163
0
0.524566874516149
0
0.144081949624806
0
0.144081949624806
0
1.36877852143566
0
0.144081949624806
0
0.144081949624806
0
0.144081949624806
0
0
-1000
0
0
356.93859671545
0
0
0
0
0
0
0
-1000
1000
0
0
1.01869848561861
-0.00369604729849016
251.798109601817
999.996303952702
0
-1.3665590299637
1000
-1000
-1000
0
0
1000
0
0
0
0
-4.45034895137269
1000
0.237246954903526
0
0
0
-1000
594.101404007138
-0.00369604729849016
0
0
-3.23486273005813
0
-1.19615785802569
0
0
0
0.0248867184767505
1000
1000
-1000
401.828774751704
-1000
0
1000
848.953371644339
0
-1000
0
0
1000
1000
692.771833594303
-1000
0
1000
0
0
-1000
1000
1000
1000
0
0
0
0
0
0
-34.148230944706
-504.391614831632
0
0
0
0
0
0
0
0
0
1000
0
711.572350834243
0
0
0
0
0
0
1000
0
0
0
1000
0
0
0
0
0
0
0
0
-1000
-306.15329771138
-1000
-1000
1000
-1000
819.96490218447
-1000
-1000
-1000
1000
838.501382875143
1000
-1000
1000
-1000
-1000
-1000
1000
-1000
-1000
-1000
733.099594646842
1000
1000
1000
1000
1000
1000
227.292127814648
1000
-1000
-1000
-1000
-1000
-1000
-1000
1000
-1000
1000
1000
1000
-824.796109234477
-1000
-1000
-1000
-10.5417652224178
-1000
-1000
-1000
-1000
-1000
-1000
1000
-1000
-1000
-1000
-1000
-1000
-162.642688342623
-3.86876342652272
-1000
-1000
-1000
-1000
502.818834321738
-1000
-1000
-1000
-1000
1000
-1000
-1000
1000
1000
-1000
-1000
-1000
187.251341753733
1000
-1000
-711.572350834243
1000
978.497825241227
-1000
-1000
1000
1000
-1000
1000
1000
1000
-1000
-1000
1000
1000
1000
1000
-1000
-1000
1000
-1000
-1000
-1000
-1000
-1000
-1000
-1000
1000
1000
1000
-1000
-1000
-1000
1000
1000
-1000
-1000
1000
-1000
-991.771205999997
-1000
0
991.73794157431
10.9681007072431
-1000
-1000
-1000
0
0
0
0
0
0
0
0
0
0
0
0
0
0
0
0
0
0
0
0
0
0
0
0
0
0
0
0
0
0
0
0
0
0
0
0
0
0
0
0
0
0
0
0
0
0
0
0
0
0
0
0
0
0
0
0
0
0
0
0
0
0
0
0
0
0
0
0
0
0
0
0
0
0
0
0
0
0
0
0
0
0
0
0
0
0
0
0
0
0
0
0
0
0
0
0
0
0
0
0
0
0
0
0
0
0
0
0
0
0
0
0
0
0
0
0
0
0
0
0
0
0
0
0
0
0
0
0
0
0
0
0
0
0
0
0
0
0
0
0
0
0
0
0
0
0
0
0
0
0
0
0
0
0
0
0
0
0
0
0
0
0
0
0
0
0
0
0
0
0
0
0
0
0
0
0
0
0
0
0
0
0
0
0
0
0
0
0
0
0
0
0
0
0
0
0
0
0
0
0
0
0
0
0
0
0
0
0
0
0
0
0
0
0
0
0
0
0
0
0
0
0
0
0
0
0
0
0
0
0
0
0
0
0
0
0
0
0
0
0
0
0
0
0
0
0
0
0
0
0
0
0
0
0
0
0
0
0
0
0
0
0
0
0
0
0
0
0
0
0
0
0
0
0
0
0
0
0
0
0
0
0
0
0
0
0
0
0
0
0
0
0
0
0
0
0
0
0
0
0
0
0
0
0
0
0
0
0
0
0
0
0
0
0
0
0
0
0
0
0
0.00369604729853034
0
0
0
0
-1000
997.484638048449
997.484638048449
1000
1000
1000
1000
-407.047387714763
-1000
-1000
1000
-1000
1000
1000
1000
1000
-1000
-1000
998.26907587825
-1000
591.221688163486
1000
-1000
-1000
1000
-1000
-1000
-267.136807965334
-732.863192034666
-1000
-1000
-1000
-1000
-1000
-1000
2.51536195155074
1000
-1000
-1000
-1000
-1000
1000
-1000
-1000
1000
1000
-1000
-1000
-1000
-1000
-1000
-1000
-1000
1000
-1000
0
0
0
0
0
0
0
0
0
0
0
0
0
0
0
-1000
-1000
-0.485369573621256
0
0
0
0
0
1000
1000
0
0
0
0
0
0
0
0
0
-0.00369604729849016
0.00369604729853034
0
0
-0.00369604729849016
-0.00369604729849016
0
0
0
945.446874329441
0
0
0
0
0
0
0
0
0
0
0
0
0
0
0
0
0
0
0
0
0
0.00369604729853034
0
0
-1000
-1000
1000
999.996303952702
-0.00369604729849016
0
0
0
0
0.375211294354131
0
0
0
0
247.559944119392
0
0
0
0
0
0
0
0
0
1000
0
0
-1000
1000
0
-250
250
0.00369604729853034
0
0
0
0
1000
0
0
0
0
0
0
-1000
1000
0
0
0
0
0
0
0
0
0
0
0
0
0
0
0
0
0
0
0
0
0
0
0
0
0
0
0
0
0
0
0
0
772.843842966424
0
0
0.00369604729853034
0
0
0
1000
0
-723.949242695932
0
0
1.99849384150756
0
0
0
0
0.00552800117693233
1000
0
0
0
494.108427560275
494.108427560275
0
0
0
0
0
-0.0295683783882623
0
0.00369604729849016
0
-494.248813462601
0.140385902326329
0
-725.947736537439
998.26907587825
0
0
0
0.146761646233244
1000
0
0
0
0
0
0.00369604729849016
0
0
1000
0
0.0332644256867727
0
0
0.0628328040750151
0.0295683783882623
0
-1000
0
0
-1000
0.00369604729853034
-1000
1000
0
0
0
0
0
0
0
0
0
0
0
0.00863303801372695
-0.155394684246858
0
0
0
0
470.937336150941
470.937336150941
0
0
0
0
0
0
1000
0
0
0
0
0
0
0
0
0
0
0
0
0.999246920753781
0
0.00369604729853034
-0.00369604729849016
0.00369604729853034
0.00369604729853034
0
0
0.00369604729849016
0
0
0
0.999246920753762
0
0
-0.0110881418955842
-1000
-1000
-1000
1000
-1000
1000
0
0
998.008898253089
-1000
-1000
-1000
0
0
0
0
0
0
0
0
0
0
0
0
0
0
0
0
0
0
0
0
0
0
0
0
0
1.99110174691055
0
0
0
0
0
0.00184266705897744
0
1000
0
0
0
0
0
0
0.00369604729853034
0
0
0
0
0
0
0
0
0
0
0
0
0
0
0
0
0
0
0
0
0
0
0
1000
0
0
0
0
0
0
0
0
0
0
0
0
0
0
0
0
0
0
0
0
0
0
0
0
0
0
0
0
0
0
0
2.38368267803764
0
0
0
0
0
0
0
0
0
0
0
0
0
0
0
0
0
0
0
0
0
0
0
0
0
0
0
0
0
0
0
0
0
0
0
0
0
0
0
0
0
0
0
0
0
0
0
0
0
0
0
0
0
0
0
0
0
0
0
0
0
0
0
0
0
0
0
0
0
0
0
0
0
0
0
0
0
0
0
0
0
0
0
0
0
0
0
0
0
0
0
0
0
0
0
0
0
0
0
0
0
0
0
0
0
0
0
0
0
0
0
0
0
0
-999.975113281523
0
0
0.00184266705900882
0
0.0202800508293421
0
0
-0.0248867184767505
0
1000
0.00460666764740836
0
0
0
0
0
0
0
0
0
0
0
0
0
0
0
0
0
0
0
0.00369604729853034
0.00369604729853034
0.00369604729853034
-1000
-1000
0
-47.6147471373596
-1000
0
0
0
0
0
0
-1000
0
0
0
0
0
0
0
0
0
0
0
-1000
0
1000
0
-1000
-1000
-1000
-1000
-1000
-1000
0
0
0
0
0
0
0
0
0
0
-1000
34.5535726211887
1000
0.404833238645306
0.00369604729853034
0.00369604729853034
0.00369604729853034
0.00369604729853034
0.00369604729853034
0
0
0
0
1000
0
0
0
0
0
0
0
0
0
0
0
1000
0
0
0
0
0
0
1000
-1000
0
1000
0.00369604729853034
0.00369604729853034
-1000
0
0
0
0
0
0
0
0
0
0
0
0
0
0
0
0
0
0
0
0
0
7.25005901539475
0
0
0
0
0
0
0
0.905927697935929
0
0
0
0
0
5.08430423705531
0
0
0
0
0
0
0
0
0
0
0.00369604729853034
1000
0
0
0
0
0
0
0
0
0
-1000
0
0
0
0
0
0
0
1.73092412175026
1000
1000
-1000
-1000
-1000
1000
0
0.0101453820049514
0
0
0
0
14.5540195718187
-1000
-1000
0
247.559944119392
0
0
0
999.977823716209
0
0
0
15.5199418675618
0
0
0.594413682108474
0.594413682108474
0
-999.973270614464
0
0
0
0
0
0
0
0
-1000
0
0
0
0
0
0
0
999.094072302064
0.00369604729853034
0
0
0
0
0
0
0
0
1000
0.00369604729849016
0
0
995.821623460881
0
0
0
-1000
0
0
0
-994.632947376476
0
-1000
0
0
0
-1000
-1000
7.88848674195814
0
0
0
-0.14408194962482
0
0
0
0
0
-543.626355665792
543.626355665792
0
0
-750
0
0
0
0
-1000
-1000
0
0
-1000
0
0
0
0
0.0054155127808901
0
0
0
0
0
0
0
0
0
0
0
0
0
0
0
0
0
0
0
1000
0
0
-1000
1000
-1000
-999.844605315753
1000
0
0
0
0
0
0
0
0
-1000
-274.412675120782
0
-1000
0.00184266705897744
0.00184266705897744
0
1000
0
0
499.38028694993
0
0
0
0
0
0
0
0
0
0
0
0
0
0
0
0
0
0
0
0
0
0
0
0
0
-0.0202800508293421
0
0
0
0
0
0
0
0
0
0
0
0
0
0
0
0
0
0
0
0
0
0
0
0
0
0
0
0
0
0
0
0
0
0
0
0
0
0
0
0
0
0
0
0
0
-1000
0
-1000
0
0
0
0
0
0
-1000
0
0
0
0
0
0
0
0
0
0
0
-1000
0
0
0
0
0
0
0
0
0
0
0
0
0
1000
0
0
0
276.050757304068
0
0
0
0
0
0
0
0
0
0
0
0
0
0
0
0
0
0
0
0
0
0
0
0
0
0
0
0
0
0
0
0
0
0
0
0
0
0
0
0
0
0
0
0
0
0
0
0
0
0
0
0
0
0
0
0
0
0
0
0
0
0
0
0
0
0
0
0
0
0
0
0
0
0
0
0
0
0
0
0
0
0
0
0
0
0
0
0
0
0
0
0
0
0
0
0
0
0
0
0
0
0
0
0
0
0
0
0
0
0
0
0
0
0
0
0
0
0
0
0
0
0
0
0
0
0
0
0
0
0
0
0
0
0
0
0
0
0
0
0
0
0
0
0
0
0
0
0
0
0
0
0
0
0
0
0
0
0
0
0
0
0
0
0
0
0
0
0
0
0
0
0
0
0
0
0
0
0
1000
0
0
0
0
-1000
0
0
0
0
0
0
0
0
0
0
0
0
0
0
0
0
0
0
0
0
0
535.396973969615
0
0
202.063640636282
0
-98.5500606427236
0
1000
-310.751055961737
-689.080599796996
0
0
0
-1000
-1000
0
0
0
0
-0.0258723310896585
0.022176283791182
0
0
0
0
0
0
0
0
0
0
0
0
0
0
0
0
0
0
0
0
0
0
0
0
0
0
0
0
0
0
0
0
860.822188410456
0
0
0
0
0
0
0
0
0
0
0
0
0
0
0
0
0
0
0
0
0
0
0
0
0
0
0
0
0
0
17.0306583481138
0
0
0
0
0
0
0
0
0
0
0
0
0
0
0
0
0
0
0
0
0
0
0
0
0
0
0
0
0
0
0
0
0
0
0
0
0
0
0
0
0
0
0
0
0
0
0
0
0
0
0
0
0
0
0
0
0
0
0
0
0
0
0
0
0
0
0
0
0
0
0
0
0
0
0
0
0
0
0
0
0
0
0
0
0
0
0
0
0
0
0
0
0
0
0
0
0
0
0
0
0
0
0
0
0
0
0
0
0
0
0
0
0
0
0
0
0
0
0
0
0
0
0
0
0
0
0
0
0
0
0
0
0
0
0
0
0
0
0
0
0
0
0
0
0
0
0
0
0
0
0
0
-972.831726702852
0
0
0
0
0
0
-494.414604559775
0
0
0
0
0
0
0
0
0
0
0
0
0
0
0
0
0
0
0
0
0
0
0
0
0
0
0
0
0
0
0
0
0
0
0
0
0
0
0
0
0
0
0
193.661910865309
0
0
0
0
0
0
0
17.0306583481138
-972.831726702852
-494.414604559775
193.661910865309
0
0
0
0
0
0
0
0
0
0
0
0
0
499.38028694993
0
0
0
0
0
0
0
0
0
0
0
-1000
0
0
0
0
0.00369604729849016
-998.843172906162
0
0
0
0
0
0
0
0
0
0
0
0
0
0
0
0
0
0
0
0
0
0
0
0
0
0
0
0
0
0
0
0
0
0
0
0
0
0
0
0
0
0
0
0
0
0
0
0
0
0
0
0
0
0
0
0
0
0
0
0
0
0
0
0
0
0
0
0
0
0
0
0
0
0
0
0
0
0
0
0
0
0
0
0
0
0
0
0
0
0
0
0
0
0
0
0
0
0
0
0
0
0
0
0
0
0
0
0
0
0
0
0
0
0
0
0
0
0
0
0
0
0
0
0
0
0
0
0
0
0
0
0
0
0
0
0
0
0
0
0
0
0
0
0
0
0
0
0
0
0
0
0
0
0
0
1000
0
592.952612285237
0
0
0
0
0
0
1000
0.00369604729849016
0
0
-1000
1000
0
0
0
0
0
0
0
0
0
0
0
0
0
0
0
0
0
0
0
0
0
0
0
0
0
0
0
0
0
0
0
0
0
0
0
0
0
0
0
0
0
0
0
0
0
0
0
0
0
0
0
0
0
0
0
0
0
0
0
0
0
0
0
0
0
0
0
0
0
0
0
0
0
0
0
0
0
0
0
0
0
0
0
0
0
0
0
0
0
0
0
0
0
0
0
0
0
0
0
0
0
0
0
0
0
0
0
0
0
0
0
0
0
0
0
0
0
0
0
0
0
0
0
0
0
0
0
0
0
0
0
0
0
0
0
0
0
0
0
0
0
0
0
0
0
0
0
0
0
0
0
0
0
0
0
0
0
0
0
0
0
0
0
0
0
0
0
0
0
0
0
0
0
0
0
0
0
0
0
0
0
34.9487082876076
500
89.2765047954188
0
0
0
-0.999246920753762
0
0
476.513344345548
19.7479628607467
43.165190068585
0.107131805754503
89.2765047954188
0
0
0
0
0
0
0
0
0
0
0
0
0
0
0
0
0
0
0
774.205179757616
-1000
0
-54.5531256705586
-945.446874329441
0
0
0
0
0
-999.922446901749
0
0
0
0
0
-360.204874062016
0
0
860.85634203013
0
0.0119880490639288
0
0.00369604729853034
0
0
0
0
0
0
0
0
0
0
0
0
0
0
0
0
7.25005901539475
0
0
0
0
0.0248867184767505
-68.9792333828759
-3.02572094212098
0
-10.9681007072431
-21.5021747587729
-43.850650608579
159.275422355665
-983.570034150577
-1000
-1000
-499.12760052443
161.498617124857
1000
-1000
0
0
0
0
0
0
0
-1000
-39.7442483195817
-3.86876342652272
-78.8611698967316
180.03509781553
-10.5417652224178
-997.293957718447
-35.3804172290072
-24.6086534111099
-391.954253357754
0
0
-1000
-945.446874329441
0
1000
-0.00369604729849016
0
985.445980428181
-1000
0
0
0
0.237246954903526
0.375211294354131
0
1000
0.0332644256867525
0
0
0
0
0
0
0
0
0
-0.00369604729849016
0
0
0
0
0
0
0
0
0
0
0
0
1000
-1000
0
0
1000
0
-1.73092412175026
0
0
1000
-1000
247.559944119392
-0.00369604729849016
-0.00369604729849016
-1.01869848561864
0
0
0
-0.00369604729849016
0
-0.00369604729849016
0
0
0
-0.00369604729849016
0
0
0
-0.00369604729849016
0
0
0
0
0
1000
0
0
0
0
0
592.952612285237
0
0
0
0
0
0
0
0
0
0
0
0
-748.201890398183
999.996303952702
495.608385168368
1000
0
-1000
0
1000
0
0
-0.00369604729849016
-1000
0
0
0
0
0
0
0
0
0
0
0
0
0
1000
-3.23486273005813
-0.485369573621256
-1000
-1000
0
0
0
0
0
-1.19615785802569
0
0
2.51536195155074
1000
0
0
0
0
0
401.828774751704
0
0
0
0
594.101404007138
1000
999.996303952702
0
0
-1.3665590299637
-999.996303952702
0
0
0
250
0
-34.148230944706
0
-1000
1000
-1000
-1000
0
0
0
0
0
-860.873858080371
0
0
0
0
0
0
-0.00369604729849016
-1000
1000
0
0
0
0
0
1000
-1000
-1000
-4.45034895137269
0
0
-250
0
0
0
0
0
0
0
1000
-0.524566874516154
-0.14408194962482
-39.0101878609163
-1000
-2.12520875696589
-15.07771968515
-1.36877852143562
-7.74440479233328
-4.14235605171314
-0.14408194962482
0
0
548.485749804312
0
-0.14408194962482
-1000
-0.14408194962482
-0.14408194962482
-0.14408194962482
-8.29465315017455
0
-0.14408194962482
-53.9532746217091
-55.6516530425814
0
-15.5199418675618
0
0
-0.14408194962482
0
0
-0.14408194962482
-0.14408194962482
-0.14408194962482
-0.14408194962482
0
0
-9.00512185155037
0
0
0
-1000
1000
-495.608385168368
495.608385168368
-1000
1000
-0.00369604729849016
0
750
-750
0
0
0
-1000
0
0
0
0
0
0
0
0
0
0
0
0
0
0
0
0
0
0
1000
-1000
-1000
1000
1000
0
-1000
-1000
0
-0.14408194962482
-0.14408194962482
0
0
0
0
1000
-689.248944038263
689.080599796996
-0.0258723310896585
0.0221762837911683
0
0
0
0
0
1000
-1000
0
0
0
0
0
0
0
0
0
0
0
0
0
0
0
0
0
0
0
0
0
0
0
0
0
0
0
0
0
0
0
0
0
0
0
0
0
0
0
0
0
0
0
0
0
0
0
0
0
0
0
0
0
0
0
0
0
0
0
0
0
0
0
0
0
0
0
0
0
-0.14408194962482
0
0
0
0
860.822188410456
0
0
0
0
0
0
0
0
0
0
0
0
0
0
0
0
0
0
0
0
0
0
0
0
0
0
0
0
0
0
0
-17.0306583481138
0
0
0
0
0
0
0
0
0
0
0
0
0
0
0
0
0
0
0
0
0
0
0
0
0
0
0
0
0
0
0
0
0
0
0
0
0
0
0
0
0
0
0
0
0
0
0
0
0
0
0
0
0
0
0
0
0
0
0
0
0
0
0
0
0
0
0
0
0
0
0
0
0
0
0
0
0
0
0
0
0
0
0
0
0
0
0
0
0
0
0
0
0
0
0
0
0
0
0
0
0
0
0
0
0
0
0
0
0
0
0
0
0
0
0
0
0
0
0
0
0
0
0
0
0
0
0
0
0
0
0
0
0
0
0
0
0
0
0
0
0
0
0
0
0
0
0
0
0
0
0
0
972.831726702852
0
0
0
0
0
0
494.414604559774
0
0
0
0
0
0
0
0
0
0
0
0
0
0
0
0
0
0
0
0
0
0
0
0
0
0
0
0
0
0
0
0
0
0
0
0
0
0
0
0
0
0
0
-193.661910865309
0
0
0
0
0
0
0
0
0
0
0
0
0
0
0
0
0
-592.952612285237
0
1000
0
0
998.843172906162
0
0
0
0
0
0
0
0
0
0
0
0
0
0
0
0
0
0
0
0
0
0
0
0
0
1000
0
-1000
0
0
-0.00369604729849016
0
0
0
0
0
0
0
0
0
-643.06140328455
0
0
0
0
0
0
0
0
0
0
0
0
0
0
0
0
0
0
0
0
0
0
0
0
0
0
0
0
0
0
0
0
0
0
0
0
0
0
0
0
0
0
0
0
0
0
0
0
0
0
0
0
0
0
0
0
0
0
0
0
0
0
0
0
0
-34.5572686684872
34.557268668487
34.557268668487
0
-1000
1000
1000
-0.14408194962482
-0.14408194962482
-0.14408194962482
-0.14408194962482
0
-0.14408194962482
-0.288163899249639
0
-0.14408194962482
-0.14408194962482
-0.14408194962482
-0.14408194962482
0
-0.14408194962482
-0.14408194962482
-0.14408194962482
-0.14408194962482
-0.14408194962482
-0.14408194962482
-0.14408194962482
0
-0.14408194962482
-0.14408194962482
-0.14408194962482
0
-1000
89.2765047954188
0
1000
0
0
0
0
0
0
0
0
0
