0
0
0
0
0
0
0
0
-1000
0
1000
0
0
199.370610283055
0
0
999.736692340582
-999.736692340582
999.939568733904
0
0.0604312660960191
0
-1000
0.379853672603531
0
1000
-201.664943249563
0
-393.615847131411
0.024886718476771
0
0
0
0
0
0.0332804954576363
0
0
0
36.2641162478992
0
0
0
0
0
250
0
250
0
250
0
250
0
250
0
250
0
0
0
0
250
0
0
0
0
0
0
0
0
393.615847131411
0
0
0
0
-1000
-1000
0
0
0
0
393.615847131411
0
-1000
0
0
0
0
0
0
0
0
0
0
0
0
0
1000
0
-1000
0
1000
-1000
0
0
0
0
0
0
0
0
0
0
0
0
0
0
0
0
0
721.902313660242
0
0
0
0
0
0
0
0
0
0
0
0
0
0
1000
0
0
1000
0
0
0
0
0
0
1000
0
0
0
0
-15.1291321822897
0
0
0
0
-1000
0
0
0
1000
0
0
196.708956805708
598.167529200998
1000
401.449939357276
0
0
0
-1000
401.449939357276
600.820549640331
1000
-800.629389716945
0
0
1000
0
0
0
0
0
1000
500.575360482488
0
0
0
0
0
-3.58876818654289
0
0
0
0
0
0
0
251.321373066209
-1000
0
0
0
0
0
0
0
0
0
0
0
0
0
0
-3.59308470554981
0
-2.14531441023394
0
0
0
0
0
0
0
0
0
0
1000
999.996303952702
0.476736535607537
0
-999.523263464392
0.715104803411305
0
0
-401.828774751704
0
0
0.00369604729849016
-999.276882630283
0
-0.00369604729849016
0
0
0
0
0
0
0
0
-0.476736535607529
0
-1000
0
-1000
0
-1000
1000
1000
1000
0
-1000
-287.236543603285
-0.999246920753762
1000
0.71510480341135
0
-0.71510480341135
1000
0
-1000
0.715104803411305
0
0
1000
0
0.185610317294916
0
-0.185610317294959
0
0.00184266705897745
0
0
0
0
0
0
0
0
277.83437868034
0
0
0
0
0
0
0
0
998.803842141974
0
1000
0.485369573621254
943.698379331002
0
1000
0
-0.185610317294959
0
-0.71510480341135
0
0
0.71510480341135
0
0
0
0
0
0
-1000
0
0
0
1000
0.71510480341135
0
-1000
-0.999246920753762
0
0.00369604729852798
0
2.23561580930436
0
0
0
0
0
0
0
0.719421322418164
0
0
0
0
0
2.38368267803768
0
10.0346791390051
0
0
0
0
0
0
0
0
-85.1905882388292
-1000
1.43020960682259
-0.00184266705900882
1000
1000
-1000
-1000
-1000
-1000
1000
1000
-1000
-1000
1000
0
0
0
0
0
0
-1000
0
-1000
-1000
-1000
0
1000
0
1.99110174691043
-1000
1000
0
0
0
0
0
0
0.999246920753781
0.476736535607529
-1000
1000
1000
1000
-1000
-1000
1000
-85.8356690157042
0
1000
0
-1000
-914.641067519903
0
-1000
0
992.454003421853
-1000
-1000
1000
1000
-1000
-997.532161717482
1000
0
0
0
1000
-1000
0
0
0
-1000
0
0
0
1000
-988.750232924463
0
0
0
-999.156165743428
0
0
0
0
0
0
0
0
0
0
0
4.80072518298834
0
0
0
0
0.00369604729853034
0
11.2830315012234
-11.2830315012234
0
0
0
0
0
0
0
0
0
0
0
0
11.2830315012234
0
0
0
0
0
0
0
0
0
0
0
0
0
0
0
0
0
0
0
0
0
0
0
0
0
0
0
0
0
0
1000
1000
1000
0.107912975171416
0.107912975171416
0
31.4528113298818
0
0
0
0
0
0
0
0
0
0
0
34.148230944706
0.0295683783882427
0
0
0
-999.889182476062
0
0
0
0
0
0
0
0
0
0
0
0
0
0
0
0
0
0
0
0
0
0
0
0
0
0
0
0
0
0
0
0
0
0.168344241267478
0
0
507.168168359086
-1000
0
489.373588455929
0
489.373588455929
0
0
1000
0
0
0
0
0
0
0
0
0
0
0
0
0
0
0
0
0
0
0
0
0
0
0
0
0
0
0
0
0
0
0
0.168344241267478
0
0
0
0
0
0
0
0
0
999.283457844861
0
0
0
0
0
0
0
0
0
0
0
0
0
0
0
0
0
0
0
0
0
0
0
0
0
0
0
0
0
0
0
0
0
0
0
0
0
0
0
0
0
0
0
0
0
0
0
0
0
0
0
0
0
0
0
0
0
0
0
0
0
0
0
0
0
0
0
0
0
0
0
0
0
0
1000
0
0.0043165190068585
0
0
0
0
0.781289940241389
0.781289940241389
0
0
0
0
0
0
0
0
0
0
0
0
0
0
0
0
0
0
0
0
0
1000
0
0
0
0
0
-1000
0
0
0
-1000
0
0
-1000
0
0
0
0
2.24458988356642
0
62.7321823250539
64.9767722086203
0
0
0
0
0
0
0
0
0
0
2.24458988356642
0
2.24458988356642
0
0
0
13.3900249761099
38.1687188820784
24.3974832304921
17.8692504129581
26.4941419456125
8.72019420152354
20.3947711379895
37.3109948622564
34.356612127314
10.8645042510785
21.0618898200732
43.4103656698795
34.2613094584449
10.5785962444712
17.5356910719162
24.302180561623
31.4975320612408
25.4934639224868
4.66983077458637
31.7834400678481
0
0
0
0
0
0
0
0
0
0
0
0
0
0
0
0
0
0
0
0
0
0
0
0
0
0
0
0
0
0
0
0
0
0
0
0
0
0
0
0
0
0
0
0
0
0
0
0
0
0
0
0
0
0
0
0
0
0
0
0
0
0
0
0
0
0
0
0
0
0
0
0
0
0
0
0
0
0
0
0
0
0
0
0
0
0
0
0
0
0
0
0
-1000
0
0
0
0
34.148230944706
-1000
-1000
1000
1000
0
0
0
0
0
0.0775530982513146
0
-999.156165743428
-0.232947782498172
-0.232947782498172
-1000
0
-0.140385902326329
999.889182476062
-0.261248434518279
1000
1000
0.0861861362650416
1000
0
0
999.922446901749
0
-1000
-1000
-1000
0
0
0
999.889182476062
999.889182476062
0.140385902326329
0
0
0
0
0
0
0
0
0
0
0
-999.996303952702
500.427582485564
1000
1000
0
425.535512322214
195.700717190906
2.51293080895457
5
0
0
0
0
0
0
0
0
0
0
0.14408194962482
0
515.052641439588
-0.14408194962482
-0.14408194962482
0.14408194962482
0
79.9654820417675
545.492606881636
0.14408194962482
0
0
0
0.00541551278092811
-0.14408194962482
0
0
-1000
-0.14408194962482
-0.14408194962482
0
0
0
0
0
0
0
0
0
0
0
0
0
0
0
0
0
0.900512185155094
0
4.17837653911943
0
0.14408194962482
-0.14408194962482
-5.06402418622599
0
0
0
0
0
0
-39.0101878609163
39.0101878609164
-0.0202800508293421
0
0
0
0
0
0
0
0
0
0
0
0
0
0
0
0
0
0
0
0
0
0
0
0
0
0
0
0
0
0
0
0
0
0
0
0
0
0
0
0
0
0
0.00541551278092811
0
0
0
0
0
0
0
0
0
0
0
0
0
0
0
0
0
0
0
0
0
0
0
0
0
0
0
0
0
0
0
0
0
0
0
0
0
0
0
1000
0
0
0
0
0
0
0
0
0
0
0
0
0
0
0
0
0
0
0
0
0
0
0
0
0
0
0
0
0
0
0
0
0
0
0
0
0
0
0
0
0
0
0
0
0
0
0
0
0
0
0
0
0
0
0
0
0
0
0
0
0
0
0
0
0
0
0
0
0
0
0
0
0
0
0
0
0
0
0
0
0
0
0
0
0
0
0
0
0
0
0
0
0
0
0
0
0
0
0
0
0
0.144081949624806
0.288163899249613
0.144081949624806
46.1123199317058
0.144081949624806
0
0
0
0
0
0
0
0
0
0
0
0
0
0
0
0
0
0
0
0
0
0
0
0
0
0
0
0
0
0
0
0
0
0
0
0
0
0
0
0
0
0
0
0.144081949624806
0
0
0
0
0
0
0
0
0
0
0
0
0
0
0
0
0
0
0
0
0
0
0
0
0
0
0
0
0
0
0
0
0
0
0
0
0
0
0
0
0
0
0
0
0
0
0
0
0
0
0
0
0
0
0
0
0
0
0
0
0
0
0
0
0
0
0
0
0
0
0
0
0
0
0
0
0
0
0
0
0
0
0
0
0
0
0
0
0
0
0
0
0
0
0
0
0
0
0
0
0
0
0
0
0
0
0
0
0
0
0
0
0
0
0
0
0
0
0
0
0
0
0
0
0
0
0
0
0
0
0
0
0
0
0
0
0
0
0
0
0
0
0
0
0
0
0
0
0
0
0
0
0
0
0
0
0
0
0
0
0
-1000
0
0
0
0
0
0
0
0
0
0
0
0
0
0
0
0
0
0
0
0
0
0
0
0
0
0
0
0
0
0
0
0
0
0
0
0
0
0
0
0
0
0
0
0
0
0
0
0
0
0
0
0
0
0
0
0
0
0
0
0
0
0
0
0
0
0
0
0
0
0
0
0
0
0
0
0
0
0
0
0
0
0
0
0
0
0
0
0
0
0
0
0
0
0
0
0
0
0
0
0
0
0
0
0
0
0
0
0
0
0
0
1000
1000
0
0
0
0
0
0
0
0
0
0
0
0
0
0
0
0
0
0
-1000
0
-1000
0
0
0
0
0
0
0
1000
1000
0
0
0
0
0
0
0
0
0
0
0
0
0
0
0
0
0
0
0
0
0
0
0
0
0
0
0
0
0
0
0
0
0
0
0
0
0
0
0
0
0
0
0
0
0
0
0
0
0
0
0
0
0
0
0
0
0
0
0
0
0
0
0
0
0
0
0
0
0
0
0
0
0
0
0
0
0
0
0
0
0
0
0
-998.001506158492
47.6406194684494
0
0
0.14408194962482
0
-484.371030761913
0
0.14408194962482
0
0
484.371030761913
0
499.38028694993
0
0
0
0.00541551278092811
0
0
-1000
1000
0
0
0
0
0
0
0
0
0
0
0
0
0
-1000
-0.900512185155094
0
-4.17837653911943
0
5.06402418622599
0
0
0
0
0
0
0
0.0202800508293421
0
0
0
0
0
0
1000
-998.001506158492
0
0
0
-521.548815576698
1000
-0.0221762837911683
0
0
0.14408194962482
-0.14408194962482
0
0
515.628969238087
-515.628969238087
-1000
0
-0.14408194962482
-0.14408194962482
0
0
-1000
0
-515.628969238087
-484.371030761913
-1000
0
-500.61971305007
-499.38028694993
-1000
0
0
0
0
0
-1000
0
0
0
0
0
-1000
1000
-1000
0
0
0
-1000
0
0
0
-1000
0
0
0
0
0
0
0
0
0
0
0
0
0
0
0
0
0
0
0
-1000
1000
-1000
0.905927697935908
-1000
0
-1000
4.17837653911943
-1000
0
-5.08430423705533
-5.08430423705533
0
0
0
0
0
0
1000
0
1000
0
1000
0
-1000
0
22.0385953644592
0
-1000
0
0
0
0
0
0
0
0
0
-1000
0
0
0
0
0
0
0
0
0
0
0
0
0
0
0
0
0
0
0
0
0
0
0
0
0
0
0
0
0
0
0
0
0
0
0
0.00541551278092811
-0.00541551278092811
0
0
0
0
0
0
0
0
0
0
0
0
0
0
0
0
0
0
0
0
0
0
0
0
0
0
0
0
0
0
0
0
0
0
0
0
0.00541551278092811
-0.00541551278092811
0
0
0
0
0
0
0.0202800508293421
0.0202800508293421
0
0
0
0
0
0
0
0
0
0
0
0
0
0
0
0
-0.0202800508293421
-0.0202800508293421
0
0
0
0
0
0
0
0
0
0
0
0
0
0
0
0
0
0
0
0
0
0
0
0
0
0
0
0
0
0
0
0
0
0
0
0
0
1000
0
0
0
0
0
0
0
1.21055012336377
0.00369604729853034
0
0
0
0
0
0
0
0
0.152312859301368
0
0
0
0
0
0
0
0
0
0
0
0
0
0
0
0
0
0
0
0
0
0
0
0
0
0
0
0
0
0
0
0
0
0
0
0
0
0
0
0
0
0
0
0
0
0
0
0
0
0
0
0
0
0
0
0
0
0
0
0
0
0
0
0
0
515.628969238087
515.628969238087
515.628969238087
0
0
0
0
0
0
0
0
0
0
0
0
0
0
0
0
0
0
0
0
0
0
0
0
0
0
0
0
0
0
0
0
0
0
0
0
0
0
0
0
0
0
0
0
0
0
0
0
0
0
0
0
0
0
0
0
0
0
0
0
0
0
0
0
0
0
0
0
0
0
0
0
0
0
0
0
0
0
0
0
0
0
0
0
0
0
0
0
0
0.144081949624806
0.144081949624806
0.144081949624806
0.144081949624806
-0.14408194962482
0
0
0
0
0
0
0
0
0
0
0
0
0
0
0
0
0
0
0
0
0
0
0
0
0
0
0
0
0
0
0
0
0
0
0
0
0
0
0
0
0
0
0
0
0
0
0
0
0
0
0
0
0
0
0
0
0
0
0
0
0
0
0
0
0
0
0
0
0
0
0
0
0
0
0
0
0
0
0
0
0.00369604729853034
0.00369604729853034
0.00369604729853034
0.00369604729853034
0.00369604729853034
0
0
0
0
0
0
0
0
0
0
0
0
0
0
0
0
0
0
0
0
0
0
0
0
0
0
0
0
0
0
0
0
0
0
0
0
0
0
0
0
0
0
0
0
0
0
0
0
0
15.1291321822897
15.1291321822897
-15.1291321822897
5.0344199504
-2.51536195155074
2.51536195155074
2.51536195155074
2.51536195155074
2.51536195155074
2.51536195155074
2.51536195155074
2.51536195155074
2.51536195155074
2.51536195155074
2.51536195155074
2.51536195155074
0
2.51536195155074
2.51536195155074
2.51536195155074
2.51536195155074
2.51536195155074
2.51536195155074
2.51536195155074
0
0
0
2.51536195155074
2.51536195155074
0
2.50799128331483
0
0
0
0
0
0
0
0
0
0
0
0
0
0
0
0
15.1291321822897
15.1291321822897
5.0344199504
5.0344199504
0
0
0
0
0
0
0
0
0
0
0
0
0
0
0
0
0
0
0
0
0
0
0
0
0
0
0
0
0
0
0
0
0
0
0
0
0
0
0
0
0
0
0
0
0
0
0
0
0
0
0
0
0
0
0
0
0
0
0
0
0
0
0
0
0
0
0
0
0
0
0
0
0
0
0
0
0
0
0
0
0
0
0
0
0
0
0
0
0
0
0
0
0
0
0
0
0
0
0
0
0
0
0
0
0
0
0
0
0
0
0
0
0
0
0
0
0
0
0
0
0
0
0
0
0
0
0
0
0
0
0
0
0
0
0
0
0
0
0
0
0
0
0
0
0
0
0
0
0
0
0
0
0
0
0
0
0
0
0
0
0
0
0
0
0
0
0
0
0
0
0
0
0
0
0
0
0
0
0
0
0
0
0
0
0
0
0
0
0
0
0
0
1.21055012336377
358.149146838814
358.149146838814
0
3.5173657307726
3.5173657307726
0
-361.666512569587
0
3.5173657307726
0
356.938596715451
0
0
1000
0
3.5173657307726
0
3.5173657307726
3.5173657307726
0
0
0
0
0
0
0
0
0
0
0
0
0
0
0
0
0
0
0
0
0
0
0
0
0
0
0
0
0
0
0
0
0
0
0
0
361.666512569587
0
0
0
0
0
0
0
0
0
0
0
0
0
0
0
0
0
0
0
0
0
0
0
0
0
0
0
0
0
0
0
0
0
0
0
0
0
0
0
0
0
0
0
0
0
0
0
0
0
0
0
0
0
0
0
0
0
0
0
0
0
0
0
0
0
0
0
0
0
0
0
0
0
0
0
0
0
0
1.21055012336377
0.00369604729853034
0
0
0
0
0
0
0
1.35641364795872
0
0
0
0.999246920753781
0.999246920753781
0.999246920753781
0
0
0
0
0
0
1.36655902996367
0
0
0
0.00369604729853034
0
0
0
0
-1.3665590299637
1.36655902996367
0
0
0
0
0.375211294354187
0
0
0
0
0
0
0.237246954903538
0.227101572898587
0.237246954903538
0
0
0
0
0
0
0
0
0
11.3790476009368
11.3790476009368
11.3790476009368
0
0
0
0
-0.152312859301333
0
0
0
0
0
0
0
0
0
0
0
0
0
0
0
0
0
0
0
0
0
0
0
0
0
0
0
0
0
0
0
0
0
0
0
0
0
0
0
0
0
0
0
0
0
0
0
0
0
0
0
0
0
0
0
0
0
0
0
0
0
0
0
0
0
0
0
0
0
0
0
0
0
0
0
0
0
0
0
0
0
0
0
0
0
0
0
0
0
0
0
0
0
0
0
0
0
0
0
0
0
0
0
0
0
0
0
0
0
0
0
0
0
0
0
1000
0
0
1000
1000
0
0
0
0
0
0
0
0
0
0
0
0
0
0
0
0
0
0
0
0
0
0
0
0
0
0
0
0
0
0
0
0
0
0
0
0
0
0
0
0
0
0
0
0
0
0
0
0
0
0
0
0
0
0
0
0
0
0
0
0
0
0
0
0
0
0
0
0
0
0
0
0
0
0
0
0
0
0
0
0
0
0
0
0
0
0
0
0
0
0
0
0
0
0
0
0
0
0
0
0
0
0
0
0
0
0
0
0
0
0
0
0
0
0
0
0
0
0
0
0
0
0
0
0
0
0
0
0
0
0
0
0
0
0
0
0
0
0
0
0
0
0
0
0
0
0
0
0
0
0
0
0
0
0
0
0
0
0
0
0
0
0
0
0
0
0
0
0
0
0
0
0
0
0
0
0
0
0
0
0
0
0
0
0
0
0
0
0
0
0
0
0
0
0
0
0
0
1000
0
0
0
0
0
0
0
0
0
0
0
0
0
0
0
0
0
0
0
0
0
0
0
0
0
0
0
0
0
0
0
0
0
0
0
0
0
0
0
0
0
0
0
0
0
0
0
0
0
0
0
0
0
0
0
0
0
0
0
0
0
0
0
0
0
0
0
0
0
0
0
0
0
0
0
0
0
0
0
0
0
0
0
0
0
0
0
0
0
0
0
0
0
0
0
0
0
0
0
0
0
0
0
0
0
0
0
0
0
0
0
0
0
0
0
1000
0
0
0
0
507.45755437856
0
0
0
0
0
0
0
0
0
0
0
0
0
0
0
0
0
0
0
0
0
0
0
0
0
0
0
0
0
0
0
0
0
0
0
0
0
0
0
0
0
0
0
0
0
0
0
0
0
0
0
0
0
0
0
0
0
0
0
0
0
0
0
0
0
0
0
0
0
0
0
0
0
0
0.168344241267478
0.168344241267478
0
0
0
0.168344241267505
0.168344241267478
0
-247.559944119392
0
0
0
0.0258991140411474
0
0
0
0
0
0
247.559944119392
0
0
0
0
0
0
1.01869848561802
0
0
0
0
0
0
1.01869848561802
0
1.01869848561802
1.01869848561796
0
0
0
0
0
0
0
0
0
0
0
0
0
0
0
0
0
0
0
0
0
0
0
0
0
0
0
0
0
0
0
0
0
0
0
0
0
0
0
0
0
0
0
0
0
0
0
0
0
0
0
0
0
0
0
0
0
0
0
0
0
0
0
0
0
0
0
0
0
0
0
0
0
0
0
0
0
0
0
0
0
0
0
0
0
0
0
1000
681.627930844563
-437.14075049614
0
0
0
1000
-1000
-1000
0
30.7377065264705
0
0
-756.227924454989
1000
0
0
0
0
0
0
0
0
0
0
0
0
0
0
0
0
0
0
0
0
0
0
0
0
0
0
0
0
0
0
0
0
0
0
0
0
0
0
0
0
1000
0
0
0
0
0
0
0
0
0
0
0
0
0
0
0
0
0
-999.996303952702
-1000
1000
-1000
1000
999.996303952702
-1000
0
0
0
0
0
0
0.00369604729849016
0
0
0
0
0
0
0
0.0147841891941214
0.00369604729853034
0.00369604729853034
0.00369604729853034
0.00369604729853034
0
0.00369604729853034
0
0
0
0
0
0
0
0
0.00276400058846617
0.00369604729853034
0.0101453820049514
1000
0.00184266705897745
0.00184266705897745
0.00369604729849016
0
0.000921333529488722
0.00184266705897745
0.0156840963624886
-0.00184266705900882
0.00184266705897745
0.00184266705897745
0.00184266705897745
0.00184266705897745
0.00184266705897745
-0.00184266705900882
-0.00368533411790395
0.00184266705897745
0.00184266705897745
0.00184266705900882
0.00184266705897745
-0.00553871435749898
-0.00553871435749898
0.00369604729849016
0.00369604729849016
0.00184266705897745
0.00184266705897745
0.00369604729853034
0.00369604729853034
-0.00369604729849016
-0.00369604729849016
0.00369604729849016
0.00369604729849016
0.00184266705897745
0.00184266705897745
0.00184266705897745
0.00184266705897745
-0.00553871435749898
-999.986158570696
0
0
0
0
0
0
-492.831831640914
0
0
0
0.00369604729853034
0
0
0
0
0.00184802364926517
0.00369604729849016
0.00369604729849016
0
0.00369604729853034
0
0
0
0
0
-0.00369604729849016
0
0
0.00737066823590978
0.00184266705897745
0.00552800117693234
0.00184266705897745
-0.00184266705900882
0.00184266705897745
0.00184266705897745
0.00184266705897745
0.00184266705897745
0.00184266705897745
0.00184266705897745
0.00368533411795489
0.00184266705897745
0.00184266705897745
0.00184266705897745
0.00184266705897745
0.00184266705897745
0
0.00184266705897745
0.00369604729853034
0.00369604729853034
0.00369604729853034
0.00369604729853034
0.00369604729853034
0.00369604729853034
0.00369604729853034
0.00369604729853034
0.00369604729853034
0.00369604729853034
0.00369604729853034
0.00369604729853034
0.00369604729853034
0.00369604729853034
0
0
0
0
0
0
0
0
0
0
0
0
-0.00369604729849016
0.00369604729853034
0.00369604729853034
0
0
0
0
0
0
0
0
0
0
0
0
0
0
0
0
0
0
0
0
0
0
0
0
0
0
0
0
0
0
0
0
0
0
0
0
0
0
0
0
0
0
0
0
0
0
0
0
0
0
0
0
0
0
0
0
0
0
0
0
0
996.99217534495
0
34.148230944706
0
0
0
0
0.00369604729853034
0
0
0
0
0
0
0
0
0
0
0
0
0
0
0
0
0
0
0
0
0
0
0
1000
0
0
0
0
15.9568562366317
0
0
0
0
0
0
0
0
0
0.144081949624806
0
0
510.261916614563
0
0
0
0
0
0
0.144081949624806
0
0
0
0
38.2238331897476
0
0
0.144081949624806
0
0.144081949624806
0
0.144081949624806
0
53.9532746217091
0
0
0
9.0051218515504
0
55.6516530425815
0
0.14408194962482
0
0.288163899249613
0
0
0
0.144081949624806
0
0.144081949624806
0
0.144081949624806
0
0.144081949624806
0
0.144081949624806
0
0.144081949624806
0
0.144081949624806
0
0.144081949624806
0
0.144081949624806
0
0.144081949624806
0
0.144081949624806
0
0.144081949624806
0
0.144081949624806
0
0.144081949624806
0
0.144081949624806
0
0.144081949624806
0
3.02572094212093
0
0
0
4.14235605171319
0
0
0
2.12520875696589
0
0.288163899249613
0
0
0
15.07771968515
0
0.144081949624806
0
0.144081949624806
0
0.144081949624806
0
0.144081949624806
0
68.9792333828761
0
1.04459413477985
0
46.7545926532497
0
0
0
0.52456687451615
0
0.144081949624806
0
0.144081949624806
0
1.36877852143566
0
0.144081949624806
0
0.144081949624806
0
0.144081949624806
0
0
-1000
0
0
356.938596715451
0
0
0
0
0
0
30.7377065264704
-851.071024644427
1000
0
0
1.01869848561802
-0.00369604729849016
250.598255696492
1000
0
-1.3665590299637
1000
-523.573234214683
-1000
0
0
1000
0
0
0
0
-5.64650680939769
1000
0.237246954903526
0
0
0
-998.803842141974
594.101404007139
-0.00369604729849016
0
0
-3.23486273005813
0
943.698379331002
0
0
0
0.0248867184767505
1000
998.803842141974
-1000
401.828774751704
-1000
0
997.66733270347
1000
0
-1000
0
0
1000
847.006400970877
-1000
1000
0
-44.0189948498465
0
0
-1000
1000
1000
1000
0
0
0
0
0
0
-34.148230944706
-503.195456973607
0
0
0
0
0
0
0
0
0
1000
0
1000
1000
0
0
0
0
0
0
0
0
0
1000
0
0
0
0
0
30.2891531605197
0
0
-1000
-1000
-1000
-1000
1000
-1000
984.593964912199
-1000
-1000
1000
1000
-1000
1000
-1000
10.7633243852649
-871.685751889584
-168.058496429997
-1000
-1000
1000
-1000
-1000
-1000
1000
1000
1000
1000
1000
1000
1000
-1000
-1000
-1000
-1000
-1000
-1000
-975.39134658889
-1000
-986.327789174711
1000
1000
1000
-1000
-1000
-1000
-1000
-1000
-1000
-1000
-1000
-1000
-1000
-1000
1000
-1000
-1000
-1000
-1000
-1000
-1000
-5.69111547591501
-1000
-1000
-1000
-10.7388503735079
-1000
-1000
-1000
0.168344241267505
-1000
1000
-1000
1000
1000
1000
-1000
-10.5417652224172
-1000
-1000
1000
989.458234777583
-1000
1000
-1000
-1000
-1000
1000
1000
-1000
1000
1000
1000
-1000
-1000
1000
1000
1000
1000
-1000
-1000
1000
-1000
-1000
-1000
-1000
-1000
-1000
-1000
1000
1000
1000
-1000
1000
-1000
1000
1000
-1000
1000
1000
-1000
-1000
-1000
5.35364037206364
1000
8.63543341071272
-994.646359627936
-1000
-1000
0
0
0
0
0
0
0
0
0
0
0
0
0
0
0
0
0
0
0
0
0
0
0
0
0
0
0
0
0
0
0
0
0
0
0
0
0
0
0
0
0
0
0
0
0
0
0
0
0
0
0
0
0
0
0
0
0
0
0
0
0
0
0
0
0
0
0
0
0
0
0
0
0
0
0
0
0
0
0
0
0
0
0
0
0
0
0
0
0
0
0
0
0
0
0
0
0
0
0
0
0
0
0
0
0
0
0
0
0
0
0
0
0
0
0
0
0
0
0
0
0
0
0
0
0
0
0
0
0
0
0
0
0
0
0
0
0
0
0
0
0
0
0
0
0
0
0
0
0
0
0
0
0
0
0
0
0
0
0
0
0
0
0
0
0
0
0
0
0
0
0
0
0
0
0
0
0
0
0
0
0
0
0
0
0
0
0
0
0
0
0
0
0
0
0
0
0
0
0
0
0
0
0
0
0
0
0
0
0
0
0
0
0
0
0
0
0
0
0
0
0
0
0
0
0
0
0
0
0
0
0
0
0
0
0
0
0
0
0
0
0
0
0
0
0
0
0
0
0
0
0
0
0
0
0
0
0
0
0
0
0
0
0
0
0
0
0
0
0
0
0
0
0
0
0
0
0
0
0
0
0
0
0
0
0
0
0
0
0
0
0
0
0
0
0
0
0
0
0
0
0
0
0
0
0
0
0
0
0
0
0
0
0
0
0
0
0
0
0
0
0.00369604729853034
0
0
0
0
-1000
1000
1000
1000
-1000
1000
1000
0
-1000
-1000
1000
-1000
1000
1000
1000
1000
-998.26907587825
-1000
1000
-1000
1000
1000
-1000
-1000
1000
-1000
-1000
-15.9568562366317
-984.043143763368
-1000
-1000
-984.043143763368
-1000
-1000
-1000
-15.9568562366317
1000
-1000
-1000
-1000
-1000
1000
-1000
-1000
1000
1000
-1000
1000
-1000
1000
-1000
-1000
-1000
-1000
-1000
0
0
0
0
0
0
0
0
0
0
0
0
0
0
0
-1000
-1000
-944.183748904623
0
0
0
0
0
743.744055343345
1000
0
0
0
0
0
0
0
0
0
-0.00369604729849016
0.00369604729853034
0
0
-0.00369604729849016
-0.00369604729849016
0
0
0
0
0
0
0
0
0
0
0
0
0
0
0
0
0
0
0
0
0
0
0
0
0
0.00369604729853034
0
0
1000
-1000
756.227924454989
-263.396092814075
1000
0
0
0
0
0.375211294354131
0
0
0
0
247.559944119392
0
0
0
0
0
0
0
0
0
0
0
0
-1000
1000
0
-250
250
0.00369604729853034
0
0
0
16.7412940664321
526.065931560662
0
0
0
0
0
0
-1000
1000
0
0
0
0
0
0
0
0
0
0
0
0
0
0
0
0
0
0
0
0
0
0
0
0
0
0
0
0
0
0
0
0
0
0
0
0.00369604729853034
0
0
0
1000
0
-998.001506158492
0
0
1.99849384150756
0
0
0
0
0.00552800117693234
1000
0
0
0
0
0
0
0
0
0
0
-0.0295683783882623
0
0.00369604729849016
0
-0.373333684824388
0.140385902326329
0
-1000
1000
0
0
0
0
1000
0
0
0
0
0
0.00369604729849016
0
0
1000
0
0
0
0
11.3125998796116
0.0295683783882623
0
-1000
0
0
-1000
0.00369604729853034
-1000
1000
0
0
0
0
0
0
0
0
0
0
0
-1000
1000
25.1493082196096
505.638751750023
0
0
0
0
469.20641202919
0
480.489443530414
0
0
0
1000
0
0
0
0
0
0
0
0
0
0
0
0
0.999246920753781
0
0.00369604729853034
-0.00369604729849016
0.00369604729853034
0.00369604729853034
0
0
0.00369604729849016
0
0
0
0.999246920753762
0
0
-0.0110881418955842
-1000
1000
998.00889825309
1000
-1000
-1000
0
0
-1000
1000
998.00889825309
-1000
0
0
0
0
0
0
0
0
0
0
0
0
0
0
0
0
0
1.99110174691038
0
0
0
0
0
0
0
0
0
0
0
0
0
0.00184266705897745
0
1000
0
0
0
0
0
0
0.00369604729853034
0
0
0
0
0
0
0
0
0
0
0
0
0
0
0
0
0
0
0
0
0
0
0
1000
0
0
0
0
0
0
0
0
0
0
0
0
0
0
0
0
0
0
0
0
0
0
0
0
0
0
0
0
0
0
0
2.38368267803764
0
0
0
0
0
0
0
0
0
0
0
0
0
0
0
0
0
0
0
0
0
0
0
0
0
0
0
0
0
0
0
0
0
0
0
0
0
0
0
0
0
0
0
0
0
0
0
0
0
0
0
0
0
0
0
0
0
0
0
0
0
0
0
0
0
0
0
0
0
0
0
0
0
0
0
0
0
0
0
0
0
0
0
0
0
0
0
0
0
0
0
0
0
0
0
0
0
0
0
0
0
0
0
0
0
0
0
0
0
0
0
0
0
0
-999.975113281523
0
0
0.00184266705900882
0
0.0202800508293421
0
0
-0.0248867184767505
0
1000
0.00460666764740836
0
0
0
0
0
0
0
0
0
0
0
0
0
0
0
0
0
0
0
0.00369604729853034
0.00369604729853034
0.00369604729853034
1000
-1000
0
-521.548815576698
22.0385953644592
0
0
0
0
0
0
-1000
0
0
0
0
0
0
0
0
0
0
0
-1000
0
1000
0
-1000
-1000
-1000
-1000
-1000
-1000
0
0
0
0
0
0
0
0
0
-469.20641202919
-1000
0
1000
0.404833238645307
0.00369604729853034
0.00369604729853034
0.00369604729853034
0.00369604729853034
0.00369604729853034
0
0
0
0
1000
0
0
0.144081949624806
0
0
39.0101878609163
0
0
0
0
0
1000
0
0
0
0
0
0
1000
-1000
0
1000
0
0
-1000
0
0
0
0
0
0
0
0
0
0
0
0
0
0
0
0
0
0
0
0
0
0
0
0
0
0
0
0
0
0.90592769793593
0
0
0
0
0
5.08430423705532
0
0
0
0
0
0
0
0
0
0
0.00369604729853034
1000
0
0
0
0
0
0
0
0
0
-1000
0
0
0
0
0
0
0
0
1000
1000
-1000
-1000
-1000
1000
0
0.0101453820049514
0
0
0
0
-966.517411867136
-1000
-1000
0
247.559944119392
0
0
0
999.977823716209
0
0
0
15.5199418675618
0
0
0.594413682108474
0.594413682108474
0
-999.973270614464
0
0
0
0
0
0
0
0
-1000
0
0
0
0
0
0
0
999.094072302064
0.00369604729853034
0
0
0
0
0
0
0
0
-476.426765785317
-1000
0
0
995.821623460881
0
0
0
-1000
0
0
0
-484.371030761913
0
-1000
0
0
0
-1000
-1000
0
0
0
0
-0.14408194962482
0
1000
0
0
0
0
0
0
0
-750
0
0
0
0
-1000
-1000
0
0
0.00863303801372695
0
0
0
0
0.00541551278089014
0
0
0
0
0
0
0
0
0
0
0
0
0
0
0
0
0
0
0
1000
0.146761646233244
0
-1000
0.146761646233244
-1000
-1000
999.853238353767
0
0
0
0
0
0
0
0
-1000
-507.45755437856
0
-1000
0.00184266705897745
0.00184266705897745
0
1000
0
0
499.38028694993
0
0
0
0
0
0
0
0
0
0
0
0
0
0
0
0
0
0
0
0
0
0
0
0
0
-0.0202800508293421
0
0
0
0
0
0
0
0
0
0
0
0
0
0
0
0
0
0
0
0
0
0
0
0
0
0
0
0
0
0
0
0
0
0
0
0
0
0
0
0
0
0
0
0
0
-1000
0
-1000
0
0
0
0
0
0
-1000
0
0
0
0
0
0
0
0
0
0
0
-1000
0
0
0
0
0
0
0
0
0
0
0
0
0
1000
0
0
0
1.99849384150752
0
0
0
0
0
0
0
0
0
0
0
0
0
0
0
0
0
0
0
0
0
0
0
0
0
0
0
0
0
0
0
0
0
0
0
0
0
0
0
0
0
0
0
0
0
0
0
0
0
0
0
0
0
0
0
0
0
0
0
0
0
0
0
0
0
0
0
0
0
0
0
0
0
0
0
0
0
0
0
0
0
0
0
0
0
0
0
0
0
0
0
0
0
0
0
0
0
0
0
0
0
0
0
0
0
0
0
0
0
0
0
0
0
0
0
0
0
0
0
0
0
0
0
0
0
0
0
0
0
0
0
0
0
0
0
0
0
0
0
0
0
0
0
0
0
0
0
0
0
0
0
0
0
0
0
0
0
0
0
0
0
0
0
0.144081949624806
0
0
0
0
0
0
0
0
0
0
0
0
0
0
0
0
0
0
0
-1000
0
0
0
0
0
0
0
0
0
0
0
0
0
0
0
0
0
0
0
0
0
535.396973969615
0
202.063640636282
202.063640636282
0
-98.5500606427236
0
1000
-1000
0.168344241267505
0
0
0
-1000
-1000
0
0
0
0
473.908196108248
0.0221762837911821
0
0
0
0
0
0
0
0
0
0
0
0
0
0
0
0
0
0
0
0
0
0
0
0
0
0
0
0
0
0
0
0
999.948330330085
0
0
0
0
0
0
0
0
0
0
0
0
0
0
0
0
0
0
0
0
0
0
0
0
0
0
0
0
0
0
17.0306583481137
0
0
0
0
0
0
0
0
0
0
0
0
0
0
0
0
0
0
0
0
0
0
0
0
0
0
0
0
0
0
0
0
0
0
0
0
0
0
0
0
0
0
0
0
0
0
0
0
0
0
0
0
0
0
0
0
0
0
0
0
0
0
0
0
0
0
0
0
0
0
0
0
0
0
0
0
0
0
0
0
0
0
0
0
0
0
0
0
0
0
0
0
0
0
0
0
0
0
0
0
0
0
0
0
0
0
0
0
0
0
0
0
0
0
0
0
0
0
0
0
0
0
0
0
0
0
0
0
0
0
0
0
0
0
0
0
0
0
0
0
0
0
0
0
0
0
0
0
0
0
0
0
-972.831726702852
0
0
0
0
0
0
-995.287004035345
0
0
0
0
0
0
0
0
0
0
0
0
0
0
0
0
0
0
0
0
0
0
0
0
0
0
0
0
0
0
0
0
0
0
0
0
0
0
0
0
0
0
0
29.03284813758
0
0
0
0
0
0
0
17.0306583481137
-972.831726702852
-995.287004035345
29.03284813758
0
0
0
0
0
0
0
0
0
0
0
0
0
499.38028694993
0
0
0
0
0
0
0
0
0
0
0
-1000
0
0
1.01869848561802
0
0.00369604729849016
-998.843172906162
0
0
0
0
0
0
0
0
0
0
0
0
0
0
0
0
0
0
0
0
0
0
0
0
0
0
0
0
0
0
0
0
0
0
0
0
0
0
0
0
0
0
0
0
0
0
0
0
0
0
0
0
0
0
0
0
0
0
0
0
0
0
0
0
0
0
0
0
0
0
0
0
0
0
0
0
0
0
0
0
0
0
0
0
0
0
0
0
0
0
0
0
0
0
0
0
0
0
0
0
0
0
0
0
0
0
0
0
0
0
0
0
0
0
0
0
0
0
0
0
0
0
0
0
0
0
0
0
0
0
0
0
0
0
0
0
0
0
0
0
0
0
0
0
0
0
0
0
0
0
0
0
0
0
0
1000
0
1000
0
0
0
0
0
0
1000
0.00369604729849016
0
11.2830315012234
-1000
1000
0
0
0
0
0
0
0
0
0
0
0
0
0
0
0
0
0
0
0
0
0
0
0
0
0
0
0
0
0
0
0
0
0
0
0
0
0
0
0
0
0
0
0
0
0
0
0
789.366766099114
0
0
0
0
0
0
0
0
0
0
0
0
0
0
0
0
0
0
0
0
0
0
0
0
0
0
0
0
0
0
0
0
0
0
0
0
0
0
0
0
0
0
0
0
0
0
0
0
0
0
0
0
0
0
0
0
0
0
0
0
0
0
0
0
0
0
0
0
0
0
0
0
0
0
0
0
0
0
0
0
0
0
0
0
0
0
0
0
0
0
0
0
0
0
0
0
0
0
0
0
0
0
0
0
0
0
0
0
0
0
0
0
0
0
0
0
0
0
0
0
0
0
0
0
0
0
0
0
0
0
0
0
0
1000
500
89.2765047954189
0
0
0
-0.999246920753762
0
0
476.513344345548
19.7479628607467
43.165190068585
0.107131805754503
89.2765047954189
0
0
0
0
0
0
0
0
0
0
0
0
0
0
0
0
0
0
0
1000
-1000
0
-1000
1000
11.2497670755366
0
0
0
0
-1000
0
0
0
0
0
-360.204874062016
0
0
999.982483949759
0
0.0119880490638966
0
0.00369604729853034
0
0
0
0
0
0
0
0
0
0
0
0
0
0
0
0
0
0
0
0
0
0.0248867184767505
-68.979233382876
-3.02572094212098
0
-10.9681007072431
-21.5021747587728
-43.850650608579
-5.35364037206364
-983.570034150577
-1000
-1000
-1000
-3.13044560287153
1000
-1000
0
0
0
0
0
0
0
-1000
-39.7442483195817
-5.69111547591501
-90.033383874017
15.4060350878013
-10.5417652224172
-997.293957718447
-4.64271070253642
-24.6086534111099
-422.691959884225
-1000
0
-1000
1000
0
1000
-0.00369604729849016
0
996.806565027655
-1000
0
0
0
0.237246954903526
0.375211294354131
0
1000
0
0
0
0
0
0
0
0
0
0
-0.00369604729849016
0
0
-1000
1000
0
0
0
0
0
0
0
0
0
0
0
0
998.26907587825
0
0
0
0
1000
-1000
247.559944119392
-0.00369604729849016
-0.00369604729849016
-1.01869848561796
-243.772075545011
0
0
-0.00369604729849016
0
-0.00369604729849016
0
0
0
-0.00369604729849016
0
0
0
-0.00369604729849016
0
0
0
0
0
1000
0
0
0
0
0
1000
0
0
0
0
0
30.7377065264704
0
0
0
0
0
0
-749.401744303508
999.996303952702
0
0
0
-1000
0
1000
0
0
-0.00369604729849016
-1000
0
0
0
0
0
0
0
0
0
0
0
789.366766099114
0
526.065931560662
-3.23486273005813
-944.183748904623
-1000
-1000
0
0
0
0
0
943.698379331002
0
0
2.51536195155074
1000
0
0
0
0
0
401.828774751704
0
0
0
0
594.101404007139
1000
1000
0
0
-1.3665590299637
-999.996303952702
0
0
0
250
0
-34.148230944706
0
0
0
-851.071024644427
-492.831831640914
0
0
0
0
0
-1000
0
0
0
0
0
0
213.030672971242
-998.803842141974
998.803842141974
0
0
0
0
0
1000
-1000
-1000
-5.64650680939769
0
0
-250
0
0
0
0
0
0
0
1000
-0.524566874516154
-0.14408194962482
0
-503.195456973607
-2.12520875696589
-15.07771968515
-1.36877852143562
-46.7545926532497
-4.14235605171314
-0.14408194962482
0
0
0
38.2238331897477
-0.14408194962482
-1000
-0.14408194962482
-0.14408194962482
0
-1.0445941347798
0
-0.14408194962482
-53.9532746217092
-55.6516530425815
0
-15.5199418675618
0
0
-0.14408194962482
0
-1000
0
-0.288163899249639
-0.14408194962482
-0.14408194962482
0
510.261916614563
-9.14920380117519
0
0
0
-1000
1000
0
0
-1000
1000
-0.00369604729849016
0
750
-750
0
0
0
-1000
0
0
0
0
0
0
0
0
0
0
0
0
0
0
0
0
0
0
1000
-1000
-1000
1000
1000
0
-1000
-1000
0
-0.14408194962482
-0.14408194962482
0
0
0
0
1000
0
-0.168344241267505
473.908196108248
0.0221762837911683
0
0
0
0
0
1000
-1000
0
0
0
0
0
0
0
0
0
0
0
0
0
0
0
0
0
0
0
0
0
0
0
0
0
0
0
0
0
0
0
0
0
0
0
0
0
0
0
0
0
0
0
0
0
0
0
0
0
0
0
0
0
0
0
0
0
0
0
0
0
0
0
0
0
0
0
0
0
-0.14408194962482
0
0
0
0
999.948330330085
0
0
0
0
0
0
0
0
0
0
0
0
0
0
0
0
0
0
0
0
0
0
0
0
0
0
0
0
0
0
0
-17.0306583481137
0
0
0
0
0
0
0
0
0
0
0
0
0
0
0
0
0
0
0
0
0
0
0
0
0
0
0
0
0
0
0
0
0
0
0
0
0
0
0
0
0
0
0
0
0
0
0
0
0
0
0
0
0
0
0
0
0
0
0
0
0
0
0
0
0
0
0
0
0
0
0
0
0
0
0
0
0
0
0
0
0
0
0
0
0
0
0
0
0
0
0
0
0
0
0
0
0
0
0
0
0
0
0
0
0
0
0
0
0
0
0
0
0
0
0
0
0
0
0
0
0
0
0
0
0
0
0
0
0
0
0
0
0
0
0
0
0
0
0
0
0
0
0
0
0
0
0
0
0
0
0
0
972.831726702852
0
0
0
0
0
0
995.287004035345
0
0
0
0
0
0
0
0
0
0
0
0
0
0
0
0
0
0
0
0
0
0
0
0
0
0
0
0
0
0
0
0
0
0
0
0
0
0
0
0
0
0
0
-29.0328481375801
0
0
0
0
0
0
0
0
0
0
0
0
0
0
0
0
0
-1000
0
0
0
11.2830315012234
998.843172906162
0
0
0
0
0
0
0
0
0
0
0
0
0
0
0
0
0
0
0
0
0
0
0
0
0
1000
0
-1000
0
0
-0.00369604729849016
0
0
0
0
0
0
0
0
789.366766099114
-643.061403284549
-789.366766099114
-789.366766099114
0
0
0
0
0
0
0
0
0
0
0
0
0
0
0
0
0
0
0
0
0
0
0
0
0
0
0
0
0
0
0
0
0
0
0
0
0
0
0
0
0
0
0
0
0
0
0
0
0
0
0
0
0
0
0
0
0
0
0
0
0
0
0
0
-1000
1000
1000
1000
1000
0
-0.14408194962482
-0.14408194962482
-0.14408194962482
-0.14408194962482
0
-0.14408194962482
-0.288163899249639
0
-0.14408194962482
-0.14408194962482
-0.14408194962482
-0.14408194962482
0
-0.14408194962482
-0.14408194962482
-0.14408194962482
-0.14408194962482
-0.14408194962482
-0.14408194962482
-0.14408194962482
0
-0.14408194962482
-0.14408194962482
-0.14408194962482
0
-1000
89.276504795419
0
1000
0
0
0
0
0
0
0
0
0
