0
0
0
0
0
0
0
0
-1000
0
0
0
0
199.265385837402
1000
0
999.73293855139
-999.73293855139
999.938707208516
0
0.0612927914841578
0
-1000
0.385268975043232
0
1000
-201.833056685172
0
-37.2141705292847
0.0252415106428185
0
0
0
0
0
0.0337549517055168
0
0
0
36.7811078458634
0
0
0
0
0
0
0
0
0
0
0
0
0
0
0
0
0
0
0
0
0
0
0
0
0
0
0
0
37.2141705292847
0
0
0
0
2.64692136773272
2.64692136773272
0
0
0
0
37.2141705292848
0
-1000
0
0
0
0
0
0
0
0
0
0
0
0
0
0
0
0
0
0
0
0
0
0
0.00374873920437898
0
1000
0
0
0
0
0
0
0
0
0
0
0
0
0
0
0
0
0
0
0
0
0
0
0
0
1000
0
0
-1000
0
0
0
0
0
0
-1000
0
0
0
-15.3448174114365
0
0
0
0
-1000
0
0
0
-204.564963962752
0
0
598.472507937037
1000
1000
401.518735949894
0
0
0
-1000
401.518735949894
600.784121787296
1000
-800.734614162598
0
204.564963962752
1000
0
0
0
0
0
55.7724080922069
714.061865183009
0
0
0
0
0
-4.12346371854426
0
0
0
0
0
0
0
748.219271684679
-1000
0
0
0
0
0
0
0
0
0
0
0
0
0
0
-4.12784177507888
0
-999.995621943465
0
0
0
0
0
0
0
0
0
0
0
-753.153848474988
0
0
-1000
0
998.298878289592
0
0.483533027811291
0
0
0.492289140880368
0.725299541716757
0
4.12784177507888
0
0
1000
497.245278384588
0
-1000
0
0
0
0
0
0
0
0
0
0
-1000
0
1000
1000
-1.45059908343364
-2.64692136773272
1000
-1000
999.588688153397
-1000
-1000
-1.01349247023279
1000
-2.75977652763572
0
-0.725299541716822
1000
1000
-1000
1000
0
0
1000
0
0.188256430987056
0
-0.188256430987053
0
0.00186893664682083
0
0
0
0
0
0
0
0
999.73293855139
0
497.245278384588
0
0
0
0
0
0
1000
0
1000
0
0
0
1000
0
-0.188256430987053
0
-0.725299541716709
0
0
0.725299541716709
2.75977652763574
0
0
0
0
0
0
0
-1000
0
0
0
-1000
0.725299541716709
0
-836.614691714359
-1.01349247023279
0
0
0.00374873920441132
0
0
0
0
0
0
0
0
0
0
0
0
-497.245278384588
0
0
0
2.41766513905601
0
10.1777363906328
0
0
0
0
0
0
0
0
1000
-1000
1000
-1000
-1000
502.035110377966
1000
0.170744204848688
-1000
-1000
1000
0.474776914742051
1000
0.0722211812081923
0
0
-1000
0
0
0
0
-1000
0
0
-1000
-1000
-1000
1000
0
0
1000
1000
0
0
0
0
0
0
1.01349247023277
-1000
1000
1000
0
0.0087561130691256
-1000
-1000
0
-1000
-1000
1000
1000
0
1000
1000
-1000
-1000
1000
0
-169.577839711444
-1000
1000
-1000
1000
1000
0
0
0
-1000
1000
2.43079930865974
0
0
749.026006699909
0
0
0
-632.230278415405
1000
0
0
0
-30.8471253330998
0
0
0
0
0
0
0
0
266.640645077633
0
0
0
266.640645077633
0
0
0
0.00374873920437898
0
1000
-367.7734703238
-632.2265296762
0
632.2265296762
0
0
0
0
0
0
0
0
0
0
0
0
1000
0
0
0
0
0
0
0
0
0
0
0
0
0
0
0
0
0
0
0
0
0
0
0
0
0
0
0
0
0
0
-1000
-1000
0.109451413364582
0.109451413364582
0
-963.419879810538
0
0
0
0
0
0
0
0
0
0
0
0
0
0
0
0
0
0
0
0
0
0
0
0
0
0
0
0
0
0
0
0
0
0
0
0
0
0
0
0
0
0
0
0
0
0
0
0
0
0
0
0
0
0
0
0.170744204848725
0
0
0
-1000
0
0
0
0
0
0
1000
0
0
0
0
0
0
0
0
0
0
0
0
0
0
0
0
0
0
0
0
0
0
0
0
0
0
0
0
0
0
0
0.170744204848725
0
0
0
0
0
0
0
0
0
981.999790337919
0
0
0
0
0
0
0
0
0
0
0
0
0
0
0
0
0
0
0
0
0
0
0
0
0
0
0
0
0
0
0
0
-1000
0
0
0
0
0
0
0
0
0
0
0
0
0
33.9131702317631
0
33.9131702317631
0
0
0
0
0
0
0
0
0
0
0
0
0
0
0
0
0
0
0
0
0
0
1000
0
0.0043780565345827
0
0
0
0
0.792428232759469
0.792428232759469
0
0
0
0
0
0
0
0
0
0
0
0
0
0
0
0
0
0
0
0
0
0
0
0
0
0
0
1000
0
0
0
1000
0
0
1000
0
0
0
0
2.276589397983
0
101.129076506962
103.405665904945
0
0
0
0
0
0
0
0
0
0
2.276589397983
0
2.276589397983
0
0
0
13.5809169962506
38.7128630391344
24.7453007191471
18.1239995501565
26.8718499996988
8.84451178047639
20.685524819912
37.8429110607269
34.8464098017676
11.0193917264952
21.3621541364512
44.0292362405136
34.7497484708335
10.7294077336927
17.785684891887
24.6486393882129
31.9465698737426
25.85690602489
4.73640521577424
32.2365538665451
0
0
0
0
0
0
0
0
0
0
0
0
0
0
0
0
0
0
0
0
0
0
0
0
0
0
0
0
0
0
0
0
0
0
0
0
0
0
0
0
0
0
0
0
0
0
0
0
0
0
0
0
0
0
0
0
0
0
0
0
0
0
0
0
0
0
0
0
0
0
0
0
0
0
0
0
0
0
0
0
0
0
0
0
0
0
0
0
0
0
0
0
0
0
-1000
0
0
0
0
0
-1000
-1000
0
0
541.419064791214
0
0
0
0
0
0
-30.8471253330998
-541.576674826459
-541.576674826459
-1000
0
-427.098991678172
0
-427.22157726114
1000
1000
541.427820904283
1000
0
0
1000
0
-1000
-1000
-1000
0
572.901008321828
0
0
0
427.098991678172
0
0
0
0
0
0
0
0
0
0
0
0.00374873920441132
286.955376026428
1000
1000
0
500
250.001554277982
2.51311515425996
5
0
0
0
0
0
0
385.374916648959
0
0
0
0
-0.00152325580654633
0
0
0
0
-0.00152325580654633
122.626861733079
285.893149946538
0
-0.00152325580654633
0.00152325580654633
-0.00152325580654633
-0.56801309329353
0
-0.0952034879102257
0.59140406689843
-1000
0
0
-0.00152325580654633
-0.00152325580654633
0.00152325580654633
-0.00152325580654633
0.00152325580654633
-0.00152325580654633
-0.00152325580654633
-0.00152325580654633
-0.00152325580654633
-0.00152325580654633
-0.00152325580654633
-0.00152325580654633
-0.00152325580654633
-0.00152325580654633
-0.00152325580654633
-0.00152325580654633
-0.031988371937814
-0.0150130666687573
-0.043793604438747
-0.0441744183902983
-0.022468023146871
0.00152325580654633
0.00152325580654633
-0.0852971095304156
0.00152325580654633
0.00152325580654633
0.00152325580654633
0.00152325580654633
-0.740302321990043
0
-0.08187499960286
-0.412421509627166
-0.0259005643487171
0.00152325580654633
0.00152325580654633
0.0144709301623607
0.00152325580654633
0.00152325580654633
-0.00152325580654633
0
0
0
0
0
0
0
0
0
0
0
0
0
0
0
0
0
0
0
0
0
0
0
0
0
0
0
0
0
0
0
0
0
0
0
0
0.00549271787770067
0
0
0
0
0
0
0
0
0
0
0
0
0
0
0
0
0
0
0
0
0
0
0
0
0
0
0
0
0
0
0
0
0
0
0
0
0
0
0
1000
0
0
0
0
0
0
0
0
0
0
0
0
0
0
0
0
0
0
0
0
0
0
0
0
0
0
0
0
0
0
0
0
0
0
0
0
0
0
0
0
0
0
0
0
0
0
0
0
0
0
0
0
0
0
0
0
0
0
0
0
0
0
0
0
0
0
0
0
0
0
0
0
0
0
0
0
0
0
0
0
0
0
0
0
0
0
0
0
0
0
0
0
0
0
0
0
0
0
0
0
0
0.00152325580656389
0.00152325580656389
385.377963160572
0.0833982554093729
334.959423831455
0
0
0
0.00152325580656389
0.00152325580656389
0.00152325580656389
0
0
0
0
0
0
0
0
0
0
0
0
0
0
0
0
0
0
0
0
0
0
0
0
0
0
0
0
0
0
0
0
0
0
0
0
0
0
0
0
0
0
0
0
0
0
0
0
0
0
0
0
0
0
0
0
0
0
0
0
0
0
0
0
0
0
0
0
0
0
0
0
0
0
0
0
0
0
0
0
0
0
0
0
0
0
0
0
0
0
0
0
0
0
0
0
0
0
0
0
0
0
0
0
0
0
0
0
0
0
0
0
0
0
0
0
0
0
0
0
0
0
0
0
0
0
0
0
0
0
0
0
0
0
0
0
0
0
0
0
0
0
0
0
0
0
0
0
0
0
0
0
0
0
0
0
0
0
0
0
0
0
0
0
0
0
0
0
0
0
0
0
0
0
0
0
0
0
0
0
0
0
0
0
0
0
0
0
0
0
0
0
0
0
0
0
0
0
0
0
-1000
0
0
0
0
0
0
0
0
0
0
0
0
0
0
0
0
0
0
0
0
0
0
0
0
0
0
0
0
0
0
0
0
0
0
0
0
0
0
0
0
0
0
0
0
0
0
0
0
0
0
0
0
0
0
0
0
0
0
0
0
0
0
0
0
0
0
0
0
0
0
0
0
0
0
0
0
0
0
0
0
0
0
0
0
0
0
0
0
0
0
0
0
0
0
0
0
0
0
0
0
0
0
0
0
0
0
0
0
0
0
0
0
0
0
0
0
1000
1000
0
0
0
0
0
0
0
0
0
0
0
0
0
0
0
0
0
0
0
0
0
0
0
0
0
-1000
0
-1000
0
0
0
0
0
0
0
0
0
0
0
1000
1000
0
0
0
0
0
0
0
0
0
0
0
0
0
0
0
0
0
0
0
0
0
0
0
0
0
0
0
0
0
0
0
0
0
0
0
0
0
0
0
0
0
0
0
0
0
0
0
0
0
0
0
0
0
0
0
0
0
0
0
0
0
0
0
0
0
0
0
0
0
0
0
0
0
0
0
0
0
0
0
0
0
0
0
0
0
-997.973015059535
48.3197977453617
0
0
0.00152325580654633
0
1000
0
0
385.376439904765
0
459.756937620905
334.957900575649
285.893149946538
0
0
0
0.00549271787770067
-0.00152325580654633
0
-1000
1000
0
0
0
0
0
0
0
0
0
0
0
0
0
-1000
0.00549271787770067
0
0
0
-0.0205691690257481
0
0
0
0
0
0
0
0.0205691690257481
0
0
0
0
0
385.374916648959
1000
-997.973015059535
-385.374916648959
-385.374916648959
0
-1000
1000
-0.0224924352262406
0
0
0.00152325580654633
-0.00152325580654633
0
0
385.431657927753
-385.431657927753
1000
0
0
0
-385.376439904765
-385.376439904765
-1000
0
-385.431657927753
-614.568342072247
-1000
0
-714.106850053462
-285.893149946538
-1000
0
0
0
0
0
-1000
0
0
0
0
0
-1000
1000
-1000
0
0
0
-1000
0
0
0
-1000
0
0
0
0
0
0
0
0
0
0
0
0
0
0
0
0
0
0
0
-1000
1000
-1000
0
-1000
0
-1000
0
-1000
0
0
0
0
0
0
0
0
0
281.861672500835
0
1000
0
1000
0
-1000
0
-1000
0
-1000
0
0
0
0
0
0
0
0
0
-1000
0
0
0
0
0
0
0
0
0
0
0
0
0
0
0
0
0
0
0
0
0
0
0
0
0
0
0
0
0
0
0
0
0
0
0
0.00549271787770067
-0.00549271787770067
0
0
0
0
0
0
0
0
0
0
0
0
0
0
0
0
0
0
0
0
0
0
0
0
0
0
0
0
0
0
0
0
0
0
0
0
0.00549271787770067
-0.00549271787770067
0
0
0
0
0
0
0.0205691690257481
0.0205691690257481
0
0
0
0
0
0
0
0
0
0
0
0
0
0
0
0
-0.0205691690257481
-0.0205691690257481
0
0
0
0
0
0
0
0
0
0
0
0
0
0
0
0
0
0
0
0
0
0
0
0
0
0
0
0
0
0
0
0
0
0
0
0
0
0
0
0
0
0
0
0
0
1.22780807164563
0.00374873920437898
0
0
0
0
0
0
0
0
0.154484274922872
0
0
0
0
0
0
0
0
0
0
0
0
0
0
0
0
0
0
0
0
0
0
0
0
0
0
0
0
0
0
0
0
0
0
0
0
0
0
0
0
0
0
0
0
0
0
0
0
0
0
0
0
0
0
0
0
0
0
0
0
0
0
0
0
0
0
0
0
0
0
0
0
0
0
0
0
0
0
0
0
0
0
0
0
0
0
0
0
0
0
0
0
0
0
0
0
0
0
0
0
0
0
0
0
0
41.7263005126109
385.431657927753
385.431657927753
385.431657927753
0
0
0
0
0
385.374916648959
385.374916648959
385.374916648959
0
0
0
0
0
0
0
0
0
0
0
0
0
0
0
0
0
0
0
0
0
0
0
0
0
0
0
0
0
0
0
0
0
0
0
0
0
0
0
0
0
0
0
0
0
0
0
0
0
0
0
0
0
0
0
0
0
0
0
0
0
0
0
0
0
0
0
0
0
0
0
0
0
0
0
0
0
0
0
0
0
0
0
0
0
0
0
0
0
0
0
0
0
0
0
0
0
0
0
0
0
0
0
0
0
0
0
0
0
0
0
0
0
385.376439904766
385.376439904766
385.376439904766
385.376439904766
-385.376439904765
0
0
0
0
0
0
0
0
0
0
0
0
0
0
0
0
0
0
0
0
0
0
0
0
0
0
0
0
0
0
0
0
0
0
0
0
0
0
0
0
0
0
0
0
0
0
0
0
0
0
0
0
0
0
0.00374873920437898
0.00374873920437898
0.00374873920437898
0.00374873920437898
0.00374873920437898
0
0
0
0
0
0
0
0
0
0
0
0
0
0
0
0
0
0
0
0
0
0
0
0
0
0
0
0
0
0
0
0
0
0
0
0
0
0
0
0
0
0
0
0
0
0
0
0
0
15.3448174114365
15.3448174114365
-15.3448174114365
5.10619207900195
-2.55122166989884
2.55122166989878
2.55122166989878
2.55122166989878
2.55122166989878
2.55122166989878
2.55122166989878
2.55122166989878
2.55122166989878
2.55122166989878
2.55122166989878
0
2.55122166989878
2.55122166989884
2.55122166989878
2.55122166989878
2.55122166989878
2.55122166989878
2.55122166989878
2.55122166989878
0
0
0
2.55122166989878
0
2.55122166989878
2.5437459233115
0
0
0
0
0
0
0
0
0
0
0
0
0
0
0
0
15.3448174114365
15.3448174114365
5.10619207900195
5.10619207900195
0
0
0
0
0
0
0
0
0
0
0
0
0
0
0
0
0
0
0
0
0
0
0
0
0
0
0
0
0
0
0
0
0
0
0
0
0
0
0
0
0
0
0
0
0
0
0
0
0
0
0
0
0
0
0
0
0
0
0
0
0
0
0
0
0
0
0
0
0
0
0
0
0
0
0
0
0
0
0
0
0
0
0
0
0
0
0
0
0
0
0
0
0
0
0
0
0
0
0
0
0
0
0
0
0
0
0
0
0
0
0
0
0
0
0
0
0
0
0
0
0
0
0
0
0
0
0
0
0
0
0
0
0
0
0
0
0
0
0
0
0
0
0
0
0
0
0
0
0
0
0
0
0
0
0
0
0
0
0
0
0
0
0
0
0
0
0
0
0
0
0
0
0
0
0
0
0
0
0
0
0
0
0
0
0
0
0
0
0
0
0
0
1.22780807164563
1.24184682831826
1.24184682831826
0
0
0
0
-1.24184682831822
1.24184682831826
0
0
0.014038756672631
0
0
1000
0
0
0
0
0
0
0
0
0
0
0
0
0
0
0
0
0
0
0
0
0
0
0
0
0
0
0
0
0
0
0
0
0
0
0
0
0
0
0
0
0
0
0
0
0
0
0
0
0
0
0
0
0
0
0
0
0
0
0
0
0
0
0
0
0
0
0
0
0
0
0
0
0
0
0
0
0
0
0
0
0
0
0
0
0
0
0
0
0
0
0
0
0
0
0
0
0
0
0
0
0
0
0
0
0
0
0
0
0
0
0
0
0
0
0
0
0
0
0
1.22780807164563
0.00374873920437898
0
0
0
0
0
0
0
1.61638028355306
0
0
0
1.01349247023277
1.01349247023277
1.01349247023277
0
0
0
0
0
0
1.38604108577288
0
0
0
0.00374873920437898
0
0
0
0
-1.38604108577283
1.38604108577288
0
0
0
0
0.380560413723768
0
0
0
0
0
0.240629215248427
0
0.230339197780175
0
0
0
0
0
0
0
0
0
0
11.30064133805
11.30064133805
11.30064133805
0
0
0
0
-0.154484274922879
0
0
0
0
0
0
0
0
0
0
0
0
0
0
0
0
0
0
0
0
0
0
0
0
0
0
0
0
0
0
0
0
0
0
0
0
0
0
0
0
0
0
0
0
0
0
0
0
0
0
0
0
0
0
0
0
0
0
0
0
0
0
0
0
0
0
0
0
0
0
0
0
0
0
0
0
0
0
0
0
0
0
0
0
0
0
0
0
0
0
0
0
0
0
0
0
0
0
0
0
0
0
0
0
0
0
0
0
0
0
0
0
0
0
0
0
0
1000
0
0
1000
1000
0
0
0
0
0
0
0
0
0
0
0
0
0
0
0
0
0
0
0
0
0
0
0
0
0
0
0
0
0
0
0
0
0
0
0
0
0
0
0
0
0
0
0
0
0
0
0
0
0
0
0
0
0
0
0
0
0
0
0
0
0
0
0
0
0
0
0
0
0
0
0
0
0
0
0
0
0
0
0
0
0
0
0
0
0
0
0
0
0
0
0
0
0
0
0
0
0
0
0
0
0
0
0
0
0
0
0
0
0
0
0
0
0
0
0
0
0
0
0
0
0
0
0
0
0
0
0
0
0
0
0
0
0
0
0
0
0
0
0
0
0
0
0
0
0
0
0
0
0
0
0
0
0
0
0
0
0
0
0
0
0
0
0
0
0
0
0
0
0
0
0
0
0
0
0
0
0
0
0
0
0
0
0
0
0
0
0
0
0
0
0
0
0
0
0
0
0
0
0
0
0
0
0
0
0
0
0
0
0
0
0
0
0
0
0
0
0
0
0
0
0
0
0
0
0
0
0
0
0
0
0
0
0
0
0
0
0
0
0
0
0
0
0
0
0
0
0
0
0
0
0
0
0
0
0
0
0
0
0
0
0
0
0
0
0
0
0
0
0
0
0
0
0
0
0
0
0
0
0
0
288.290264931912
0
0
288.290264931912
0
0
0
0
0
0
0
0
0
0
0
0
0
0
0
0
0
0
0
0
0
0
0
0
0
0
0
0
0
0
0
0
0
0
0
219.166684329746
0
0
0
0
0
0
0
0
0
0
0
0
0
0
0
0
0
0
0
0
0
0
0
0
0
0
0
0
0
0
0
0
0
0
0
0
0
0
0
0
0
0
0
0
0
0
0
0
0
0
0
0
0
0
0
0
0
0
0
0
0
0
0
0
0
0
0
0
0
0
0
0
0
0
0
0.170744204848725
0.170744204848725
0
0
0
0
0.170744204848688
0.170744204848725
0
-246.675407320164
0
0
0
0
0.0262683392074962
0
0
0
0
0
0
246.675407320164
0
0
0
0
0
0
1.03322134216152
0
0
0
0
0
0
1.03322134216152
1.03322134216152
1.03322134216152
1.03322134216148
0
0
0
0
0
0
0
0
0
0
0
0
0
0
0
0
0
0
0
0
0
0
0
0
0
0
0
0
0
0
0
0
0
0
0
0
0
758.024879792472
758.024879792472
0
0
0
0
0
0
0
0
0
0
0
0
0
0
0
0
0
0
0
0
0
0
0
0
0
0
0
0
0
0
0
0
0
0
0
0
0
0
0
0
0
0
0
0
0
0
0
0
0
471.201160163712
780.691227148218
-1000
0
0
0
-1000
-1000
1000
0
0
0
0
779.965927606501
-1000
0
0
0
0
0
0
0
0
0
0
0
0
0
0
0
0
0
0
0
0
0
0
0
0
0
0
0
0
0
0
0
0
0
0
0
0
0
0
0
0
1000
0
0
0
0
0
0
0
0
0
0
0
0
0
0
0
-471.197411424508
-1000
1000
-1000
1000
999.996251260796
-1000
0
0
0
0
0
0
0.00374873920435448
0
0
0
0
0
0
0
0
0
0
0
0
0
0
0
0
0
0
0
0
0
0.00280340497023124
0.00374873920437898
0.0102900174682519
-999.985961243327
0.00186893664682083
0.00186893664682083
0.00374873920441132
0
0.000934468323410413
0.00186893664682083
0.0159076933194967
-0.0018689366468152
0.00186893664682083
0.00186893664682083
0.00186893664682083
0.00186893664682083
0.00186893664682083
-0.0018689366468152
-0.0037378732936304
0.00186893664682083
0.00186893664682083
0.0018689366468152
0.00186893664682083
-999.953211388365
-0.00561767585122652
999.951342451718
0.00374873920441132
0.00186893664682083
0.00186893664682083
0.00374873920437898
0.00374873920437898
-0.00374873920441132
-0.00374873920441132
0.00374873920441132
0.00374873920441132
0.00186893664682083
0.00186893664682083
0.00186893664682083
0.00186893664682083
-0.00561767585122652
1000
0
0
0
0
0
0
-1000
0
0
0
0.00374873920437898
0
0
0
0
0.00187436960218949
0.00374873920441132
0.00374873920441132
0
0.00374873920437898
0
0
0
0
0
-0.00374873920441132
0
0
0.0074757465872833
0.00186893664682083
0.00560680994046248
0.00186893664682083
-0.0018689366468152
0.00186893664682083
0.00186893664682083
0.00186893664682083
0.00186893664682083
0.00186893664682083
0.00186893664682083
0.00373787329364165
0.00186893664682083
0.00186893664682083
0.00186893664682083
0.00186893664682083
0.00186893664682083
0
0.00186893664682083
0.00374873920437898
0
0.00374873920437898
0
0.00374873920437898
0.00374873920437898
0.00374873920437898
0.00374873920437898
0.00374873920437898
0.00374873920437898
0
0.00374873920437898
0
0.00374873920437898
0.00374873920437898
0.00374873920437898
0.00374873920437898
0.00374873920437898
0
0
0
0
0
0
0
0
0
0
0
0
0
0
0
0
-0.00374873920441132
0
0
0
0
0
0
0
0
0
0
0
0
0
0
0
0
0
0
0
0
0
0
0
0
0
0
0
0
0
0
0
0
0
0
0
0
0
0
0
0
0
0
0
0
0
0
0
0
0
0
0
0
0
0
0
0
0
0
0
0
0
0
0
341.78185894156
0
0
0
0
0
0
0.00374873920437898
0
0
0
0
0
0
0
0
0
302.132567069537
0
0
0
0
0
0
0
0
0
0
0
0
0
0
268.396245748001
0
0
0
-385.374916648959
0
0
0
0
0
0.00152325580656389
0
0
0
0
0
0
0
0
0
0.00152325580656389
0
0
122.626861733079
0
0
0
0
0.00152325580656389
0
0.00152325580656389
0
0.00152325580656389
0
0.568013093293584
0
0
0
0.0952034879102431
0
0.59140406689843
0
0
0
0
0
0
0
0.00152325580656389
0
0.00152325580656389
0
0.00152325580656389
0
0.00152325580656389
0
0.00152325580656389
0
0.00152325580656389
0
0.00152325580656389
0
0.00152325580656389
0
0.00152325580656389
0
0.00152325580656389
0
0.00152325580656389
0
0.00152325580656389
0
0.00152325580656389
0
0.00152325580656389
0
0.00152325580656389
0
0.00152325580656389
0
0.0319883719378417
0
0.0150130666687448
0
0.0437936044387118
0
0.0441744183903528
0
0.0224680231468174
0
0.00152325580656389
0
0.00152325580656389
0
0.0852971095304239
0
0.00152325580656389
0
0.00152325580656389
0
0.00152325580656389
0
0.00152325580656389
0
0.74030232199005
0
0
0
0.081874999602809
0
0.412421509627173
0
0.02590056434874
0
0.00152325580656389
0
0.00152325580656389
0
0.0144709301623569
0
0.00152325580656389
0
0.00152325580656389
0
0.00152325580656389
0
0
-1000
0
0.0140387566726758
1000
0
0
0
0
0
-1000
-1000
-1000
0
1.03322134216152
-1000
1000
246.846151525012
0
756.638838706699
1000
-1000
-1000
0
0
1000
0
0
0
0
0
491.518273361519
1000
0
0
0
0
-1000
1000
-0.00374873920441132
0
0
-3.77326899786851
140.07502511989
-497.245278384588
0
0
0
0.0252415106427861
284.88341479265
1000
-1000
-4.12784177507888
-246.846151525012
0
1000
0
0
-1000
0
0
1000
1000
-21.7356502094902
1000
0
1000
0
0
-1000
1000
1000
1000
0
0
0
0
0
-1000
0
0
0
0
0
0
0
0
0
0
0
1000
0
0
0
0
0
0
915.373758273799
0
0
0
1000
0
0
0
0
0
0
0
0
0
-1000
-1.21305850331225
-1000
-23.0217744062909
1000
-1000
-1000
-1000
-1000
-1000
-1000
1000
1000
-1000
-978.191284097021
-1000
-1000
-1000
-1000
1000
-1000
-1000
56.5596656501614
1000
1000
1000
1000
1000
1000
1000
-1000
1000
-1000
-1000
-1000
-1000
-1000
-1000
-1000
-1000
-1000
1000
-1000
-1000
-1000
-1000
-1000
-1000
-1000
-1000
-1000
-1000
-1000
1000
-1000
-1000
-1000
-1000
-1000
-1000
-1000
-1000
-1000
-1000
-1000
-1000
-1000
-1000
12.0838676431204
-1000
971.131412133358
-1000
-1000
1000
1000
0
-1000
-1000
-1000
1000
-1000
-1000
1000
-1000
-1000
1000
904.228369837004
1000
-1000
109.592710951318
1000
1000
1000
10.6920516380703
1000
1000
1000
1000
-1000
-1000
-1000
-1000
-1000
-1000
-1000
-1000
-1000
-1000
1000
1000
1000
1000
1000
862.851697088374
1000
1000
1000
-1000
-1000
-1000
632.2265296762
667.103241786537
1000
-1000
1000
975.189028432834
-1000
-24.8109715671658
0
0
0
0
0
0
0
0
0
0
0
0
0
0
0
0
0
0
0
0
0
0
0
0
0
0
0
0
0
0
0
0
0
0
0
0
0
0
0
0
0
0
0
0
0
0
0
605.752921643473
0
0
0
0
0
0
0
0
0
0
0
0
0
0
0
0
0
0
0
0
0
0
0
0
0
0
0
0
0
0
0
0
0
0
0
0
0
0
0
0
0
0
0
0
0
0
0
0
0
0
0
0
0
0
0
0
0
0
0
0
0
0
0
0
0
0
0
0
0
0
0
0
0
0
0
0
0
0
0
0
0
0
0
0
0
0
0
0
0
0
0
0
0
0
0
0
0
0
0
0
0
0
0
0
0
0
0
0
0
0
0
0
0
0
0
0
0
0
0
0
0
0
0
0
0
0
0
0
0
0
0
0
0
169.770125753215
0
0
0
0
0
0
0
0
0
0
0
0
0
0
0
0
0
0
0
0
0
0
0
0
0
0
0
0
0
0
0
0
0
0
0
0
0
0
0
0
0
0
0
0
0
0
0
0
0
0
0
0
0
0
0
0
0
0
0
0
0
0
0
0
0
0
0
0
0
0
0
0
0
0
0
0
0
0
0
0
0
0
0
0
0
0
0
0
0
0
0
0
0
0
0
0
0
0
0
0
0
0
0
0
0
0
0
0
0
0
0
296.961321562972
0
0
0
0
0
0
0
0
0
0
0
0
0
0
0
0
0
0
0
0
0
0
0
0
0
0
0
0
0
0
0
1000
1000
1000
1000
1000
1000
1000
1000
-1000
-1000
1000
-1000
1000
0
1000
-1000
-1000
-1000
268.396245748001
-1000
1000
1000
283.914097354974
-1000
-1000
-1000
-1000
-1000
1000
-1000
-1000
-716.085902645026
-1000
-1000
-1000
1000
-1000
-1000
-1000
-1000
-1000
1000
-1000
-1000
-1000
1000
-1000
1000
-268.396245748001
-1000
-1000
-1000
-1000
1000
-1000
0
0
0
0
0
0
1000
0
0
0
0
0
-1000
0
0
1000
0
-1000
-502.754721615412
0
0
0
0
0
0
465.630787604526
0
0
0
0
0
0
0
0
0
0
-0.00374873920441132
0.00374873920437898
0
0
-0.00374873920441132
-0.00374873920441132
0
0
0
0
0
0
0
0
0
0
0
0
0
0
0
0
0
0
0
0
0
0
0
0
0
0
0
0.00374873920437898
0
0
-1000
0
1000
1000
1000
0
0
0
0
-0.00374873920441132
0.380560413723742
0
0
0
0
246.675407320164
0
0
0
0
0
0
0
0
0
0
0
0
0
357.921993567864
0
0
0
0.00374873920437898
0
0
0
286.465319024873
-441.475748456059
0
0
0
0
0
0
-1000
0
283.306495150791
0
0
0
0
0
0
0
0
0
0
0
0
0
0
0
0
0
0
0
0
0
0
0
0
0
0
0
0
0
0
0
0
642.078006432136
0
0
0
0.00374873920437898
0
0
0
0
0
0
1000
0
-997.973015059535
0
0
2.02698494046554
0
0
0
0
0.00560680994046248
1000
0
-632.2265296762
0
0
0
0
0
0
0
0
0
0
0
0.00374873920441132
-968.675666504631
427.098991678172
-1000
1000
0
0
0
-999.851146077824
1000
0
0
0
0
0
0.00374873920441132
0
0
1000
0
82.0843060362075
0
0
1000
0
0
0
0
0
-1000
0
-1000
1000
0
0
0
0
0
0
0
0
0
0
0
-0.148853922175817
1000
0
0
0
285.689164287592
714.305228902468
714.305228902468
0
0
0
0
0
0
1000
0
997.56920069134
0
0
0
0
0
0
0
0
0
0
1.01349247023277
0
0.00374873920437898
-0.00374873920441132
0.00374873920437898
0.00374873920437898
0
0
0.00374873920441132
0
0
0
1.01349247023279
0
0
-0.0112462176131203
-1000
-1000
2.43079930865974
1000
-2.43079930865974
-1000
0
0
-997.157888844737
-1000
1000
-1000
0
0
0
0
0
0
0
0
0
0
0
0
0
0
0
0
0
0
0
0
0
0
0
0
0
999.588688153397
0
0
0
0
0
0.00186893664682083
0
0
0
0
0
0
0
0
0.00374873920437898
0
0
0
0
0
0
0
0
0
0
0
0
0
0
0
0
0
0
0
0
0
0
0
0
1000
0
0
0
0
0
0
0
0
0
0
0
0
0
0
0
0
0
0
0
0
0
0
0
0
0
0
0
0
0
0
0
2.417665139056
0
0
0
0
0
0
0
0
0
0
0
0
0
0
0
0
0
0
0
0
0
0
0
0
0
0
0
0
0
0
0
0
0
0
0
0
0
0
0
0
0
0
0
0
0
0
0
0
0
0
0
0
0
0
0
0
0
0
0
0
0
0
0
0
0
0
0
0
0
0
0
0
0
0
0
0
0
0
0
0
0
0
0
0
0
0
0
0
0
0
0
0
0
0
0
0
0
0
0
0
0
0
0
0
0
0
0
0
0
0
0
0
0
-999.974758489357
0
0.0018689366468152
0
0.0205691690257481
0
0
-0.0252415106427861
0
1000
0
0
0
0
0.004672341617038
0
0
0
0
0
0
0
0
0
0
0
0
0
0
0
0
0
0
0
0.00374873920437898
0.00374873920437898
0.00374873920437898
-1000
-966.086829768237
0
-1000
-1000
0
0
0
0
0
0
-1000
-285.689164287592
0
0
0
0
0
0
0
0
0
0
-1000
0
1000
0
-1000
-1000
-999.998476744193
-1000
-1000
-1000
0
0
0
0
0
0
0
0
0
0
-1000
0
1000
0.410604656912486
0.00374873920437898
0.00374873920437898
0.00374873920437898
0.00374873920437898
0.00374873920437898
0
0
0
1000
0
0
0
0
0
0
0
0
0.0110436045975882
0
0
0
0
0
0
1000
0
0
0
0
0
0
0
1000
-1000
0
1000
0
0
-1000
0
0
0
0
0
0
0
0
0
0
0
0
0
0
0
0
0
0
0
0
0
0
0
0
0
0
0
0
0
0
0
0
0
0
0
0
0
0
0
0
0
0
0
0
0
0
0
639.890902486611
0
0
0
0
0
0
0
0
0
-1000
0
0
0
0
0
0
0
0
1000
281.861672500835
-1000
-1000
-1000
1000
0
0.0102900174682519
0
0
0
0
573.780155763226
-1000
-1000
0
246.675407320164
0
0
0
999.977507564774
15.5005693759454
0
0
0
0
0.602887813320285
0.602887813320285
0
-999.97288955271
0
0
0
0
0
0
0
0
-1000
0
0
0
0
0
0
0
1000
0.00374873920437898
0
0
0
0
0
0
0
0
221.979471548686
-1000
0
0
1000
0
0
0
1000
0
0
0
0
-656.294642584857
0
-1000
0
0
0
-1000
-1000
0
0
0
0
-0.00152325580654633
0
1000
385.374916648959
-1000
1000
-1000
1000
-1000
1000
-1000
0
0
0
0
-1000
-1000
0
0
-458.423325173541
0
0
0
0
0.00549271787772051
0
0
0
0
0
0
0
0
997.56920069134
0
1000
0
0
0
0
0
0
0
0
0
0
1000
1000
0
-1000
1000
-1000
-1000
0
0
0
0
0
0
0
0
0
0
-219.166684329746
0
1000
0.00186893664682083
0.00186893664682083
0
44.475798007041
-1000
1000
-288.290264931912
-288.290264931912
285.893149946538
0
0
0
0
0
0
0
0
0
0
0
0
0
0
0
0
0
0
0
0
0
0
0
0
0
-0.0205691690257481
0
0
0
0
0
0
0
0
0
0
0
0
0
0
0
0
0
0
0
0
0
0
0
0
0
0
0
0
0
0
0
0
0
0
0
0
0
0
0
0
0
0
0
0
0
0
-1000
0
-1000
0
0
0
0
0
0
-1000
0
0
0
0
0
0
0
0
0
0
0
614.568342072247
0
0
0
0
0
0
0
0
0
0
0
0
0
1000
0
0
0
2.02698494046513
0
0
0
0
0
0
0
0
0
0
0
0
0
0
0
385.374916648959
0
0
0
0
0
0
0
0
0
0
0
0
0
0
0
0
0
0
0
0
0
0
0
0
0
0
0
0
0
0
0
0
0
0
0
0
0
0
0
0
0
0
0
0
0
0
0
0
0
0
0
0
0
0
0
0
0
0
0
0
0
0
0
0
0
0
0
0
0
0
0
0
0
0
0
0
0
0
0
0
0
0
0
0
0
0
0
0
0
0
0
0
0
0
0
0
0
0
0
0
0
0
0
0
0
0
0
0
0
0
0
0
0
0
0
0
0
0
0
0
0
0
0
0
0
0
0
0
0
0
0
0
0
0
0
0
0
0
0
0
0
0
0
0
0
0
0
0
0
0
0
0
0
0
0
0
0
0
0
0
0
0
0
0
0
0
0
0
0
0
0
0
0
0
0
0
0
0
0
0
0
0
-1000
0
0
0
0
0
0
0
0
0
0
0
0
0
0
0
0
0
0
0
0
0
0
0
0
68.1883213209172
0
0
-98.4812640501058
0
1000
-1000
0.170744204848688
0
-283.306495150791
0
-1000
-1000
0
0
0
0
951.680202254638
0.0224924352262739
0
0
0
154.811404451341
0
0
0
0
0
0
0
0
0
0
0
-33.9131702317632
0
0
0
0
0
0
0
0
0
0
0
0
0
0
0
0
0
0
0
0
0
0
0
0
0
0
0
0
0
0
0
0
0
0
0
0
0
0
0
0
0
0
0
0
0
0
0
0
0
0
0
0
0
0
0
0
0
0
0
0
0
0
0
0
0
0
0
0
0
0
0
0
0
0
0
0
0
0
0
0
0
0
0
0
0
0
0
0
0
0
0
0
0
0
0
0
0
0
0
0
0
0
0
0
0
0
0
0
0
0
0
0
0
0
0
0
0
0
0
0
0
0
0
0
0
0
0
0
0
0
0
0
0
0
0
0
0
0
0
0
0
0
0
0
0
0
0
0
0
0
0
0
0
0
0
0
0
0
0
0
0
0
0
0
0
0
0
0
0
0
0
0
0
0
0
0
0
0
0
0
0
0
0
0
0
0
0
0
0
0
0
0
0
0
0
0
0
0
0
0
0
0
0
0
0
0
0
0
0
0
0
0
0
0
0
0
0
0
0
0
0
0
0
0
0
0
0
0
0
0
0
0
0
0
0
0
0
0
0
0
0
0
0
0
0
0
0
0
0
0
0
0
0
0
0
0
0
0
0
0
0
0
0
0
0
0
0
0
0
0
0
0
0
0
285.893149946538
0
0
0
0
0
0
0
0
0
0
0
-1000
0
0
0
0
0.00374873920441132
-981.553228571391
0
0
0
0
0
0
0
0
0
0
0
0
0
0
0
0
0
0
0
0
0
0
0
0
0
0
0
0
0
0
0
0
0
0
0
0
0
0
0
0
0
0
0
0
0
0
0
0
0
0
0
0
0
0
0
0
0
0
0
0
0
0
0
0
0
0
0
0
0
0
0
0
0
0
0
0
0
0
0
0
0
0
0
0
0
0
0
0
0
0
0
0
0
0
0
0
0
0
0
0
0
0
0
0
0
0
0
0
0
0
0
0
0
0
0
0
0
0
0
0
0
0
0
0
0
0
0
0
0
0
0
0
0
0
0
0
0
0
0
0
0
0
0
0
0
0
0
0
0
0
0
0
0
0
0
0
0
966.086829768237
0
1000
1000
0
0
0
0
0
0
0
964.145179352254
0.00374873920441132
0
0
-1000
665.042099424351
0
0
0
0
0
0
999.947593712514
0
0
0
0
0
0
0
0
0
0
1000
-1000
0
0
0
0
0
0
0
0
0
0
0
0
0
0
0
0
0
0
0
0
0
0
0
0
0
0
0
0
0
0
0
0
0
0
0
0
0
0
0
0
0
0
0
0
0
0
0
0
0
0
0
0
0
0
0
0
0
0
0
0
0
0
0
0
0
0
0
0
0
0
0
0
0
0
0
0
0
0
0
0
0
0
0
0
0
0
0
0
0
0
0
0
0
0
0
0
0
0
0
0
0
0
0
0
0
0
0
0
0
0
0
0
0
0
0
0
0
0
0
0
0
0
0
0
0
0
0
0
0
0
0
0
0
0
0
0
0
0
0
0
0
0
0
0
0
0
0
0
0
0
0
0
0
0
0
0
0
0
0
0
0
0
0
0
0
0
0
0
0
0
0
0
1000
500
90.5492561444199
0
0
-1.01349247023279
0
0
483.306654670841
20.0294954591457
43.780565345827
0.108659107373304
90.5492561444199
0
0
0
0
0
0
0
0
0
0
0
0
0
0
0
0
0
0
0
0
0
0
0
0
0
1000
-1000
-1000
0
367.769721584595
0
0
0
-572.904757061032
0
0
0
0
-3.80813951640971
0
0
999.982234235944
0
0
0.0121589541150628
0.00374873920437898
0
0
0
0
0
0
0
0
0
0
0
0
0
0
0
0
0
385.374916648959
0
0
0
0
0.0252415106427861
-0.740302321990043
-0.031988371937814
0
-11.1244650833253
-21.8087159029786
-1000
-34.8767121103364
23.0217744062909
-1000
-27.5555919603082
-4.78018578112005
-32.6218228415883
549.175179190482
-1000
0
0
0
0
0
-1000
226.329791403376
-18.1765362285715
-395.460136859839
-13.8210807883224
-10.6920516380703
-24.8109715671658
-1000
607.267048274032
928.616290752001
0
302.132567069537
-1000
0
0
1000
0
0
341.593602510573
-1000
0
0
0
0
0.380560413723742
0
1000
-632.2265296762
0
0
0
0
0
0
0
0
0
0
0
-0.00374873920441132
-0.00374873920441132
0
0
0
0
0
0
0
0
0
0
0
0
0
0
0
0
0
731.603754251999
0
0
0
0
-1000
-1000
246.675407320164
-0.00374873920441132
-0.00374873920441132
-1.03322134216148
220.034072393499
0
0
-0.00374873920441132
0
-0.00374873920441132
0
0
0
-0.00374873920441132
0
0
0
-0.00374873920441132
0
0
0
0
0
0
0
0
0
0
0
1000
0
0
0
0
0
-33.9131702317632
0
0
0
0
0
0
0
-715.11658520735
0
0
0
-716.085902645026
0
1000
0
0
-0.00374873920441132
0
0
0
0
0
0
0
0
0
0
0
0
0
0
-441.475748456059
-3.77326899786851
0
-502.754721615412
-1000
0
0
0
0
0
-497.245278384588
0
0
0
2.55122166989872
0
0
0
0
0
0
-4.12784177507888
0
0
0
0
1000
1000
246.846151525012
0
0
756.638838706699
753.153848474988
0
0
0
0
0
0
0
0
0
-1000
-1000
0
0
0
0
0
-1000
0
0
0
0
778.020528451314
-1000
1000
0
0
0
0
0
0
1000
-1000
-1000
491.518273361519
0
0
0
0
0
0
0
0
0
0
0
0
1000
0
-0.0259005643487171
-0.00152325580654633
-0.412421509627166
-1000
-0.022468023146871
-0.0852971095304156
-0.0144709301623607
-0.08187499960286
-0.043793604438747
0
0
0
122.626861733079
0
-0.00152325580654633
-966.086829768237
-0.00152325580654633
-0.00152325580654633
0
0
0
-0.00152325580654633
-0.56801309329353
-0.591404066898463
0
-15.5005693759454
0
0
-0.00152325580654633
-0.0150130666687573
0
-0.00152325580654633
-0.00152325580654633
-0.00152325580654633
-0.00152325580654633
-0.0441744183902983
0
-0.0952034879102257
0
0
0
-1000
1000
0
0
-1000
1000
-0.00374873920441132
-302.132567069537
1000
-1000
0
0
0
-1000
0
0
302.132567069537
0
0
0
0
0
0
0
0
0
0
0
0
0
0
0
0
-1000
1000
-44.475798007041
44.475798007041
1000
-1000
-1000
1000
1000
0
-1000
-1000
-0.00152325580654633
-0.00152325580654633
0
0
0
0
966.086829768237
0
-0.170744204848688
951.680202254638
0.0224924352262406
0
0
0
154.811404451341
0
1000
-1000
0
0
0
0
0
0
0
0
0
0
0
0
0
0
0
0
0
0
0
0
0
0
0
0
0
0
0
0
0
0
0
0
0
0
0
0
0
0
0
0
0
0
0
0
0
0
0
0
0
0
0
0
0
0
0
0
0
0
0
0
0
0
0
0
0
0
0
0
0
0
0
-0.00152325580654633
0
0
0
0
0
0
0
0
0
0
0
0
0
0
0
0
0
0
0
0
0
0
0
0
0
0
0
0
0
0
0
0
0
0
0
0
0
0
0
0
0
0
0
0
0
0
0
0
0
0
0
0
0
0
0
0
0
0
0
0
0
0
0
0
0
0
0
0
0
0
0
0
0
0
0
0
0
0
0
0
0
0
0
0
0
0
0
0
0
0
0
0
0
0
0
0
0
0
0
0
0
0
0
0
0
0
0
0
0
0
0
0
0
0
0
0
0
0
0
0
0
0
0
0
0
0
0
0
0
0
0
0
0
0
0
0
0
0
0
0
0
0
0
0
0
0
0
0
0
0
0
0
0
0
0
0
0
0
0
0
0
0
0
0
0
0
0
0
0
0
0
0
0
0
0
0
0
0
0
0
0
0
0
0
0
0
0
0
0
0
0
0
0
0
0
0
0
0
0
0
0
0
0
0
0
0
0
0
0
0
0
0
0
0
0
0
0
0
0
0
0
0
0
0
0
0
0
0
0
0
0
0
0
0
0
0
0
0
0
0
0
0
0
0
0
0
0
0
0
0
0
0
0
0
0
0
0
-1000
0
1000
0
1000
981.553228571391
0
0
0
0
0
0
0
0
0
0
0
0
0
0
0
0
0
0
999.947593712514
0
0
0
0
0
966.086829768237
0
-665.042099424351
0
-964.145179352254
-0.00374873920441132
0
0
0
0
0
0
0
0
-999.985961243327
0
0
0
0
0
0
0
0
0
0
0
0
0
0
0
0
0
0
0
0
0
0
0
0
0
0
0
0
0
0
0
0
0
0
0
0
0
0
0
0
0
0
0
0
0
0
0
0
0
0
0
0
0
0
0
0
0
0
0
0
0
0
0
0
0
0
0
0
0
0
0
0
0
0
0
0
0
0
0
-0.00152325580654633
-0.00152325580654633
-0.00152325580654633
-0.00152325580654633
0
-0.00152325580654633
0
0
-0.00152325580654633
-0.00152325580654633
-0.00152325580654633
-0.00152325580654633
0
-0.00152325580654633
-0.00152325580654633
-0.00152325580654633
-0.00152325580654633
-0.00152325580654633
-0.00152325580654633
-0.00152325580654633
0
-0.00152325580654633
-0.00152325580654633
-0.00152325580654633
-1000
90.5492561444198
0
1000
0
0
0
0
0
0
0
0
0
0
0
