0
0
0
0
0
0
0
0
-1000
1000
0
0
0
199.265385837402
718.633254633513
0
999.73293855139
-999.73293855139
999.938707208516
0
0.0612927914841578
0
-1000
0.385268975043232
0
1000
-201.833056685172
0
-37.2141705292847
0.0252415106428213
0
0
0
0
0
0.0337549517055168
0
0
0
36.7811078458634
0
0
0
0
0
0
0
0
0
0
0
0
0
0
0
0
0
0
0
0
0
0
0
0
0
0
0
0
37.2141705292847
0
0
0
0
1000
1000
0
0
0
0
37.2141705292848
0
0
-1000
0
0
0
0
0
0
0
0
0
0
0
0
0
0
0
0
0
0
0
0
0
0.00374873920437898
0
0
0
0
0
0
0
0
0
0
0
0
0
0
0
0
0
0
0
0
0
0
0
0
0
0
1000
0
0
-1000
0
0
0
0
0
0
-1000
0
0
0
-15.3448174114365
0
0
0
0
-1000
0
0
0
-204.564963962752
0
0
598.472507937037
1000
1000
401.518735949894
0
0
0
-1000
401.518735949894
600.784121787296
1000
-800.734614162598
0
204.564963962752
1000
0
0
0
0
0
1000
714.061865183009
0
0
0
0
0
-4.12346371854426
0
0
0
0
0
0
0
250.97399330009
-1000
0
0
0
444.322760534239
0
0
0
0
0
0
0
0
0
0
-4.12784177507888
0
1000
0
0
0
0
0
0
0
0
0
0
0
-753.153848474989
0
0
-1000
630.529156704996
0
0
0.483533027811202
0.492289140880303
0
0
0.725299541716803
0
4.12784177507888
0
0
1000
0
0
-1000
0
0
0
0
0
0
0
0
0
0
-1000
0
-1000
1000
-1000
-1000
1000
1000
631.818966568802
-1000
-6.19253142580271
-1.01349247023279
1000
0
0
-0.725299541716822
1000
1000
-1000
632.230278415405
0
0
1000
0
0.188256430987056
0
-0.188256430987053
0
0.00186893664682083
0
0
0
0
0
0
0
0
836.776923383638
0
0
0
0
0
0
0
0
287.001911677519
0
1000
0
0
0
1000
0
-0.188256430987053
0
-0.725299541716822
0
0
0.725299541716822
0
0
0
0
0
0
0
0
-1000
0
0
0
-1000
0.725299541716822
0
-1000
-1.01349247023279
0
0
0.00374873920441132
0
2.75977652763568
0
0
0
0
0
0
0
0
0
0
712.998088322481
0
0
0
2.41766513905601
10.1777363906328
0
0
0
0
0
0
0
0
0
-431.295133901749
-1000
-999.995621943465
-1000
-1000
1000
1000
361.511856154007
-1000
-1000
1000
-1000
1000
638.486274909346
0
0
-1000
0
0
0
0
-1000
0
0
-1000
-1000
-1000
1000
0
0
1000
1000
0
0
0
0
0
0
1.01349247023277
-6.18377531273359
1000
1000
0
1000
-1000
-629.082935678097
-1000
-1000
-1000
1000
1000
1000
-370.908308208834
1000
-1000
-1000
1000
-1000
-1000
-1000
1000
0
999.991243886931
1000
0
0
0
-1000
1000
370.200520893255
0
0
749.02600669991
0
0
0
-1000
1000
0
0
0
-30.8471253330998
0
0
0
0
0
0
0
1.7556006703677
0
0
0
0
0
0
0
0
0.00374873920437898
0
1000
-1.75934940957211
-998.240650590428
0
0
998.240650590428
0
0
0
0
0
0
0
0
0
0
0
0
0
0
0
0
0
0
0
0
0
0
0
0
0
0
0
0
0
0
0
0
0
0
0
0
0
0
0
0
0
0
-1000
-1000
0.109451413364582
0.109451413364582
0
-999.274700458283
0
0
0
0
0
0
0
0
0.170744204848745
0
0
0
0
0
0
0
-572.901008321828
0
0
0
0
0
0
0
0
0
0
0
0
0
0
0
0
0
0
0
0
0
0
0
0
0
0
0
0
0
0
0
0
0
0
0
0
0
0
0.170744204848745
0
0
0
-1000
0
851.396962745151
0
851.396962745151
0
0
1000
0
0
0
0
0
0
0
0
0
0
0
0
0
0
0
0
0
0
0
0
0
0
0
0
0
0
0
0
393.428029579972
0
0
0.170744204848745
0
0
0
0
0
0
0
0
0
981.999790337919
0
0
0
0
0
0
0
0
0
0
0
0
0
0
0
0
0
0
0
0
0
0
0
0
0
0
0
0
0
0
0
0
-1000
0
0
0
0
0
0
0
0
0
0
0
0
0
33.9131702317631
0
33.9131702317631
0
0
0
0
0
0
0
0
0
0
0
0
0
0
0
0
0
0
0
0
500.003108555963
0
1000
0
500.007486612498
0
0
0
0
0.792428232759429
0.792428232759429
0
35.8548206477456
0
0
0
0
0
0
0
0
0
0
0
0
0
0
0
0
0
0
0
0
0
0
0
0
0
1000
0
0
0
1000
0
0
1000
0
0
0
0
2.276589397983
0
0
2.276589397983
0
0
0
0
0
0
0
0
0
0
2.276589397983
0
2.276589397983
0
0
0
13.5809169962506
38.7128630391344
24.7453007191471
18.1239995501565
26.8718499996988
8.84451178047639
20.685524819912
37.8429110607269
34.8464098017676
11.0193917264952
21.3621541364512
44.0292362405136
34.7497484708335
10.7294077336927
17.785684891887
24.6486393882129
31.9465698737426
25.85690602489
4.73640521577424
32.2365538665451
0
0
0
0
0
0
0
0
0
0
0
0
0
0
0
0
0
0
0
0
0
0
0
0
0
0
0
0
0
0
0
0
0
0
0
0
0
0
0
0
0
0
0
0
0
0
0
0
0
0
0
0
0
0
0
0
0
0
0
0
0
0
0
0
0
0
0
0
0
0
0
0
0
0
0
0
0
0
0
0
0
0
0
0
0
0
0
0
0
0
0
0
0
0
-1000
0
0
0
0
0
-1000
-1000
0
0
541.419064791214
0
0
0
0
0
0
-30.8471253330998
-541.576674826459
-541.576674826459
-1000
0
-427.098991678172
572.901008321828
-427.22157726114
1000
541.427820904283
1000
1000
0
0
1000
0
-1000
-1000
-1000
0
0
0
572.901008321828
572.901008321828
427.098991678172
0
0
0
0
0
0
0
0
0
0
0
0.00374873920441132
286.955376026428
1000
1000
0
500
0
2.51311515425996
5
0
0
0
0
0
0
385.374916648959
0
0
0
0
-0.00152325580654633
0
0
0
0
-0.00152325580654633
132.804598123711
285.893149946538
0
-0.00304651161309266
0
-0.00152325580654633
-0.56801309329353
0
-0.0952034879102257
0
-1000
-0.591404066898463
0
-0.00152325580654633
-0.00152325580654633
0.00152325580654633
-0.00152325580654633
0.00152325580654633
-0.00152325580654633
-0.00152325580654633
-0.00152325580654633
-0.00152325580654633
-0.00152325580654633
-0.00152325580654633
-0.00152325580654633
-0.00152325580654633
-0.00152325580654633
-0.00152325580654633
-0.00152325580654633
-0.043031976535417
-0.0150130666687573
-0.0879680228290454
0
-0.022468023146871
0.00152325580654633
0.00152325580654633
-0.0852971095304156
0.00152325580654633
0.00152325580654633
0.00152325580654633
0.00152325580654633
-0.72925871739244
0
-0.08187499960286
-0.412421509627166
-0.0259005643487171
0.00152325580654633
0.00152325580654633
0.0144709301623607
0.00152325580654633
0.00152325580654633
-0.00152325580654633
0
0
0
0
0
0
0
0
0
0
0
0
0
0
0
0
0
0
0
0
0
0
0
0
0
0
0
0
0
0
0
0
0
0
0
0.011043604597603
0.00549271787770067
0
0
0
0
0
0
0
0
0
0
0
0
0
0
0
0
0
0
0
0
0
0
0
0
0
0
0
0
0
0
0
0
0
0
0
0
0
0
0
1000
0
0
0
0
0
0
0
0
0
0
0
0
0
0
0
0
0
0
0
0
0
0
0
0
0
0
0
0
0
0
0
0
0
0
0
0
0
0
0
0
0
0
0
0
0
0
0
0
0
0
0
0
0
0
0
0
0
0
0
0
0
0
0
0
0
0
0
0
0
0
0
0
0
0
0
0
0
0
0
0
0
0
0
0
0
0
0
0
0
0
0
0
0
0
0
0
0
0
0
0
0
0.00152325580656389
364.514812904267
0.00152325580656389
0
479.593091892165
0
0
0
0
0.00152325580656389
0.00152325580656389
0
0.00152325580656389
0
0
0
0
0
0
0
0
0
0
0
0
0
0
0
0
0
0
0
0
0
0
0
0
0
0
0
0
0
0
0
0
0
0
0
0
0
0
0
0
0
0
0
0
0
0
0
0
0
0
0
0
0
0
0
0
0
0
0
0
0
0
0
0
0
0
0
0
0
0
0
0
0
0
0
0
0
0
0
0
0
0
0
0
0
0
0
0
0
0
0
0
0
0
0
0
0
0
0
0
0
0
0
0
0
0
0
0
0
0
0
0
0
0
0
0
0
0
0
0
0
0
0
0
0
0
0
0
0
0
0
0
0
0
0
0
0
0
0
0
0
0
0
0
0
0
0
0
0
0
0
0
0
0
0
0
0
0
0
0
0
0
0
0
0
0
0
0
0
0
0
0
0
0
0
0
0
0
0
0
0
0
0
0
0
0
0
0
0
0
0
0
0
0
0
0
0
0
-1000
0
0
0
0
0
0
0
0
0
0
0
0
0
0
0
0
0
0
0
0
0
0
0
0
0
0
0
0
0
0
0
0
0
0
0
0
0
0
0
0
0
0
0
0
0
0
0
0
0
0
0
0
0
0
0
0
0
0
0
0
0
0
0
0
0
0
0
0
0
0
0
0
0
0
0
0
0
0
0
0
0
0
0
0
0
0
0
0
0
0
0
0
0
0
0
0
0
0
0
0
0
0
0
0
0
0
0
0
0
0
0
0
0
0
0
0
1000
1000
0
0
0
0
0
0
0
0
0
0
0
0
0
0
0
0
0
0
0
0
0
0
0
0
0
-1000
0
-1000
0
0
0
0
0
0
0
0
0
0
0
1000
1000
0
0
0
0
0
0
0
0
0
0
0
0
0
0
0
0
0
0
0
0
0
0
0
0
0
0
0
0
0
0
0
0
0
0
0
0
0
0
0
0
0
0
0
0
0
0
0
0
0
0
0
0
0
0
0
0
0
0
0
0
0
0
0
0
0
0
0
0
0
0
0
0
0
0
0
0
0
0
0
0
0
0
0
0
0
-357.047700611416
48.3197977453617
0
0
0.00152325580654633
0
1000
0
364.51328964846
0
0
635.431492328552
479.591568636358
265.029999690233
0
0
0
0.00549271787770067
0.589880811091916
0
0
999.998476744193
0
0
0
0
0
0
0
0
0
0
0
0
0
-1000
0.00549271787770067
0
0
0
-0.0205691690257481
0
0
0
0
0.011043604597603
0
0
0.0205691690257481
0
0
0
0
0
385.374916648959
1000
-357.047700611416
-385.374916648959
-385.374916648959
0
-1000
1000
-0.0224924352262406
0
0
0.00152325580654633
-0.00152325580654633
0
0
364.568507671448
-364.568507671448
1000
0
-364.51328964846
-364.51328964846
0
0
-1000
0
-364.568507671448
-635.431492328552
-1000
0
-734.970000309767
-265.029999690233
-1000
0
0
0
0
0
-1000
0
-1000
0
0
0
0
0
-1000
0
0
0
-1000
0
0
0
-1000
0
0
0
0
0
0
0
0
0
0
0
0
0
0
0
0
0
0
0
-999.988956395402
999.988956395403
-1000
0
-1000
0
-1000
0
-1000
0
0
0
0
0
0
0
0
0
1000
0
1000
0
-1000
0
-1000
0
-1000
0
-1000
0
0
0
0
0
0
0
0
0
-1000
0
0
0
0
0
0
0
0
0
0
0
0
0
0
0
0
0
0
0
0
0
0
0
0
0
0
0
0
0
0
0
0
0
0
0
0.00549271787770067
-0.00549271787770067
0
0
0
0
0
0
0
0
0
0
0
0
0
0
0
0
0
0
0
0
0
0
0
0
0
0
0
0
0
0
0
0
0
0
-0.011043604597603
0.011043604597603
0.00549271787770067
-0.00549271787770067
0
0
0
0
0
0
0.0205691690257481
0.0205691690257481
0
0
0
0
0
0
0
0
0
0
0.011043604597603
-0.011043604597603
0
0
0
0
-0.0205691690257481
-0.0205691690257481
0
0
0
0
0
0
0
0
0
0
0
0
0
0
0
0
0
0
0
0
0
0
0
0
0
0
0
0
0
0
0
0
0
0
0
0
0
0
0
0
0
0
0
0
0
1.22780807164563
0.00374873920437898
0
0
0
0
0
0
0
0
0.154484274922872
0
0
0
0
0
0
0
0
0
0
0
0
0
0
0
0
0
0
0
0
0
0
0
0
0
0
0
0
0
0
0
0
0
0
0
0
0
0
0
0
0
0
0
0
0
0
0
0
0
0
0
0
0
0
0
0
0
0
0
0
0
0
0
0
0
0
0
0
0
0
0
0
0
0
0
0
0
0
0
0
0
0
0
0
0
0
0
0
0
0
0
0
0
0
0
0
0
0
0
0
0
0
0
0
0
0
364.568507671448
364.568507671448
364.568507671448
0
0
0
0
0
364.511766392654
364.511766392654
364.511766392654
0
0
0
0
0
0
0
0
0
0
0
0
0
0
0
0
0
0
0
0
0
0
0
0
0
0
0
0
0
0
0
0
0
0
0
0
0
0
0
0
0
0
0
0
0
0
0
0
0
0
0
0
0
0
0
0
0
0
0
0
0
0
0
0
0
0
0
0
0
0
0
0
0
0
0
0
0
0
0
0
0
0
0
0
0
364.51328964846
364.51328964846
364.51328964846
364.51328964846
-364.51328964846
0
0
0
0
0
0
0
0
0
0
0
0
0
0
0
0
0
0
0
0
0
0
0
0
0
0
0
0
0
0
0
0
0
0
0
0
0
0
0
0
0
0
0
0
0
0
-20.8631502563054
0
0
0
0
0
0
0
0
0
0
0
0
0
0
0
0
0
0
0
0
0
0
0
0
0
0
0
0
0
0
0
0
0
0
0
0.00374873920437898
0.00374873920437898
0.00374873920437898
0.00374873920437898
0.00374873920437898
0
0
0
0
0
0
0
0
0
0
0
0
0
0
0
0
0
0
0
0
0
0
0
0
0
0
0
0
0
0
0
0
0
0
0
0
0
0
0
0
0
0
0
0
0
0
0
0
0
15.3448174114365
15.3448174114365
-15.3448174114365
5.10619207900195
-2.55122166989884
2.55122166989878
2.55122166989878
2.55122166989878
2.5437459233115
2.5437459233115
2.5437459233115
2.5437459233115
2.5437459233115
2.5437459233115
2.5437459233115
0
2.5437459233115
2.54374592331146
2.5437459233115
2.5437459233115
2.5437459233115
2.5437459233115
2.5437459233115
2.5437459233115
2.5437459233115
2.5437459233115
2.5437459233115
0
0
0.0074757465872833
0
0.0074757465872833
0.0074757465872833
0.0074757465872833
0.0074757465872833
0.0074757465872833
0.0074757465872833
0.0074757465872833
0.0074757465872833
0.0074757465872833
0.0074757465872833
0.0074757465872833
0.0074757465872833
0.0074757465872833
0.0074757465872833
0.0074757465872833
0.0074757465872833
15.3448174114365
15.3448174114365
5.10619207900195
5.10619207900195
0
0
0
0
0
0
0
0
0
0
0
0
0
0
0
0
0
0
0
0
0
0
0
0
0
0
0
0
0
0
0
0
0
0
0
0
0
0
0
0
0
0
0
0
0
0
0
0
0
0
0
0
0
0
0
0
0
0
0
0
0
0
0
0
0
0
0
0
0
0
0
0
0
0
0
0
0
0
0
0
0
0
0
0
0
0
0
0
0
0
0
0
0
0
0
0
0
0
0
0
0
0
0
0
0
0
0
0
0
0
0
0
0
0
0
0
0
0
0
0
0
0
0
0
0
0
0
0
0
0
0
0
0
0
0
0
0
0
0
0
0
0
0
0
0
0
0
0
0
0
0
0
0
0
0
0
0
0
0
0
0
0
0
0
0
0
0
0
0
0
0
0
0
0
0
0
0
0
0
0
0
0
0
0
0
0
0
0
0
0
0
0
1.22780807164563
1.24184682831826
1.24184682831826
0
0
0
0
-1.24184682831822
0
0
0
0.0140387566726309
0
0
1000
0
0
0
0
0
0
0
0
0
0
0
0
0
0
0
0
0
0
0
0
0
0
0
0
0
0
0
0
0
0
0
0
0
0
0
0
0
0
0
0
0
1.24184682831826
0
0
0
0
0
0
0
0
0
0
0
0
0
0
0
0
0
0
0
0
0
0
0
0
0
0
0
0
0
0
0
0
0
0
0
0
0
0
0
0
0
0
0
0
0
0
0
0
0
0
0
0
0
0
0
0
0
0
0
0
0
0
0
0
0
0
0
0
0
0
0
0
0
0
0
0
0
1.22780807164563
0.00374873920437898
0
0
0
0
0
0
0
1.61638028355306
0
0
0
1.01349247023277
1.01349247023277
1.01349247023277
0
0
0
0
0
0
1.38604108577288
0
0
0
0.00374873920437898
0
0
0
0
-1.38604108577283
1.38604108577288
0
0
0
0
0.380560413723768
0
0
0
0
0
0.240629215248427
0
0.230339197780175
0
0
0
0
0
0
0
0
0
0
11.30064133805
11.30064133805
11.30064133805
0
0
0
0
-0.154484274922879
0
0
0
0
0
0
0
0
0
0
0
0
0
0
0
0
0
0
0
0
0
0
0
0
0
0
0
0
0
0
0
0
0
0
0
0
0
0
0
0
0
0
0
0
0
0
0
0
0
0
0
0
0
0
0
0
0
0
0
0
0
0
0
0
0
0
0
0
0
0
0
0
0
0
0
0
0
0
0
0
0
0
0
0
0
0
0
0
0
0
0
0
0
0
0
0
0
0
0
0
0
0
0
0
0
0
0
0
0
0
0
0
0
0
0
0
0
1000
0
0
1000
1000
0
0
0
0
0
0
0
0
0
0
0
0
0
0
0
0
0
0
0
0
0
0
0
0
0
0
0
0
0
0
0
0
0
0
0
0
0
0
0
0
0
0
0
0
0
0
0
0
0
0
0
0
0
0
0
0
0
0
0
0
0
0
0
0
0
0
0
0
0
0
0
0
0
0
0
0
0
0
0
0
0
0
0
0
0
0
0
0
0
0
0
0
0
0
0
0
0
0
0
0
0
0
0
0
0
0
0
0
0
0
0
0
0
0
0
0
0
0
0
0
0
0
0
0
0
0
0
0
0
0
0
0
0
0
0
0
0
0
0
0
0
0
0
0
0
0
0
0
0
0
0
0
0
0
0
0
0
0
0
0
0
0
0
0
0
0
0
0
0
0
0
0
0
0
0
0
0
0
0
0
0
0
0
0
0
0
0
0
0
0
0
0
0
0
0
0
0
0
0
0
0
0
0
0
0
0
0
0
0
0
0
0
0
0
0
0
0
0
0
0
0
0
0
0
0
0
0
0
0
0
0
0
0
0
0
0
0
0
0
0
0
0
0
0
0
0
0
0
0
0
0
0
0
0
0
0
0
0
0
0
0
0
0
0
0
0
0
0
0
0
0
0
0
0
0
0
0
0
0
0
0
507.456949261659
0
0
507.456949261659
0
0
0
0
0
0
0
0
0
0
0
0
0
0
0
0
0
0
0
0
0
0
0
0
0
0
0
0
0
1000
0
0
0
0
0
0
0
0
0
0
0
0
0
0
0
0
0
0
0
0
0
0
0
0
0
0
0
0
0
0
0
0
0
0
0
0
0
0
0
0
0
0
0
0
0
0
0
0
0
0
0
0
0
0
0
0
0
0
0
0
0
0
0
0
0
0
0
0
0
0
0
0
0
0
0
0
0
0
0
0
0.170744204848745
0.170744204848745
0
0
0
0
0.170744204848688
0
0.170744204848745
-246.675407320163
0
0
0
0
0.0262683392075026
0
0
0
0
0
0
246.675407320163
0
0
0
0
0
0
1.03322134216139
0
0
0
0
0
0
1.03322134216139
1.03322134216139
1.03322134216139
1.03322134216137
0
0
0
0
0
0
0
0
0
0
0
0
0
0
0
0
0
0
0
0
0
0
0
0
0
0
0
0
0
0
0
0
0
0
0
0
0
758.024879792472
758.024879792472
0
0
0
0
0
0
0
0
0
0
0
0
0
0
0
0
0
0
0
0
0
0
0
0
0
0
0
0
0
0
0
0
0
0
0
0
0
0
0
0
0
0
0
0
0
0
0
0
0
1000
-1000
657.181698011983
0
0
0
-1000
-512.63991620081
1000
0
0
0
0
-1000
656.456398470266
0
0
0
0
0
0
0
0
0
0
0
0
0
0
0
0
0
0
0
0
0
0
0
0
0
0
0
0
0
0
0
0
0
0
0
0
0
0
0
0
512.63991620081
0
0
0
0
0
0
0
0
0
0
0
0
0
0
0
-999.996251260796
-1000
1000
-1000
1000
999.996251260796
-1000
0
0
0
0
0
0
0.00374873920441132
0
0
0
0
0
0
0
0
0
0
0
0
0
0
0
0
0
0
0
0
0
0.00280340497023124
0.00374873920437898
0.0102900174682519
1000
0.00186893664682083
0.00186893664682083
0.00374873920441132
0
0.0009344683234076
0.00186893664682083
0.0159076933194967
-0.0018689366468152
0.00186893664682083
0.00186893664682083
0.00186893664682083
0.00186893664682083
0.00186893664682083
-0.0018689366468152
-0.0037378732936304
0.00186893664682083
0.00186893664682083
0.0018689366468152
0.00186893664682083
-999.953211388365
-0.00561767585122652
999.951342451718
0.00374873920441132
0.00186893664682083
0.00186893664682083
0.00374873920437898
0.00374873920437898
-0.00374873920441132
-0.00374873920441132
0.00374873920441132
0.00374873920441132
0.00186893664682083
0.00186893664682083
0.00186893664682083
0.00186893664682083
-0.00561767585122652
-999.985961243327
0
0
0
0
0
0
-1000
0
0
0
0.00374873920437898
0
0
0
0
0.00187436960218949
0.00374873920441132
0.00374873920441132
0
0.00374873920437898
0
0
0
0
0
-0.00374873920441132
0
0
0.0074757465872833
0.00186893664682083
0.00560680994046248
0.00186893664682083
-0.0018689366468152
0.00186893664682083
0.00186893664682083
0.00186893664682083
0.00186893664682083
0.00186893664682083
0.00186893664682083
0.00373787329364165
0.00186893664682083
0.00186893664682083
0.00186893664682083
0.00186893664682083
0.00186893664682083
0
0.00186893664682083
0.00374873920437898
0
0.00374873920437898
0
0.00374873920437898
0.00374873920437898
0.00374873920437898
0.00374873920437898
0.00374873920437898
0.00374873920437898
0
0.00374873920437898
0
0.00374873920437898
0.00374873920437898
0.00374873920437898
0.00374873920437898
0.00374873920437898
0
0
0
0
0
0
0
0
0
0
0
0
0
0
0
0
-0.00374873920441132
0
0
0
0
0
0
0
0
0
0
0
0
0
0
0
0
0
0
0
0
0
0
0
0
0
0
0
0
0
0
0
0
0
0
0
0
0
0
0
0
0
0
0
0
0
0
0
0
0
0
0
0
0
0
0
0
0
0
0
0
0
0
0
341.78185894156
0
0
0
0
0
0
0.00374873920437898
0
0
0
0
0
0
0
0
0
1000
1000
0
0
0
0
0
0
0
0
113.598806444157
0
0
0
0
-19.8246739472393
0
0
0
-385.374916648959
0
0
0
0
0
0.00152325580656389
0
0
0
0
0
0
0
0
0
0.00152325580656389
0
0
132.804598123711
0
0
0
0
0.00304651161312778
0
0
0
0.00152325580656389
0
0.568013093293584
0
0
0
0.0952034879102431
0
0
0
0
0
0.59140406689843
0
0
0
0.00152325580656389
0
0.00152325580656389
0
0.00152325580656389
0
0.00152325580656389
0
0.00152325580656389
0
0.00152325580656389
0
0.00152325580656389
0
0.00152325580656389
0
0.00152325580656389
0
0.00152325580656389
0
0.00152325580656389
0
0.00152325580656389
0
0.00152325580656389
0
0.00152325580656389
0
0.00152325580656389
0
0.00152325580656389
0
0.0430319765354299
0
0.0150130666687441
0
0.0879680228290646
0
0
0
0.0224680231468174
0
0.00152325580656389
0
0.00152325580656389
0
0.0852971095304239
0
0.00152325580656389
0
0.00152325580656389
0
0.00152325580656389
0
0.00152325580656389
0
0.729258717392462
0
0
0
0.081874999602809
0
0.412421509627173
0
0.02590056434874
0
0.00152325580656389
0
0.00152325580656389
0
0.0144709301623569
0
0.00152325580656389
0
0.00152325580656389
0
0.00152325580656389
0
0
-1000
0
0.0140387566726758
1000
0
0
0
0
0
-33.9131702317632
-1000
0
1000
0
-1000
1000
246.846151525011
0
756.638838706699
287.001911677519
-1000
-1000
0
0
1000
1000
0
0
0
0
-5.72700502306884
1000
0
0
0
0
-287.001911677519
1000
-0.00374873920441132
0
0
-3.7732689978684
1000
712.998088322481
0
0
0
-999.974758489357
284.883414792649
287.001911677519
-1000
-4.12784177507888
-246.846151525011
0
1000
377.877921891744
1000
-1000
0
0
1000
0
-1000
-504.842890377461
0
1000
0
0
-1000
1000
1000
1000
0
0
0
0
0
-502.754721615412
0
0
0
0
0
0
0
0
0
0
0
0
0
0
0
0
0
0
202.282584932338
0
0
0
1000
0
0
0
0
0
0
139.311017578235
0
0
-1000
-1000
-1000
964.145179352254
1000
-1000
-1000
-1000
-1000
-1000
-1000
-1000
1000
-1000
-1000
-1000
35.5288886002536
-1000
-1000
1000
1000
922.404657055122
-1000
-1000
-1000
1000
1000
1000
1000
1000
972.480328929604
1000
-1000
-1000
-1000
-1000
-1000
-1000
-1000
-1000
-1000
1000
-1000
-1000
-1000
-1000
-1000
-1000
-1000
-1000
-1000
-1000
-1000
1000
-1000
-1000
-1000
-1000
-1000
959.64728268815
-1000
-1000
-1000
-1000
-1000
486.666354148889
-1000
-88.2873945829484
-1000
1000
-1000
-1000
-1000
-1000
1000
-1000
-1000
-1000
-1000
-18.1765362285715
-1000
-1000
1000
-1000
-1000
1000
831.628631164599
1000
-967.378177158412
-785.185727534688
1000
1000
1000
-1000
1000
1000
1000
1000
-1000
-1000
-1000
955.524201992959
1000
-1000
1000
1000
-1000
1000
1000
1000
1000
1000
1000
1000
1000
1000
-712.98359336249
-1000
-1000
-1000
-979.950633506593
677.048156711999
-1000
1000
975.189028432834
-1000
-1000
-287.01640663751
0
0
0
0
0
0
0
0
0
0
0
0
0
0
0
0
0
0
0
0
0
0
0
0
0
0
0
0
0
0
0
0
0
0
0
0
0
0
0
0
0
0
0
0
0
0
0
0
0
0
0
0
0
0
0
0
0
0
0
0
0
0
0
0
0
0
0
0
0
0
0
0
0
0
0
0
0
0
0
0
0
0
0
0
0
0
0
0
0
0
0
0
0
0
0
0
0
0
0
0
0
0
0
0
0
0
0
0
0
0
0
0
0
0
0
0
0
0
0
0
0
0
0
0
0
0
0
0
0
0
0
0
0
0
0
0
0
0
0
0
0
0
0
0
0
0
0
0
0
0
0
0
0
0
0
0
0
0
0
0
0
0
0
0
0
0
0
0
0
0
0
0
0
0
0
0
0
0
0
0
0
0
0
0
0
0
0
0
0
0
0
0
0
0
0
0
0
0
0
0
0
0
0
0
0
0
0
0
0
0
0
0
0
0
0
0
0
0
0
0
0
0
0
0
0
0
0
0
0
0
0
0
0
0
0
0
0
0
0
0
0
0
0
0
0
0
0
0
0
0
0
0
0
0
0
0
0
0
0
0
0
0
0
0
0
0
0
0
0
0
0
0
0
0
0
0
0
0
0
0
0
0
0
0
0
0
0
0
0
0
0
0
0
0
0
0
0
0
0
0
0
0
0
0
0
0
0
0
0
0
0
0
0
0
287.01640663751
0
0
21.8087159029786
0
0
0
0
0
0
0
1000
1000
-1000
1000
1000
1000
1000
1000
-1000
-1000
1000
-1000
1000
0
1000
-1000
-1000
-1000
-1000
-1000
1000
1000
-1000
997.448778330101
-1000
-1000
-1000
-1000
1000
-19.8246739472393
-1000
0
-1000
-1000
1000
-1000
1000
-1000
-1000
-1000
-1000
1000
-1000
-1000
-1000
1000
-1000
-1000
-1000
1000
-1000
-19.8246739472393
-1000
19.8246739472393
-1000
0
0
0
0
0
0
1000
0
0
0
0
0
-1000
0
0
1000
0
-1000
-1000
0
0
0
0
0
0
0
1000
0
0
0
0
0
0
0
0
0
-0.00374873920441132
0.00374873920437898
0
0
-0.00374873920441132
-0.00374873920441132
0
0
0
0
0
0
0
0
0
0
0
0
0
0
0
0
0
0
0
0
0
0
0
0
0
0
0
0.00374873920437898
0
0
1000
-1000
643.273303420288
1000
1000
0
0
0
0
-0.00374873920441132
0.380560413723742
0
0
0
0
246.675407320163
0
0
0
0
0
0
0
0
0
0
0
0
0
0
0
0
0
0.00374873920437898
0
0
0
1000
-437.816574858978
0
0
0
0
0
0
-1000
0
1000
0
0
0
0
0
0
0
0
0
0
0
0
0
0
0
0
0
0
0
0
0
0
0
0
0
0
0
0
0
0
0
0
0
0
0
1.03322134216139
0.00374873920437898
0
0
0
0
0
0
1000
0
-357.047700611416
0
0
2.02698494046554
0
0
0
0
0.00560680994046248
1000
0
-998.240650590428
0
0
0
0
0
0
0
0
0
0
0
0.00374873920441132
-1000
427.098991678172
-359.074685551882
998.244399329632
0
0
0
0
1000
0
0
0
0
0
0.00374873920441132
0
0
1000
0
0
1.7556006703677
0
1000
0
0
0
0
0
-1000
0
-1000
1000
0
0
0
0
0
0
0
0
0
0
0
-1000
1000
0
0
641.96490743901
643.724256848582
714.305228902467
714.305228902467
0
0
0
0
0
0
1000
0
629.799479106745
0
0
0
0
0
0
0
0
0
0
1.01349247023277
0
0.00374873920437898
-0.00374873920441132
0.00374873920437898
0.00374873920437898
0
0
0.00374873920441132
0
0
0
1.01349247023279
0
0
-0.0112462176131203
-1000
-1000
-1000
1000
-1000
1000
0
0
-261.618445675546
-370.200520893255
-1000
-1000
0
0
0
0
0
0
0
0
0
0
0
0
0
0
0
0
0
0
0
0
0
0
0
0
0
631.818966568802
0
0
0
0
0
0.00186893664682083
0
0
0
0
0
0
0
0
0.00374873920437898
0
0
0
0
0
0
0
0
0
0
0
0
0
0
0
0
0
0
0
0
0
0
0
0
1000
0
0
0
0
0
0
0
0
0
0
0
0
0
0
0
0
0
0
0
0
0
0
0
0
0
0
0
0
0
0
0
2.417665139056
0
0
0
0
0
0
0
0
0
0
0
0
0
0
0
0
0
0
0
0
0
0
0
0
0
0
0
0
0
0
0
0
0
0
0
0
0
0
0
0
0
0
0
0
0
0
0
0
0
0
0
0
0
0
0
0
0
0
0
0
0
0
0
0
0
0
0
0
0
0
0
0
0
0
0
0
0
0
0
0
0
0
0
0
0
0
0
0
0
0
0
0
0
0
0
0
0
0
0
0
0
0
0
0
0
0
0
0
0
0
0
0
0
-999.974758489357
0
0.0018689366468152
0
0.0205691690257481
0
0
-0.0252415106427861
0
1000
0
0
0
0
0.004672341617038
0
0
0
0
0
0
0
0
0
0
0
0
0
0
0
0
0
0
0
0.00374873920437898
0.00374873920437898
0.00374873920437898
1000
-1000
0
-1000
-1000
0
0
0
0
0
0
-1000
-1.75934940957211
0
0
0
0
0
0
0
0
0
0
-1000
0
1000
0
-1000
-1000
-0.589880811091916
0
-1000
-1000
0
0
0
0
0
0
0
0
0
0
-968.675666504631
0
1000
0.410604656912486
0.00374873920437898
0.00374873920437898
0.00374873920437898
0.00374873920437898
0.00374873920437898
6.51856279355115
0
0
1000
20.9465485117148
0
0
0
0.00152325580656389
0
0
0
0
0
0.0441744183903528
0
0
0
0
-1000
0
0
0
0
0
0
0
1000
-999.998476744193
0
1000
0
0
-1000
0
0
0
0
0
0
0
0
0
0
0
0
0
0
0
0
0
0
0
0
0
0
0
0
0
0
0
0
0
0
0
0
0
0
0
0
0
0
0
0
0
0
0
0
0
0
0
-700.270298109446
0
0
0
0
0
0
0
0
0
-1000
0
0
0
0
0
0
0
0
1000
1000
-999.988956395402
-999.988956395402
-999.988956395402
1000
0
0.0102900174682519
0
0
0
0
0
-1000
-1000
0
246.675407320163
0
0
0
999.977507564774
15.5005693759454
0
0
0
0
0.602887813320285
0.602887813320285
0
-999.97288955271
0
0
0
0
0
0
0
0
-1000
0
0
0
0
0
0
0
1000
0.00374873920437898
0
0
0
0
0
0
0
0
309.634180037175
-1000
0
0
1000
0
0
0
1000
0
0
0
0
-635.431492328552
0
-1000
0
0
0
-584.565543171214
-1000
0
0
0
0
-0.00152325580654633
0
1000
364.511766392653
-1000
1000
-1000
1000
-1000
1000
-1000
0
0
0
0
-1000
-1000
0
0
1000
0
0
0
0
0.0054927178777198
0.0110436045975882
0
0
0
0
0
0
0
629.799479106745
0
1000
0
0
0
0
0
0
0
0
0
0
572.901008321828
0
0
-1000
0
-1000
-1000
1000
0
0
0
0
0
0
0
0
-1000
0
0
1000
0.00186893664682083
0.00186893664682083
0
44.4757980070412
-1000
1000
-507.456949261659
-507.456949261659
285.893149946539
0
0
0
0
0
0
0
0
0
0
0
0
0
0
0
0
0
0
0
0
0
0
0
0
0
-0.0205691690257481
0
0
0
0
0
0
0
0
0
0
0
0
0
0
0
0
0
0
0
0
0
0
0
0
0
0
0
0
0
0
0
0
0
0
0
0
0
0
0
0
0
0
0
0
0
0
-1000
0
-1000
0
0
0
0
0
0
-1000
0
0
0
0
0
0
0
0
0
0
0
635.431492328552
0
0
0
0
0
0
0
0
0
0
0
0
0
1000
0
0
0
642.952299388583
0
0
0
0
0
0
0
0
0
0
0
0
0
0
0
385.374916648959
0
0
0
0
0
0
0
0
0
0
0
0
0
0
0
0
0
20.8631502563054
0
0
0
0
0
0
0
0
0
0
0
0
0
0
0
0
0
20.8631502563054
0
0
0
0
0
0
0
0
0
0
0
0
0
0
0
20.8631502563054
0
0
0
0
0
0
0
0
0
0
0
0
0
0
0
0
0
0
0
0
0
0
0
0
0
0
0
0
0
0
0
0
0
0
0
0
0
0
0
0
0
0
0
0
0
0
0
0
0
0
0
0
0
0
0
0
0
0
0
0
0
0
0
0
0
0
0
0
0
0
0
0
0
0
0
0
0
0
0
0
0
0
0
0
0
0
0
0
0
0
0
0
0
0
0
0
0
0
0
0
0
0
0
0
0
0
0
0
0
0
0
0
0
0
0
0
0
0
0
0
0
0
0
0
0
0
0
0
0
0
-1000
0
0
0
0
0
0
0
0
0
0
0
0
0
0
0
0
0
0
0
0
0
0
0
101.299820711811
68.1883213209172
0
0
-98.4812640501058
0
606.571970420028
-1000
393.598773784821
0
-1000
0
-1000
-1000
0
0
0
0
951.680202254638
0.0224924352262406
0
0
0
0
0
0
0
0
0
0
0
0
0
0
0
-33.9131702317632
0
0
0
0
0
0
0
0
0
0
0
0
0
0
0
0
0
0
0
0
0
0
0
0
0
0
0
0
0
0
0
0
0
0
0
0
0
0
0
0
0
0
0
0
0
0
0
0
0
0
0
0
0
0
0
0
0
0
0
0
0
0
0
0
0
0
0
0
0
0
0
0
0
0
0
0
0
0
0
0
0
0
0
0
0
0
0
0
0
0
0
0
0
0
0
0
0
0
0
0
0
0
0
0
0
0
0
0
0
0
0
0
0
0
0
0
0
0
0
0
0
0
0
0
0
0
0
0
0
0
0
0
0
0
0
0
0
0
0
0
0
0
0
0
0
0
0
0
0
0
0
0
0
0
0
0
0
0
0
0
0
0
0
0
0
0
0
0
0
0
0
0
0
0
0
0
0
0
0
0
0
0
0
0
0
0
0
0
0
0
0
0
0
0
0
0
0
0
0
0
0
0
0
0
0
0
0
0
0
0
0
0
0
0
0
0
0
0
0
0
0
0
0
0
0
0
0
0
0
0
0
0
0
0
0
0
0
0
0
0
0
0
0
0
0
0
0
0
0
0
0
0
0
0
0
0
0
0
0
0
0
0
0
0
0
0
0
0
0
0
0
0
0
0
285.893149946538
0
0
0
0
0
0
0
0
0
0
0
-1000
0
0
0
0
0.00374873920441132
-981.553228571391
0
0
0
0
0
0
0
0
0
0
0
0
0
0
0
0
0
0
0
0
0
0
0
0
0
0
0
0
0
0
0
0
0
0
0
0
0
0
0
0
0
0
0
0
0
0
0
0
0
0
0
0
0
0
0
0
0
0
0
0
0
0
0
0
0
0
0
0
0
0
0
0
0
0
0
0
0
0
0
0
0
0
0
0
0
0
0
0
0
0
0
0
0
0
0
0
0
0
0
0
0
0
0
0
0
0
0
0
0
0
0
0
0
0
0
0
0
0
0
0
0
0
0
0
0
0
0
0
0
0
0
0
0
0
0
0
0
0
0
0
0
0
0
0
0
0
0
0
0
0
0
0
0
0
0
0
0
966.086829768237
0
999.829255795151
356.726696579712
0
0
0
0
0
0
0
1000
0.00374873920441132
0
0
-356.726696579712
520.408431363642
0
0
0
0
0
0
999.947593712514
0
0
0
0
0
0
0
0
0
0
1000
-1000
0
0
0
0
0
0
0
0
0
0
0
0
0
0
0
0
0
0
0
0
0
0
0
0
0
0
0
0
0
0
0
0
0
0
0
0
0
0
0
0
0
0
0
0
0
0
0
0
0
0
0
0
0
0
0
0
0
0
0
0
0
0
0
0
0
0
0
0
0
0
0
0
0
0
0
0
0
0
0
0
0
0
0
0
0
0
0
0
0
0
0
0
0
0
0
0
0
0
0
0
0
0
0
0
0
0
0
0
0
0
0
0
0
0
0
0
0
0
0
0
0
0
0
0
0
0
0
0
0
0
0
0
0
0
0
0
0
0
0
0
0
0
0
0
0
0
0
0
0
0
0
0
0
0
0
0
0
0
0
0
0
0
0
0
0
0
0
0
0
0
0
0
0
500
90.5492561444199
0
0
-1.01349247023279
0
0
483.306654670841
20.0294954591457
43.780565345827
0.108659107373304
90.5492561444199
0
0
0
0
0
0
0
0
0
0
0
0
0
0
0
0
0
0
0
0
0
0
0
0
0
1000
-1000
-1000
0
0
0
0
0
-572.904757061033
0
0
0
0
-3.80813951640971
0
0
999.982234235944
0
0
0.0121589541150628
0.00374873920437898
0
0
0
0
0
0
0
0
0
0
0
0
0
0
0
0
0
385.374916648959
0
0
0
0
-999.974758489357
-0.72925871739244
-0.043031976535417
0
-11.1244650833252
-21.8087159029786
-1000
-34.8767121103365
23.0217744062909
-1000
-27.7263361651568
-4.78018578112005
-32.6218228415884
1000
-1000
0
0
0
0
0
-1000
-42.0664543446247
-18.1765362285715
-27.5196710703956
-13.8210807883224
25.1627690096755
-24.8109715671658
-1000
973.28116918826
964.471111399746
0
-101.299820711811
-584.565543171214
0
0
1000
0
0
341.593602510573
-1000
0
0
0
0
0.380560413723742
0
1000
1.759349409572
0
0
0
0
0
0
0
0
0
0
0
-0.00374873920441132
-0.00374873920441132
0
0
0
0
0
0
0
0
0
0
0
0
0
0
0
0
0
1000
0
0
0
0
0
-1000
246.675407320163
-0.00374873920441132
-0.00374873920441132
-1.03322134216137
343.543601529734
0
0
-0.00374873920441132
0
-0.00374873920441132
0
0
0
-0.00374873920441132
0
0
0
-0.00374873920441132
0
0
0
0
0
0
0
0
0
0
0
1000
0
0
0
0
0
-33.9131702317632
0
0
0
0
0
0
0
-715.116585207351
0
0
0
-982.726547722659
0
1000
0
0
-0.00374873920441132
0
0
0
0
-35.8548206477456
0
0
0
0
0
0
0
0
0
-431.298012065427
-3.7732689978684
0
-1000
-1000
0
0
0
0
0
712.998088322481
0
0
0
2.55122166989872
0
0
0
0
0
0
-4.12784177507888
0
0
0
0
1000
1000
246.846151525011
0
0
756.638838706699
753.153848474989
0
0
0
0
0
0
0
0
0
-1000
-1000
0
0
0
0
0
-1000
0
0
0
0
690.365819962825
-287.001911677519
287.001911677519
0
0
0
0
0
0
287.001911677519
-1000
-1000
-5.72700502306884
0
0
0
0
0
0
0
0
0
0
0
0
1000
0
-0.0259005643487171
-0.00152325580654633
-0.412421509627166
-502.754721615412
-0.022468023146871
-0.0852971095304156
-0.0144709301623607
-0.08187499960286
-0.0879680228290454
0
0
0
132.804598123711
0
-0.00152325580654633
-966.086829768237
-0.00304651161309266
-0.00152325580654633
0
0
0
-0.00152325580654633
-0.56801309329353
0
0
-15.5005693759454
0
0
-0.00152325580654633
-0.0150130666687573
-113.598806444157
-0.00152325580654633
-0.00152325580654633
-0.00152325580654633
-0.00152325580654633
0
0
-0.0952034879102257
0
0
0
-1000
1000
0
0
-584.565543171214
1000
-0.00374873920441132
-1000
1000
-1000
1000
0
0
-1000
0
-415.434456828786
0
0
0
0
0
0
0
0
0
0
0
0
0
0
0
0
0
-1000
1000
-44.4757980070411
44.4757980070412
1000
-1000
-1000
1000
1000
0
-1000
-1000
-0.00152325580654633
-0.00152325580654633
0
0
0
0
966.086829768237
393.428029579972
-393.598773784821
951.680202254638
0.0224924352262406
0
0
0
0
0
1000
-1000
0
0
0
0
0
0
0
0
0
0
0
0
0
0
0
0
0
0
0
0
0
0
0
0
0
0
0
0
0
0
0
0
0
0
0
0
0
0
0
0
0
0
0
0
0
0
0
0
0
0
0
0
0
0
0
0
0
0
0
0
0
0
0
0
0
0
0
0
0
0
0
-0.00152325580654633
0
0
0
0
0
0
0
0
0
0
0
0
0
0
0
0
0
0
0
0
0
0
0
0
0
0
0
0
0
0
0
0
0
0
0
0
0
0
0
0
0
0
0
0
0
0
0
0
0
0
0
0
0
0
0
0
0
0
0
0
0
0
0
0
0
0
0
0
0
0
0
0
0
0
0
0
0
0
0
0
0
0
0
0
0
0
0
0
0
0
0
0
0
0
0
0
0
0
0
0
0
0
0
0
0
0
0
0
0
0
0
0
0
0
0
0
0
0
0
0
0
0
0
0
0
0
0
0
0
0
0
0
0
0
0
0
0
0
0
0
0
0
0
0
0
0
0
0
0
0
0
0
0
0
0
0
0
0
0
0
0
0
0
0
0
0
0
0
0
0
0
0
0
0
0
0
0
0
0
0
0
0
0
0
0
0
0
0
0
0
0
0
0
0
0
0
0
0
0
0
0
0
0
0
0
0
0
0
0
0
0
0
0
0
0
0
0
0
0
0
0
0
0
0
0
0
0
0
0
0
0
0
0
0
0
0
0
0
0
0
0
0
0
0
0
0
0
0
0
0
0
0
0
0
0
0
0
-999.829255795151
0
1000
0
0
981.553228571391
0
0
0
0
0
0
0
0
0
0
0
0
0
0
0
0
0
0
999.947593712514
0
0
0
0
0
966.086829768237
0
-520.408431363642
0
-1000
-0.00374873920441132
0
0
0
0
0
0
0
0
-999.985961243327
0
0
0
0
0
0
0
0
0
0
0
0
0
0
0
0
0
0
0
0
0
0
0
0
0
0
0
0
0
0
0
0
0
0
0
0
0
0
0
0
0
0
0
0
0
0
0
0
0
0
0
0
0
0
0
0
0
0
0
0
0
0
0
0
0
0
0
0
0
0
0
0
0
0
0
0
113.598806444157
113.598806444157
0
0
-0.00152325580654633
-0.00152325580654633
-0.00152325580654633
0
-0.00152325580654633
-0.591404066898463
0
-0.00152325580654633
-0.00152325580654633
-0.00152325580654633
-0.00152325580654633
0
-0.00152325580654633
-0.00152325580654633
-0.00152325580654633
-0.00152325580654633
-0.00152325580654633
-0.00152325580654633
-0.00152325580654633
0
-0.00152325580654633
-0.00152325580654633
-0.00152325580654633
-1000
90.5492561444198
0
1000
0
0
0
0
0
0
0
0
0
0
0
