0
0
0
0
0
0
0
1000
-483.486812793807
0
1000
0
0
34.0697596870525
0
0
999.810722167459
-999.810722167459
999.956559185974
0
0.0434408140257297
0
-1000
0.273056545304598
0
1000
-36.5832725256072
0
-458.902516250235
0.00927216547560559
0
0
0
0
0
432.561120722435
0
0
0
26.0683389824958
0
0
0
0
0
465.456820963282
0
465.456820963282
0
465.456820963282
0
465.456820963282
0
465.456820963282
0
465.456820963282
0
0
465.456820963282
0
0
0
0
0
0
0
0
0
458.902516250235
0
0
0
0
-998.667024172855
-998.667024172855
0
0
0
0
458.902516250235
0
-1000
0
1000
0
0
0
0
0
0
0
0
0
0
0
0
0
0
0
0
0
0
0
0
0
0
0
0
0
0
0
0
0
444.52644224619
0
0
0
999.810722167459
0
0
0
0
0
0
0
0
0
0
0
0
0
71.0210255884213
0
0
-1000
0
0
0
0
0
0
-1000
0
0
0
0
-10.8755261962784
0
0
0
0
1000
0
0
0.00663067647383422
0
0
0
141.901824160529
212.858942071369
1000
70.9509120802647
0
0
0
-1000
70.9509120802647
105.020671767317
-855.240994438967
889.31075412602
0
0
1000
0
0
0.00663067647383286
0
0
1000
500.364466440216
0
0
0
0
0
-2.92247450640946
0
0
0
0
0
0
0
250.765062911577
-1000
0
0
0
0
0
0
0
0
997.074422578303
997.074422578303
0
0
0
0
-1000
0
-999.996897084712
0
0
0
0
0
258.197746742974
0
0
0
0
1000
-1000
0
0
-1000
0
998.794342530865
0
0.342700468159819
0
0
0.348906298734945
0.514050702239761
0
463.624004982946
0
0
0
-1000
0
0
0
0
0
0
0
0
0
0
0
0
-1000
0
400.228724802098
0
-1000
998.667024172855
1000
-0.0449803990877626
999.708485761503
-1000
-1000
-0.718305315352382
740.430126789318
0
0
-0.514050702239729
1000
0
-1000
1000
0
0
1000
0
0.133425357364741
0
-0.133425357364786
0
0.00132459506794365
0
0
0
0
1.95597126491758
0
0
0
0
0
0
0
0
0
0
0
0
0
0
1000
0
0
0
1000
0
-0.133425357364786
0
-0.514050702239729
0
0
0.514050702239729
0
0
0
0
0
0
0
-1000
0
0
0
-3.65662297992196
0.514050702239729
0
1000
-0.718305315352382
0
0.00265689126998344
0
0
0
0
0
0
0
0
0
0
0
1000
0
0
0
1.7135023407992
0
7.21339562194122
0
0
0
0
0
0
0
0
405.962332743152
-1000
1000
-1000
-1000
1000
-1000
-1000
-1000
259.225848147454
1000
740.772827257478
1000
-1000
1000
0
0
0
0
0
0
-1000
0
1000
-1000
-1000
0
-1000
0
0
1000
-1000
0
0
0
0
0
0
0.718305315352437
1000
-1000
0.00620583057514068
-1000
1000
-1000
-1000
-1000
-1000
1000
1000
1000
1000
1000
0
-1000
0
1000
-1000
-1000
1000
-1000
-1000
-1000
1000
0
0
0
0
0
1.72281108666175
0
0
-250.765062911577
0
0
0
-31.9459345529039
1000
0
0
0
-21.8626726304335
0
0
0
0
0
0
0
0
0
0
0
0
0
0
0
0
0
0
1000
-968.054065447096
-31.9459345529041
0
0
31.9459345529041
0
0
0
0
0
0
0
0
0
0
0
0
0
0
0
0
0
0
0
0
0
1000
0
0
0
0
0
-1000
1000
0
0
0
0
0
0
0
0
0
0
0
1000
1000
0.0775728821887469
0.0775728821887469
0
976.483082046984
0
0
0
0
0
0
0
0
0
0
0
0
0
0
0
0
0
0
0
0
0
0
0
0
0
0
0
0
0
0
0
0
0
0
0
0
0
0
0
0
0
0
0
0
0
0
0
0
0
0
0.121013696214533
0
0
0
-1000
0
0
0
0
0
0
1000
0
0
0
0
0
0
0
0
0
0
0
0
0
0
0
0
0
0
0
0
0
0
0
0
0
0
0
0
-735.427176444214
0
0
0.121013696214533
0
0
0
0
0
0
0
0
0
554.955816924807
0
0
0
0
0
0
0
0
0
0
0
0
0
0
0
0
0
0
0
0
0
0
0.00265689127000326
0
0
0
0
0
0
0
0
0
0
0
-1000
0
0
0
0
0
0
0
0
0
0
0
0
0
24.5731945984202
0
24.5731945984202
0
0
0
0
0
0
0
0
0
0
0
0
0
0
0
0
0
0
0
0
0
0
1000
0
0.00310291528755212
0
0
0
0
0.561627667046933
0.561627667046933
0
0
0
0
0
0
0
0
0
0
0
0
0
0
0
0
0
0
0
0
0
0
0
0
0
0
0
-1000
0
0
0
-1000
0
0
1000
0
0
0
0
434.150713098831
0
0
434.150713098831
0
0
0
0
0
0
0
0
0
434.150713098831
0
434.150713098831
0
0
0
9.62537478302782
27.4374562320473
17.5380494267268
12.8452510449659
19.0452255493362
6.26848250994338
14.6607131926545
26.8208841818889
24.6971360091212
7.8099126353393
15.1402692316665
31.2053965385706
24.628628003548
7.60438861861984
12.6054730254599
17.4695414211537
22.6418958419266
18.3258914908181
3.35689227308443
22.8474198586461
0
0
0
0
0
0
0
0
0
0
0
0
0
0
0
0
0
0
0
0
0
0
0
0
0
0
0
0
0
0
0
0
0
0
0
0
0
0
0
0
0
0
0
0
0
0
0
0
0
0
0
0
0
0
0
0
0
0
0
0
0
0
0
0
0
0
0
0
0
0
0
0
0
0
0
0
0
0
0
0
0
0
0
0
0
0
0
0
0
0
0
0
0
0
0
-1000
0
0
0
0
1000
1000
-1000
-1000
0
0
0
0
533.158305515412
0
0
-21.8626726304335
-533.270010465764
-533.270010465764
-1000
0
-0.00265689127002133
0
78.7941154745024
921.116346006176
1000
533.164511345987
1000
0
-533.158305515412
1000
0
-1000
-1000
-1000
0
999.99734310873
0
0
0
0.00265689127002133
0
0
0
0
0
0
0
0
0
0
0
0.00265689127002133
500.356495766406
1000
1000
0
500
250.001101583059
2.51195216014796
5
0
0
0
0
0
0
250.001623149555
0
0
0
0
-0.000392938559912182
0
0.000392938559912182
0.000392938559912182
0
-0.000392938559912182
749.744145602215
499.603650864544
0
-0.000785877119710676
0
-0.000392938559912182
0
0
0
0
-1000
0
0.000392938559912182
-0.000392938559912182
-0.000392938559912182
0.000392938559912182
-0.000392938559912182
0.000392938559912182
-0.000392938559912182
-0.000392938559912182
-0.000392938559912182
-0.000392938559912182
-0.000392938559912182
-0.000392938559912182
-0.000392938559912182
-0.000392938559912182
-0.000392938559912182
-0.000392938559912182
-0.000392938559912182
-0.00825170975713263
-0.174562955218107
-0.0112969835960257
-0.0113952182359753
-0.00579584375793729
0.000392938559912182
0.000392938559912182
-0.0299661211803368
0.000392938559912182
0.000392938559912182
0.000392938559912182
0.000392938559912182
-0.190968140092309
0
-0.021120447592466
-0.105106508771769
0
0.000392938559912182
0.000392938559912182
0.00373291631865413
0.000392938559912182
0.000392938559912182
-0.000392938559912182
0
0
0
0
0
0
0
0
0
0
0
0
0
0
0
0
0
0
0
0
0
0
0
0
0
0
0
0
0
0
0
0
0
0
0
0
0.172107089219026
0
0
0
0
0
0
0
0
0
0
0
0
0
0
0
0
0
0
0
0
0
0
0
0
0
0
0
0
0
0
0
0
0
0
0
0
0
0
0
0
0
0
0
0
0
0
0
0
0
0
0
0
0
0
0
0
0
0
0
0
0
0
0
0
0
0
0
0
0
0
0
0
0
0
0
0
0
0
0
0
0
0
0
0
0
0
0
0
0
0
0
0
0
0
0
0
0
0
0
0
0
0
0
0
0
0
0
0
0
0.000392938559912182
0.000392938559912182
0.000392938559912182
0
0
0
0
0
0
0
0
0
0
0
0
0
0
0
0
0
0
0
0
0
0
0
0
0
0
0
0
0
0.0245586599912987
0.00039293855986078
0
0
0.00039293855986078
0
0
0
0
0
0
0
0
0
0
0
0
0
0
0
0
0
0
0
0
0
0
0
0
0
0
0
0
0
0
0
0
0
0
0
0
0
0
0
0
0
0
0
0
0
0
0
0
0
0
0
0
0
0
0
0
0
0
0
0
0
0
0
0
0
0
0
0
0
0
0
0
0
0
0
0
0
0
0
0
0
0
0
0
0
0
0
0
0
0
0
0
0
0
0
0
0
0
0
0
0
0
0
0
0
0
0
0
0
0
0
0
0
0
0
0
0
0
0
0
0
0
0
0
0
0
0
0
0
0
0
0
0
0
0
0
0
0
0
0
0
0
0
0
0
0
0
0
0
0
0
0
0
0
0
0
0
0
0
0
0
0
0
0
0
0
0
0
0
0
0
0
0
0
0
0
0
0
0
0
0
0
0
0
0
0
0
0
0
0
0
0
0
0
0
0
0
1000
0
0
0
0
0
0
0
0
0
0
0
0
0
0
0
0
0
0
0
0
0
0
0
0
0
0
0
0
0
0
0
0
0
0
0
0
0
0
0
0
0
0
0
0
0
0
0
0
0
0
0
0
0
0
0
0
0
0
0
0
0
0
0
0
0
0
0
0
0
0
0
0
0
0
0
0
0
0
0
0
0
0
0
0
0
0
0
0
0
0
0
0
0
0
0
0
0
0
0
0
0
0
0
0
0
0
0
0
0
0
0
0
1000
1000
0
0
0
0
0
0
0
0
0
0
0
0
0
0
0
0
0
0
-1000
0
-1000
0
0
0
0
0
0
0
1000
1000
0
0
0
0
0
0
0
0
0
0
0
0
0
0
0
0
0
0
0
0
0
0
0
0
0
0
0
0
0
0
0
0
0
0
0
0
0
0
0
0
0
0
0
0
0
0
0
0
0
0
0
0
0
0
0
0
0
0
0
0
0
0
0
0
0
0
0
0
0
0
0
0
0
0
0
0
0
0
0
0
0
0
0
-998.563389369295
466.783890456801
0
0
0.000392938559912182
0
1000
0
0
-0.000392938559912182
0
749.962619441498
-0.000392938559912182
499.603650864544
0
0
0
0.172107089219026
-0.000392938559912182
0
-1000
999.99960706144
0
0
0
0
0
0
0
0
0
0
0
0
0
-1000
0.172107089219026
0
0
0
0.00265689127002133
0
0
0
0
0
0
0.00128160631049923
-0.00137528495952211
0
0
0
0
0
250.001623149555
1000
-998.563389369295
-0.00162314955491638
-0.00162314955491638
0
533.234707782089
1000
-0.0159413476200143
0
0
0.000392938559912182
-0.000392938559912182
0
0
0.0130652071153463
-0.0130652071153463
1000
0
0
0
0.000392938559912182
0.000392938559912182
-1000
0
-0.0373805585021501
-999.962619441498
-1000
-0.000392938559912182
-500.396349135456
-499.603650864544
963.532287887067
0
0
0
0
0
-1000
0
0
0
0
0
-1000
1000
-1000
0
0
0
-1000
0
0
0
-1000
0
0
0
0
0
0
0
0
0
0
0
0
0
0
0
0
0
0
0
-1000
1000
-1000
0
-1000
0
-1000
0
-1000
0
0
0
0
0
0
0
0
0
-1000
0
1000
0
-1000
0
-999.99871839369
-0.00128160631049923
-1000
-0.00128160631049923
-1000
0
0
0
0
0
0
0
0
0
0
0
-1000
250
-250
0
0
0
0
0
0
0
0
0
0
0
0
0
0
0
0
0
0
0
0
0
0
0
0
0
0
0
0
0
0
0
0
0.172107089219026
-0.172107089219026
0
0
0
0
0
0
0
0
0
0
0
0
0
0
0
0
0
0
0
0
0
0
0
0
0
0
0
0
0
0
0
0
0
0
0
0
0.172107089219026
-0.172107089219026
0
0
0
0
0
0
-0.00265689127002133
-0.00265689127002133
0
0
0
0
0
0
0
0
0
0
0
0
0
0
0
0
0.00265689127002133
0.00265689127002133
0
0
0
0
0
0
0
0
0
0
0
0
0
0
0
0
0
0
0
0
0
0
0
0
0
0
0
0
0
0
0
0
0
0
0
0
0
0
0
0
0
0
0
0
0.870199917610759
0.00265689127000326
0
0
0
0.870199917610759
0.00265689127000326
0
0
0
0
0
0
0
0
0
0
0
0
0
0
0
0
0
0
0
0
0
0
0
0
0
0
0
0
0
0
0
0
0
0
0
0
0
0
0
0
0
0
0
0
0
0
0
0
0
0
0
0
0
0
0
0
0.0150812952300858
0.0150812952300858
0.0150812952300858
0
0.00201608811471488
0.00201608811471488
0
0
0
0
0
0
0
0
0
0
0
0
0
0
0
0
0
0
0
0
0
0
0
0
0
0
0
0
0
0
0
0
0
0
0
0
0
0
0
0
0
0
0
0
0
0
0
0
0
0
0
0
0
0
0
0
0
0
0
0
0
0
0
0
0
0
0
0
0
0
0
0
0
0
0
0
0
0
0
0
0
0
0
0
0
0
0
0
0
0
0
0
0
0
0
0
0
0
0
0
0
0
0
0
0
0.00039293855986078
0.00039293855986078
0.00039293855986078
0.00039293855986078
0
0
0
0
0
0
0
0
0
0
0
0
0
0
0
0
0
0
0
0
0
0
0
0
0
0
0
0
0
0
0
0
0
0
0
0
0
0
0
0
0
0
0
0
0
0
0
0
0
0
0
0
0
0
0
0
0
0
0
0.00265689127000326
0.00265689127000326
0.00265689127000326
0.00265689127000326
0.00265689127000326
0
0
0
0
0
0
0
0
0
0
0
0
0
0
0
0
0
0
0
0
0
0
0
0
0
0
0
0
0
0
0
0
0
0
0
0
0
0
0
0
0
0
0
0
0
0
0
10.8755261962785
10.8755261962785
-10.8755261962784
3.61897598579614
-1.80815954726302
1.80815954726307
1.80815954726307
1.80815954726307
1.80815954726307
1.80815954726307
1.80815954726307
1.80815954726307
1.80815954726307
1.80815954726307
1.80815954726307
1.80815954726307
0
1.80815954726302
1.80815954726307
1.80815954726307
1.80815954726307
1.80815954726307
1.80815954726307
1.80815954726307
0
0
0
1.80815954726307
0
1.80815954726307
1.8028611669913
0
0
0
0
0
0
0
0
0
0
0
0
0
0
0
0
10.8755261962785
10.8755261962785
3.61897598579614
3.61897598579614
0
0
0
0
0
0
0
0
0
0
0
0
0
0
0
0
0
0
0
0
0
0
0
0
0
0
0
0
0
0
0
0
0
0
0
0
0
0
0
0
0
0
0
0
0
0
0
0
0
0
0
0
0
0
0
0
0
0
0
0
0
0
0
0
0
0
0
0
0
0
0
0
0
0
0
0
0
0
0
0
0
0
0
0
0
0
0
0
0
0
0
0
0
0
0
0
0
0
0
0
0
0
0
0
0
0
0
0
0
0
0
0
0
0
0
0
0
0
0
0
0
0
0
0
0
0
0
0
0
0
0
0
0
0
0
0
0
0
0
0
0
0
0
0
0
0
0
0
0
0
0
0
0
0
0
0
0
0
0
0
0
0
0
0
0
0
0
0
0
0
0
0
0
0
0
0
0
0
0
0
0
0
0
0
0
0
0
0
0
0
0
0
0.870199917610759
0
0
0
1.94078591196328
1.94078591196328
0
-1.9407859119633
1.94078591196328
2.41895703035682
0
0
1.3483710360043
0
430.563130000737
0
2.41895703035682
0
1.94078591196328
1.94078591196328
0
0
0
0
0
0
0
0
0
0
0
0
0
0
0
0
0
0
0
0
0
0
0
0
0
0
0
0
0
0
0
0
0
0
0
0
0
0
0
0
0
0
0
0
0
0
0
0
0
0
0
0
0.00039293855986078
0.00039293855986078
0.0130652071153709
0.00039293855986078
0.00039293855986078
0.00039293855986078
0.00039293855986078
0.218080900722733
0
0.00039293855986078
0.00039293855986078
0.00039293855986078
0.00039293855986078
0.147155490667862
0.00039293855986078
0.0245586599912987
0.151772518746226
0.00039293855986078
0.00039293855986078
0.00039293855986078
0.00039293855986078
0.00039293855986078
0.00039293855986078
0.00039293855986078
0.00039293855986078
0.00039293855986078
0.00039293855986078
0.00039293855986078
0.00039293855986078
0.00039293855986078
0.00039293855986078
0.00039293855986078
0.00039293855986078
0.00039293855986078
0.00039293855986078
0.00039293855986078
0.00825170975707638
0.00245586599912987
0.0112969835959974
0.0113952182359626
0.0057958437579465
0.00039293855986078
0.00039293855986078
0.0273092299103242
0.00039293855986078
0.00039293855986078
0.00039293855986078
0.00039293855986078
0.188119335533348
0.00284880455899065
0.0211204475925169
0.106388115082306
0.00137528495951273
0.00039293855986078
0.00039293855986078
0.00373291631867741
0.00039293855986078
0.00039293855986078
0.00039293855986078
0
0
0
0
0
0
0
0
0
0
0
0
1.94878225622034
0
0
0
0.718305315352437
0.718305315352437
0.718305315352437
0
0
0
0
0
0
0.98234639965195
0
0
0
0.00265689127000326
0
0
0
0
-0.982346399651988
0.98234639965195
0
0
0
0
0
0
0
0
0
0
0
0.179161751118201
0.163251208034645
0.179161751118201
0
0
0
0
0
0
0
0
0
8.18840797487008
8.18840797487008
8.18840797487008
0
0
0
0
0
0
0
0
0
0
0
0
0
0
0
0
0
0
0
0
0
0
0
0
0
0
0
0
0
0
0
0
0
0
0
0
0
0
0
0
0
0
0
0
0
0
0
0
0
0
0
0
0
0
0
0
0
0
0
0
0
0
0
0
0
0
0
0
0
0
0
0
0
0
0
0
0
0
0
0
0
0
0
0
0
0
0
0
0
0
0
0
0
0
0
0
0
0
0
0
0
0
0
0
0
0
0
0
0
0
0
0
0
0
0
0
0
0
0
0
0
0
1000
0
0
1000
1000
0
0
0
0
0
0
0
0
0
0
0
0
0
0
0
0
0
0
0
0
0
0
0
0
0
0
0
0
0
0
0
0
0
0
0
0
0
0
0
0
0
0
0
0
0
0
0
0
0
0
0
0
0
0
0
0
0
0
0
0
0
0
0
0
0
0
0
0
0
0
0
0
0
0
0
0
0
0
0
0
0
0
0
0
0
0
0
0
0
0
0
0
0
0
0
0
0
0
0
0
0
0
0
0
0
0
0
0
0
0
0
0
0
0
0
0
0
0
0
0
0
0
0
0
0
0
0
0
0
0
0
0
0
0
0
0
0
0
0
0
0
0
0
0
0
0
0
0
0
0
0
0
0
0
0
0
0
0
0
0
0
0
0
0
0
0
0
0
0
0
0
0
0
0
0
0
0
0
0
0
0
0
0
0
0
0
0
0
0
0
0
0
0
0
0
0
0
0
0
0
0
0
0
0
0
0
0
0
0
0
0
0
0
0
0
0
0
0
0
0
0
0
0
0
0
0
0
0
0
0
0
0
0
0
0
0
0
0
0
0
0
0
0
0
0
0
0
0
0
0
0
0
0
0
0
0
0
0
0
0
0
0
0
0
0
0
0
0
0
0
0
0
0
0
0
0
0
492.533168784637
0
492.533168784637
0
0
492.533168784637
0
0
0
492.533168784637
0
0
0
0
0
0
0
0
0
0
0
0
0
0
0
0
0
0
0
0
0
0
0
0
0
1000
0
0
0
0
0
0
0
0
0
0
0
0
0
0
0
0
0
0
0
0
0
0
0
0
0
0
0
0
0
0
0
0
0
0
0
0
0
0
0
0
0
-492.533168784637
0
0
0
492.533168784637
0
0
0
0
0
0
0
0
0
0
0
0
0
0
0
0
0
0
0
0
0
0
0
0
0
0
0
0
0
0
0
0.121013696214533
0.121013696214533
0
0
0
0.121013696214504
0
0.121013696214533
-247.718471793666
0
0
0
0.0186174917253127
0
0
0
0
0
0
247.718471793666
0
0
0
0
0
0
0.732288007862358
0
0
0
0
0
0
0.732288007862358
0
0.732288007862358
0.732288007862394
0
0
0
0
0
0
0
0
0
0
0
0
0
0
0
0
0
0
0
0
0
0
0
0
0
0
0
0
0
0
0
0
0
0
0
0
0
540.967197888074
540.967197888074
0
0
0
0
0
0
0
0
0
0
0
0
0
0
0
0
0
0
0
0
0
0
0
0
0
0
0
0
0
0
0
0
0
0
0
0
0
0
0
0
0
0
0
0
0
0
0
0
1000
-702.875493674789
703.389544377028
0
0
0
-1000
-1000
1000
1000
24.5731945984202
0
0
1000
-1000
0
0
0
0
0
0
0
0
0
0
0
0
0
0
0
0
0
0
0
0
0
0
0
0
0
0
0
0
0
0
0
0
0
0
0
0
0
0
0
0
1000
0
0
0
0
0
0
0
0.000392938559912182
0.000392938559912182
0
0
0
0
0
-999.99734310873
-1000
1000
-1000
1000
999.99734310873
-1000
0
0
0
0
0
0
0.00265689127002133
0
0
0
0
0
0
0
0
0
0
0
0
0
0
0
0
188.250559687209
0
0
0
0.0106044616776652
0
0.00265689127000326
0.0159105430835558
1000
0.00132459506794365
0.00132459506794365
0.00265689127002133
0
0.00927986660972153
0.00132459506794365
0.019892029421543
-0.00132459506789928
0.00132459506794365
0.00132459506794365
0.00132459506794365
0.00132459506794365
0.00132459506794365
-0.00132459506789928
-0.00264919013591225
-0.00398148633792061
0.00132459506794365
0.00132459506794365
0.00132459506789928
0.00132459506794365
-0.00398148633792061
-0.00132459506789928
0.00265689127002133
0.00132459506794365
0.00132459506794365
0.00265689127000326
0.00265689127000326
-0.00265689127002133
-0.00265689127002133
0.00265689127002133
0.00265689127002133
0.00132459506794365
0.00132459506794365
0.00132459506794365
0.00132459506794365
0.0291872982994619
-0.00398148633792061
-999.981432565646
0
0
0
0
0
0
-1000
0
0
0
0.00265689127000326
0
0
0
0
0.00132844563500163
0.00265689127002133
0.00265689127002133
0
0.00265689127000326
0
0
0
0
0
-0.00265689127002133
0
0
0.00529838027177462
0.00132459506794365
0.00397378520383096
0.00132459506794365
-0.00132459506789928
0.00132459506794365
0.00132459506794365
0.00132459506794365
0.00132459506794365
0.00132459506794365
0.00132459506794365
0.00264919013588731
0.00132459506794365
0.00132459506794365
0.00132459506794365
0.00132459506794365
0.00132459506794365
0
0.00132459506794365
0.00265689127000326
0.00265689127000326
0.00265689127000326
0.00265689127000326
0.00265689127000326
0.00265689127000326
0.00265689127000326
0
0
0
0
0
0
0.00265689127000326
0.00265689127000326
0.00265689127000326
0.00265689127000326
0.00265689127000326
0.00265689127000326
0.00265689127000326
0
0
0
0
0
0
-0.00265689127002133
0.00265689127000326
0.00265689127000326
0
0
0
0
0
0
0
0
0
0
0
0
0
0
0
0
0
0
0
0
0
0
0
0
0
0
0
0
0
0
0
0
0
0
0
0
0
0
0
0
0
0
0
0
0
0
0
0
0
0
0
0
0
0
0
0
0
0
0
0
0
993.030287695043
500
0
0
0
0
0
0.00265689127000326
0
0
0
0
0
0
0
0
0
0
0
0
0
0
0
0
0
0
0
0
0
554.946809806697
0
0
0
-250.001623149555
0
0
0
0
0
0.00039293855986078
0
0
0
0.00039293855986078
0
0.00039293855986078
0
0
0
0.00039293855986078
0
0
749.744145602215
0
0
0
0
0.00078587711972156
0
0
0
0.00039293855986078
0
0
0
0
0
0
0
0
0
0
0
0
0
0.00039293855986078
0
0.00039293855986078
0
0.00039293855986078
0
0.00039293855986078
0
0.00039293855986078
0
0.00039293855986078
0
0.00039293855986078
0
0.00039293855986078
0
0.00039293855986078
0
0.00039293855986078
0
0.00039293855986078
0
0.00039293855986078
0
0.00039293855986078
0
0.00039293855986078
0
0.00039293855986078
0
0.00039293855986078
0
0.00039293855986078
0
0.00825170975707638
0
0.174562955218151
0
0.0112969835959974
0
0.0113952182359626
0
0.0057958437579465
0
0.00039293855986078
0
0.00039293855986078
0
0.0299661211803275
0
0.00039293855986078
0
0.00039293855986078
0
0.00039293855986078
0
0.00039293855986078
0
0.190968140092339
0
0
0
0.0211204475925169
0
0.105106508771816
0
0
0
0.00039293855986078
0
0.00039293855986078
0
0.00373291631867741
0
0.00039293855986078
0
0.00039293855986078
0
0.00039293855986078
0
0
663.703147235278
0
0
-1.34837103600432
0
0
0
0
0
-1000
-1000
1000
5.74036400591149
0.732288007862358
-724.664399381273
1000
-2.92557742169697
0
539.984851488422
0
-1000
-1000
0
0
1000
0
0
0
0
0
-4.05897258237678
1000
0.179161751118158
0
0
0
0
463.624004982946
-0.00265689127002133
0
0
-2.67427658026998
0
1000
0
0
0
466.814464164762
1000
0
-1000
-463.624004982946
275.335600618727
0
1000
0
1000
-1000
0
0
1000
0
-1000
424.647100182381
0
1000
0
0
-1000
842.247064053955
1000
1000
0
0
0
0
0
-502.101893316788
0
0
0
0
0
0
0
0
0
0
0
1000
0
71.5423141615032
0
0
0
912.309010670854
0
0
0
0
1000
0
0
0
0
0
0
1000
0
0
-1000
-1000
-1000
-1000
1000
950.557191583992
1000
-1000
-1000
-1000
-1000
-1000
1000
-1000
-1000
-1000
1000
-1000
-1000
1000
1000
-1000
-1000
-44.0267869030006
-1000
1000
1000
1000
1000
1000
1000
1000
-1000
-1000
-547.958438894173
-1000
-1000
-1000
-1000
-1000
-1000
1000
-1000
-1000
0
-1000
-1000
-1000
-1000
-1000
-1000
-1000
-1000
1000
-1000
-1000
-1000
-1000
-1000
-1000
-1000
-983.146001885839
-1000
-1000
-1000
-1000
-1000
-1000
-1000
-1000
-1000
-1000
-1000
1000
1000
-1000
-1000
-1000
-1000
-1000
-993.73352171021
-1000
1000
-1000
-1000
-990.204410900174
-1000
1000
-1000
1000
1000
1000
-1000
-1000
1000
1000
1000
1000
958.682517002273
-1000
1000
-1000
1000
-1000
1000
1000
-1000
-1000
1000
1000
1000
1000
1000
-1000
1000
1000
-1000
-1000
-1000
-1000
-1000
-925.750859744169
950.469472291056
31.945934552904
1000
-49.5305277089441
-1000
-1000
0
0
0
0
0
0
0
0
0
0
0
0
0
0
0
0
0
0
0
0
0
0
0
0
0
0
0
0
0
0
0
0
0
0
0
0
0
0
0
0
0
0
0
0
0
0
0
0
0
0
0
0
0
0
0
0
0
0
0
0
0
0
0
0
0
0
0
0
0
0
0
0
0
0
0
0
0
0
0
0
0
0
540.380526132882
0
0
0
0
0
0
0
0
0
0
0
0
0
0
0
0
0
0
0
0
0
0
0
0
0
0
0
0
0
0
0
0
0
0
0
0
0
0
0
0
0
0
0
0
0
0
0
0
0
0
0
0
0
0
0
0
0
0
0
0
0
0
0
0
0
0
0
0
0
0
0
0
0
0
0
0
0
0
0
0
0
0
0
0
0
0
0
0
0
0
0
0
0
0
0
0
0
0
0
0
0
0
0
0
0
0
0
0
0
0
0
0
0
0
0
0
0
0
0
0
0
0
0
987.117513971583
0
0
0
0
0
0
0
0
0
0
0
0
0
0
0
0
0
0
0
15.4567665909968
0
0
0
0
0
0
0
0
0
0
0
0
0
0
0
0
0
0
0
0
0
0
0
0
0
0
0
0
0
0
0
0
0
0
0
0
0
0
0
0
0
727.701232545079
0
0
0
0
0
0
0
0
0
0
0
0
0
0
0
0
0
0
0
0
0
0
0
0
0
0
0
0
0
0
0
0
0
0
0
0
0
0
0
190.16524459685
0
0
0
0
0
0
0
0
0
0
0
0
0
0
0
0
1000
1000
998.191840452737
1000
1000
1000
0
1000
-1000
-1000
-1000
-1000
1000
1000
1000
144.252039578733
-1000
-1000
1000
-1000
1000
-1000
-998.191840452737
-1000
1000
-1.80815954726302
-1000
-1000
1000
1000
-1000
-1000
-1000
-1000
-1000
857.55611996853
1000
-1000
-1000
-1000
-1000
1000
-1000
-1000
-1000
1000
-1000
1000
-554.946809806697
-857.518977398688
-1000
-1000
-1000
-1000
-1000
0
0
0
0
0
0
0
0
0
0
0
0
0
0
0
-1000
-1000
0
0
0
0
0
71.088183754393
1000
0
0
0
0
0
0
0
0
0
0
-0.00265689127002133
0
-0.00265689127002133
0
-0.00265689127002133
-0.00265689127002133
0
0
0
1000
0
0
0
0
0
0
0
0
0
0
0
0
0
0
0
0
0
432.537197149304
0
0
0
0
0
0
0.00265689127000326
0
0
-1000
1000
1000
-1000
-48.6041632536763
0
0
0
0
-0.00265689127002133
0
0
0
0
0
247.718471793666
0
0
0
0
0
0
0
0
0
0
0
0
987.156105393207
0
-465.456820963282
465.456820963282
0.00265689127000326
0
0
0
0
0
1000
0
0
0
0
0
0
-1000
0
0
0
0
0
0
28.8993434349924
0
0
0
0
0
0
0
0
0
0
0
0
0
0
0
0
0
0
0
0
0
0
0
0
0
0
0
0
0
0
0.00265689127000326
0
0
0
0
1000
0
-998.563389369295
0
0
1.43661063070487
0
0
0
-492.533168784637
0
0.00397378520383096
1000
0
-31.9459345529041
0
0
0
0
0
0
0
0
0
0
0
0
0.00265689127002133
1000
-1000
-1000
1000
0
1000
1000
0
-1000
-1000
0
-1000
1000
-1000
71.0210255884212
0
0
0
0
0.105499119776823
1000
0
0
0
0
0
0.00265689127002133
0
0
1000
0
968.050091661892
0
0
1000
0
0
-1000
0
0
-1000
0
-1000
1000
0
0
0
0
0
0
0
0
0
0
0
-466.835488654013
466.729989534236
0
0
0
1000
0
0
999.996026214796
0
0
0
0
0
1000
0
0
0
998.277188913338
0
0
0
0
0
0
0
0
0
0
0.718305315352437
0
0.00265689127000326
-0.00265689127002133
0
0.00265689127000326
0.00265689127000326
0
-78.8809971025538
78.8809971025539
0.00265689127002133
357.84178670639
0
0
0.718305315352382
0
0
-0.007970673810064
-1000
-1000
1000
1.72281108666175
-1.72281108666175
-1000
0
0
0.291514238496916
-1000
1000
-1000
0
0
0
0
0
0
0
0
0
0
0
0
0
0
0
0
0
0
0
0
0
0
0
0
0
999.708485761503
0
0
0
0
0
0.00132459506794365
0
1000
0
0
0
0
0
0
0.00265689127000326
-1000
1000
0
0
0
0
0
0
0
0
0
0
-1000
0
0
0
0
0
0
0
0
0
0
0
0
0
1000
0
0
0
1000
0
0
0
0
0
0
0
0
0
0
0
0
0
0
0
0
0
0
0
0
0
0
0
0
0
0
1.71350234079921
0
0
0
0
0
0
0
0
0
0
0
0
0
0
0
0
0
0
0
0
0
0
0
0
0
0
0
0
0
0
0
0
0
0
0
0
0
0
0
0
0
0
0
0
0
0
0
0
0
0
0
0
0
0
0
0
0
0
0
0
0
0
0
0
0
0
0
0
0
0
0
0
0
0
0
0
0
0
0
0
0
0
0
0
0
0
0
0
0
0
0
0
0
0
0
0
0
0
0
0
0
0
0
0
0
0
0
0
0
0
0
0
0
0
-999.990727834524
0
0.00132459506789928
0
0.0145782468814559
0
0
-0.00927216547563603
0
1000
0.0119290567456574
0
0
0
0
0
0
0
0
0
0
0
0
0
0
0
0
0
0
0.00265689127000326
0.00265689127000326
0.00265689127000326
-1000
-1000
0
533.234707782089
-999.99871839369
0
0
0
0
0
0
-1000
-1000
0
0
0
0
0
0
0
0
0
0
-1000
-0.0215133861523782
999.977700736728
-0.0219063247121767
-1000
-1000
-999.99960706144
-1000
-1000
-1000
0
0
0
0
0
0
0
0
0
-999.996026214796
-1000
0
1000
0.29101302301828
0.00265689127000326
0.00265689127000326
0.00265689127000326
0.00265689127000326
0.00265689127000326
0
0
0
1000
0
0
0
0
0.00284880455899065
0
0
0
0
0
0
-1000
0
0
0
0
0
0
1000
-999.99960706144
0
1000
0
0
-1000
0
0
0
0
0
0
0
0
0
250
0
0
0
0
0
0
0
0
0
0
0
0
0
0
0
0
0
0
0
0
0
0.00128160631049053
0
0
0
0
0
0
0
0
0
0
0
0
0
0
0
232.26450353439
0
0
0
0
0
0
0
0
963.532287887067
0
0
0
0
0
0
0
928.978974411579
1000
-1000
-1000
-1000
-1000
1000
0
0.0159105430835558
0
0
0
0
7.10353060088198
-1000
-1000
0
247.718471793666
0
0
0
999.98405865238
10.895356616627
0
0
0
0
0
0.427292292334157
0.427292292334157
0
-999.989403239456
0
0
0
0
0
0
0.269719387187674
0
-1000
0
0
0
0
0
0
0
1000
0.00265689127000326
0
0
0
0
0
0
0
0
-48.6015063624062
48.6041632536762
0
0
1000
0
0
0
1000
0
0
0
-999.962619441498
0
-1000
-250
0
0
-1000
-1000
0
0
0
0
0
0.00162314955491638
-1000
1000
-1.70104251675605
1.70104251675605
0
0
-750
0
0
0
0
1000
0
0
0
-1000
0
0.0215133861523777
0
0
0.172107089219022
0
0
0
0
0
0
0
0
998.277188913338
0
1000
0
0
0
0
0
0
0
0
0
0
1000
1000
-1000
-1000
999.99734310873
-1000
-466.727332642966
0
0
0
0
0
0
0
0
0
-1000
0
0
1000
0.00132459506794365
0.00132459506794365
0
-1000
0
-492.533168784637
499.603650864544
0
0
0
0
0
0
0
0
0
0
0
0
0
0
0
0
0
0
0
0
0
0
0
0
0
0.00265689127002133
0
0
0
0
0
0
0
0
0
0
0
0
0
0
0
0
0
0
0
0
0
0
0
0
0
0
0
0
0
0
0
0
0
0
0
0
0
0
0
0
0
0
0
0
0
-1000
0
-1000
0
0
0
0
0
0
-1000
0
0
0
0
0
0
0
0
0
0
0
999.986934792885
0
0
0
0
0
0
0
0
0
0
0
0
0
1000
0
0
0
1.43661063070488
0
0
0
0
0
0
0
0
0
0
0
0
0
0
0
0.00162314955489723
0
0
0
0
0
0
0
0
0
0
0
0
0
0
0
0
0
0
0
0
0
0
0
0.00162314955489723
0
0
0
0
0
0
0
0
0
0
0
0
0
0
0
0.00201608811471488
0
0
0
0
0
0
0
0
0
0
0
0
0
0
0
0
0
0
0
0
0
0
0
0
0
0
0
0
0
0
0
0
0
0
0
0
0
0
0
0
0
0
0
0
0
0
0
0
0
0
0
0
0
0
0
0
0
0
0
0
0
0
0
0
0
0
0
0
0
0
0
0
0
0
0
0
0
0
0
0
0
0
0
0
0
0
0
0
0
0
0
0
0
0
0
0
0
0
0
0
0
0
0
0
0
0
0
0
0
0
0
0
0
0
0
0
0
0
0
0
0
0
0
0
0
0
0
0
-1000
767.73549646561
0
0
0
0
0
0
0
0
0
0
0.152165457306087
0
0
0
0
0
0
0
0
0
0
0
0
0
0
0
0
0
-429.049087919735
0
783.496896131749
951.930280312465
-1000
-735.306162747999
0
0
0
-992.896469399118
662.830290426397
0
0
0
0
-0.018598238889922
0.0159413476200196
0
0
0
0
0
0
0
0
0
0
0
0
0
0
0
-24.5731945984203
0
0
0
0
0
0
0
0
0
0
0
0
0
0
0
0
0
0
0
0
0
0
0
0
0
0
0
0
0
0
0
0
0
0
0
0
0
0
0
0
0
0
0
0
0
0
0
0
0
0
0
0
0
0
0
0
0
0
0
0
0
0
0
0
0
0
0
0
0
0
0
0
0
0
0
0
0
0
0
0
0
0
0
0
0
0
0
0
0
0
0
0
0
0
0
0
0
0
0
0
0
0
0
0
0
0
0
0
0
0
0
0
0
0
0
0
0
0
0
0
0
0
0
0
0
0
0
0
0
0
0
0
0
0
0
0
0
0
0
0
0
0
0
0
0
0
0
0
0
0
0
0
0
0
0
0
0
0
0
0
0
0
0
0
0
0
0
0
0
0
0
0
0
0
0
0
0
0
0
0
0
0
0
0
0
0
0
0
0
0
0
0
0
0
0
0
0
0
0
0
0
0
0
0
0
0
0
0
0
0
0
0
0
0
0
0
0
0
0
0
0
0
0
0
0
0
0
0
0
0
0
0
0
0
0
0
0
0
0
0
0
0
0
0
0
0
0
0
0
0
0
0
0
0
0
0
0
0
0
0
0
0
0
0
0
0
0
0
0
0
0
0
0
0
0
0
499.603650864544
0
0
0
0
0
0
0
0
0
0
0
-1000
0
0
0.732288007862358
0
0.00265689127002133
-554.639319565476
0
0
0
0
0
0
0
0
0
0
0
0
0
0
0
0
0
0
0
0
0
0
0
0
0
0
0
0
0
0
0
0
0
0
0
0
0
0
0
0
0
0
0
0
0
0
0
0
0
0
0
0
0
0
0
0
0
0
0
0
0
0
0
0
0
0
0
0
0
0
0
0
0
0
0
0
0
0
0
0
0
0
0
0
0
0
0
0
0
0
0
0
0
0
0
0
0
0
0
0
0
0
0
0
0
0
0
0
0
0
0
0
0
0
0
0
0
0
0
0
0
0
0
0
0
0
0
0
0
0
0
0
0
0
0
0
0
0
0
0
0
0
0
0
0
0
0
0
0
0
0
0
0
0
0
0
975.42680540158
0
-1000
0
0
0
0
0
0
0
0
1000
0.00265689127002133
0.478171118393543
0
-951.395836746324
1000
0
0
0
0
0
0
0
0
0
0
0
0
0
0
0
0
1000
-1000
0
0
1000
0
0
0
0
0
0
0
0
0
0
0
0
0
0
0
0
0
0
0
0
0
0
0
0
0
0
0
0
0
0
0
0
0
0
0
0
0
0
0
0
0
0
0
0
0
0
0
0
0
0
0
0
0
0
0
0
0
0
0
0
0
0
0
0
0
0
0
0
0
0
0
0
0
0
0
0
0
0
0
0
0
0
0
0
0
0
0
0
0
0
0
0
0
0
0
0
0
0
0
0
0
0
0
0
0
0
0
0
0
0
0
0
0
0
0
0
0
0
0
0
0
0
0
0
0
0
0
0
0
0
0
0
0
0
0
0
0
0
0
0
0
0
0
0
0
0
0
0
0
0
0
0
0
0
0
0
0
0
0
0
0
0
0
0
0
0
0
0
0
500
64.176117632929
0
0
-0.718305315352382
0
0
0
342.540027865759
14.1957572204039
31.0291528755212
0.0770113411595148
64.176117632929
0
0
0
0
0
0
0
0
0
0
0
0
0
0
0
0
0
0
0
0
0
0
0
0
0
-1000
0
0
-1000
968.054065447096
0
0
0
0
0
0
-1000
1.37156603461449
500
0
-250
0
0
-0.982346399651988
0
0
0
0.00265689127002133
0
0
0
0
0
0
0
0
0
0
0
0
0
0
0
0
250.001623149555
0
0
0
0
466.814464164762
-0.190968140092309
-0.00825170975713263
0
-7.88438260224018
-15.4567665909968
-31.5218938979009
-24.7186125468871
16.853998114161
-567.713332799357
-19.5298226223883
-3.38792142596014
-23.1204764039508
-1000
-1000
0
0
0
0
-1000
-28.5700203120037
-12.8824860284166
-452.041561105827
-9.79558909982563
-7.57791276129046
-17.5845931560401
950.557191583992
14.2560861463342
-1000
0
-71.5423141615032
-1000
-971.100656565008
0
1000
376.501119374417
0
992.896469399118
-1000
0
0
0
0.179161751118158
0
0.872856808880783
1000
968.054065447096
0
-376.501119374417
0
0
0
0
0
0
0
0
-0.00265689127002133
-0.00265689127002133
0
0
0
0
0
0
0
0
0
0
0
432.537197149304
-432.537197149304
0
0
0
0
855.747960421267
0
587.534212794614
0
0
1000
569.436869999263
247.718471793666
-0.00265689127002133
-0.00265689127002133
-0.732288007862394
0
0
0
-0.00265689127002133
-0.00265689127002133
0
0
0
-188.250559687209
-0.00265689127002133
0
0
0
-0.00265689127002133
0
0
0
0
0
0
0
0
0
0
0
-1000
0
0
0
0
0
1000
0
0
0
0
0
0
0
275.335600618727
0
0
0
-1000
0
1000
0
0
-0.00265689127002133
0
0
0
0
0
0
0
0
0
0
0
0
0
0
1000
-2.67427658026998
0
-1000
-1000
188.250559687209
0
0
0
1000
0
0
0
1.80815954726302
0
0
0
0
0
0
-463.624004982946
0
0
0
0
463.624004982946
1000
-2.92557742169697
0
0
539.984851488422
1000
0
0
0
465.456820963282
0
0
0
0
0
-1000
-1000
0
0
0
0
0
0
-0.037142569841194
0.478171118393561
0
0
0
-951.398493637594
0
0
0
0
0
0
0
0
0
-1000
-1000
-4.05897258237678
0
0
-465.456820963282
0
0
0
0
0
0
0
0
1000
0
0
-0.000392938559912182
-0.105106508771769
-502.101893316788
-0.00579584375793729
-0.0299661211803368
-0.00373291631865413
-0.021120447592466
-0.0112969835960257
0
0
0
749.744145602215
0
-0.000392938559912182
-975.42680540158
-0.000785877119710676
-0.000392938559912182
-0.000392938559912182
0
0
-0.000392938559912182
0
-0.152165457306069
0
-10.8953566166271
0
-0.269719387187706
-0.000392938559912182
-0.174562955218107
0
-0.000392938559912182
-0.000392938559912182
-0.000392938559912182
-0.000392938559912182
-0.0113952182359753
0
0
0
0
0
-1000
1000
0
0
-1000
1000
-0.00265689127002133
0
750
-750
0
0
0
-1000
0
0
0
0
0
0
0
0
0
0
0
0
0
0
0
0
0
0
0
-1000
1000
1000
-1000
-1000
0
-1000
1000
0
-0.000392938559912182
-0.000392938559912182
0
0
0
0
975.42680540158
-735.427176444214
735.306162747999
-0.018598238889922
0.0159413476200143
0
0
0
0
0
-1000
0
-1000
0
0
0
0
0
0
0
0
0
0
0
0
0
0
0
0
0
0
0
0
0
0
0
0
0
0
0
0
0
0
0
0
0
0
0
0
0
0
0
0
0
0
0
0
0
0
0
0
0
0
0
0
0
0
0
0
0
0
0
0
0
0
0
0
0
0
0
0
0
-0.000392938559912182
0
-0.000392938559912182
0
0
0
0
0
0
0
0
0
0
0
0
0
0
0
0
0
0
0
0
0
0
0
0
0
0
0
0
0
0
0
0
0
0
0
0
0
0
0
0
0
0
0
0
0
0
0
0
0
0
0
0
0
0
0
0
0
0
0
0
0
0
0
0
0
0
0
0
0
0
0
0
0
0
0
0
0
0
0
0
0
0
0
0
0
0
0
0
0
0
0
0
0
0
0
0
0
0
0
0
0
0
0
0
0
0
0
0
0
0
0
0
0
0
0
0
0
0
0
0
0
0
0
0
0
0
0
0
0
0
0
0
0
0
0
0
0
0
0
0
0
0
0
0
0
0
0
0
0
0
0
0
0
0
0
0
0
0
0
0
0
0
0
0
0
0
0
0
0
0
0
0
0
0
0
0
0
0
0
0
0
0
0
0
0
0
0
0
0
0
0
0
0
0
0
0
0
0
0
0
0
0
0
0
0
0
0
0
0
0
0
0
0
0
0
0
0
0
0
0
0
0
0
0
0
0
0
0
0
0
0
0
0
0
0
0
0
0
0
0
0
0
0
0
0
0
0
0
0
0
0
0
0
0
0
1000
0
1000
0
0
554.639319565476
0
0
0
0
0
0
0
0
0
0
0
0
0
0
0
0
0
0
0
0
0
0
0
975.42680540158
0
-1000
0
-48.6041632536763
-0.00265689127002133
0
0
0
0
0
0
0
0
568.088498963259
0
0
0
0
0
-1000
0
0
0
0
0
0
0
0
0
0
0
0
0
0
0
0
0
0
0
0
0
0
0
0
0
0
0
0
0
0
0
0
0
0
0
0
0
0
0
0
0
0
0
0
0
0
0
0
0
0
0
0
0
0
0
0
0
0
0
0
0
0
0
0
0
0
0
0
0
0
0
0
-0.000392938559912182
-0.000392938559912182
-0.000392938559912182
0
-0.000392938559912182
0
-0.000392938559912182
-0.000392938559912182
-0.000392938559912182
-0.000392938559912182
-0.000392938559912182
0
-0.000392938559912182
-0.000392938559912182
-0.000392938559912182
-0.000392938559912182
-0.000392938559912182
-0.000392938559912182
-0.000392938559912182
0
-0.000392938559912182
-0.000392938559912182
-0.000392938559912182
0
-1000
64.1761176329289
0
430.563130000737
0
0
0
0
0
0
0
0
0
0
0
