0
0
0
0
0
0
0
234.604146289552
-1000
637.06793146267
362.93206853733
0
0
268.197085584702
1000
0
999.734132677061
-999.734132677061
999.938981270145
0
0.0610187298547982
0
-1000
0.383546301944421
0
1000
-270.75327547298
0
-381.689848028395
0.0251286469704883
0
0
0
0
0
0
344.675679166403
0
0
0
36.6166465755932
0
0
0
0
0
0
0
0
0
0
0
0
0
0
0
0
0
0
0
0
0
0
0
0
0
381.689848028395
0
0
0
0
0
0
0
-1000
-1000
0
0
0
0
0
0
0
-1000
0
0
0
0
0
0
0
0
0
0
0
0
0
0
0
0
0
0
0
0
0
0
0
0
0
0
0
0
0
0
0
0
236.351897051822
3.11645703286071
0
0
0
0
0
0
0
0
0
0
0
0
0
0
0
1000
0
0
-1000
0
0
0
0
0
0
-1000
0
0
0
-15.2762053355272
0
0
0
0
-1000
0
0
0
-618.115042577182
0
0
460.622507833334
1000
1000
539.368775205258
0
0
0
-1000
539.368775205258
807.56586078996
1000
-731.802914415298
0
618.115042577182
1000
0
0
0
0
0
744.80344835134
-1000
0
0
0
0
0
-333.021657942507
0
0
0
0
0
0
0
994.913774713449
-1000
0
328.916631680595
0
1000
0
0
0
0
666.973983576789
666.973983576789
116.107380135991
0
0
328.916631680596
-1000
0
-999.995641519296
0
0
0
0
0
0
0
0
0
0
0
-1000
0
0
-1000
0
669.879940865473
329.398002662172
0
0
0
0
0.722056472354755
0
1000
0
0
0
-5.08622528655133
0
0
0
0
0
0
0
0
0
0
0
0
-1000
0
-991.287621532384
1000
-1000
1000
1000
-1000
578.591784952398
-1000
-1000
-1.00896078892072
-140.445955086446
-2.25734865310153
0
-1000
1000
-1000
-0.72205647235478
1000
0
0
1000
0
0.187414670268309
0
-0.187414670268254
0
0.00186057997370813
0
0
0
0
0
0
0
0
116.862192560032
0
661.717777542785
0
0
0
0
0
0
666.804002829336
0
1000
0.490087942977665
0
0
1000
0
-0.187414670268254
0
-0.72205647235478
0
0
0.72205647235478
2.2573486531015
0
0
0
0
0
0
-1000
0
0
0
-1000
0.72205647235478
0
1000
-1.00896078892072
0
0
0
0
0
0
0
0
0
0
0
0
0
-661.717777542785
0
0
0
2.40685490784918
0
10.1322281513951
0
0
0
0
0
0
0
0
1000
624.784084608867
1000
-1000
-1000
1000
1000
-661.719638122759
-1000
-1000
1000
-1000
1000
1000
0
0
-1000
0
0
0
0
-1000
0
0
-1000
-1000
1000
1000
0
0
1000
-1000
0
0
0
0
0
0
1.00896078892066
-750.324846728198
1000
-1000
0
1000
-1000
-1000
-1000
1000
-1000
1000
1000
1000
-1000
1000
-0.481370981569853
-1000
1000
-1000
-1000
-1000
884.614676336364
0
-139.964584104876
1000
0
0
0
-1000
1000
0
0
0
0
0
0
0
1000
-71.4810712152943
0
0
0
-292.424122941185
261.714925955369
0
0
0
0
0
0
0
0
0
0
0
0
0
0
0
0
0.0037319772728448
0
1000
-910.602936368545
-89.3970636314546
0
0
89.3970636314546
0
0
0
0
0
0
0
0
0
0
0
0
0
0
0
0
0
0
0
0
0
0
0
1000
0
0
0
0
0
-1000
1000
0
0
0
0
0
0
0
0
0
0
0
-1000
-1000
0.108962017597833
0.108962017597833
0
-58.5696066549195
0
0
0
0
0
0
0
0
0
0
0
33.761532519311
0
0
0
0
-422.539087799686
0
0
0
0
0
0
0
0
0
0
0
0
0
0
0
0
0
0
0
0
0
0
0
0
0
0
0
0
0
0
0
0
0
0
0
0.169980747452652
0
0
0
1000
106.294483934337
1000
106.294483934337
1000
0
0
-1000
0
0
0
0
0
0
0
0
0
0
0
0
0
0
0
0
0
0
0
0
0
0
0
0
0
-1000
0
0
0.169980747452652
0
0
0
0
0
0
0
0
0
1000
0
0
0
0
0
0
0
0
0
0
0
0
0
0
0
0
0
0
0
0
0
0
0
0
0
0
0
0
0
0
0
-1000
0
0
0
0
0
0
0
0
0
0
0
0
0
0
0
0
0
0
0
0
0
0
0
0
0
0
0
0
0
0
0
0
0
0
0
0
0
0
0
0
-1000
0
0.00435848070391416
0
0
0
0
0.788885007408462
0.788885007408462
0
0
0
0
0
0
0
0
0
0
0
0
0
0
0
0
0
0
0
0
0
0
0
0
0
0
0
0
1000
0
0
0
1000
0
0
1000
0
0
0
0
346.908485110995
0
0
346.908485110995
0
0
0
0
0
0
0
0
0
0
346.908485110995
0
346.908485110995
0
0
0
13.5201919395178
38.5397642119351
24.6346557759185
18.0429607733778
26.7516965066615
8.80496485740838
20.5930325626819
37.6737020948129
34.6905992469478
10.9701201502137
21.2666364315547
43.8323660387925
34.5943701228231
10.6814327778397
17.7061588389414
24.5384266517938
31.8037255232073
25.7412907033524
4.71522708210941
32.0924128955814
0
0
0
0
0
0
0
0
0
0
0
0
0
0
0
0
0
0
0
0
0
0
0
0
0
0
0
0
0
0
0
0
0
0
0
0
0
0
0
0
0
0
0
0
0
0
0
0
0
0
0
0
0
0
0
0
0
0
0
0
0
0
0
0
0
0
0
0
0
0
0
0
0
0
0
0
0
0
0
0
0
0
0
0
0
0
0
0
0
0
0
0
0
-1000
0
0
0
0
33.7615325193109
-611.567812442955
-611.567812442955
1000
1000
0
0
0
0
0
154.846014059982
0
-292.424122941185
-391.354816417144
-155.002919365323
-1000
0
-577.460912200314
422.539087799686
-315.868023704654
1000
1000
154.854731021389
1000
0
0
845.153985940018
0
-1000
-1000
-1000
0
0
0
422.539087799686
422.539087799687
577.460912200313
0
0
0
0
0
0
0
0
0
0
0
0.00373197727287788
376.2323401346
1000
1000
0
500
233.120781068603
2.51305651179224
5
0
0
0
0
0
0
318.05708215259
0
0
0
0
-0.00151644479410606
0
0
0
0
-0.00151644479410606
455.283651123643
490.041645355269
0
-0.00151644479410606
0.00151644479410606
-0.00151644479410606
-0.565473306965146
0
-0.0947777996296963
0
-1000
-0.587243246505523
0.00151644479410606
-0.00151644479410606
-0.00151644479410606
0.00151644479410606
-0.00151644479410606
0.00151644479410606
-0.00151644479410606
-0.00151644479410606
-0.00151644479410606
-0.00151644479410606
-0.00151644479410606
-0.00151644479410606
-0.00151644479410606
-0.00151644479410606
-0.00151644479410606
-0.00151644479410606
-0.00151644479410606
-0.0318453406755452
-0.0149459379671271
-0.0435977878296399
-0.0439768990281664
-0.0223675607126097
0.00151644479410606
29.3270347309881
-0.0849157161519543
0.00151644479410606
0.00151644479410606
0.00151644479410606
0.00151644479410606
-0.725997945163385
-0.0109942247570416
-0.0815089076814957
-0.410577427995804
-0.0257847538155147
0.00151644479410606
0.00151644479410606
0.0144062255436666
0.00151644479410606
0.00151644479410606
-0.00151644479410606
0
0
0
0
0
0
0
0
0
0
0
0
0
0
0
0
0
0
0
0
0
0
0
0
0
0
0
0
0
0
0
0
0
0
0
0
0.00546815800407785
0
0
0
0
0
0
0
0
0
0
0
0
0
0
0
0
0
0
0
0
0
0
0
0
0
0
0
0
0
0
0
0
0
0
0
0
0
0
0
1000
0
0
0
0
0
0
0
0
0
0
0
0
0
0
0
0
0
0
0
0
0
0
0
0
0
0
0
0
0
0
0
0
0
0
0
0
0
0
0
0
0
0
0
0
0
0
0
0
0
0
0
0
0
0
0
0
0
0
0
0
0
0
0
0
0
0
0
0
0
0
0
0
0
0
0
0
0
0
0
0
0
0
0
0
0
0
0
0
0
0
0
0
0
0
0
0
0
0
0
0
0
0.00151644479407498
0.00151644479407498
0.00151644479407498
0
0.00151644479407498
0
0
0
0
0.00151644479407498
0
0
0
0
0
0
0
0
0
0
0
0
0
0
0
0
0
0
0
0
0
0
0
0
0
0
0
0
0
0
0
0
0
0
0
0
0
0
0
0
0
0
0
0
0
0
0
0
0
0
0
0
0
0
0
0
0
0
0
0
0
0
0
0
0
0
0
0
0
0
0
0
0
0
0
0
0
0
0
0
0
0
0
0
0
0
0
0
0
0
0
0
0
0
0
0
0
0
0
0
0
0
0
0
0
0
0
0
0
0
0
0
0
0
0
0
0
0
0
0
0
0
0
0
0
0
0
0
0
0
0
0
0
0
0
0
0
0
0
0
0
0
0
0
0
0
0
0
0
0
0
0
0
0
0
0
0
0
0
0
0
0
0
0
0
0
0
0
0
0
0
0
0
0
0
0
0
0
0
0
0
0
0
0
0
0
0
0
0
0
0
0
0
0
0
0
0
0
-1000
0
0
0
0
0
0
0
0
0
0
0
0
0
0
0
0
0
0
0
0
0
0
0
0
0
0
0
0
0
0
0
0
0
0
0
0
0
0
0
0
0
0
0
0
0
0
0
0
0
0
0
0
0
0
0
0
0
0
0
0
0
0
0
0
0
0
0
0
0
0
0
0
0
0
0
0
0
0
0
0
0
0
0
0
0
0
0
0
0
0
0
0
0
0
0
0
0
0
0
0
0
0
0
0
0
0
0
0
0
0
0
0
0
0
0
0
0
1000
1000
0
0
0
0
0
0
0
0
0
0
0
0
0
0
0
0
0
0
0
0
0
0
0
0
0
-1000
0
-1000
0
0
0
0
0
0
0
0
0
0
0
1000
1000
0
0
0
0
0
0
0
0
0
0
0
0
0
0
0
0
0
0
0
0
0
0
0
0
0
0
0
0
0
0
0
0
0
0
0
0
0
0
0
0
0
0
0
0
0
0
0
0
0
0
0
0
0
0
0
0
0
0
0
0
0
0
0
0
0
0
0
0
0
0
0
0
0
0
0
0
0
0
0
0
0
0
0
-997.982078422158
392.745818078984
0
0
0.00151644479410606
0
-999.945028876215
0
0
0
0
572.312895590112
0
375.174863641132
0
0
0
0.00546815800407785
0.585726801711417
0
0
999.998483555206
0
0
0
0
0
0
0
0
0
0
0
0
0
-1000
0.00546815800407785
0
0
0
-0.0204771970362572
0
0
0
0
0
0
0
0.0204771970362572
0
0
0
0
0
288.731563866396
1000
-997.982078422158
-288.731563866396
-288.731563866396
0
-1000
1000
-0.0223918636370399
0
0
0.00151644479410606
-0.00151644479410606
0
0
0.054971123785208
-0.054971123785208
1000
0
0
0
0
0
-1000
0
-288.788051434975
-711.211948565025
-1000
0
1000
-375.174863641132
-1000
0
0
0
0
0
746.336275990218
0
-1000
0
0
0
0
0
-1000
0
0
0
-1000
0
0
0
-1000
0
0
0
0
0
0
0
0
0
0
0
0
0
0
0
0
0
0
0
-1000
1000
-1000
0
-1000
0
-1000
0
-1000
0
0
0
0
0
0
0
0
0
-1000
0
1000
0
-1000
0
-1000
0
-1000
0
-1000
0
0
0
0
0
0
0
0
0
-765.395853710448
-234.604146289552
0
0
0
0
0
0
0
0
0
0
0
0
0
0
0
0
0
0
0
0
0
0
0
0
0
0
0
0
0
0
0
0
0
0
0.00546815800407785
-0.00546815800407785
0
0
0
0
0
0
0
0
0
0
0
0
0
0
0
0
0
0
0
0
0
0
0
0
0
0
0
0
0
0
0
0
0
0
0
0
0.00546815800407785
-0.00546815800407785
0
0
0
0
0
0
0.0204771970362572
0.0204771970362572
0
0
0
0
0
0
0
0
0
0
0
0
0
0
0
0
-0.0204771970362572
-0.0204771970362572
0
0
0
0
0
0
0
0
0
0
0
0
0
0
0
0
0
0
0
0
0
0
0
0
0
0
0
0
0
0
0
0
0
0
0
0
0
0
0
0
0
0
0
0
1.22231810989796
0.0037319772728448
0
0
0
0
0
0
0
0
0.153793521392634
0
0
0
0
0
0
0
0
0
0
0
0
0
0
0
0
0
0
0
0
0
0
0
0
0
0
0
0
0
0
0
0
0
0
0
0
0
0
0
0
0
0
0
0
0
0
0
0
0
0
0
0
0
0
0
0
0
0
0
0
0
0
0
0
0
288.788051434975
288.788051434975
288.788051434975
0
0
0
0
0
0
0
0
0
0
0
0
0
0
0
0
0
0
0
0
0
0
0
0
0
0
0
0
0
0
0
0
0
0
0
0
0
0
0
0
0
0
0
0
0
0
0
0
0
0
0
0
0
0
0
0
0
0
0
0
0
0
0
0
0
0
0
0
0
0
0
0
0
0
0
0
0
0
0
0
0
0
0
0
0
0
0
0
0
0
0
0
0
0
0
0
0
0
0
0
0
0
0
0
0
0
0
0
0
0
0
0
0
0
0
0
0
0
0
0
0
0
0
0
0
0
0
0
0
0
0
0
0
0
0
0
0
0
0
0
0
0
0
0
0
0
0
0
0
0
0
0
0
0
0
0
0
0
0
0
0
0
0
0
0
0
0
0
0
0
0
0
0
0
0
0.0037319772728448
0.0037319772728448
0.0037319772728448
0.0037319772728448
0.0037319772728448
0
0
0
0
0
0
0
0
0
0
0
0
0
0
0
0
0
0
0
0
0
0
0
0
0
0
0
0
0
0
0
0
0
0
0
0
0
0
0
0
0
0
0
0
0
0
0
0
15.2762053355272
15.2762053355272
-15.2762053355272
5.08336049820576
-2.53981426046641
2.53981426046646
2.53981426046646
2.53981426046646
2.53981426046646
2.53981426046646
2.53981426046646
2.53981426046646
2.53981426046646
2.53981426046646
2.53981426046646
2.53981426046646
0
2.53981426046641
2.53981426046646
2.53981426046646
2.53981426046646
2.53981426046646
2.53981426046646
2.53981426046646
0
0
0
2.53981426046646
0
2.53981426046646
2.53237194057162
0
0
0
0
0
0
0
0
0
0
0
0
0
0
0
0
15.2762053355272
15.2762053355272
5.08336049820576
5.08336049820576
0
0
0
0
0
0
0
0
0
0
0
0
0
0
0
0
0
0
0
0
0
0
0
0
0
0
0
0
0
0
0
0
0
0
0
0
0
0
0
0
0
0
0
0
0
0
0
0
0
0
0
0
0
0
0
0
0
0
0
0
0
0
0
0
0
0
0
0
0
0
0
0
0
0
0
0
0
0
0
0
0
0
0
0
0
0
0
0
0
0
0
0
0
0
0
0
0
0
0
0
0
0
0
0
0
0
0
0
0
0
0
0
0
0
0
0
0
0
0
0
0
0
0
0
0
0
0
0
0
0
0
0
0
0
0
0
0
0
0
0
0
0
0
0
0
0
0
0
0
0
0
0
0
0
0
0
0
0
0
0
0
0
0
0
0
0
0
0
0
0
0
0
0
0
0
0
0
0
0
0
0
0
0
0
0
0
0
0
0
0
0
0
1.22231810989796
1.23629409435163
1.23629409435163
0
0
0
0
-1.23629409435159
1.23629409435163
0
0
0.013975984453668
0
0
0
0
0
0
0
0
0
0
0
0
0
0
0
0
0
0
0
0
0
0
0
0
0
0
0
0
0
0
0
0
0
0
0
0
0
0
0
0
0
0
0
0
0
0
0
0
0
0
0
0
0
0
0
0
0
0
0
0
0
0
0
0
0
0
0
0
0
0
0
0
0
0
0
0
0
0
0
0
0
0
0
0
0
0
0
0
0
0
0
0
0
0
0
0
0
0
0
0
0
0
0
0
0
0
0
0
0
0
0
0
0
0
0
0
0
0
0
0
0
0
0
1.22231810989796
0.0037319772728448
0
0
0
0
0
0
0
1.60915287877268
0
0
0
1.00896078892066
1.00896078892066
1.00896078892066
0
0
0
0
0
0
1.37984360856344
0
0
0
0.0037319772728448
0
0
0
0
-1.37984360856342
1.37984360856344
0
0
0
0
0.378858794258747
0
0
0
0
0
0.239553277390065
0
0.229309270209242
0
0
0
0
0
0
0
0
0
0
11.2501121958308
11.2501121958308
11.2501121958308
0
0
0
0
-0.153793521392686
0
0
0
0
0
0
0
0
0
0
0
0
0
0
0
0
0
0
0
0
0
0
0
0
0
0
0
0
0
0
0
0
0
0
0
0
0
0
0
0
0
0
0
0
0
0
0
0
0
0
0
0
0
0
0
0
0
0
0
0
0
0
0
0
0
0
0
0
0
0
0
0
0
0
0
0
0
0
0
0
0
0
0
0
0
0
0
0
0
0
0
0
0
0
0
0
0
0
0
0
0
0
0
0
0
0
0
0
0
0
0
0
0
0
0
0
0
1000
0
0
1000
1000
0
0
0
0
0
0
0
0
0
0
0
0
0
0
0
0
0
0
0
0
0
0
0
0
0
0
0
0
0
0
0
0
0
0
0
0
0
0
0
0
0
0
0
0
0
0
0
0
0
0
0
0
0
0
0
0
0
0
0
0
0
0
0
0
0
0
0
0
0
0
0
0
0
0
0
0
0
0
0
0
0
0
0
0
0
0
0
0
0
0
0
0
0
0
0
0
0
0
0
0
0
0
0
0
0
0
0
0
0
0
0
0
0
0
0
0
0
0
0
0
0
0
0
0
0
0
0
0
0
0
0
0
0
0
0
0
0
0
0
0
0
0
0
0
0
0
0
0
0
0
0
0
0
0
0
0
0
0
0
0
0
0
0
0
0
0
0
0
0
0
0
0
0
0
0
0
0
0
0
0
0
0
0
0
0
0
0
0
0
0
0
0
0
0
0
0
0
0
0
0
0
0
0
0
0
0
0
0
0
0
0
0
0
0
0
0
0
0
0
0
0
0
0
0
0
0
0
0
0
0
0
0
0
0
0
0
0
0
0
0
0
0
0
0
0
0
0
0
0
0
0
0
0
0
0
0
0
0
0
0
0
0
0
0
0
0
0
0
0
0
0
0
0
0
0
0
0
0
0
0
0
66.8635722447036
0
66.8635722447036
0
0
0
0
0
0
0
0
0
0
0
0
0
0
0
0
0
0
0
0
0
0
0
0
0
0
0
0
1000
0
0
0
0
0
0
0
0
0
0
0
0
0
0
0
0
0
0
0
0
0
0
0
0
0
0
0
0
0
0
0
0
0
0
0
0
0
0
0
0
0
0
0
0
0
0
0
0
0
0
0
0
0
0
0
0
0
0
0
0
0
0
0
0
0
0
0
0
0
0
0
0
0
0
0
0
0
0
0
0.169980747452652
0.169980747452652
0
0
0
0
0.169980747452655
0
0.169980747452652
0
0
0
0
0
0.0261508842234849
0
0
0
0
0
0
0
0
0
0
0
0
0
1.0286014461239
0
0
0
0
0
0
1.0286014461239
1.0286014461239
1.0286014461239
1.02860144612396
0
0
0
0
0
0
0
0
0
0
0
0
0
0
0
0
0
0
0
0
0
0
0
0
0
0
0
0
0
0
0
0
0
0
0
0
0
0
0
0
0
0
0
0
0
0
0
0
0
0
0
0
0
0
0
0
0
0
0
0
0
0
0
0
0
0
0
0
0
0
0
0
0
0
0
0
0
0
0
0
0
0
0
0
0
0
0
1000
941.434125322353
-1000
0
0
0
-1000
1000
1000
0
0
0
0
940.712068849999
-1000
0
0
0
0
0
0
0
0
0
0
0
0
0
0
0
0
0
0
0
0
0
0
0
0
0
0
0
0
0
0
0
0
0
0
0
0
0
0
0
0
-1000
0
0
0
0
0
0
0
0
0
0
0
0
0
0
0
-999.996268022727
999.996268022727
1000
999.996268022727
1000
-1000
-1000
0
0
0
0
0
0
0.00373197727287788
0
0
0
0
0
0
0
0
0
0
0
0
0
0
0
0
0
0
0
0
0
0.0027908699605622
0.0037319772728448
0.0102440071808233
1000
0.00186057997370813
0.00186057997370813
0.00373197727287788
0
0.000930289986854066
0.00186057997370813
0.0158365644274447
-0.00186057997370881
0.00186057997370813
0.00186057997370813
0.00186057997370813
0.00186057997370813
0.00186057997370813
-0.00186057997370881
-0.00372115994741762
0.00186057997370813
0.00186057997370813
0.00186057997370881
0.00186057997370813
0.0465794032953681
-0.00559255724658669
-0.0484399832690769
0.00373197727287788
0.00186057997370813
0.00186057997370813
0.0037319772728448
0.0037319772728448
-0.00373197727287788
-0.00373197727287788
0.00373197727287788
0.00373197727287788
0.00186057997370813
0.00186057997370813
0.00186057997370813
0.00186057997370813
0
-0.00559255724658669
-999.986024015546
0
0
0
0
0
0
-1000
0
0
0
0.0037319772728448
0
0
0
0
0.0018659886364224
0.00373197727287788
0.00373197727287788
0
0
0.0037319772728448
0.0037319772728448
0
0
0
0
0
0
0.00744231989483253
0.00186057997370813
0.0055817399211244
0.00186057997370813
-0.00186057997370881
0.00186057997370813
0.00186057997370813
0.00186057997370813
0.00186057997370813
0.00186057997370813
0.00186057997370813
0.00372115994741626
0.00186057997370813
0.00186057997370813
0.00186057997370813
0.00186057997370813
0.00186057997370813
0
0.00186057997370813
0.0037319772728448
0
0.0037319772728448
0
0.0037319772728448
0.0037319772728448
0.0037319772728448
0.0037319772728448
0.0037319772728448
0.0037319772728448
0
0.0037319772728448
0
0.0037319772728448
0.0037319772728448
0.0037319772728448
0.0037319772728448
0.0037319772728448
0
0
0
0
0
0
0
0
0
0
0
0
0
0
0
0
-0.00373197727287788
0.0037319772728448
0.0037319772728448
0
0
0
0
0
0
0
0
0
0
0
0
0
0
0
0
0
0
0
0
0
0
0
0
0
0
0
0
0
0
0
0
0
0
0
0
0
0
0
0
0
0
0
0
0
0
0
0
0
0
0
0
0
0
0
0
0
0
0
0
0
0
0
454.646483610333
29.325518286194
33.7615325193109
0
0
0
0
0.0037319772728448
0
0
0
0
0
0
0
0
0
0
0
0
0
0
0
0
0
0
0
0
0
0
0
-1000
0
0
0
-318.05708215259
0
0
0
0
0
0.00151644479407498
0
0
0
0
0
0
0
0
0
0.00151644479407498
0
0
455.283651123643
0
114.866781714137
0
0
0.00151644479407498
0
0.00151644479407498
0
0.00151644479407498
0
0.565473306965107
0
0
0
0.0947777996296866
0
0
0
0
0
0.587243246505538
0
0.00151644479407498
0
0.00151644479407498
0
0.00151644479407498
0
0.00151644479407498
0
0.00151644479407498
0
0.00151644479407498
0
0.00151644479407498
0
0.00151644479407498
0
0.00151644479407498
0
0.00151644479407498
0
0.00151644479407498
0
0.00151644479407498
0
0.00151644479407498
0
0.00151644479407498
0
0.00151644479407498
0
0.00151644479407498
0
0.00151644479407498
0
0.0318453406755747
0
0.0149459379670934
0
0.0435977878296558
0
0.0439768990281746
0
0.022367560712606
0
0.00151644479407498
0
29.3270347309881
0
0.0849157161519934
0
0.00151644479407498
0
0.00151644479407498
0
0.00151644479407498
0
0.00151644479407498
0
0.725997945163399
0
0.0109942247570436
0
0.0815089076815304
0
0.410577427995802
0
0.0257847538154804
0
0.00151644479407498
0
0.00151644479407498
0
0.0144062255437124
0
0.00151644479407498
0
0.00151644479407498
0
0.00151644479407498
0
0
-1000
0
0
0.0139759844536229
0
0
0
0
0
-1000
-1000
0
0
1.0286014461239
-1000
1000
-333.026016423211
0
-1.37984360856342
1000
-703.859705926304
-1000
0
0
1000
0
0
0
0
656.016379973545
1000
0
0
0
0
-666.804002829336
1000
-0.00373197727287788
0
0
0
0
-3.26630944202213
0
-661.717777542785
0
0
0
0
-999.974871353029
1000
666.804002829336
-1000
-671.083368319404
0
0
1000
34.7207660632366
0
-1000
0
0
1000
1000
-1000
1000
0
1000
12.5319179018664
0
-1000
1000
1000
1000
0
0
0
0
0
-33.7615325193109
-1000
0
0
0
0
0
0
0
0
0
1000
0
0
0
0
0
0
0
0
1000
0
0
0
1000
0
0
0
0
0
454.459068940065
0
0
-1000
1000
1000
-1000
1000
-1000
-1000
-1000
1000
-1000
-1000
-94.9861642606173
1000
-1000
-1000
-1000
-1000
-40.1306096688637
1000
-1000
-1000
-1000
-1000
1000
1000
1000
1000
1000
1000
-1000
-1000
1000
-1000
-1000
-1000
-1000
-1000
-1000
-1000
-1000
267.878671525144
1000
-1000
-1000
-1000
-1000
-1000
-1000
-1000
-1000
-1000
-1000
235.523226347329
1000
-1000
-1000
-1000
-1000
-1000
-1000
984.716280698799
-1000
933.74297446605
-1000
-1000
-1000
-1000
-1000
-992.259664122775
-1000
-2.81154324062345
-1000
-1000
-1000
1000
-1000
-1000
1000
-1000
1000
-1000
-1000
0
-1000
1000
-1000
1000
1000
-653.676649486397
1000
1000
1000
-1000
-1000
1000
1000
-10.6442437144603
1000
947.982733052183
-1000
-1000
-1000
1000
-1000
-1000
1000
-1000
1000
1000
1000
1000
1000
1000
-1000
1000
1000
-1000
-1000
-978.288798536646
1000
-1000
-1000
-1000
89.3970636314546
-114.097096617932
-1000
-1000
-874.828179694961
0
0
0
0
0
0
0
0
0
0
0
0
0
0
0
0
0
0
0
0
0
0
0
0
0
0
0
0
0
0
0
0
0
0
0
0
0
0
0
0
0
0
0
0
0
0
0
0
0
0
0
0
0
0
0
0
0
0
0
0
0
0
0
0
0
0
0
0
0
0
0
0
0
0
0
0
0
0
0
0
0
0
0
0
0
0
0
0
0
0
0
0
0
0
0
0
0
0
0
0
0
0
0
0
0
0
0
360.082632388405
0
0
0
0
0
0
0
0
0
0
0
0
0
0
0
0
0
0
0
0
0
0
0
0
0
0
0
0
0
0
0
0
0
0
0
0
0
0
0
0
0
0
0
0
0
0
0
0
0
0
0
0
0
0
0
0
0
0
0
0
0
0
0
0
0
0
0
0
0
0
0
0
0
0
0
0
0
0
0
0
0
0
0
0
0
0
0
0
0
0
0
0
0
0
0
0
0
0
0
0
0
0
0
0
0
0
0
0
0
0
0
0
0
0
0
0
0
0
0
0
0
0
0
0
0
0
0
0
0
0
0
0
0
0
0
0
0
0
0
0
0
0
0
0
0
0
0
0
0
0
0
0
0
0
0
0
0
0
0
0
0
0
0
0
0
0
0
0
0
0
0
0
0
0
0
0
0
0
0
0
0
0
0
0
0
0
0
0
0
0
0
0
0
0
0
0
781.13877294454
0
0
0
0
93.6894067504205
0
0
0
0
0
0
0
0
0
0
0
0
0
0
0
-259.24366739625
-259.24366739625
1000
1000
1000
1000
1000
1000
-1000
-1000
1000
-1000
-740.75633260375
1000
1000
1000
-1000
-1000
-1000
-740.75633260375
1000
1000
1000
-1000
-1000
-1000
-1000
-1000
1000
-1000
-24.6395211066982
-740.75633260375
-1000
-1000
1000
-1000
-1000
-1000
-1000
-1000
-1000
1000
-1000
-1000
-1000
1000
-1000
1000
1000
1000
765.395853710448
-1000
-1000
-1000
-765.395853710448
0
0
0
0
0
0
0
0
0
0
0
0
0
0
0
0
0
0
0
0
-1000
-5.08622528655133
-0.490087942977652
0
0
0
0
0
740.555136968073
0
0
0
0
0
0
0
0
0
0
-0.00373197727287788
0.0037319772728448
0
0
-0.00373197727287788
-0.00373197727287788
0
0
0
1000
0
0
0
0
0
0
0
0
0
0
0
0
0
0
0
0
0
0
344.64207514496
0
0
0
0
0
0.0037319772728448
0
0
-1000
59.2916631272742
1000
-1000
-1000
0
0
0
0
-0.00373197727287788
0.378858794258804
0
0
0
0
0
0
0
0
0
0
0
0
0
0
1000
0
0
0
0
0
0
0
0.0037319772728448
0
0
0
261.783481656717
19.2164949736107
0
0
0
0
0
0
-1000
0
733.628320024026
0
0
0
0
0
0
0
0
0
0
0
0
0
0
0
0
0
0
0
0
0
0
0
0
0
0
0
0
0
0
210.061356710592
0
0
0
0
0.0037319772728448
0
0
0
0
0
1000
0
-997.982078422158
0
0
2.01792157784133
0
0
0
0
0.0055817399211244
1000
0
-89.3970636314546
0
0
0
0
0
0
0
0
0
0
0
0.00373197727287788
-732.306926260295
577.460912200313
0
328.920363657865
-1000
1000
0
0
0
0.148188343933043
1000
0
0
0
0
0
0
0
328.916631680596
1000
0
1000
0
0
1000
0
0
-362.93206853733
0
0
-1000
0
-1000
1000
0
0
0
0
0
0
0
0
0
0
0
-236.500085395755
0
0
0
0
0
892.677630235191
892.677630235191
89.3970636314546
0
0
0
0
0
1000
0
998.070157593014
0
0
0
0
0
0
0
0
0
0
1.00896078892066
0
0.0037319772728448
-0.00373197727287788
0.0037319772728448
0.0037319772728448
0
0
0.00373197727287788
0
0
0
1.00896078892072
0
0
-0.01119593181852
-1000
1000
-1000
-247.745310864816
247.745310864816
1000
0
0
-1000
421.408215047602
-1000
-1000
0
0
0
0
0
0
0
0
0
0
0
0
0
0
0
0
0
0
0
0
0
0
0
0
0
578.591784952398
0
0
0
0
0
0.00186057997370813
0
362.93206853733
0
0
0
0
0
0
0.0037319772728448
0
0
0
0
0
0
0
0
29.325518286194
0
-234.604146289552
0
0
0
0
0
0
0
0
0
0
0
0
0
1000
0
0
0
234.604146289552
0
0
0
0
0
0
0
0
0
0
0
0
0
0
0
0
0
0
0
0
0
0
0
0
0
0
0
2.40685490784915
0
0
0
0
0
0
0
0
0
0
0
0
0
0
0
0
0
0
0
0
0
0
0
0
0
0
0
0
0
0
0
0
0
0
0
0
0
0
0
0
0
0
0
0
0
0
0
0
0
0
0
0
0
0
0
0
0
0
0
0
0
0
0
0
0
0
0
0
0
0
0
0
0
0
0
0
0
0
0
0
0
0
0
0
0
0
0
0
0
0
0
0
0
0
0
0
0
0
0
0
0
0
0
0
0
0
0
0
0
0
0
0
0
0
-999.974871353029
0
0.00186057997370881
0
0.0204771970362572
0
0
-0.0251286469705292
0
1000
0
0
0
0
0.00465144993427202
0
0
0
0
0
0
0
0
0
0
0
0
0
0
0
0
0
0
0.0037319772728448
0.0037319772728448
0.0037319772728448
-1000
-940.708336872726
0
-1000
-1000
0
0
0
0
0
0
-1000
0
0
0
0
0
0
0
0
0
0
0
-1000
0
1000
0
624.825136358868
746.336275990218
-0.585726801711417
0
-1000
-1000
0
0
0
0
0
0
0
0
0
-89.3970636314546
-1000
0
1000
0.408768699068648
0.0037319772728448
0.0037319772728448
0.0037319772728448
0.0037319772728448
0.0037319772728448
0
0
0
1000
114.949807066613
0
0
0
0.00151644479407498
0
0
0
0
0
0
0
0
0
0
-1000
0
0
0
0
0
0
0
1000
-999.998483555206
0
1000
0
0
-1000
0
0
0
0
0
0
0
0
0
0
0
0
0
0
0
0
0
0
0
0
0
0
0
29.325518286194
0
0
0
0
0
0
29.325518286194
0
0
0
0
0
29.325518286194
0
0
0
0
0
29.325518286194
0
0
0
0
940.712068849999
0
0
0
0
0
0
0
0
0
-1000
0
0
0
0
0
0
0
0
1000
-1000
-1000
-1000
-1000
1000
0
0.0102440071808233
0
0
0
0
1000
-1000
-1000
0
0
0
0
0
999.977608136363
15.4312608782198
0
0
0
0
0
0.600192089852015
0.600192089852015
-17.9197243934333
-999.973010773056
0
0
0
0
0
0
0
0
-1000
0
0
0
0
0
0
0
1000
0.0037319772728448
0
0
0
0
0
0
0
0
-1000
1000
0
0
1000
0
0
0
1000
0
0
0
0
0
-711.211948565025
0
-1000
0
0
0
-1000
-1000
0
0
0
0
0
0
1000
288.731563866396
0
0
0
0
-198.107351004647
198.107351004647
-750
0
0
0
0
-763.491197642838
-1000
0
0
-1000
0
0
0
0
0.00546815800412477
0
0
0
0
0
0
0
0
669.153525912419
328.916631680596
998.070157593014
0
0
0
0
0
0
0
0
0
1000
0
0
-1000
1000
-1000
-1000
1000
0
0
0
0
0
0
0
0
-1000
0
0
758.919426393305
0.00186057997370813
0.00186057997370813
0
-1000
44.2769310705917
1000
-66.8635722447036
-66.8635722447036
375.174863641132
0
0
0
0
0
0
0
0
0
0
0
0
0
0
0
0
0
0
0
0
0
0
0
0
0
-0.0204771970362572
0
0
0
0
0
0
0
0
0
0
0
0
0
0
0
0
0
0
0
0
0
0
0
0
0
0
0
0
0
0
0
0
0
0
0
0
0
0
0
0
0
0
0
0
0
0
-1000
0
-1000
0
0
0
0
0
-1000
0
0
0
0
0
0
0
0
0
0
0
-1000
0
0
0
0
0
0
0
0
0
0
0
0
0
1000
0
0
0
2.01792157784166
0
0
0
0
0
0
0
0
0
0
0
0
0
0
0
288.731563866396
0
0
0
0
0
0
0
0
0
0
0
0
0
0
0
0
0
0
0
0
0
0
0
288.731563866396
0
0
0
0
0
0
0
0
0
0
0
0
0
288.73308031119
0
0
0
0
0
0
0
0
0
0
0
0
0
0
0
0
0
0
0
0
0
0
0
0
0
0
0
0
0
0
0
0
0
0
0
0
0
0
0
0
0
0
0
0
0
0
0
0
0
0
0
0
0
0
0
0
0
0
0
0
0
0
0
0
0
0
0
0
0
0
0
0
0
0
0
0
0
0
0
0
0
0
0
0
0
0
0
0
0
0
0
0
0
0
0
0
0
0
0
0
0
0
0
0
0
0
0
0
0
0
0
0
0
0
0
0
0
0
0
0
0
0
0
0
0
0
0
1000
0
0
0
0
-1000
0
0
0
0
0
0
0
0
0
0
0
0
0
0
0
0
0
0
0
0
0
0
0
0
206.038347525727
0
0
39.3687752052581
0
1000
0
-999.830019252547
0
-943.689676734618
0
0
-1000
0
0
0
0
841.858328210568
0.0223918636370399
0
0
0
138.899052974912
0
0
0
0
0
0
0
0
0
0
0
0
0
0
0
0
0
0
0
0
0
0
0
0
0
0
0
0
0
0
0
0
0
0
0
0
0
0
0
0
0
0
0
0
0
0
0
0
0
0
0
0
0
0
0
0
0
0
0
0
0
0
0
0
0
0
0
0
0
0
0
0
0
0
0
0
0
0
0
0
0
0
0
0
0
0
0
0
0
0
0
0
0
0
0
0
0
0
0
0
0
0
0
0
0
0
0
0
0
0
0
0
0
0
0
0
0
0
0
0
0
0
0
0
0
0
0
0
0
0
0
0
0
0
0
0
0
0
0
0
0
0
0
0
0
0
0
0
0
0
0
0
0
0
0
0
0
0
0
0
0
0
0
0
0
0
0
0
0
0
0
0
0
0
0
0
0
0
0
0
0
0
0
0
0
0
0
0
0
0
0
0
0
0
0
0
0
0
0
0
0
0
0
0
0
0
0
0
0
0
0
0
0
0
0
0
0
0
0
0
0
0
0
0
0
0
0
0
0
0
0
0
0
0
0
0
0
0
0
0
0
0
0
0
0
0
0
0
0
0
0
0
0
0
0
0
0
0
0
0
0
0
0
0
0
0
0
0
0
0
0
0
0
0
0
0
0
0
0
0
0
0
0
0
0
375.174863641132
0
0
0
0
0
0
0
0
0
0
0
0
-1000
0
0
0
0
0.00373197727287788
-981.635710574767
-17.9197243934333
0
0
0
0
0
0
0
0
0
0
0
0
0
0
0
0
0
0
0
0
0
0
0
0
0
0
0
0
0
0
0
0
0
0
0
0
0
0
0
0
0
0
0
0
0
0
0
0
0
0
0
0
0
0
0
0
0
0
0
0
0
0
0
0
0
0
0
0
0
0
0
0
0
0
0
0
0
0
0
0
0
0
0
0
0
0
0
0
0
0
0
0
0
0
0
0
0
0
0
0
0
0
0
0
0
0
0
0
0
0
0
0
0
0
0
0
0
0
0
0
0
0
0
0
0
0
0
0
0
0
0
0
0
0
0
0
0
0
0
0
0
0
0
0
0
0
0
0
0
0
0
0
0
0
0
0
1000
0
0
0
1000
0
0
0
0
0
0
0
0
1000
0.00373197727287788
0
0
-940.708336872726
0
0
1000
0
0
0
0
0
0
-0.0521719605418411
0
0
0
0
0
0
0
0
0
0
1000
0
-1000
0
0
1000
0
0
0
0
0.013975984453668
0
0
0
0
0
0
0
0
0
0
0
0
0
0
0
0
0
0
0
0
0
0
0
0
0
0
0
0
0
0
0
0
0
0
0
0
0
0
0
0
0
0
0
0
0
0
0
0
0
0
0
0
0
0
0
0
0
0
0
0
0
0
0
0
0
0
0
0
0
0
0
0
0
0
0
0
0
0
0
0
0
0
0
0
0
0
0
0
0
0
0
0
0
0
0
0
0
0
0
0
0
0
0
0
0
0
0
0
0
0
0
0
0
0
0
0
0
0
0
0
0
0
0
0
0
0
0
0
0
0
0
0
0
0
0
0
0
0
0
0
0
0
0
0
0
0
0
0
0
0
0
0
0
0
0
0
0
0
0
0
0
0
1000
500
90.1443785711305
-3.79111198518751
0
0
-1.00896078892072
0
0
481.145620623409
19.9399365399341
43.5848070391416
0.108173254285357
90.1443785711305
0
0
0
0
0
0
0
0
0
0
0
0
0
0
0
0
0
0
0
0
0
0
0
0
0
0
559.406430488052
-1000
0
-1000
928.518928784706
-813.740730888763
0
17.9197243934332
0
0
0
175.953109717164
29.325518286194
-29.325518286194
0
0
0
0
-0.017686327075694
0
0
0.0121045871545314
0
0.0037319772728448
0
0
0
0
0
0
0
0
0
0
0
0
0
0
0
0
318.05708215259
0
0
0
0
-999.960895368576
-0.725997945163385
-0.0318453406755452
0
-11.0747236871076
-21.711201463354
-1000
-34.7207660632366
-10.8426965638845
-1000
-27.432381216471
-4.75881188914855
-32.4759591975259
492.933692602618
-1000
0
0
0
0
-1000
-40.1306096688637
-18.0952625418248
-372.038696086451
-13.759281874802
-10.6442437144603
-24.7000329864773
-94.9861642606173
64.5491848496829
23.921636684598
0
0
-1000
-1000
0
1000
0
0
454.459068940065
-1000
0
0
0
0
0.378858794258804
0
1000
910.602936368545
0
0
0
0
0
0
0
0
0
0
0
0
0
-0.00373197727287788
-0.00373197727287788
0
0
0
0
0
0
0
0
0
0
0
344.64207514496
-344.64207514496
0
0
0
0
1000
0
234.604146289552
0
0
0
1000
0
-0.00373197727287788
-0.00373197727287788
-1.02860144612396
59.2879311500014
0
0
-0.00373197727287788
0
-0.00373197727287788
0
0
0
-0.00373197727287788
0
0
0
-0.00373197727287788
0
0
0
0
0
0
0
0
0
0
0
1000
0
0
0
0
0
0
0
0
0
0
0
0
0
0
0
0
0
0
-975.360478893302
0
1000
0
0
-0.00373197727287788
0
0
0
0
0
0
0
0
0
0
0
0
0
0
19.2164949736107
-3.26630944202213
-0.490087942977652
-5.08622528655133
-1000
0
0
0
0
0
-661.717777542785
0
0
2.53981426046641
0
0
0
0
0
0
-671.083368319404
0
0
0
0
1000
1000
-333.026016423211
0
0
-1.37984360856342
1000
0
0
0
0
0
-33.7615325193109
0
0
0
-1000
-1000
0
0
0
0
0
0
0
0
0
0
0
0
0
-666.804002829336
666.804002829336
0
0
0
0
0
0
1000
-1000
-1000
656.016379973545
0
0
0
0
0
0
0
0
0
0
0
1000
0
0
-0.0257847538155147
-0.00151644479410606
-0.410577427995804
-1000
-0.0223675607126097
-0.0849157161519543
-0.0144062255436666
-0.0815089076814957
-0.0435977878296399
0
0
0
455.283651123643
114.866781714137
-0.00151644479410606
-1000
-0.00151644479410606
-0.00151644479410606
-0.00151644479410606
-0.0109942247570416
0
-0.00151644479410606
-0.565473306965146
0
0
-15.4312608782199
0
0
-0.00151644479410606
-0.0149459379671271
0
-29.3270347309881
-0.00151644479410606
-0.00151644479410606
-0.00151644479410606
-0.0439768990281664
0
-0.0947777996296963
0
0
0
-1000
1000
0
0
-1000
1000
-0.00373197727287788
0
750
-750
0
0
0
-1000
0
0
0
0
0
0
0
0
0
0
0
0
0
0
0
0
0
0
-758.919426393305
758.919426393305
1000
-1000
-44.2769310705918
44.2769310705917
-1000
1000
1000
0.0139759844536229
-1000
-1000
-0.00151644479410606
-0.00151644479410606
0
0
0
0
1000
-1000
999.830019252547
841.858328210568
0.0223918636370399
0
0
0
138.899052974912
0
1000
-1000
0
0
0
0
0
0
0
0
0
0
0
0
0
0
0
0
0
0
0
0
0
0
0
0
0
0
0
0
0
0
0
0
0
0
0
0
0
0
0
0
0
0
0
0
0
0
0
0
0
0
0
0
0
0
0
0
0
0
0
0
0
0
0
0
0
0
0
0
0
0
0
-0.00151644479410606
0
0
0
0
0
0
0
0
0
0
0
0
0
0
0
0
0
0
0
0
0
0
0
0
0
0
0
0
0
0
0
0
0
0
0
0
0
0
0
0
0
0
0
0
0
0
0
0
0
0
0
0
0
0
0
0
0
0
0
0
0
0
0
0
0
0
0
0
0
0
0
0
0
0
0
0
0
0
0
0
0
0
0
0
0
0
0
0
0
0
0
0
0
0
0
0
0
0
0
0
0
0
0
0
0
0
0
0
0
0
0
0
0
0
0
0
0
0
0
0
0
0
0
0
0
0
0
0
0
0
0
0
0
0
0
0
0
0
0
0
0
0
0
0
0
0
0
0
0
0
0
0
0
0
0
0
0
0
0
0
0
0
0
0
0
0
0
0
0
0
0
0
0
0
0
0
0
0
0
0
0
0
0
0
0
0
0
0
0
0
0
0
0
0
0
0
0
0
0
0
0
0
0
0
0
0
0
0
0
0
0
0
0
0
0
0
0
0
0
0
0
0
0
0
0
0
0
0
0
0
0
0
0
0
0
0
0
0
0
0
0
0
0
0
0
0
0
0
0
0
0
0
0
0
0
0
0
-1000
0
1000
0
0
0
0
981.635710574767
0
0
0
0
0
0
0
0
0
0
0
0
0
0
0
0
0
0
0
-0.0521719605418411
0
0
0
0
0
0
1000
0
0
-1000
0
-59.2916631272743
-0.00373197727287788
0
0
0
0
0
0
0
0
1000
0
0
0
0
0
-1000
0
0
0
0
0
0
0
0
0
0
0
0
0
0
0
0
0
0
0
0
0
0
0
0
0
0
0
0
0
0
0
0
0
0
0
0
0
0
0
0
0
0
0
0
0
0
0
0
0
0
0
0
0
0
0
0
0
0
0
0
0
0
0
0
0
0
0
-0.00151644479410606
-0.00151644479410606
-0.00151644479410606
-0.00151644479410606
0
-0.00151644479410606
-0.587243246505523
0
-0.00151644479410606
-0.00151644479410606
-0.00151644479410606
-0.00151644479410606
0
-0.00151644479410606
-0.00151644479410606
-0.00151644479410606
-0.00151644479410606
-0.00151644479410606
-0.00151644479410606
-0.00151644479410606
0
-0.00151644479410606
-0.00151644479410606
-0.00151644479410606
0
-1000
0
0
90.1443785711303
0
0
0
0
0
0
0
0
0
0
0
0
0
