0
0
0
0
0
0
0
1000
-1000
0
1000
0
0
199.293868705445
0
0
999.743293206102
-999.743293206102
999.941083686646
0
0.0589163133535491
0
-1000
0.370331112507984
0
1000
-201.761984393978
0
-35.7577876164282
0.0242628327824425
0
0
0
0
0
0.032446185983064
0
0
0
35.3550103179372
0
0
0
0
0
0
0
0
0
0
0
0
0
0
0
0
0
0
0
0
0
0
0
0
0
35.7577876164282
0
0
0
0
0
0
0
-1000
-1000
0
0
0
0
0
0
-1000
0
0
0
0
0
0
0
0
0
0
0
0
0
0
0
0
0
0
0
0
0
0
0.00360339100729345
0
0
0
0
1000
0
0
0
0
0
0
0
0
0
0
0
0
0
0
0
1000
0
0
0
0
0
479.520006012316
0
0
1000
0
0
0
0
0
0
1000
0
0
0
-14.7498596339647
0
0
0
0
1000
0
0
0
1000
0
0
598.531732707102
1000
1000
401.459850676705
0
204.387968646307
0
-1000
401.459850676705
600.75371938215
1000
-800.706131294555
0
204.387968646307
1000
0
0
0
0
0
540.342835816935
670.072758869794
29.4885367373932
0
0
0
0
-3.96358649461308
0
0
0
0
0
0
0
228.81982653822
-1000
0
0
0
0
0
0
0
0
0
0
999.046115380778
0
0
0
-3.9677948027097
0
1000
0
0
0
0
0
0
0
0
0
0
0
-1000
0
0
-3.9677948027097
998.8416403488
0
0
0.464785216882774
0
0.693574434316929
0
0
0
1000
0
0
1000
3.96419141170236
0
-1000
0
0
0
0
0
0
0
0
0
0
-1000
0
-1000
-1000
1000
1000
1000
994.169663738294
5.36555104482318
-838.759778583218
-1000
-0.974196777660723
-1000
0.693574434316929
0
1000
1000
-1000
-1000
1000
0
0
1000
0
0.180957248157329
0
-0.18095724815737
0
0.00179647319783905
0
0
0
0
0
0
0
0
0
0
0
0
0
0
0
0
0
-999.996396608993
0
1000
0.473201833076132
0
0
970.511463262607
0
-0.18095724815737
0
-0.693574434316929
0
0
0.693574434316929
0
0
0
0
0
0
0
0.697177825324161
0
0
0
-1000
0.693574434316929
0
-1000
-0.974196777660723
0
0
0
2.17957110727827
0
0
0
0.00360339100729344
0
0
0
0
0
1000
0
0
0
2.32392608441389
0
9.78311954637158
0
0
0
0
0
0
0
0
0.164124015770653
-1000
-999.995791691903
-2.80701026084682
0
1000
1000
-1000
-1000
-997.194786212351
1000
-1000
1000
1000
-1000
0
-1000
0
0
0
0
-1000
0
0
-1000
-1000
1000
1000
0
994.712286552856
1000
-1000
0
0
0
0
0
0
0.974196777660713
-1000
1000
1000
1000
-4.82292823026148
-1000
-1000
0
-1000
-1000
1000
1000
0
1000
0
-995.641856986621
0
1000
-1000
-4.48606861644339
-1000
1000
-1000
1000
1000
0
0
0
-1000
1000
0
0
0
29.4885367373931
0
0
0
-176.978743087707
1000
0
0
0
-29.651103468682
0
0
0
0
0
0
0
9.94730802121137
0
0
0
9.94730802121137
0
0
0
0
0
825.287904759294
41.0843963683787
-866.372301127673
0
866.372301127673
0
0
0
0
0
0
0
0
0
0
0
0
0
0
0
0
0
0
0
0
0
0
1000
0
0
0
0
0
-1000
1000
0
0
0
0
0
0
0
0
0
0
0
1000
1000
0.105207702417033
0.105207702417033
0
-61.1611193182098
0
0
0
0
0
0
0
0
0
0
0
32.5982699727952
0
0
0
0
0
0
0
0
0
0
0
0
0
0
0
0
0
0
0
0
0
0
0
0
0
0
0
0
0
0
0
0
0
0
0
0
0.164124015770607
0
0
0
1000
0
0
0
0
0
0
-1000
0
0
0
0
0
0
0
0
0
0
0
0
0
0
0
0
0
0
0
0
0
0
0
0
0
0
0
0
613.987871567583
0
0
0.164124015770607
0
0
0
0
0
0
0
0
0
1000
0
0
0
0
0
0
0
0
0
0
0
0
0
0
0
0
0
0
0
0
0
0
0.00360339100729345
0
0
0
0
0
0
0
0
0
0
0
0
0
0
0
0
0
0
0
0
0
0
0
0
0
0
0
0
0
0
0
0
0
0
0
0
0
0
0
0
0
0
0
0
0
0
0
148.73553153025
0
-1000
0
148.739739838346
500
0
0
0
0.761703765499451
0.761703765499451
0
0
0
0
0
0
0
0
0
0
0
0
0
0
0
0
0
0
0
0
0
0
0
0
0
0
0
-1000
0
0
0
-1000
0
0
-1000
0
0
0
0
2.18832021027468
0
0
2.18832021027468
0
0
0
0
0
0
0
0
0
0
2.18832021027468
0
2.18832021027468
0
0
0
13.0543501446896
37.2118664266774
23.7858621853419
17.4212857802797
25.8299597168947
8.50158746077649
19.8834941705592
36.375644709224
33.4953254602177
10.59214175441
20.5338888396897
42.3221102555595
33.4024119360563
10.3134011819256
17.0960884457145
23.6929486611804
30.707919735373
24.854367713199
4.55276268391309
30.9866603078575
0
0
0
0
0
0
0
0
0
0
0
0
0
0
0
0
0
0
0
0
0
0
0
0
0
0
0
0
0
0
0
0
0
0
0
0
0
0
0
0
0
0
0
0
0
0
0
0
0
0
0
0
0
0
0
0
0
0
0
0
0
0
0
0
0
0
0
0
0
0
97.8594255932278
0
0
0
0
0
0
0
0
0
0
0
0
0
0
0
0
0
0
0
0
0
0
0
-1000
0
0
0
0
0
32.5982699727951
1000
1000
0
0
630.585387850408
0
0
0
0
0
0
-29.651103468682
-630.736886941888
-630.736886941888
-1000
0
-339.153304006891
0
-339.271136633598
1000
1000
630.593804466601
1000
0
0
1000
0
-1000
-1000
-1000
0
660.846695993109
0
0
0
339.153304006891
0
0
0
0
0
0
0
0
0
0
0
0.00360339100734564
330.908644689881
1000
1000
0
500
161.847199909351
0
5
0
0
0
0
0
0
419.577724300193
0
0
0
0
-0.00145879751164557
0
0
0
0
-0.00145879751164557
0
329.887603829126
0
-0.00145879751164557
0.00145879751164557
-0.00145879751164557
0
0
0
0
-1000
0
0
-0.00145879751164557
-0.00145879751164557
0.00145879751164557
-0.00145879751164557
0.00145879751164557
-0.00145879751164557
-0.00145879751164557
-0.00145879751164557
-0.00145879751164557
-0.00145879751164557
-0.00145879751164557
-0.00145879751164557
-0.00145879751164557
-0.00145879751164557
-0.00145879751164557
-0.00145879751164557
-0.0412110297055506
-0.01439723561964
-0.0419404284614302
-0.0423051278393132
-0.0215172632975964
0.00145879751164557
0.00145879751164557
-0.0816147772752629
0.00145879751164557
0.00145879751164557
0.00145879751164557
0.00145879751164557
-0.69839930872638
0
-0.0784103662539337
-0.394969426292846
-0.0248774410788428
0.00145879751164557
0.00145879751164557
0.0138585763611445
0.00145879751164557
0.00145879751164557
-0.00145879751164557
0
0
0
0
0
0
0
0
0
0
0
0
0
0
0
0
0
0
0
0
0
0
0
0
0
0
0
0
0
0
0
0
0
0
0
0.0105762819598567
0.00527975117154256
0
0
0
0
0
0
0
0
0
0
0
0
0
0
0
0
0
0
0
0
0
0
0
0
0
0
0
0
0
0
0
0
0
0
0
0
0
0
0
1000
0
0
0
0
0
0
1.20151049038237
0
0
0
0
0
0
0
0
0
0
0
0
0
0
0
0
0
0
0
0
0
0
0
0
0
0
0
0
0
0
0
0
0
0
0
0
0
0
0
0
0
0
0
0
0
0
0
0
0
0
0
0
0
0
0
0
0
0
0
0
0
0
1.20151049038237
1.20151049038237
1.20151049038237
1.19859289535897
0
0
0
0
0
0
0
0
0
0
0
0
0
0
0
0
0
0
0
0
0
0
0
0
0
0
0
0
0.00145879751170012
0.00145879751170012
169.580641895217
0
577.09672040373
0
0.0911748444812575
0.564919336405871
0
0.00145879751170012
0
0
0
0
0
0
0
0
0
0
0
0
0
0
0
0
0
0
0
0
0
0
0
0
0
0
0
0
0
0
0
0
0
0
0
0
0
0
0
0
0
0
0
0
0
0
0
0
0
0
0
0
0
0
0
0
0
0
0
0
0
0
0
0
0
0
0
0
0
0
0
0
0
0
0
0
0
0
0
0
0
0
0
0
0
0
0
0
0
0
0
0
0
0
0
0
0
0
0
0
0
0
0
0
0
0
0
0
0
0
0
0
0
0
0
0
0
0
0
0
0
0
0
0
0
0
0
0
0
0
0
0
0
0
0
0
0
0
0
0
0
0
0
0
0
0
0
0
0
0
0
0
0
0
0
0
0
0
0
0
0
0
0
0
0
0
0
0
0
0
0
0
0
0
0
0
0
0
0
0
0
0
0
0
0
0
0
0
0
0
0
0
0
-1000
0
0
0
0
0
0
0
0
0
0
0
0
0
0
0
0
0
0
0
0
0
0
0
0
0
0
0
0
0
0
0
0
0
0
0
0
0
0
0
0
0
0
0
0
0
0
0
0
0
0
0
0
0
0
0
0
0
0
0
0
0
0
0
0
0
0
0
0
0
0
0
0
0
0
0
0
0
0
0
0
0
0
0
0
0
0
0
0
0
0
0
0
0
0
0
0
0
0
1000
1000
0
0
0
0
0
0
0
0
0
0
0
0
0
0
0
0
0
0
0
0
0
0
-1000
0
-1000
0
0
0
0
0
0
0
0
0
0
0
1000
1000
0
0
0
0
0
0
0
0
0
0
0
0
0
0
0
0
0
0
0
0
0
0
0
0
0
0
0
0
0
0
0
0
0
0
0
0
0
0
0
0
0
0
0
0
0
0
0
0
0
0
0
0
0
0
0
0
0
0
0
0
0
0
0
0
0
0
0
0
0
0
0
0
0
0
0
0
0
0
0
0
0
0
0
0
47.6478262187443
-250
0
0.00145879751164557
0
-830.367935492496
0
0
169.579183097705
0
830.367935492496
577.095261606218
329.887603829126
0
0
0
0.00527975117154256
-0.00145879751164557
0
-1000
999.998541202488
0
0
0
0
0
0
0
0
0
0
0
0
0
-1000
0.00527975117154256
0
0
0
-0.0197716497877991
0
0
0
0
0.0105762819598567
0
0
0.0197716497877991
0
0
0
0
0
419.577724300193
1000
0
-169.577724300193
-169.577724300193
0
-47.6478262187443
-999.978379653956
-0.0216203460437328
0
0
0.00145879751164557
-0.00145879751164557
0
0
169.632064507504
-169.632064507504
-1000
0
0
0
-169.579183097705
-169.579183097705
-1000
0
-169.632064507504
-830.367935492496
-1000
0
-670.112396170874
-329.887603829126
-1000
0
0
0
0
0
-1000
0
1000
0
0
0
-1000
1000
-1000
0
0
0
-1000
0
0
0
1000
0
0
0
0
0
0
0
0
0
0
0
0
0
0
0
0
0
0
0
-999.98942371804
999.98942371804
-1000
0
-1000
0
-1000
0
-1000
0
0
0
0
0
0
0
0
0
377.52485376591
0
-1000
0
-1000
0
1000
0
-1000
0
-1000
0
0
0
0
0
0
0
0
0
0
0
-1000
250
-250
-250
250
0
0
0
0
0
0
0
0
0
0
0
0
0
0
0
0
0
0
0
0
0
0
0
0
0
0
0
0
0
0
0.00527975117154256
-0.00527975117154256
0
0
0
0
0
0
0
0
0
0
0
0
0
0
0
0
0
0
0
0
0
0
0
0
0
0
0
0
0
0
0
0
0
0
-0.0105762819598567
0.0105762819598567
0.00527975117154256
-0.00527975117154256
0
0
0
0
0
0
0.0197716497877991
0.0197716497877991
0
0
0
0
0
0
0
0
0
0
0.0105762819598567
-0.0105762819598567
0
0
0
0
-0.0197716497877991
-0.0197716497877991
0
0
0
0
0
0
0
0
0
0
0
0
0
0
0
0
0
0
0
0
0
0
0
0
0
0
0
0
0
0
0
0
0
0
0
0
0
0
0
0
0
0
0
0
0
1.18020281562454
0.00360339100729345
0
0
0
0
0
0
0
0
0.148494524872541
0
0
0
0
0
0
0
0
0
0
0
0
0
0
0
0
0
0
0
0
0
0
0
0
0
0
0
0
0
0
0
0
0
0
0
0
0
0
0
0
0
0
0
0
0
0
0
0
0
0
0
0
0
0
0
0
0
0
0
0
0
0
0
0
0
169.632064507504
169.632064507504
169.632064507504
0
0
0
0
169.577724300193
169.577724300193
0
0
0
0
0
0
0
0
0
0
0
0
0
0
0
0
0
0
0
0
0
0
0
0
0
0
0
0
0
0
0
0
0
0
0
0
0
0
0
0
0
0
0
0
0
0
0
0
0
0
0
0
0
0
0
0
0
0
0
0
0
0
0
0
0
0
0
0
0
0
0
0
0
0
0
0
0
0
0
0
0
0
0
0
0
0
0
0
0
0
0
0
0
0
0
0
0
0
0
0
0
0
0
0
0
0
0
0
0
0
169.579183097705
169.579183097705
169.579183097705
169.579183097705
-169.579183097705
0
0
0
0
0
0
0
0
0
0
0
0
0
0
0
0
0
0
0
0
0
0
0
0
0
0
0
0
0
0
0
0
0
0
0
0
0
0
0
0
0
0
0
0
0
0
0
0
0
0
0
0
0
0
0.00360339100729345
0.00360339100729345
0.00360339100729345
0.00360339100729345
0.00360339100729345
0
0
0
0
0
0
0
0
0
0
0
0
0
0
0
0
0
0
0
0
0
0
0
0
0
0
0
0
0
0
0
0
0
0
0
0
0
0
0
0
0
0
0
0
0
0
0
0
0
0
0
14.7498596339646
14.7498596339646
-14.7498596339647
4.90821196563785
-2.45230428731531
2.45230428731528
2.45230428731528
2.45230428731528
0
0
0
0
0
0
0
0
0
0
0
0
0
0
0
0
0
0
0
0
2.45230428731528
0
2.44511839452392
2.45230428731528
2.45230428731528
2.45230428731528
2.45230428731528
2.45230428731528
2.45230428731528
2.45230428731528
2.45230428731528
2.45230428731528
2.45230428731528
2.45230428731528
2.45230428731528
2.45230428731528
2.45230428731528
2.45230428731528
2.45230428731528
14.7498596339646
14.7498596339646
4.90821196563785
4.90821196563785
0
0
0
0
0
0
0
0
0
0
0
0
0
0
0
0
0
0
0
0
0
0
0
0
0
0
0
0
0
0
0
0
0
0
0
0
0
0
0
0
0
0
0
0
0
0
0
0
0
0
0
0
0
0
0
0
0
0
0
0
0
0
0
0
0
0
0
0
0
0
0
0
0
0
0
0
0
0
0
0
0
0
0
0
0
0
0
0
0
0
0
0
0
0
0
0
0
0
0
0
0
0
0
0
0
0
0
0
0
0
0
0
0
0
0
0
0
0
0
0
0
0
0
0
0
0
0
0
0
0
0
0
0
0
0
0
0
0
0
0
0
0
0
0
0
0
0
0
0
0
0
0
0
0
0
0
0
0
0
0
0
0
0
0
0
0
0
0
0
0
0
0
0
0
0
0
0
0
0
0
0
0
0
0
0
0
0
0
0
0
0
0
1.18020281562454
1.18020281562454
1.18020281562454
0
0.0134944382070237
0.0134944382070237
0
-1.1936972538316
1.19369725383156
0.0134944382070237
0
0
0
0
1000
0
0.0134944382070237
0
0.0134944382070237
0.0134944382070237
0
0
0
0
0
0
0
0
0
0
0
0
0
0
0
0
0
0
0
0
0
0
0
0
0
0
0
0
0
0
0
0
0
0
0
0
0
0
0
0
0
0
0
0
0
0
0
0
0
0
0
0
0
0
0
0
0
0
0
0
0
0
0
0
0
0
0
0
0
0
0
0
0
0
0
0
0
0
0
0
0
0
0
0
0
0
0
0
0
0
0
0
0
0
0
0
0
0
0
0
0
0
0
0
0
0
0
0
0
0
0
0
0
0
0
0
0
1.18020281562454
0.00360339100729345
0
0
0
0
0
0
0
1.55370909006363
0
0
0
0.974196777660713
0.974196777660713
0.974196777660713
0
0
0
0
0
0
1.33230073150437
0
0
0
0.00360339100729345
0
0
0
0
-1.33230073150435
1.33230073150437
0
0
0
0
0.365805114141374
0
0
0
0
0
0.231299405758983
0
0.221408358559253
0
0
0
0
0
0
0
0
0
0
10.8624865999244
10.8624865999244
10.8624865999244
0
0
0
0
-0.14849452487249
0
0
0
0
0
0
0
0
0
0
0
0
0
0
0
0
0
0
0
0
0
0
0
0
0
0
0
0
0
0
0
0
0
0
0
0
0
0
0
0
0
0
0
0
0
0
0
0
0
0
0
0
0
0
0
0
0
0
0
0
0
0
0
0
0
0
0
0
0
0
0
0
0
0
0
0
0
0
0
0
0
0
0
0
0
0
0
0
0
0
0
0
0
0
0
0
0
0
0
0
0
0
0
0
0
0
0
0
0
0
0
0
0
0
0
0
0
0
0
0
0
1000
0
0
1000
1000
0
0
0
0
0
0
0
0
0
0
0
0
0
0
0
0
0
0
0
0
0
0
0
0
0
0
0
0
0
0
0
0
0
0
0
0
0
0
0
0
0
0
0
0
0
0
0
0
0
0
0
0
0
0
0
0
0
0
0
0
0
0
0
0
0
0
0
0
0
0
0
0
0
0
0
0
0
0
0
0
0
0
0
0
0
0
0
0
0
0
0
0
0
0
0
0
0
0
0
0
0
0
0
0
0
0
0
0
0
0
0
0
0
0
0
0
0
0
0
0
0
0
0
0
0
0
0
0
0
0
0
0
0
0
0
0
0
0
0
0
0
0
0
0
0
0
0
0
0
0
0
0
0
0
0
0
0
0
0
0
0
0
0
0
0
0
0
0
0
0
0
0
0
0
0
0
0
0
0
0
0
0
0
0
0
0
0
0
0
0
0
0
0
0
0
0
0
0
0
0
0
0
0
0
0
0
0
0
0
0
0
0
0
0
0
0
0
0
0
0
0
0
0
0
0
0
0
0
0
0
0
0
0
0
0
0
0
0
0
0
0
0
0
0
0
0
0
0
0
0
0
0
0
0
0
0
0
0
0
0
0
0
0
0
0
0
0
0
0
0
0
0
0
0
0
0
0
0
0
0
0
0
0
0
0
0
0
0
0
0
0
0
0
0
0
0
0
0
0
0
0
0
0
0
0
0
0
0
0
0
0
0
1000
0
0
0
0
504.94601180256
0
0
0
0
0
0
0
0
0
0
0
0
0
0
0
0
0
0
0
0
0
0
0
0
0
0
0
0
0
0
0
0
0
0
0
0
0
0
0
0
0
0
0
0
0
0
0
0
0
0
0
0
0
0
0
0
0
0
0
0
0
0
0
0
0
0
0
0
0
0
0
0
0
0
0
0
0.164124015770607
0.164124015770607
0
0
0
0
0.164124015770653
0.164124015770607
0
-224.68790771974
0
0
0
0
0.0252498485800987
0
0
0
0
0
0
224.68790771974
0
0
0
0
0
0
0.993160710816879
0
0
0
0
0
0
0.993160710816879
0
0.993160710816879
0.993160710816824
0
0
0
0
0
0
0
0
0
0
0
0
0
0
0
0
0
0
0
0
0
0
0
0
0
0
0
0
0
0
0
0
0
0
0
0
0
759.665856888711
759.665856888711
0
0
0
0
0
0
0
0
0
0
0
0
0
0
0
0
0
0
0
0
0
0
0
0
0
0
0
0
0
0
0
0
0
0
0
0
0
0
0
0
0
0
0
0
0
0
0
0
1000
938.842484072798
-1000
0
0
0
-1000
-1000
1000
0
938.145306247473
0
0
-1000
938.148909638481
0
0
0
0
0
0
0
0
0
0
0
0
0
0
0
0
0
0
0
0
0
0
0
0
0
0
0
0
0
0
0
0
0
0
0
0
0
0
0
0
1000
0
0
0
0
0
0
0
0
0
0
0
0
0
0
0
0
0
-999.996396608993
-1000
1000
-1000
1000
999.996396608993
-1000
0
0
0
0
0
0
0.00360339100734564
0
0
0
0
0
0
0
0
0
0
0
0
0
0
0
0
0
500
0
0
0
0
0.00269470979675858
0.00360339100729345
0.00989104719973012
1000
0.00179647319783905
0.00179647319783905
0.00360339100734564
0
0.000898236598919526
0.00179647319783905
0.0152909114049289
-0.00179647319782816
0.00179647319783905
0.00179647319783905
0.00179647319783905
0.00179647319783905
0.00179647319783905
-0.00179647319782816
-0.00359294639565633
0.00179647319783905
0.00179647319783905
0.00179647319782816
0.00179647319783905
-0.0170873846027462
0.00628765619239857
0.015290911404918
-0.00808412939022674
0.00179647319783905
0.00179647319783905
0.00360339100729345
0.00360339100729345
-0.00360339100734564
-0.00360339100734564
0.00360339100734564
0.00360339100734564
0.00179647319783905
0.00179647319783905
0.00179647319783905
0.00179647319783905
0.0449849422274156
-0.0053998642051738
-999.986505561793
0
0
0
0
0
0
-1000
0
0
0
0.00360339100729345
0
0
0
0
0.00180169550364672
0.00360339100734564
0.00360339100734564
0
0.00360339100729345
0
0
0
0
0
-0.00360339100734564
0
0
0.00718589279135621
0.00179647319783905
0.00538941959351716
0.00179647319783905
-0.00179647319782816
0.00179647319783905
0.00179647319783905
0.00179647319783905
0.00179647319783905
0.00179647319783905
0.00179647319783905
0.0035929463956781
0.00179647319783905
0.00179647319783905
0.00179647319783905
0.00179647319783905
0.00179647319783905
0
0.00179647319783905
0.00360339100729345
0.00360339100729345
0.00360339100729345
0.00360339100729345
0.00360339100729345
0.00360339100729345
0.00360339100729345
0.00360339100729345
0.00360339100729345
0.00360339100729345
0.00360339100729345
0.00360339100729345
0.00360339100729345
0.00360339100729345
0
0
0
0
0
0
0
0
0
0
0
0
-0.00360339100734564
0
0
0
0
0
0
0
0
0
0
0
0
0
0
0
0
0
0
0
0
0
0
0
0
0
0
0
0
0
0
0
0
0
0
0
0
0
0
0
0
0
0
0
0
0
0
0
0
0
0
0
0
0
0
0
0
0
0
0
0
0
0
0
519.017122122021
500
32.5982699727951
0
0
0
0
0.00360339100729345
0
0
0
0
0
0
0
0
0
1000
1000
0
0
0
0
0
0
0
0
0
0
468.367725428385
0
0
0
-419.577724300193
0
0
0
0
0
0.00145879751170012
0
0
0
0
0.00145879751170012
0
0
0
0.00145879751170012
0.00145879751170012
0.00145879751170012
0
0
0
0
0
0
0
0
0.00145879751170012
0.00145879751170012
0
0.00145879751170012
0.00145879751170012
0
0.00145879751170012
0.00145879751170012
0.00145879751170012
0.00145879751170012
0.00145879751170012
0.00145879751170012
0
0.00145879751170012
0.00145879751170012
0.00145879751170012
0
0.00145879751170012
0
0.00145879751170012
0.00145879751170012
0.0412110297055284
0.0143972356196819
0.0419404284613784
0.0423051278393035
0.0215172632975768
0.00145879751170012
0.00145879751170012
0.0816147772753134
0.00145879751170012
0.00145879751170012
0.00145879751170012
0.00145879751170012
0.698399308726432
0
0.0784103662538814
1000
0.0248774410787953
0
0.00145879751170012
0.00145879751170012
0.0138585763611511
0.00145879751170012
0.00145879751170012
0.00145879751170012
0
-1000
0
0
1000
0
0
0
0
0
-1000
-1000
-1000
0
0
-1000
254.344171863911
0
0
758.333556157207
-29.4885367373932
-1000
-1000
0
0
1000
771.455806739716
0
0
0
-5.50135101466162
-719.627795434843
0
0
0
0
999.996396608993
1000
-0.00360339100734564
0
0
-3.15376788493893
1000
1000
0
0
0
0.0242628327824832
1000
-1000
-970.511463262607
-1000
0
0
1000
109.150977194761
0
-1000
0
0
1000
847.006400970877
1000
1000
0
1000
0
0
-1000
1000
1000
1000
0
0
0
0
-32.598269972795
-487.907249042306
0
0
0
0
0
0
0
0
0
1000
0
1000
0
0
0
0
0
1000
0
0
0
0
1000
0
0
0
0
0
0
0
0
-1000
-1000
1000
-1000
1000
-156.364155388596
-1000
-1000
1000
-1000
-1000
-1000
-1000
-1000
-1000
-1000
-1000
-1000
-1000
1000
-1000
-28.8005908607549
-1000
1000
1000
1000
1000
1000
1000
1000
-1000
1000
-1000
963.435904853538
-1000
-1000
-1000
-1000
-1000
-1000
-1000
1000
-1000
273.234976486798
-1000
-1000
-1000
-1000
-1000
-1000
-1000
-398.508126746114
1000
1000
1000
-1000
-1000
-1000
-1000
-1000
-549.793603579359
-1000
-1000
1000
-1000
-214.750847299427
-1000
1000
-1000
-1000
-1000
-1000
-1000
-1000
1000
-1000
-1000
-1000
-1000
1000
-1000
-1000
-1000
-1000
-1000
1000
-157.619437408372
1000
324.853083374167
1000
1000
1000
1000
1000
1000
1000
1000
1000
-1000
-1000
-853.758804114664
-575.004681999174
-1000
-1000
-1000
1000
-1000
-1000
1000
1000
1000
1000
1000
-1000
1000
1000
-1000
1000
1000
-1000
-1000
-75.6265243239014
0
976.151013193208
1000
-1000
-935.066616824829
-1000
0
0
0
0
0
0
0
0
0
0
0
0
0
0
0
0
0
0
0
0
0
0
0
0
0
0
0
0
0
0
0
0
0
0
0
0
0
0
0
0
0
0
0
0
0
0
0
0
0
0
0
0
0
0
0
0
0
0
0
0
0
0
0
0
0
0
0
0
0
0
0
0
0
0
0
0
0
0
0
0
0
0
0
0
0
0
0
0
0
0
0
0
0
0
0
0
0
0
0
0
0
0
0
0
0
0
0
0
0
0
0
0
0
0
0
532.321818101919
0
0
0
0
39.078084338331
0
0
0
0
0
0
0
0
0
0
0
0
0
0
0
0
0
0
0
0
0
0
0
0
0
0
0
0
0
0
0
0
0
0
0
0
0
0
0
0
0
0
0
0
0
0
0
0
0
0
0
0
0
0
0
0
0
0
0
0
0
0
0
0
0
0
0
0
0
0
0
0
0
0
0
0
0
0
0
0
0
0
0
0
0
0
0
0
0
0
0
0
0
0
0
0
0
0
0
0
0
0
0
0
20.9631362655512
0
0
0
0
0
0
0
0
0
0
0
0
0
0
0
0
0
0
0
0
0
0
0
0
0
0
0
0
0
0
0
0
0
0
0
0
0
0
0
0
0
0
0
0
0
0
0
0
0
0
0
0
0
0
0
0
0
0
0
0
0
0
0
0
0
0
0
0
0
0
0
0
0
0
0
0
0
0
0
0
0
0
0
0
0
0
0
0
0
0
0
0
0
0
0
0
0
0
0
1000
1000
-1000
1000
1000
1000
-1000
1000
-1000
-1000
0
-1000
1000
1000
719.69903884058
0
-1000
-1000
-1000
-1000
1000
1000
-1000
384.356036996524
-1000
-1000
-1000
-1000
1000
-1000
-1000
-1000
-1000
-1000
-1000
1000
1000
-1000
-52.1626429211204
-1000
-1000
1000
0
-1000
-1000
1000
-1000
1000
-468.367725428385
-999.949625638179
-1000
-1000
-1000
-1000
-1000
0
0
0
0
0
-1000
1000
0
0
0
0
0
0
0
0
0
-3.9677948027097
-996.035808588298
-0.473201833076132
0
0
0
0
0
0
0
0
0
0
0
0
0
0
0
0
-0.00360339100734564
0.00360339100729345
0
0
-0.00360339100734564
-0.00360339100734564
0
0
0
813.073948891081
0
0
0
0
0
0
0
0
0
0
0
0
0
0
0
0
0
0
0
0
0
0.00360339100729345
0
0
938.148909638481
1000
61.8510903615193
-1000
1000
0
0
0
0
-0.00360339100734564
0.365805114141381
0
0
0
0
224.68790771974
0
0
0
0
0
0
0
0
0
0
0
0
0
1000
0
0
0
0.00360339100729345
0
0
0
334.645698362719
-577.12048534327
0
0
0
0
0
0
719.627795434843
0
1000
0
0
0
0
0
0
0
0
0
0
0
0
0
0
0.394969426292807
0
0
0
0
0
0
0
0
0
0
0
0
0
0
0
0
0
0
0
0.993160710816879
0.00360339100729345
0
0
0
0
1000
0
0
0
0
1.94839355532143
0
0
0
0
1000
0
-866.372301127673
0
0
0
-5.02521329243939
0
0
0
0
0
0
0
0
0
0.00360339100734564
-969.89019094878
339.153304006891
-1.94839355532122
479.520006012316
0
0
0
-94.6668678756625
1000
0
0
0
0
0
0
0.00360339100734564
0
1000
0
0
0
0
920.097855110244
0
0
-1000
0
0
-1000
0
-1000
1000
0
0
0
0
0
0
0
0
0
0
0
94.6668678756625
0
0
0
41.0843963683789
0
0
0
0
0
0
0
958.915603631621
0
1000
0
998.136650824372
0
0
0
0
0
0
0
0
0
0
0.974196777660713
0
0.00360339100729345
-0.00360339100734564
0.00360339100729345
0.00360339100729345
0
0
0.00360339100734564
0
0
0
0.974196777660723
0
0
-0.0108101730219232
-1000
-1000
-1000
-3.50220186919523
-1.8597457846206
5.28411005613691
0
0
1000
-1000
-999.996396608993
-1000
0
0
0
0
0
0
0
0
0
0
0
0
0
0
0
0
0
994.712286552856
0
0
0
0
0
0
5.36555104482318
0
0
0
0
0
0
0.00179647319783905
0
1000
0
0
0
0
0
0
0.00360339100729345
0
0
0
0
0
0
0
0
0
0
-1000
0
250
0
0
0
0
0
0
0
0
0
0
0
1000
0
0
0
1000
0
0
0
0
0
0
0
0
0
0
0
0
0
0
0
0
0
0
0
0
0
0
0
0
0
0
0
2.32392608441387
0
0
0
0
0
0
0
0
0
0
0
0
0
0
0
0
0
0
0
0
0
0
0
0
0
0
0
0
0
0
0
0
0
0
0
0
0
0
0
0
0
0
0
0
0
0
0
0
0
0
0
0
0
0
0
0
0
0
0
0
0
0
0
0
0
0
0
0
0
0
0
0
0
0
0
0
0
0
0
0
0
0
0
0
0
0
0
0
0
0
0
0
0
0
0
0
0
0
0
0
0
0
0
0
0
0
0
0
0
0
-999.975737167218
0
0.00179647319782816
0
0
0
-0.0242628327824832
0
1000
0.00449118299457041
0
0
0
0
0
0
0
0
0
0
0
0
0
0
0
0
0
0
0
0.00360339100729345
0.00360339100729345
0.00360339100729345
938.148909638481
-938.145306247473
0
0
-47.6478262187443
-1000
0
0
0
0
0
0
1000
1000
0
0
0
0
0
0
0
0
0
0
-1000
0
1000
0
-1000
-1000
-999.998541202488
-1000
0
1000
0
0
0
0
0
0
0
0
0
0
-1000
0
1000
0.394684465257799
0.00360339100729345
0.00360339100729345
0.00360339100729345
0.00360339100729345
0.00360339100729345
0
0
0
1000
0.0798691637655816
0
0
0
0
0
0
0.00145879751170012
0
0
0
0
0
0
0
-1000
0
0
0
0
0
0
1000
-999.998541202488
0
1000
0
0
-1000
0
0
0
0
0
0
0
0
0
250
0
0
0
0
0
0
0
0
0
0
0
0
0
0
0
0
0
0
0
0
0
0
0
0
0
0
0
0
0
0
0
0
0
0
0
0
0
-1000
0
0
0
0
0
0
0
0
0
0
-1000
0
0
0
0
0
0
0
520.479993987684
1000
377.52485376591
-999.98942371804
-999.98942371804
-999.98942371804
-1000
0
0.00989104719973012
0
0
0
0
-517.634654383481
-1000
-1000
0
224.68790771974
0
0
0
-1000
14.8995726968589
0
0
0
0
0.579512312402914
0.579512312402914
-958.915603631621
-999.97394069402
0
0
0
0
0
0
0
0
-1000
0
0
0
0
0
0
0
1000
0.00360339100729345
0
0
0
0
0
0
0
0
-1000
-1000
0
0
1000
0
0
0
-1000
0
0.00538941959351716
0
0
-830.367935492496
0
-1000
0
0
0
-378.228026767378
-1000
0
0
0
0
-169.579183097705
0
0
1000
169.577724300193
-842.144538720544
842.144538720544
0
0
-1000
1000
-1000
0
0
0
0
-1000
-1000
0
0
-464.073063409061
0
0
0
0
0.0052797511715561
0.0105762819598259
0
0
0
0
0
0
0
998.140254215379
0
998.140254215379
0
0
0
0
0
0
0
0
0
1000
0
0
-1000
1000
-1000
-1000
1000
0
0
0
0
0
0
0
0
-1000
-504.94601180256
0
1000
0.00179647319783905
0.00179647319783905
0
1000
0
0
329.887603829126
0
0
0
0
0
0
0
0
0
0
0
0
0
0
0
0
0
0
0
0
0
0
0
0
0
-0.0197716497877991
0
0
0
0
0
0
0
0
0
0
0
0
0
0
0
0
0
0
0
0
0
0
0
0
0
0
0
0
0
0
0
0
0
0
0
0
0
0
0
0
0
0
0
0
0
-1000
0
-1000
0
0
0
0
0
0
-1000
0
0
0
0
0
0
0
0
0
0
0
-1000
0
0
0
0
0
0
0
0
0
0
0
0
0
1000
0
0
0
1000
0
0
0
0
0
0
0
0
0
0
0
0
0
0
0
169.577724300193
0
0
0
0
0
0
0
0
0
0
0
0
0
0
0
0
0
0
0
0
0
0
0
0
169.577724300193
0
0
0
0
0
0
0
0
0
0
0
0
0
0
0
0
0
0
0
0
0
0
0
0
0
0
0
0
0
0
0
0
0
0
0
0
0
0
0
0
0
0
0
0
0
0
0
0
0
0
0
0
0
0
0
0
0
0
0
0
0
0
0
0
0
0
0
0
0
0
0
0
0
0
0
0
0
0
0
0
0
0
0
0
0
0
0
0
0
0
0
0
0
0
0
0
0
0
0
0
0
0
0
0
0
0
0
0
0
0
0
0
0
0
0
0
0
0
0
0
0
0
0
0
0
0
0
0
0
0
0
0
0
0
0
0
0
0
0
0
0
0
0
0
0
-1000
0
0
0
0
0
0
0
0
0
0
0
0
0
0
0
0
0
0
0
0.00360339100729344
0
401.462656215436
0
0
0
0
-98.5401493232953
0
-1000
386.012128432417
614.151995583353
0
-1000
0
-1000
-1000
0
0
0
0
1000
0.0216203460437612
0
0
0
0
0
0
0
0
0
0
0
0
0
0
0
0
0
0
0
0
0
0
0
0
0
0
0
0
0
0
0
0
0
0
0
0
0
0
0
0
0
0
0
0
0
0
0
0
0
0
0
0
0
0
0
0
0
0
0
0
0
0
0
0
0
0
0
0
0
0
0
0
0
0
0
0
0
0
0
0
0
0
0
0
0
0
0
0
0
0
0
0
0
0
0
0
0
0
0
0
0
0
0
0
0
0
0
0
0
0
0
0
0
0
0
0
0
0
0
0
0
0
0
0
0
0
0
0
0
0
0
0
0
0
0
0
0
0
0
0
0
0
0
0
0
0
0
0
0
0
0
0
0
0
0
0
0
0
0
0
0
0
0
0
0
0
0
0
0
0
0
0
0
0
0
0
0
0
0
0
0
0
0
0
0
0
0
0
0
0
0
0
0
0
0
0
0
0
0
0
0
0
0
0
0
0
0
0
0
0
0
0
0
0
0
0
0
0
0
0
0
0
0
0
0
0
0
0
0
0
0
0
0
0
0
0
0
0
560.262712160862
0
0
0
0
0
0
0
0
0
0
0
0
0
0
0
0
0
0
0
0
0
0
0
0
0
0
0
0
0
0
0
0
0
0
0
0
560.262712160862
0
0
0
0
0
0
0
0
0
0
0
0
0
329.887603829126
0
0
0
0
0
0
0
0
0
0
0
-1000
0
0
0.993160710816879
0
0.00360339100734564
-40.6551489425173
-958.915603631621
0
0
0
0
0
0
0
0
0
0
0
0
0
0
0
0
0
0
0
0
0
0
0
0
0
0
0
0
0
0
0
0
0
0
0
0
0
0
0
0
0
0
0
0
0
0
0
0
0
0
0
0
0
0
0
0
0
0
0
0
0
0
0
0
0
0
0
0
0
0
0
0
0
0
0
0
0
0
0
0
0
0
0
0
0
0
0
0
0
0
0
0
0
0
0
0
0
0
0
0
0
0
0
0
0
0
0
0
0
0
0
0
0
0
0
0
0
0
0
0
0
0
0
0
0
0
0
0
0
0
0
0
0
0
0
0
0
0
0
0
0
0
0
0
0
0
0
0
0
0
0
0
0
0
0
0
1000
0
0
-1000
1000
0
0
0
0
0
0
0
1000
0.00360339100734564
0
0
-1000
422.904738393782
0
0
0
0
0
0
0
0
0
0
0
0
0
0
0
0
0
0
0
0
0
0
0
0
0
0
0
0
0
0
0
0
0
0
0
0
0
0
0
0
0
0
0
0
0
0
0
0
0
0
0
0
0
0
0
0
0
0
0
0
0
0
0
0
0
0
0
0
0
0
0
0
0
0
0
0
0
0
0
0
0
0
0
0
0
0
0
0
0
0
0
0
0
0
0
0
0
0
0
0
0
0
0
0
0
0
0
0
0
0
0
0
0
0
0
0
0
0
0
0
0
0
0
0
0
0
0
0
0
0
0
0
0
0
0
0
0
0
0
0
0
0
0
0
0
0
0
0
0
0
0
0
0
0
0
0
0
0
0
0
0
0
0
0
0
0
0
0
0
0
0
0
0
0
0
0
0
0
0
0
0
0
1000
500
87.038430127861
0
0
-0.974196777660723
0
0
464.567620807458
19.2529007442829
42.0830809668208
0.104446116153433
87.038430127861
0
0
0
0
0
0
0
0
0
0
0
0
0
0
0
0
0
0
0
0
0
0
0
0
0
-1000
0
-186.926051108919
-813.073948891081
823.021256912293
-660.850299384116
0
958.915603631621
0
94.8099503509497
0
1000
0
500
-250
0
0
-3.64699377925035
0
0.00360339100734564
0.0197716497877991
0
0.0116875203975692
0
0
0
0
0
0
0
0
0
0
0
0
0
0
0
0
419.577724300193
0
0
0
0
0.0242628327824832
-0.69839930872638
-0.0412110297055506
0
-10.6931411487304
-20.9631362655513
-42.7513576814209
-33.52445287086
549.793603579359
-58.3866919108308
-26.4871912547117
555.667866395982
528.905720740497
1000
-1000
0
0
0
0
-1000
-28.8005908607549
-17.4717854774399
-36.564095146462
-13.2852021729182
-10.2774934775761
-23.8489868067921
-96.3229347847135
842.380562591628
27.7204487698064
0
0
-378.228026767378
-813.073948891081
0
1000
1000
0
517.634654383481
-1000
0
0
0
0
0.365805114141381
0
1000
-41.0843963683789
0
-1000
0
0
0
0
0
0
0
-0.00360339100734564
-0.00360339100734564
0
0
0
0
0
0
0
0
0
0
0
0
97.8594255932278
-97.8594255932278
0
0
508.845154419703
0
479.520006012316
0
0
-1000
-1000
224.68790771974
-0.00360339100734564
-0.00360339100734564
-0.993160710816824
61.8510903615193
0
0
-0.00360339100734564
0
-0.00360339100734564
0
0
-500
-0.00360339100734564
0
0
0
-0.00360339100734564
0
0
0
0
0
0
0
0
0
0
0
-1000
0
0
0
0
0
938.145306247473
0
0
0
0
0
0
-745.655828136089
0
0
0
0
-895.944924162895
0
1000
0
0
-0.00360339100734564
0
0
0
0
0
0
0
0
0
0
0
0
0
0
-577.12048534327
-3.15376788493893
-0.473201833076132
-996.035808588298
-3.9677948027097
500
0
0
0
0
1000
0
0
0
2.4523042873152
97.8594255932278
0
0
0
0
0
-1000
0
500
-1000
0
1000
500
0
0
0
758.333556157207
1000
0
0
0
0
0
-32.598269972795
0
0
0
-1000
-1000
0
0
0
0
0
-0.0503743618209
0
0
0
0
0
999.996396608993
-1000
0
0
0
0
0
-29.4885367373932
-1000
-970.511463262607
-5.50135101466162
0
0
0
0
0
0
0
0
0
0
0
1000
0
-0.0248774410788428
-0.00145879751164557
-0.394969426292846
-487.907249042306
-0.0215172632975964
-0.0816147772752629
-0.0138585763611445
-0.0784103662539337
-0.0419404284614302
0
0
0
0
0
-0.00145879751164557
-1000
-0.00145879751164557
-0.00145879751164557
0
0
0
-0.00145879751164557
0
0
0
-14.899572696859
0
0
-0.00145879751164557
-0.01439723561964
0
-0.00145879751164557
-0.00145879751164557
-0.00145879751164557
-0.00145879751164557
-0.0423051278393132
0
0
0
0
0
-1000
1000
0
0
-378.228026767378
1000
-0.00360339100734564
-1000
1000
-1000
1000
0
0
-1000
0
-621.771973232622
0
0
0
0
0
0
0
0
0
0
0
0
0
0
0
0
0
-1000
1000
-1000
1000
1000
0
-1000
-1000
-0.00145879751164557
-0.00145879751164557
0
0
0
0
1000
613.987871567583
-614.151995583353
1000
0.0216203460437328
0
0
0
0
0
1000
0
-1000
0
0
0
0
0
0
0
0
0
0
0
0
0
0
0
0
0
0
0
0
0
0
0
0
0
0
0
0
0
0
0
0
0
0
0
0
0
0
0
0
0
0
0
0
0
0
0
0
0
0
0
0
0
0
0
0
0
0
0
0
0
0
0
0
0
0
0
0
0
0
-0.00145879751164557
0
0
0
0
0
0
0
0
0
0
0
0
0
0
0
0
0
0
0
0
0
0
0
0
0
0
0
0
0
0
0
0
0
0
0
0
0
0
0
0
0
0
0
0
0
0
0
0
0
0
0
0
0
0
0
0
0
0
0
0
0
0
0
0
0
0
0
0
0
0
0
0
0
0
0
0
0
0
0
0
0
0
0
0
0
0
0
0
0
0
0
0
0
0
0
0
0
0
0
0
0
0
0
0
0
0
0
0
0
0
0
0
0
0
0
0
0
0
0
0
0
0
0
0
0
0
0
0
0
0
0
0
0
0
0
0
0
0
0
0
0
0
0
0
0
0
0
0
0
0
0
0
0
0
0
0
0
0
0
0
0
0
0
0
0
0
0
0
0
0
0
0
0
0
0
0
0
0
0
0
0
0
0
0
0
0
0
0
0
0
0
0
0
0
0
0
0
0
0
0
0
0
0
0
0
0
0
0
0
0
-560.262712160862
0
0
0
0
0
0
0
0
0
0
0
0
0
0
0
0
0
0
0
0
0
0
0
0
0
0
0
0
0
0
0
0
0
0
0
0
0
0
0
0
0
0
0
0
0
0
1000
0
1000
0
0
0
40.6551489425174
0
0
0
0
0
0
0
0
0
0
0
0
0
0
0
0
0
0
0
0
0
0
0
1000
0
-422.904738393782
0
-1000
-0.00360339100734564
0
0
0
0
0
0
0
0
-1000
0
0
0
0
0
0
0
0
0
0
0
0
0
0
0
0
0
0
0
0
0
0
0
0
0
0
0
0
0
0
0
0
0
0
0
0
0
0
0
0
0
0
0
0
0
0
0
0
0
0
0
0
0
0
0
0
0
0
0
0
0
0
0
0
0
0
0
0
0
0
0
0
0
0
0
-0.00145879751164557
-0.00145879751164557
-0.00145879751164557
-0.00145879751164557
0
-0.00145879751164557
0
0
-0.00145879751164557
-0.00145879751164557
-0.00145879751164557
-0.00145879751164557
0
-0.00145879751164557
-0.00145879751164557
-0.00145879751164557
-0.00145879751164557
-0.00145879751164557
-0.00145879751164557
-0.00145879751164557
0
-0.00145879751164557
-0.00145879751164557
-0.00145879751164557
-1000
87.0384301278609
0
1000
0
0
0
0
0
0
0
0
0
0
0
