0
0
0
0
0
0
0
1000
-1000
1000
0
0
0
251.175794003465
0
0
999.749796900048
-999.749796900048
999.942576337716
0
0.0574236622840006
0
-1000
0.360948734356612
0
1000
-253.581379718336
0
-294.172037193876
0.0507981813793395
0
0
0
0
0
259.351801090985
0
0
0
34.4592873685346
0
0
0
0
0
0
0
0
0
0
0
0
0
0
0
0
0
0
0
0
0
0
0
0
0
294.172037193876
0
0
0
0
0
0
0
-998.488165360848
-998.488165360848
0
0
0
0
0
0
-1000
0
0
0
0
0
0
0
0
0
0
0
0
0
0
0
0
0
0
0
0
0
0
0
0
0
0
0
0
0
0
0
0
359.489916857091
0
253.197265939737
0
1000
0
0
0
0
0
0
0
0
0
0
0
0
0
1000
0
0
-1000
0
0
0
0
-1000
0
0
0
0
-14.3761703702422
0
0
0
0
-318.733794964136
0
0
0.00876497678709255
1000
0
0
494.840860642211
1000
1000
505.150935977462
0
0
0
-1000
505.150935977462
756.326729980928
1000
-748.824205996535
0
0
1000
0
0
0.00876497678711985
0
0
-87.7009090339581
-1000
0
0
0
0
0
-3.86316860890918
0
0
0
0
0
0
0
-3.81504691821237
-1000
0
0
0
252.947062839785
0
0
0
0
342.388133483073
0
0
0
0
0
-3.86727029907229
0
-260.221801001476
0
0
0
0
0
0
0
0
0
0
0
-332.995411467755
0
0
0
0
998.86747541514
0
0.453009833943838
0
0
0
0.679514750915712
0
1000
329.180364549542
329.180364549542
0
-1000
329.180364549542
0
0
0
0
0
0
0
0
0
0
0
-804.051206637857
0
943.547011928388
1000
-1000
998.488165360848
1000
-1000
994.179753406815
-1000
-1000
-0.949515398610401
999.546990166056
-2.12435144129358
0
-1000
740.906621893221
1000
-0.6795147509157
1000
0
0
1000
0
0.176372677015145
0
-0.176372677015138
0
0.00175095935816483
0
0
0
0
0
0
0
0
1000
0
5.36548579988344
0
0
0
0
0
0
-1000
0
1000
0.461213214270094
0
0
1000
0
-0.176372677015138
0
-0.6795147509157
0
0
0.6795147509157
2.12435144129354
0
0
0
0
0
0
-1000
0
0
0
-309.240084995035
0.6795147509157
0
-1000
-0.949515398610401
0
0.00351209871246283
0
0
0
0
0
0
0
0
0
0
0
1000
0
0
0
2.26504916971904
0
9.5352631714015
0
0
0
0
0
0
0
0
1000
627.1085116563
260.225902691639
-1000
0
1000
0
1000
-1000
-1000
0
-1000
1000
-5.36723675924156
1000
0
-1000
0
0
0
0
-1000
0
1000
-1000
-740.906621893221
-1000
1000
0
0
1000
-1000
0
0
0
0
0
0
0.9495153986104
-1000
1000
1000
-1000
1000
-1000
-0.453009833943838
-1000
-1000
1000
0
1000
0
-1000
1000
-1000
-1000
1000
-1000
-695.132328595538
1000
1000
-1000
1000
1000
0
0
0
1000
-1000
1.81614102593835
0
0
-996.184953081788
0
0
342.388133483073
-1000
999.971903210299
0
-388.836890691272
359.937001084873
0
0
0
0
0
0
0
0
0
0
0
0
0
0
0
0
0
0
0
0
0
0
0
0
0
0
0
0
0
0
0
0
0
0
0
0
0
0
0
0
0
0
0
0
0
0
0
0
0
0
0
0
0
0
0
0
0
0
0.00351209871257652
-1000
1000
0.102542254078571
0.102542254078571
0
-965.700916081074
0
0
0
0
0
0
0
0
0.117820731811569
0
0
999.22243237336
0.0280967897007845
0
0
0
0
0
0
0
0
0
0
0
0
0
0
0
0
0
0
0
0
0
0
0
0
0
0
0
0
0
0
0
0
0
0
0
0
0
0
0.159965916362573
0
0
0
-1000
0
0
0
0
0
0
1000
0
0
0
0
0
0
0
0
0
0
0
0
0
0
0
0
0
0
0
0
0
0
0
0
452.566472099657
0
0
0.159965916362573
0
0
0
0
0
0
0
0
0
-181.254298681895
0
0
0
0
0
0
0
0
0
0
0
0
0
0
0
0
0
0
0
0
0
0
0.00351209871259806
0
0
0
0
0
0
0
0
0
0
-1000
0
0
0
0
0
0
0
0
0
0
0
0
0
0
0
0
0
0
0
0
0
0
0
0
0
0
0
0
0
0
0
0
0
0
0
0
0
0
1000
0
0.0041016901631429
0
0
0
0
0.742405919528865
0.742405919528865
0
0
0
0
0
0
0
0
0
0
0
0
0
0
0
0
0
0
0
0
0
0.00351209871259806
0
0
0
0
0
1000
0
0
0
-1000
0
0
1000
0
0
0
0
261.453055817411
0
0
261.453055817411
0
0
0
0
0
0
0
0
0
261.453055817411
0
261.453055817411
0
0
0
12.7236167943389
36.2690998301261
23.1832448352367
16.9799156508081
25.1755549382648
8.28619883759436
19.3797437294557
35.4540638788873
32.6467178246204
10.3237887156913
20.0136605804192
41.2498750876965
32.5561582744827
10.0521100652784
16.6629572253264
23.092685285099
29.9299313204911
24.2246796618196
4.43741795674452
30.201609970904
0
0
0
0
0
0
0
0
0
0
0
0
0
0
0
0
0
0
0
0
0
0
0
0
0
0
0
0
0
0
0
0
0
0
0
0
0
0
0
0
0
0
0
0
0
0
0
0
0
0
0
0
0
0
0
0
0
0
0
0
0
0
0
0
0
0
0
0
0
0
0
0
0
0
0
0
0
0
0
0
0
0
0
0
0
0
0
0
0
0
0
-1000
0
0
966.38043083199
0
0
999.22243237336
-626.088754283437
-626.088754283437
1000
1000
104.561210905267
0
0
0
0
0
0
359.937001084873
-746.743028382149
-104.70887175114
-1000
0
-253.256971617851
0
-253.371818942419
1000
104.569414285593
1000
1000
0
0
1000
0
-1000
-1000
-1000
0
746.77112517185
0
0
0
253.256971617851
0
0
0
0
0
0
0
0
0
0
0
1000
373.844515841023
1000
1000
0
500
250.370969244017
2.51755540356486
5
0
0
0
0
0.967998878501703
0
250
0
126.629530938921
0
0
-0.00142183872151236
0
0
0
0
-0.00142183872151236
0
994.148158477036
0
-0.00142183872151236
0.00142183872151236
-0.00142183872151236
-0.533026232734187
0
-0.0888649200921918
0
-1000
-0.55060704489108
0.00142183872151236
-0.00142183872151236
-0.00142183872151236
0.00142183872151236
-0.00142183872151236
0.00142183872151236
-0.00142183872151236
-0.00142183872151236
-0.00142183872151236
-0.00142183872151236
-0.00142183872151236
-0.00142183872151236
-0.00142183872151236
-0.00142183872151236
-0.00142183872151236
-0.00142183872151236
-0.00142183872151236
-0.0298586131509637
-0.009760699188746
-0.0408778632423719
-0.0412333229227215
-0.0209721211417673
0.00142183872151236
0.00142183872151236
-0.102329889855127
0.00142183872151236
0.00142183872151236
0.00142183872151236
0.00142183872151236
-0.680705287905994
-0.0103083307307088
-0.0764238312792713
-0.384962833839268
-0.00146433681254621
0.00142183872151236
0.00142183872151236
0.0135074678539695
0.00142183872151236
0.00142183872151236
-0.00142183872151236
0
0
0
0
0
0
0
0
0
0
0
0
0
0
0
0
0
0
0
0
0
0
0
0
0
0
0
0
0
0
0
0
0
0
0
0
0.000874207179549558
0
0
0
0
0
0
0
0
0
0
0
0
0
0
0
0
0
0
0
0
0
0
0
0
0
0
0
0
0
0
0
0
0
0
0
0
0
0
0
0
0
0
0
0
0
0
0
0
0
0
0
0
0
0
0
0
0
0
0
0
0
0
0
0
0
0
0
0
0
0
0
0
0
0
0
0
0
0
0
0
0
0
0
0
0
0
0
0
0
0
0
0
0
0
0
0
0
0
0
0
0
0
0
0
0
0
0
0
0
0
0
0
0
0
0
0
0
0
0
0
0
0
0
0
0
0
0
0
0
0
0
0
0
0
0
0
0
0
0
0
0
0.00142183872147462
126.632374616364
0.00142183872147462
621.376660987888
0.00142183872147462
0
0
0
0
0.00142183872147462
0
0
0
0
0
0
0
0
0
0
0
0
0
0
0
0
0
0
0
0
0
0
0
0
0
0
0
0
0
0
0
0
0
0
0
0
0
0
0
0
0
0
0
0
0
0
0
0
0
0
0
0
0
0
0
0
0
0
0
0
0
0
0
0
0
0
0
0
0
0
0
0
0
0
0
0
0
0
0
0
0
0
0
0
0
0
0
0
0
0
0
0
0
0
0
0
0
0
0
0
0
0
0
0
0
0
0
0
0
0
0
0
0
0
0
0
0
0
0
0
0
0
0
0
0
0
0
0
0
0
0
0
0
0
0
0
0
0
0
0
0
0
0
0
0
0
0
0
0
0
0
0
0
0
0
0
0
0
0
0
0
0
0
0
0
0
0
0
0
0
0
0
0
0
0
0
0
0
0
0
0
0
0
0
0
0
0
0
0
0
0
0
0
0
0
0
0
0
0
0
1000
0
0
0
0
0
0
0
0
0
0
0
0
0
0
0
0
0
0
0
0
0
0
0
0
0
0
0
0
0
0
0
0
0
0
0
0
0
0
0
0
0
0
0
0
0
0
0
0
0
0
0
0
0
0
0
0
0
0
0
0
0
0
0
0
0
0
0
0
0
0
0
0
0
0
0
0
0
0
0
0
0
0
0
0
0
0
0
0
0
0
0
0
0
0
0
0
0
0
0
0
0
0
0
0
0
0
0
0
0
0
0
0
0
1000
1000
0
0
0
0
0
0
0
0
0
0
0
0
0
0
0
0
0
0
0
0
0
-1000
0
-1000
0
0
0
0
0
0
0
1000
1000
0
0
0
0
0
0
0
0
0
0
0
0
0
0
0
0
0
0
0
0
0
0
0
0
0
0
0
0
0
0
0
0
0
0
0
0
0
0
0
0
0
0
0
0
0
0
0
0
0
0
0
0
0
0
0
0
0
0
0
0
0
0
0
0
0
0
0
0
0
0
0
0
0
0
0
0
0
0
0
0
0
0
0
875.2694998583
304.589770308464
0
0
0.00142183872151236
0
-873.317505568704
0
126.630952777643
0
0
623.317505568704
0
372.849343159149
0
0
0
0.000874207179549558
0.549185206169568
0
-999.45081479383
999.998578161279
0
0
0
0
0
0
0
0
0
0
0
0
0
-1000
0.000874207179549558
0
0
0
0.00351209871257652
0
0
0
0
0
0
0
-0.00351209871257652
0
0
0
0
0
250
-1000
875.2694998583
0
0
0
-275.251666890283
1000
-0.0210725922755728
0
0
0.00142183872151236
-0.00142183872151236
0
0
126.682494431296
-126.682494431296
1000
0
-126.630952777643
-126.630952777643
0
0
-102.416917074892
0
-126.682494431296
-873.317505568704
-1000
0
-627.150656840851
-372.849343159149
-1000
0
0
0
0
0
-1000
0
-0.549185206169568
0
0
0
-999.45081479383
999.45081479383
-1000
0
0
0
-1000
0
0
0
-1000
0
0
0
0
0
0
0
0
0
0
0
0
0
0
0
0
0
0
0
-1000
1000
-1000
0
-1000
0
-1000
0
-1000
0
0
0
0
0
0
0
0
0
-1000
0
1000
0
-1000
0
-1000
0
-1000
0
-1000
0
0
0
0
0
0
0
0
0
0
-1000
250
-250
0
0
0
0
0
0
0
0
0
0
0
0
0
0
0
0
0
0
0
0
0
0
0
0
0
0
0
0
0
0
0
0
0.000874207179549558
-0.000874207179549558
0
0
0
0
0
0
0
0
0
0
0
0
0
0
0
0
0
0
0
0
0
0
0
0
0
0
0
0
0
0
0
0
0
0
0
0
0.000874207179549558
-0.000874207179549558
0
0
0
0
0
0
-0.00351209871257652
-0.00351209871257652
0
0
0
0
0
0
0
0
0
0
0
0
0
0
0
0
0.00351209871257652
0.00351209871257652
0
0
0
0
0
0
0
0
0
0
0
0
0
0
0
0
0
0
0
0
0
0
0
0
0
0
0
0
0
0
0
0
0
0
0
0
0
0
0
0
0
0
0
0
0
1.15030225167624
0.00351209871259806
0
0
0
0
0
0
0
0
0.144732400279935
0
0
0
0
0
0
0
0
0
0
0
0
0
0
0
0
0
0
0
0
0
0
0
0
0
0
0
0
0
0
0
0
0
0
0
0
0
0
0
0
0
0
0
0
0
0
0
0
0
0
0
0
126.682494431296
126.682494431296
126.682494431296
0
0
0
0
126.629530938921
126.629530938921
0
0
0
0
0
0
0
0
0
0
0
0
0
0
0
0
0
0
0
0
0
0
0
0
0
0
0
0
0
0
0
0
0
0
0
0
0
0
0
0
0
0
0
0
0
0
0
0
0
0
0
0
0
0
0
0
0
0
0
0
0
0
0
0
0
0
0
0
0
0
0
0
0
0
0
0
0
0
0
0
0
0
0
0
126.630952777643
126.630952777643
126.630952777643
126.630952777643
-126.630952777643
0
0
0
0
0
0
0
0
0
0
0
0
0
0
0
0
0
0
0
0
0
0
0
0
0
0
0
0
0
0
0
0
0
0
0
0
0
0
0
0
0
0
0
0
0
0
0
0
0
0
0
0
0
0
0
0
0
0
0
0
0
0
0
0
0
0
0
0
0
0
0
0
0
0
0
0
0.00351209871259806
0.00351209871259806
0.00351209871259806
0.00351209871259806
0.00351209871259806
0
0
0
0
0
0
0
0
0
0
0
0
0
0
0
0
0
0
0
0
0
0
0
0
0
0
0
0
0
0
0
0
0
0
0
0
0
0
0
0
0
0
0
0
0
0
0
0
14.3761703702422
14.3761703702422
-14.3761703702422
4.78386189308467
-2.39017489718606
2.39017489718604
2.39017489718604
2.39017489718604
2.39017489718604
2.39017489718604
2.39017489718604
2.39017489718604
2.39017489718604
2.39017489718604
2.39017489718604
2.39017489718604
0
2.39017489718606
2.39017489718604
2.39017489718604
2.39017489718604
2.39017489718604
2.39017489718604
2.39017489718604
0
0
0
2.39017489718604
2.39017489718604
0
2.38317105975338
0
0
0
0
0
0
0
0
0
0
0
0
0
0
0
0
14.3761703702422
14.3761703702422
4.78386189308467
4.78386189308467
0
0
0
0
0
0
0
0
0
0
0
0
0
0
0
0
0
0
0
0
0
0
0
0
0
0
0
0
0
0
0
0
0
0
0
0
0
0
0
0
0
0
0
0
0
0
0
0
0
0
0
0
0
0
0
0
0
0
0
0
0
0
0
0
0
0
0
0
0
0
0
0
0
0
0
0
0
0
0
0
0
0
0
0
0
0
0
0
0
0
0
0
0
0
0
0
0
0
0
0
0
0
0
0
0
0
0
0
0
0
0
0
0
0
0
0
0
0
0
0
0
0
0
0
0
0
0
0
0
0
0
0
0
0
0
0
0
0
0
0
0
0
0
0
0
0
0
0
0
0
0
0
0
0
0
0
0
0
0
0
0
0
0
0
0
0
0
0
0
0
0
0
0
0
0
0
0
0
0
0
0
0
0
0
0
0
0
0
0
0
0
0
1.15030225167624
1.15030225167624
1.15030225167624
0
0.0245439710031128
0.0245439710031128
0
-1.17484622267932
0
0.0245439710031128
0
0
0
0
0
0
0.0245439710031128
0
0.0245439710031128
0.0245439710031128
0
0
0
0
0
0
0
0
0
0
0
0
0
0
0
0
0
0
0
0
0
0
0
0
0
0
0
0
0
0
0
0
0
0
0
0
1.17484622267935
0
0
0
0
0
0
0
0
0
0
0
0
0
0
0
0
0
0
0
0
0
0
0
0
0
0
0
0
0
0
0
0
0
0
0
0
0
0
0
0
0
0
0
0
0
0
0
0
0
0
0
0
0
0
0
0
0
0
0
0
0
0
0
0
0
0
0
0
0
0
0
0
0
0
0
0
0
0
1.15030225167624
0.00351209871259806
0
0
0
0
0
0
0
1.5143457048984
0
0
0
0.9495153986104
0.9495153986104
0.9495153986104
0
0
0
0
0
0
1.29854675066877
0
0
0
0.00351209871259806
0
0
0
0
-1.29854675066872
1.29854675066877
0
0
0
0
0
0.356537402640269
0
0
0
0
0.236830826520151
0
0.215798954229636
0
0
0
0
0
0
0
0
0
0
10.9438217484108
10.9438217484108
10.9438217484108
0
0
0
0
-0.144732400279963
0
0
0
0
0
0
0
0
0
0
0
0
0
0
0
0
0
0
0
0
0
0
0
0
0
0
0
0
0
0
0
0
0
0
0
0
0
0
0
0
0
0
0
0
0
0
0
0
0
0
0
0
0
0
0
0
0
0
0
0
0
0
0
0
0
0
0
0
0
0
0
0
0
0
0
0
0
0
0
0
0
0
0
0
0
0
0
0
0
0
0
0
0
0
0
0
0
0
0
0
0
0
0
0
0
0
0
0
0
0
0
0
0
0
0
0
0
0
0
0
0
0
1000
0
0
1000
1000
0
0
0
0
0
0
0
0
0
0
0
0
0
0
0
0
0
0
0
0
0
0
0
0
0
0
0
0
0
0
0
0
0
0
0
0
0
0
0
0
0
0
0
0
0
0
0
0
0
0
0
0
0
0
0
0
0
0
0
0
0
0
0
0
0
0
0
0
0
0
0
0
0
0
0
0
0
0
0
0
0
0
0
0
0
0
0
0
0
0
0
0
0
0
0
0
0
0
0
0
0
0
0
0
0
0
0
0
0
0
0
0
0
0
0
0
0
0
0
0
0
0
0
0
0
0
0
0
0
0
0
0
0
0
0
0
0
0
0
0
0
0
0
0
0
0
0
0
0
0
0
0
0
0
0
0
0
0
0
0
0
0
0
0
0
0
0
0
0
0
0
0
0
0
0
0
0
0
0
0
0
0
0
0
0
0
0
0
0
0
0
0
0
0
0
0
0
0
0
0
0
0
0
0
0
0
0
0
0
0
0
0
0
0
0
0
0
0
0
0
0
0
0
0
0
0
0
0
0
0
0
0
0
0
0
0
0
0
0
0
0
0
0
0
0
0
0
0
0
0
0
0
0
0
0
0
0
0
0
0
0
0
0
0
0
0
0
0
0
0
0
0
0
0
0
0
0
0
0
0
0
435.860340009628
0
0
435.860340009628
0
0
0
0
0
0
0
0
0
0
0
0
0
0
0
0
0
0
0
0
0
0
0
0
0
0
0
1000
0
0
0
0
0
0
0
0
0
0
0
0
0
0
0
0
0
0
0
0
0
0
0
0
0
0
0
0
0
0
0
0
0
0
0
0
0
0
0
0
0
0
0
0
0
0
0
0
0
0
0
0
0
0
0
0
0
0
0
0
0
0
0
0
0
0
0
0
0
0
0
0
0
0
0
0
0
0
0
0
0
0
0
0
0
0
0
0
0.159965916362573
0.159965916362573
0
0
0
0
0.15996591636258
0
0.159965916362573
0
0
0
0
0
0.0246101409788574
0
0
0
0
0
0
0
0
0
0
0
0
0
0
0
0
0
0
0
0
0
0
0
0
0
0
0
0
0
0
0
0
0
0
0
0
0
0
0
0
0
0
0
0
0
0
0
0
0
0
0
0
0
0
0
0
0
0
0
0
0
190.156187395668
190.156187395668
0
0
0
0
0
0
0
0
0
0
0
0
0
0
0
0
0
0
0
0
0
0
0
0
0
0
0
0
0
0
0
0
0
0
0
0
0
0
0
0
0
0
0
0
0
0
0
0
1000
-527.069879805569
1000
0
0
0
-1000
109.015407825644
1000
33.61956916801
0
0
0
-527.749394556485
1000
0
0
0
0
0
0
0
0
0
0
0
0
0
0
0
0
0
0
0
0
0
0
0
0
0
0
0
0
0
0
0
0
0
0
0
0
0
0
0
0
-109.015407825644
0
0
0
0
0
0
0
0
0
0
0
0
0
0
0
0
0
-999.996487901287
999.996487901287
1000
999.996487901287
1000
-1000
-1000
0
0
0
0
0
0
0.00351209871257652
0
0
0
0
0
0
0
0.0140483948503922
0.00351209871259806
0.00351209871259806
0.00351209871259806
0.00351209871259806
0.00351209871259806
0
0
0
0
0
0
0
0
0.014017854861587
0
0.00351209871259806
0.0210318722905148
1000
0.00175095935816483
0.00175095935816483
0.00351209871257652
0
0.0122668955034222
0.00175095935816483
0.0262949303613054
-0.00175095935821901
0.00175095935816483
0.00175095935816483
0.00175095935816483
0.00175095935816483
0.00175095935816483
-0.00175095935821901
-0.00350191871632433
-0.0438452439279899
0.00175095935816483
0.00175095935816483
0.00175095935821901
0.00175095935816483
0.0385821858571944
-0.00526305807079552
-0.0403331452154134
0.00351209871257652
0.00175095935816483
0.00175095935816483
0.00351209871259806
0.00351209871259806
-0.00351209871257652
-0.00351209871257652
0.00351209871257652
0.00351209871257652
0.00175095935816483
0.00175095935816483
0.00175095935816483
0.00175095935816483
-0.00526305807079552
-999.975456028997
0
0
0
0
0
0
-1000
0
0
0
0.00351209871259806
0
0
0
0
0.00175604935629903
0.00351209871257652
0.00351209871257652
0
0.00351209871259806
0
0
0
0
0
-0.00351209871257652
0
0
0.00700383743265932
0.00175095935816483
0.00525287807449449
0.00175095935816483
-0.00175095935821901
0.00175095935816483
0.00175095935816483
0.00175095935816483
0.00175095935816483
0.00175095935816483
0.00175095935816483
0.00350191871632966
0.00175095935816483
0.00175095935816483
0.00175095935816483
0.00175095935816483
0.00175095935816483
0
0.00175095935816483
0.00351209871259806
0.00351209871259806
0.00351209871259806
0.00351209871259806
0.00351209871259806
0.00351209871259806
0.00351209871259806
0.00351209871259806
0.00351209871259806
0.00351209871259806
0.00351209871259806
0.00351209871259806
0.00351209871259806
0.00351209871259806
0
0
0
0
0
0
0
0
0
0
0
0
-0.00351209871257652
0.00351209871259806
0.00351209871259806
0
0
0
0
0
0
0
0
0
0
0
0
0
0
0
0
0
0
0
0
0
0
0
0
0
0
0
0
0
0
0
0
0
0
0
0
0
0
0
0
0
0
0
0
0
0
0
0
0
0
0
0
0
0
0
0
0
0
0
0
0
1000
500
999.22243237336
0
0
0
0
0.00351209871259806
0
0
0
0
0
0
0
0
0
0
0
0
0
0
0
0
0
0
0
0
0
0
718.808544144311
0
0
0
-1000
0
-0.967998878501703
0
-250
0
-126.629530938921
0
0
0
0.00142183872147462
0
0
0
0
0
0
0
0
0
0.00142183872147462
0
0
0
0
621.298815317887
0
0
0.00142183872147462
0
0.00142183872147462
0
0.00142183872147462
0
0.53302623273417
0
0
0
0.0888649200921635
0
0
0
0.00142183872151236
0
0.550607044891045
0
0.00142183872147462
0
0.00142183872147462
0
0.00142183872147462
0
0.00142183872147462
0
0.00142183872147462
0
0.00142183872147462
0
0.00142183872147462
0
0.00142183872147462
0
0.00142183872147462
0
0.00142183872147462
0
0.00142183872147462
0
0.00142183872147462
0
0.00142183872147462
0
0.00142183872147462
0
0.00142183872147462
0
0.00142183872147462
0
0.00142183872147462
0
0.0298586131509669
0
0.00976069918876522
0
0.0408778632423952
0
0.0412333229227639
0
0.0209721211417506
0
0.00142183872147462
0
0.00142183872147462
0
0.102329889855084
0
0.00142183872147462
0
0.00142183872147462
0
0.00142183872147462
0
0.00142183872147462
0
0.680705287905973
0
0.010308330730691
0
0.0764238312792606
0
0
0
0.0014643368125631
0
0.00142183872147462
0
0.00142183872147462
0
0.0135074678540089
0
0.00142183872147462
0
0.00142183872147462
0
0.00142183872147462
0
0
-1000
0
0
0
0
0
0
0
-239.526720470064
-1000
-1000
0
0
-3.81855901692484
0
9.39272201531833
0
188.857640644999
-5.36548579988346
-1000
-1000
0
0
1000
0
0
0
0
0
1000
0.356537402640242
0
0
0
1000
996.132729700928
-0.00351209871257652
0
0
-3.07386683990399
0
1000
0
0
0
0.0507981813793776
1000
-1000
-1000
-1000
329.17685245083
0
1000
0
0
-1000
0
0
1000
1000
1000
168.265099892699
0
1000
0
0
-1000
1000
1000
1000
0
0
0
-999.22243237336
0
0
0
0
0
0
0
0
0
0
0
1000
0
0
0
0
1000
999.823627322985
0
0
0
1000
0
0
0
0
0
0
0
0
0
-1000
-1000
-1000
-1000
1000
-1000
1000
-1000
-1000
-1000
-1000
-1000
1000
-1000
-1000
-1000
1000
-1000
-1000
1000
1000
-1000
-1000
-172.769895764129
-1000
1000
1000
1000
1000
1000
10.2038726013147
1000
-1000
-1000
463.181919927941
-958.331752515663
-1000
-1000
1000
-873.792859164409
-1000
1000
-1000
-1000
-1000
-1000
-1000
-1000
-1000
-1000
-1000
-1000
-1000
66.8925315197396
-1000
-1000
-1000
-1000
-1000
-1000
-1000
-1000
-1000
-1000
-1000
339.230329782705
-1000
-1000
1000
-1000
-17.0291359327658
-1000
-1000
1000
1000
-1000
-656.894928963171
-1000
-1000
-1000
-1000
-1000
1000
-1000
-1000
1000
-1000
1000
-1000
-987.051379838139
1000
1000
-1000
-1000
1000
1000
1000
1000
-1000
-1000
-1000
-1000
1000
-1000
1000
-969.437441294739
-1000
-1000
1000
1000
1000
1000
1000
1000
1000
1000
-1000
-87.3245644967992
-1000
-967.324892710786
-1000
-1000
1000
-1000
1000
944.080122523102
1000
-55.9198774768977
0
0
0
0
0
0
0
0
0
0
0
0
0
0
0
0
0
0
0
0
0
0
0
0
0
0
0
0
0
0
0
0
0
0
0
0
0
0
0
0
0
0
0
0
0
0
0
0
0
0
0
0
0
0
0
0
0
0
0
0
0
0
0
0
0
0
0
0
0
0
0
0
0
0
0
0
135.003679024456
0
0
0
0
0
0
0
0
0
0
0
0
0
0
0
0
0
0
0
0
0
0
0
0
0
0
0
0
0
0
0
0
0
0
0
0
0
0
0
0
0
0
0
0
0
0
0
0
0
0
0
0
0
0
0
0
0
0
0
0
0
0
0
0
0
0
0
0
0
0
0
0
0
0
0
0
0
0
0
0
0
226.716359756072
0
0
0
0
0
0
0
0
0
0
0
0
0
0
0
0
0
0
0
0
0
0
0
0
0
0
0
0
0
0
0
0
0
0
0
0
0
0
0
0
0
0
0
0
0
0
0
0
0
0
0
0
0
0
0
0
0
0
0
0
0
0
0
0
0
0
0
0
0
0
0
0
0
0
0
0
0
0
0
0
0
0
0
0
0
0
0
0
0
0
0
0
0
0
0
0
0
0
0
0
0
0
0
0
0
0
0
0
0
0
0
0
0
0
0
0
0
0
0
0
0
0
0
0
0
0
0
0
0
0
0
0
0
0
0
0
0
0
0
0
0
0
0
0
0
0
0
0
0
0
0
0
0
0
0
0
0
0
0
0
0
0.00351209871259806
0
0
0
0
1000
-1000
-1000
1000
1000
1000
1000
1000
-1000
-1000
886.616518183409
-1000
-567.882723219273
1000
1000
-1000
-1000
-1000
388.957594958593
-1000
1000
1000
-1000
1000
-1000
-1000
-1000
567.882723219273
1000
1000
-1000
-1000
0
-1000
1000
-1000
-1000
-1000
-502.390174897186
-1000
-1000
1000
-1000
-1000
-113.383481816591
1000
-1000
1000
-1000
113.432579938593
-1000
-1000
-1000
-1000
-1000
0
0
0
0
0
0
0
0
0
0
0
0
0
0
0
0
0
0
-1000
-0.46121321427006
0
0
0
0
0
0
0
0
0
0
0
0
0
66.3421067565046
0
0
-0.00351209871257652
0.00351209871259806
0
0
-0.00351209871257652
-0.00351209871257652
0
0
0
0
0
0
0
0
0
0
0
0
0
0
0
0
0
0
0
0
259.320176932577
0
0
0
0
0
0
0
0.00351209871259806
0
0
1000
239.526720470064
527.749394556485
-527.752906655198
239.523208371352
0
0
0
0
0
-342.388133483073
0
0
0
0
0
0
0
0
0
0
0
0
0
0
0
0
0
0
-1000
0
0
0.00351209871259806
0
0
0
500
29.313518727193
0
0
0
0
0
0
-1000
0
1000
0
0
0
0
0
0
0
0
0
0
0
0
0
0
0.384962833839252
0
0
0
0
0
0
0
0
0
0
0
0
0
0
0
0
0
0
0
0
0.00351209871259806
0
0
0
0
1000
0
875.2694998583
0
-126.629530938921
0
1.8990307972208
0
0
0
0
0.00525287807449449
1000
0
0
388.836890691272
0
0
0
0
0
0
0
-0.0280967897008395
0.00351209871259806
0
0
1000
253.256971617851
1000
1000
0
0
0
-253.197265939737
1000
0
0
0
0
0
0.00351209871246283
0
0
1000
0
1000
0
0
0.0280967897007258
0.0280967897008395
0
0
0
-1000
0.00351209871259806
0
1000
0
0
0
0
0
0
0
0
0
0
0
-1000
1000
0
0
1000
0
611.157856430654
611.157856430654
0
0
0
0
0
0
1000
0
998.183858974062
0
0
0
0
0
0
0
0
0
0
0.9495153986104
0
0.00351209871259806
-0.00351209871257652
0.00351209871259806
0.00351209871259806
0
0
0.00351209871257652
626.96505448379
0
0
0.949515398610401
0
0
-0.0105362961378432
-1000
1000
-1000
-992.363612380876
-260.909519132718
1000
0
0
-1000
1000
-1000
-1000
0
0
0
0
0
0
0
0
0
0
0
0
0
0
259.093378106779
0
0
0
0
0
0
0
0
0
994.179753406815
0
0
0
0
0
0
0.00175095935816483
0
0
0
0
0
0
0
0
0.00351209871259806
0
0
0
0
0
0
0
0
0
0
-1000
0
0
0
0
0
0
0
0
0
0
0
0
0
1000
0
0
0
1000
0
0
0
0
0
0
0
0
0
0
0
0
0
0
0
0
0
0
0
0
0
0
0
0
0
0
0
2.26504916971908
0
0
0
0
0
0
0
0
0
0
0
0
0
0
0
0
0
0
0
0
0
0
0
0
0
0
0
0
0
0
0
0
0
0
0
0
0
0
0
0
0
0
0
0
0
0
0
0
0
0
0
0
0
0
0
0
0
0
0
0
0
0
0
0
0
0
0
0
0
0
0
0
0
0
0
0
0
0
0
0
0
0
0
0
0
0
0
0
0
0
0
0
0
0
0
0
0
0
0
0
0
0
0
0
0
0
0
0
0
0
0
0
-999.949201818621
0
0.00175095935821901
0
0
0
-0.0507981813793776
0
1000
0.0157688142197685
0
0
0
0
0
0
0
0
0
0
0
0
0
0
0
0
0
0
0
0.00351209871259806
0.00351209871259806
0.00351209871259806
1000
-1000
0
-275.251666890283
-1000
0
0
0
0
0
0
-1000
1000
0
0
0
0
0
0
0
0
0
0
-1000
0
1000
0
-1000
-1000
-1000
-999.45081479383
-1000
-1000
0
0
0
0
0
0
0
0
0
0
-1000
0
1000
0.384685092322395
0.00351209871259806
0.00351209871259806
0.00351209871259806
0.00351209871259806
0.00351209871259806
0
0
0
0
1000
0
0
0
0
0
0
0
0
0
0
0
-1000
0
0
0
0
0
0
1000
-999.998578161278
0
1000
1000
1000
-999.998578161278
0
0
0
0
0
0
0
0
0
250
0
0
0
0
0
0
0
0
0
0
0
0
0
0
0
0
0
0
0
0
0
0
0
0
0
0
0
0
0
0
0
0
0
0
0
0
0.00351209871259806
1000
0
0
0
0
0
0
0
0
0
-1000
0
0
0
0
0
0
0
0
1000
-1000
-1000
-1000
-1000
1000
0
0.0210318722905148
0
0
0
0
-1000
0
0
0
0
0
0
999.978927407724
14.5220904367534
0
0
0
0
0.564830306288005
0.564830306288005
0
-999.947450859262
0
0
0
0
0
0
0
0
-102.416917074892
0
0
0
0
0
0
0
1000
0.00351209871259806
0
0
0
0
0
0
0
0
-1000
-239.523208371352
0
0
1000
0
0
0
1000
0
0
0
0
-873.317505568704
0
0
-250
0
0
-1000
-1000
0
0
0
0
-126.630952777643
0
0
0
-1000
1000
-1000
1000
-437.619625423861
437.619625423861
-750
0
0
0
0
1000
-1000
0
0
-1000
0
0
0
0
0.000874207179548864
0
0
0
0
0
0
0
0
998.183858974062
0
1000
0
0
0
0
0
0
0
0
0
0
-642.093862309123
0
0
-1000
1000
-1000
-1000
1000
0
0
0
0
0
0
0
0
-1000
0
0
-1000
0.00175095935816483
0.00175095935816483
0
-1000
41.6682474843371
1000
-435.860340009628
-435.860340009628
372.849343159149
0
0
0
0
0
0
0
0
0
0
0
0
0
0
0
0
0
0
0
0
0
0
0
0
0
0.00351209871257652
0
0
0
0
0
0
0
0
0
0
0
0
0
0
0
0
0
0
0
0
0
0
0
0
0
0
0
0
0
0
0
0
0
0
0
0
0
0
0
0
0
0
0
0
0
0
-1000
0
-1000
0
0
0
0
0
0
-1000
0
0
0
0
0
0
0
0
0
0
0
-1000
0
0
0
0
0
0
0
0
0
0
0
0
0
1000
0
0
0
-124.7305001417
0
0
0
0
0
0
0
0
0
0
0
0
0
0
0
0
0
0
0
0
0
0
0
0
0
0
0
0
0
0
0
0
0
0
0
0
0
0
0
0
0
126.629530938921
0
0
0
0
0
0
0
0
0
0
0
0
0
0
0
0
0
0
0
0
0
0
0
0
0
0
0
0
0
0
0
0
0
0
0
0
0
0
0
0
0
0
0
0
0
0
0
0
0
0
0
0
0
0
0
0
0
0
0
0
0
0
0
0
0
0
0
0
0
0
0
0
0
0
0
0
0
0
0
0
0
0
0
0
0
0
0
0
0
0
0
0
0
0
0
0
0
0
0
0
0
0
0
0
0
0
0
0
0
0
0
0
0
0
0
0
0
0
0
0
0
0
0
0
0
0
0
0
0
0
0
0
0
0
0
0
0
0
0
0
0
0
0
0
0
0
42.0524639287819
0
0
0
0
0
0
0
0
0
0
0
0
0
0
0
0
0
0
0
0
0
505.153670437571
0
171.820337104238
171.820337104238
0
5.1509359774625
0
547.433527900343
-1000
452.72643801602
0
-1000
0
0
-1000
0
0
0
970.661896581819
0.0210725922755884
0
0
0
0
0
0
0
0
0
0
0
0
0
0
0
0
0
0
0
0
0
0
0
0
0
0
-0.967998878501703
0
0
0
0
0
0
0
0
0
0
0
0
0
0
0
0
0
0
0
0
0
0
0
0
0
0
0
0
0
0
0
0
0
0
0
0
0
0
0
0
0
0
0
0
0
0
0
0
0
0
0
0
0
0
0
0
0
0
0
0
0
0
0
0
0
0
0
0
0
0
0
0
0
0
0
0
0
0
0
0
0
0
0
0
0
0
0
0
0
0
0
0
0
0
0
0
0
0
0
0
0
0
0
0
0
0
0
0
0
0
0
0
0
0
0
0
0
0
0
0
0
0
0
0
0
0
0
0
0
0
0
0
0
0
0
0
0
0
0
0
0
0
0
0
0
0
0
0
0
0
0
0
0
0
0
0
0
0
0
0
0
0
0
0
0
0
0
0
0
0
0
0
0
0
0
0
0
0
0
0
0
0
0
0
0
0
0
0
0
0
0
0
0
0
0
0
0
0
0
0
0
0
0
0
0
0
0
0
0
0
0
0
0
0
0
0
0
0
0
0
0
0
0
0
0
0
0
0
0
0
0
0
0
0
0
0
0
0
0
0
0
0
0
0
0
0
0
0
0
0
0
0
0
0
0
0
0
0
0
0
0
0
0
0
0
0
372.849343159149
0
0
0
0
0
0
0
0
0
0
-1000
0
0
0
0
0.00351209871257652
181.672671078536
0
0
0
0
0
0
0
0
0
0
0
0
0
0
0
0
0
0
0
0
0
0
0
0
0
0
0
0
0
0
0
0
0
0
0
0
0
0
0
0
0
0
0
0
0
0
0
0
0
0
0
0
0
0
0
0
0
0
0
0
0
0
0
0
0
0
0
0
0
0
0
0
0
0
0
0
0
0
0
0
0
0
0
0
0
0
0
0
0
0
0
0
0
0
0
0
0
0
0
0
0
0
0
0
0
0
0
0
0
0
0
0
0
0
0
0
0
0
0
0
0
0
0
0
0
0
0
0
0
0
0
0
0
0
0
0
0
0
0
0
0
0
0
0
0
0
0
0
0
0
0
0
0
0
0
0
0
0
318.615974232324
0
0
0
0
0
0
0
1000
0.00351209871257652
0
0
0
1000
0
0
0
0
0
0
0
0
0
0
0
0
0
0
0
0
1000
-1000
0
0
1000
0
0
0
0
0
0
0
0
0
0
0
0
0
0
0
0
0
0
0
0
0
0
0
0
0
0.0192707329360928
0
0
0
0
0
0
0
0
0
0
0
0
0
0
0
0
0
0
0
0
0
0
0
0
0
0
0
0
0
0
0
0
0
0
0
0
0
0
0
0
0
0
0
0
0
0
0
0
0
0
0
0
0
0
0
0
0
0
0
0
0
0
0
0
0
0
0
0
0
0
0
0
0
0
0
0
0
0
0
0
0
0
0
0
0
0
0
0
0
0
0
0
0
0
0
0
0
0
0
0
0
0
0
0
0
0
0
0
0
0
0
0
0
0
0
0
0
0
0
0
0
0
0
0
0
0
0
0
0
0
0
0
0
0
0
0
0
0
-0.0385414658721857
0
0
500
84.8333022366681
0
0
-0.949515398610401
0
0
452.797750688216
18.765126454751
41.016901631429
0.101799962684002
84.8333022366681
0
0
0
0
0
0
0
0
0
0
0
0
0
0
0
0
0
0
0
0
0
0
0
0
0
928.405941302913
-1000
0
-1000
-0.0280967897006121
0
0
0
0
-1000
500
0
-250
0
0
-3.55459680368654
0
0
0.00351209871257652
0
0
0
0
0
0
0
0
0
0
0
0
0
0
0
0
0
0.967998878501703
0
250
0
126.629530938921
0
0
0.0507981813793776
-0.680705287905994
-0.0298586131509637
0
-10.4222292796069
-20.4320329770597
-1000
-32.6751072892139
-10.2038726013147
164.390358638575
-25.9339561769306
-4.47843485837598
-30.5625587052606
1000
-1000
0
0
0
0
0
-1000
-37.7662167396733
-17.0291359327658
-285.102659006699
-12.9486201618612
-9.04911320793894
-23.2447701876838
-1000
-23.3839052866822
933.107468480261
0
0
-1000
-1000
0
804.051206637857
-0.00351209871257652
0
999.823627322985
-1000
0
0
0
0.356537402640242
0
0
1000
0
0
0
0
0
0
0
0
0
0
0
-0.00351209871257652
0
0
0
0
0
0
0
0
0
0
0
0
259.320176932577
0
0
0
0
611.042405041407
0
1000
0
0
-1000
1000
0
-0.00351209871257652
-0.00351209871257652
0
-472.250605443515
0
0
-0.00351209871257652
0
-0.00351209871257652
-342.388133483073
0
0
-0.00351209871257652
0
0
0
-0.00351209871257652
0
0
0
0
0
0
0
0
0
0
0
318.733794964136
0
0
0
0
0
1000
0
0
0
0
0
0
-1000
996.181440983075
0
0
0
-432.117276780727
0
1000
0
0
-0.00351209871257652
0
0
0
0
0
0
0
0
0
0
0
0
0
0
29.313518727193
-3.07386683990399
-0.46121321427006
-1000
0
0
0
0
0
0
1000
0
0
0
2.39017489718606
0
0
0
0
0
0
-1000
0
0
0
0
996.132729700928
-195.948793362143
9.39272201531833
0
0
188.857640644999
332.995411467755
0
0
0
0
0
-999.22243237336
0
0
0
-1000
-1000
0
0
0
0
0
-0.0490981220023059
0
0
0
0
472.247093344802
1000
-1000
0
0
0
0
0
0
-5.36548579988346
-804.051206637857
-1000
0
0
0
0
0
0
0
0
0
0
0
0
1000
0
-0.00146433681254621
-0.00142183872151236
-0.384962833839268
0
-0.0209721211417673
-0.102329889855127
-0.0135074678539695
-0.0764238312792713
-0.0408778632423719
-0.00142183872151236
0
0
0
621.298815317887
-0.00142183872151236
0
-0.00142183872151236
-0.00142183872151236
-0.00142183872151236
-0.0103083307307088
0
-0.00142183872151236
-0.533026232734187
0
0
-14.5220904367534
0
-0.00142183872151236
-0.009760699188746
0
-0.00142183872151236
-0.00142183872151236
-0.00142183872151236
-0.00142183872151236
-0.0412333229227215
0
-0.0888649200921918
0
0
0
0
0
0
0
-1000
1000
-0.00351209871257652
0
750
-750
0
0
0
-1000
0
0
0
0
0
0
0
0
0
0
0
0
0
0
0
0
0
0
0
1000
-1000
1000
-1000
-41.6682474843371
41.6682474843371
-1000
1000
1000
0
-804.051206637857
1000
0
-0.00142183872151236
-0.00142183872151236
0
0
0
0
0
452.566472099657
-452.726438016019
970.661896581819
0.0210725922755728
0
0
0
0
0
-1000
0
0
0
0
0
0
-0.967998878501703
0
0
0
0
0
0
0
0
0
0
0
0
0
0
0
0
0
0
0
0
0
0
0
0
0
0
0
0
0
0
0
0
0
0
0
0
0
0
0
0
0
0
0
0
0
0
0
0
0
0
0
0
0
0
0
0
0
0
0
0
0
0
0
0
0
0
-0.00142183872151236
0
0
0
0
0
0
0
0
0
0
0
0
0
0
0
0
0
0
0
0
0
0
0
0
0
0
0
0
0
0
0
0
0
0
0
0
0
0
0
0
0
0
0
0
0
0
0
0
0
0
0
0
0
0
0
0
0
0
0
0
0
0
0
0
0
0
0
0
0
0
0
0
0
0
0
0
0
0
0
0
0
0
0
0
0
0
0
0
0
0
0
0
0
0
0
0
0
0
0
0
0
0
0
0
0
0
0
0
0
0
0
0
0
0
0
0
0
0
0
0
0
0
0
0
0
0
0
0
0
0
0
0
0
0
0
0
0
0
0
0
0
0
0
0
0
0
0
0
0
0
0
0
0
0
0
0
0
0
0
0
0
0
0
0
0
0
0
0
0
0
0
0
0
0
0
0
0
0
0
0
0
0
0
0
0
0
0
0
0
0
0
0
0
0
0
0
0
0
0
0
0
0
0
0
0
0
0
0
0
0
0
0
0
0
0
0
0
0
0
0
0
0
0
0
0
0
0
0
0
0
0
0
0
0
0
0
0
0
0
0
0
0
0
0
0
0
0
0
0
0
0
0
0
0
0
0
0
-318.615974232324
1000
1000
0
0
-181.672671078536
0
0
0
0
0
0
0
0
0
0
0
0
0
0
0
0
0
0
0
0
0
0
0
0
0
-1000
0
-1000
-0.00351209871257652
0
0
0
0
0
0
0
0
1000
0
0
0
0
0
-1000
0
0
0
0
0
0
0
0
0
0
0
0
0
0
0
0
0
0
0
0
0
0
0
0
0
0
0
0
0
0
0
0
0
0
0
0
0
0
0
0
0
0
0
0
0
0
0
0
0
0
0
0
0
0
0
0
0
0
0
0
0
0
0
0
0
0
0
0
0
0
-718.808544144311
718.808544144311
718.808544144311
-0.00142183872151236
-0.00142183872151236
-0.00142183872151236
-0.00142183872151236
0
-0.00142183872151236
-0.55060704489108
0
-0.00142183872151236
-0.00142183872151236
-0.00142183872151236
-0.00142183872151236
0
-0.00142183872151236
-0.00142183872151236
-0.00142183872151236
-0.00142183872151236
-0.00142183872151236
-0.00142183872151236
-0.00142183872151236
0
-0.00142183872151236
-0.00142183872151236
-0.00142183872151236
-1000
84.833302236668
0
0
0
0
0
0
0
0
0
0
0
0
0
