0
0
0
0
0
0
0
0
0
1000
0
0
0
257.353088203887
0
0
999.739512493705
-999.739512493705
999.940215982162
0
0.0597840178382967
0
-1000
0.375785254983384
0
1000
-259.857553672809
0
-326.63251532484
0.0264484000322742
0
0
0
0
0
290.381020148299
0
0
0
35.875709921558
0
0
0
0
0
0
0
0
0
0
0
0
0
0
0
0
0
0
0
0
0
0
0
0
0
0
0
0
326.63251532484
0
0
0
0
1000
1000
0
0
0
0
326.63251532484
0
-1000
0
0
0
0
0
0
0
0
0
0
0
0
0
0
0
0
0
0
0
0
0
0
0
0.00365646083395495
0
0
0
0
0
0
0
0
0
0
272.237755542154
1000
0
0
0
0
0
0
0
0
0
0
0
0
0
1000
0
0
1000
0
0
0
0
1000
0
0
0
-14.9670918167812
0
0
0
0
733.296976562184
0
0
0
-552.870308856737
0
0
482.370869998436
1000
1000
517.620589427587
0
552.870308856737
0
-1000
517.620589427587
774.973677631474
1000
-742.646911796113
0
552.870308856737
1000
0
0
0
0
0
1000
-1000
0
0
0
0
0
-4.02196118883899
0
0
0
0
0
0
0
748.263105810806
-1000
0
0
0
411.463381169488
0
0
0
0
995.973768524173
995.973768524173
0
0
0
0
-1000
0
1000
0
0
0
0
0
0
0
0
0
0
0.463089881417295
0
0
0
-1000
998.340752832143
0
0
0.47163045539419
0
0
0.480171029371085
0.707445683091285
0
1000
0
0
0
-1000
0
0
0
0
0
0
0
0
0
0
0
0
-1000
0
540.720475501574
1000
-1000
-1000
1000
-1000
1000
-1000
1000
-0.98854450013107
999.528369544606
0
0
-0.707445683091237
1000
-1000
-1000
1000
0
0
1000
0
0.183622340503238
0
-0.183622340503234
0
0.00182293119837754
0
0
0
0
2.69184230580258
0
0
0
860.050796984953
0
497.313088175501
0
0
0
0
0
0
1000
0
1000
0
0
0
1000
0
-0.183622340503234
0
-0.707445683091237
0
0
0.707445683091237
0
0
0
0
0
0
0
0
-1000
0
0
0
-1000
0.707445683091237
0
-1000
-0.98854450013107
0
0
0.00365646083395495
0
0
0
0
0
0
0
0
0
0
0
0
0
0
0
0
2.35815227697095
0
9.9272028438777
0
0
0
0
0
0
0
0
635.082022354826
636.620462942811
-999.995729713012
-997.418234829361
-1000
1000
0
-502.966544524388
-1000
-996.930131752949
1000
-1000
1000
1000
1000
0
-1000
0
0
0
0
-1000
0
-1000
-1000
-1000
1000
1000
0
0
1000
0
0
0
0
0
0
0
0.988544500131022
-1000
1000
0.00854057397691577
-1000
1000
-1000
-1000
0
-1000
-1000
1000
1000
1000
1000
1000
-1000
-1000
1000
-1000
-6.04009705317299
-1000
1000
0
1000
1000
0
0
0
-1000
1000
2.3709631379362
0
0
-1000
0
0
0
-676.374021482663
1000
0
0
0
-30.0877973823374
0
0
0
0
0
0
406.964245166718
0
272.950279643071
0
0
0
272.950279643071
0
0
0
0
0
616.06687671122
383.93312328878
-1000
0
0
1000
0
0
0
0
0
0
0
0
0
0
0
0
0
0
0
0
0
0
0
0
0
1000
0
0
0
0
0
-1000
1000
0
0
0
0
0
0
0
0
0
0
1000
1000
1000
0.10675717471122
0.10675717471122
0
-964.320330254531
0
0
0
0
0
0
0
0
0
0
0
100.823987969065
0
0
0
0
-727.758587997012
0
0
0
0
0
0
0
0
0
0
0
0
0
0
0
0
0
0
0
0
0
0
0
0
0
0
0
0
0
0
0
0
0.166541192549445
0
0
0
1000
0
0
0
0
0
0
-1000
0
0
0
0
0
0
0
0
0
0
0
0
0
0
0
0
0
0
0
0
0
0
0
0
0
0
0
-534.119456966861
0
0
0.166541192549445
0
0
0
0
0
0
0
0
0
1000
0
0
0
0
0
0
0
0
0
0
0
0
0
0
0
0
0
0
0
0
0
0
0.00365646083395495
0
0
0
0
0
0
0
0
0
0
0
0
0
0
0
0
0
0
0
0
0
0
0
0
0
0
0
0
0
0
0
0
0
0
0
0
0
0
0
0
0
0
0
0
0
0
0
0
-1000
0
0.00427028698844739
0
0
0
0
0.772921944908978
0.772921944908978
0
1000
0
0
0
0
0
0
0
0
0
0
0
0
0
0
0
0
0
0
0
1000
0
0
0
0
0
-1000
0
0
0
-1000
0
0
-1000
0
0
0
0
292.56864533713
0
0
292.56864533713
0
0
0
0
0
0
0
0
0
0
292.56864533713
0
292.56864533713
0
0
0
13.2466112947993
37.7599133349973
24.1361743165027
17.6778620482197
26.2103767968271
8.62679667953122
20.1763332177014
36.9113759566828
33.9886360980438
10.7481401253176
20.8363067341683
42.9454195358084
33.8943541671199
10.4652943325461
17.3478752899863
24.0418923855788
31.1601781703286
25.2204165221268
4.61981461526809
31.4430239631001
0
0
0
0
0
0
0
0
0
0
0
0
0
0
0
0
0
0
0
0
0
0
0
0
0
0
0
0
0
0
0
0
0
0
0
0
0
0
0
0
0
0
0
0
0
0
0
0
0
0
0
0
0
0
0
0
0
0
0
0
0
0
0
0
0
0
0
0
0
0
0
0
0
0
0
0
0
0
0
0
0
0
0
0
0
0
0
246.757244966929
0
0
0
0
0
0
-1000
0
67.7456189636036
0
0
100.823987969065
1000
1000
-635.617292599344
-635.617292599344
424.813843459195
0
0
0
0
0
0
-30.0877973823374
-697.205329332933
-424.967573790779
-1000
0
-272.241412002988
727.758587997012
-272.360980038665
1000
1000
424.822384033172
1000
0
0
1000
0
-1000
-1000
-1000
0
0
0
727.758587997012
727.758587997012
272.241412002988
0
0
0
0
0
0
0
0
0
0
0
-999.996343539166
364.371738018154
1000
1000
0
500
199.589522033589
124.124653837475
5
0
0
0
0
0
0
257.733655614531
0
0
0
0
-0.00148028231058106
0
0
0
0
-0.00148028231058106
861.721398429339
363.335659527182
0
-0.00148028231058106
0.00148028231058106
-0.00148028231058106
-0.554474461038808
0
-0.0925176444112594
0
-1000
-0.00148028231058106
0
-0.00148028231058106
-0.00148028231058106
0.00148028231058106
-0.00148028231058106
0.00148028231058106
-0.00148028231058106
-0.00148028231058106
-0.00148028231058106
-0.00148028231058106
-0.00148028231058106
-0.00148028231058106
-0.00148028231058106
-0.00148028231058106
-0.00148028231058106
-0.00148028231058106
-0.00148028231058106
-0.0310859285222023
0
-0.0425581164291771
-0.0565120626533826
-0.0218341640810422
0.00148028231058106
0.00148028231058106
-0.0928481997757444
0.00148028231058106
0.00148028231058106
0.00148028231058106
0.00148028231058106
-0.708685156190541
-121.622593570527
-0.480351609783497
0
-0.015212408896673
0.00148028231058106
0.00148028231058106
0.0140626819504632
0.00148028231058106
0.00148028231058106
-0.00148028231058106
0
0
0
0
0
0
0
0
0
0
0
0
0
0
0
0
0
0
0
0
0
0
0
0
0
0
0
0
0
0
0
0
0
0
0
0
0.00433211120548549
0
0
0
0
0
0
0
0
0
0
0
0
0
0
0
0
0
0
0
0
0
0
0
0
0
0
0
0
0
0
0
0
0
0
0
0
0
0
0
0
0
0
0
0
0
0
0
0
0
0
0
0
0
0
0
0
0
0
0
0
0
0
0
0
0
0
0
0
0
0
0
0
0
0
0
0
0
0
0
0
0
0
0
0
0
0
0
0
0
0
0
0
0
0
0
0
0
0
0
0
0
0
0
0
0
0
0
0
0
0
0
0
0
0
0
0
0
0
0
0
0
0
0
0
0
0
0
0
0
0
0
0
0
0
0
0
0
0
0
0
0
0.0014802823105808
0.0014802823105808
136.124754655377
0.081045456504299
0.0014802823105808
0
0
0
0
0.0014802823105808
0
0
0
0
0
0
0
0
0
0
0
0
0
0
0
0
0
0
0
0
0
0
0
0
0
0
0
0
0
0
0
0
0
0
0
0
0
0
0
0
0
0
0
0
0
0
0
0
0
0
0
0
0
0
0
0
0
0
0
0
0
0
0
0
0
0
0
0
0
0
0
0
0
0
0
0
0
0
0
0
0
0
0
0
0
0
0
0
0
0
0
0
0
0
0
0
0
0
0
0
0
0
0
0
0
0
0
0
0
0
0
0
0
0
0
0
0
0
0
0
0
0
0
0
0
0
0
0
0
0
0
0
0
0
0
0
0
0
0
0
0
0
0
0
0
0
0
0
0
0
0
0
0
0
0
0
0
0
0
0
0
0
0
0
0
0
0
0
0
0
0
0
0
0
0
0
0
0
0
0
0
0
0
0
0
0
0
0
0
0
0
0
0
-1000
0
0
0
0
0
0
0
0
0
0
0
0
0
0
0
0
0
0
0
0
0
0
0
0
0
0
0
0
0
0
0
0
0
0
0
0
0
0
0
0
0
0
0
0
-0.00456262721456824
0
0
0.00456262721456824
0
0
0
0
0
0
0
0
0
0
0
0
0
0
0
0
0
0
0
0
0
0
0
0
0
0
0
0
0
0
0
0
0
0
0
0
0
0
0
0
0
0
0
0
0
0
0
0
0
0
1000
1000
0
0
0
0
0
0
0
0
0
0
0
0
0
0
0
0
0
0
0
0
0
-1000
0
-1000
0
0
0
0
0
0
0
0
0
0
0
1000
1000
0
0
0
0
0
0
0
0
0
0
0
0
0
0
0
0
0
-1000
0
-1000
0
0
0
0
0
0
0
0
0
0
0
0
0
0
0
0
0
0
0
0
0
0
0
0
0
0
0
0
0
0
0
0
0
0
0
0
0
0
0
0
0
0
0
0
0
0
0
0
0
0
0
0
0
0
0
0
0
0
0
0
0
0
0
0
0
1000
337.47846136145
0
0
0.00148028231058106
0
1000
0
0
136.123274373067
0
863.823065393175
0
363.335659527182
0
0
0
0.00433211120548549
0
0
-1000
999.998519717689
0
0
0
0
0
0
0
0
0
0
0
0
0
-1000
-0.00925176444116005
0
0.0135838756465319
0
-0.0100314208096961
0
0
0
0
-121.611861523775
0
0
0.0100314208096961
0
0
0
0
0
257.733655614531
-1000
1000
-257.733655614531
-257.733655614531
0
-727.667397169316
1000
-0.0219387650037106
0
0
0.00148028231058106
-0.00148028231058106
0
0
136.176934606825
-136.176934606825
1000
0
0
0
-136.123274373066
-136.123274373066
1000
0
1000
-863.823065393175
-1000
0
-636.664340472818
-363.335659527182
-1000
0
0
0
0
0
-1000
0
0
0
0
0
-1000
1000
-1000
0
0
0
-1000
0
0
0
-1000
0
0
0
0
0
0
0
0
0
0
0
0
0
0
0
0
0
0
0
-1000
1000
-1000
0.0135838756465319
-1000
0
-999.986416124353
-0.0135838756465319
-1000
0
0
0
0
0
0
0
0
0
-1000
0
-1000
121.611861523775
-166.750216793451
0
-1000
0
-1000
0
-1000
0
0
0
0
0
0
0
0
0
-1000
0
0
0
0
0
0
0
0
0
0
0
0
0
0
0
0
0
0
0
0
0
0
0
0
0
0
0
0
0
0
0
0
0
0
0
0.00433211120548549
-0.00433211120548549
0
0
0
0
0
0
0
0
0
0
0
0
0
0
0
0
0
0
0
0
0
0
0
0
0
0
0
0
0
0
0
0
0
0
0
0
0.00433211120548549
-0.00433211120548549
0
0
0
0
0
0
0.0100314208096961
0.0100314208096961
0
0
0
0
0
0
0
0
0
0
0
0
0
0
0
0
-0.0100314208096961
-0.0100314208096961
0
0
0
0
0
0
0
0
0
0
0
0
0
0
0
0
0
0
0
0
0
0
0
0
0
0
0
0
0
0
0
0
0
0
0
0
99.6183473749937
0
0
0
0
0
0
0
1.19758454264885
0.00365646083395495
0
0
0
0
0
0
0
0
0.150681514482944
0
0
0
0
0
0
0
0
0
0
0
0
0
0
0
0
0
0
0
0
0
0
0
0
0
0
0
0
0
0
0
0
0
0
0
0
0
0
0
0
0
0
0
0
0
0
0
0
0
0
0
0
0
0
0
0
0
0
0
0
0
0
0
0
0
136.176934606825
136.176934606825
136.176934606825
0
0
0
0
0
0
0
0
0
0
0
0
0
0
0
0
0
0
0
0
0
0
0
0
0
0
0
0
0
0
0
0
0
0
0
0
0
0
0
0
0
0
0
0
0
0
0
0
0
0
0
0
0
0
0
0
0
0
0
0
0
0
0
0
0
0
0
0
0
0
0
0
0
0
0
0
0
0
0
0
0
0
0
0
0
0
0
0
0
0
0
0
0
0
0
0
0
0
0
0
0
0
0
0
0
0
0
0
0
0
0
0
0
0
0
0
136.123274373066
136.123274373066
136.123274373066
136.123274373066
-136.123274373066
0
0
0
0
0
0
0
0
0
0
0
0
0
0
0
0
0
0
0
0
0
0
0
0
0
0
0
0
0
0
0
0
0
0
0
0
0
0
0
0
0
0
0
0
0
0
0
0
0
0
0
0
0
0
0.00365646083395495
0.00365646083395495
0.00365646083395495
0.00365646083395495
0.00365646083395495
0
0
0
0
0
0
0
0
0
0
0
0
0
0
0
0
0
0
0
0
0
0
0
0
0
0
0
0
0
0
0
0
0
0
0
0
0
0
0
0
0
0
0
0
0
0
0
0
14.9670918167812
14.9670918167812
-14.9670918167812
4.98049886364784
-2.48842120140694
2.48842120140694
2.48842120140694
2.48842120140694
0
0
0
0
0
0
0
0
0
0
0
0
0
0
0
0
0
0
0
0
0
2.48842120140694
2.48112947661343
2.48842120140694
2.48842120140694
2.48842120140694
2.48842120140694
2.48842120140694
2.48842120140694
2.48842120140694
2.48842120140694
2.48842120140694
2.48842120140694
2.48842120140694
2.48842120140694
2.48842120140694
2.48842120140694
2.48842120140694
2.48842120140694
14.9670918167812
14.9670918167812
4.98049886364784
4.98049886364784
0
0
0
0
0
0
0
0
0
0
0
0
0
0
0
0
0
0
0
0
0
0
0
0
0
0
0
0
0
0
0
0
0
0
0
0
0
0
0
0
0
0
0
0
0
0
0
0
0
0
0
0
0
0
0
0
0
0
0
0
0
0
0
0
0
0
0
0
0
0
0
0
0
0
0
0
0
0
0
0
0
0
0
0
0
0
0
0
0
0
0
0
0
0
0
0
0
0
0
0
0
0
0
0
0
0
0
0
0
0
0
0
0
0
0
0
0
0
0
0
0
0
0
0
0
0
0
0
0
0
0
0
0
0
0
0
0
0
0
0
0
0
0
0
0
0
0
0
0
0
0
0
0
0
0
0
0
0
0
0
0
0
0
0
0
0
0
0
0
0
0
0
0
0
0
0
0
0
0
0
0
0
0
0
0
0
0
0
0
0
0
0
1.19758454264885
1.19758454264885
1.19758454264885
0
0.0255528320888852
0.0255528320888852
0
-1.22313737473769
1.22313737473773
0.0255528320888852
0
0
0
0
0
0
0.0255528320888852
0
0.0255528320888852
0.0255528320888852
0
0
0
0
0
0
0
0
0
0
0
0
0
0
0
0
0
0
0
0
0
0
0
0
0
0
0
0
0
0
0
0
0
0
0
0
0
0
0
0
0
0
0
0
0
0
0
0
0
0
0
0
0
0
0
0
0
0
0
0
0
0
0
0
0
0
0
0
0
0
0
0
0
0
0
0
0
0
0
0
0
0
0
0
0
0
0
0
0
0
0
0
0
0
0
0
0
0
0
0
0
0
0
0
0
0
0
0
1.19758454264885
0.00365646083395495
0
0
0
0
0
0
0
1.57659172254098
0
0
0
0.988544500131022
0.988544500131022
0.988544500131022
0
0
0
0
0
0
1.35192251796575
0
0
0
0.00365646083395495
0
0
0
0
-1.3519225179657
1.35192251796575
0
0
0
0
0
0
0
0
0
0
0.246565575830162
0
0.224669204575232
0
0
0
0
0
0
0
0
0
0
11.0224665409866
11.0224665409866
11.0224665409866
0
0
0
0
-0.150681514482926
0
0
0
0
0
0
0
0
0
0
0
0
0
0
0
0
0
0
0
0
0
0
0
0
0
0
0
0
0
0
0
0
0
0
0
0
0
0
0
0
0
0
0
0
0
0
0
0
0
0
0
0
0
0
0
0
0
0
0
0
0
0
0
0
0
0
0
0
0
0
0
0
0
0
0
0
0
0
0
0
0
0
0
0
0
0
0
0
0
0
0
0
0
0
0
0
0
0
0
0
0
0
0
0
0
0
0
0
0
0
0
0
0
0
0
1000
0
0
1000
1000
0
0
0
0
0
0
0
0
0
0
0
0
0
0
0
0
0
0
0
0
0
0
0
0
0
0
0
0
0
0
0
0
0
0
0
0
0
0
0
0
0
0
0
0
0
0
0
0
0
0
0
0
0
0
0
0
0
0
0
0
0
0
0
0
0
0
0
0
0
0
0
0
0
0
0
0
0
0
0
0
0
0
0
0
0
0
0
0
0
0
0
0
0
0
0
0
0
0
0
0
0
0
0
0
0
0
0
0
0
0
0
0
0
0
0
0
0
0
0
0
0
0
0
0
0
0
0
0
0
0
0
0
0
0
0
0
0
0
0
0
0
0
0
0
0
0
0
0
0
0
0
0
0
0
0
0
0
0
0
0
0
0
0
0
0
0
0
0
0
0
0
0
0
0
0
0
0
0
0
0
0
0
0
0
0
0
0
0
0
0
0
0
0
0
0
0
0
0
0
0
0
0
0
0
0
0
0
0
0
0
0
0
0
0
0
0
0
0
0
0
0
0
0
0
0
0
0
0
0
0
0
0
0
0
0
0
0
0
0
0
0
0
0
0
0
0
0
0
0
0
0
0
0
0
0
0
0
0
0
0
0
0
0
0
0
0
0
0
0
0
0
0
0
0
0
0
0
0
0
0
0
385.846147468039
0
0
385.846147468039
0
0
0
0
0
0
0
0
0
0
0
0
0
0
0
0
0
0
0
0
0
0
0
0
0
0
0
1000
0
0
0
0
0
0
0
0
0
0
0
0
0
0
0
0
0
0
0
0
0
0
0
0
0
0
0
0
0
0
0
0
0
0
0
0
0
0
0
0
0
0
0
0
0
0
0
0
0
0
0
0
0
0
0
0
0
0
0
0
0
0
0
0
0
0
0
0
0
0
0
0
0
0
0
0
0
0
0
0.166541192549445
0.166541192549445
0
0
0
0
0.166541192549403
0
0.166541192549445
-246.757244966929
0
0
0
0
0.0256217219306809
0
0
0
0
0
0
0
246.757244966929
0
0
0
0
0
1.00778772927364
0
0
0
0
0
0
1.00778772927364
1.00778772927364
1.00778772927364
1.00778772927367
0
0
0
0
0
0
0
0
0
0
0
0
0
0
0
0
0
0
0
0
0
0
0
0
0
0
0
0
0
0
0
0
0
0
0
0
0
120.304186225841
120.304186225841
0
0
0
0
0
0
0
0
0
0
0
0
0
0
0
0
0
0
0
0
0
0
0
0
0
0
0
0
0
0
0
0
0
0
0
0
0
0
0
0
0
0
0
0
0
0
0
0
1000
-999.292554316909
1000
0
0
0
-1000
-1000
1000
0
34.9722240623777
0
0
-1000
1000
0
0
0
0
0
0
0
0
0
0
0
0
0
0
0
0
0
0
0
0
0
0
0
0
0
0
0
0
0
0
0
0
0
0
0
0
0
0
0
0
1000
0
0
0
0
0
0
0
0
0
0
0
0
0
0
0
0
0
-999.996343539166
-1000
1000
-1000
1000
999.996343539166
-1000
0
0
0
0
0
0
0.00365646083400861
0
0
0
0
0
0
0
0
0
0
0
0
0
0
0
0
0
0
0
0
0
0.0145940480242202
0
0.00365646083395495
0.0218963712549302
1000
0.00182293119837754
0.00182293119837754
306.573183885365
0
0.0127711168258427
0.00182293119837754
0.0273757632872973
-0.00182293119837595
0.00182293119837754
0.00182293119837754
0.00182293119837754
0.00182293119837754
0.00182293119837754
-0.00182293119837595
-0.00364586239675191
0.00182293119837754
0.00182293119837754
0.00182293119837595
0.00182293119837754
-0.00547939203238457
-0.00547939203238457
0.00365646083400861
0.00365646083400861
0.00182293119837754
0.00182293119837754
0.00365646083395495
0.00365646083395495
-0.00365646083400861
-0.00365646083400861
0.00365646083400861
0.00365646083400861
0.00182293119837754
0.00182293119837754
0.00182293119837754
0.00182293119837754
0.0456474690198547
-0.00547939203238457
-999.974447167911
0
0
0
0
0
0
-1000
0
0
0
0.00365646083395495
0
0
0
0
0.00182823041697748
0.00365646083400861
0.00365646083400861
0
0.00365646083395495
0
0
0
0
0
-0.00365646083400861
0
0
0.00729172479351017
0.00182293119837754
0.00546879359513263
0.00182293119837754
-0.00182293119837595
0.00182293119837754
0.00182293119837754
0.00182293119837754
0.00182293119837754
0.00182293119837754
0.00182293119837754
0.00364586239675509
0.00182293119837754
0.00182293119837754
0.00182293119837754
0.00182293119837754
0.00182293119837754
0
0.00182293119837754
0.00365646083395495
0.00365646083395495
0.00365646083395495
0.00365646083395495
0.00365646083395495
0.00365646083395495
0.00365646083395495
0.00365646083395495
0.00365646083395495
0.00365646083395495
0.00365646083395495
0.00365646083395495
0.00365646083395495
0.00365646083395495
0
0
0
0
0
0
0
0
0
0
0
0
-0.00365646083400861
0
0
0
0
0
0
0
0
0
0
0
0
0
0
0
0
0
0
0
0
0
0
0
0
0
0
0
0
0
0
0
0
0
0
0
0
0
0
0
0
0
0
0
0
0
0
0
0
0
0
0
0
0
0
0
0
0
0
0
0
0
0
0
1000
0
100.823987969065
0
0
0
0
0.00365646083395495
0
0
0
0
0
0
0
0
0
0
1000
0
0
0
0
0
0
0
0
0
0
1000
0
0
0
-257.733655614531
0
0
0
0
0
0.0014802823105808
0
0
0
0
0
0
0
0
0
0.0014802823105808
0
0
861.721398429339
0
0
0
0
0.0014802823105808
0
0.0014802823105808
0
0.0014802823105808
0
0.554474461038807
0
0
0
0.0925176444113002
0
0
0
0
0
0.0014802823105808
0
0
0
0.0014802823105808
0
0.0014802823105808
0
0.0014802823105808
0
0.0014802823105808
0
0.0014802823105808
0
0.0014802823105808
0
0.0014802823105808
0
0.0014802823105808
0
0.0014802823105808
0
0.0014802823105808
0
0.0014802823105808
0
0.0014802823105808
0
0.0014802823105808
0
0.0014802823105808
0
0.0014802823105808
0
0.0014802823105808
0
0.0310859285221969
0
0
0
0.0425581164291981
0
0.05651206265342
0
0.0218341640810669
0
0.0014802823105808
0
0.0014802823105808
0
0.0928481997756894
0
0.0014802823105808
0
0.0014802823105808
0
0.0014802823105808
0
0.0014802823105808
0
0.70868515619056
0
121.622593570527
0
0.480351609783471
0
0
0
0.0152124088967092
0
0.0014802823105808
0
0.0014802823105808
0
0.0140626819505176
0
0.0014802823105808
0
0.0014802823105808
0
0.0014802823105808
0
0
-1000
0
0
0
1000
-1000
0
0
0
0
-341.652165215946
-1000
-1000
1.00778772927364
1000
748.263105810806
995.973768524173
0
118.952263707875
502.686911824499
-1000
-1000
0
0
1000
0
0
0
0
0
491.727058200876
1000
0
0
0
0
-1000
1000
-0.00365646083400861
0
0
-3.68038680593361
0
0
0
0
0
0.0264484000322227
-0.00365646083400861
1000
-1000
-1000
1000
0
1000
453.002171412934
0
654.859019150262
0
0
1000
1000
-1000
-309.998017546304
0
1000
0
0
-1000
1000
1000
1000
0
0
0
0
0
-100.823987969065
-1000
0
0
0
0
0
0
0
0
0
1000
0
1000
0
0
0
0
0
0
0
0
0
0
1000
0
0
0
0
0
0
258.631220688193
0
0
233.63171155729
-724.140851614593
1000
-1000
1000
-1000
-1000
-1000
-1000
-1000
490.509140057303
1000
1000
-1000
-1000
-1000
-1000
-1000
-1000
1000
-1000
-1000
-1000
1000
1000
1000
1000
1000
1000
-1000
-1000
1000
-1000
668.339882403271
-1000
-1000
-1000
-1000
-968.181190781916
26.8772878736445
-1000
1000
-1000
-1000
-1000
-1000
-1000
-88.9979475773785
-1000
-1000
-1000
-1000
-1000
1000
-1000
-1000
-1000
10.6232949511186
-1000
-1000
-1000
-1000
-1000
-1000
-1000
1000
-1000
-1000
-1000
-1000
470.709601710841
-1000
-1000
-1000
1000
-1000
-1000
-1000
-1000
1000
-1000
-1000
1000
-1000
-1000
1000
1000
1000
-1000
1000
1000
1000
-1000
-978.947847260225
1000
1000
1000
1000
45.6169587687484
-1000
-1000
-1000
1000
-1000
-1000
-1000
-1000
-1000
978.72812399301
1000
1000
1000
1000
1000
1000
1000
1000
-1000
-1000
-408.133351910109
1000
-10.8506270130404
1000
-616.06687671122
1000
0
-1000
-1000
0
0
0
0
0
0
0
0
0
0
0
0
0
0
0
0
0
0
0
0
0
0
0
0
0
0
0
0
0
0
0
0
0
0
0
0
0
0
0
0
0
0
0
0
0
0
0
0
0
0
0
0
0
0
0
0
0
0
0
0
0
0
0
0
0
0
0
0
0
0
0
0
0
0
0
0
0
0
0
0
0
0
0
0
0
0
0
0
0
0
0
0
0
0
0
0
0
0
0
0
0
0
0
0
0
0
0
0
0
0
0
0
0
0
0
0
0
0
0
0
0
0
0
0
0
0
0
0
0
0
0
0
0
0
0
0
0
0
0
0
0
0
0
0
0
0
0
0
0
0
0
0
0
0
0
0
0
0
0
0
0
0
0
0
0
0
0
0
0
0
0
0
0
0
0
0
0
0
0
0
0
0
0
0
0
0
0
0
0
0
0
0
0
0
0
0
0
0
0
0
0
0
0
0
0
0
0
0
0
0
0
0
0
0
0
0
0
0
0
0
0
0
0
0
0
0
0
0
0
0
0
0
0
0
0
0
0
0
0
0
0
0
0
0
0
0
0
0
0
0
0
0
0
0
0
0
0
0
0
0
0
0
0
0
0
0
0
0
0
0
0
0
0
0
0
0
0
0
0
0
0
0
0
0
0
0
0
0
0
0
0
0
0
0
0
0
0
0
0
0
0
0
0
0
0
0
0
0
0
0
0
0
0
0
0
0
0
0
0
0
0
0
0
0
0
1000
1000
-1000
1000
1000
1000
0
-997.523974554101
-1000
1000
1000
-1000
-735.773002008083
1000
1000
1000
-1000
-1000
999.948883737385
-1000
1000
1000
-1000
-1000
-1000
-1000
-0.0511162626149826
1000
-999.948883737385
-1000
-1000
-1000
-1000
1000
-1000
1000
0
-1000
-1000
-735.773002008083
-1000
1000
-1000
-1000
-1000
1000
-1000
0
-1000
-1000
-1000
-1000
-1000
1000
-1000
0
0
0
0
0
0
0
0
0
0
0
0
0
0
0
0
-1000
-1000
0
0
0
0
0
0
0
158.239600966567
0
0
0
0
0
0
0
0
0
-0.00365646083400861
0.00365646083395495
0
0
-0.00365646083400861
-0.00365646083400861
0
0
0
0
0
0
0
0
0
0
0
0
0
0
0
0
0
0
0
0
0
290.348096103137
0
0
0
0
0
0.00365646083395495
0
0
-1000
-555.629991758072
-3.10315211182149
1000
-1000
0
0
0
0
-0.00365646083400861
0
0
0
0
0
246.757244966929
0
0
0
0
0
0
637.307997678976
0
0
0
0
0
0
0
0
0
0.00365646083395495
0
0
0
266.715419193324
609.785468966296
0
0
0
0
0
0
-1000
0
0
0
0
0
352.095773624075
0
0
0
0
0
0
0
0
0
0
0
0
0
0
0
0
0
0
0
0
0
0
0
0
0
0
0.00365646083395495
0
0
0
0
1000
0
1000
0
0
1.97708900026204
0
0
0
0
0.00546879359513263
0
0
-1000
0
0
0
0
0
0
0
0
0
0
0
0
0.00365646083400861
-969.301551578315
272.241412002988
0
998.022910999738
1000
0
0
0.145189757607211
-1000
1000
0
0
0
0
0
0.00365646083400861
0
0
1000
0
0
0
0
616.06687671122
0
0
0
908.502306111509
908.502306111509
-1000
0
-1000
1000
0
0
0
0
0
0
0
0
0
0
0
-272.237755542154
1000
0
0
383.93312328878
0
0
0
0
0
0
0
616.06687671122
0
1000
0
725.792468379251
0
0
271.836568482812
0
0
0
0
0
0
0
0.988544500131022
0
0.00365646083395495
-0.00365646083400861
0.00365646083395495
0.00365646083395495
0
0
0.00365646083400861
0
0
0
0.98854450013107
0
0
-0.0109693825019122
-1000
-1000
0
1000
-2.3709631379362
-997.629036862064
0
0
-1000
-1000
1000
-997.629036862064
0
0
0
0
0
0
0
0
0
0
0
0
0
0
0
0
0
0
0
0
0
0
0
0
0
1000
0
0
0
0
0
0.00182293119837754
0
0
0
0
0
0
0
0
0.00365646083395495
0
0
0
0
0
0
0
0
0
0
0
0
0
0
0
0
0
0
0
0
0
0
0
0
0
1000
0
0
0
0
0
0
0
0
0
0
0
0
0
0
0
0
0
0
0
0
0
0
0
0
0
0
0
0
0
0
0
2.35815227697094
0
0
0
0
0
0
0
0
0
0
0
0
0
0
0
0
0
0
0
0
0
0
0
0
0
0
0
0
0
0
0
0
0
0
0
0
0
0
0
0
0
0
0
0
0
0
0
0
0
0
0
0
0
0
0
0
0
0
0
0
0
0
0
0
0
0
0
0
0
0
0
0
0
0
0
0
0
0
0
0
0
0
0
0
0
0
0
0
0
0
0
0
0
0
0
0
0
0
0
0
0
0
0
0
0
0
0
0
0
0
0
-999.973551599968
0
0.00182293119837595
0
0.0269067824411877
0
0
-0.0264484000322227
0
1000
0.0164169792226403
0
0
0
0
0
0
0
0
0
0
0
0
0
0
0
0
0
0
0
0.00365646083395495
0.00365646083395495
0.00365646083395495
-1000
-1000
0
-727.667397169316
-1000
0
0
0
0
0
0
-1000
1000
0
0
0
0
0
0
0
0
0
0
136.176934606825
0
1000
0
-1000
-1000
-1000
-1000
-1000
-1000
0
0
0
0
0
0
0
0
0
0
-1000
0
1000
0.400497277721066
0.00365646083395495
0.00365646083395495
0.00365646083395495
0.00365646083395495
0.00365646083395495
0
0
0
0
1000
0
0
0
0
0.00296056462116161
0
0
0.0014802823105808
0
0.400786435589753
0
0
0
0
0
-166.750216793451
0
0
0
0
0
0
1000
-999.998519717689
0
1000
0
0
-1000
0
0
0
0
0
0
0
0
0
0
0
0
0
0
0
0
0
0
0
0
0
121.611861523775
0
0
0
0
0
0
0
0.0135838756465767
0
0
0
0
0
0
0
0
0
0
0
0
0
0
0
0
0
-3.10315211182149
0
0
0
0
0
0
0
0
0
-1000
0
0
0
0
0
0
0
0
1000
-1000
-1000
-1000
-1000
-878.388138476225
0
0.0218963712549302
0
0
0
0
533.430838386648
-1000
-1000
0
246.757244966929
0
0
0
999.978061234996
14.7478172167407
0
0
0
0
0
0.588047222409956
0.588047222409956
-707.559101806116
-999.971728668769
0
0
0
0
0
0
0.371192598863427
0
1000
0
0
306.569527424531
0
0
0
0
999.986416124354
0.00365646083395495
0
0
0
0
0
0
0
0
102.721499486815
1000
0
0
1000
0
0
0
1000
0
0
0
-863.823065393175
0
-1000
0
0
0
-1000
-1000
0
0
0
0
-136.123274373066
0
0
136.121794090756
0
0
-252.065375583914
252.065375583914
-1000
1000
-1000
0
0
0
0
-1000
-1000
0
0
-302.939860424674
0
0
0
0
0.00433211120544663
0
0
0
0
0
0
0
0
997.629036862064
0
1000
0
0
0
0
0
0
0
0
0
1000
1000
0
-1000
1000
-1000
-1000
0
0
0
0
0
0
0
0
0
-1000
0
0
1000
0.00182293119837754
0.00182293119837754
0
1000
-385.846147468039
-385.846147468039
363.335659527182
0
0
0
0
0
0
0
0
0
0
0
0
0
0
0
0
0
0
0
0
0
0
0
0
0
-0.0100314208096961
0
0
0
0
0
0
0
0
0
0
0
0
0
0
0
0
0
0
0
0
0
0
0
0
0
0
0
0
0
0
0
0
0
0
0
0
0
0
0
0
0
0
0
0
0
0
-1000
0
-1000
0
0
0
0
0
0
-1000
0
0
0
0
0
0
0
0
0
0
0
863.823065393175
0
0
0
0
0
0
0
0
0
0
0
0
0
1000
0
0
0
0
0
0
0
0
0
0
0
0
0
0
0
0
0
0
0
136.121794090756
0
0
0
0
0
0
0
0
0
0
0
0
0
0
0
0
0
0
0
0
0
0
0
136.121794090756
0
0
0
0
0
0
0
0
0
0
0
0
0
0
0
0
0
0
0
0
0
0
0
0
0
0
0
0
0
0
0
0
0
0
0
0
0
0
0
0
0
0
0
0
0
0
0
0
0
0
0
0
0
0
0
0
0
0
0
0
0
0
0
0
0
0
0
0
0
0
0
0
0
0
0
0
0
0
0
0
0
0
0
0
0
0
0
0
0
0
0
0
0
0
0
0
0
0
0
0
0
0
0
0
0
0
0
0
0
0
0
0
0
0
0
0
0
0
0
0
0
0
0
0
0
0
0
0
0
0
0
0
0
0
0
0
0
0
0
0
0
0
0
0
0
0
-1000
0
0
0
0
0
0
0
0
0
0
0
0.571759042461835
0
0
0
0
0
0
0
0
0
0
0
0
0
0
0
17.6205894275868
0
0
534.119456966861
1000
-1000
-533.952915774311
0
0
-1000
0
0
0
0
390.188935807866
0.0219387650037106
0
0
0
0
0
0
0
0
0
0
0
0
0
0
0
0
0
0
0
0
0
0
0
0
0
0
0
0
0
0
0
0
0
0
0
0
0
0
0
0
0
0
0
0
0
0
0
0
0
0
0
0
0
0
0
0
0
0
0
0
0
0
0
0
0
0
0
0
0
0
0
0
0
0
0
0
0
0
0
0
0
0
0
0
0
0
0
0
0
0
0
0
0
0
0
0
0
0
0
0
0
0
0
0
0
0
0
0
0
0
0
0
0
0
0
0
0
0
0
0
0
0
0
0
0
0
0
0
0
0
0
0
0
0
0
0
0
0
0
0
0
0
0
0
0
0
0
0
0
0
0
0
0
0
0
0
0
0
0
0
0
0
0
0
0
0
0
0
0
0
0
0
0
0
0
0
0
0
0
0
0
0
0
0
0
0
0
0
0
0
0
0
0
0
0
0
0
0
0
0
0
0
0
0
0
0
0
0
0
0
0
0
0
0
0
0
0
0
0
0
0
0
0
0
0
0
0
0
0
0
0
0
0
0
0
0
0
0
0
0
0
0
0
0
0
0
0
0
0
0
0
0
0
0
0
0
0
0
0
0
0
0
0
0
0
0
0
0
0
0
0
0
0
0
0
0
0
0
0
0
0
0
0
0
0
0
0
0
363.335659527182
0
0
0
0
0
0
0
0
0
0
0
-1000
0
0
0
0
0.00365646083400861
-292.005328921062
-707.559101806116
0
0
0
0
0
0
0
0
0
0
0
0
0
0
0
0
0
0
0
0
0
0
0
0
0
0
0
0
0
0
0
0
0
0
0
0
0
0
0
0
0
0
0
0
0
0
0
0
0
0
0
0
0
0
0
0
0
0
0
0
0
0
0
0
0
0
0
0
0
0
0
0
0
0
0
0
0
0
0
0
0
0
0
0
0
0
0
0
0
0
0
0
0
0
0
0
0
0
0
0
0
0
0
0
0
0
0
0
0
0
0
0
0
0
0
0
0
0
0
0
0
0
0
0
0
0
0
0
0
0
0
0
0
0
0
0
0
0
0
0
0
0
0
0
0
0
0
0
0
0
0
0
0
0
0
0
0
0
0
-733.296976562184
558.733143869894
0
0
0
0
0
0
0
1000
0.00365646083400861
0
0
-558.733143869894
1000
0
0
0
0
0
0
0
0
0
0
0
0
0
0
0
0
0
0
0
0
1000
0
0
0
0
0
0
0
0
0
0
0
0
0
0
0
0
0
0
0
0
0
0
0
0
0
0
0
0
0
0
0
0
0
0
0
0
0
0
0
0
0
0
0
0
0
0
0
0
0
0
0
0
0
0
0
0
0
0
0
0
0
0
0
0
0
0
0
0
0
0
0
0
0
0
0
0
0
0
0
0
0
0
0
0
0
0
0
0
0
0
0
0
0
0
0
0
0
0
0
0
0
0
0
0
0
0
0
0
0
0
0
0
0
0
0
0
0
0
0
0
0
0
0
0
0
0
0
0
0
0
0
0
0
0
0
0
0
0
0
0
0
0
0
0
0
500
88.320309998912
0
0
-0.98854450013107
0
0
0
471.409654619193
19.5364525717593
42.7028698844739
0.105984371998694
88.320309998912
0
0
0
0
0
0
0
0
0
0
0
0
0
0
0
0
0
0
0
1000
-1000
0
-1000
0
323.625978517337
-1000
0
707.559101806116
0
0
0
0
0
0
0
0
0
0
0
-3.70070577645197
0
0
0.00365646083400861
0
0
0.00456262721454379
0
0
0
0
0
0
0
0
0
0
0
0
0
0
0
0
0
257.733655614531
0
0
0
0
0.0264484000322227
-0.708685156190541
-0.0310859285222023
0
-10.8506270130404
-21.2718760069899
-43.38098880863
-34.018192489785
-10.6232949511186
-309.998017546304
-26.8772878736444
-4.66251748515253
-31.8188092180835
-1000
-1000
0
0
0
0
-1000
233.63171155729
-17.7291054920811
-997.104872119594
-13.4808632530094
989.571142211344
-24.2002286213292
-1000
975.654917238242
930.758346610811
0
-1000
-1000
352.095773624075
0
1000
0
0
999.816377659497
-1000
0
0
0
0
0
0
1000
-383.93312328878
0
0
0
0
0
0
0
0
0
-0.00365646083400861
-0.00365646083400861
0
0
0
0
0
0
0
0
0
0
0
290.348096103137
-290.348096103137
0
0
0
0
-2.42490918328394
0
1000
0
0
-1000
1000
246.757244966929
-0.00365646083400861
-0.00365646083400861
-1.00778772927367
0
0
0
-0.00365646083400861
0
-0.00365646083400861
0
0
0
-0.00365646083400861
0
0
0
-0.00365646083400861
0
0
0
0
0
0
0
0
0
0
0
-733.296976562184
0
0
0
0
0
102.717843025981
0
0
0
0
0
0
-251.736894189194
999.996343539166
0
0
0
-1000
0
1000
0
0
-0.00365646083400861
0
0
0
0
-1000
0
0
0
0
0
0
0
0
0
609.785468966296
-3.68038680593361
0
-1000
-1000
0
0
0
0
0
0
0
0
2.48842120140694
0
0
0
0
0
-1000
0
0
0
0
1000
1000
995.973768524173
0
0
118.952263707875
0
1000
0
-1000
0
0
-100.823987969065
0
0
0
-1000
-1000
0
0
0
0
0
0
-0.0511162626149826
0
0
0
0
897.278500513185
-1000
1000
0
0
0
0
0
0
502.686911824499
-1000
-1000
491.727058200876
0
0
0
0
0
0
0
0
0
0
1000
0
-0.015212408896673
-0.00148028231058106
0
-1000
-0.0218341640810422
-0.0928481997757444
-0.0140626819504632
-0.480351609783497
-0.0425581164291771
0
0
0
861.721398429339
0
-0.00148028231058106
0
-0.00148028231058106
-0.00148028231058106
0
-121.622593570527
0
-0.00148028231058106
-0.554474461038808
-0.571759042461849
0
-14.7478172167407
0
-0.371192598863445
-0.00148028231058106
0
0
-0.00148028231058106
-0.00148028231058106
-0.00148028231058106
-0.00148028231058106
-0.0565120626533826
0
-0.0925176444112594
0
0
0
-1000
1000
0
0
-1000
1000
-0.00365646083400861
0
1000
-1000
1000
0
0
-1000
0
0
-1000
0
0
0
0
0
0
0
0
0
0
0
0
0
0
0
-1000
1000
-1000
1000
1000
0
-1000
-1000
-0.00148028231058106
-0.00148028231058106
0
0
0
0
0
-534.119456966861
533.952915774311
390.188935807866
0.0219387650037106
0
0
0
0
0
1000
0
0
0
0
0
0
0
0
0
0
0
0
0
0
0
0
0
0
0
0
0
0
0
0
0
0
0
0
0
0
0
0
0
0
0
0
0
0
0
0
0
0
0
0
0
0
0
0
0
0
0
0
0
0
0
0
0
0
0
0
0
0
0
0
0
0
0
0
0
0
0
0
-0.00148028231058106
0
0
0
0
0
0
0
0
0
0
0
0
0
0
0
0
0
0
0
0
0
0
0
0
0
0
0
0
0
0
0
0
0
0
0
0
0
0
0
0
0
0
0
0
0
0
0
0
0
0
0
0
0
0
0
0
0
0
0
0
0
0
0
0
0
0
0
0
0
0
0
0
0
0
0
0
0
0
0
0
0
0
0
0
0
0
0
0
0
0
0
0
0
0
0
0
0
0
0
0
0
0
0
0
0
0
0
0
0
0
0
0
0
0
0
0
0
0
0
0
0
0
0
0
0
0
0
0
0
0
0
0
0
0
0
0
0
0
0
0
0
0
0
0
0
0
0
0
0
0
0
0
0
0
0
0
0
0
0
0
0
0
0
0
0
0
0
0
0
0
0
0
0
0
0
0
0
0
0
0
0
0
0
0
0
0
0
0
0
0
0
0
0
0
0
0
0
0
0
0
0
0
0
0
0
0
0
0
0
0
0
0
0
0
0
0
0
0
0
0
0
0
0
0
0
0
0
0
0
0
0
0
0
0
0
0
0
0
0
0
0
0
0
0
0
0
0
0
0
0
0
0
0
0
0
0
0
733.296976562184
0
1000
0
0
0
292.005328921062
0
0
0
0
0
0
0
0
0
0
0
0
0
0
0
0
0
0
0
0
0
0
0
0
0
-1000
0
-1000
-0.00365646083400861
0
0
0
0
0
0
0
0
1000
0
0
0
0
0
-1000
0
0
0
0
0
0
0
0
0
0
0
0
0
0
0
0
0
0
0
0
0
0
0
0
0
0
0
0
0
0
0
0
0
0
0
0
0
0
0
0
0
0
0
0
0
0
0
0
0
0
0
0
0
0
0
0
0
-99.6183473749937
99.6183473749938
99.6183473749938
0
-0.00148028231058106
-0.00148028231058106
-0.00148028231058106
-0.00148028231058106
0
-0.00148028231058106
-0.00148028231058106
0
-0.00148028231058106
-0.00148028231058106
-0.00148028231058106
-0.00148028231058106
0
-0.00148028231058106
-0.00148028231058106
-0.00148028231058106
-0.00148028231058106
-0.00148028231058106
-0.00148028231058106
-0.00148028231058106
0
-0.00148028231058106
-0.00148028231058106
-0.00148028231058106
0
-1000
88.3203099989119
0
0
0
0
0
0
0
0
0
0
0
