0
0
0
0
0
0
0
0
-1000
0
1000
0
0
199.292696388771
0
0
999.742867022393
-999.742867022392
999.940985873992
0
0.0590141260082877
0
-1000
0.370945934909287
0
1000
-201.764909634227
0
-35.8306694103948
0.0243031138514851
0
0
0
0
0
0
0.0325000530261035
0
0
0
35.4137065808339
0
0
0
0
0
0
0
0
0
0
0
0
0
0
0
0
0
0
0
0
0
0
0
0
0
0
0
0
35.8306694103949
0
0
0
0
2.54851749034435
2.54851749034435
0
0
0
0
35.8306694103948
0
-1000
0
0
0
0
0
0
0
0
0
0
0
0
0
1000
0
-1000
0
1000
-1000
0
0
0
0
0
0
0
0
0
0
0
0
0
0
0
0
0
0
0
0
0
0
0
0
0
0
0
0
0
0
0
0
1000
0
0
-1000
0
0
0
0
-1000
0
0
0
0
-14.7743472986825
0
0
0
0
0.0663034908709506
0
0
0
1000
0
0
455.149401883497
856.620106788554
1000
401.462274315627
0
0
0
-1000
401.462274315627
600.754970704399
1000
-800.707303611229
0
347.775146747758
1000
0
0
0
0
0
1000
-1000
0
0
0
0
0
-3.97016682687172
0
0
0
0
0
0
1000
-749.062216584512
-1000
0
0
0
1000
0
0
0
0
1000
0
0
0
0
0
-3.9743821215867
0
-999.995784705285
0
0
0
0
0
0
0
0
0
0
0
-896.416491917545
0
0
-1000
998.836107870866
0
0.465556851653503
0
0
0
0
0.698335277480254
0
3.9743821215867
0
0
0
-1000
0
0
0
0
0
0
0
0
0
0
0
0
-1000
0
-1000
1000
-1000
-2.54851749034435
1000
0
1000
-841.539869628835
-1000
-0.975814135700261
1000
-2.18318962351009
0
-1000
999.922033176617
-1000
999.044531744912
1000
0
0
555.253972836209
0
0.181257672739741
0
-0.181257672739775
0
0.00179945569627871
0
0
0
0
0
0
0
0
0
0
0
0
0
0
0
0
0
1000
0
1000
0.473987441083259
28.3682524554548
0
1000
0
-0.181257672739775
0
-0.698335277480282
0
0
0.698335277480282
2.18318962351014
0
0
0
0
0
0
-0.257132977607512
0
0
0
-1000
0.698335277480282
0
1000
-0.975814135700261
0
0.00360937334424224
0
0
0
0
0
0
0
0
0
0
0
0
0
0
0
2.32778425826752
0
9.79936144678909
0
0
0
0
0
0
0
0
-443.648717510907
672.31212572897
1000
-1000
-1000
1000
1000
444.278670856441
0
-1000
1000
-999.534443148346
1000
1000
-1000
0
-1000
0
0
0
0
-1000
0
0
-1000
-999.922033176617
1000
1000
0
0
1000
-1000
0
0
0
0
0
0
0.975814135700224
-1000
1000
1000
1000
1000
-1000
-992.571479845622
-1000
-7.89407700603169
-1000
1000
1000
1000
-1000
0
-1000
-1000
1000
-1000
-1000
-1000
-5.48832592438112
0
1000
1000
0
0
0
-1000
1000
0
0
0
749.062216584512
0
0
0
1000
-0.00360937334426126
0
0
0
-29.7003301256318
0
0
0
0
0
0
0
0
0.699738922669781
0
0
0
0.699738922669781
0
0
0
0.00360937334427997
0
1000
0
-1000
0
1000
0
0
0
0
0
0
0
0
0
0
0
0
0
0
0
0
0
0
0
0
0
0
0
0
0
0
0
0
0
0
0
0
0
0
0
0
0
0
0
0
0
0
0.00360937334426126
1000
0.105382367871925
0.105382367871925
0
-999.30166472252
0
0
0
0
0
0
0
0
0
970.928399248531
0
0
32.6523895051355
0
0
0
0
-656.362390797792
0
0
0
0
0
0
0
0
0
0
0
0
0
0
0
0
0
0
0
0
0
0
0
0
0
0
0
0
0
0
0.164396493880235
0
0
0
1000
0
0
0
0
0
0
-1000
0
0
0
0
0
0
0
0
0
0
0
0
0
0
0
0
0
0
0
0
0
0
0
0
0
0
0
-886.07298562188
0
0
0.164396493880235
0
0
0
0
0
0
0
0
0
1000
0
0
0
0
0
0
0
0
0
0
0
0
0
0
0
0
0
0
0
0
0
0
0
0
0
0
0
0
0
0
0
0
0
0
0
0
0
0
0
0
0
0
0
0
0
0
0
0
0
0
0
0
0
0
0
0
0
0
0
0
0
0
0
0
0
0
0
0
0
0
0
-1000
0
0.00421529471487769
0
0
0
0
0.762968343392862
0.762968343392862
0
0
0
0
0
0
0
0
0
0
0
0
0
0
0
0
0
0
0
0
0
0
0
0
0
0
-0.00360937334426126
0
0
0
-1000
0
0
1000
0
0
0
0
2.1919532517364
0
0
2.1919532517364
0
0
0
0
0
0
0
0
0
0
2.1919532517364
0
2.1919532517364
0
0
0
13.0760229305592
37.2736454355086
23.8253513894886
17.4502085372231
25.8728425245228
8.51570176616488
19.9165046771507
36.4360354257219
33.550934280901
10.6097267906317
20.567979129207
42.392373273094
33.4578665020358
10.3305234540361
17.124471311195
23.7322836106234
30.7589009149453
24.8956308464383
4.56032116439431
31.0381042515409
0
0
0
0
0
0
0
0
0
0
0
0
0
0
0
0
0
0
0
0
0
0
0
0
0
0
0
0
0
0
0
0
0
0
0
0
0
0
0
0
0
0
0
0
0
0
0
0
0
0
0
0
0
0
0
0
0
0
0
0
0
0
0
0
0
0
0
0
0
0
0
0
0
0
0
0
0
0
0
0
0
0
0
0
0
0
0
0
0
0
0
0
0
0
-1000
0
0
0
0
32.6523895051356
1000
1000
-327.68787427103
-327.68787427103
282.41684310964
0
0
0
0
343.633999828863
0
-29.7003301256318
-626.202593548239
-626.202593548239
-1000
0
-343.637609202208
656.362390797792
-343.755637454224
1000
1000
626.059273527933
1000
0
0
656.366000171137
0
-1000
-1000
-1000
0
0
0
656.362390797792
656.362390797792
343.637609202208
0
0
0
0
0
0
0
0
0
0
0
1000
328.667297780074
1000
1000
0
500
233.675301742443
2.51262757572912
5
0
0
0
0
0
0
171.819875974707
0
0
0
0
-0.00146662613883564
0
0
0
0
-0.00146662613883564
274.210256410257
327.646028417037
0
-0.00146662613883564
0.00146662613883564
-0.00146662613883564
-0.546896224666966
0
-0.0916641336757493
0
-1000
-0.567950972254948
0.00146662613883564
-0.00146662613883564
-0.00146662613883564
0.00146662613883564
-0.00146662613883564
0.00146662613883564
-0.00146662613883564
-0.00146662613883564
-0.00146662613883564
-0.00146662613883564
-0.00146662613883564
-0.00146662613883564
-0.00146662613883564
-0.00146662613883564
-0.00146662613883564
-0.00146662613883564
-0.00146662613883564
-0.0307991489150936
-0.0144549299633354
-0.0421655014908993
0
-0.0216327355474277
0.00146662613883564
0.00146662613883564
-0.124658200062186
0.00146662613883564
0.00146662613883564
0.00146662613883564
0.00146662613883564
-0.702147263956249
-0.0106330395063878
-0.078831154961108
-0.397089027083325
-0.0249376660966618
0.00146662613883564
0.00146662613883564
0.0139329483187112
0.00146662613883564
0.00146662613883564
-0.00146662613883564
0
0
0
0
0
0
0
0
0
0
0
0
0
0
0
0
0
0
0
0
0
0
0
0
0
0
0
0
0
0
0
0
0
0
0
0
0.00528851659578322
0
0
0
0
0
0
0
0
0
0
0
0
0
0
0
0
0
0
0
0
0
0
0
0
0
0
0
0
0
0
0
0
0
0
0
0
0
0
0
0
0
0
0
0
0
0
0
0
0
0
0
0
0
0
0
0
0
0
0
0
0
0
0
0
0
0
0
0
0
0
0
0
0
0
0
0
0
0
0
0
0
0
0
0
0
0
0
0
0
0
0
0
0
0
0
0
0
0
0
0
0
0
0
0
0
0
0
0
0
0
0
0
0
0
0
0
0
0
0
0
0
0
0
0
0
0
0
0
0
0
0
0
0
0
0
0
0
0
0
0
0
0.00146662613881196
0.00146662613881196
0.00146662613881196
0
0
0
0
0
0
0.00146662613881196
0
0
0
0
0
0
0
0
0
0
0
0
0
0
0
0
0
0
0
0
0
0
0
0
0
0
0
0
0
0
0
0
0
0
0
0
0
0
0
0
0
0
0
0
0
0
0
0
0
0
0
0
0
0
0
0
0
0
0
0
0
0
0
0
0
0
0
0
0
0
0
0
0
0
0
0
0
0
0
0
0
0
0
0
0
0
0
0
0
0
0
0
0
0
0
0
0
0
0
0
0
0
0
0
0
0
0
0
0
0
0
0
0
0
0
0
0
0
0
0
0
0
0
0
0
0
0
0
0
0
0
0
0
0
0
0
0
0
0
0
0
0
0
0
0
0
0
0
0
0
0
0
0
0
0
0
0
0
0
0
0
0
0
0
0
0
0
0
0
0
0
0
0
0
0
0
0
0
0
0
0
0
0
0
0
0
0
0
0
0
0
0
-1000
0
0
0
0
0
0
0
0
0
0
0
0
0
0
0
0
0
0
0
1000
0
0
0
0
0
0
0
0
0
0
0
0
0
0
0
0
0
0
0
0
0
0
0
0
0
0
0
0
0
0
0
0
0
0
0
0
0
0
0
0
0
0
0
0
0
0
0
0
0
0
0
0
0
0
0
0
0
0
0
0
0
0
0
0
0
0
0
0
0
0
1000
1000
0
0
0
0
0
0
0
0
0
0
0
0
0
0
0
0
0
0
-1000
0
-1000
0
0
0
0
0
0
0
1000
1000
0
0
0
0
0
0
0
0
0
0
0
0
0
0
0
0
0
0
0
0
0
0
0
0
0
0
0
0
0
0
0
0
0
0
0
0
0
0
0
0
0
0
0
0
0
0
0
0
0
0
0
0
0
0
0
0
0
0
0
0
0
0
0
0
0
0
0
0
0
0
0
0
0
0
0
0
0
0
0
0
0
0
0
0
-998.048371728599
46.5234257372138
0
0
0.00146662613883564
0
1000
0
0
0
0
276.30167735032
-0.00146662613883564
327.644561790898
0
0
0
0.00528851659578322
0.566484346116113
0
-999.433515653884
999.998533373861
0
0
0
0
0
0
0
0
0
0
0
0
0
-1000
0.00528851659578322
0
-0.0425321580255513
0
0.0227276834148142
0
0
0
0
0
0
0
0.0198044746107371
0
0
0
0
0
171.819875974707
-1.95162827140052
-998.048371728599
-171.819875974707
-171.819875974707
0
-61.1935878251436
1000
-0.0216562400656812
0
0
0.00146662613883564
-0.00146662613883564
0
0
0.0531651975319392
-0.0531651975319392
1000
0
0
0
0
0
-1000
0
-171.874507798377
-828.125492201623
-1000
0
-672.355438209102
-327.644561790898
-1000
0
0
0
0
0
-1000
0
-0.566484346116113
0
0
0
-999.433515653884
999.433515653884
-1000
0
0
0
-1000
0
0
0
-1000
0
0
0
0
0
0
0
0
0
0
0
0
0
0
0
0
0
0
0
-1000
1000
-1000
0
-1000
0
-1000
0.0425321580255513
-1000
0
-0.0425321580255513
-0.0425321580255513
0
0
0
0
0
0
-1000
0
1000
0
1000
0
-1000
0
386.950709742733
0
-1000
0
0
0
0
0
0
0
0
0
-1000
0
0
0
0
0
0
0
0
0
0
0
0
0
0
0
0
0
0
0
0
0
0
0
0
0
0
0
0
0
0
0
0
0
0
0
0.00528851659578322
-0.00528851659578322
0
0
0
0
0
0
0
0
0
0
0
0
0
0
0
0
0
0
0
0
0
0
0
0
0
0
0
0
0
0
0
0
0
0
0
0
0.00528851659578322
-0.00528851659578322
0
0
0
0
0
0
0.0198044746107371
0.0198044746107371
0
0
0
0
0
0
0
0
0
0
0
0
0
0
0
0
-0.0198044746107371
-0.0198044746107371
0
0
0
0
0
0
0
0
0
0
0
0
0
0
0
0
0
0
0
0
0
0
0
0
0
0
0
0
0
0
0
0
0
0
0
0
0
0
0
0
0
0
0
0
1.18216218415857
0.00360937334427997
0
0
0
0
0
0
0
0
0.148741054956743
0
0
0
0
0
0
0
0
0
0
0
0
0
0
0
0
0
0
0
0
0
0
0
0
0
0
0
0
0
0
0
0
0
0
0
0
0
0
0
0
0
0
0
0
0
0
0
0
0
0
0
0
0
0
0
0
0
171.874507798377
171.874507798377
171.874507798377
0
171.821342600845
171.821342600845
0
0
0
0
0
0
0
0
0
0
0
0
0
0
0
0
0
0
0
0
0
0
0
0
0
0
0
0
0
0
0
0
0
0
0
0
0
0
0
0
0
0
0
0
0
0
0
0
0
0
0
0
0
0
0
0
0
0
0
0
0
0
0
0
0
0
0
0
0
0
0
0
0
0
0
0
0
0
0
0
0
0
0
0
0
0
0
0
0
0
0
0
0
0
0
0
0
0
0
0
0
0
0
0
0
0
0
0
0
0
0
0
0
0
0
0
0
0
0
0
0
0
0
0
0
0
0
0
0
0
0
0
0
0
0
0
0
0
0
0
0
0
0
0
0
0
0
0
0
0
0
0
0
0
0
0
0
0
0
0
0
0
0
0
0
0
0
0
0.00360937334427997
0.00360937334427997
0.00360937334427997
0.00360937334427997
0.00360937334427997
0
0
0
0
0
0
0
0
0
0
0
0
0
0
0
0
0
0
0
0
0
0
0
0
0
0
0
0
0
0
0
0
0
0
0
0
0
0
0
0
0
0
0
0
0
0
14.7743472986826
14.7743472986826
-14.7743472986825
4.91636056175753
-2.45637559420663
2.45637559420663
2.45637559420663
2.45637559420663
2.45637559420663
2.45637559420663
2.45637559420663
2.45637559420663
2.45637559420663
2.45637559420663
2.45637559420663
2.45637559420663
0
2.45637559420663
2.45637559420663
2.45637559420663
2.45637559420663
2.45637559420663
2.45637559420663
2.45637559420663
0
0
0
2.45637559420663
2.45637559420663
0
2.44917777142151
0
0
0
0
0
0
0
0
0
0
0
0
0
0
0
0
14.7743472986826
14.7743472986826
4.91636056175753
4.91636056175753
0
0
0
0
0
0
0
0
0
0
0
0
0
0
0
0
0
0
0
0
0
0
0
0
0
0
0
0
0
0
0
0
0
0
0
0
0
0
0
0
0
0
0
0
0
0
0
0
0
0
0
0
0
0
0
0
0
0
0
0
0
0
0
0
0
0
0
0
0
0
0
0
0
0
0
0
0
0
0
0
0
0
0
0
0
0
0
0
0
0
0
0
0
0
0
0
0
0
0
0
0
0
0
0
0
0
0
0
0
0
0
0
0
0
0
0
0
0
0
0
0
0
0
0
0
0
0
0
0
0
0
0
0
0
0
0
0
0
0
0
0
0
0
0
0
0
0
0
0
0
0
0
0
0
0
0
0
0
0
0
0
0
0
0
0
0
0
0
0
0
0
0
0
0
0
0
0
0
0
0
0
0
0
0
0
0
0
0
0
0
0
0
1.18216218415857
1.19567902578411
1.19567902578411
0
0
0
0
-1.1956790257841
0
0
0
0.0135168416255354
0
0
0
0
0
0
0
0
0
0
0
0
0
0
0
0
0
0
0
0
0
0
0
0
0
0
0
0
0
0
0
0
0
0
0
0
0
0
0
0
0
0
0
0
0
0
1.19567902578411
0
0
0
0
0
0
0
0
0
0
0
0
0
0
0
0
0
0
0
0
0
0
0
0
0
0
0
0
0
0
0
0
0
0
0
0
0
0
0
0
0
0
0
0
0
0
0
0
0
0
0
0
0
0
0
0
0
0
0
0
0
0
0
0
0
0
0
0
0
0
0
0
0
0
0
0
0
0
1.18216218415857
0.00360937334427997
0
0
0
0
0
0
0
1.55628855239146
0
0
0
0.975814135700224
0.975814135700224
0.975814135700224
0
0
0
0
0
0
1.33451261245959
0
0
0
0.00360937334427997
0
0
0
0
-1.33451261245955
1.33451261245959
0
0
0
0
348.132439005627
0
0
347.766026583131
0
0
0.231683408213125
0
0.221775939931869
0
0
0
0
0
0
0
0
0
0
10.8805204617009
10.8805204617009
10.8805204617009
0
0
0
0
-0.148741054956758
0
0
0
0
0
0
0
0
0
0
0
0
0
0
0
0
0
0
0
0
0
0
0
0
0
0
0
0
0
0
0
0
0
0
0
0
0
0
0
0
0
0
0
0
0
0
0
0
0
0
0
0
0
0
0
0
0
0
0
0
0
0
0
0
0
0
0
0
0
0
0
0
0
0
0
0
0
0
0
0
0
0
0
0
0
0
0
0
0
0
0
0
0
0
0
0
0
0
0
0
0
0
0
0
0
0
0
0
0
0
0
0
0
0
0
1000
0
0
1000
1000
0
0
0
0
0
0
0
0
0
0
0
0
0
0
0
0
0
0
0
0
0
0
0
0
0
0
0
0
0
0
0
0
0
0
0
0
0
0
0
0
0
0
0
0
0
0
0
0
0
0
0
0
0
0
0
0
0
0
0
0
0
0
0
0
0
0
0
0
0
0
0
0
0
0
0
0
0
0
0
0
0
0
0
0
0
0
0
0
0
0
0
0
0
0
0
0
0
0
0
0
0
0
0
0
0
0
0
0
0
0
0
0
0
0
0
0
0
0
0
0
0
0
0
0
0
0
0
0
0
0
0
0
0
0
0
0
0
0
0
0
0
0
0
0
0
0
0
0
0
0
0
0
0
0
0
0
0
0
0
0
0
0
0
0
0
0
0
0
0
0
0
0
0
0
0
0
0
0
0
0
0
0
0
0
0
0
0
0
0
0
0
0
0
0
0
0
0
0
0
0
0
0
0
0
0
0
0
0
0
0
0
0
0
0
0
0
0
0
0
0
0
0
0
0
0
0
0
0
0
0
0
0
0
0
0
0
0
0
0
0
0
0
0
0
0
0
0
0
0
0
0
0
0
0
0
0
0
0
0
0
0
0
0
0
0
0
0
0
0
0
0
0
0
0
0
0
0
0
0
0
0
0
0
0
0
0
0
0
0
0
0
0
0
0
0
0
0
0
0
0
0
0
0
0
0
0
0
0
0
0
0
0
1000
0
0
0
0
327.704360718207
0
0
0
0
0
0
0
0
0
0
0
0
0
0
0
0
0
0
0
0
0
0
0
0
0
0
0
0
0
0
0
0
0
0
0
0
0
0
0
0
0
0
0
0
0
0
0
0
0
0
0
0
0
0
0
0
0
0
0
0
0
0
0
0
0
0
0
0
0
0
0
0
0
0.0817644072387793
0.164396493880235
0.164396493880235
0
0
0
0
0.16439649388019
0.164396493880235
0
-246.799004800021
0
0
0
0
0.025291768289266
0
0
0
0
0
0
246.799004800021
0
0
0
0
0
0
0.994809552711136
0
0
0
0
0
0
0.994809552711136
0.994809552711136
0.994809552711136
0.994809552711104
0
0
0
0
0
0
0
0
0
0
0
0
0
0
0
0
0
0
0
0
0
0
0
0
0
0
0
0
0
0
0
0
0
0
0
0
0
616.205484234116
616.205484234116
0
0
0
0
0
0
0
0
0
0
0
0
0
0
0
0
0
0
0
0
0
0
0
0
0
0
0
0
0
0
0
0
0
0
0
0
0
0
0
0
0
0
0
0
0
0
0
0
1000
513.233366708925
-1000
0
0
0
-1000
-1000
1000
0
0
0
0
512.535031431444
-1000
0
0
0
0
0
0
0
0
0
0
0
0
0
0
0
0
0
0
0
0
0
0
0
0
0
0
0
0
0
0
0
0
0
0
0
0
0
0
0
0
1000
0
0
0
0
0
0
0
0
0
0
0
0
0
0
0
0
0
-999.996390626656
999.996390626656
1000
999.996390626656
1000
-1000
-1000
0
0
0
0
0
0
0.00360937334426126
0
0
0
0
0
0
0
0
0
0
0
0
0
0
0
0
0
500
0
0
0
0
0.00269918354441806
0.00360937334427997
0.00990746828125545
1000
0.00179945569627871
0.00179945569627871
0.00360937334426126
0
0.000899727848139353
0.00179945569627871
0.0153162973217388
-0.00179945569630036
0.00179945569627871
0.00179945569627871
0.00179945569627871
0.00179945569627871
0.00179945569627871
-0.00179945569630036
-0.00359891139260071
0.00179945569627871
0.00179945569627871
0.00179945569630036
0.00179945569627871
-999.954950835883
-0.00540882904056161
999.953151380186
0.00360937334426126
0.00179945569627871
0.00179945569627871
0.00360937334427997
0.00360937334427997
-0.00360937334426126
-0.00360937334426126
0.00360937334426126
0.00360937334426126
0.00179945569627871
0.00179945569627871
0.00179945569627871
0.00179945569627871
-0.00540882904056161
-999.986483158375
0
0
0
0
0
0
-1000
0
0
0
0.00360937334427997
0
0
0
0
0.00180468667213998
0.00360937334426126
0.00360937334426126
0
0.00360937334427997
0
0
0
0
0
-0.00360937334426126
0
0
0.00719782278511483
0.00179945569627871
0.00539836708883612
0.00179945569627871
-0.00179945569630036
0.00179945569627871
0.00179945569627871
0.00179945569627871
0.00179945569627871
0.00179945569627871
0.00179945569627871
0.00359891139255742
0.00179945569627871
0.00179945569627871
0.00179945569627871
0.00179945569627871
0.00179945569627871
0
0.00179945569627871
0.00360937334427997
0.00360937334427997
0.00360937334427997
0.00360937334427997
0.00360937334427997
0.00360937334427997
0.00360937334427997
0.00360937334427997
0.00360937334427997
0.00360937334427997
0.00360937334427997
0.00360937334427997
0.00360937334427997
0.00360937334427997
0
0
0
0
0
0
0
0
0
0
0
0
-0.00360937334426126
0.00360937334427997
0.00360937334427997
0
0
0
0
0
0
0
0
0
0
0
0
0
0
0
0
0
0
0
0
0
0
0
0
0
0
0
0
0
0
0
0
0
0
0
0
0
0
0
0
0
0
0
0
0
0
0
0
0
0
0
0
0
0
0
0
0
0
0
0
0
0
0
1000
0
32.6523895051356
0
0
0
0
0.00360937334427997
0
0
0
0
0
0
0
0
0
0
0
1000
635.067629952609
0
0
0
0
0
0
0
0
0
0
1000
0
0
0
-171.819875974707
0
0
0
0
0
0.00146662613881196
0
0
0
0
0
0
0
0
0
0.00146662613881196
0
0
274.210256410257
0
0
0
0
0.00146662613881196
0
0.00146662613881196
0
0.00146662613881196
0
0.546896224666955
0
0
0
0.0916641336757478
0
0
0
0
0
0.567950972254933
0
0.00146662613881196
0
0.00146662613881196
0
0.00146662613881196
0
0.00146662613881196
0
0.00146662613881196
0
0.00146662613881196
0
0.00146662613881196
0
0.00146662613881196
0
0.00146662613881196
0
0.00146662613881196
0
0.00146662613881196
0
0.00146662613881196
0
0.00146662613881196
0
0.00146662613881196
0
0.00146662613881196
0
0.00146662613881196
0
0.00146662613881196
0
0.0307991489150512
0
0.0144549299633241
0
0.042165501490844
0
0
0
0.0216327355474765
0
0.00146662613881196
0
0.00146662613881196
0
0.12465820006219
0
0.00146662613881196
0
0.00146662613881196
0
0.00146662613881196
0
0.00146662613881196
0
0.702147263956228
0
0.0106330395063867
0
0.0788311549611431
0
0.397089027083339
0
0.0249376660966302
0
0.00146662613881196
0
0.00146662613881196
0
0.0139329483187137
0
0.00146662613881196
0
0.00146662613881196
0
0.00146662613881196
0
0
-1000
0
0
0.0135168416255738
0
0
0
0
0
0
-1000
-1000
0
0
-1000
1000
103.583508082455
0
614.870971621656
1000
-1000
-1000
0
0
1000
0
0
0
0
-5.51409371147372
635.148351320698
0
0
0
0
-1000
1000
-0.00360937334426126
0
0
0
-3.15900375921035
1000
28.3682524554547
0
0
0
0.024303113851488
250.934174042144
1000
-1000
-3.9743821215867
-103.583508082455
0
931.820415277232
0
1000
-1000
0
0
1000
1000
-1000
1000
0
1000
0
0
-1000
432.43747809491
1000
1000
0
0
0
0
0
-32.6523895051356
-502.652310077466
0
0
0
0
0
0
0
0
0
1000
0
0
0
0
0
0
0
0
0
0
0
0
1000
0
0
0
0
0
0
0
0
-1000
1000
-1000
-1000
1000
1000
-1000
-1000
-1000
-52.0226477843139
-17.5007920738017
1000
1000
-1000
-1000
-1000
-1000
-1000
-1000
1000
-1000
-1000
-38.1124890837691
1000
1000
1000
1000
1000
1000
-1000
1000
1000
-1000
-1000
-1000
-1000
951.641345666251
-1000
-1000
-1000
-1000
-979.002060809876
-1000
-1000
-1000
-1000
-602.325062799994
1000
-1000
-1000
-1000
-1000
-1000
1000
-1000
-1000
-1000
-989.513510641513
-1000
-1000
-1000
-1000
-1000
-1000
-1000
982.668979247776
-1000
1000
-1000
136.024905735768
-1000
1000
-1000
-1000
1000
-1000
-1000
-1000
-1000
1000
-1000
1000
1000
-1000
576.746202794049
-563.438944575542
1000
1000
-1000
1000
1000
1000
-1000
1000
1000
1000
4.79781451161557
1000
-1000
-1000
-1000
596.431136535882
1000
-1000
-1000
-1000
-1000
4.79781451161557
-1000
1000
1000
1000
1000
-968.59094981355
1000
1000
-1000
-1000
-1000
976.111419189788
-1000
-1000
-942.531309141021
1000
-1000
-1000
-1000
-57.468690858979
0
0
0
0
0
0
0
0
0
0
0
0
0
0
0
0
0
0
0
0
0
0
0
0
0
0
0
0
0
0
0
0
0
0
0
0
0
0
0
0
0
0
0
0
0
0
0
0
0
0
0
0
0
0
0
0
0
0
0
0
0
0
0
0
0
0
0
0
0
0
0
0
0
0
0
0
0
0
0
0
0
0
0
0
0
0
0
0
0
0
0
0
0
0
0
0
0
0
0
0
0
0
0
0
0
0
0
0
0
0
0
0
0
0
0
0
0
0
0
0
0
0
0
0
0
0
0
0
0
0
0
0
0
0
0
0
0
0
0
0
0
0
0
0
0
0
0
0
0
0
0
0
0
0
0
0
0
0
0
0
0
0
0
0
0
0
0
0
0
0
0
0
0
0
0
0
0
0
0
0
0
0
0
0
0
0
0
0
0
0
0
0
0
0
0
0
0
0
0
0
0
0
0
0
0
0
0
0
0
0
0
0
0
0
0
0
0
0
0
0
0
0
0
0
0
0
0
0
0
0
0
0
0
0
0
0
0
0
0
0
0
0
0
0
0
0
0
0
0
0
0
0
0
0
0
0
0
0
0
0
0
0
0
0
0
0
0
0
0
0
0
0
0
0
0
0
0
0
0
0
0
0
0
0
0
0
0
0
0
0
0
0
0
0
0
0
0
0
0
0
0
0
0
0
0
0
0
0
0
0
0
0
0
0
0
0
0
0
0
0
0
0
0
0
0
1000
1000
1000
1000
1000
1000
1000
1000
-1000
-1000
999.933696509129
-1000
-1000
1000
1000
0
-1000
-1000
-1000
-1000
997.609927896664
1000
-1000
-1000
-1000
1000
-1000
-1000
1000
0
-1000
-1000
-1000
-1000
-1000
1000
1000
-1000
-1000
-1000
-997.543624405793
1000
-1000
-999.933696509129
-1000
1000
0
0
0.0663034908709506
-0.0663034908709506
-1000
-1000
-1000
-1000
-1000
0
0
0
0
0
0
0
0
0
0
0
0
0
0
0
-1000
-1000
-28.8422398965381
0
0
0
0
335.678370398615
0
984.299130133427
0
0
0
0
0
0
0
0
0
-0.00360937334426126
0.00360937334427997
0
0
-0.00360937334426126
-0.00360937334426126
0
0
0
0
0
0
0
0
0
0
0
0
0
0
0
0
0
0
0
0
0
0
0
0
0.00360937334427997
0
0
-1000
-1000
487.464968568556
512.535031431444
-1000
0
0
0
0
-0.00360937334426126
348.132439005627
0
0
0
0
246.799004800021
0
0
0
0
0
0
0
0
0
0
-1000
0
0
0
0
0.00360937334427997
0
0
0
0
433.480757447358
0
0
0
0
0
0
-635.148351320698
1000
1000
0
0
0
0
0
0
0
0
0
0
0
0
0
0
0
0
0
0
0
0
0
0
0
0
0
0
0
0
0
0
0
0
0.994809552711136
0.00360937334427997
0
0
0
0
0
1000
0
-998.048371728599
0
0
1.95162827140045
0
0
0
0
0.00539836708883612
1000
0
-1000
0
0
0
0
0
0
0
0
0
0
0
0
0.00360937334426126
-969.840202750447
343.637609202208
0
820.245810970932
-1000
1000
0
0
0
-999.856679979694
1000
0
0
0
0
0
0.00360937334426126
0
0
1000
0
0
0
0
1000
0
0
-1000
0
0
-1000
0
-1000
1000
0
0
0
0
0
0
0
0
0
0
0
-0.14332002030585
1000
0
0
0
0
0
0
0
0
0
0
1000
0
1000
0
998.133557298671
0
0
0
0
0
0
0
0
0
0
0.975814135700224
0
0.00360937334427997
-0.00360937334426126
0.00360937334427997
0.00360937334427997
0
0
0.00360937334426126
15.0651399514902
0
0
0.975814135700261
0
0
-0.0108281200327838
-1000
-1000
-1000
1000
-1000
1000
0
0
-1000
-1.94440952471189
-998.133557298671
-998.133557298671
0
0
0
0
0
0
0
0
0
0
0
0
0
0
0
0
0
0
0
0
0
0
0
0.077966823383008
0
1000
0
0
0
0
0
0.00179945569627871
0
1000
0
0
0
0
0
0
0.00360937334427997
0
0
0
0
0
0
0
0
0
0
0
0
0
0
0
0
0
0
0
0
0
0
0
0
0
1000
0
0
0
0
0
0
0
0
0
0
0
0
0
0
0
0
0
0
0
0
0
0
0
0
0
0
0
0
0
0
0
2.32778425826757
0
0
0
0
0
0
0
0
0
0
0
0
0
0
0
0
0
0
0
0
0
0
0
0
0
0
0
0
0
0
0
0
0
0
0
0
0
0
0
0
0
0
0
0
0
0
0
0
0
0
0
0
0
0
0
0
0
0
0
0
0
0
0
0
0
0
0
0
0
0
0
0
0
0
0
0
0
0
0
0
0
0
0
0
0
0
0
0
0
0
0
0
0
0
0
0
0
0
0
0
0
0
0
0
0
0
0
0
0
0
-999.975696886149
0
0
0.00179945569630036
0
0
0
-0.024303113851488
0
1000
0.00449863924075089
0
0
0
0
0
0
0
0
0
0
0
0
0
0
0
0
0.00360937334427997
0.00360937334427997
0.00360937334427997
-1000
-1000
0
-61.1935878251436
386.950709742733
0
0
0
0
0
0
-1000
1000
0
0
0
0
0
0
0
0
0
0
-1000
0.00146662613883564
1000
0
-1000
-1000
-1000
-999.433515653884
-1000
-1000
0
0
0
0
0
0
0
0
0
0
-1000
0.0906288363698704
1000
0.395339719008984
0.00360937334427997
0.00360937334427997
0.00360937334427997
0.00360937334427997
0.00360937334427997
0
0
0
0
1000
0
0
0
0
0.00146662613881196
0
0
0
0
0
0
0
0
0
0
1000
0
0
0
0
0
0
1000
-999.998533373861
0
1000
0
0
-1000
0
0
0
0
0
0
0
0
0
0
0
0
0
0
0
0
0
0
0
0
0
0
0
0
0
0
0
0
0
0
0
0
0
0
0
0.042532158025547
0
0
0
0
0
0
0
0
0
0
0
-1000
0
0
0
0
0
0
0
0
0
-1000
0
0
0
0
0
0
0
0
1000
-1000
-1000
-1000
-1000
1000
0
0.00990746828125545
0
0
0
0
-999.81874232726
-1000
-1000
0
246.799004800021
0
0
0
999.978343759934
14.9243089146736
0
0
0
0
0
0.58047441669124
0.58047441669124
-1000
-999.973897430452
0
0
0
0
0
0
0
0
-1000
0
0
0
0
0
0
0
1000
0.00360937334427997
0
0
0
0
0
0
0
0
0.00360937334426126
1000
0
0
999.957467841974
0
0
0
1000
0
0
0
-828.125492201623
0
-1000
0
0
0
-1000
-1000
0.0817644072387793
0
0
0
0
0
0
171.819875974707
0
0
-969.966585010406
969.966585010406
0
0
-908.766907488152
0
0
0
0
-1000
-1000
0
0
-717.431406280625
0
0
0
0.00146662613881196
0.00528851659574934
0
0
0
0
0
0
0
0
998.133557298671
0
998.133557298671
0
0
0
0
0
0
0
0
0
1000
1000
0
-1000
1000
-1000
-1000
0
0
0
0
0
0
0
0
0
-1000
-327.704360718207
0
1000
0.00179945569627871
0.00179945569627871
0
-1000
0
0
327.644561790898
0
0
0
0
0
0
0
0
0
0
0
0
0
0
0
0
0
0
0
0
0
0
0
0
0
-0.0198044746107371
0
0
0
0
0
0
0
0
0
0
0
0
0
0
0
0
0
0
0
0
0
0
0
0
0
0
0
0
0
0
0
0
0
0
0
0
0
0
0
0
0
0
0
0
0
-1000
0
-1000
0
0
0
0
0
0
-1000
0
0
0
0
0
0
0
0
0
0
0
999.946834802468
0
0
0
0
0
0
0
0
0
0
0
0
0
1000
0
0
0
-1000
0
0
0
0
0
0
0
0
0
0
0
0
0
0
0
171.819875974707
0
0
0
0
0
0
0
0
0
0
0
0
0
0
0
0
0
0
0
0
0
0
0
171.819875974707
0
0
0
0
0
0
0
0
0
0
0
0
0
0
0
171.821342600845
0
0
0
0
0
0
0
0
0
0
0
0
0
0
0
0
0
0
0
0
0
0
0
0
0
0
0
0
0
0
0
0
0
0
0
0
0
0
0
0
0
0
0
0
0
0
0
0
0
0
0
0
0
0
0
0
0
0
0
0
0
0
0
0
0
0
0
0
0
0
0
0
0
0
0
0
0
0
0
0
0
0
0
0
0
0
0
0
0
0
0
0
0
0
0
0
0
0
0
0
0
0
0
0
0
0
0
0
0
0
0
0
0
0
0
0
0
0
0
0
0
0
0
0
0
0
0
0
-1000
0
0
0
0
0
0
0
0
0
0
0
0
0
0
0
0
0
0
0
0
0
0
449.258382249253
80.0384075210203
115.925048915919
0
0
-98.5377256843728
0
0
1000
-113.92701437812
-885.908589127999
0
-1000
0
0
-1000
0
0
0
0
14.6701620879297
0.0216562400656812
0
0
0
551.823814851302
0
0
0
0
0
0
0
0
0
0
0
0
0
0
0
0
0
0
0
0
0
0
0
0
0
0
0
0
0
0
0
0
0
0
0
0
0
0
0
0
0
0
0
0
0
0
0
0
0
0
0
0
0
0
0
0
0
0
0
0
0
0
0
0
0
0
0
0
0
0
0
0
0
0
0
0
0
0
0
0
0
0
0
0
0
0
0
0
0
0
0
0
0
0
0
0
0
0
0
0
0
0
0
0
0
0
0
0
0
0
0
0
0
0
0
0
0
0
0
0
0
0
0
0
0
0
0
0
0
0
0
0
0
0
0
0
0
0
0
0
0
0
0
0
0
0
0
0
0
0
0
0
0
0
0
0
0
0
0
0
0
0
0
0
0
0
0
0
0
0
0
0
0
0
0
0
0
0
0
0
0
0
0
0
0
0
0
0
0
0
0
0
0
0
0
0
0
0
0
0
0
0
0
0
0
0
0
0
0
0
0
0
0
0
0
0
0
0
0
0
0
0
0
0
0
0
0
0
0
0
0
0
0
0
0
0
0
0
0
0
0
0
0
0
0
0
0
0
0
0
0
0
0
0
0
0
0
0
0
0
0
0
0
0
0
0
0
0
0
0
0
0
0
0
0
0
0
0
0
0
0
0
0
0
0
0
0
327.644561790898
0
0
0
0
0
0
0
0
0
0
0
-1000
0
0
0
0
0.00360937334426126
0.429960060917551
-1000
0
0
0
0
0
0
0
0
0
0
0
0
0
0
0
0
0
0
0
0
0
0
0
0
0
0
0
0
0
0
0
0
0
0
0
0
0
0
0
0
0
0
0
0
0
0
0
0
0
0
0
0
0
0
0
0
0
0
0
0
0
0
0
0
0
0
0
0
0
0
0
0
0
0
0
0
0
0
0
0
0
0
0
0
0
0
0
0
0
0
0
0
0
0
0
0
0
0
0
0
0
0
0
0
0
0
0
0
0
0
0
0
0
0
0
0
0
0
0
0
0
0
0
0
0
0
0
0
0
0
0
0
0
0
0
0
0
0
0
0
0
0
0
0
0
0
0
0
0
0
0
0
0
0
0
0
0
0
-970.994702739402
1000
0
0
0
0
0
0
0
1000
0.00360937334426126
0
0
-1000
1000
0
0
0
0
0
0
999.949542006842
0
0
0
0
0
0
0
0
0
0
0
0
0
0
1000
0
0
0
0
0.0135168416255354
0
0
0
0
0
0
0
0
0
0
0
0
0
0
0
0
0
0
0
0
0
0
0
0
0
0
0
0
0
0
0
0
0
0
0
0
0
0
0
0
0
0
0
0
0
0
0
0
0
0
0
0
0
0
0
0
0
0
0
0
0
0
0
0
0
0
0
0
0
0
0
0
0
0
0
0
0
0
0
0
0
0
0
0
0
0
0
0
0
0
0
0
0
0
0
0
0
0
0
0
0
0
0
0
0
0
0
0
0
0
0
0
0
0
0
0
0
0
0
0
0
999.994601632911
500
87.1829310212552
0
0
-0.975814135700261
0
0
0
465.33889432595
19.2848643419017
42.1529471487769
0.104619517225506
87.1829310212552
0
0
0
0
0
0
0
0
0
0
-1000
0
-1000
0
999.996390626656
-1000
0
1000
0
0
0
0
0
0
0
0
-3.66656534702986
0
0
999.982894708934
0.0198044746107371
0
0.0117069239775342
0.00360937334427997
0
0
0
0
0
0
0
0
0
0
0
0
0
0
0
0
171.819875974707
0
0
0
0
0.0378199554770617
-0.702147263956249
-0.0307991489150936
0
-10.7108938637887
-20.9979391901245
-42.8223333340115
-33.5801100487672
-10.4864893584866
-17.3310207522239
-997.459564444342
-4.60247411154296
-31.4090501864501
-1000
-1000
0
0
0
0
-1000
-38.1124890837691
-17.5007920738017
-27.3607151436247
-13.3072582185068
-10.2945561358432
-23.8885808102118
-34.5218557105122
975.96843046462
618.025932666568
0
284.893962526371
-1000
0
0
1000
1000
0
999.81874232726
-1000
0
0
0
0
348.132439005627
0
1000
0
0
-1000
0
0
0
0
0
0
0
-0.00360937334426126
-0.00360937334426126
0
0
0
0
0
0
0
0
0
0
0
0
0
0
0
0
997.609927896664
0
0
0
0
-1000
1000
246.799004800021
-0.00360937334426126
-0.00360937334426126
-0.994809552711104
487.464968568556
0
0
-0.00360937334426126
0
-0.00360937334426126
0
0
-500
-0.00360937334426126
0
0
0
-0.00360937334426126
0
0
0
0
0
1000
0
0
0
0
0
-0.0663034908709506
0
0
0
0
0
0
0
0
0
0
0
0
0
-749.065825957856
0
0
0
-1000
0
1000
0
0
-0.00360937334426126
-1000
0
0
0
0
0
0
0
0
0
0
0
0
0
433.480757447358
-3.15900375921035
-28.8422398965381
-1000
-1000
500
0
0
0
28.3682524554547
0
0
2.45637559420663
0
0
0
0
0
0
-3.9743821215867
0
0
0
0
1000
1000
103.583508082455
0
0
614.870971621656
896.416491917545
0
-1000
1000
0
0
-32.6523895051356
0
0
0
-1000
-1000
0
0
0
0
0
-1000
0
0
0
0
512.5314220581
-1000
1000
0
0
0
0
0
0
1000
-1000
-1000
-5.51409371147372
0
0
0
0
0
0
0
0
0
0
1000
0
-0.0249376660966618
-0.00146662613883564
-0.397089027083325
-502.652310077466
-0.0216327355474277
-0.124658200062186
-0.0139329483187112
-0.078831154961108
-0.0421655014908993
0
0
0
274.210256410257
0
-0.00146662613883564
0
-0.00146662613883564
-0.00146662613883564
-0.00146662613883564
-0.0106330395063878
0
-0.00146662613883564
-0.546896224666966
0
0
-14.9243089146736
0
0
-0.00146662613883564
-0.0144549299633354
0
-0.00146662613883564
-0.00146662613883564
-0.00146662613883564
-0.00146662613883564
0
0
-0.0916641336757493
0
0
0
-1000
1000
0
0
-1000
1000
-0.00360937334426126
-1000
908.766907488152
-908.766907488152
635.067629952609
0
0
-1000
0
0
364.932370047391
0
0
0
0
0
0
0
0
0
0
0
0
0
0
0
-1000
1000
1000
-1000
-1000
0.0135168416255738
-1000
-1000
0
-0.00146662613883564
-0.00146662613883564
0
0
0
0
0
-886.07298562188
885.908589127999
14.6701620879297
0.0216562400656812
0
0
0
551.823814851302
0
1000
0
0
0
0
0
0
0
0
0
0
0
0
0
0
0
0
0
0
0
0
0
0
0
0
0
0
0
0
0
0
0
0
0
0
0
0
0
0
0
0
0
0
0
0
0
0
0
0
0
0
0
0
0
0
0
0
0
0
0
0
0
0
0
0
0
0
0
0
0
0
0
0
0
-0.00146662613883564
0
0
0
0
0
0
0
0
0
0
0
0
0
0
0
0
0
0
0
0
0
0
0
0
0
0
0
0
0
0
0
0
0
0
0
0
0
0
0
0
0
0
0
0
0
0
0
0
0
0
0
0
0
0
0
0
0
0
0
0
0
0
0
0
0
0
0
0
0
0
0
0
0
0
0
0
0
0
0
0
0
0
0
0
0
0
0
0
0
0
0
0
0
0
0
0
0
0
0
0
0
0
0
0
0
0
0
0
0
0
0
0
0
0
0
0
0
0
0
0
0
0
0
0
0
0
0
0
0
0
0
0
0
0
0
0
0
0
0
0
0
0
0
0
0
0
0
0
0
0
0
0
0
0
0
0
0
0
0
0
0
0
0
0
0
0
0
0
0
0
0
0
0
0
0
0
0
0
0
0
0
0
0
0
0
0
0
0
0
0
0
0
0
0
0
0
0
0
0
0
0
0
0
0
0
0
0
0
0
0
0
0
0
0
0
0
0
0
0
0
0
0
0
0
0
0
0
0
0
0
0
0
0
0
0
0
0
0
0
0
0
0
0
0
0
0
0
0
0
0
0
0
0
0
0
0
0
970.994702739402
0
1000
0
0
-0.429960060917551
0
0
0
0
0
0
0
0
0
0
0
0
0
0
0
0
0
0
999.949542006842
0
0
0
0
0
0
0
-1000
0
-1000
-0.00360937334426126
0
0
0
0
0
0
0
0
1000
0
0
0
0
0
-1000
0
0
0
0
0
0
0
0
0
0
0
0
0
0
0
0
0
0
0
0
0
0
0
0
0
0
0
0
0
0
0
0
0
0
0
0
0
0
0
0
0
0
0
0
0
0
0
0
-0.00146662613883564
-0.00146662613883564
-0.00146662613883564
-0.00146662613883564
0
-0.00146662613883564
-0.567950972254948
0
-0.00146662613883564
-0.00146662613883564
-0.00146662613883564
-0.00146662613883564
0
-0.00146662613883564
-0.00146662613883564
-0.00146662613883564
-0.00146662613883564
-0.00146662613883564
-0.00146662613883564
-0.00146662613883564
0
-0.00146662613883564
-0.00146662613883564
-0.00146662613883564
0
-1000
87.1829310212552
0
0
0
0
0
0
0
