0
0
0
0
0
0
0
51.7684279149303
-723.831988254521
1000
0
0
0
194.370217719348
1000
0
999.713884908367
-999.713884908367
999.934334241264
0
0.0656657587355086
0
-1000
0.412756197766043
0
1000
-209.227972114466
0
-405.863021091677
0.0270423798273162
0
0
0
0
0
0
0.0361632169322247
0
0
0
39.4052758138035
0
0
0
0
0
0
0
0
0
0
0
0
0
0
0
0
0
0
0
0
0
0
0
0
0
405.863021091677
0
0
0
0
0
0
0
13.8357220103237
13.8357220103237
0
0
0
0
0
-1000
0
0
0
0
0
0
0
0
0
0
0
0
0
0
0
0
0
0
0
0
0
0
0
0
0
0
0
0
0
0
0
0
0
329.817294607048
0
0
291.480037668596
0
291.480037668596
0
0
0
0
0
0
0
0
0
0
0
0
1000
0
0
-1000
0
0
0
0
-1000
0
0
0
-16.4396016820389
0
0
0
0
-247.840587150807
0
0
0
1000
0
0
595.942149855038
1000
1000
404.048469322286
0
212.154788789534
0
-1000
404.048469322286
598.418687041634
1000
-805.629782280652
0
212.154788789534
1000
0
0
0
0
0
1000
-1000
0
0
0
0
0
-337.021503526745
0
0
0
0
0
0
0
995.621309421898
-1000
0
332.603849066244
0
1000
0
0
0
0
0
0
104.728012839438
0
0
332.603849066244
-337.026193938083
0
-999.995309588662
337.221168565347
0
0
0
0
0
0
0
0
0
224.803166675977
0.182926042192207
0
0
-1000
666.101073552874
0
0
333.121880018596
0
0
0
0.777046428529212
0
337.026193938083
0
0
0
-341.587810558377
0
0
0
0
0
0
0
0
0
0
0
0
-1000
0
-1000
1000
769.274993535254
-13.8357220103237
1000
1000
0
-1000
-1000
-1.08580063689487
666.87410378638
0
0
-0.777046428529161
1000
-1000
-1000
1000
0
0
1000
0
0.201687687544776
0
-0.201687687544791
0
0.00200227693943108
0
0
0
0
2.42926249676476
0
0
0
0
0
658.412189441623
0
0
0
0
0
0
1000
0
1000
0
0
0
1000
0
-0.201687687544791
0
-0.777046428529161
0
0
0.777046428529161
0
0
0
0
0
0
0
-1000
0
0
0
-1000
0.777046428529161
0
-884.311742089225
-1.08580063689487
0
0
0
0
0
0
0
0
0
0
0
0
0
-658.412189441623
0
0
0
2.59015476176404
0
10.9038724802351
0
0
0
0
0
0
0
0
436.741244533895
677.671198115945
1000
-1000
1000
1000
-1000
-434.129055994938
-1000
-1000
1000
-1000
-1000
775.714864276376
1000
0
0
0
0
0
0
-1000
0
-1000
0
-1000
1000
1000
0
332.607865261267
-1000
0
0
0
0
0
0
0
1.08580063689482
-1000
-1000
1000
1000
1000
-1000
-1000
1000
-0.518030952352774
-1000
1000
1000
0
-1000
-1000
-1000
1000
1000
-1000
-132.795141665169
0
1000
-1000
1000
1000
0
0
-0.52741177502935
-1000
1000
0
0
0
-337.209119980275
0
0
0
1000
-121.611918172716
0
0
0
107.57986555056
0
0
0
0
0
700.858110320527
0
0
0
0
0
0
0
0
0
0
0
0.00401619502385885
0
1000
-878.392098022308
-121.607901977692
0
0
121.607901977692
0
0
0
0
0
0
0
0
0
0
0
0
0
0
0
0
0
0
0
0
0
0
0
0
0
0
0
0
0
0
0
0
0
0
0
0
0
0
0
0
0.0040161950238371
1000
0.117260283456289
0.117260283456289
0
16.0924578014908
0
0
0
0
0
0
0
0
0
0
0
0
0
0
0
0
0
0
0
0
0
0
0
0
0
0
0
0
0
0
0
0
0
0
0
0
0
0
0
0
0
0
0
0
0
0
0
0
0
0
0.182926042192115
0
0
0
-1000
0
0
0
0
0
0
1000
0
0
0
0
0
0
0
0
0
0
0
0
0
0
0
0
0
0
0
0
0
0
0
0
0
0
0
-5.30415675486199
0
0
0.182926042192115
0
0
0
0
0
0
0
0
0
247.756760716105
0
0
0
0
0
0
0
0
0
0
0
0
0
0
0
0
0
0
0
0
0
0
0
0
0
0
0
0
0
0
0
0
0
0
0
0
0
0
0
0
0
0
0
0
0.0120485850715766
0.0120485850715766
0
0.0120485850715766
0
0
0
0
0
0
0
0
0
0
0
0
0
0
0
0
0
0
0
0
466.205111125389
0
1000
0
466.209801536727
0
0
0
0
0.848964452223361
0.848964452223361
0
1000
0
0
0
0
0
0
0
0
0
0
0
0
0
0
0
0
0
0
0
0
0
0
0
0
0
-0.0040161950238371
0
0
0
-1000
0
0
1000
0
0
0
0
2.43901389589032
0
0
2.43901389589032
0
0
0
0
0
0
0
0
0
0
2.43901389589032
0
2.43901389589032
0
0
0
14.5498548408138
41.4748531227467
26.510767539134
19.4170660687016
28.7890366245283
9.4755282415264
22.1613447397448
40.542833951449
37.332545694757
11.8055761697706
22.886248539643
47.1705258362325
37.2289880090573
11.4949031126714
19.0546141687525
26.4072098534342
34.2258151237648
27.701680924681
5.07432659928736
34.536488180864
0
0
0
0
0
0
0
0
0
0
0
0
0
0
0
0
0
0
0
0
0
0
0
0
0
0
0
0
0
0
0
0
0
0
0
0
0
0
0
0
0
0
0
0
0
0
0
0
0
0
0
0
0
0
0
0
0
0
0
0
0
0
0
0
0
0
0
0
0
0
0
0
0
0
0
0
0
0
0
0
0
0
0
0
0
0
0
0
0
0
0
0
0
0
0
-1000
0
0
0
0
0
-652.146096491103
-652.146096491103
1000
1000
422.84594667959
0
0
0
0
0
0
107.57986555056
-752.832096094815
-423.014801487767
-1000
0
-354.236514619876
0
-354.367846137347
1000
1000
422.855327502266
1000
0
0
1000
0
-1000
-1000
-1000
0
645.763485380124
0
0
0
354.236514619876
0
0
0
0
0
0
0
0
0
0
0
1000
323.422634910997
1000
1000
0
500
0
0
5
0
0
0
0
1.1069370758272
0
360.711584304266
0
0
0
0.15894311111083
0.00122815024678857
5.28485844443492
-0.15894311111083
-0.15894311111083
0.15894311111083
0.00122815024678857
88.2134266665071
330.98675907211
176.394885092742
0.00122815024678857
-0.00122815024678857
0.00122815024678857
59.5241951110036
-0.15894311111083
0.0767593904270143
0
-999.998771849753
0.15894311111083
-0.15894311111083
0.00122815024678857
0.00122815024678857
-0.00122815024678857
0.00122815024678857
-0.00245630049369083
-0.156486810617139
0.15894311111083
0.00122815024678857
0.00122815024678857
0.00122815024678857
0.00122815024678857
0.00122815024678857
0.00122815024678857
0.00122815024678857
0.00122815024678857
0.00122815024678857
0.0257911551834695
0.00767593904265595
0.035309319596422
0.0356163571581192
0.0181152161408136
-0.00122815024678857
6.46982533911944
0.107393129633579
-0.00122815024678857
-0.00122815024678857
-0.00122815024678857
-0.00122815024678857
0.58797693067072
0.00890408928955821
0.0660130757671595
0.332521679329716
-0.0177381616148296
-0.00122815024678857
-0.00122815024678857
-0.0116674273449462
-0.00122815024678857
-0.00122815024678857
0.00122815024678857
0
0
0
0
0
0
0
0
0
0
0
0
0
0
0
0
0
0
0
0
0
0
0
0
0
0
0
0
0
0
0
0
0
0
0
0
0
0
0
0
0
0
0
0
0
0
0
0
0
0
0
0
0
0
0
0
0
0
0
0
0
0
0
0
0
0
0
0
0
0
0
0
0
0
0
0
1000
0
0
0
0
0
0
0
0
0
0
0
0
0
0
0
0
0
0
0
0
0
0
0
0
0
0
0
0
0
0
0
0
0
0
0
0
0
0
0
0
0
0
0
0
0
0
0
0
0
0
0
0
0
0
0
0
0
0.00122815024683186
0.00122815024683186
0.00122815024683186
0.00122815024683186
0
0
0
0
0
0
0
0
0
0
0
59.0642528435649
0
0
0
0
0
0
0
0
0
0
0
0
0
0
0
0
0
0
0
0
0
0
0
0
0
0
0
0
0.157714960863992
0.157714960863992
0.157714960863992
0
176.393656942495
0
0
0
0
0
0.157714960863992
0.157714960863992
0
0
0
0
0
0
0
0
0
0
0
0
0
0
0
0
0
0
0
0
0
0
0
0
0
0
0
0
0
0
0
0
0
0
0
0
0
0
0
0
0
0
0
0
0
0
0
0
0
0
0
0
0
0
0
0
0
0
0
0
0
0
0
0
0
0
0
0
0
0
0
0
0
0
0
0
0
0
0
0
0
0
0
0
0
0
0
0
0
0
0
0
0
0
0
0
0
0
0
0
0
0
0
0
0
0
0
0
0
0
0
0
0
0
0
0
0
0
0
0
0
0
0
0
0
0
0
0
0
0
0
0
0
0
0
0
0
0
0
0
0
0
0
0
0
0
0
0
0
0
0
0
0
0
0
0
0
0
0
0
0
0
0
0
0
0
0
0
0
0
0
0
0
0
0
0
0
0
0
0
0
0
0
0
0
0
0
0
0
0
-1000
0
0
0
0
0
0
0
0
0
0
0
0
0
0
0
0
0
0
0
23.0974907832134
0
0
0
0
0
0
0
0
0
0
0
0
0
0
0
0
0
0
0
0
0
0
0
0
0
0
0
0
0
0
0
0
0
0
0
0
0
0
0
0
0
0
0
0
0
0
0
0
0
0
0
0
0
0
0
0
0
0
0
0
0
0
0
0
0
0
0
0
0
0
1000
1000
0
0
0
0
0
0
0
0
0
0
0
0
0
0
0
0
0
0
-1000
0
-1000
0
0
0
0
0
0
0
1000
1000
0
0
0
0
0
0
0
0
0
0
0
0
0
0
0
0
0
0
0
0
0
0
0
0
0
0
0
0
0
0
0
0
0
0
0
0
0
0
0
0
0
0
0
0
0
0
0
0
0
0
0
0
0
0
0
0
0
0
0
0
0
0
0
0
0
0
0
0
0
0
0
0
0
0
0
0
0
0
0
0
0
0
0
0
45.2973744255642
0
0
0.157714960864041
0
1000
0
0
0
0
639.884586892916
0
322.284623738793
0
0
0
0
-0.316658071974871
0
0
1000
0
0
0
0
0
0
0
0
0
0
0
0
0
-1000
0
0
0
0
-0.0220366874787032
0
0
0
0
0
0
0
0.0220366874787032
0
0
0
0
0
360.711584304266
-1000
0
-354.2405308149
-354.2405308149
0
-1000
1000
-0.0240971701431363
0
0
0.157714960864041
-0.157714960864041
0
0
5.71716733131984
-5.71716733131984
1000
0
0
0
0
0
1000
0
-360.115413107084
-639.884586892916
-1000
0
-677.715376261208
-322.284623738792
-1000
0
0
0
0
0
322.308720908936
0
-1000
0
0
0
0
0
-1000
0
0
0
-1000
0
0
0
-1000
0
0
0
0
0
0
0
0
0
0
0
0
0
0
0
0
0
0
0
-1000
1000
-1000
0
-1000
0
-1000
0
-1000
0
0
0
0
0
0
0
0
0
-1000
0
1000
0
-1000
0
-1000
0
-1000
0
-1000
0
0
0
0
0
0
0
0
0
-954.702625574436
-45.297374425564
6.47105348936634
-6.47105348936634
0
0
0
0
0
0
0
0
0
0
0
0
0
0
0
0
0
0
0
0
0
0
0
0
0
0
0
0
0
0
0
0
0
0
0
0
0
0
0
0
0
0
0
0
0
0
0
0
0
0
0
0
0
0
0
0
0
0
0
0
0
0
0
0
0
0
0
0
0
0
0
0
0
0
0
0
0
0
0.0220366874787032
0.0220366874787032
0
0
0
0
0
0
0
0
0
0
0
0
0
0
0
0
-0.0220366874787032
-0.0220366874787032
0
0
0
0
0
0
0
0
0
0
0
0
0
0
0
0
0
0
0
0
0
0
0
0
0
0
0
0
0
0
0
0
0
0
0
0
0
0
0
0
0
0
0
0
0
0.00401619502385885
0
0
0
0
0
0
0
0
12.2723977252829
0
0
0
0
0
0
0
0
0
0
0
0
0
0
0
0
0
0
0
0
0
0
0
0
0
0
0
0
0
0
0
0
0
0
0
0
0
0
0
0
0
0
0
0
0
0
0
0
0
0
0
0
0
0
0
0
0
0
0
0
0
0
0
0
0
360.115413107084
360.115413107084
360.115413107084
0
354.398245775764
354.398245775764
0
354.2405308149
354.2405308149
0
0
0
0
0
0
0
0
0
0
0
0
0
0
0
0
0
0
0
0
0
0
0
0
0
0
0
0
0
0
0
0
0
0
0
0
0
0
0
0
0
0
0
0
0
0
0
0
0
0
0
0
0
0
0
0
0
0
0
0
0
0
0
0
0
0
0
0
0
0
0
0
0
0
0
0
0
0
0
0
0
0
0
0
0
0
0
0
0
0
0
0
0
0
0
0
0
0
0
0
0
0
0
0
0
0
0
0
0
0
0
0
0
0
0
0
0
0
0
0
0
0
0
0
0
0
0
0
0
0
0
0
0
0
0
0
0
0
0
0
0
0
0
0
0
0
0
0
0
0
0
0
0
0
0
0
0
0
0
0
0
0
0
0
0
0
0
0
0
0.00401619502385885
0.00401619502385885
0.00401619502385885
0.00401619502385885
0.00401619502385885
0
0
0
0
0
0
0
0
0
0
0
0
0
0
0
0
0
0
0
0
0
0
0
0
0
0
0
0
0
0
0
0
0
0
0
0
0
0
0
0
0
0
0
0
0
0
0
0
0
0
0
0
16.4396016820389
16.4396016820389
-16.4396016820389
5.47049610562396
-2.73323995530006
2.73323995530005
2.73323995530005
2.73323995530005
0
0
0
0
0
0
0
0
0
0
0
0
0
0
0
0
0
0
0
0
2.73323995530005
0
2.72523084754233
2.73323995530005
2.73323995530005
2.73323995530005
2.73323995530005
2.73323995530005
2.73323995530005
2.73323995530005
2.73323995530005
2.73323995530005
2.73323995530005
2.73323995530005
2.73323995530005
2.73323995530005
2.73323995530005
2.73323995530005
2.73323995530005
16.4396016820389
16.4396016820389
5.47049610562396
5.47049610562396
0
0
0
0
0
0
0
0
0
0
0
0
0
0
0
0
0
0
0
0
0
0
0
0
0
0
0
0
0
0
0
0
0
0
0
0
0
0
0
0
0
0
0
0
0
0
0
0
0
0
0
0
0
0
0
0
0
0
0
0
0
0
0
0
0
0
0
0
0
0
0
0
0
0
0
0
0
0
0
0
0
0
0
0
0
0
0
0
0
0
0
0
0
0
0
0
0
0
0
0
0
0
0
0
0
0
0
0
0
0
0
0
0
0
0
0
0
0
0
0
0
0
0
0
0
0
0
0
0
0
0
0
0
0
0
0
0
0
0
0
0
0
0
0
0
0
0
0
0
0
0
0
0
0
0
0
0
0
0
0
0
0
0
0
0
0
0
0
0
0
0
0
0
0
0
0
0
0
0
0
0
0
0
0
0
0
0
0
0
0
0
0
1.31540670042791
367.324232563603
367.324232563603
0
30.0485855727925
30.0485855727925
0
-397.372818136395
0
30.0485855727925
0
366.008825863175
0
0
0
0
30.0485855727925
0
30.0485855727925
30.0485855727925
0
0
0
0
0
0
0
0
0
0
0
0
0
0
0
0
0
0
0
0
0
0
0
0
0
0
0
0
0
0
0
0
0
0
0
0
397.372818136395
0
0
0
0
0
0
0
0
0
0
0
0
0
0
0
0
0
0
0
0
0
0
0
0
0
0
0
0
0
0
0
0
0
0
0
0
0
0
0
0
0
0
0
0
0
0
0
0
0
0
0
0
0
0
0
0
0
0
0
0
0
0
0
0
0
0
0
0
0
0
0
0
0
0
0
0
0
0
0
0.00401619502385885
0
0
0
0
0
0
0
1.73170180627296
0
0
0
1.08580063689482
1.08580063689482
1.08580063689482
0
0
0
10.7914849860554
0
0
1.48492893425141
0
0
10.7914849860554
0.00401619502385885
0
0
0
0
-1.48492893425146
1.48492893425141
0
0
0
0
0
0
12.1068916864833
0
0
0
0.257797036333417
0
0.246772872021549
0
12.1068916864833
12.1068916864833
0
0
0
0
0
0
0
0
0
0
0
0
0
0
-12.2723977252829
0
0
0
0
0
0
0
0
0
0
0
0
0
0
0
0
0
0
0
0
0
0
0
0
0
0
0
0
0
0
0
0
0
0
0
0
0
0
0
0
0
0
0
0
0
0
0
0
0
0
0
0
0
0
0
0
0
0
0
0
0
0
0
0
0
0
0
0
0
0
0
0
0
0
0
0
0
0
0
0
0
0
0
0
0
0
0
0
0
0
0
0
0
0
0
0
0
0
0
0
0
0
0
0
0
0
0
0
0
0
0
0
0
0
0
0
0
0
0
0
0
0
0
0
1000
0
0
1000
1000
0
0
0
0
0
0
0
0
0
0
0
0
0
0
0
0
0
0
0
0
0
0
0
0
0
0
0
0
0
0
0
0
0
0
0
0
0
0
0
0
0
0
0
0
0
0
0
0
0
0
0
0
0
0
0
0
0
0
0
0
0
0
0
0
0
0
0
0
0
0
0
0
0
0
0
0
0
0
0
0
0
0
0
0
0
0
0
0
0
0
0
0
0
0
0
0
0
0
0
0
0
0
0
0
0
0
0
0
0
0
0
0
0
0
0
0
0
0
0
0
0
0
0
0
0
0
0
0
0
0
0
0
0
0
0
0
0
0
0
0
0
0
0
0
0
0
0
0
0
0
0
0
0
0
0
0
0
0
0
0
0
0
0
0
0
0
0
0
0
0
0
0
0
0
0
0
0
0
0
0
0
0
0
0
0
0
0
0
0
0
0
0
0
0
0
0
0
0
0
0
0
0
0
0
0
0
0
0
0
0
0
0
0
0
0
0
0
0
0
0
0
0
0
0
0
0
0
0
0
0
0
0
0
0
0
0
0
0
0
0
0
0
0
0
0
0
0
0
0
0
0
0
0
0
0
0
0
0
0
0
0
0
0
0
0
0
0
0
0
0
0
0
0
0
0
0
0
0
0
0
0
0
0
0
0
0
0
0
0
0
0
0
0
0
0
0
0
0
0
0
0
0
0
0
0
0
0
0
0
0
0
0
1000
0
0
0
0
0
0
0
0
0
0
0
0
0
0
0
0
0
0
0
0
0
0
0
0
0
0
0
0
0
0
0
0
0
0
0
0
0
0
0
0
0
0
0
0
0
0
0
0
-504.939826921512
0
0
0
0
0
0
0
0
0
0
0
0
0
0
0
0
0
0
0
0
0
0
0
0
0
0
0
0
0
0
0
0
0
0
0
0
0
0
0
0.182926042192115
0.182926042192115
0
0
0
0.182926042192094
0
0.182926042192115
0
0
0
0
0.0281424680298414
0
0
0
0
0
0
0
0
0
0
0
0
0
0
0
0
0
0
0
0
0
0
0
0
0
0
0
0
0
0
0
0
0
0
0
0
0
0
0
0
0
0
0
0
0
0
0
0
0
0
0
0
0
0
0
0
0
0
0
0
0
381.77222169677
381.77222169677
0
0
0
0
0
0
0
0
0
0
0
0
0
0
0
0
0
0
0
0
0
0
0
0
0
0
0
0
0
0
0
0
0
0
0
0
0
0
0
0
0
0
0
0
0
0
0
0
1000
562.401923876331
-1000
0
0
0
-683.323413845699
794.744443346521
683.323413845699
582.737008267202
0
0
0
-1000
561.624877447802
0
0
0
0
0
0
0
0
0
0
0
0
0
0
0
0
0
0
0
0
0
0
0
0
0
0
0
0
0
0
0
0
0
0
0
0
0
0
0
0
-794.744443346521
0
0
0
0
0
0
0
0.00122815024683186
0.00122815024683186
0
0
0
0
0
0
0
0
-999.995983804976
-1000
1000
-1000
1000
999.995983804976
-1000
0
0
0
0
0
0
0.0040161950238371
0
0
0
0
0
0
0
0
0
0
0
0
0
0
0
0
0
0
0
0
0
0
0.00300341540914662
0.00401619502385885
0.0110241643118676
1000
0.00200227693943108
0.00200227693943108
0.0040161950238371
0
0.00100113846971554
0.00200227693943108
0.0170426362751025
-0.00200227693937904
0.00200227693943108
0.00200227693943108
0.00200227693943108
0.00200227693943108
0.00200227693943108
-0.00200227693937904
-0.00400455387887177
-0.00601847196332983
0.00200227693943108
0.00200227693943108
0.00200227693937904
0.00200227693943108
-0.00601847196332983
-0.00200227693937904
0.0040161950238371
0.00200227693943108
0.00200227693943108
0.00401619502385885
0.00401619502385885
-0.0040161950238371
-0.0040161950238371
0.0040161950238371
0.0040161950238371
0.00200227693943108
0.00200227693943108
0.00200227693943108
0.00200227693943108
0.0310934982861681
-0.00601847196332983
-999.984959640664
0
0
0
0
0
0
-1000
0
0
0
0.00401619502385885
0
0
0
0
0.00200809751192942
0.0040161950238371
0.0040161950238371
0
0
0.00401619502385885
0.00401619502385885
0
0
0
0
0
0
0.00800910775772431
0.00200227693943108
0.00600683081829324
0.00200227693943108
-0.00200227693937904
0.00200227693943108
0.00200227693943108
0.00200227693943108
0.00200227693943108
0.00200227693943108
0.00200227693943108
0.00400455387886216
0.00200227693943108
0.00200227693943108
0.00200227693943108
0.00200227693943108
0.00200227693943108
0
0.00200227693943108
0.00401619502385885
0.00401619502385885
0.00401619502385885
0.00401619502385885
0.00401619502385885
0.00401619502385885
0.00401619502385885
0.00401619502385885
0.00401619502385885
0.00401619502385885
0.00401619502385885
0.00401619502385885
0.00401619502385885
0.00401619502385885
0
0
0
0
0
0
0
0
0
0
0
0
-0.0040161950238371
0.00401619502385885
0.00401619502385885
0
0
0
0
0
0
0
0
0
0
0
0
0
0
0
0
0
0
0
0
0
0
0
0
0
0
0
0
0
0
0
0
0
0
0
0
0
0
0
0
0
0
0
0
0
0
0
0
0
0
0
0
0
0
0
0
0
0
0
0
0
0
0
1000
25.8842139574652
0
0
0
0
0
0.00401619502385885
0
0
0
0
0
0
0
0
0
898.165878456278
0
0
0
0
0
0
0
0
0
0
0
-1000
0
-1.1069370758272
0
-360.711584304266
0
0
0
0
0
0.157714960863992
0
0
0
0
0
0
0
0
0
0.157714960863992
0
0
0
0
0
0
176.235941981631
0.157714960863992
0
0.157714960863992
0
0.157714960863992
0
0
0
0
0
9.85718505399949
0
61.3917766665557
0
59.2219678044289
0
0
0
0
0
0.157714960863992
0
0.157714960863992
0
0.157714960863992
0
0.157714960863992
0
0.15648681061716
0
0.315429921727984
0
0
0
0.157714960863992
0
0.157714960863992
0
0.157714960863992
0
0.157714960863992
0
0.157714960863992
0
0.157714960863992
0
0.157714960863992
0
0.157714960863992
0
0.157714960863992
0
3.31201417814383
0
0.985718505399949
0
4.53430512483977
0
4.57373386505576
0
2.32629567274388
0
0.157714960863992
0
6.62876845023028
0
10.9391530925687
0
0.157714960863992
0
0.157714960863992
0
0.157714960863992
0
0.157714960863992
0
75.5060375136361
0
1.14343346626394
0
8.47717914643956
0
42.7013256539258
0
0.57403905050271
0
0.157714960863992
0
0.157714960863992
0
1.49829212820792
0
0.157714960863992
0
0.157714960863992
0
0.157714960863992
0
0
-1000
0
0
366.008825863175
0
0
0
0
0
0
-1000
-1000
-1000
0
0
-1000
1000
0.182926042192207
0
380.287292762519
1000
-1000
-1000
0
0
1000
0
0
0
0
0
652.276588157758
-833.589693567554
-12.1068916864833
0
0
0
-1000
1000
-0.0040161950238371
0
0
0
-3.51506313365962
1000
-658.412189441623
0
0
0
0.0270423798273214
1000
1000
-1000
-4.42234487183919
-662.961757476846
0
1000
0
0
985.192846751897
0
0
1000
0
-1000
-1000
0
1000
0
0
-1000
1000
1000
232.421426045285
0
0
0
0
0
0
-1000
0
0
0
0
0
0
0
0
0
1000
0
1000
0
0
0
0
0
947.955256056405
0
0
0
0
1000
0
0
0
0
0
0
0
0
0
-569.658332790393
-1000
1000
-1000
1000
354.291071878798
-1000
-1000
-947.046895452404
-1000
-1000
-1000
1000
-1000
-1000
-1000
-473.528520470815
-1000
1000
1000
1000
-1000
-1000
-1000
-1000
1000
1000
1000
1000
-1000
-1000
1000
-1000
1000
-1000
1000
-1000
-1000
-1000
246.294142344575
-1000
-976.635329503855
-1000
-1000
-1000
-1000
-1000
1000
-1000
-1000
-1000
-1000
-1000
1000
-1000
-1000
-1000
11.6684483321867
-1000
-1000
-1000
-1000
-1000
-1000
-1000
1000
-1000
-1000
-1000
-1000
-1000
-1000
-1000
-1000
1000
-1000
-1000
-1000
87.2498668383662
-1000
-1000
-1000
1000
-1000
-1000
1000
-1000
1000
-1000
1000
1000
1000
-41.4897440873883
-19.4733510047606
1000
1000
1000
1000
-1000
-1000
1000
-1000
1000
-1000
1000
1000
-1000
1000
-1000
1000
1000
1000
1000
-1000
1000
1000
-1000
-1000
-1000
72.3142543164965
-1000
-1000
-34.9492443786301
889.186475932407
11.9181460418886
-1000
-1000
-1000
0
0
0
0
0
0
0
0
0
0
0
0
0
0
0
0
0
0
0
0
0
0
0
0
0
0
0
0
0
0
0
0
0
0
0
0
0
0
0
0
0
0
0
0
0
0
0
0
0
0
0
0
0
0
0
0
0
0
0
0
0
0
0
0
0
0
0
0
0
0
0
0
0
0
0
0
0
0
0
0
0
0
0
0
0
0
0
0
0
0
0
0
0
0
0
0
0
0
0
0
0
0
0
0
0
0
0
0
0
0
0
0
0
0
0
0
0
0
0
0
0
0
0
0
0
0
0
0
0
0
0
0
0
0
0
0
0
0
0
0
0
0
0
0
0
0
0
0
0
0
0
0
0
0
0
0
0
0
0
0
0
0
0
0
0
0
0
0
0
0
0
0
0
0
0
0
0
0
0
0
0
0
0
0
0
0
0
0
0
0
0
0
0
0
0
0
0
0
0
0
0
0
0
0
0
0
0
0
0
0
0
0
0
0
0
0
0
0
0
0
0
0
0
0
0
0
0
0
0
0
0
0
0
0
0
0
0
0
0
0
0
0
0
0
0
0
0
0
0
0
0
0
0
0
0
0
0
0
0
0
0
0
0
0
0
0
0
0
0
0
0
0
0
0
0
0
0
0
0
0
0
0
0
0
0
0
0
0
0
0
0
0
0
0
0
0
0
0
0
0
0
0
0
0
34.94924437863
0
0
0
0
0
0
0
0
0
0
0
0
0
0
0
0
0
0
0
0
1000
1000
1000
1000
1000
1000
1000
0
-1000
-1000
-330.512076454495
-1000
1000
1000
1000
-1000
-1000
-1000
1000
-1000
1000
1000
-1000
-1000
-1000
-1000
-1000
1000
1000
-1000
-421.647336394698
-1000
330.512076454495
-672.06356033959
-1000
997.424363205915
1000
-1000
-1000
-1000
-997.368217963596
1000
-1000
-1000
-1000
1000
-1000
1000
-1000
-1000
-1000
-1000
-1000
-1000
-1000
0
0
0
0
0
0
0
0
0
0
0
0
0
0
0
0
0
0
-1000
-341.587810558377
-0.52741177502935
0
0
0
0
0
892.49372195706
0
0
0
0
0
0
0
0
0
0
-0.0040161950238371
0.00401619502385885
0
0
-0.0040161950238371
-0.0040161950238371
0
0
0
0
0
0
0
0
0
0
0
0
0
0
0
0
0
0
0
0
0
0
623.719147162951
0
0
0
0
0.00401619502385885
0
0
1000
582.724959682131
438.375122552198
-1000
1000
0
0
0
0
-0.0040161950238371
0
0
0
0
0
0
0
0
0
0
0
0
0
0
0
0
0
0
0
0
0
0
0
0.00401619502385885
0
0
0
0.10145791889579
-0.0281133651670871
0
0
0
0
0
0
833.589693567554
0
1000
0
0
0
0
0
0
0
0
0
0
0
0
0
0
0
0
0
0
0
0
0
0
0
0
0
0
0
0
0
0
0
0
0
0
0
0.00401619502385885
0
0
0
0
1000
0
0
0
0
2.17160127378963
0
0
0
0
0
1000
0
-121.607901977692
0
0
0
0
0
0
0
0
0
0
0
0.0040161950238371
-354.236514619876
354.236514619876
-2.17160127378975
1000
0
0
0
0.15947398550054
1000
0
0
0
0
0
0
0
332.603849066244
1000
0
0
0
0
299.141889679473
0
0
0
0
0
-1000
0
1000
1000
0
0
0
0
0
577.144672497734
0
0
0
0
0
-1000
670.023231407451
0
0
0
878.392098022308
0
0
0
0
0
624.193554654458
502.585652676766
0
1000
0
665.315320517983
0
0
0
0
0
0
0
0
0
0
1.08580063689482
0
0.00401619502385885
-0.0040161950238371
0.00401619502385885
0.00401619502385885
0
0
0.0040161950238371
0
0
0
1.08580063689487
0
0
-0.012048585071625
-1000
-1000
-1000
1000
-1000
1000
0
0
334.680663286993
-334.680663286993
-1000
-667.392134738733
0
0
0
0
0
0
0
0
0
0
0
0
0
0
0
0
0
0
0
0
0
0
0
0
0
0
0
0
0
0
0
0.00200227693943108
0
0
0
0.52741177502935
0
0
0
0
0.00401619502385885
0
0
0
0
0
0
0
0
6.47105348936634
0
-51.7684279149304
0
0
0
0
0
0
0
0
0
0
0
0
0
1000
0
0
0
51.7684279149303
0
0
0
0
0
0
0
0
0
0
0
0
0
0
0
0
0
0
0
0
0
0
0
0
0
0
0
2.5901547617641
0
0
0
0
0
0
0
0
0
0
0
0
0
0
0
0
0
0
0
0
0
0
0
0
0
0
0
0
0
0
0
0
0
0
0
0
0
0
0
0
0
0
0
0
0
0
0
0
0
0
0
0
0
0
0
0
0
0
0
0
0
0
0
0
0
0
0
0
0
0
0
0
0
0
0
0
0
0
0
0
0
0
0
0
0
0
0
0
0
0
0
0
0
0
0
0
0
0
0
0
0
0
0
0
0
0
0
0
0
0
0
0
-999.972957620173
0
0.00200227693937904
0
0
0
-0.0270423798273214
0
1000
0.00500569234861814
0
0
0
0
0
0
0
0
0
0
0
0
0
0
0
0
0
0
0
0
0.00401619502385885
0.00401619502385885
0.00401619502385885
1000
-1000
0
-1000
-1000
0
0
0
0
0
0
-1000
-1000
0
0
0
0
0
0
0
0
0
0
-1000
0
1000
0
-1000
322.308720908936
0.316658071974871
0
-1000
-1000
0
0
0
0
0
0
0
0
0
0
-1000
0
1000
0.439899467516675
0.00401619502385885
0.00401619502385885
0.00401619502385885
0.00401619502385885
0.00401619502385885
0
0
0
1000
8.63489410730356
0
0
0
0
0
0
0
0
0
0
0
0
0
0
-1000
0
0
0
0
0
0
0
1000
-1000
0
1000
0
0
-940.935747156435
0
0
0
0
0
0
0
0
0
0
0
0
0
0
0
0
0
0
0
0
0
0
0
6.47105348936629
0
0
0
0
0
0
6.47105348936629
0
0
0
0
0
6.47105348936629
0
0
0
0
0
6.47105348936629
0
0
0
0
-1000
0
0
0
0
0
0
0
0
0
-1000
0
0
0
0
0
0
0
1000
-1000
-1000
-1000
-1000
1000
0
0.0110241643118676
0
0
0
0
-999.797084162208
-1000
-1000
623.719147162951
0
0
0
999.975902829857
4.09186246633735
0
0
0
0
0.645901169378142
0.645901169378142
0
-999.970955343233
0
0
0
0
0
0
0.407711701600821
0
1000
0
0
0
0
0
0
0
1000
0.00401619502385885
0
0
0
0
0
0
0
0
-546.317498464888
-1000
0
0
1000
0
0
0
1000
0
0.00600683081829324
0
0
-639.884586892916
0
-1000
0
0
0
-1000
-1000
0
0
0
0
0
354.398245775764
1000
354.2405308149
0
0
0
0
0
0
-750
0
0
0
0
-1000
-1000
0
0
1000
0
0
0
0
0
0
0
0
0
0
0
0
0
665.319336713007
332.603849066244
997.923185779251
0
0
0
0
0
0
0
0
0
0
-1000
0
0
-1000
1000
-1000
329.976768592549
1000
0
0
0
0
0
0
0
0
-1000
0
0
1000
0.00200227693943108
0.00200227693943108
0
-1000
-504.939826921512
0
322.284623738792
0
0
0
0
0
0
0
0
0
0
0
0
0
0
0
0
0
0
0
0
0
0
0
0
0
-0.0220366874787032
0
0
0
0
0
0
0
0
0
0
0
0
0
0
0
0
0
0
0
0
0
0
0
0
0
0
0
0
0
0
0
0
0
0
0
0
504.939826921512
0
0
0
0
0
0
0
0
-1000
0
-1000
0
0
0
0
0
0
-1000
0
0
0
0
0
0
0
0
0
0
0
994.28283266868
0
0
0
0
0
0
0
0
0
0
0
0
0
1000
0
0
0
-1000
0
0
0
0
0
0
0
0
0
0
0
0
0
0
0
354.2405308149
0
0
0
0
0
0
0
0
0
0
0
0
0
0
0
0
0
0
0
0
0
0
0
0
354.2405308149
0
0
0
0
0
0
0
0
0
0
0
0
0
0
0
0
0
0
0
0
0
0
0
0
0
0
0
0
0
0
0
0
0
0
0
0
0
0
0
0
0
0
0
0
0
0
0
0
0
0
0
0
0
0
0
0
0
0
0
0
0
0
0
0
0
0
0
0
0
0
0
0
0
0
0
0
0
0
0
0
0
0
0
0
0
0
0
0
0
0
0
0
0
0
0
0
0
0
0
0
0
0
0
0
0
0
0
0
0
0
0
0
0
0
0
0
0
0
0
0
0
0
0
0
0
0
0
0
0
0
0
0
0
0
0
0
0
0
0
0
0
0
0
0
0
-1000
0
0
0
0
0
0
0
0
0
0
0
0
0
0
0
0
0
0
140.62779567022
0
0
0
404.051596263178
0
0
0
0
-95.9515306777141
0
1000
-994.695843245138
-5.1212307126699
0
-1000
0
0
-1000
0
0
0
0
1000
0.0240971701431531
0
0
0
0
0
0
0
0
0
0
0
0
0
0
0
0
0
0
0
0
0
0
0
0
0
0
-1.1069370758272
0
0
0
0
0
0
0
0
0
0
0
0
0
0
0
0
0
0
0
0
0
0
0
0
0
0
0
0
0
0
0
0
0
0
0
0
0
0
0
0
0
0
0
0
0
0
0
0
0
0
0
0
0
0
0
0
0
0
0
0
0
0
0
0
0
0
0
0
0
0
0
0
0
0
0
0
0
0
0
0
0
0
0
0
0
0
0
0
0
0
0
0
0
0
0
0
0
0
0
0
0
0
0
0
0
0
0
0
0
0
0
0
0
0
0
0
0
0
0
0
0
0
0
0
0
0
0
0
0
0
0
0
0
0
0
0
0
0
0
0
0
0
0
0
0
0
0
0
0
0
0
0
0
0
0
0
0
0
0
0
0
0
0
0
0
0
0
0
0
0
0
0
0
0
0
0
0
0
0
0
0
0
0
0
0
0
0
0
0
0
0
0
0
0
0
0
0
0
0
0
0
0
0
0
0
0
0
0
0
0
0
0
0
0
0
0
0
0
0
0
0
0
0
0
0
0
0
0
0
0
0
0
0
0
0
0
0
0
0
0
0
0
0
0
0
0
0
0
0
0
0
0
0
0
0
0
0
0
0
0
0
0
0
322.284623738793
0
0
0
0
0
0
0
0
0
0
0
-1000
0
0
0
0
0.0040161950238371
-247.278338759603
0
0
0
0
0
0
0
0
0
0
0
0
0
0
0
0
0
0
0
0
0
0
0
0
0
0
0
0
0
0
0
0
0
0
0
0
0
0
0
0
0
0
0
0
0
0
0
0
0
0
0
0
0
0
0
0
0
0
0
0
0
0
0
0
0
0
0
0
0
0
0
0
0
0
0
0
0
0
0
0
0
0
0
0
0
0
0
0
0
0
0
0
0
0
0
0
0
0
0
0
0
0
0
0
0
0
0
0
0
0
0
0
0
0
0
0
0
0
0
0
0
0
0
0
0
0
0
0
0
0
0
0
0
0
0
0
0
0
0
0
0
0
0
0
0
0
0
0
0
0
0
0
0
0
0
0
0
0
1000
0
31.0680053301548
546.321514659912
0
0
0
0
0
0
0
1000
0.0040161950238371
0
0
-978.899917765671
0
1000
0
0
0
0
0
0
0
0
0
0
0
0
0
0
0
0
0
0
0
0
1000
0
0
0
0
366.008825863175
0
0
0
0
0
0
0
0
0
0
0
0
0
0
0
0
0
0
0
0
0
0
0
0
0
0
0
0
0
0
0
0
0
0
0
0
0
0
0
0
0
0
0
0
0
0
0
0
0
0
0
0
0
0
0
0
0
0
0
0
0
0
0
0
0
0
0
0
0
0
0
0
0
0
0
0
0
0
0
0
0
0
0
0
0
0
0
0
0
0
0
0
0
0
0
0
0
0
0
0
0
0
0
0
0
0
0
0
0
0
0
0
0
0
0
0
0
0
0
0
0
0
0
0
0
0
0
0
0
0
0
0
0
0
0
0
0
0
0
0
0
0
0
0
0
0
0
0
0
0
0
0
0
0
0
0
0
0
0
0
0
0
0
0
497.414347323233
500
97.0095416391027
0
0
-1.08580063689487
0
0
517.78842849871
21.4585106105695
46.9041133825061
0.116411449966923
97.0095416391027
0
0
0
0
0
0
0
0
0
0
0
0
0
0
0
0
0
0
0
0
0
0
0
0
0
0
1000
-1000
0
-376.280852837049
-623.719147162951
0
0
0
700.858110320527
0
0
354.398245775764
0
-5.02810172402201
177.529971506757
-975.584796182196
0
-0.0470767903666456
332.607865261267
0.52741177502935
-397.357777777059
3.07037561707966
-6.47105348936634
38.8263209361978
-12.9421069787326
0
0
0
216.772581820652
0.0220366874787032
0
0.0130264412512987
0.00401619502385885
0
0
0
0
0
0
0
0
0
0
0
0
0
0
1.1069370758272
0
360.711584304266
0
0
0
0
366.035868243002
-75.5060375136361
-3.31201417814384
0
-11.9181460418886
-23.3646704961445
-47.648947792734
-37.3650099378666
-11.6684483321867
-267.041205040431
-246.294142344575
-5.1212307126699
-34.9492443786301
-1000
-1000
0
0
0
0
-1000
-43.1868532612079
-19.4733510047606
-730.341187159281
-14.8071532481031
989.652055249559
-26.581123709208
1000
94.8676729192418
-418.965201486245
-140.62779567022
898.165878456278
-1000
-623.719147162951
0
1000
0
0
999.797084162208
-1000
0
0
0
-12.1068916864833
0
0
1000
878.392098022308
0
0
0
0
0
0
0
0
0
0
0
0
0
-0.0040161950238371
-0.0040161950238371
0
0
0
0
0
0
0
0
0
0
0
0
0
0
0
0
1000
0
327.93643966041
0
0
-1000
1000
0
-0.0040161950238371
-0.0040161950238371
0
438.375122552198
0
0
-0.0040161950238371
0
-0.0040161950238371
0
0
0
-0.0040161950238371
0
0
0
-0.0040161950238371
0
0
0
0
0
0
0
0
0
0
0
247.840587150807
0
0
0
0
0
582.724959682131
0
0
0
0
0
0
0
0
0
0
0
-578.352663605302
0
1000
0
0
-0.0040161950238371
0
0
0
0
-1000
0
0
0
0
0
0
0
0
0
-0.0281133651670871
0
-3.51506313365962
-0.52741177502935
-341.587810558377
-1000
0
0
0
0
0
-658.412189441623
0
0
0
2.73323995530006
0
0
0
0
0
0
-4.42234487183919
0
0
0
0
1000
1000
0.182926042192207
0
0
380.287292762519
337.038242523154
0
-23.0974907832134
23.0974907832134
0
0
0
0
0
0
-1000
-1000
0
0
0
0
-0.0561452423190758
0
0
0
-453.682501535112
-1000
1000
0
0
0
0
0
0
1000
-1000
-1000
652.276588157758
0
0
0
0
0
0
0
0
0
0
0
1000
0
-0.574039050502734
-0.157714960864041
-42.7013256539258
-1000
-2.32629567274387
-10.9391530925687
-1.49829212820794
-8.47717914643954
-4.53430512483976
-59.2219678044289
0
0
0
0
-0.157714960864041
-1000
-0.157714960864041
-0.157714960864041
0
-1.1434334662639
0
-0.157714960864041
0
-61.3917766665556
0
-4.09186246633737
0
-0.407711701600874
-0.157714960864041
-0.985718505399973
0
-6.62876845023027
-0.157714960864041
-0.157714960864041
-0.157714960864041
-4.57373386505571
0
-9.8571850539995
0
0
0
-1000
1000
0
0
-1000
1000
-0.0040161950238371
-898.165878456278
750
-750
0
0
0
-1000
0
0
898.165878456278
0
0
0
0
0
0
0
0
0
0
0
0
0
0
0
0
-1000
1000
1000
-1000
-1000
366.008825863175
-1000
-1000
-0.157714960864041
-0.157714960864041
0
0
0
0
1000
-5.30415675486199
5.1212307126699
1000
0.0240971701431363
0
0
0
0
0
1000
-1000
0
0
0
0
0
-1.1069370758272
0
0
0
0
0
0
0
0
0
0
0
0
0
0
0
0
0
0
0
0
0
0
0
0
0
0
0
0
0
0
0
0
0
0
0
0
0
0
0
0
0
0
0
0
0
0
0
0
0
0
0
0
0
0
0
0
0
0
0
0
0
0
0
0
0
0
-0.157714960864041
0
0
0
0
0
0
0
0
0
0
0
0
0
0
0
0
0
0
0
0
0
0
0
0
0
0
0
0
0
0
0
0
0
0
0
0
0
0
0
0
0
0
0
0
0
0
0
0
0
0
0
0
0
0
0
0
0
0
0
0
0
0
0
0
0
0
0
0
0
0
0
0
0
0
0
0
0
0
0
0
0
0
0
0
0
0
0
0
0
0
0
0
0
0
0
0
0
0
0
0
0
0
0
0
0
0
0
0
0
0
0
0
0
0
0
0
0
0
0
0
0
0
0
0
0
0
0
0
0
0
0
0
0
0
0
0
0
0
0
0
0
0
0
0
0
0
0
0
0
0
0
0
0
0
0
0
0
0
0
0
0
0
0
0
0
0
0
0
0
0
0
0
0
0
0
0
0
0
0
0
0
0
0
0
0
0
0
0
0
0
0
0
0
0
0
0
0
0
0
0
0
0
0
0
0
0
0
0
0
0
0
0
0
0
0
0
0
0
0
0
0
0
0
0
0
0
0
0
0
0
0
0
0
0
0
0
0
0
0
0
0
0
0
0
0
0
0
0
0
0
0
0
0
0
0
0
0
-31.0680053301547
0
1000
0
0
247.278338759603
0
0
0
0
0
0
0
0
0
0
0
0
0
0
0
0
0
0
0
0
0
0
0
0
1000
0
-1000
0
-567.421596894241
-0.0040161950238371
0
0
0
0
0
0
0
0
1000
0
0
0
0
0
-1000
0
0
0
0
0
0
0
0
0
0
0
0
0
0
0
0
0
0
0
0
0
0
0
0
0
0
0
0
0
0
0
0
0
0
0
0
0
0
0
0
0
0
0
0
0
0
0
0
0
0
0
0
0
0
0
0
0
0
0
0
0
0
0
0
0
0
0
0
0
0
0
-0.157714960864041
-0.157714960864041
-0.157714960864041
-0.157714960864041
0
-0.157714960864041
0
0
-0.157714960864041
-0.157714960864041
-0.157714960864041
-0.157714960864041
176.235941981631
-0.315429921727969
-0.156486810617139
-0.157714960864041
-0.157714960864041
-0.157714960864041
0
-0.157714960864041
0
-0.157714960864041
-0.157714960864041
-0.157714960864041
0
-1000
97.0095416391027
0
0
0
0
0
0
0
0
0
0
0
0
0
