0
0
0
0
0
0
0
15.0405764373381
-1000
1000
0
0
0
199.287980015253
0
0
999.741152433145
-999.741152433145
999.940592361706
0
0.0594076382945335
0
-1000
0.373419440708517
0
1000
-201.77667823392
0
-36.0695920140341
0.0244651695242786
0
0
0
0
0
0.0327167667357604
0
0
0
35.6498488332686
0
0
0
0
0
169.60962755706
0
169.60962755706
0
169.60962755706
0
169.60962755706
0
169.60962755706
0
169.60962755706
0
0
169.60962755706
0
0
0
0
0
36.0695920140341
0
0
0
0
0
0
0
-1000
-1000
0
0
0
0
0
0
-187.267392899417
-812.732607100583
0
0
0
0
0
0
0
0
0
0
0
0
0
0
0
0
0
0
0
0
0
0
0
0
0
0
0
0
0
0
0
16.742180934203
0
0
0
0
0
0
0
0
0
0
0
0
0
0
0
0
1000
0
0
-1000
0
0
0
0
0
0
-1000
0
0
0
-0.0363344101846224
0
0
0
0
-1000
0
0
0
1000
0
0
511.847387333462
913.327899050696
1000
401.472024911764
0
0
0
-1000
401.472024911764
600.760004927017
1000
-800.712019984747
0
291.096662490065
1000
0
0
0
0
0
1000
831.723071999021
0
0
0
0
0
-3.99664030924782
0
0
0
0
0
0
0
250.944036652141
-1000
0
0
0
459.276426854378
0
0
0
0
0
0
0
0
0
0
-4.00088371198319
0
-999.995756597265
239.911555059494
0
0
0
0
0
0
0
0
0
0
1000
0
0
-1000
998.351198879675
0
0
0.468661232815495
0
0
0.477148038286143
0.702991849223243
0
-835.728064297163
0
0
0
-1000
0
0
0
0
0
0
0
0
0
0
0
0
-230.49919685445
0
-1000
-1000
-1000
1000
1000
-0.468661232815521
1000
-833.870146242404
-25.2533330926026
-0.982320965123336
999.531338767184
-2.67489539565031
0
-1000
983.656480389871
0
556.503914663747
1000
0
0
1000
0
0.182466317618924
0
-0.182466317618946
0
0.00181145465268012
0
0
0
0
0
0
0
0
1000
0
0
0
0
0
0
0
0
1000
0
1000
0
712.998088322481
0
1000
0
-0.182466317618946
0
-0.702991849223281
0
0
0.702991849223281
2.67489539565029
0
0
0
0
0
0
0
-442.79309348703
0
0
0
1000
0.702991849223281
0
-1000
-0.982320965123336
0
0
0.00363344101848995
0
0
0
0
0
0
0
0
0
0
0
0
0
0
0
0
2.34330616407748
0
9.86470460083552
0
0
0
0
0
0
0
0
-459.1109341477
-1000
1000
-0.00181145465262489
0
1000
0
-1000
-1000
-1000
1000
-1000
1000
1000
0
0
-1000
0
0
0
0
-1000
0
1000
-1000
-983.656480389871
0
-1000
0
0
1000
-1000
0
0
0
0
0
0
0.982320965123343
-1000
0
1000
-1000
1000
-1000
-976.304059779183
-1000
-1000
1000
1000
1000
0
-1000
1000
-23.6874534153468
-1000
1000
-1000
-1000
1000
-5.00062764114
-1000
1000
1000
0
0
0
1000
-1000
0
0
0
-250.944036652141
0
0
0
-1000
1000
0
0
0
17.3574743308249
0
0
0
0
0
0
0
0
0
0
0
47.2558493247031
0
0
0
0
0.00363344101845721
0
1000
-0.00363344101833718
-999.996366558982
0
999.996366558982
0
0
0
0
0
0
0
0
0
0
0
0
0
0
0
0
0
0
0
0
0
0
1000
0
0
0
0
0
-1000
1000
0
0
0
0
0
0
0
0
0
0
0.00363344101845087
1000
1000
0.106085068383095
0.106085068383095
0
-988.592829475409
0
0
0
0
0
0
0
0
0
0
0
32.8701190101654
0
0
0
0
-337.547077290136
0
0
0
0
0
0
0
0
0
0
0
0
0
0
0
0
0
0
0
0
0
0
0
0
0
0
0
0
0
0
0
0
0
0.165492706677629
0
0
0
-1000
0
890.029960004658
0
890.029960004658
0
0
1000
0
0
0
0
0
0
0
0
0
0
0
0
0
0
0
0
0
0
0
0
0
0
0
0
0
0
0
0
-1000
0
0
0.165492706677629
0
0
0
0
0
0
0
0
0
982.553414211733
0
0
0
0
0
0
0
0
0
0
0
0
0
0
0
0
0
0
0
0
0
0
0
0
0
0
0
0
0
0
0
0
0
0
0
0
0
0
0
0
0
0
0
0
0
0
0
0
0
0
0
0
0
0
0
0
0
0
0
0
0
0
0
0
0
0
0
0
0
0
0
1000
0
0.00424340273532382
0
0
0
1000
0.768055895093611
0.768055895093611
0
1000
0
0
0
0
0
0
0
0
0
0
0
0
0
0
0
0
0
0
0
0.00363344101845721
0
0
0
0
0
-1000
0
0
0
-1000
0
0
1000
0
0
0
0
2.20656942236839
0
0
2.20656942236839
0
0
0
0
0
0
0
0
0
0
2.20656942236839
0
2.20656942236839
0
0
0
13.1632152017399
37.5221899522906
23.9842212928499
17.5665683297241
26.0453653102042
8.57248534490534
20.0493099869917
36.6789946724638
33.7746553752828
10.6804735444722
20.7051285379681
42.6750499956763
33.6809670108576
10.3994084511966
17.2386590542359
23.8905329284247
30.9640044425269
25.0616374837397
4.59072985683455
31.2450695358025
0
0
0
0
0
0
0
0
0
0
0
0
0
0
0
0
0
0
0
0
0
0
0
0
0
0
0
0
0
0
0
0
0
0
0
0
0
0
0
0
0
0
0
0
0
0
0
0
0
0
0
0
0
0
0
0
0
0
0
0
0
0
0
0
0
0
0
0
0
0
0
0
0
0
0
0
0
0
0
0
0
0
0
0
0
0
0
246.77766023348
0
0
0
0
0
0
-1000
0
0
0
0
32.8701190101655
-16.742180934203
-16.742180934203
1000
1000
0
0
0
0
0
337.547077290136
0
17.3574743308249
-354.442020722811
-337.699839788608
-1000
0
-662.452922709864
337.547077290136
-232.442320343045
569.870582356592
1000
337.555564095607
1000
0
0
662.452922709864
0
-1000
-1000
-1000
0
0
0
337.547077290136
337.547077290136
662.452922709864
0
0
0
0
0
0
0
0
0
0
0
-1000
169.26288240712
1000
1000
0
500
233.566446968712
2.51271177770805
5
0
0
0
0
0
0
334.987683981899
0
0
0
0
-0.00147640575335117
0
0
0
0
-0.00147640575335117
137.276476377266
168.233326708757
121.831117877646
-0.00147640575335117
0.00147640575335117
-0.00147640575335117
-0.549066579414216
0
-0.0922753595847325
0
-1000
-0.571738127986691
0
-0.00147640575335117
-0.00147640575335117
0.00147640575335117
-0.00147640575335117
0.00147640575335117
-0.00147640575335117
-0.00147640575335117
-0.00147640575335117
-0.00147640575335117
-0.00147640575335117
-0.00147640575335117
-0.00147640575335117
-0.00147640575335117
-0.00147640575335117
-0.00147640575335117
-0.00147640575335117
-0.0310045208204883
-0.014551316928987
-0.0424466654089883
-0.0428157668472977
-0.0217769848619582
0.00147640575335117
0.00147640575335117
-0.0826736669655475
0.00147640575335117
0.00147640575335117
0.00147640575335117
0.00147640575335117
-0.717533196130489
0
-0.0793568092428814
-0.399736857720882
-0.0251039530293156
0.00147640575335117
0.00147640575335117
0.014025854656893
0.00147640575335117
0.00147640575335117
-0.00147640575335117
0
0
0
0
0
0
0
0
0
0
0
0
0
0
0
0
0
0
0
0
0
0
0
0
0
0
0
0
0
0
0
0
0
0
0
0
0.00532378097057062
0
0
0
0
0
0
0
0
0
0
0
0
0
0
0
0
0
0
0
0
0
0
0
0
0
0
0
0
0
0
0
0
0
0
0
0
0
0
0
0
0
0
0
0
0
0
0
0
0
0
0
0
0
0
0
0
0
0
0
0
0
0
0
0
0
0
0
0
0
0
0
0
0
0
0
0
0
0
0
0
0
0
0
0
0
0
0
0
0
0
0
0
0
0
0
0
0
0
0
0
0
0
0
0
0
0
0
0
0
0.00147640575335494
0.00147640575335494
0.00147640575335494
0
0
0
0
0
0
0
0
0
0
0
0
0
0
0
0
0
0
0
0
0
0
0
0
0
0
0
0
0
0.00147640575335494
22.2478644813203
0.00147640575335494
0
0
0
0
0
0
0.00147640575335494
0
0
0
0
0
0
0
0
0
0
0
0
0
0
0
0
0
0
0
0
0
0
0
0
0
0
0
0
0
0
0
0
0
0
0
0
0
0
0
0
0
0
0
0
0
0
0
0
0
0
0
0
0
0
0
0
0
0
0
0
0
0
0
0
0
0
0
0
0
0
0
0
0
0
0
0
0
0
0
0
0
0
0
0
0
0
0
0
0
0
0
0
0
0
0
0
0
0
0
0
0
0
0
0
0
0
0
0
0
0
0
0
0
0
0
0
0
0
0
0
0
0
0
0
0
0
0
0
0
0
0
0
0
0
0
0
0
0
0
0
0
0
0
0
0
0
0
0
0
0
0
0
0
0
0
0
0
0
0
0
0
0
0
0
0
0
0
0
0
0
0
0
0
0
0
0
0
0
0
0
0
0
0
0
0
0
0
0
0
0
0
0
0
0
0
0
-1000
0
0
0
0
0
0
0
0
0
0
0
0
0
0
0
0
0
0
0
0
0
0
0
0
0
0
0
0
0
0
0
0
0
0
0
0
0
0
0
0
0
0
0
0
0
0
0
0
0
0
0
0
0
0
0
0
0
0
0
0
0
0
0
0
0
0
0
0
0
0
0
0
0
0
0
0
0
0
0
0
0
0
0
0
0
0
0
0
0
0
0
0
0
0
0
0
0
0
0
0
0
0
0
0
0
0
0
0
0
0
0
0
0
0
0
0
1000
1000
0
0
0
0
0
0
0
0
0
0
0
0
0
0
0
0
0
0
0
0
0
0
0
0
0
-1000
0
-1000
0
0
0
0
0
0
0
0
0
0
0
1000
1000
0
0
0
0
0
0
0
0
0
0
0
0
0
0
0
0
0
0
0
0
0
0
0
0
0
0
0
0
0
0
0
0
0
0
0
0
0
0
0
0
0
0
0
0
0
0
0
0
0
0
0
0
0
0
0
0
0
0
0
0
0
0
0
0
0
0
0
0
0
0
0
0
0
0
0
0
0
0
0
0
0
0
0
0
0
-1.43460824518843
0
0
0.00147640575335117
0
-977.700092215874
0
22.246388075567
0
0
143.141987237461
-121.832594283399
168.233326708757
0
0
0
0.00532378097057062
0.57026172223334
0
-999.429738277767
999.998523594247
0
0
0
0
0
0
0
0
0
0
0
0
0
-1000
0.00532378097057062
0
0
0
-0.0199365328925296
0
0
0
0
0
0
0
0.0199365328925296
0
0
0
0
0
334.987683981899
-1000
0
-331.227539872564
-331.227539872564
0
-987.284959426808
1000
-0.0218006461107052
0
0
0.00147640575335117
-0.00147640575335117
0
0
22.2999077841262
-22.2999077841262
1000
0
-22.246388075567
-22.246388075567
0
0
277.372681065075
0
-453.115130270276
-546.884869729724
-1000
0
-831.766673291243
-168.233326708757
-1000
0
0
0
0
0
-1000
0
-0.57026172223334
0
0
0
-999.429738277767
999.429738277767
-1000
0
0
0
-1000
0
0
0
-1000
0
0
0
0
0
0
0
0
0
0
0
0
0
0
0
0
0
0
0
-1000
1000
-1000
0
-1000
0
-1000
0
-1000
0
0
0
0
0
0
0
0
0
-1000
0
1000
0
-1000
0
-1000
0
1000
0
-1000
0
0
0
0
0
0
0
0
0
-988.719567671996
-11.2804323280036
3.76014410933453
-3.76014410933453
0
0
0
0
0
0
0
0
0
0
0
0
0
0
0
0
0
0
0
0
0
0
0
0
0
0
0
0
0
0
0
0
0.00532378097057062
-0.00532378097057062
0
0
0
0
0
0
0
0
0
0
0
0
0
0
0
0
0
0
0
0
0
0
0
0
0
0
0
0
0
0
0
0
0
0
0
0
0.00532378097057062
-0.00532378097057062
0
0
0
0
0
0
0.0199365328925296
0.0199365328925296
0
0
0
0
0
0
0
0
0
0
0
0
0
0
0
0
-0.0199365328925296
-0.0199365328925296
0
0
0
0
0
0
0
0
0
0
0
0
0
0
0
0
0
0
0
0
0
0
0
0
0
0
0
0
0
0
0
0
0
0
0
0
0
0
0
0
0
0
0
0
1.19004496367709
0.00363344101845721
0
0
0
0
0
0
0
0
0.14973287567076
0
0
0
0
0
0
0
0
0
0
0
0
0
0
0
0
0
0
0
0
0
0
0
0
0
0
0
0
0
0
0
0
0
0
0
0
0
0
0
1000
-1000
0
0
0
0
0
0
0
0
0
0
0
0
0
0
0
0
0
0
0
0
0
0
0
0
0
331.282535986877
331.282535986877
331.282535986877
0
0
0
0
0
0
0
0
0
0
0
0
0
0
0
0
0
0
0
0
0
0
0
0
0
0
0
0
0
0
0
0
0
0
0
0
0
0
0
0
0
0
0
0
0
0
0
0
0
0
0
0
0
0
0
0
0
0
0
0
0
0
0
0
0
0
0
0
0
0
0
0
0
0
0
0
0
0
0
0
0
0
0
0
0
0
0
0
0
0
22.246388075567
22.246388075567
22.246388075567
22.246388075567
-22.246388075567
0
0
0
0
0
0
0
0
0
0
0
0
0
0
0
0
0
0
0
0
0
0
0
0
0
0
0
0
0
0
0
0
0
0
0
0
0
0
0
0
0
0
0
0
0
0
0
0
0
0
0
0
0
0
0
0
0
0
0
0
0
0
0
0
0
0
0
0
0
0
0
0
0
0
0
0
0
0
0
0
0.00363344101845721
0.00363344101845721
0.00363344101845721
0.00363344101845721
0.00363344101845721
0
0
0
0
0
0
0
0
0
0
0
0
0
0
0
0
0
0
0
0
0
0
0
0
0
0
0
0
0
0
0
0
0
0
0
0
0
0
0
0
0
0
0
0
0
0
0
0
0.0363344101845721
0.0363344101845721
-0.0363344101846224
0.00363344101845721
0
0
0
0
0
0
0
0
0
0
0
0
0
0
0
0
0
0
0
0
0
0
0
0
2.47275496032346
0
2.46550914171274
0
0
0
0
0
0
0
0
0
0
0
0
0
0
0
0
0.0363344101845721
0.0363344101845721
0.00363344101845721
0.00363344101845721
0
0
0
0
0
0
0
0
0
0
0
0
0
0
0
0
0
0
0
0
0
0
0
0
0
0
0
0
0
0
0
0
0
0
0
0
0
0
0
0
0
0
0
0
0
0
0
0
0
0
0
0
0
0
0
0
0
0
0
0
0
0
0
0
0
0
0
0
0
0
0
0
0
0
0
0
0
0
0
0
0
0
0
0
0
0
0
0
0
0
0
0
0
0
0
0
0
0
0
0
0
0
0
0
0
0
0
0
0
0
0
0
0
0
0
0
0
0
0
0
0
0
0
0
0
0
0
0
0
0
0
0
0
0
0
0
0
0
0
0
0
0
0
0
0
0
0
0
0
0
0
0
0
0
0
0
0
0
0
0
0
0
0
0
0
0
0
0
0
0
0
0
0
0
0
0
0
0
0
0
0
0
0
0
0
0
0
0
0
0
0
0
1.19004496367709
1.20365193699839
1.20365193699839
0
0
0
0
-1.20365193699843
1.20365193699839
0
0
0.0136069733212948
0
0
0
0
0
0
0
0
0
0
0
0
0
0
0
0
0
0
0
0
0
0
0
0
0
0
0
0
0
0
0
0
0
0
0
0
0
0
0
0
0
0
0
0
0
0
0
0
0
0
0
0
0
0
0
0
0
0
0
0
0
0
0
0
0
0
0
0
0
0
0
0
0
0
0
0
0
0
0
0
0
0
0
0
0
0
0
0
0
0
0
0
0
0
0
0
0
0
0
0
0
0
0
0
0
0
0
0
0
0
0
0
0
0
0
0
0
0
0
0
0
0
0
0
1.19004496367709
0.00363344101845721
0
0
0
0
0
0
0
1.56666604516707
0
0
0
0.982320965123343
0.982320965123343
0.982320965123343
0
0
0
0
0
0
1.34341128036631
0
0
0
0.00363344101845721
0
0
0
0
-1.34341128036635
1.34341128036631
0
0
0
0
0
0
0
14.6549700492909
0
0
0.233228297103597
0
0.22325476480076
0
0
0
0
0
0
0
0
0
0
10.9530728957034
10.9530728957034
10.9530728957034
0
0
0
0
-0.149732875670793
0
0
0
0
0
0
0
0
0
0
0
0
0
0
0
0
0
0
0
0
0
0
0
0
0
0
0
0
0
0
0
0
0
0
0
0
0
0
0
0
0
0
0
0
0
0
0
0
0
0
0
0
0
0
0
0
0
0
0
0
0
0
0
0
0
0
0
0
0
0
0
0
0
0
0
0
0
0
0
0
0
0
0
0
0
0
0
0
0
0
0
0
0
0
0
0
0
0
0
0
0
0
0
0
0
0
0
0
0
0
0
0
0
0
0
0
0
0
0
0
0
0
0
0
0
0
0
0
0
0
0
0
0
0
0
0
0
0
0
0
0
0
0
0
0
0
0
0
0
0
0
0
0
0
0
0
0
0
0
0
0
0
0
0
0
0
0
0
0
0
0
0
0
0
0
0
0
0
0
0
0
0
0
0
0
0
0
0
0
0
0
0
0
0
0
0
0
0
0
0
0
0
0
0
0
0
0
0
0
0
0
0
0
0
0
0
0
0
0
0
0
0
0
0
0
0
0
0
0
0
0
0
0
0
0
0
0
0
0
0
0
0
0
0
0
0
0
0
0
0
0
0
0
0
0
0
0
0
0
0
0
0
0
0
0
0
0
0
0
0
0
0
0
0
0
0
0
0
0
0
0
0
0
0
0
0
0
0
0
0
0
0
0
0
0
0
0
0
0
0
0
0
0
0
0
0
0
0
0
0
0
0
0
0
0
0
0
0
0
0
0
0
0
0
0
0
0
0
0
0
0
0
0
0
0
0
0
0
0
0
0
0
0
0
0
0
0
0
0
0
0
0
0
0
0
0
0
0
0
0
0
0
0
0
0
0
0
0
0
0
0
0
0
0
0
0
0
0
0
0
0
0
0
0
0
0
0
0
0
0
0
0
0
0
0
0
0
0
699.775519653847
0
699.775519653847
0
207.233793006557
699.775519653847
0
207.233793006557
0
699.775519653847
0
0
0
0
0
0
0
0
0
0
0
0
0
0
0
0
0
0
0
0
0
0
0
0
0
1000
0
0
0
0
0
0
0
0
0
0
0
0
0
0
0
0
0
0
0
0
0
0
0
0
0
0
0
0
0
0
0
0
0
0
0
0
0
0
0
0
0
0
0
-699.775519653847
0
0
0
699.775519653847
0
0
0
0
0
0
0
0
0
0
0
0
0
0
0
0
0
0
0
0
0
0
0
0
0
0
0
0
0
0
0
0
0.165492706677629
0.165492706677629
0
0
0
0
0.165492706677583
0
0.165492706677629
-246.77766023348
0
0
0
0
0.0254604164119429
0
0
0
0
0
0
0
246.77766023348
0
0
0
0
0
1.00144304553638
0
0
0
0
0
0
1.00144304553638
0
1.00144304553638
1.00144304553635
0
0
0
0
0
0
0
0
0
0
0
0
0
0
0
0
0
0
0
0
0
0
0
0
0
0
0
0
0
0
0
0
0
0
0
0
0
672.643787619699
672.643787619699
0
0
0
0
0
0
0
0
0
0
0
0
0
0
0
0
0
0
0
0
0
0
0
0
0
0
0
0
0
0
0
0
0
0
0
0
0
0
0
0
0
0
0
0
0
0
0
0
1000
-1000
998.678718701189
0
0
0
-1000
-1000
1000
10.7041786753679
0
0
0
997.975726851966
-1000
0
0
0
0
0
0
0
0
0
0
0
0
0
0
0
0
0
0
0
0
0
0
0
0
0
0
0
0
0
12.7320852644204
0
0
0
0
0
0
0
0
0
0
1000
0
0
0
0
0
0
0
0.00147640575335494
0.00147640575335494
0
0
0
0
0
0
0
0
-999.996366558982
999.996366558982
1000
999.996366558982
1000
-1000
-1000
0
0
0
0
0
0
0.00363344101845087
0
0
0
0
0
0
0
0
0
0
0
0
0
0
0
0
0
0
0
0
0
0
0.00271718197902017
0.00363344101845721
0.00997353230283762
1000
0.00181145465268012
0.00181145465268012
0.00363344101845087
0
0.000905727326340058
0.00181145465268012
0.0154184279739963
-0.00181145465262489
0.00181145465268012
0.00181145465268012
0.00181145465268012
0.00181145465268012
0.00181145465268012
-0.00181145465262489
-0.00362290930536346
807.032883981367
0.00181145465268012
0.00181145465268012
0.00181145465262489
0.00181145465268012
-0.00544489567118944
807.036517422386
0.00363344101845087
0.00181145465268012
0.00181145465268012
0.00363344101845721
0.00363344101845721
-0.00363344101845087
-0.00363344101845087
0.00363344101845087
0.00363344101845087
0.00181145465268012
0.00181145465268012
0.00181145465268012
0.00181145465268012
-0.00544489567118944
-999.986393026679
0
0
0
0
0
0
-1000
0
0
0
0.00363344101845721
0
0
0
0
0.00181672050922861
0.00363344101845087
0.00363344101845087
0
0.00363344101845721
0
0
0
0
0
-0.00363344101845087
0.00724581861072047
0.00181145465268012
0.00543436395804035
0.00181145465268012
-0.00181145465262489
0.00181145465268012
0.00181145465268012
0.00181145465268012
0.00181145465268012
0.00181145465268012
0.00181145465268012
0.00362290930536023
0.00181145465268012
0.00181145465268012
0.00181145465268012
0.00181145465268012
0.00181145465268012
0
0.00181145465268012
0.00363344101845721
0
0.00363344101845721
0
0.00363344101845721
0.00363344101845721
0.00363344101845721
0.00363344101845721
0.00363344101845721
0.00363344101845721
0
0.00363344101845721
0
0.00363344101845721
0.00363344101845721
0.00363344101845721
0.00363344101845721
0.00363344101845721
0
0
0
0
0
0
0
0
0
0
0
0
0
0
0
0
-0.00363344101845087
0.00363344101845721
0.00363344101845721
0
0
0
0
0
0
0
0
0
0
0
0
0
0
0
0
0
0
0
0
0
0
0
0
0
0
0
0
0
0
0
0
0
0
0
0
0
0
0
0
0
0
0
0
0
0
0
0
0
0
0
0
0
0
0
0
0
0
0
0
0
0
7.52028821866907
32.8701190101655
0
0
0
0
0.00363344101845721
0
0
0
0
0
0
0
0
0
0
0
0
0
0
0
0
0
0
0
0
0
0
0
-1000
0
0
0
-334.987683981899
0
0
0
0
0
0.00147640575335494
0
0
0
0
0
0
0
0
0
0.00147640575335494
0
0
137.276476377266
0
0
0
121.831117877646
0.00147640575335494
0
0.00147640575335494
0
0.00147640575335494
0
0.549066579414258
0
0
0
0.0922753595846838
0
0
0
0
0
0.571738127986701
0
0
0
0.00147640575335494
0
0.00147640575335494
0
0.00147640575335494
0
0.00147640575335494
0
0.00147640575335494
0
0.00147640575335494
0
0.00147640575335494
0
0.00147640575335494
0
0.00147640575335494
0
0.00147640575335494
0
0.00147640575335494
0
0.00147640575335494
0
0.00147640575335494
0
0.00147640575335494
0
0.00147640575335494
0
0.00147640575335494
0
0.0310045208204538
0
0.0145513169289905
0
0.0424466654089546
0
0.0428157668472933
0
0.0217769848619854
0
0.00147640575335494
0
0.00147640575335494
0
0.0826736669655902
0
0.00147640575335494
0
0.00147640575335494
0
0.00147640575335494
0
0.00147640575335494
0
0.717533196130502
0
0
0
0.0793568092428281
0
0.39973685772085
0
0.0251039530293205
0
0.00147640575335494
0
0.00147640575335494
0
0.0140258546568719
0
0.00147640575335494
0
0.00147640575335494
0
0.00147640575335494
0
-1000
0
0.0136069733213162
643.928539412211
0
0
0
0
-1000
-1000
1000
0
1.00144304553638
-239.911555059494
1000
1000
0
671.300376339332
1000
-1000
-1000
0
0
1000
0
0
0
0
0
-5.55086225774812
-152.530584984278
0
0
0
0
-1000
160.271051990854
-0.00363344101845087
0
0
-3.65721636077365
0
712.998088322481
0
0
0
-643.098514373999
250.940403211123
1000
-1000
835.728064297163
-1000
0
955.417292540717
1000
0
-1000
0
0
1000
847.006400970877
-1000
-1000
0
320.745083180514
0
0
-1000
1000
1000
1000
0
0
0
0
0
-32.8701190101655
-502.669995954954
0
0
0
0
0
0
0
0
0
0
0
1000
0
50.9283410576818
0
0
0
0
0
0
0
0
1000
0
0
0
0
0
0
0
0
0
-386.467361119443
-1000
-1000
-1000
1000
-1000
-1000
-1000
-1000
-1000
-613.532638880557
1000
1000
-1000
-1000
-1000
-1000
1000
1000
-1000
1000
-984.838142109923
-667.765528721318
-1000
-1000
1000
1000
1000
1000
1000
-1000
1000
-13.4914579814762
-986.508542018524
-1000
-1000
-1000
-1000
-1000
-1000
-1000
1000
-1000
-1000
-1000
-1000
-1000
-1000
-1000
-938.004068778278
-1000
-949.191939882314
-1000
978.862044383029
-1000
-986.508542018524
-1000
-1000
-1000
-1000
-1000
-1000
-1000
-1000
-1000
-1000
-1000
4.79865659086533
-1000
-1000
-1000
-1000
-1000
-1000
1000
-1000
-1000
-1000
-1000
-1000
-1000
-1000
1000
-1000
-1000
1000
-24.1954479636511
1000
-1000
24.0999823726406
1000
1000
-1000
-1000
1000
1000
1000
1000
-1000
-1000
0
-1000
1000
-1000
1000
1000
-1000
1000
1000
1000
1000
1000
1000
-1000
1000
1000
-1000
-1000
-1000
0.00363344101833718
-1000
-1000
-966.199607750836
999.996366558982
-1000
-1000
-1000
-33.8003922491636
0
0
0
0
0
0
0
0
0
0
0
0
0
0
0
0
0
0
0
0
0
0
0
0
0
0
0
0
0
0
0
0
0
0
0
0
0
0
0
0
0
0
0
0
0
0
0
0
0
0
0
0
0
0
0
0
0
0
0
0
0
0
0
0
0
0
0
0
0
0
0
0
0
0
0
0
0
0
0
0
0
0
0
0
0
0
0
0
0
0
0
0
0
0
0
0
0
0
0
0
0
0
0
0
0
0
0
0
0
0
0
0
0
0
0
0
0
0
0
0
0
0
0
0
0
0
0
0
0
0
0
0
0
0
0
0
0
0
0
0
0
0
0
0
0
0
0
0
0
0
0
0
0
0
0
0
0
0
0
0
0
0
0
0
0
0
0
0
0
0
0
0
0
0
0
0
0
0
0
0
0
0
0
0
0
0
0
0
0
0
0
0
0
0
0
0
0
0
0
0
0
0
0
0
0
0
0
0
0
0
0
0
0
0
0
0
0
0
0
0
0
0
0
0
0
0
0
0
0
0
0
0
0
0
0
0
0
0
0
0
0
0
0
0
0
0
0
0
0
0
0
0
0
0
0
0
0
0
0
0
0
0
0
0
0
0
0
0
0
0
0
0
0
0
0
0
0
0
0
0
0
0
0
0
0
0
0
0
0
0
0
0
0
0
0
0
0
0
0
0
0
0
0
0
0
0
0
0
0
0
0
0
0
0
0
0
0
0
0
0
0
0
0
0
0
-1000
0
1000
1000
1000
1000
1000
1000
-1000
-177.943758932208
-822.056241067792
-1000
1000
1000
1000
1000
-1000
-1000
1000
-1000
1000
0
1000
-1000
-1000
-1000
-1000
0
1000
1000
-1000
-1000
822.056241067792
-1000
0
177.943758932208
1000
-1000
-1000
-1000
-1000
1000
-1000
-1000
-1000
1000
-1000
0
-1000
-984.959423562662
-1000
-1000
-1000
-1000
-1000
0
0
0
0
0
0
643.928539412211
643.928539412211
-643.928539412211
0
0
0
0
0
0
0
-1000
-1000
-712.998088322481
0
0
0
0
1000
1000
207.715150017536
0
0
0
0
0
0
0
0
0
-0.00363344101845087
0.00363344101845721
0
0
-0.00363344101845087
-0.00363344101845087
0
0
0
0
0
0
0
0
0
0
0
0
0
0
0
0
0
0
0
0
0
0
0
0
0
0
0
0.00363344101845721
0
0
-10.7041786753679
10.7041786753679
1000
1000
1000
0
0
0
0
-0.00363344101845087
0
0
0
0
246.77766023348
0
0
0
0
0
0
0
0
0
0
0
0
0
0
-169.60962755706
169.60962755706
0.00363344101845721
0
0
0
822.056241067792
-1000
0
0
0
0
0
0
0
152.530584984278
0
1000
0
0
0
0
0
0
0
0
0
0
0
0
0
0
0
0
0
0
0
0
0
0
0
0
0
0
0
0
0
0
0
0
0
0
0.00363344101845721
0
0
0
1000
0
0
0
0
1.96464193024669
0
0
0
-699.775519653847
0
0.00543436395804035
1000
0
-999.996366558982
0
0
0
0
0
0
0
0
0
0
0
0
0.00363344101845087
-1000
-1000
1000
-767.676494933544
0
1000
0
0
-1000
-1000
0
-1000
1000
-1.96464193024678
1000
0
0
0
16.886456627204
-16.742180934203
1000
0
0
0
0
0
0.00363344101845087
0
0
1000
0
0.00363344101833718
0
0
1000
0
0
0
0
0
-1000
0
-1000
1000
0
0
0
0
0
0
0
0
0
0
0
-1000
1000
0
0
0
0
854.731640168281
854.731640168281
0
0
0
1000
0
145.259292026742
1000
0
0
0
997.643963627716
0
0
0
0
0
0
0
0
0
0
0.982320965123343
0
0.00363344101845721
-0.00363344101845087
0.00363344101845721
0.00363344101845721
0
0
-1000
1000
0.00363344101845087
0
0
0
0.982320965123336
0
0
-0.0109003230553526
-1000
-1000
-1000
-997.643963627716
-18.6995559824128
1000
0
0
1000
-1000
-1000
-1000
0
0
0
0
0
0
0
0
0
0
0
0
0
0
16.3435196101292
0
0
0
0
0
0
0
0
0
1000
0
0
0
0
0
0
0.00181145465268012
0
0
0
0
0
0
0
0
0.00363344101845721
0
1000
0
0
0
0
0
0
0
0
0
0
-15.0405764373381
0
3.76014410933454
0
0
0
0
0
0
0
0
0
0
0
1000
0
0
0
15.0405764373381
0
0
0
0
0
0
0
0
0
0
0
0
0
0
0
0
0
0
0
0
0
0
0
0
0
0
0
2.34330616407749
0
0
0
0
0
0
0
0
0
0
0
0
0
0
0
0
0
0
0
0
0
0
0
0
0
0
0
0
0
0
0
0
0
0
0
0
0
0
0
0
0
0
0
0
0
0
0
0
0
0
0
0
0
0
0
0
0
0
0
0
0
0
0
0
0
0
0
0
0
0
0
0
0
0
0
0
0
0
0
0
0
0
0
0
0
0
0
0
0
0
0
0
0
0
0
0
0
0
0
0
0
0
0
0
0
0
0
0
0
0
0
0
0
-999.975534830476
0
0.00181145465262489
0
0.0199365328925296
0
0
-0.0244651695243192
0
1000
0
0
0
0
0.00452863663167591
0
0
0
0
0
0
0
0
0
0
0
0
0
0
0
0
0
0
0.00363344101845721
0.00363344101845721
0.00363344101845721
-10.7041786753679
-1000
0
-987.284959426808
1000
0
0
0
0
0
0
-1000
-1000
0
0
0
0
0
0
0
0
0
0
-1000
0
878.167405716601
-121.832594283399
-1000
-1000
-1000
-999.429738277767
-1000
-1000
0
0
0
0
0
0
0
0
0
-145.259292026742
-1000
0
1000
0.397975885079615
0.00363344101845721
0.00363344101845721
0.00363344101845721
0.00363344101845721
0.00363344101845721
596.231683420607
0
0
1000
0.080833214996183
0
0
0
0
0
0.00147640575335494
0
0.0107039417118233
0
0
0
0
0
0
-1000
0
0
0
0
0
0
0
1000
-999.998523594247
0
1000
1000
1000
-1000
0
0
0
0
0
0
0
0
0
0
3.76014410933454
0
0
0
0
0
0
0
0
0
0
0
0
0
0
0
0
0
0
0
0
0
0
0
0
0
0
0
0
0
0
0
0
0
0
0
0
0
997.975726851966
0
0
0
0
0
0
0
0
0
-1000
0
0
0
0
0
0
0
0
1000
-1000
-1000
-1000
-1000
1000
0
0.00997353230283762
0
0
0
0
644.112482135584
-1000
-1000
0
246.77766023348
0
0
0
999.978199353889
0
0
0
0
0
0.584345080043728
0.584345080043728
0
0
-999.973723375823
0
0
0
0
0
0
15.0238257476574
0
277.372681065075
0
0
0
0
0
0
0
1000
0.00363344101845721
0
0
0
0
0
0
0
12.7320852644204
-1000
0
0
1000
0
0
0
1000
0
0
0
-546.884869729724
0
-1000
0
0
0
-1000
-1000
0
0
0
0
-22.246388075567
0
0
331.227539872564
0
0
0
0
-1000
1000
-750
0
0
0
0
-999.991513194529
-1000
0
0
0
1000
0
0
0
0
0.00532378097052208
0
0
0
0
0
0
0
0
997.643963627716
0
997.643963627716
0
0
0
0
0
0
0
0
0
1000
0
-1000
-1000
0
-1000
-1000
1000
0
0
0
0
0
0
0
0
-1000
0
0
-1000
0.00181145465268012
0.00181145465268012
0
1000
-988.510611901832
1000
-207.233793006557
-907.009312660404
168.233326708757
0
0
0
0
0
0
0
0
0
0
0
0
0
0
-1000
0
0
0
0
0
0
0
0
0
0
-0.0199365328925296
0
0
0
0
0
0
0
0
0
0
0
0
0
0
0
0
0
0
0
0
0
0
0
0
0
0
0
0
0
0
0
0
0
0
0
0
0
0
0
0
0
0
0
0
0
0
-1000
0
-1000
0
0
0
0
0
0
-1000
0
0
0
0
0
0
0
0
0
0
0
-1000
0
0
0
0
0
0
0
0
0
0
0
0
0
1000
0
0
0
-1000
0
0
0
0
0
0
0
0
0
0
0
0
0
0
0
331.227539872564
0
0
0
0
0
0
0
0
0
0
0
0
0
0
0
0
0
0
0
0
0
0
0
331.227539872564
0
0
0
0
0
0
0
0
0
0
0
0
0
308.982628202751
0
0
0
0
0
0
0
0
0
0
0
0
0
0
0
0
0
0
0
0
0
0
0
0
0
0
0
0
0
0
0
0
0
0
0
0
0
0
0
0
0
0
0
0
0
0
0
0
0
0
0
0
0
0
0
0
0
0
0
0
0
0
0
0
0
0
0
0
0
0
0
0
0
0
0
0
0
0
0
0
0
0
0
0
0
0
0
0
0
0
0
0
0
0
0
0
0
0
0
0
0
0
0
0
0
0
0
0
0
0
0
0
0
0
0
0.00147640575335494
0
0
0
0
0
0
0
0
0
0
0
0
0
0
0
0
0
0
-1000
0
0
0
0
0
0
0
0
0
0
0
0
0
0
0
0
0
0
0
0
0
0
0
430.365554163355
0
97.0322208300218
0
0
-98.5279750882363
0
1000
0
-999.834507293322
0
-1000
0
0
-1000
0
0
0
0
1000
0.0218006461107052
0
0
0
403.742882492264
0
0
0
0
0
0
0
0
0
0
0
0
0
0
0
0
0
0
0
0
-2.47275496032341
0
0
0
0
0
0
0
0
-807.06645908272
0
0
0
0
0
0
0
0
0
0
0
0
0
0
0
0
0
0
0
0
0
0
0
0
0
0
0
0
0
0
0
0
0
0
0
0
0
0
0
0
0
0
0
0
0
0
0
0
0
0
0
0
0
0
0
0
-486.663369171584
0
0
0
0
0
0
0
0
0
0
0
0
0
0
0
0
0
0
0
0
0
0
0
0
0
0
0
0
0
0
0
0
0
0
0
0
0
0
0
0
0
0
0
0
0
0
0
0
0
0
0
0
0
0
0
0
0
0
0
0
-968.381511023489
0
0
0
0
0
0
0
0
0
0
0
0
0
-975.95212766612
0
0
0
0
0
0
0
0
0
0
0
0
0
0
0
0
0
0
0
0
0
0
0
0
0
0
0
0
0
0
0
0
0
0
0
0
0
0
0
0
0
0
0
0
0
0
0
0
0
0
0
0
0
0
0
0
0
0
0
0
0
0
0
0
0
0
0
0
0
0
0
0
0
0
0
0
0
0
0
0
0
0
0
0
0
0
0
0
0
0
0
0
0
0
0
0
0
0
0
0
0
0
0
0
0
0
0
0
0
0
-486.663369171584
-968.381511023489
-975.95212766612
0
0
0
0
0
0
0
0
0
0
0
0
0
0
168.233326708757
0
0
0
0
0
0
0
0
0
0
0
-1000
0
0
1.00144304553638
0
0.00363344101845087
-982.12058713273
0
0
0
0
0
0
0
0
0
0
0
0
0
0
0
0
0
0
0
0
0
0
0
0
0
0
0
0
0
0
0
0
0
0
0
0
0
0
0
0
0
0
0
0
0
0
0
0
0
0
0
0
0
0
0
0
0
0
0
0
0
0
0
0
0
0
0
0
0
0
0
0
0
0
0
0
0
0
0
0
0
0
0
0
0
0
0
0
0
0
0
0
0
0
0
0
0
0
0
0
0
0
0
0
0
0
0
0
0
0
0
0
0
0
0
0
0
0
0
0
0
0
0
0
0
0
0
0
0
0
0
0
0
0
0
0
0
0
0
0
0
0
0
0
0
0
0
0
0
0
0
0
0
0
0
0
0
1000
0
1000
1000
0
0
0
0
0
0
0
0
0.00363344101845087
0
0
0
1000
0
0
0
0
0
0
0
0
0
0
0
0
0
0
0
0
0
0
0
0
1000
0
0
0
0
0.0136069733212948
0
0
0
0
0
0
0
0
0
0
0
0
0
0
0
0
0
0
0
0
0
0
0
0
0
0
0
0
0
0
0
0
0
0
0
0
0
0
0
0
0
0
0
0
0
0
0
0
0
0
0
0
0
0
0
0
0
0
0
0
0
0
0
0
0
0
0
0
0
0
0
0
0
0
0
0
0
0
0
0
0
0
0
0
0
0
0
0
0
0
0
0
0
0
0
0
0
0
0
0
0
0
0
0
0
0
0
0
0
0
0
0
0
0
0
0
0
0
0
0
0
0
0
0
0
0
0
0
0
0
0
0
0
0
0
0
0
0
0
0
0
0
0
0
0
0
0
0
0
0
0
0
0
500
87.7642758081452
0
0
-0.982320965123336
0
0
468.441822125975
19.4134578087617
42.4340273532382
0.105317130969774
87.7642758081452
0
0
0
0
0
0
0
0
0
0
0
0
0
0
0
0
0
0
0
0
0
0
0
0
0
-1000
0
-1000
0
0
0
0
0
0
-691.839968955493
-3.76014410933453
0
7.52028821866907
0
0
-3.69101438338737
0
0
-807.038328877038
0
0.00363344101845721
0
0.0117849869555177
0
0
0
0
0
0
0
0
0
0
0
0
0
0
0
0
0
334.987683981899
0
0
0
0
-643.084907400678
-0.717533196130489
-0.0310045208204883
-10.7823152101199
-21.1379556169711
-1000
-33.8040256901819
-986.508542018524
-1000
-26.7080777450453
-4.63316388418775
-1000
90.1028822961257
-1000
0
0
0
0
-1000
-39.0710319506836
-551.536707658835
-1000
-13.3959923904658
989.636798700788
-1000
-1000
975.804552036349
955.228533524522
0
1000
-1000
0
0
230.49919685445
0
0
-0.183942723372297
-1000
0
0
0
0
0
0
1000
0.00363344101833718
0
0
0
0
0
0
0
0
0
-0.00363344101845087
-0.00363344101845087
0
0
0
0
0
0
0
0
0
0
0
0
0
0
0
0
0
1000
0
15.0405764373381
0
0
1000
1000
246.77766023348
-0.00363344101845087
-0.00363344101845087
-1.00144304553635
2.02427314803401
0
0
-0.00363344101845087
0
-0.00363344101845087
0
0
0
-0.00363344101845087
0
0
0
-0.00363344101845087
0
0
0
0
0
0
0
0
0
0
0
1000
0
0
0
0
0
10.7041786753679
-12.7320852644204
0
0
0
0
0
0
11.0288481516292
0
0
0
-1000
0
1000
0
0
-0.00363344101845087
0
0
0
0
0
0
0
0
0
0
0
0
0
0
-403.768316579393
-3.65721636077365
-712.998088322481
-1000
-1000
0
0
0
0
0
712.998088322481
0
0
0
0
0
0
0
0
0
835.728064297163
0
0
-1000
0
160.271051990854
230.49919685445
1000
0
0
671.300376339332
-760.088444940506
0
0
0
0
169.60962755706
0
-32.8701190101655
0
0
0
-1000
-1000
0
0
0
0
0
807.015664630454
0
0
0
0
1000
-1000
1000
0
0
0
0
0
0
1000
-230.49919685445
-1000
-5.55086225774812
0
0
-169.60962755706
0
0
0
0
0
0
0
1000
0
-0.0251039530293156
-0.00147640575335117
-0.399736857720882
-502.669995954954
-0.0217769848619582
-0.0826736669655475
-0.014025854656893
-0.0793568092428814
-0.0424466654089883
0
0
0
137.276476377266
0
-0.00147640575335117
-1000
-0.00147640575335117
-0.00147640575335117
0
0
0
-0.00147640575335117
-0.549066579414216
0
0
0
0
0
-15.0238257476574
-0.00147640575335117
-0.014551316928987
0
-0.00147640575335117
-0.00147640575335117
-0.00147640575335117
-0.00147640575335117
-0.0428157668472977
0
-0.0937517653380837
0
0
0
-1000
1000
0
0
-1000
1000
-0.00363344101845087
0
750
-750
0
0
0
-1000
0
0
0
0
0
0
0
0
0
0
0
0
0
0
0
0
0
0
1000
-1000
-1000
1000
988.510611901831
-988.510611901832
-1000
1000
1000
0.0136069733213162
-230.49919685445
-1000
-0.00147640575335117
-0.00147640575335117
0
0
0
0
1000
-1000
999.834507293323
1000
0.0218006461107052
0
0
0
403.742882492264
0
1000
-1000
0
0
0
-2.47275496032341
0
0
0
0
0
0
0
0
0
0
0
0
0
0
0
0
0
0
0
0
0
0
0
0
0
0
0
0
0
0
0
0
0
0
0
0
0
0
0
0
0
0
0
0
0
0
0
0
0
0
0
0
0
0
0
0
0
0
0
0
0
0
0
0
0
0
-0.00147640575335117
0
0
0
0
-807.06645908272
0
0
0
0
0
0
0
0
0
0
0
0
0
0
0
0
0
0
0
0
0
0
0
0
0
0
0
0
0
0
0
0
0
0
0
0
0
0
0
0
0
0
0
0
0
0
0
0
0
0
0
0
0
0
0
0
0
486.663369171584
0
0
0
0
0
0
0
0
0
0
0
0
0
0
0
0
0
0
0
0
0
0
0
0
0
0
0
0
0
0
0
0
0
0
0
0
0
0
0
0
0
0
0
0
0
0
0
0
0
0
0
0
0
0
0
0
0
0
0
0
968.381511023489
0
0
0
0
0
0
0
0
0
0
0
0
0
975.95212766612
0
0
0
0
0
0
0
0
0
0
0
0
0
0
0
0
0
0
0
0
0
0
0
0
0
0
0
0
0
0
0
0
0
0
0
0
0
0
0
0
0
0
0
0
0
0
0
0
0
0
0
0
0
0
0
0
0
0
0
0
0
0
0
0
0
0
0
0
0
0
0
0
0
0
0
0
0
0
0
0
0
0
0
0
0
0
0
0
0
0
0
0
0
0
0
0
0
0
0
0
0
0
0
0
0
0
0
0
0
0
0
0
0
0
0
0
0
0
0
0
-1000
0
1000
0
0
982.12058713273
0
0
0
0
0
0
0
0
0
0
0
0
0
0
0
0
0
0
0
0
0
0
0
1000
0
-1000
0
-1000
-0.00363344101845087
0
0
0
0
0
0
0
0
1000
0
0
0
0
0
-1000
0
0
0
0
0
0
0
0
0
0
0
0
0
0
0
0
0
0
0
0
0
0
0
0
0
0
0
0
0
0
0
0
0
0
0
0
0
0
0
0
0
0
0
0
0
0
0
0
0
0
0
0
0
0
0
0
0
0
0
0
0
0
0
0
0
0
0
-0.00147640575335117
-0.00147640575335117
-0.00147640575335117
-0.00147640575335117
0
-0.00147640575335117
-0.571738127986691
0
-0.00147640575335117
-0.00147640575335117
-0.00147640575335117
-0.00147640575335117
121.831117877646
-0.00147640575335117
-0.00147640575335117
-0.00147640575335117
-0.00147640575335117
-0.00147640575335117
-0.00147640575335117
-0.00147640575335117
0
-0.00147640575335117
-0.00147640575335117
-0.00147640575335117
-1000
87.7642758081452
0
0
0
0
0
0
0
0
0
0
0
0
0
