0
0
0
0
0
0
0
501.927746073135
-1000
1000
0
0
0
257.353359169318
1000
0
999.739511792654
-999.739511792654
999.940215821265
0
0.0597841787351128
0
-1000
0.375786266335012
0
1000
-259.857831378512
0
-326.630320975657
0.0246202358756095
0
0
0
0
0
290.378728235392
0
0
0
35.8758064739294
0
0
0
0
0
0
0
0
0
0
0
0
6.48927793201994
0
0
0
1000
0
0
0
0
0
0
0
0
0
0
0
0
326.630320975657
0
0
0
0
1000
1000
0
0
0
326.630320975657
0
-993.486101832104
-6.5138981678956
0
0
0
0
0
0
0
0
0
0
0
0
0
0.00365647067459547
0.0036564706746276
0
0
0
0.0036564706746276
-0.0036564706746276
0
0
0
-0.0036564706746276
0
0
0
0
0
0
0
124.294109946579
0
0
0
0
0
0
0
0
0
0
0
0
0
0
0
0
0
620.65397418253
0
0
-1000
0
0
0
0
-1000
0
0
0
0
-14.967132097746
0
0
0
0
-790.975638270897
0
0
0
1000
0
0
482.370320201024
1000
1000
517.621139202014
0
0
0
-1000
517.621139202014
774.974498371331
1000
-742.646640830682
0
552.871958203003
1000
0
0
0
0
0
635.081241191168
636.619956863391
0
0
0
0
0
-4.0219720131513
0
0
0
0
0
0
0
748.2631011363
-1000
0
0
0
0
0
0
0
0
0
0
0
0
0
0
-4.02624231163236
0
-1.96124078289427
999.996343529325
995.977414159042
0
0
0
0
0
0
0
0
0
995.973757688368
0
0
-1000
998.820920688264
0
0.471631724694198
0
0
0.707447587041297
0
0
0
4.02624231163236
0
0
0
-1000
0
0
0
0
0
0
0
0
0
0
0
0
-1000
0
-1000
-1000
-1000
-1000
1000
0
1000
-361.755085358153
-1000
-0.98854716060282
1000
0.707447587041315
0
-1000
999.921015817401
-1000
999.032064205613
1000
0
0
1000
0
0.183622834686418
0
-0.183622834686389
0
0.001822936104436
0
0
0
0
0
370.82228854657
0
0
0
0
497.313080944212
0
0
0
0
0
0
1000
0
1000
0.480172321656357
0
0
1000
0
-0.183622834686389
0
-0.707447587041315
0
0
0.707447587041315
0
0
0
0
0
0
0
0
-0.260488207345816
0
0
0
-1000
0.707447587041315
0
-1000
-0.98854716060282
0
0
0.0036564706745897
0
2.21167722870681
0
0
0
0
0
0
0
0
0
0
0
0
0
0
2.35815862347099
0
9.927229560979
0
0
0
0
0
0
0
0
1000
-1000
1.96551108137544
-1000
-1000
501.575291029533
-1000
0.638173365456282
0
-1000
1000
-999.528368275306
1000
1000
1000
0
-1000
0
0
0
0
-1000
0
1000
-1000
-999.921015817401
1000
-1000
0
0
1000
-1000
0
0
0
0
0
0
0.988547160602855
-1000
-1000
1000
-1000
1000
-1000
-1000
-1000
-0.471631724694248
1000
1000
1000
1000
-1000
0
-1000
-1000
2.58177211894861
-1000
991.858286893809
1000
1000
0
1000
1000
0
0
0
0
0
0
0
0
-1000
0
0
0
-641.162081514252
1000
0
0
0
-221.630832640659
191.542954282971
0
0
0
0
0
0
0
0
0
0
0
0
0
0
0.00365647067459547
0
1000
-358.841574956422
-641.158425043578
0
0
641.158425043578
0
0
0
0
0
0
0
0
0
0
0
0
0
0
0
0
0
0
0
0
0
1000
0
0
0
0
0
-1000
1000
0
0
0
0
0
0
0
0
0
0
0.0036564706746276
1000
1000
0.106757462026962
0.106757462026962
0
460.098397159495
0
0
0
0
0
0
0
0
0
0
0
33.0784580293439
0
0
0
0
-727.759602845844
0
0
0
0
0
0
0
0
0
0
0
0
0
0
0
0
0
0
0
0
0
0
0
0
0
0
0
0
0
0
0
0
0
0
0
0
0
0
0
0.166541640762116
0
0
173.3750570905
1000
0
1000
0
1000
0
0
-1000
0
0
0
0
0
0
0
0
0
0
0
0
0
0
0
0
0
0
0
0
0
0
0
0
0
0
0
999.833458359238
0
0
0.166541640762116
0
0
0
0
0
0
0
0
0
982.442833396069
0
0
0
0
0
0
0
0
0
0
0
0
0
0
0
0
0
0
0
0
0
0
0
0
0
0
0
0
0
0
0
0
0
-1000
0
0
0
0
0
0
0
0
0
0
0
0
0
0
0
0
0
0
0
0
0
0
0
0
0
0
0
0
0
0
0
0
0
0
0
0
0
-1000
0
0.00427029848107949
0
0
0
0
0.772924025075387
0.772924025075387
0
0
0
0
0
0
0
0
0
0
0
0
0
0
0
0
0
0
0
0
0.00365647067459547
0
0
0
0
0
-1000
0
0
0
-1000
0
0
1000
0
0
0
0
292.570015782458
0
0
292.570015782458
0
0
0
0
0
0
0
0
0
0
292.570015782458
0
292.570015782458
0
0
0
13.2466469454314
37.7600149583292
24.1362392742379
17.677909624686
26.2104473368677
8.62681989684675
20.1763875183082
36.9114752963443
33.9887275717296
10.7481690518091
20.8363628109632
42.9455351149038
33.8944453870646
10.4653224978141
17.3479219783585
24.0419570895729
31.1602620317798
25.2204843978853
4.6198270485846
31.4431085857748
0
0
0
0
0
0
0
0
0
0
0
0
0
0
0
0
0
0
0
0
0
0
0
0
0
0
0
0
0
0
0
0
0
0
0
0
0
0
0
0
0
0
0
0
0
0
0
0
0
0
0
0
0
0
0
0
0
0
0
0
0
0
0
0
0
0
0
0
0
0
0
0
0
0
0
0
0
0
0
0
0
0
0
246.757236239693
0
0
246.757236239693
0
0
0
0
0
0
-1000
0
0
0
0
0
33.0784580293438
1000
1000
0
0
0
0
0
0
300.52168057834
272.236740683481
0
-221.630832640659
-572.91215200714
-572.91215200714
-1000
0
-272.240397154156
727.759602845844
-80.817011228655
1000
300.530221175302
1000
727.763259316519
0
-300.52168057834
727.763259316519
0
-1000
-727.763259316519
-1000
0
0
0
727.759602845844
727.759602845844
272.240397154156
0
0
0
0
0
0
0
0
0
0
0
-1000
364.372246767886
1000
1000
0
500
233.462287007529
2.51279234812822
5
0
0
0
0
0
0
125.481936518284
0
136.121286669268
0
0
-0.00148028629450891
0
0
0
0
-0.00148028629450891
0
1000
99.576129016436
-0.00296057258890414
0
-0.00148028629450891
0
0
-0.0925178934041924
0.573240867532582
-1000
-0.00148028629450891
0
-0.00148028629450891
-0.00148028629450891
0.00148028629450891
-0.00148028629450891
0.00148028629450891
-0.00148028629450891
-0.00148028629450891
-0.00148028629450891
-0.00148028629450891
-0.00148028629450891
-0.00148028629450891
-0.00148028629450891
-0.00148028629450891
-0.00148028629450891
-0.00148028629450891
-0.00148028629450891
-0.0310860121837777
-0.0146093137636853
-0.0425582309659376
-0.042928302539508
-0.0218342228433812
0.00148028629450891
0.00148028629450891
-0.0828170018510264
0.00148028629450891
0.00148028629450891
0.00148028629450891
0.00148028629450891
-0.708687063476418
-0.0107320756349054
-0.0795653883276373
-0.40078751422709
-0.0252438976451685
0.00148028629450891
0.00148028629450891
0.0140627197974936
0.00148028629450891
0.00148028629450891
-0.00148028629450891
0
0
0
0
0
0
0
0
0
0
0
0
0
0
0
0
0
0
0
0
0
0
0
0
0
0
0
0
0
0
0
0
0
0
0
0
0.00535752442317516
0
0
0
0
0
0
0
0
0
0
0
0
0
0
0
0
0
0
0
0
0
0
0
0
0
0
0
0
0
0
0
0
0
0
0
0
0
0
0
1000
0
0
0
0
0
0
0
0
0
0
0
0
0
0
0
0
0
0
0
0
0
0
0
0
0
0
0
0
0
0
0
0
0
0
0
0
0
0
0
0
0
0
0
0
0
0
0
0
0
0
0
0
0
0
0
0
0
0
0
0
0
0
0
0
0
0
0
0
0
0
0
0
915.676685382335
0
0
0
0
0
0
0
0
0
0
0
0
0
0
0
0
0
0
0
0
0
0
0
0
0
0
0
0
0.00148028629446761
0.00148028629446761
136.124247241857
636.744880186109
99.5776093027305
0
0
0
0
0.00148028629446761
0.00148028629446761
0
0.00148028629446761
0
0
0
0
0
0
0
0
0
0
0
0
0
0
0
0
0
0
0
0
0
0
0
0
0
0
0
0
0
0
0
0
0
0
0
0
0
0
0
0
0
0
0
0
0
0
0
0
0
0
0
0
0
0
0
0
0
0
0
0
0
0
0
0
0
0
0
0
0
0
0
0
0
0
0
0
0
0
0
0
0
0
0
0
0
0
0
0
0
0
0
0
0
0
0
0
0
0
0
0
0
0
0
0
0
0
0
0
0
0
0
0
0
0
0
0
0
0
0
0
0
0
0
0
0
0
0
0
0
0
0
0
0
0
0
0
0
0
0
0
0
0
0
0
0
0
0
0
0
0
0
0
0
0
0
0
0
0
0
0
0
0
0
0
0
0
0
0
0
0
0
0
0
0
0
0
0
0
0
0
0
0
0
0
0
0
0
0
0
0
0
0
0
0
0
0
1000
0
0
0
0
0
0
0
0
0
0
0
0
0
0
0
0
0
0
0
0
0
0
0
0
0
0
0
0
0
0
0
0
0
0
0
0
0
0
0
0
0
0
0
0
0
0
0
0
0
0
0
0
0
0
0
0
0
0
0
0
0
0
0
0
0
0
0
0
0
0
0
0
0
0
0
0
0
0
0
0
0
0
0
0
0
0
0
0
0
0
0
0
0
0
0
0
0
0
0
0
0
0
0
0
0
0
0
0
0
0
0
0
1000
1000
0
0
0
0
0
0
0
0
0
0
0
0
0
0
0
0
0
0
0
0
0
-1000
0
-1000
0
0
0
0
0
0
0
1000
1000
0
0
0
0
0
0
0
0
0
0
0
0
0
0
0
0
0
0
0
0
0
0
0
0
0
0
0
0
0
0
0
0
0
0
0
0
0
0
0
0
0
0
0
0
0
0
0
0
0
0
0
0
0
0
0
0
0
0
0
0
0
0
0
0
0
0
0
0
0
0
0
0
0
0
0
0
0
0
0
0
0
0
0
-1000
337.479952672659
0
0
0.00148028629450891
0
-863.823572666263
0
0
136.122766955563
0
863.823572666263
0
363.336165488513
0
0
0
0.00535752442317516
0
0
-1000
999.998519713705
0
0
0
0
0
0
0
0
0
0
0
0
0
-1000
0.00535752442317516
0
0
0
-0.020062895614501
0
0
0
0
0
0
0
0.020062895614501
0
0
0
0
0
125.481936518284
1000
-1000
0
0
0
164.473388695199
1000
-0.0219388240475382
0
0
0.00148028629450891
-0.00148028629450891
0
0
136.176427333737
-136.176427333737
1000
0
0
0
-136.122766955562
-136.122766955562
1000
0
-136.176427333737
-863.823572666263
-1000
0
-636.663834511486
-363.336165488514
-1000
0
0
0
0
0
-1000
0
0
0
0
0
-1000
1000
-1000
0
0
0
-1000
0
0
0
-1000
0
0
0
0
0
0
0
0
0
0
0
0
0
0
0
0
0
0
0
-1000
1000
-1000
0
-1000
0
-1000
0
-1000
0
0
0
0
0
0
0
0
0
-1000
0
1000
0
-1000
0
-1000
0
-801.115284382638
0
-1000
0
0
0
0
0
0
0
0
0
-498.072253926864
-501.927746073136
125.481936518284
-125.481936518284
0
0
0
0
0
0
0
0
0
0
0
0
0
0
0
0
0
0
0
0
0
0
0
0
0
0
0
0
0
0
0
0
0.00535752442317516
-0.00535752442317516
0
0
0
0
0
0
0
0
0
0
0
0
0
0
0
0
0
0
0
0
0
0
0
0
0
0
0
0
0
0
0
0
0
0
0
0
0.00535752442317516
-0.00535752442317516
0
0
0
0
0
0
0.020062895614501
0.020062895614501
0
0
0
0
0
0
0
0
0
0
0
0
0
0
0
0
-0.020062895614501
-0.020062895614501
0
0
0
0
0
0
0
0
0
0
0
0
0
0
0
0
0
0
0
0
0
0
0
0
0
0
0
0
0
0
0
0
0
0
0
0
86.1056254054959
0
0
0
0
0
0
0
0
1.19758776571057
0.00365647067459547
0
0
0
0
0
0
0
0
0.150681920012411
0
0
0
0
0
0
0
0
0
0
0
0
0
0
0
0
0
0
0
0
0
0
0
0
0
0
0
0
0
0
0
0
0
0
0
0
0
0
0
0
0
0
0
0
0
0
0
0
0
136.176427333737
136.176427333737
136.176427333737
0
0
0
0
136.121286669268
136.121286669268
0
0
0
0
0
0
0
0
0
0
0
0
0
0
0
0
0
0
0
0
0
0
0
0
0
0
0
0
0
0
0
0
0
0
0
0
0
0
0
0
0
0
0
0
0
0
0
0
0
0
0
0
0
0
0
0
0
0
0
0
0
0
0
0
0
0
0
0
0
0
0
0
0
0
0
0
0
0
0
0
0
0
0
0
0
0
0
0
0
0
0
0
0
0
0
0
0
0
0
0
0
0
0
0
0
0
136.122766955563
136.122766955563
136.122766955563
136.122766955563
-136.122766955562
0
0
0
0
0
0
0
0
0
0
0
0
0
0
0
0
0
0
0
0
0
0
0
0
0
0
0
0
0
0
0
0
0
0
0
0
0
0
0
0
0
0
0
0
0
0
0
0
0
0
0
0
0
0
0.00365647067459547
0.00365647067459547
0.00365647067459547
0.00365647067459547
0.00365647067459547
0
0
0
0
0
0
0
1000
1000
0
0
0
0
0
0
0
0
0
0
0
0
0
0
0
0
0
0
0
0
0
0
0
0
0
0
0
0
0
0
0
0
0
0
0
0
0
0
0
0
0
14.967132097746
14.967132097746
-14.967132097746
4.98051226767461
-2.48842789850005
2.48842789850001
2.48842789850001
2.48842789850001
0
0
0
0
0
0
0
0
0
0
0
0
0
0
0
0
0
0
0
2.48842789850001
2.48113615408226
2.48842789850001
2.48842789850001
2.48842789850001
2.48842789850001
2.48842789850001
2.48842789850001
2.48842789850001
2.48842789850001
2.48842789850001
2.48842789850001
2.48842789850001
2.48842789850001
2.48842789850001
2.48842789850001
2.48842789850001
2.48842789850001
14.967132097746
14.967132097746
4.98051226767461
4.98051226767461
0
0
0
0
0
0
0
0
0
0
0
0
0
0
0
0
0
0
0
0
0
0
0
0
0
0
0
0
0
0
0
0
0
0
0
0
0
0
0
0
0
0
0
0
0
0
0
0
0
0
0
0
0
0
0
0
0
0
0
0
0
0
0
0
0
0
0
0
0
0
0
0
0
0
0
0
0
0
0
0
0
0
0
0
0
0
0
0
0
0
0
0
0
0
0
0
0
0
0
0
0
0
0
0
0
0
0
0
0
0
0
0
0
0
0
0
0
0
0
0
0
0
0
0
0
0
0
0
0
0
0
0
0
0
0
0
0
0
0
0
0
0
0
0
0
0
0
0
0
0
0
0
0
0
0
0
0
0
0
0
0
0
0
0
0
0
0
0
0
0
0
0
0
0
0
0
0
0
0
0
0
0
0
0
0
0
0
0
0
0
0
1.19758776571057
1.19758776571057
1.19758776571057
0
0.0136932177147169
0.0136932177147169
0
-1.21128098342524
1.21128098342529
0.0136932177147169
0
0
0
0
1000
0
0.0136932177147169
0
0.0136932177147169
0.0136932177147169
0
0
0
0
0
0
0
0
0
0
0
0
0
0
0
0
0
0
0
0
0
0
0
0
0
0
0
0
0
0
0
0
0
0
0
0
0
0
0
0
0
0
0
0
0
0
0
0
0
0
0
0
0
0
0
0
0
0
0
0
0
0
0
0
0
0
0
0
0
0
0
0
0
0
0
0
0
0
0
0
0
0
0
0
0
0
0
0
0
0
0
0
0
0
0
0
0
0
0
0
0
0
0
0
0
0
0
0
0
0
0
0
0
0
0
0
0
1.19758776571057
0.00365647067459547
0
0
0
0
0
0
0
1.5765959656255
0
0
0
0.988547160602855
0.988547160602855
0.988547160602855
0
0
0
0
0
0
1.35192615639758
0
0
0
0.00365647067459547
0
0
0
0
-1.35192615639755
1.35192615639758
0
0
0
0
0
0
0
0
0
0
0.234706556268043
0
0.224669809227921
0
0
0
0
0
0
0
0
0
0
11.0224962057733
11.0224962057733
11.0224962057733
0
0
0
0
-0.150681920012403
0
0
0
0
0
0
0
0
0
0
0
0
0
0
0
0
0
0
0
0
0
0
0
0
0
0
0
0
0
0
0
0
0
0
0
0
0
0
0
0
0
0
0
0
0
0
0
0
0
0
0
0
0
0
0
0
0
0
0
0
0
0
0
0
0
0
0
0
0
0
0
0
0
0
0
0
0
0
0
0
0
0
0
0
0
0
0
0
0
0
0
0
0
0
0
0
0
0
0
0
0
0
0
0
0
0
0
0
0
0
0
0
0
0
0
0
0
0
0
0
0
0
0
0
0
0
0
0
0
0
0
0
0
0
0
0
0
0
0
0
0
0
0
0
0
0
0
0
0
0
0
0
0
0
0
0
0
0
0
0
0
0
0
0
0
0
0
0
0
0
0
0
0
0
0
0
0
0
0
0
0
0
0
0
0
0
0
0
0
0
0
0
0
0
0
0
0
0
0
0
0
0
0
0
0
0
0
0
0
0
0
0
0
0
0
0
0
0
0
0
0
0
0
0
0
0
0
0
0
0
0
0
0
0
0
0
0
0
0
0
0
0
0
0
0
0
0
0
0
0
0
0
0
0
0
0
0
0
0
0
0
0
0
0
0
0
0
0
0
0
0
0
0
0
0
0
0
0
0
0
0
0
0
0
0
0
0
0
0
0
0
0
0
0
0
0
0
0
0
0
0
0
0
0
0
0
0
0
0
0
0
0
0
0
0
0
0
0
0
0
0
0
0
0
0
0
0
0
0
0
0
0
0
0
0
0
0
0
0
0
0
0
0
0
0
0
0
0
0
0
0
0
0
0
0
0
0
0
0
0
0
0
0
0
0
0
0
0
0
0
0
0
0
0
0
0
0
0
0
0
0
0
0
0
0
0
0
0
0
0
0
0
0
0
0
0
0
0
0
0
0
0
0
0
0
0
0
0
0
0
0
0
0
0
0
0
0
0
0
0
0
0
0
0
0
0
0
0
0
0
0
0
0
0
1000
0
0
0
0
0
0
0
0
0
0
0
0
0
0
0
0
0
0
0
0
0
0
0
0
0
0
0
0
0
0
0
0
0
0
0
0
0
0
0
0
0
0
0
0
0
0
0
0
0
0
0
0
0
0
0
0
0
0
0
0
0
0
0
0
0
0
0
0
0
0
0
0
0
0
0
0
0.166541640762116
0.166541640762116
0
0
0
0.166541640762148
0
0.166541640762116
-246.757236239693
0
0
0
0.0256217908866461
0
1000
0
0
0
0
0
0
246.757236239693
0
0
0
0
1.00779044153486
0
0
0
0
0
0
1.00779044153486
1.00779044153486
1.00779044153486
1.00779044153489
0
0
0
0
0
0
0
0
0
0
0
0
0
0
0
0
0
0
0
0
0
0
0
0
0
0
0
0
0
0
0
0
0
0
0
0
0
120.306558944703
120.306558944703
0
0
0
0
0
0
0
0
0
0
0
0
0
0
0
0
0
0
0
0
0
0
0
0
0
0
0
0
0
0
0
0
0
0
0
0
0
0
0
0
0
0
0
0
0
0
0
0
0
1000
460.102053630169
-1000
0
0
0
-1000
1000
1000
1000
0
0
0
-1000
459.394606043128
0
0
0
0
0
0
0
0
0
0
0
0
0
0
0
0
0
0
0
0
0
0
0
0
0
0
0
0
0
0
0
0
0
0
0
0
0
0
0
0
-1000
0
0
0
0
0
0
0
0
0
0
0
0
0
0
0
0
0
-999.996343529325
999.996343529325
1000
999.996343529325
1000
-1000
-1000
0
0
0
0
0
0
0.0036564706746276
0
0
0
0
0
0
0
0
0
0
0
0
0
0
0
0
0
0
0
0
0
0
0.002734404156654
0.00365647067459547
0.0100367470401215
-999.986306782285
0.001822936104436
0.001822936104436
0.0036564706746276
0
0.000911468052218001
0.001822936104436
0.0155161538191533
-0.00182293610441775
0.001822936104436
0.001822936104436
0.001822936104436
0.001822936104436
0.001822936104436
-0.00182293610441775
-0.0036458722088355
-0.0337879087263673
0.001822936104436
0.001822936104436
0.00182293610441775
0.001822936104436
-0.00547940677904535
-0.0301314380518534
0.0036564706746276
0.001822936104436
0.001822936104436
0.00365647067459547
0.00365647067459547
-0.0036564706746276
-0.0036564706746276
0.0036564706746276
0.0036564706746276
0.001822936104436
0.001822936104436
0.001822936104436
0.001822936104436
-0.00547940677904535
1000
0
0
0
0
0
0
-826.6249429095
0
0
0
0.00365647067459547
0
0
0
0
0.00182823533729773
0.0036564706746276
0.0036564706746276
0
0
0.00365647067459547
0.00365647067459547
0
0
0
0
0
0
0.007291744417744
0.001822936104436
0.005468808313308
0.001822936104436
-0.00182293610441775
0.001822936104436
0.001822936104436
0.001822936104436
0.001822936104436
0.001822936104436
0.001822936104436
0.003645872208872
0.001822936104436
0.001822936104436
0.001822936104436
0.001822936104436
0.001822936104436
0
0.001822936104436
0.00365647067459547
0
0.00365647067459547
0
0.00365647067459547
0.00365647067459547
0.00365647067459547
0.00365647067459547
0.00365647067459547
0.00365647067459547
0
0.00365647067459547
0
0.00365647067459547
0.00365647067459547
0.00365647067459547
0.00365647067459547
0.00365647067459547
0
0
0
0
0
0
0
0
0
0
0
0
0
0
0
0
-0.0036564706746276
0
0
0
0
0
0
0
0
0
0
0
0
0
0
0
0
0
0
0
0
0
0
0
0
0
0
0
0
0
0
0
0
0
0
0
0
0
0
0
0
0
0
0
0
0
0
0
0
0
0
0
0
0
0
0
0
0
0
0
0
0
0
0
1000
250.963873036568
33.0784580293438
0
0
0
0
0.00365647067459547
0
0
0
0
0
0
0
0
0
1000
0
0
0
0
0
0
0
0
0
0
0
-1000
0
0
0
-125.481936518284
0
-136.121286669268
0
0
0
0.00148028629446761
0
0
0
0
0
0
0
0
0
0.00148028629446761
0
0
0
0
636.663834511486
0
99.576129016436
0.00296057258893522
0
0
0
0.00148028629446761
0
0
0
0
0
0.0925178934042257
0
0.573240867532582
0
0.551970265443856
0
0.00148028629446761
0
0
0
0.00148028629446761
0
0.00148028629446761
0
0.00148028629446761
0
0.00148028629446761
0
0.00148028629446761
0
0.00148028629446761
0
0.00148028629446761
0
0.00148028629446761
0
0.00148028629446761
0
0.00148028629446761
0
0.00148028629446761
0
0.00148028629446761
0
0.00148028629446761
0
0.00148028629446761
0
0.00148028629446761
0
0.00148028629446761
0
0.0310860121838198
0
0.0146093137636342
0
0.0425582309659438
0
0.0429283025395607
0
0.0218342228433973
0
0.00148028629446761
0
0.00148028629446761
0
0.0828170018509794
0
0.00148028629446761
0
0.00148028629446761
0
0.00148028629446761
0
0.00148028629446761
0
0.708687063476368
0
0.0107320756348902
0
0.079565388327634
0
1000
0
0.0252438976451561
0
0.00148028629446761
0
0.00148028629446761
0
0.0140627197974423
0
0.00148028629446761
0
0.00148028629446761
0
0.00148028629446761
0
0
-1000
0
0
1000
0
0
0
0
-367.233993337046
-1000
-993.486101832104
0
1.00779044153486
-1000
748.2631011363
995.973757688368
0
118.954632788305
502.686919055788
-1000
-1000
0
0
1000
0
0
0
0
0
491.727035935893
1000
0
0
0
0
-1000
1000
-0.0036564706746276
0
0
-3.20022438930971
0
0
0
0
0
-6.48927793201995
1000
1000
-1000
-4.02624231163236
-995.977414159042
0
1000
1000
0
-55.923117927808
0
0
1000
1000
-873.022164803182
-1000
0
1000
0
0
-1000
1000
1000
1000
0
0
0
0
-33.0784580293438
-1000
0
0
0
0
0
0
0
0
0
376.089651165143
0
0
0
0
0
0
0
0
0
0
0
0
1000
0
0
0
0
0
0
0
0
0
942.952172889618
-1000
-1000
-1000
367.370804278876
-1000
-1000
-1000
1000
-1000
-1000
1000
1000
-1000
1000
-1000
-1000
-1000
-1000
1000
1000
-1000
-1000
-1000
17.7291532064589
1000
1000
1000
1000
-1000
-1000
764.269560951338
-1000
-1000
-109.516983237367
-198.075400281284
-992.902927926992
-1000
-1000
1000
1000
1000
-1000
-1000
-1000
-1000
-900.911902618495
1000
-1000
-1000
-1000
-1000
1000
1000
-1000
-1000
-42.4422183937238
-1000
-1000
-1000
-1000
-968.18110514789
-1000
1000
-1000
-1000
-1000
-1000
-1000
-1000
1000
-1000
1000
1000
1000
-1000
-1000
-1000
-1000
-1000
-1000
-1000
-1000
0
-1000
-1000
1000
1000
-1000
1000
1000
1000
1000
-1000
1000
1000
1000
-1000
-1000
-1000
-1000
758.37695251798
-1000
-1000
1000
-1000
-1000
-1000
1000
1000
1000
1000
1000
1000
1000
1000
-1000
978.728066743967
1000
-1000
-34.0182840430159
-1000
1000
-324.823290913406
1000
300.622997161952
-1000
-699.377002838048
0
0
0
0
0
0
0
0
0
0
0
0
0
0
0
0
0
0
0
0
0
0
0
0
0
0
0
0
0
0
0
0
0
0
0
0
0
0
0
0
0
0
0
0
0
0
0
0
0
0
0
0
0
0
0
0
0
0
0
0
0
0
0
0
0
0
0
0
0
0
0
0
0
0
0
0
0
0
0
0
0
0
0
0
0
0
0
0
0
0
0
0
0
0
0
0
0
0
0
0
0
0
0
0
0
0
0
0
0
0
0
0
0
0
0
0
0
0
0
0
0
0
0
0
0
0
0
0
0
0
0
0
0
0
0
0
0
0
0
0
0
0
0
0
0
0
0
0
0
0
0
0
0
0
0
0
0
0
0
0
0
0
0
0
0
0
0
0
0
0
0
0
0
0
0
0
0
0
0
0
0
0
0
0
0
0
0
0
0
0
0
0
0
0
0
0
0
0
0
0
0
0
0
0
0
0
0
0
0
0
0
0
0
0
0
0
0
0
0
0
0
0
0
0
0
0
0
0
0
0
0
0
0
0
0
0
0
0
0
0
0
0
0
0
0
0
0
0
0
0
0
0
0
0
0
0
0
0
0
0
0
0
0
0
0
0
0
0
0
0
0
0
0
0
0
0
0
0
0
0
0
0
0
0
0
0
0
0
0
0
0
0
0
0
0
0
0
0
0
0
0
0
0
0
0
0
0
0
289.772340946597
0
0
0
0
0
0
0
0
0
1000
0
0
0
0
0
0
0
122.530603855481
997.603383518843
1000
1000
1000
1000
1000
-1000
-1000
1000
-1000
-209.024361729103
1000
1000
-1000
-1000
-1000
1000
-1000
1000
1000
-1000
-1000
-1000
84.0971413924651
-1000
-1000
1000
-1000
-1000
-1000
-1000
-877.469396144519
1000
1000
1000
-1000
-1000
-1000
-1000
1000
-1000
-1000
-1000
1000
209.024361729103
1000
-1000
-999.948883599816
-1000
-1000
-1000
-1000
-1000
0
0
0
0
0
0
-1000
1000
0
0
0
0
0
0
0
0
0
0
-1000
-1000
-0.480172321656369
0
0
0
0
0
394.572373747145
0
0
0
0
0
0
0
0
0
0
-0.0036564706746276
0.00365647067459547
0
0
-0.0036564706746276
-0.0036564706746276
0
0
0
0
0
0
0
0
0
0
0
0
0
0
0
0
0
0
0
0
0
290.349460572297
0
0
0
0
0
0
0
0
0
0
0
0
0.00365647067459547
0
0
-1000
367.233993337046
1000
-1000
-1000
0
0
0
0
-0.0036564706746276
0
0
0
0
0
246.757236239693
0
0
0
0
0
0
0
0
0
0
0
0
0
0
0
0
0
0.00365647067459547
0
0
0
0.0918114173431945
1000
0
0
0
0
0
-1000
-0.0036564706746276
1000
0
0
0
0
0
0
0
0
0
0
0
0
0
0
0.400787514227106
0
0
0
0
0
0
0
0
0
0
0
0
0
0
0
0
0
0
0
0
0.00365647067459547
0
0
0
0
1000
0
-1000
0
-136.121286669268
0
1.97709432120571
0
0
0
1000
0
0.005468808313308
1000
0
-641.158425043578
0
0
0
0
0
0
0
0
0
0
0
0.0036564706746276
-845.152549161296
272.240397154156
-865.855807651938
620.65397418253
0
0
0
0
1000
0
0
0
0
0
0.0036564706746276
0
0
1000
-1000
770.837385526722
0
0
1000
0
0
1000
0
0
0
-1000
0
-1000
1000
0
0
0
0
0
0
0
0
0
0
1000
-1000
1000
0
0
0
0
0
0
411.9958105703
0
0
0
0
0
1000
0
998.109202802742
0
0
0
0
0
0
0
0
0
0
0.988547160602855
0
0.00365647067459547
-0.0036564706746276
0.00365647067459547
0.00365647067459547
0
0
0.0036564706746276
0
0
0
0.98854716060282
0
0
-0.0109694120237691
-1000
-1000
-1000
1.89079719725783
-1.9697813798565
1000
0
0
0
-1000
-1000
-1000
0
0
0
0
0
0
0
0
0
0
0
0
0
0
0.0789841825985956
0
0
0
0
0
0
0
0
0
0
1000
0
0
0
0
0
0.001822936104436
0
0
0
0
0
0
0
0
0.00365647067459547
0
0
0
0
0
0
0
0
0
0
-501.927746073136
0
125.481936518284
0
0
0
0
0
0
0
0
0
0
0
1000
0
0
0
501.927746073135
0
0
0
0
0
0
0
0
0
0
0
0
0
0
0
0
0
0
0
0
0
0
0
0
0
0
0
2.35815862347101
0
0
0
0
0
0
0
-1000
0
0
0
0
0
0
0
0
0
0
0
0
0
0
0
0
0
0
0
0
0
0
0
0
0
0
0
0
0
0
0
0
0
0
0
0
0
0
0
0
0
0
0
0
0
0
0
0
0
0
0
0
0
0
0
0
0
0
0
0
0
0
0
0
0
0
0
0
0
0
0
0
0
0
0
0
0
0
0
0
0
0
0
0
0
0
0
0
0
0
0
0
0
0
0
0
0
0
0
0
0
0
0
0
0
-999.975379764124
0
0.00182293610441775
0
0.020062895614501
0
0
-0.0246202358756591
0
1000
0
0
0
0
0.00455734026104437
0
0
0
0
0
0
0
0
0
0
0
0
0
0
0
0
0
0
0
0.00365647067459547
0.00365647067459547
0.00365647067459547
-1000
0
-1000
0
164.473388695199
-801.115284382638
0
0
0
0
0
0
-1000
0
0
0
0
0
0
0
0
0
0
0
-1000
0
1000
0
-1000
-1000
-1000
-1000
-1000
-1000
0
0
0
0
0
0
0
0
0
-411.9958105703
-1000
0
1000
0.400498355580208
0.00365647067459547
0.00365647067459547
0.00365647067459547
0.00365647067459547
0.00365647067459547
0
0
0
0
1000
0
0
0
0
915.126195403185
0
0
0
0
0
0
0
0
0
-1000
0
0
0
0
0
0
1000
1000
-999.998519713705
0
1000
1000
1000
-999.448029734556
0
0
0
0
0
0
0
0
0
125.481936518284
0
0
0
0
0
0
0
0
0
0
0
0
0
0
0
0
0
0
0
0
0
0
0
0
0
0
0
0
0
0
0
0
0
0
0
0
0
459.394606043128
0
0
0
0
0
0
0
0
0
0
-1000
0
0
0
0
0
0
379.34602581747
1000
-1000
-1000
-1000
-1000
1000
0
0.0100367470401215
0
0
0
0
-999.816377165314
-1000
-832.534837685787
0
246.757236239693
0
0
0
0
999.978061175952
14.7478569075713
0
0
0
0
0.588048805022647
0.588048805022647
0
-999.97355682802
0
0
0
0
0
0
0.371193597854827
0
1000
0
0
0
0
0
0
0
1000
0.00365647067459547
0
0
0
0
0
0
0
0
0
1000
0
0
1000
0
0
0
1000
0
0
0
-863.823572666263
0
-1000
0
0
0
-1000
-1000
0
0
0
0
-136.122766955562
0
1000
0
-729.624115501891
729.624115501891
0
0
0
0
-750
0
0
0
0
-1000
-1000
0
0
0
0
1000
0
0
0
0
0.00535752442321162
0
0
0
0
0
0
1000
0
998.109202802742
0
998.109202802742
0
0
0
0
0
0
0
0
0
0
-699.324588676342
1000
0
-1000
1000
-1000
-1000
1000
0
0
0
0
0
0
0
0
-1000
0
0
1000
0.001822936104436
0.001822936104436
0
-1000
0
0
363.336165488514
0
0
0
0
0
0
0
0
0
0
0
0
0
0
0
0
0
0
0
0
0
0
0
0
0
-0.020062895614501
0
0
0
0
0
0
0
0
0
0
0
0
0
0
0
0
0
0
0
0
0
0
0
0
0
0
0
0
0
0
0
0
0
0
0
0
0
0
0
0
0
0
0
0
0
0
-1000
0
-1000
0
0
0
0
0
0
-1000
0
0
0
0
0
0
0
0
0
0
0
-1000
0
0
0
0
0
0
0
0
0
0
0
0
0
1000
0
0
0
0
0
0
0
0
0
0
0
0
0
0
0
0
0
0
0
0
0
0
0
0
0
0
0
0
0
0
0
0
0
0
0
0
0
0
0
0
0
0
0
136.121286669268
0
0
0
0
0
0
0
0
0
0
0
0
0
0
0
0
0
0
0
0
0
0
0
0
0
0
0
0
0
0
0
0
0
0
0
0
0
0
0
0
0
0
0
0
0
0
0
0
0
0
0
0
0
0
0
0
0
0
0
0
0
0
0
0
0
0
0
0
0
0
0
0
0
0
0
0
0
0
0
0
0
0
0
0
0
0
0
0
0
0
0
0
0
0
0
0
0
0
0
0
0
0
0
0
0
0
0
0
0
0
0
0
0
0
0
0
0
0
0
0
0
0
0
0
0
0
0
0
0
0
0
0
0
0
0
0
0
0
0
-1000
0
0
0
0
0
0
0
0
0
0
0
0
0
0
0
0
0
0
0
0
0
517.623986067668
0
184.290652734334
0
0
17.6211392020135
0
-1000
0.166541640762148
1000
0
-1000
0
0
-1000
0
0
0
0
0
-0.0255952947222795
0.0219388240475382
0
0
0
0
0
0
0
0
0
0
0
0
0
0
0
0
0
0
0
0
0
0
0
0
0
0
0
0
0
0
0
0
0
0
0
0
0
0
0
0
0
0
0
0
0
0
0
0
0
0
0
0
0
0
0
0
0
0
0
0
0
0
0
0
0
0
0
0
0
0
0
0
0
0
0
0
0
0
0
0
0
0
0
0
0
0
0
0
0
0
0
0
0
0
0
0
0
0
0
0
0
0
0
0
0
0
0
0
0
0
0
0
0
0
0
0
0
0
0
0
0
0
0
0
0
0
0
0
0
0
0
0
0
0
0
0
0
0
0
0
0
0
0
0
0
0
0
0
0
0
0
0
0
0
0
0
0
0
0
0
0
0
0
0
0
0
0
0
0
0
0
0
0
0
0
0
0
0
0
0
0
0
0
0
0
0
0
0
0
0
0
0
0
0
0
0
0
0
0
0
0
0
0
0
0
0
0
0
0
0
0
0
0
0
0
0
0
0
0
0
0
0
0
0
0
0
0
0
0
0
0
0
0
0
0
0
0
0
0
0
0
0
0
0
0
0
0
0
0
0
0
0
0
0
0
0
0
0
0
0
0
0
0
0
0
0
0
0
0
0
0
0
0
0
0
0
0
0
0
0
0
0
0
0
0
0
0
0
0
0
0
0
363.336165488513
0
0
0
0
0
0
0
0
0
0
0
-1000
0
0
0
0
0.0036564706746276
-982.007262950999
0
0
0
0
0
0
0
0
0
0
0
0
0
0
0
0
0
0
0
0
0
0
0
0
0
0
0
0
0
0
0
0
0
0
0
0
0
0
0
0
0
0
0
0
0
0
0
0
0
0
0
0
0
0
0
0
0
0
0
0
0
0
0
0
0
0
0
0
0
0
0
0
0
0
0
0
0
0
0
0
0
0
0
0
0
0
0
0
0
0
0
0
0
0
0
0
0
0
0
0
0
0
0
0
0
0
0
0
0
0
0
0
0
0
0
0
0
0
0
0
0
0
0
0
0
0
0
0
0
0
0
0
0
0
0
0
0
0
0
0
0
0
0
0
0
0
0
0
0
0
0
0
0
0
0
0
0
0
790.975638270897
0
0
0
0
0
0
0
0
1000
0.0036564706746276
0
0
-459.390949572453
1000
0
0
0
0
0
0
0
0
0
0
0
0
0
0
0
0
1000
-1000
0
0
0
0
0
0
0
0
0
0
0
0
0
0
0
0
0
0
0
0
0
0
1000
0
0
0
0
0
0
0
0
0
0
0
0
0
0
0
0
0
0
0
0
0
0
0
0
0
0
0
0
0
0
0
0
0
0
0
0
0
0
0
0
0
0
0
0
0
0
0
0
0
0
0
0
0
0
0
0
0
0
0
0
0
0
0
0
0
0
0
0
0
0
0
0
0
0
0
0
0
0
0
0
0
0
0
0
0
0
0
0
0
0
0
0
0
0
0
0
0
0
0
0
0
0
0
0
0
0
0
0
0
0
0
0
0
0
0
0
0
0
0
0
0
0
0
0
0
0
0
0
0
0
0
0
0
0
0
0
0
0
0
0
0
0
0
0
0
0
0
0
0
0
0
587.998720621387
500
88.3205476955427
0
0
-0.98854716060282
0
0
471.410923324959
19.536505150254
42.7029848107949
0.105984657234651
88.3205476955427
0
0
0
0
0
0
0
0
0
0
0
0
0
0
0
0
0
0
0
0
0
0
0
0
0
492.541991121196
-1000
-832.534837685787
-167.465162314213
358.837918485748
0
0
0
-1000
0
250.963873036568
-125.481936518284
0
0
-3.70071573616906
0
0
0.0283085019473219
0
0.0118596831445575
0
0.00365647067459547
0
0
0
0
0
0
0
0
0
0
0
0
0
0
0
0
0
125.481936518284
0
136.121286669268
0
0
1000
-0.708687063476418
-0.0310860121837777
0
-10.850656215355
-21.2719332560333
-43.3811055599739
-34.0182840430159
-10.623323541614
-1000
-26.8773602085441
-4.66253003339534
-31.8188948521098
-1000
-1000
0
0
0
0
-1000
-39.3186739039231
-17.7291532064589
-317.19178401957
-13.4808995340842
-10.4288858558625
-24.2002937514541
424.418631389258
616.813276761848
-493.660471128649
0
1000
-629.17771145343
828.512251844829
0
1000
0
0
999.816377165313
-1000
0
0
0
0
0
0
1000
358.841574956422
0
0
0
0
0
0
0
0
0
0
0
0
0
-0.0036564706746276
-0.0036564706746276
0
0
0
0
0
0
0
0
0
0
0
290.349460572297
-290.349460572297
0
0
0
0
0
1000
0
122.581720255665
0
0
-993.486101832104
-1000
246.757236239693
-0.0036564706746276
-0.0036564706746276
-1.00779044153489
540.605393956872
0
0
-0.0036564706746276
0
-0.0036564706746276
0
0
0
-0.0036564706746276
0
0
0
-0.0036564706746276
0
0
0
0
0
-0.0036564706746276
0
0
0
0
0
790.975638270897
0
0
0
0
0
1000
0
0
0
0
0
0
-251.7368988637
-995.977414159042
0
0
0
-915.902858607535
0
1000
0
0
-0.0036564706746276
0
0
0
0
0
0
0
0
0
0
0
0
370.82228854657
0
1000
-3.20022438930971
-0.480172321656369
-1000
-1000
0
0
0
0
0
0
0
0
0
2.48842789850005
0
0
0
0
0
0
-4.02624231163236
0
0
0
0
1000
1000
995.973757688368
0
0
118.954632788305
1000
0
0
0
0
1000
-33.0784580293438
0
0
0
-1000
-826.6249429095
0
0
0
0
0
-0.0511164001842417
0
0
0
0
0
-1000
-1000
1000
0
0
0
0
0
0
502.686919055788
-1000
-1000
491.727035935893
0
0
0
0
0
0
0
0
0
0
0
1000
0
-0.0252438976451685
-0.00148028629450891
-0.40078751422709
-1000
-0.0218342228433812
-0.0828170018510264
-0.0140627197974936
-0.0795653883276373
-0.0425582309659376
-0.551970265443856
0
0
0
636.663834511487
-0.00148028629450891
0
-0.00296057258890414
-0.00148028629450891
0
-0.0107320756349054
0
-0.00148028629450891
0
-0.573240867532604
0
-14.7478569075713
0
-0.371193597854813
-0.00148028629450891
-0.0146093137636853
0
-0.00148028629450891
-0.00148028629450891
-0.00148028629450891
-0.00148028629450891
-0.042928302539508
0
-0.0925178934041924
0
0
0
-1000
1000
0
0
-1000
1000
-0.0036564706746276
-1000
750
-750
0
1000
0
-1000
-370.82228854657
0
1000
0
0
0
0
0
0
0
0
0
0
0
0
0
6.48927793201995
0
0
-1000
1000
1000
-1000
-1000
0
-1000
1000
0
0
0
-0.00148028629450891
-0.00148028629450891
0
0
0
0
0
999.833458359238
-1000
-0.0255952947222795
0.0219388240475382
0
0
0
0
0
-1000
0
0
0
0
0
0
0
0
0
0
0
0
0
0
0
0
0
0
0
0
0
0
0
0
0
0
0
0
0
0
0
0
0
0
0
0
0
0
0
0
0
0
0
0
0
0
0
0
0
0
0
0
0
0
0
0
0
0
0
0
0
0
0
0
0
0
0
0
0
0
0
0
-0.00148028629450891
0
0
0
0
0
-1000
0
0
0
0
0
0
0
0
0
0
0
0
0
0
0
0
0
0
0
0
0
0
0
0
0
0
0
0
0
0
0
0
0
0
0
0
0
0
0
0
0
0
0
0
0
0
0
0
0
0
0
0
0
0
0
0
0
0
0
0
0
0
0
0
0
0
0
0
0
0
0
0
0
0
0
0
0
0
0
0
0
0
0
0
0
0
0
0
0
0
0
0
0
0
0
0
0
0
0
0
0
0
0
0
0
0
0
0
0
0
0
0
0
0
0
0
0
0
0
0
0
0
0
0
0
0
0
0
0
0
0
0
0
0
0
0
0
0
0
0
0
0
0
0
0
0
0
0
0
0
0
0
0
0
0
0
0
0
0
0
0
0
0
0
0
0
0
0
0
0
0
0
0
0
0
0
0
0
0
0
0
0
0
0
0
0
0
0
0
0
0
0
0
0
0
0
0
0
0
0
0
0
0
0
0
0
0
0
0
0
0
0
0
0
0
0
0
0
0
0
0
0
0
0
0
0
0
0
0
0
0
0
0
0
0
0
0
0
0
0
0
0
0
0
1000
0
0
0
0
0
0
0
-790.975638270897
0
1000
-6.48927793201995
0
982.007262950999
0
0
0
0
0
0
0
0
0
0
0
0
0
0
0
0
0
0
0
0
0
0
0
0
0
-1000
0
-540.609050427547
-0.0036564706746276
0
0
0
0
0
0
0
0
-1000
0
0
-1000
0
0
0
0
0
0
0
0
0
0
0
0
0
0
0
0
0
0
0
0
0
0
0
0
0
0
0
0
0
0
0
0
0
0
0
0
0
0
0
0
0
0
0
0
0
0
0
0
0
0
0
0
0
0
0
0
0
0
0
0
0
0
0
0
0
0
0
0
0
-86.1056254054959
86.1056254054959
86.1056254054959
0
0
0
-0.00148028629450891
-0.00148028629450891
-0.00148028629450891
0
-0.00148028629450891
-0.00148028629450891
0
-0.00148028629450891
-0.00148028629450891
-0.00148028629450891
-0.00148028629450891
99.576129016436
-0.00148028629450891
-0.00148028629450891
-0.00148028629450891
-0.00148028629450891
-0.00148028629450891
-0.00148028629450891
-0.00148028629450891
0
-0.00148028629450891
-0.00148028629450891
-0.00148028629450891
-1000
88.3205476955427
0
1000
0
0
0
0
0
0
0
0
0
0
0
