0
0
0
0
0
0
0
1000
-1000
0
1000
0
0
262.966198848039
0
0
999.730835489544
-999.730835489544
999.938224538584
0
0.061775461416105
0
-1000
0.388302900329791
0
1000
-276.943721548454
0
-378.805329887886
0.013185579354999
0
0
0
0
0
0
341.346274398958
0
0
0
37.0707525885978
0
0
0
0
0
238.586603691157
0
238.586603691157
0
238.586603691157
0
238.586603691157
0
238.586603691157
0
238.586603691157
0
0
238.586603691157
0
0
0
0
0
0
378.805329887886
0
0
0
0
0
0
0
14.0573973042573
14.0573973042573
0
0
0
0
0
-670.106225838096
-329.893774161904
0
0
0
0
0
0
0
0
0
0
0
0
0
0
0
0
0
0
0
0
0
0.00377825986501218
0
0
0
0
0
0
0
0
0
0
0.269164510455886
0
0
0
0
0
0
0
0
0
0
0
0
0
0
0
0
1000
0
0
-1000
0
0
0
0
-1000
0
0
0
0
-15.4656551444941
0
0
0
0
0
0
0
0.00942922244572606
1000
0
0
459.657651373594
1000
1000
540.33352356049
0
0
0
-1000
540.33352356049
803.299722408529
1000
-737.033801151961
0
621.009395747385
1000
0
0
0.00942922244576039
0
0
1000
722.395225153859
0
0
0
0
0
-4.1559352686927
0
0
0
0
0
0
4.16034780165103
0.172088785373489
-528.944531636521
0
0
0
0
0
0
0
0
1000
995.839652198349
1000
0
0
0
-1000
0
1000
0
0
0
0
0
0
0
0
0
0
1000
0
0
0
-1000
0
989.292352222048
0.487340765197224
0
0
0
0
10.2203070127544
0
1000
0
0
0
-1000
0
0
0
0
0
0
0
0
0
0
0
0
-1000
0
1000
-0.26916451045588
-1000
-14.0573973042573
1000
1000
0
-1000
-1000
-1.02147354483861
1000
-2.28534345035041
9.48929586495854
-0.731011147795812
1000
0
-1000
1000
0
332.650844837694
-39.8603658411098
0
0.189738917206608
0
-0.189738917206569
0
0.00188365419357129
0
0
0
0
0
0
0
0
0
0
0
0
0
0
0
0
0
1000
0
1000
0.4961658311138
0
0
0.172088785373489
0
-0.189738917206569
0
-0.731011147795812
0
0
0.731011147795812
2.28534345035037
0
0
0
9.48929586495854
0
0
-1000
0
0
0
1000
0.731011147795812
0
-1000
-1.02147354483861
0
9.49307412482339
0
0
0
0
0
0
0
0
0
0
0
0
0
0
0
2.43670382598612
0
10.2578842711925
0
0
0
0
9.48929586495854
0
0
0
-240.299108303604
-1000
-999.995587467042
-1000
-1000
1000
0
353.429613911164
-1000
18.5923723482484
1000
-999.512659234803
1000
1000
1000
9.48929586495854
-1000
0
0
0
0
-1000
9.48929586495854
-1000
-1000
-1000
0
1000
0
0
1000
1000
0
0
0
0
0
0
1.02147354483863
-1000
1000
0
-1000
1000
-1000
-1000
1000
111.983735291792
-1000
1000
1000
0
-112.47107605699
1000
-1000
-1000
1000
0
-1000
-1000
-17.134762585615
-1000
1000
1000
0
471.055468363479
0
-1000
1000
1.9537755937472
0
0
-0.172088785373489
0
0
0
1000
0
0
0
0
-31.0900410092303
0
0
0
0
0
0
0
0
0
0
0
0
0
0
0
0
0.00377825986501218
0
999.96977392108
-38.1772579707318
-961.792515950348
0
0
961.792515950348
0
0
0
0
0
0
0
0
0
0
0
0
0
0
0
0
0
0
0
0
0
0
0
0
0
0
0
0
0
0
0
0
0
0
0
0
0
0
0
0
0
0
1000
1000
0.110313323957371
0.110313323957371
0
-502.437540809447
0
0
0
-0.0302260789201227
0
0
0
0
0
0
0
0
0
0
0
-546.783288230678
0
0
0
0
0
0
0
0
0
0
0
0
0
0
0
0
0
0
0
0
0
0
0
0
0
0
0
0
0
0
0
0
0.172088785373435
0
0
0
-1000
0
0
0
0
0
0
1000
0
0
0
0
0
0
0
0
0
0
0
0
0
0
0
0
0
0
0
0
0
0
0
0
21.6907325614636
0
0
0.172088785373435
0
0
0
0
0
0
0
0
0
742.643327174766
0
0
0
0
0
0
0
0
0
0
0
0
0
0
0
0
0
0
0
0
0
0
0
0
0
0
0
0
0
0
0
0
0
-1000
0
0
0
0
0
0
0
0
0
0
0
0
0.0113347795950366
0.0113347795950366
0.156975745913386
0
0.0113347795950366
0
0
0
0
0
0
0
0
0
0
0
0
0
0
0
0
0
0
0
0
0
0
1000
0
0.00441253295829321
0
0
0
0
0.798668465451072
0.798668465451072
0
539.335949078188
0
0
0
0
0
0
0
0
0
0
0
0
0
0
0
0
0
0
0
0
0
0
0
0
0
-1000
0
0
0
-1000
0
0
1000
0
0
0
0
343.606770771269
0
0
343.606770771269
0
0
0
0
0
0
0
0
0
343.606770771269
0
343.606770771269
0
0
0
13.6878643243725
39.0177200136027
24.9401656017036
18.2667228528103
27.0834610831
8.91416075217141
20.8484196826741
38.1409173166678
35.1208191383365
11.1061674945086
21.5303773358457
44.3759587170937
35.0233966164549
10.8138999288637
17.9257440262245
24.842743079822
32.1981434818869
26.0605246033426
4.77370357220108
32.4904110475319
0
0
0
0
0
0
0
0
0
0
0
0
0
0
0
0
0
0
0
0
0
0
0
0
0
0
0
0
0
0
0
0
0
0
0
0
0
0
0
0
0
0
0
0
0
0
0
0
0
0
0
0
0
0
0
0
0
0
0
0
0
0
0
0
0
0
0
0
0
0
0
0
0
0
0
0
0
0
0
0
0
0
0
0
0
0
0
0
0
0
0
0
0
0
-1000
0
0
0
0
-1000
-1000
1000
1000
0
0
0
0
61.8404964330385
452.913542920081
0
-31.0900410092303
-515.182055050074
-514.912890539618
-1000
0
-453.246937848242
546.783288230678
33.5111804553776
513.118330773548
1000
514.762864419036
1000
0
-61.8404964330385
547.086457079919
0
-1000
-1000
-1000
0
0
0
546.783288230678
546.783288230678
453.246937848242
0
0
0
0
0
0
0
0
0
0
0
0.00377825986504376
269.140730785886
1000
1000
0
0
0.00156651764693078
2.51321843378861
5
0
0
0
0
0
0
250
0
226.620284145285
0
0
-0.0101478175380407
0
0
0
0
-0.0101478175380407
444.453782933755
268.070139862803
72.3362210789257
-0.0101478175380407
0.0101478175380407
-0.0101478175380407
-3.80956502736137
0
-0.634238596125783
0
-1000
-3.9297423415951
0.0101478175380407
-0.0101478175380407
-0.0101478175380407
0.0101478175380407
-0.0101478175380407
0.0101478175380407
-0.0101478175380407
-0.0101478175380407
-0.0101478175380407
-0.0101478175380407
-0.0101478175380407
-0.0101478175380407
-0.0101478175380407
-0.0101478175380407
-0.0101478175380407
-0.0101478175380407
-0.0101478175380407
-0.213104168298287
-0.0643643177746753
-0.29174975421779
-0.294286708602385
-0.149680308685674
0.0101478175380407
0.0101478175380407
-0.709051578756885
0.0101478175380407
0.0101478175380407
0.0101478175380407
0.0101478175380407
-4.85826764632316
-0.0735716771505395
-0.545445192668126
-2.74752159841671
-0.0317391015180419
0.0101478175380407
0.0101478175380407
0.0964042666111027
0.0101478175380407
0.0101478175380407
-0.0101478175380407
0
0
0
0
0
0
0
0
0
0
0
0
0
0
0
0
0
0
0
0
0
0
0
0
0
0
0
0
0
0
0
0
0
0
0
0
0.000940458162062896
0
0
0
0
0
0
0
0
0
0
0
0
0
0
0
0
0
0
0
0
0
0
0
0
0
0
0
0
0
0
0
0
0
0
0
0
0
0
0
1000
0
0
0
0
0
0
0.0101478175380119
0
0
0
0
0
0
0
0
0
0
0
0
0
0
0
0
0
0
0
0
0
0
0
0
0
0
0
0
0
0
0
0
0
0
0
0
0
0
0
0
0
0
0
0
0
0
0
0
0
0
0
0
0
0
0
0
0
0
0
0
0
0
0.0101478175380119
0.0101478175380119
0.0101478175380119
0
0
0
0
0
0
0
0
0
0
0
0
0
0
0
0
0
0
0
0
0
0
0
0
0
0
0
0
0
0.0101478175380119
0.0101478175380119
0.0101478175380119
0
0
0
0
0
0
0.0101478175380119
0
0
0
0
0
0
0
0
0
0
0
0
0
0
0
0
0
0
0
0
0
0
0
0
0
0
0
0
0
0
0
0
0
0
0
0
0
0
0
0
0
0
0
0
0
0
0
0
0
0
0
0
0
0
0
0
0
0
0
0
0
0
0
0
0
0
0
0
0
0
0
0
0
0
0
0
0
0
0
0
0
0
0
0
0
0
0
0
0
0
0
0
0
0
0
0
0
0
0
0
0
0
0
0
0
0
0
0
0
0
0
0
0
0
0
0
0
0
0
0
0
0
0
0
0
0
0
0
0
0
0
0
0
0
0
0
0
0
0
0
0
0
0
0
0
0
0
0
0
0
0
0
0
0
0
0
0
0
0
0
0
0
0
0
0
0
0
0
0
0
0
0
0
0
0
0
0
0
0
0
0
0
0
0
0
0
0
0
0
0
-1000
0
0
0
0
0
0
0
0
0
0
0
0
0
0
0
0
0
0
0
0
0
0
0
0
0
0
0
0
0
0
0
0
0
0
0
0
0
0
0
0
0
0
0
0
0
0
0
0
0
0
0
0
0
0
0
0
0
0
0
0
0
0
0
0
0
0
0
0
0
0
0
0
0
0
0
0
0
0
0
0
0
0
0
0
0
0
0
0
0
1000
1000
0
0
0
0
0
0
0
0
0
0
0
0
0
0
0
0
0
-1000
0
-1000
0
0
0
0
0
0
0
1000
1000
0
0
0
0
0
0
0
0
0
0
0
0
0
0
0
0
0
-1000
0
0
0
0
0
0
0
0
0
0
0
0
0
0
0
0
0
0
0
0
0
0
0
0
0
0
0
0
0
0
0
0
0
0
0
0
0
0
0
0
0
0
0
0
0
0
0
0
0
0
0
0
0
0
0
0
0
0
0
0
0
0
0
0
0
0
0
390.022709088206
0
0
0.0101478175380407
0
1000
0
0
0
0
450.655340754961
-72.3463688964639
268.070139862803
0
0
0
0.000940458162062896
3.91959452405706
0
-996.080405475943
999.989852182462
0
0
0
0
0
0
0
0
0
0
0
0
0
-1000
0.000940458162062896
0
0
0
0.00377825986504376
0
0
0
0
0
0
0
-0.00377825986504376
0
0
0
0
0
250
-1000
0
0
0
0
-165.35500721639
1000
-0.0226695591900352
0
0
0.0101478175380407
-0.0101478175380407
0
0
0.367858385752925
-0.367858385752925
1000
0
0
0
0
0
1000
0
-299.344659245039
-700.655340754961
-1000
0
-226.13567460235
-268.070139862803
-1000
0
0
0
0
0
-1000
0
-3.91959452405706
0
0
0
-996.080405475943
996.080405475943
-1000
0
0
0
-1000
0
0
0
-1000
0
0
0
0
0
0
0
0
0
0
0
0
0
0
0
0
0
0
0
-1000
1000
-1000
0
-1000
0
-1000
0
-1000
0
0
0
0
0
0
0
0
0
-1000
0
1000
0
-1000
0
-1000
0
-1000
0
-1000
0
0
0
0
0
0
0
0
0
0
0
-1000
250
-250
0
0
0
0
0
0
0
0
0
0
0
0
0
0
0
0
0
0
0
0
0
0
0
0
0
0
0
0
0
0
0
0
0.000940458162062896
-0.000940458162062896
0
0
0
0
0
0
0
0
0
0
0
0
0
0
0
0
0
0
0
0
0
0
0
0
0
0
0
0
0
0
0
0
0
0
0
0
0.000940458162062896
-0.000940458162062896
0
0
0
0
0
0
-0.00377825986504376
-0.00377825986504376
0
0
0
0
0
0
0
0
0
0
0
0
0
0
0
0
0.00377825986504376
0.00377825986504376
0
0
0
0
0
0
0
0
0
0
0
0
0
0
0
0
0
0
0
0
0
0
0
0
0
0
0
0
0
0
0
0
0
0
0
0
1000
0
0
0
0
0
0
0
0
0.00377825986501218
0
0
0
0
0
0
0
0
11.5453327085575
0
0
0
0
0
0
0
0
0
0
0
0
0
0
0
0
0
0
0
0
0
0
0
0
0
0
0
0
0
0
0
0
0
0
0
0
0
0
0
0
0
0
0
0
0
0
0
0
0
226.998290348575
226.998290348575
226.998290348575
0
0
0
0
0
0
0
0
0
0
0
0
0
0
0
0
0
0
0
0
0
0
0
0
0
0
0
0
0
0
0
0
0
0
0
0
0
0
0
0
0
0
0
0
0
0
0
0
0
0
0
0
0
0
0
0
0
0
0
0
0
0
0
0
0
0
0
0
0
0
0
0
0
0
0
0
0
0
0
0
0
0
0
0
0
0
0
0
0
0
0
0
0
0
0
0
0
0
0
0
0
0
0
0
0
0
0
0
0
0
0
0
0
0
0
0
0
0
0
0
0
0
0
0
0
0
0
0
0
0
0
0
0
0
0
0
0
0
0
0
0
0
0
0
0
0
0
0
0
0
0
0
0
0
0
0
0
0
0
0
0
0
0
0
0
0
0
0
0
0
0
0.00377825986501218
0.00377825986501218
0.00377825986501218
0.00377825986501218
0.00377825986501218
0
0
0
0
0
0
0
0
0
0
0
0
0
0
0
0
0
0
0
0
0
0
0
0
0
0
0
0
0
0
0
0
0
0
0
0
0
0
0
0
0
0
0
0
0
0
15.4656551444941
15.4656551444941
-15.4656551444941
5.14640244181301
-2.57131209097395
2.571312090974
2.571312090974
2.571312090974
2.571312090974
2.571312090974
2.571312090974
2.571312090974
2.571312090974
2.571312090974
2.571312090974
2.571312090974
0
2.57131209097395
2.571312090974
2.571312090974
2.571312090974
2.571312090974
2.571312090974
2.571312090974
0
0
0
2.571312090974
0
2.571312090974
2.56377747419972
0
0
0
0
0
0
0
0
0
0
0
0
0
0
0
0
15.4656551444941
15.4656551444941
5.14640244181301
5.14640244181301
0
0
0
0
0
0
0
0
0
0
0
0
0
0
0
0
0
0
0
0
0
0
0
0
0
0
0
0
0
0
0
0
0
0
0
0
0
0
0
0
0
0
0
0
0
0
0
0
0
0
0
0
0
0
0
0
0
0
0
0
0
0
0
0
0
0
0
0
0
0
0
0
0
0
0
0
0
0
0
0
0
0
0
0
0
0
0
0
0
0
0
0
0
0
0
0
0
0
0
0
0
0
0
0
0
0
0
0
0
0
0
0
0
0
0
0
0
0
0
0
0
0
0
0
0
0
0
0
0
0
0
0
0
0
0
0
0
0
0
0
0
0
0
0
0
0
0
0
0
0
0
0
0
0
0
0
0
0
0
0
0
0
0
0
0
0
0
0
0
0
0
0
0
0
0
0
0
0
0
0
0
0
0
0
0
0
0
0
0
0
0
0
0
1.237476843846
0.00377825986501218
0.00377825986501218
0
0
0
0
-0.00377825986504376
0
0
0
0
1.23369858398099
0
998.766301416019
0
0
0
0
0
0
0
0
0
0
0
0
0
0
0
0
0
0
0
0
0
0
0
0
0
0
0
0
0
0
0
0
0
0
0
0.00377825986501218
0
0
0
0
0
0
0
0
0
0
0
0
0
0
0
0
0
0
0
0
0
0
0
0
0
0
0
0
0
0
0
0
0
0
0
0
0
0
0
0
0
0
0
0
0
0
0
0
0
0
0
0
0
0
0
0
0
0
0
0
0
0
0
0
0
0
0
0
0
0
0
0
0
0
0
0
0
0
0
0.00377825986501218
0
0
0
0
0
0
0
1.62910899344817
0
0
0
1.02147354483863
1.02147354483863
1.02147354483863
0
0
0
10.1521550533468
0
0
1.39695591507575
0
0
10.1521550533468
0.00377825986501218
0
0
0
0
-1.39695591507575
1.39695591507575
0
0
0
0
0.383557259919643
0
11.3896318971928
0
0
0
0.232153078372415
0
0.232153078372415
0
11.3896318971928
11.3896318971928
0
0
0
0
0
0
0
0
0
0
0
0
0
0
-11.5453327085575
0
0
0
0
0
0
0
0
0
0
0
0
0
0
0
0
0
0
0
0
0
0
0
0
0
0
0
0
0
0
0
0
0
0
0
0
0
0
0
0
0
0
0
0
0
0
0
0
0
0
0
0
0
0
0
0
0
0
0
0
0
0
0
0
0
0
0
0
0
0
0
0
0
0
0
0
0
0
0
0
0
0
0
0
0
0
0
0
0
0
0
0
0
0
0
0
0
0
0
0
0
0
0
0
0
0
0
0
0
0
0
0
0
0
0
0
0
0
0
0
0
0
0
0
0
0
0
0
0
0
0
0
0
0
0
0
0
0
0
0
0
0
0
0
0
0
0
0
0
0
0
0
0
0
0
0
0
0
0
0
0
0
0
0
0
0
0
0
0
0
0
0
0
0
0
0
0
0
0
0
0
0
0
0
0
0
0
0
0
0
0
0
0
0
0
0
0
0
0
0
0
0
0
0
0
0
0
0
0
0
0
0
0
0
0
0
0
0
0
0
0
0
0
0
0
0
0
0
0
0
0
0
0
0
0
0
0
0
0
0
0
0
0
0
0
0
0
0
0
0
0
0
0
0
0
0
0
0
0
0
0
0
0
0
0
0
0
0
0
0
0
0
0
0
0
0
0
0
0
0
0
0
0
0
0
0
0
0
0
0
0
0
0
0
0
0
0
0
0
0
0
0
0
0
0
0
0
0
0
0
0
0
0
0
0
0
0
0
0
0
0
0
0
0
0
0
0
0
0
0
0
0
0
0
0
0
0
0
0
0
0
0
0
0
0
0
0
0
0
0
0
0
0
0
0
0
0
0
0
0
0
0
0
0
0
0
0
0
0
0
0
0
0
0
0
0
0
0
0
0
0
0
0
0
0
0
0
0
0
0
0
0
0
0
0
0
0
0
0
0
492.549057145117
0
492.549057145117
0
0
492.549057145117
0
0
0
492.549057145117
0
0
0
0
0
0
0
0
0
0
0
0
0
0
0
0
0
0
0
0
0
0
0
0
0
1000
0
0
0
0
0
0
0
0
0
0
0
0
0
0
0
0
0
0
0
0
0
0
0
0
0
0
0
0
0
0
0
0
0
0
0
0
0
0
0
-492.549057145117
0
0
0
492.549057145117
0
0
0
0
0
0
0
0
0
0
0
0
0
0
0
0
0
0
0
0
0
0
0
0
0
0
0
0
0
0
0
0
0.172088785373435
0.172088785373435
0
0
0
0.172088785373489
0
0.172088785373435
0
0
0
0.0264751977497593
0
0
0
0
0
0
0
0
0
0
0
0
1.04135777815754
0
0
0
0
0
0
1.04135777815754
1.04135777815754
1.04135777815754
1.04135777815759
0
0
0
0
0
0
0
0
0
0
0
0
0
0
0
0
0
0
0
0
0
0
0
0
0
0
0
0
0
0
0
0
0
0
0
0
0
0
0
0
0
0
0
0
0
0
0
0
0
0
0
0
0
0
0
0
0
0
0
0
0
0
0
0
0
0
0
0
0
0
0
0
0
0
0
0
0
0
0
0
0
0
0
0
0
0
0
1000
1000
-1000
0
0
0
-750.279917163901
1000
750.279917163901
431.971723245577
64.8597247971802
0
0
-1000
999.268988852204
0
0
0
0
0
0
0
0
0
0
0
0
0
0
0
0
0
0
0
0
0
0
0
0
0
0
0
0
0
0
0
0
0
0
0
0
0
0
0
0
-1000
0
0
13.1709043746537
0
0
0
0
0
0
0
0
0
0
0
0
-999.996221740135
999.996221740135
1000
999.996221740135
1000
-1000
-1000
0
0
0
0
0
0
0.00377825986504376
0
0
0
0
0
0.0302260789200975
0.0151130394600487
0.00377825986501218
0.00377825986501218
0.00377825986501218
0.00377825986501218
0
0
0
0
0
0
0
0
0
0.0150801850264399
0
0.00377825986501218
0
1000
0.00188365419357129
0.00188365419357129
0.00377825986504376
0
0.0131965308328686
0.00188365419357129
0.00566191405861506
-0.00188365419353431
0.00188365419357129
0.00188365419357129
0.00188365419357129
0.00188365419357129
0.00188365419357129
-0.00188365419353431
-0.00376730838718231
-0.0245422619058218
0.00188365419357129
0.00188365419357129
0.00188365419353431
0.00188365419357129
-0.00566191405857808
-0.020764002040778
0.00377825986504376
0.00188365419357129
0.00188365419357129
0.00377825986501218
0.00377825986501218
-0.00377825986504376
-0.00377825986504376
0.00377825986504376
0.00377825986504376
0.00188365419357129
0.00188365419357129
0.00188365419357129
0.00188365419357129
-0.00566191405857808
-999.996221740135
0
0
0
0
0
0
-1000
0
0
0
0.00377825986501218
0
0
0
0
0.00188912993250609
0.00377825986504376
0.00377825986504376
0
0.00377825986501218
0
0
0
0
0
-0.00377825986504376
0
0
0.00753461677428516
0.00188365419357129
0.00565096258071387
0.00188365419357129
-0.00188365419353431
0.00188365419357129
0.00188365419357129
0.00188365419357129
0.00188365419357129
0.00188365419357129
0.00188365419357129
0.00376730838714258
0.00188365419357129
0.00188365419357129
0.00188365419357129
0.00188365419357129
0.00188365419357129
0
0.00188365419357129
0.00377825986501218
0.00377825986501218
0.00377825986501218
0.00377825986501218
0.00377825986501218
0.00377825986501218
0.00377825986501218
0.00377825986501218
0.00377825986501218
0.00377825986501218
0.00377825986501218
0.00377825986501218
0.00377825986501218
0.00377825986501218
0
0
0
0
0
0
0
0
0
0
0
0
-0.00377825986504376
0
0
0
0
0
0
0
0
0
0
0
0
0
0
0
0
0
0
0
0
0
0
0
0
0
0
0
0
0
0
0
0
0
0
0
0
0
0
0
0
0
0
0
0
0
0
0
0
0
0
0
0
0
0
0
0
0
0
0
0
0
0
0
0
0
704.708213706991
500
0
0
0
0
0
0.00377825986501218
0
0
0
0
0
0
0
0
0
0
0
0
0
0
0
0
0
0
0
0
0
-257.395885504369
0
0
0
-250
0
-226.620284145285
0
0
0
0.0101478175380119
0
0
0
0
0
0
0
0
0
0.0101478175380119
0
0
444.453782933755
0
0
0
72.3362210789258
0.0101478175380119
0
0.0101478175380119
0
0.0101478175380119
0
3.8095650273614
0
0
0
0.634238596125742
0
0
0
0
0
3.92974234159509
0
0.0101478175380119
0
0.0101478175380119
0
0.0101478175380119
0
0.0101478175380119
0
0.0101478175380119
0
0.0101478175380119
0
0.0101478175380119
0
0.0101478175380119
0
0.0101478175380119
0
0.0101478175380119
0
0.0101478175380119
0
0.0101478175380119
0
0.0101478175380119
0
0.0101478175380119
0
0.0101478175380119
0
0.0101478175380119
0
0.0101478175380119
0
0.213104168298249
0
0.0643643177746261
0
0.291749754217841
0
0.294286708602344
0
0.149680308685675
0
0.0101478175380119
0
0.0101478175380119
0
0.709051578756837
0
0.0101478175380119
0
0.0101478175380119
0
0.0101478175380119
0
0.0101478175380119
0
4.85826764632318
0
0.073571677150586
0
0.545445192668138
0
2.74752159841671
0
0.0317391015180293
0
0.0101478175380119
0
0.0101478175380119
0
0.0964042666111127
0
0.0101478175380119
0
0.0101478175380119
0
0.0101478175380119
0
0
-1000
0
0
-1.23369858398098
1000
0
0
0
0
0
-0.00377825986504376
1000
0
0
-1000
1000
1000
0
-1.39695591507575
0.172088785373489
-1000
-1000
0
0
1000
0
0
0
0
0
-347.912244881069
1000
-11.3896318971928
0
0
0
-1000
1000
-0.00377825986504376
0
0
-3.30681699518902
1000
0
0
0
0
-90.0602863074109
990.690349440145
1000
341.968051917279
-1000
-1000
0
10.7683874120839
1000
0
-1000
0
0
1000
0
26.3252653878328
-1000
0
955.17396292116
0
0
-1000
1000
1000
1000
0
0
0
0
0
0
53.0815288599121
0
0
0
0
0
0
0
0
0
0
0
0
0
0
0
1000
576.118291835997
0
0
0
1000
0
0
0
0
0
0
0
0
0
1000
-1000
449.686887273491
-989.02283635168
1000
-1000
-1000
-1000
-1000
1000
-1000
-1000
-1000
-1000
1000
1000
-1000
-1000
1000
1000
-1000
-987.546765683468
-1000
-1000
-1000
1000
1000
1000
1000
-1000
-1000
-1000
-1000
-1000
-1000
1000
-1000
-30.415632210421
1000
1000
1000
1000
-1000
-435.660853946317
-1000
-1000
-1000
-1000
-1000
1000
-1000
-1000
-1000
1000
-1000
-1000
-1000
-1000
-1000
-1000
-1000
-1000
-1000
-1000
-1000
-1000
-1000
-1000
-1000
-1000
1000
-1000
-27.7725873911604
1000
1000
-1000
-1000
-1000
-1000
-1000
-1000
1000
0
1000
13.9299193639854
1000
-1000
1000
-1000
1000
1000
1000
-1000
-987.904041037889
1000
1000
1000
1000
-1000
-1000
-1000
1000
0
-1000
-1000
0
-1000
-1000
1000
1000
1000
-1000
1000
1000
1000
1000
-1000
-1000
1000
-986.829095625346
-1000
1000
-1000
961.822742029268
1000
-1000
-1000
0
0
0
0
0
0
0
0
0
0
0
0
0
0
0
0
0
0
0
0
0
0
0
0
0
0
0
0
0
0
0
0
0
0
0
0
0
0
0
0
0
0
0
0
0
0
0
0
0
0
0
0
0
0
0
0
0
0
0
0
0
0
0
0
0
0
0
0
0
0
0
0
0
0
0
0
0
0
0
0
0
0
0
0
0
0
0
0
0
0
0
0
0
0
0
0
0
0
0
0
0
0
0
0
0
0
0
0
0
0
0
0
0
0
0
0
0
0
0
0
0
0
0
0
0
0
0
0
0
0
0
0
0
0
0
0
0
0
0
0
0
0
0
0
0
0
0
0
0
0
0
0
0
0
0
0
0
0
0
0
0
0
0
0
0
1000
0
0
0
0
0
0
0
0
0
0
0
0
0
0
0
0
0
0
0
0
0
0
0
0
0
0
0
0
0
0
0
0
0
0
0
0
0
0
0
0
0
0
0
0
0
0
0
0
0
0
0
0
0
0
0
0
0
0
0
0
0
0
0
0
0
0
0
0
0
0
0
0
0
0
0
0
0
0
0
0
0
0
0
0
0
0
0
0
0
0
0
0
0
0
0
0
0
0
0
0
0
0
0
0
0
0
0
0
0
0
0
0
0
0
0
0
0
0
0
0
0
0
0
0
0
0
0
0
0
0
0
0
0
0
0
0
0
0
0
0
0
0
0
0
0
0
0
0
0
0
0
0
0
0
0
0.00377825986501218
0
0
0
0
1000
1000
-1000
1000
1000
1000
1000
1000
-1000
-1000
1000
-1000
-1000
1000
1000
1000
-1000
-1000
-998.49973879418
-1000
1000
1000
0.0301932244864247
-743.675165380785
-1000
-1000
-1000
-1000
1000
-1000
-1000
-1000
-1000
-1000
1000
-999.969806775514
1000
-1000
741.103853289811
-1000
-1000
1000
1000
-1000
1000
1000
-1000
-1000
257.395885504369
-1000
1000
-1000
-1000
-1000
-1000
0
0
0
0
0
0
0
1000
0
-1000
0
0
0
0
1000
0
-1000
-1000
-0.496165831113785
0
0
0
0
63.3635169695126
646.044531266655
1000
0
0
0
0
0
0
0
0
0
-0.00377825986504376
0.00377825986501218
0
0
-0.00377825986504376
-0.00377825986504376
0
0
0
871.609964863751
0
0
0
0
0
0.0226257532785947
0
0
0
0
0
0
0
0
0
0
0
341.312253632956
0
0
128.390035136249
0
0
0
0
0.00377825986501218
0
0
1000
-503.176108476973
0.731011147795812
-497.554902670823
-1000
0
0
0
0
0.383557259919598
0
0
0
0
0
0
0
0
0
0
0
0
0
1000
0
0
0
1000
0
-238.586603691157
238.586603691157
0
0.00377825986501218
0
0
0
0
224.64125405276
0
0
0
0
0
-1000
0
0
0
0
0
0
0
0
0
0
0
0
0
0
0
0
0
0
0
0
0
0
0
0
0
0
0
0
0
1000
0
1.04135777815754
0.00377825986501218
0
0
0
0
1000
0
0
0
-226.620284145285
0
2.04294708967725
0
0
0
-492.549057145117
0
0.00565096258071387
1000
0
-961.792515950348
0
0
0
0
0
0
0
-0.0302260789201227
0.00377825986501218
0
0
700.59115582178
-33.6347313782097
0
224.577337055607
1000
0
0
1000
0.15002612058197
1000
0
0
0
0
0
9.49307412482335
0
0
1000
0
0.0396553013657339
0
0
1000
0.0302260789201227
0
-1000
0
0
-1000
0.00377825986501218
-1000
1000
0
0
0
0
0
0
0
0
668.600958089058
0
0
-1000
999.580809368962
0
0
0
38.1376026693661
0
0
0
0
0
0
0
0
-0.350779486655824
0
998.046224406253
0
0
0
0
0
0
0
0
0
0
1.02147354483863
0
0.00377825986501218
-0.00377825986504376
0.00377825986501218
0.00377825986501218
0
0
0.00377825986504376
1000
0
-9.48929586495854
1.02147354483861
0
0
-0.0113347795950176
1.9537755937472
1000
-1000
-1000
990.510704135042
1000
0
0
-1000
1000
-1000
1.9537755937472
0
0
0
0
0
0
0
0
0
0
0
0
0
0
0
0
0
0
0
0
0
0
0
0
0
0
0
0
0
0
0
0.00188365419357129
0
1000
0
0
0
0
0
0
0.00377825986501218
0
0
0
0
0
0
0
0
0
0
-1000
0
0
0
0
0
0
0
0
0
0
0
0
0
1000
0
0
0
1000
0
0
0
0
0
0
0
0
0
0
0
0
0
0
0
0
0
0
0
0
0
0
0
0
0
0
0
2.43670382598611
0
0
0
0
0
0
0
0
0
0
0
0
0
0
0
0
0
0
0
0
0
0
0
0
0
0
0
0
0
0
0
0
0
0
0
0
0
0
0
0
0
0
0
0
0
0
0
0
0
0
0
0
0
0
0
0
0
0
0
0
0
0
0
0
0
0
0
0
0
0
0
0
0
0
0
0
0
0
0
0
0
0
0
0
0
0
0
0
0
0
0
0
0
0
0
0
0
0
0
0
0
0
0
0
0
0
0
0
-999.986814420645
0
0.00188365419353431
0
0.0207311476071936
0
0
-0.0131855793549676
0
1000
0.0169638392200113
0
0
0
0
0
0
0
0
0
0
0
0
0
0
0
0
0.00377825986501218
0.00377825986501218
0.00377825986501218
1000
-1000
0
-165.35500721639
-1000
0
0
0
0
0
-1000
-38.1376026693661
0
0
0
0
0
0
0
0
0
0
-1000
0
927.653631103536
-72.3463688964639
-494.205814465153
-1000
-1000
-996.080405475943
-1000
-1000
0
0
0
0
0
0
0
0
0
0
-1000
0
1000
0.413838096229088
0.00377825986501218
0.00377825986501218
0.00377825986501218
0.00377825986501218
0.00377825986501218
0
0
0
1000
0.55559301020615
0
0
0
0
0
0
0
0
0
0
0
0
0
0
-1000
0
0
0
0
0
0
1000
-999.989852182462
0
1000
0
0
-1000
0
0
0
0
0
0
0
0
0
250
0
0
0
0
0
0
0
0
0
0
0
0
0
0
0
0
0
0
0
0
0
0
0
0
0
0
0
0
0
0
0
0
0
0
0
0
0.00377825986501218
-1000
0
0
0
0
0
0
0
0
0
-1000
0
0
0
0
0
0
0
1000
-1000
-1000
-1000
-1000
1000
0
0
0
0
0
0
-128.390035136249
-1000
-1000
128.390035136249
0
0
0
999.97733044081
4.23300173108423
0
0
0
0
0.607635448609539
0.607635448609539
-961.856746368053
-999.984930766451
0
0
0.00188912993250609
0
0
0
0
0
1000
0
0
0
0
0
0
0
1000
0.00377825986501218
0
0
0
0
0
0
0
0
-1000
1000
0
0
1000
0
0
0
1000
0
0
0
0
0
-700.655340754961
0
-1000
-250
0
0
-1000
-1000
0
0
0
0
0
0
1000
0
0
0
0
0
0
0
-750
0
0
0
0
-1000
-1000
0
0
-606.751636590103
0
0
0
0
0.000940458162051945
0
0
0
0
0
0
0
0
0
988.556928541294
0
1000
0
0
0
0
0
0
0
0
0
-1000
1000
668.600958089058
-1000
1000
-1000
-330.979851279904
0
0
0
0
0
0
0
0
0
-1000
0
0
-1000
0.00188365419357129
0.00188365419357129
0
504.148511236218
0
-492.549057145117
268.070139862803
0
0
0
0
0
0
0
0
0
0
0
0
0
0
0
0
0
0
0
0
0
0
0
0
0
0.00377825986504376
0
0
0
0
0
0
0
0
0
0
0
0
0
0
0
0
0
0
0
0
0
0
0
0
0
0
0
0
0
0
0
0
0
0
0
0
0
0
0
0
0
0
0
0
0
0
-1000
0
-1000
0
0
0
0
0
0
-1000
0
0
0
0
0
0
0
0
0
0
0
999.632141614247
0
0
0
0
0
0
0
0
0
0
0
0
0
1000
0
0
0
-1000
0
0
0
0
0
0
0
0
0
0
0
0
0
0
0
0
0
0
0
0
0
0
0
0
0
0
0
0
0
0
0
0
0
0
0
0
0
0
226.620284145285
0
0
0
0
0
0
0
0
0
0
0
0
226.630431962823
0
0
0
0
0
0
0
0
0
0
0
0
0
0
0
0
0
0
0
0
0
0
0
0
0
0
0
0
0
0
0
0
0
0
0
0
0
0
0
0
0
0
0
0
0
0
0
0
0
0
0
0
0
0
0
0
0
0
0
0
0
0
0
0
0
0
0
0
0
0
0
0
0
0
0
0
0
0
0
0
0
0
0
0
0
0
0
0
0
0
0
0
0
0
0
0
0
0
0
0
0
0
0
0
0
0
0
0
0
0
0
0
0
0
0
0
0
0
0
0
0
0
1000
0
0
0
0
-1000
0
0
0
0
0
0
0
0
0
0
0
0
0
0
0
0
0
0
0
0
0
540.336465249129
0
207.003131915795
0
0
40.3335235604895
0
978.309267438536
-1000
21.862821346837
0.156975745913428
0
0
-1000
-1000
0
0
0
0
775.332298128184
0.0226695591900731
0
0
0
0
0
0
0
0
0
0
0
0
0
0
0
0
0
0
0
0
0
0
0
0
0
0
0
0
0
0
0
0
0
0
0
0
0
0
0
0
0
0
0
0
0
0
0
0
0
0
0
0
0
0
0
0
0
0
0
0
0
0
0
0
0
0
0
0
0
0
0
0
0
0
0
0
0
0
0
0
0
0
0
0
0
0
0
0
0
0
0
0
0
0
0
0
0
0
0
0
0
0
0
0
0
0
0
0
0
0
0
0
0
0
0
0
0
0
0
0
0
0
0
0
-978.019544302408
0
0
0
0
0
0
0
0
0
0
0
0
0
0
0
0
0
0
0
0
0
0
0
0
0
0
0
0
0
0
0
0
0
0
0
0
0
0
0
0
0
0
0
0
0
0
-600.535730526053
0
0
0
0
0
0
0
0
0
0
0
0
0
0
0
0
0
0
0
0
0
0
0
0
0
0
0
0
0
0
0
0
0
0
0
0
0
0
0
0
0
0
0
0
0
0
0
0
1000
0
0
0
0
0
0
0
0
0
0
0
0
0
0
0
0
0
0
0
0
0
0
0
0
0
0
0
0
0
0
0
0
0
0
0
0
0
0
0
0
0
0
0
0
0
0
0
0
0
0
0
-483.560643026069
0
0
-978.019544302408
-600.535730526053
1000
-483.560643026069
0
0
0
0
0
0
0
0
0
0
0
0
0
0
0
0
0
268.070139862803
0
0
0
0
0
0
0
0
0
0
0
-1000
0
0
0
0
0.00377825986504376
219.663497555033
-961.856746368053
0
0
0
0
0
0
0
0
0
0
0
0
0
0
0
0
0
0
0
0
0
0
0
0
0
0
0
0
0
0
0
0
0
0
0
0
0
0
0
0
0
0
0
0
0
0
0
0
0
0
0
0
0
0
0
0
0
0
0
0
0
0
0
0
0
0
0
0
0
0
0
0
0
0
0
0
0
0
0
0
0
0
0
0
0
0
0
0
0
0
0
0
0
0
0
0
0
0
0
0
0
0
0
0
0
0
0
0
0
0
0
0
0
0
0
0
0
0
0
0
0
0
0
0
0
0
0
0
0
0
0
0
0
0
0
0
0
0
0
0
0
0
0
0
0
0
0
0
0
0
0
0
0
0
0
0
0
1000
0
0
-0.156975745913428
0
0
0
0
0
0
0
1000
0.00377825986504376
0
0
0
1000
0
0
0
0
0
0
0
0
0
0
0
0
0
0
0
0
1000
-1000
0
0
0
0
0
0
0
0
0
0
0
0
0
0
0
0
0
0
0
0
0
0
0
0
0
0
0
0
0
0
0
0
0
0
0
0
0
0
0
0
0
0
0
0
0
0
0
0
0
0
0
0
0
0
0
0
0
0
0
0
0
0
0
0
0
0
0
0
0
0
0
0
0
0
0
0
0
0
0
0
0
0
0
0
0
0
0
0
0
0
0
0
0
0
0
0
0
0
0
0
0
0
0
0
0
0
0
0
0
0
0
0
0
0
0
0
0
0
0
0
0
0
0
1000
500
91.2623155800044
0
0
0
-1.02147354483861
0
0
487.112609408274
20.187224206297
44.1253295829321
0.109514778696005
91.2623155800044
0
0
0
0
0
0
0
0
0
-1000
0
-1000
1000
-1000
0
961.856746368053
0
0
0
500
0
-250
0
-25.3695438450296
0
0.0188803478472437
0
0.00377825986501218
0
0
0
0
0
0
0
0
0
0
0
0
0
0
0
0
250
0
226.620284145285
0
0
-90.0602863074109
-4.85826764632316
-0.213104168298287
0
-989.231612587916
-1000
-44.8260370788396
-1000
989.022836351679
-1000
972.22741260884
-488.378471927853
-1000
1000
-1000
0
0
0
0
-1000
-40.6282945433798
-18.3196732483098
-969.584367789579
986.070080636015
528.71667516353
-25.0063535960782
-1000
936.636483030487
468.607727513537
0
0
-57.8890632730413
-1000
0
1000
-0.00377825986504376
0
704.508326972246
-1000
0
0
0
-11.3896318971928
0.383557259919598
0
1000
38.1772579707317
0
0
0
0
0
0
0
0
0
0
13.1671261147886
-13.1709043746537
0
0
0
0
0
0
0
0
0
0
0
341.312253632956
0
0
0
0
-1.5002612058197
0
1000
0
0
1000
-998.766301416019
0
-0.00377825986504376
-0.00377825986504376
-1.04135777815759
0.731011147795812
-0.0226257532785894
0
0
-0.00377825986504376
0
-0.00377825986504376
0
0
0
-0.00377825986504376
0
0
-1000
0
-0.00377825986504376
0
0
0
0
0
0
0
0
0
0
0
0
0
0
0
0
0
496.820113263162
0
0
0
0
0
0
471.055468363479
-9.30965055985484
0
0
0
-743.644972156299
0
1000
0
0
0
-0.00377825986504376
0
0
0
0
-539.335949078188
0
0
0
0
0
0
0
0
0
224.64125405276
-3.30681699518902
-0.496165831113785
-1000
-1000
0
0
0
0
0
0
0
2.57131209097395
0
0
0
0
0
-1000
0
0
0
0
1000
1000
1000
0
0
-1.39695591507575
0
1000
0
0
238.586603691157
0
0
0
0
0
-1000
0
0
0
0
0
-0.0301932244864247
0
0
0
502.445097329177
-1000
1000
0
0
0
0
0
0
0.172088785373489
-1000
341.968051917279
-347.912244881069
0
0
-238.586603691157
0
0
0
0
0
0
0
1000
0
-0.0317391015180419
-0.0101478175380407
-2.74752159841671
-471.055468363479
-0.149680308685674
-0.709051578756885
-0.0964042666111027
-0.545445192668126
-0.29174975421779
0
0
0
444.453782933755
0
-0.0101478175380407
-1000
-0.0101478175380407
-0.0101478175380407
-0.0101478175380407
-0.0735716771505395
0
-0.0101478175380407
-3.80956502736137
0
0
-4.23300173108419
0
0
-0.0101478175380407
-0.0643643177746753
0
-0.0101478175380407
-0.0101478175380407
-0.0101478175380407
-0.0101478175380407
-0.294286708602385
0
-0.634238596125783
0
0
0
-1000
1000
0
0
-1000
1000
-0.00377825986504376
0
750
-750
0
0
0
-528.944531636521
0
0
0
0
0
0
0
0
0
0
0
0
0
0
0
0
0
1000
-1000
-504.148511236218
504.148511236218
504.148511236218
0
-1000
-1000
0
0
0
-0.0101478175380407
-0.0101478175380407
0
0
0
0
1000
-0.156975745913428
21.6907325614636
-21.862821346837
775.332298128184
0.0226695591900352
0
0
0
0
0
1000
0
-1000
0
0
0
0
0
0
0
0
0
0
0
0
0
0
0
0
0
0
0
0
0
0
0
0
0
0
0
0
0
0
0
0
0
0
0
0
0
0
0
0
0
0
0
0
0
0
0
0
0
0
0
0
0
0
0
0
0
0
0
0
0
0
0
0
0
0
0
0
0
0
0
-0.0101478175380407
0
0
0
0
0
0
0
0
0
0
0
0
0
0
0
0
0
0
0
0
0
0
0
0
0
0
0
0
0
0
0
0
0
0
0
0
0
0
0
0
0
0
0
0
0
0
0
0
0
0
0
0
0
0
0
0
0
0
0
0
0
0
0
0
0
0
0
0
0
0
0
0
0
0
0
0
0
0
0
0
0
0
0
0
0
0
0
0
0
0
0
0
0
0
0
0
978.019544302408
0
0
0
0
0
0
0
0
0
0
0
0
0
0
0
0
0
0
0
0
0
0
0
0
0
0
0
0
0
0
0
0
0
0
0
0
0
0
0
0
0
0
0
0
0
0
600.535730526053
0
0
0
0
0
0
0
0
0
0
0
0
0
0
0
0
0
0
0
0
0
0
0
0
0
0
0
0
0
0
0
0
0
0
0
0
0
0
0
0
0
0
0
0
0
0
0
0
-1000
0
0
0
0
0
0
0
0
0
0
0
0
0
0
0
0
0
0
0
0
0
0
0
0
0
0
0
0
0
0
0
0
0
0
0
0
0
0
0
0
0
0
0
0
0
0
0
0
0
0
0
483.560643026069
0
0
0
0
0
0
0
0
0
0
0
0
0.156975745913428
-471.055468363479
1000
0
0
0
-219.663497555033
0
0
0
0
0
0
0
0
0
0
0
0
0
0
0
0
0
0
0
0
0
0
0
1000
0
-1000
0
-1000
-0.00377825986504376
0
0
0
0
0
0
0
0
-1000
0
0
0
0
0
0
0
0
0
0
0
0
0
0
0
0
0
0
0
0
0
0
0
0
0
0
0
0
0
0
0
0
0
0
0
0
0
0
0
0
0
0
0
0
0
0
0
0
-1000
1000
1000
0
-0.0101478175380407
-0.0101478175380407
-0.0101478175380407
-0.0101478175380407
0
-0.0101478175380407
-3.9297423415951
0
-0.0101478175380407
-0.0101478175380407
-0.0101478175380407
-0.0101478175380407
72.3362210789257
-0.0101478175380407
-0.0101478175380407
-0.0101478175380407
-0.0101478175380407
-0.0101478175380407
-0.0101478175380407
-0.0101478175380407
0
-0.0101478175380407
-0.0101478175380407
-0.0101478175380407
0
-1000
91.2623155800045
0
998.766301416019
0
0
0
0
0
