0
0
0
0
0
0
0
37.9290501193045
-1000
0
0
0
0
195.149228985094
1000
0
999.732867108545
-999.732867108545
999.938690811797
0
0.0613091882027923
0
-1000
0.38537204013187
0
1000
-208.007487553063
0
-789.063836199645
0.0252482631162806
92.0018477773726
92.0018477773726
0
0
0
0.0337639816490425
0
0
0
36.7909473304391
0
0
0
0
0
0
0
0
0
0
0
0
0
0
0
0
0
0
0
0
0
0
0
0
0
0
0
0
789.063836199645
0
0
0
0
1000
1000
0
0
0
789.063836199645
0
-1000
0
0
0
0
0
0
0
0
0
0
0
0
0
0
0
0
0
0
0
0
0
0
0
0
0
1000
0
0
0
0
0
0
0
0
39.6851204385417
0
0
0
0
0
0
0
0
0
0
0
0
0
0
907.998152222627
0
0
1000
0
0
0
0
1000
0
0
0
-15.3114249541688
0
0
0
0
0
0
0
0
1000
0
0
596.414119144423
1000
1000
403.57712240012
0
210.740125655816
0
-1000
403.57712240012
598.726351385214
1000
-804.850771014906
0
210.740125655816
1000
0
0
0
0
0
1000
781.060872622696
0
0
0
0
0
-4.12456680542857
0
0
0
0
0
0
182.006767866038
517.641296773868
-1000
0
0
0
1000
0
0
0
0
182.006767866038
0
0
0
0
0
-4.12894603315738
0
-999.995620772271
0
0
0
0
0
0
0
0
0
0
0
67.6644560645984
0
0
-554.152105323888
998.790844050071
0
0
0.483662379971799
0
0
0
0.725493569957735
0
449.97684070927
0
0
0
-1000
0
0
0
0
0
0
0
0
0
0
0
0
-1000
0
1000
-1000
-1000
-1000
1000
-1000
1000
-1000
-13.9512938829037
-1.01376359429923
1000
-2.26809397281204
0
1.93464951988722
1000
1000
-1000
1000
0
0
1000
0
0.188306792337148
0
-0.18830679233713
0
0.00186943661472246
0
0
0
0
0
0
0
0
36.7578444572418
0
445.847894676112
0
0
0
0
0
0
1000
0
1000
0.492420835429341
0
0
1000
0
-0.18830679233713
0
-0.725493569957735
0
0
0.725493569957735
2.26809397281198
0
0
0
0
0
0
0
-997.339856910155
0
0
0
-772.981350660163
0.725493569957735
0
268.901548919878
-1.01376359429923
0
0
0.00374974204689948
0
0
0
0
0
0
0
0
0
0
0
0
-445.847894676112
0
0
0
2.41831189985899
0
10.1804590840506
0
0
0
0
0
0
0
0
773.152140541585
-1000
1000
-1000
-1000
1000
0
-1000
-1000
-1000
0
553.666573507301
1000
0.483662379971747
1000
0
0
0
0
0
0
-1000
0
1000
-1000
-1000
-1000
1000
0
39.7736188795241
1000
-1000
0
0
0
0
0
0
1.01376359429924
-1000
1000
1000
-1000
-0.483662379971747
-1000
-1000
-1000
-1000
1000
-1000
1000
1000
1000
0
-1000
0
1000
-1000
1000
1000
-1000
-1000
487.074370132166
1000
0
0
0
1000
-1000
1.93902874761602
0
0
-517.641296773868
0
0
0
-818.164022015384
1000
0
0
0
-30.8553773905199
0
0
0
0
0
0
0
0
0
0
0
0
0
0
0
0
0
549.257041534994
450.742958465006
-1000
0
1000
0
0
0
0
0
0
0
0
0
0
0
0
0
0
0
0
0
0
0
0
0
0
0
0
0
0
0
0
0
0
0
0
0
0
0
0
0
0
0
1000
1000
1000
0.109480693219325
0.109480693219325
0
-0.0037497420469208
0
0
0
0
0
0
0
0
0
0
0
0
0
0
-531.911379462627
0
0
0
0
0
0
0
0
0
0
0
0
0
0
0
0
0
0
0
0
0
0
0
0
0
0
0
0
0
0
0
0
0
0.17078988142206
0
0
0
-1000
0
554.486705300251
0
554.486705300251
0
0
1000
0
0
0
0
0
0
0
0
0
0
0
0
0
0
0
0
0
0
0
0
0
0
0
0
0
0
0
-698.954866864938
0
0
0.17078988142206
0
0
0
0
0
0
0
0
0
1000
0
0
0
0
0
0
0
0
0
0
0
0
0
0
0
0
0
0
0
0
0
0
0
0
0
0
0
0
0
0
0
0
0
0
0
0
0
0
0
0
0
0
0
0
0
0
0
0
0
0
0
0
0
0
0
0
0
0
0
0
0
0
0
0
0
0
0
0
0
0
0
0
1000
0
0.00437922772877088
0
0
0
0
0.792640218907528
0.792640218907528
0
0
0
0
0
0
0
0
0
0
0
0
0
0
0
0
0
0
0
0
0
0
1000
0
0
0
0
0
-1000
0
0
0
-1000
0
0
-1000
0
0
0
0
2.27719841896086
0
0
2.27719841896086
0
0
0
0
0
0
0
0
0
0
2.27719841896086
0
2.27719841896086
0
0
0
13.58455009028
38.7232192964922
24.7519204491935
18.1288479852491
26.879038612796
8.84687781680158
20.6910585004977
37.8530345932002
34.8557317263057
11.0223395750315
21.3678688252803
44.0410147054986
34.759044537051
10.7322780072675
17.7904428228578
24.6552332599388
31.9551160486658
25.8638231256221
4.73767227347844
32.2451776164298
0
0
0
0
0
0
0
0
0
0
0
0
0
0
0
0
0
0
0
0
0
0
0
0
0
0
0
0
0
0
0
0
0
0
0
0
0
0
0
0
0
0
0
0
0
0
0
0
0
0
0
0
0
0
0
0
0
0
0
0
0
0
0
0
0
0
0
0
0
0
739.201992822263
0
0
0
0
0
0
0
0
0
0
0
0
0
0
249.500434049215
0
0
249.500434049215
0
0
0
0
0
-1000
0
0
0
0
0
-39.6851204385417
-39.6851204385417
1000
1000
0
0
0
0
368.734045835521
0
0
-30.8553773905199
-408.576818472298
-368.891698033757
-1000
0
-560.090468314746
439.909531685254
-560.213086691151
1000
1000
368.742804290978
1000
0
-368.734045835521
1000
0
-1000
-1000
-1000
0
0
0
439.909531685254
439.909531685254
560.090468314746
0
0
0
0
0
0
0
0
0
0
0
-1000
219.952890971604
1000
1000
0
500
250.001554693774
2.51311866275564
5
0
0
0
0
0
0
284.632589053822
0
0
0
0.311302478973857
0
10.3508074258799
-856.952105037861
-0.311302478973857
0.311302478973857
0
172.772875830477
235.941690938605
0.311302478973857
0
0
0
0.00549418726018303
-0.311302478973857
0
0
-1000
-0.622604957947715
-0.311302478973857
0
0
0
0
0
0
0
0
0
0
0
0
0
0
0
0
0
1.94564049358644
0
9.02777189024118
0
0
4.74113126491307
-10.9583318995083
0
0
0
0
0
0
0
0
-0.0205746715794248
0
0
0
0
0
0
0
0
0
0
0
0
0
0
0
0
0
0
0
0
0
0
0
0
0
0
0
0
0
0
0
0
0
0
0
0
0
0
0
0
0
0
0.00549418726018303
0
0
0
0
0
0
0
0
0
0
0
0
0
0
0
0
0
0
0
0
0
0
0
0
0
0
0
0
0
0
0
0
0
0
0
0
0
0
0
1000
0
0
0
0
0
0
0
0
0
0
0
0
0
0
0
0
0
0
0
0
0
0
0
0
0
0
0
0
0
0
0
0
0
0
0
0
0
0
0
0
0
0
0
0
0
0
0
0
0
0
0
0
0
0
0
0
0
0
0
0
0
0
0
0
0
0
0
0
0
0
0
0
0
0
0
0
0
0
0
0
0
0
0
0
0
0
0
0
0
0
0
0
0
0
0
0
0
0
0
0
0
0
0.311302478973833
0.311302478973833
0
0
0
0
0
0
0
0
0
0
0
0
0
0
0
0
0
0
0
0
0
0
0
0
0
0
0
0
0
0
0
0
0
0
0
0
0
0
0
0
0
0
0
0
0
0
0
0
0
0
0
0
0
0
0
0
0
0
0
0
0
0
0
0
0
0
0
0
0
0
0
0
0
0
0
0
0
0
0
0
0
0
0
0
0
0
0
0
0
0
0
0
0
0
0
0
0
0
0
0
0
0
0
0
0
0
0
0
0
0
0
0
0
0
0
0
0
0
0
0
0
0
0
0
0
0
0
0
0
0
0
0
0
0
0
0
0
0
0
0
0
0
0
0
0
0
0
0
0
0
0
0
0
0
0
0
0
0
0
0
0
0
0
0
0
0
0
0
0
0
0
0
0
0
0
0
0
0
0
0
0
0
0
0
0
0
0
0
0
0
0
0
0
0
0
0
0
0
0
0
0
0
-1000
0
0
0
0
0
0
0
0
0
0
0
0
0
0
0
0
0
0
0
0
0
0
0
0
0
0
0
0
0
0
0
0
0
0
0
0
0
0
0
0
0
0
0
0
0
0
0
0
0
0
0
0
0
0
0
0
0
0
0
0
0
0
0
0
0
0
0
0
0
0
0
0
0
0
0
0
0
0
0
0
0
0
0
0
0
0
0
0
0
0
0
0
0
0
0
0
0
0
0
0
0
0
0
0
0
0
0
1000
1000
0
0
0
0
0
0
0
0
0
0
0
0
0
0
0
0
0
0
0
0
0
-1000
0
-1000
0
0
0
0
0
0
0
0
0
0
0
1000
1000
0
0
0
0
0
0
0
0
0
0
0
0
0
0
0
0
0
0
0
0
0
0
0
0
0
0
0
0
0
0
0
0
0
0
0
0
0
0
0
0
0
0
0
0
0
0
0
0
0
0
0
0
0
0
0
0
0
0
0
0
0
0
0
0
0
0
0
0
0
0
0
0
0
0
0
0
0
0
0
0
0
0
0
-997.972472811401
43.4791004720119
0
0
0.311302478973857
0
-989.026587616172
-856.952105037861
0
0
0
708.512524869315
-0.311302478973857
218.897880214788
0
0
0
0.00549418726018303
0.311302478973857
0
1000
1000
0
0
0
0
0
0
0
0
0
0
0
0
0
1000
-1.94564049358644
0
-9.02777189024118
0
10.9583318995083
0
0
0
0
0
0
0
0.0205746715794248
0
0
0
0
0
284.632589053822
1000
-997.972472811401
-279.891457788909
-279.891457788909
132.782961538849
-867.217038461151
1000
-0.0224984522818659
0
0
0.311302478973857
-0.311302478973857
0
0
10.9734123838276
-10.9734123838276
1000
0
0
0
0
0
-1000
0
-291.487475130685
-708.512524869315
-1000
0
-781.102119785212
-218.897880214788
-1000
0
0
0
0
0
-1000
0
-1000
0
0
0
1000
-1000
-1000
0
0
0
-1000
0
0
0
-773.844466660068
0
0
0
0
0
0
0
0
0
0
0
0
0
0
0
0
0
0
0
1000
-1000
-1000
1.95113468084662
-1000
0
-1000
9.02777189024118
-1000
0
-10.9789065710877
-10.9789065710877
0
0
0
0
0
0
-1000
0
-1000
0
-1000
0
1000
0
-1000
0
-1000
0
0
0
0
0
0
0
0
0
0
-966.812081145608
-33.1879188543916
4.74113126491307
-4.74113126491307
0
0
0
0
0
0
0
0
0
0
0
0
0
0
0
0
0
0
0
0
0
0
0
0
0
0
0
0
0
0
0
0
0.00549418726018303
-0.00549418726018303
0
0
0
0
0
0
0
0
0
0
0
0
0
0
0
0
0
0
0
0
0
0
0
0
0
0
0
0
0
0
0
0
0
0
0
0
0.00549418726018303
-0.00549418726018303
0
0
0
0
0
0
0.0205746715794248
0.0205746715794248
0
0
0
0
0
0
0
0
0
0
0
0
0
0
0
0
-0.0205746715794248
-0.0205746715794248
0
0
0
0
0
0
0
0
0
0
0
0
0
0
0
0
0
0
0
0
0
0
0
0
0
0
0
0
0
0
0
0
0
0
0
0
1000
0
0
0
0
0
0
0
0
0.00374974204697237
0
0
0
0
0
0
0
0
11.4581900267
0
0
0
0
0
0
0
0
0
0
0
0
0
0
0
0
0
0
0
0
0
0
0
0
0
0
0
0
0
0
0
0
0
0
0
0
0
0
0
0
0
0
0
0
0
0
0
0
0
0
0
0
0
0
0
0
0
0
0
0
0
0
0
0
291.176172651711
291.176172651711
291.176172651711
0
280.202760267883
280.202760267883
0
0
0
0
0
0
0
0
0
0
0
0
0
0
0
0
0
0
0
0
0
0
0
0
0
0
0
0
0
0
0
0
0
0
0
0
0
0
0
0
0
0
0
0
0
0
0
0
0
0
0
0
0
0
0
0
0
0
0
0
0
0
0
0
0
0
0
0
0
0
0
0
0
0
0
0
0
0
0
0
0
0
0
0
0
0
0
0
0
0
0
0
0
0
0
0
0
0
0
0
0
0
0
0
0
0
0
0
0
0
0
0
0
0
0
0
0
0
0
0
0
0
0
0
0
0
0
0
0
0
0
0
0
0
0
0
0
0
0
0
0
0
0
0
0
0
0
0
0
0
0
0
0
0
0
0
0
0
0
0
0
0
0
0
0
0
0
0
0
0
0
0
0
0
0
0
0
0
0
0
0
0
0
0
0
0
0
0
0
0
0
0
0
0
0
0
0
0
0
0
0
0
0
0
0
0
0
0
0
0
0
0
0
0
0
0
0
0
0
0
0
0
0
0
0
0
15.3114249541688
15.3114249541688
-15.3114249541688
5.10380831805627
-2.55190415902814
2.55190415902813
2.55190415902813
2.55190415902813
2.55190415902813
2.55190415902813
2.55190415902813
2.55190415902813
2.55190415902813
2.55190415902813
2.55190415902813
0
2.55190415902813
2.55190415902814
2.55190415902813
2.55190415902813
2.55190415902813
2.55190415902813
2.55190415902813
2.55190415902813
0
0
0
2.55190415902813
2.55190415902813
0
2.54442641256924
0
0
0
0
0
0
0
0
0
0
0
0
0
0
0
0
15.3114249541688
15.3114249541688
5.10380831805627
5.10380831805627
0
0
0
0
0
0
0
0
0
0
0
0
0
0
0
0
0
0
0
0
0
0
0
0
0
0
0
0
0
0
0
0
0
0
0
0
0
0
0
0
0
0
0
0
0
0
0
0
0
0
0
0
0
0
0
0
0
0
0
0
0
0
0
0
0
0
0
0
0
0
0
0
0
0
0
0
0
0
0
0
0
0
0
0
0
0
0
0
0
0
0
0
0
0
0
0
0
0
0
0
0
0
0
0
0
0
0
0
0
0
0
0
0
0
0
0
0
0
0
0
0
0
0
0
0
0
0
0
0
0
0
0
0
0
0
0
0
0
0
0
0
0
0
0
0
0
0
0
0
0
0
0
0
0
0
0
0
0
0
0
0
0
0
0
0
0
0
0
0
0
0
0
0
0
0
0
0
0
0
0
0
0
0
0
0
0
0
0
0
0
0
0
1.22813652827161
518.695838315021
518.695838315021
0
25.1883505711301
25.1883505711301
0
-778.270239946827
0
25.1883505711301
0
751.853752847426
0
0
0
0
25.1883505711301
0
25.1883505711301
25.1883505711301
0
0
0
0
0
0
0
0
0
0
0
0
0
0
0
0
0
0
0
0
0
0
0
0
0
0
0
0
0
0
0
0
0
0
0
778.270239946827
0
0
0
0
0
0
0
0
0
0
0
0
0
0
0
0
0
0
0
0
0
0
0
0
0
0
0
0
0
0
0
0
0
0
0
0
0
0
0
0
0
0
0
0
0
0
0
0
0
0
0
0
0
0
0
0
0
0
0
0
0
0
0
0
0
0
0
0
0
0
0
0
0
0
0
0
0
0
0.00374974204697237
0
0
0
0
1.01376359429924
0
0
0.603049094632553
0
0
0
1.01376359429924
1.01376359429924
1.01376359429924
0
0
0
10.0755278967014
0
0
1.3864118720456
0
0
10.0755278967014
0.00374974204697237
0
0
0
0
-1.38641187204564
1.3864118720456
0
0
0
0
0
0
11.303664424973
0
0
0
0.240693587084692
0
0.230400816886191
0
11.303664424973
11.303664424973
0
0
0
0
0
0
0
0
0
0
0
0
0
0
-11.4581900267
0
0
0
0
0
0
0
0
0
0
0
0
0
0
0
0
0
0
0
0
0
0
0
0
0
0
0
0
0
0
0
0
0
0
0
0
0
0
0
0
0
0
0
0
0
0
0
0
0
0
0
0
0
0
0
0
0
0
0
0
0
0
0
0
0
0
0
0
0
0
0
0
0
0
0
0
0
0
0
0
0
0
0
0
0
0
0
0
0
0
0
0
0
0
0
0
0
0
0
0
0
0
0
0
0
0
0
0
0
0
0
0
0
0
0
1000
0
0
1000
1000
0
0
0
0
0
0
0
0
0
0
0
0
0
0
0
0
0
0
0
0
0
0
0
0
0
0
0
0
0
0
0
0
0
0
0
0
0
0
0
0
0
0
0
0
0
0
0
0
0
0
0
0
0
0
0
0
0
0
0
0
0
0
0
0
0
0
0
0
0
0
0
0
0
0
0
0
0
0
0
0
0
0
0
0
0
0
0
0
0
0
0
0
0
0
0
0
0
0
0
0
0
0
0
0
0
0
0
0
0
0
0
0
0
0
0
0
0
0
0
0
0
0
0
0
0
0
0
0
0
0
0
0
0
0
0
0
0
0
0
0
0
0
0
0
0
0
0
0
0
0
0
0
0
0
0
0
0
0
0
0
0
0
0
0
0
0
0
0
0
0
0
0
0
0
0
0
0
0
0
0
0
0
0
0
0
0
0
0
0
0
0
0
0
0
0
0
0
0
0
0
0
0
0
0
0
0
0
0
0
0
0
0
0
0
0
0
0
0
0
0
0
0
0
0
0
0
0
0
0
0
0
0
0
0
0
0
0
0
0
0
0
0
0
0
0
0
0
0
0
0
0
0
0
0
0
0
0
0
0
0
0
0
0
0
0
0
0
0
0
0
0
0
0
0
0
0
0
0
0
0
0
0
0
0
0
0
0
0
0
0
0
0
0
0
0
0
0
0
0
0
0
0
0
0
0
0
0
0
0
0
0
0
0
0
0
0
0
507.468186971097
0
0
0
0
0
0
0
0
0
0
0
0
0
0
0
0
0
0
0
0
0
0
0
0
0
0
0
0
0
0
0
0
0
0
0
0
0
0
0
0
0
0
0
0
0
0
0
0
0
0
0
0
0
0
0
0
0
0
0
0
0
0
0
0
0
0
0
0
0
0
0
0.17078988142206
0.17078988142206
0
0
0
0
0.170789881422024
0
0.17078988142206
-249.500434049215
0
0
0
0
0.0262753663726224
0
0
0
0
0
0
0
0
249.500434049215
0
0
0
0
1.03349774398896
0
0
0
0
0
0
1.03349774398896
1.03349774398896
1.03349774398896
1.03349774398896
0
0
0
0
0
0
0
0
0
0
0
0
0
0
0
0
0
0
0
0
0
0
0
0
0
0
0
0
0
0
0
0
0
0
0
0
0
0
0
0
0
0
0
0
0
0
0
0
0
0
0
0
0
0
0
0
0
0
0
0
0
0
0
0
0
0
0
0
0
0
0
0
0
0
0
0
0
0
0
0
0
0
0
0
0
0
0
1000
1000
-1000
0
0
0
1000
-1000
-1000
263.426887225551
0
0
0
-1000
999.274506430042
0
0
0
0
0
0
0
0
0
0
0
0
0
0
0
0
0
0
0
0
0
0
0
0
0
0
0
0
0
0
0
0
0
0
0
0
0
0
0
0
1000
0
0
0
0
0
0
0
0
0
0
0
0
0
0
0
0
0
-999.996250257953
999.996250257953
1000
999.996250257953
1000
-1000
-1000
0
0
0
0
0
0
0.0037497420469208
0
0
0
0
0
0
0
0
0
0
0
0
0
0
0
0
0
0
0
0
0
0
0.00280415492208369
0.00374974204697237
0.010292770198501
1000
0.00186943661472246
0.00186943661472246
1000
0
0.00093471830736123
0.00186943661472246
0.0159119488602324
-0.00186943661469741
0.00186943661472246
0.00186943661472246
0.00186943661472246
0.00186943661472246
0.00186943661472246
-0.00186943661469741
-0.00373887322939481
0.00186943661472246
0.00186943661472246
0.00186943661469741
0.00186943661472246
-986.950776342169
-0.00561917866173189
986.948906905554
0.0037497420469208
0.00186943661472246
0.00186943661472246
0.00374974204697237
0.00374974204697237
-0.0037497420469208
-0.0037497420469208
0.0037497420469208
0.0037497420469208
0.00186943661472246
0.00186943661472246
0.00186943661472246
0.00186943661472246
-0.00561917866161821
-999.985957487754
0
0
0
0
0
0
-1000
0
0
0
0.00374974204697237
0
0
0
0
0.00187487102348619
0.0037497420469208
0.0037497420469208
0
0
0.00374974204697237
0.00374974204697237
0
0
0
0
0
0
0.00747774645888983
0.00186943661472246
0.00560830984416738
0.00186943661472246
-0.00186943661469741
0.00186943661472246
0.00186943661472246
0.00186943661472246
0.00186943661472246
0.00186943661472246
0.00186943661472246
0.00373887322944492
0.00186943661472246
0.00186943661472246
0.00186943661472246
0.00186943661472246
0.00186943661472246
0
0.00186943661472246
0.00374974204697237
0
0.00374974204697237
0
0.00374974204697237
0.00374974204697237
0.00374974204697237
0.00374974204697237
0.00374974204697237
0.00374974204697237
0
0.00374974204697237
0
0.00374974204697237
0.00374974204697237
0.00374974204697237
0.00374974204697237
0.00374974204697237
0
0
0
0
0
0
0
0
0
0
0
0
0
0
0
0
-0.0037497420469208
0.00374974204697237
0.00374974204697237
0
0
0
0
0
0
0
0
0
0
0
0
0
0
0
0
0
0
0
0
0
0
0
0
0
0
0
0
0
0
0
0
0
0
0
0
0
0
0
0
0
0
0
0
0
0
0
0
0
0
0
0
0
0
0
0
0
0
0
0
0
0
691.386030605163
4.74113126491308
0
0
0
0
0
0.00374974204697237
0
0
0
0
0
0
0
0
0
0
0
0
0
0
0
0
0
0
0
0
0
1000
0
0
0
-284.632589053822
0
0
0
0
0
0.311302478973833
0
0
0
0
856.640802558887
0
0
0
0
0.311302478973833
0
0
0
0
0
0
0
0.311302478973833
0
0.311302478973833
0
0.311302478973833
0
116.57728418844
0
0
0
19.4564049358645
0
120.240582503643
0
0.311302478973833
0
0.933907436921498
0
0
0
0.311302478973833
0
0.311302478973833
0
0.311302478973833
0
0.311302478973833
0
0.311302478973833
0
0.311302478973833
0
0.311302478973833
0
0.311302478973833
0
0.311302478973833
0
0.311302478973833
0
0.311302478973833
0
0.311302478973833
0
0.311302478973833
0
0.311302478973833
0
0.311302478973833
0
0.311302478973833
0
6.53735205845049
0
0
0
8.94994627049769
0
0
0
4.59171156486403
0
0.311302478973833
0
5.05243374388691
0
32.5938541881896
0
0.311302478973833
0
0.311302478973833
0
0.311302478973833
0
0.311302478973833
0
149.036061808722
0
2.25694297256029
0
16.7325082448435
0
84.2851461821652
0
1.11013334798789
0
0.311302478973833
0
0.311302478973833
0
2.95737355025141
0
0.311302478973833
0
0.311302478973833
0
0.311302478973833
0
0
-1000
0
751.853752847426
0
0
0
0
0
263.42688722555
-1000
-1000
99.7406035317186
1.03349774398896
-482.362452968179
1000
249.671223930637
0
-1.38641187204564
1000
-1000
-1000
0
0
1000
0
0
0
0
440.119357595395
-838.724072523827
-11.303664424973
0
0
0
-1000
1000
-0.0037497420469208
0
0
-3.28185756711127
0
-445.847894676112
0
0
0
248.146247152574
1000
1000
-1000
-449.97684070927
-550.026909032777
0
1000
1000
0
-1000
0
0
1000
1000
-1000
-582.060140827716
0
1000
929.649835014062
0
-1000
1000
1000
1000
0
0
0
0
0
-954.255185432352
0
0
0
0
0
0
0
0
0
1000
0
1000
0
0
0
0
0
1000
0
0
0
0
1000
0
0
0
0
0
0
0
0
552.661814177879
-1000
1000
-1000
1000
-1000
-1000
-1000
1000
-1000
-1000
-1000
1000
-1000
-483.931841471066
-1000
-1000
-1000
305.99738756725
1000
1000
-1000
-1000
-1000
-1000
1000
1000
1000
1000
-1000
43.5248590897936
1000
-1000
-1000
-992.513513200348
-1000
-63.5654052752504
-1000
-1000
-1000
1000
1000
-1000
-1000
1000
-1000
-1000
-1000
-1000
-1000
-1000
-73.4561973529915
-1000
1000
-1000
-1000
-1000
-1000
-1000
-1000
-1000
-967.369450343438
-1000
-1000
-1000
-1000
-1000
-1000
-1000
-1000
-1000
-1000
-1000
1000
1000
-1000
-1000
941.691275678533
-1000
-1000
-1000
-1000
-1000
-505.746391524681
-1000
-986.178971612366
1000
1000
-1000
1000
1000
1000
1000
-1000
1000
1000
-1000
1000
-1000
-1000
-1000
-1000
-1000
-1000
1000
1000
-1000
1000
1000
1000
1000
1000
1000
1000
1000
1000
1000
-1000
-1000
975.182391134875
1000
-940.29634899369
0
-1000
1000
-1000
-70.8310920468324
-1000
0
0
0
0
0
0
0
0
0
0
0
0
0
0
0
0
0
0
0
0
0
0
0
0
0
0
0
0
0
0
0
0
0
0
0
0
0
0
0
0
0
0
0
0
0
0
0
0
0
0
0
0
0
0
0
0
0
0
0
0
0
0
0
0
0
0
0
0
0
0
0
0
0
0
0
0
0
0
0
0
0
0
0
0
0
0
0
0
0
0
0
0
0
0
0
0
0
0
0
0
0
0
0
0
0
0
0
0
0
0
0
0
0
0
0
0
0
0
0
0
0
0
0
0
0
0
0
0
0
0
0
0
0
0
0
0
0
0
0
0
0
0
0
0
0
0
0
0
0
0
0
0
0
0
0
0
0
0
0
0
0
0
0
0
0
0
0
0
0
0
0
0
0
0
0
0
0
0
0
0
0
0
0
0
0
0
0
0
0
0
0
0
0
0
0
0
101.019160837377
0
0
0
0
0
0
0
0
0
0
0
0
0
0
0
0
0
0
0
0
0
0
0
0
0
0
0
0
0
0
0
0
0
0
0
0
0
0
0
0
0
0
0
0
0
0
0
0
0
0
0
0
0
0
0
0
0
0
0
0
478.425949488162
0
0
0
0
0
0
0
0
0
0
0
0
0
0
0
0
0
0
0
0
0
0
0
0
0
0
0
0
0
0
0
0
0
0
0
0
0
0
0
0
0
0
0
0
0
0
0
0
0
0
0
0
0
0
0
0
0
0
0
0
0
0
0
0
0
0
0
1000
-327.00899130886
-1000
1000
1000
1000
1000
1000
-1000
-1000
1000
-1000
-1000
1000
1000
-1000
-1000
0
-1000
-1000
1000
1000
-1000
-1000
-1000
-1000
-1000
1000
1000
-327.00899130886
-1000
327.00899130886
0
-1000
-1000
1000
1000
-1000
-41.0703751285105
-1000
-1000
1000
-1000
-1000
-1000
1000
-1000
327.00899130886
-1000
-13.0024225295575
-1000
-1000
-1000
-1000
-1000
0
0
0
0
0
0
0
0
0
0
0
0
0
0
0
0
0
0
-554.152105323888
-1000
-0.492420835429357
0
0
0
0
0
0
1000
0
0
0
0
0
0
0
0
0
-0.0037497420469208
0.00374974204697237
0
0
-0.0037497420469208
-0.0037497420469208
0
0
0
0
0
0
0
0
0
0
0
0
0
0
0
0
0
0
0
0
0
0
0
0
0
0
0
0.00374974204697237
0
0
1000
-1000
264.156130537555
-1000
-1000
0
0
0
0
-0.0037497420469208
0
0
0
0
0
249.500434049215
0
0
0
0
0
0
0
0
0
0
0
0
0
900.259396468281
0
0
0
0.00374974204697237
0
0
0
288.490520339377
1000
0
0
0
0
0
838.724072523827
0
268.178764491581
0
0
0
0
0
0
0
0
0
0
0
0
0
0
0
0
0
0
0
0
0
0
0
0
0
0
0
0
0
0
0
0
0
0
0
0.00374974204697237
0
0
0
0
0
1000
0
-997.972472811401
0
1.01376359429923
2.02752718859848
0
0
0
0
0.00560830984416738
1000
0
-1000
0
0
0
0
0
0
0
0
0
0
0
0.0037497420469208
1000
560.090468314746
-1000
1000
0
0
0
-39.6851204385417
400.075517503934
0
0
0
0
0
0.0037497420469208
0
0
1000
0
0
0
0
916.678105085371
0
0
0
0
-1000
0
-1000
1000
0
0
0
0
0
0
0
0
0
0
0
-1000
1000
0
0
725.368675077581
274.625716612575
0
0
0
0
0
0
549.257041534994
0
1000
0
998.060971252384
0
0
0
0
0
0
0
0
0
0
0
0
0.00374974204697237
-0.0037497420469208
0.00374974204697237
0.00374974204697237
0
0
0
177.162153115601
0
0
1.01376359429923
0
0
0
-1000
-998.060971252384
-1000
1000
-960.226381120476
960.226381120476
0
0
-1000
0
-1000
-1000
0
0
0
0
0
0
0
0
0
0
0
0
0
0
0
0
0
0
0
39.773618879524
0
0
0
0
0
1000
0
0
0
0
0
0.00186943661472246
0
0
0
0
0
0
0
0
0.00374974204697237
0
0
0
0
0
0
0
0
4.74113126491307
0
-37.9290501193046
0
0
0
0
0
0
0
0
0
0
0
0
0
1000
0
0
0
37.9290501193045
0
0
0
0
0
0
0
0
0
0
0
0
0
0
0
0
0
0
0
0
0
0
0
0
0
0
2.41831189985896
0
0
0
0
0
0
0
0
0
0
0
0
0
0
0
0
0
0
0
0
0
0
0
0
0
0
0
0
0
0
0
0
0
0
0
0
0
0
0
0
0
0
0
0
0
0
0
0
0
0
0
0
0
0
0
0
0
0
0
0
0
0
0
0
0
0
0
0
0
0
0
0
0
0
0
0
0
0
0
0
0
0
0
0
0
0
0
0
0
0
0
0
0
0
0
0
0
0
0
0
0
0
0
0
0
0
0
0
0
0
0
0
-999.974751736884
0
0.00186943661469741
0
0.0205746715794248
0
0
-0.025248263116282
0
1000
0
0
0
0
0.0046735915368572
0
0
0
0
0
0
0
0
0
0
0
0
0
0
0
0
0
0
0
0
0
0
1000
-1000
0
-1000
-1000
0
0
0
0
0
0
-773.844466660068
1000
0
0
0
0
0
0
0
0
0
0
-1000
0
999.688697521026
-0.311302478973857
-1000
-1000
999.688697521026
1000
0
1000
0
0
0
0
0
0
0
0
0
0
-1000
0
1000
0.410714499666689
0
0
0
0
0
0
0
0
1000
17.0438107238173
0
0
0
0
0.311302478973833
0
0
0
0
0
0
0
0
0
-1000
0
0
0
0
0
0
1000
-1000
0
1000
0.00374974204697237
0.00374974204697237
-1000
0
0
0
0
0
0
0
0
0
0
0
0
0
0
0
0
0
0
0
0
0
0
0
4.74113126491308
0
0
0
0
0
1.95113468084658
4.74113126491308
0
0
0
0
10.9789065710877
4.74113126491308
0
0
0
0
0
4.74113126491308
0
0
0
0
263.430636967597
0
0
0
0
0
0
0
0
0
0
0
-1000
0
0
0
0
0
0
92.0018477773726
1000
-1000
1000
1000
1000
-1000
0
0.010292770198501
0
0
0
0
-691.197723812826
-1000
0
0
249.500434049215
0
0
0
999.977501547718
3.82038936090084
0
0
0
0
0
0.603049094632553
0.603049094632553
-1000
-999.972882300269
0
0
0
0
0
0
0.380662219203273
0
-1000
0
0
999.996250257953
0
0
0
0
998.048865319153
0
0
0
0
0
0
0
0
0
-1000
1000
0
0
990.972228109759
0
0
124.060499444729
1000
0
0
0
0
-708.512524869315
0
-1000
0
0
0
-1000
-1000
0
0
0
0
0
0
1000
279.891457788909
-1000
1000
0
0
-1000
1000
-750
0
0
0
0
968.667286787044
-1000
0
0
-1000
0
0
0
0
0.00549418726012907
0
0
0
0
0
0
0
0
998.060971252384
0
1000
0
0
0
0
0
0
0
0
0
0
-927.511531865123
1000
0
-1000
1000
-1000
-1000
0
0
0
0
0
0
0
0
0
0
-507.468186971097
0
610.085200227436
0.00186943661472246
0.00186943661472246
0
0
0
218.897880214788
0
0
0
0
0
0
0
0
0
0
0
0
0
0
0
0
0
0
0
0
0
0
0
0
0
-0.0205746715794248
0
0
0
0
0
0
0
0
0
0
0
0
0
0
0
0
0
0
0
0
0
0
0
0
0
0
0
0
0
0
0
0
0
0
0
0
0
0
0
0
0
0
0
0
0
-1000
0
-1000
0
0
0
0
0
0
-1000
0
0
0
0
0
0
0
0
0
0
0
-1000
0
0
0
0
0
0
0
0
0
0
0
0
0
1000
0
0
0
2.02752718859915
0
0
0
0
0
0
0
0
0
0
0
0
0
0
0
279.891457788909
0
0
0
0
0
0
0
0
0
0
0
0
0
0
0
0
0
0
0
0
0
0
0
279.891457788909
0
0
0
0
0
0
0
0
0
0
0
0
0
0
0
280.202760267883
0
0
0
0
0
0
0
0
0
0
0
0
0
0
0
0
0
0
0
0
0
0
0
0
0
0
0
0
0
0
0
0
0
0
0
0
0
0
0
0
0
0
0
0
0
0
0
0
0
0
0
0
0
0
0
0
0
0
0
0
0
0
0
0
0
0
0
0
0
0
0
0
0
0
0
0
0
0
0
0
0
0
0
0
0
0
0
0
0
0
0
0
0
0
0
0
0
0
0
0
0
0
0
0
0
0
0
0
0
0
0
0
0
0
0
0
0
0
0
0
0
0
0
0
0
0
0
0
0
0
-1000
0
0
0
0
0
0
0
0
0
0
0
0
0
0
0
0
0
0
0
0.0037497420469208
0
0
0
403.580041885272
0
0
0
0
-96.4228775998804
0.0037497420469208
-301.045133135062
1000
-698.784076983516
0
-268.178764491581
0
-1000
-998.986236405701
0
0
0
0
856.925856843531
0.0224984522818342
0
0
0
0
0
0
0
0
0
0
0
0
0
0
0
0
0
0
0
0
0
0
0
0
0
0
0
0
0
0
0
0
124.060499444729
0
0
0
0
0
0
0
0
0
0
0
0
0
0
0
0
0
0
0
0
0
0
0
0
0
0
0
0
0
0
0
0
0
0
0
0
0
0
0
0
0
0
0
0
0
0
0
0
0
0
0
0
0
0
0
0
0
0
0
0
0
0
0
0
0
0
0
0
0
0
0
0
0
0
0
0
0
0
0
0
0
0
0
0
0
0
0
0
0
0
0
0
0
0
0
0
0
0
0
0
0
0
0
0
0
0
0
0
0
0
0
0
0
0
0
0
0
0
0
0
0
0
0
0
0
0
0
0
0
0
0
0
0
0
0
0
0
0
0
0
0
0
0
0
0
0
0
0
0
0
0
0
0
0
0
0
-981.818601282006
0
0
0
0
0
0
0
0
0
0
0
0
0
0
0
0
0
0
0
0
0
0
0
0
0
0
0
0
0
0
0
0
0
0
0
0
0
0
0
0
0
0
0
0
0
0
0
0
0
0
0
0
0
0
0
0
0
0
0
0
0
0
0
0
0
0
0
0
0
0
0
0
0
0
0
0
0
0
0
0
0
0
0
0
0
-981.818601282006
0
0
0
0
0
0
0
856.952105037861
0
0
0
0
0
0
0
218.897880214788
0
0
0
0
0
0
0
0
0
0
0
-1000
0
0
0
0
0.0037497420469208
0.446681228334683
-1000
0
0
0
0
0
0
0
0
0
0
0
0
0
0
0
0
0
0
0
0
0
0
0
0
0
0
0
0
0
0
0
0
0
0
0
0
0
0
0
0
0
0
0
0
0
0
0
0
0
0
0
0
0
0
0
0
0
0
0
0
0
0
0
0
0
0
0
0
0
0
0
0
0
0
0
0
0
0
0
0
0
0
0
0
0
0
0
0
0
0
0
0
0
0
0
0
0
0
0
0
0
0
0
0
0
0
0
0
0
0
0
0
0
0
0
0
0
0
0
0
0
0
0
0
0
0
0
0
0
0
0
0
0
0
0
0
0
0
0
0
0
0
0
0
0
0
0
0
0
0
0
0
0
0
0
0
1000
0
0
0
0
0
0
0
0
0
0
1000
0.0037497420469208
0
0
-735.843869462445
1000
0
0
0
0
0
0
986.945157163508
234.386051060676
0
0
0
0
0
0
0
0
0
0
0
0
1000
0
0
0
0
751.853752847426
0
0
0
0
0
0
0
0
0
0
0
0
0
0
0
0
0
0
0
0
0
0
0
0
0
0
0
0
0
0
0
0
0
0
0
0
0
0
0
0
0
0
0
0
0
0
0
0
0
0
0
0
0
0
0
0
0
0
0
0
0
0
0
0
0
0
0
0
0
0
0
0
0
0
0
0
0
0
0
0
0
0
0
0
0
0
0
0
0
0
0
0
0
0
0
0
0
0
0
0
0
0
0
0
0
0
0
0
0
0
0
0
0
0
0
0
0
0
0
0
0
0
0
0
0
0
0
0
0
0
0
0
0
0
0
0
0
0
0
0
0
0
0
0
0
0
0
0
0
0
0
0
0
0
0
0
500
90.573479395468
-778.256197434582
0
0
-1.01376359429923
0
0
0
483.43594627331
20.0348536422775
43.7922772877088
0.108688175274562
90.573479395468
0
0
0
0
0
0
0
0
0
0
0
0
0
0
0
0
0
0
0
0
0
0
0
0
0
1000
-1000
0
-1000
181.835977984616
-571.596499901169
0
1000
0
367.421063550378
0
-4.74113126491307
28.4467875894784
4.74113126491307
0
0
0
0
0
986.979806953785
0
0
0.0121622068132226
0
0
0
0
0
0
0
0
0
0
0
0
0
0
0
0
0
0
284.632589053822
0
0
0
0
1000
-149.036061808722
-6.53735205845044
0
-11.1274410405219
-21.814550053615
-44.4876959338332
-34.8860421411854
-10.894309433232
-18.0050249815677
-27.5629634843851
-4.78146455076615
-32.6305496565617
1000
-1000
0
0
0
0
-1000
-40.3216374174935
-1000
-27.527032985109
-13.8210283876336
-992.513513200348
-24.8176088651251
-36.593655648946
-6.78475971068713
-551.882146841153
0
0
-1000
-1000
0
1000
0
0
691.197723812826
-1000
0
0
0
-11.303664424973
0
-1.01376359429923
1000
-450.742958465006
0
0
0
0
0
0
0
0
0
-0.0037497420469208
-0.0037497420469208
0
0
0
0
0
0
0
0
0
0
0
0
739.201992822263
-739.201992822263
0
0
0
1000
0
-54.072797658068
0
0
-1000
1000
249.500434049215
-0.0037497420469208
-0.0037497420469208
-1.03349774398896
0.725493569957735
0
0
-0.0037497420469208
0
-0.0037497420469208
0
0
0
-0.0037497420469208
0
0
0
-0.0037497420469208
0
0
0
0
0
0
0
0
0
0
0
0
0
0
0
0
0
263.42688722555
0
0
0
0
0
0
0
517.637547031821
0
0
0
-672.99100869114
0
1000
0
0
-0.0037497420469208
0
0
0
0
0
0
0
0
0
0
0
0
0
0
1000
-3.28185756711127
-0.492420835429357
-1000
-554.152105323888
0
0
0
0
0
-445.847894676112
0
0
0
2.55190415902814
739.201992822263
0
0
0
0
0
-449.97684070927
0
0
0
0
1000
1000
249.671223930637
0
0
-1.38641187204564
-67.6644560645984
0
0
0
0
0
0
0
0
0
-1000
-1000
0
0
0
0
0
0
-986.997577470442
0
0
0
0
-1000
1000
0
-124.060499444729
0
0
0
0
1000
-1000
-1000
440.119357595395
0
0
0
0
0
0
0
0
0
0
0
1000
0
-1.11013334798793
-0.311302478973857
-84.2851461821651
-954.255185432352
-4.591711564864
-32.5938541881897
-2.95737355025142
-16.7325082448435
-8.94994627049766
-0.311302478973857
0
0
0
0
-0.311302478973857
-1000
-0.311302478973857
-0.311302478973857
0
-2.2569429725603
0
-0.311302478973857
-116.57728418844
-120.240582503643
0
-3.82038936090089
0
-0.380662219203259
-0.311302478973857
0
0
-5.05243374388692
-0.311302478973857
-0.311302478973857
-0.311302478973857
0
0
-19.4564049358645
0
0
0
-1000
1000
0
0
-1000
1000
-0.0037497420469208
0
750
-750
0
0
0
-1000
0
0
0
0
0
0
0
0
0
0
0
0
0
0
0
0
0
0
0
-610.085200227436
610.085200227436
751.853752847426
-1000
-1000
-0.311302478973857
-0.311302478973857
0
0
0
0
-0.0037497420469208
1000
-698.954866864938
698.784076983516
856.925856843531
0.0224984522818659
0
0
0
0
0
1000
-1000
0
0
0
0
0
0
0
0
0
0
0
0
0
0
0
0
0
0
0
0
0
0
0
0
0
0
0
0
0
0
0
0
0
0
0
0
0
0
0
0
0
0
0
0
0
0
0
0
0
0
0
0
0
0
0
0
0
0
0
0
0
0
0
-856.952105037861
0
0
0
0
0
0
0
-0.311302478973857
0
856.640802558887
0
0
0
0
0
0
0
0
0
0
0
0
0
0
0
0
0
0
0
0
0
0
0
0
0
0
0
0
0
0
0
0
0
0
0
0
0
0
0
0
0
0
0
0
0
0
0
0
0
0
0
0
0
0
0
0
0
0
0
0
0
0
0
0
0
0
0
0
0
0
0
0
0
0
0
0
0
0
0
0
0
0
0
0
0
0
0
0
0
0
0
0
0
0
0
0
0
0
0
0
0
0
0
0
0
0
0
0
0
0
0
0
0
0
0
0
0
0
0
0
0
0
0
0
0
0
0
0
0
0
0
0
0
0
0
0
0
0
0
0
0
0
0
0
0
0
0
0
0
0
0
0
0
0
0
0
0
0
0
981.818601282006
0
0
0
0
0
0
0
0
0
0
0
0
0
0
0
0
0
0
0
0
0
0
0
0
0
0
0
0
0
0
0
0
0
0
0
0
0
0
0
0
0
0
0
0
0
0
0
0
0
0
0
0
0
0
0
0
0
0
0
0
0
0
0
0
0
0
0
0
0
0
0
0
0
0
0
0
0
0
0
0
0
0
0
0
0
0
0
0
0
0
0
0
0
0
0
0
0
1000
0
0
-0.446681228334683
0
0
0
0
0
0
0
0
0
0
0
0
0
0
0
0
0
0
986.945157163508
0
0
0
0
0
1000
0
-1000
0
-264.156130537555
-0.0037497420469208
-234.386051060676
0
0
0
0
0
0
0
0
1000
0
0
0
0
0
0
-1000
0
0
0
0
0
0
0
0
0
0
0
0
0
0
0
0
0
0
0
0
0
0
0
0
0
0
0
0
0
0
0
0
0
0
0
0
0
0
0
0
0
0
0
0
0
0
0
0
0
0
0
0
0
0
0
0
0
0
0
0
0
0
0
0
0
-1000
1000
1000
0
-0.311302478973857
-0.311302478973857
-0.311302478973857
-0.311302478973857
0
-0.311302478973857
-0.933907436921459
0
-0.311302478973857
-0.311302478973857
-0.311302478973857
-0.311302478973857
0
-0.311302478973857
-0.311302478973857
-0.311302478973857
-0.311302478973857
-0.311302478973857
-0.311302478973857
-0.311302478973857
0
-0.311302478973857
-0.311302478973857
-0.311302478973857
-1000
90.573479395468
0
0
0
0
0
0
0
0
0
0
0
0
0
