0
0
0
0
0
0
0
206.668279175466
-1000
48.3150075480193
951.684992451981
0
0
257.351235126666
1000
0
999.739511915406
-999.739511915406
999.940215849438
0
0.0597841505624502
0
-1000
0.375786089249686
0
1000
-259.855706155655
0
-326.623338446086
0.0246202242735817
0
0
0
0
0
0
290.371762789002
0
0
0
35.8757895678347
0
0
0
0
0
0
262.840000570296
0
0
0
0
0
0
0
0
0
0
0
0
0
0
0
0
0
0
326.623338446086
0
0
0
0
0
0
0
1.57398093569145
1.57398093569145
0
0
0
0
0
0
0
-1000
0
0
0
0
0
0
0
0
0
0
0
0
0
0
0
0
0
0
0
0
0
0
0
0
0
0
0
0
0
0
0
419.453754229752
0
0
0
0
0
0
0
0
0
0
0
0
0
0
0
0
0
0
0
1000
0
0
1000
0
0
0
0
1000
0
0
0
0
-14.9671250446431
0
0
0
0
-1000
0
0
0
1000
0
0
482.374569663742
1000
1000
517.61688974332
0
0
0
-1000
517.616889743321
774.968124869987
643.054831428683
-385.703596302016
0
0
1000
0
0
0
0
0
1000
636.641451686844
0
0
0
0
0
-4.0219701178396
0
0
0
0
0
0
789.078829516157
-538.128809771756
-1000
0
0
0
0
0
0
0
0
789.078829516157
0
0
0
0
0
-4.02624041430829
0
-999.995729703531
0
0
0
0
0
0
0
0
0
0
0
0
0
0
-1000
1.4063539143907
996.938051703074
0
0.471631502442783
0
0
0.480172095380223
0.703790784712573
0
0
0
0
0
-1000
0
0
0
0
0
0
0
0
0
0
0
0
0
0
-1000
0
1000
-1.57398093569145
999.996343531049
-0.0704435524405653
999.598812049998
-1000
-1000
-0.98854669476043
1000
0
0
-0.7074472536641
1000
0
-1000
1000
0
0
1000
0
0.183622748156097
0
-0.183622748156154
0
0.00182293524539662
0
0
0
0
2.69184828185769
21.2253092222592
0
0
999.739511915406
0
0
0
0
0
0
0
0
1000
0
1000
0
0
0
1000
0
-0.183622748156154
0
-0.703790784712623
0
0
0.703790784712623
0
0
0
-0.0036564689514762
0
0
0
-1000
0
0
0
-133.41091177108
0.703790784712623
0
-871.621408724855
-0.98854669476043
0
0
0
0
0
0
0
0.0036564689514762
0
0
0
0
0
0
0
0
0
2.35815751221365
0
9.92722488287695
0
0
0
0
0
0
0
0
136.742756052907
-1000
1000
-1000
-1000
1000
0
-0.473454437688133
-1000
-1000
1000
-999.528368497557
1000
1000
1000
0
-1000
0
0
0
0
-1000
0
-1000
-1000
-1000
0
1000
0
0
1000
1000
0
0
0
0
0
0
0.988546694760449
-1000
1000
1000
-1000
1000
-1000
0.00854059293749287
0
-1000
-1000
1000
1000
1000
-1000
1000
-1000
-1000
1000
-1000
-1000
-1000
1000
0
1000
1000
0
0
0
-1000
1000
0
0
0
0
0
0
0
-1000
1000
0
-379.357438759371
349.269574580278
0
0
0
0
0
0
0
0
211.073086170319
0
0
0
211.073086170319
0
0
0
0
0
999.970748248388
-0.0292517516121507
-999.941496496776
0
0
999.941496496776
0
0
0
0
0
0
0
0
0
1000
0
0
0
0
0
0
0
0
0
0
0
0
0
0
0
0
0
0
0
0
0
0
0
0
0
0
0
0
1000
1000
0.106757411718718
0.106757411718718
0
-999.296209215287
0
0
0
0
0
0
0
0
0
0
0
0
1000
0.0292517516121783
0
0
0
-727.753177417442
0
0
0
0
0
0
0
0
0
0
0
0
0
0
0
0
0
0
0
0
0
0
0
0
0
0
0
0
0
0
0
0
0
0
0.16654156228276
0
0
0
1000
0
0
0
0
0
0
-1000
0
0
0
0
0
0
0
0
0
0
0
0
0
0
0
0
0
0
0
0
0
0
0
0
-560.291417863453
0
0
0.16654156228276
0
0
0
0
0
0
0
0
0
790.906806257804
0
0
0
0
0
0
0
0
0
0
0
0
0
0
0
0
0
0
0
0
0
0
0.00365646895152229
0
0
0
0
0
0
0
0
0
0
-1000
0
0
0
0
0
0
0
0
0
0
0
0
0
0
0
0
0
0
0
0
0
0
0
0
0
0
0
0
0
0
0
0
0
0
0
0
0
0
-1000
0
0.00427029646874645
0
0
0
0
0.772923660843107
0.772923660843107
0
35.005209923424
0
0
0
0
0
0
0
0
0
0
0
0
0
0
0
0
0
0
0
0
0
0
0
0
0
-1000
0
0
0
-1000
0
0
-1000
0
0
0
0
292.559392834495
0
0
292.559392834495
0
0
0
0
0
0
0
0
0
0
292.559392834495
0
292.559392834495
0
0
0
13.2466407030889
37.7599971643211
24.1362279002901
17.6779012941578
26.2104349854713
8.62681583154902
20.1763780103988
36.9114579022015
33.9887115549008
10.748163986848
20.8363529920474
42.9455148772741
33.8944294146653
10.4653175661414
17.3479138033335
24.0419457600546
31.1602473478355
25.2204725129985
4.61982487153991
31.443093768542
0
0
0
0
0
0
0
0
0
0
0
0
0
0
0
0
0
0
0
0
0
0
0
0
0
0
0
0
0
0
0
0
0
0
0
0
0
0
0
0
0
0
0
0
0
0
0
0
0
0
0
0
0
0
0
0
0
0
0
0
0
0
0
0
0
0
0
0
0
0
0
0
0
0
0
0
0
0
0
0
0
0
0
0
0
0
0
246.75723776781
0
0
0
0
0
0
-1000
0
0
966.92155755853
0
0
1000
1000
1000
-1000
-1000
0
0
0
0
5.34919990702156
272.213914361994
0
349.269574580278
-657.074283701262
-277.716844941891
-1000
0
-272.27607433417
0
-272.395642635295
1000
277.571654861953
1000
1000
0
-5.34919990702156
727.786085638006
0
-1000
-1000
-1000
0
0
727.753177417442
0
727.753177417442
272.27607433417
0
0
0
0
0
0
0
0
0
0
0
-999.996343531049
364.354407945819
1000
1000
0
500
250.007000724914
2.51279234209996
5
0
0
0
0
0
0
25.8335348969333
0
136.139125258762
0
0
-0.00148028559692648
0
0
0
0
-0.00148028559692648
861.704062473088
363.318327154689
0
-0.00148028559692648
0.00148028559692648
-0.00148028559692648
-0.551970005333715
0
-0.0925178498061996
0.57324059739888
-1000
-0.00148028559692648
0
-0.00148028559692648
-0.00148028559692648
0.00148028559692648
-0.00148028559692648
0.00148028559692648
-0.00296057119385296
0
-0.00148028559692648
-0.00148028559692648
-0.00148028559692648
-0.00148028559692648
-0.00148028559692648
-0.00148028559692648
-0.00148028559692648
-0.00148028559692648
-0.00148028559692648
-0.0310859975348876
-0.0146093068791515
-0.0425582109107836
-0.0429282823100721
-0.0218342125542677
0.00148028559692648
25.8350151825302
-0.0828169628243813
0.00148028559692648
0.00148028559692648
0.00148028559692648
0.00148028559692648
-0.719418800092626
0
-0.0795653508332634
-0.40078732536017
-0.0252438857492052
0.00148028559692648
0.00148028559692648
0.0140627131705742
0.00148028559692648
0.00148028559692648
-0.00148028559692648
0
0
0
0
0
0
0
0
0
0
0
0
0
0
0
0
0
0
0
0
0
0
0
0
0
0
0
0
0
0
0
0
0
0
0
0
0.00535752189853156
0
0
0
0
0
0
0
0
0
0
0
0
0
0
0
0
0
0
0
0
0
0
0
0
0
0
0
0
0
0
0
0
0
0
0
0
0
0
0
0
0
0
0
0
0
0
0
0
0
0
0
0
0
0
0
0
0
0
0
0
0
0
0
0
0
0
0
0
0
0
0
0
0
0
0
0
0
0
0
0
0
0
0
0
0
0
0
0
0
0
0
0
0
0
0
0
0
0
0
0
0
0
0
0
0
0
0
0
0
0
0
0
0
0
0
0
0
0
0
0
0
0
0
0
0
0
0
0
0
0
0
0
0
0
0
0
0
0
0
0
0
0.00148028559689833
136.142085829956
0.00148028559689833
0
0.00148028559689833
0
0
0
0.00148028559689833
0.00148028559689833
0.00148028559689833
0.00148028559689833
0
0
0
0
0
0
0
0
0
0
0
0
0
0
0
0
0
0
0
0
0
0
0
0
0
0
0
0
0
0
0
0
0
0
0
0
0
0
0
0
0
0
0
0
0
0
0
0
0
0
0
0
0
0
0
0
0
0
0
0
0
0
0
0
0
0
0
0
0
0
0
0
0
0
0
0
0
0
0
0
0
0
0
0
0.0107320705775129
0
0
0
0
0
0
0
0
0
0
0
0
0
0
0
0
0
0
0
0
0
0
0
0
0
0
0
0
0
0
0
0
0
0
0
0
0
0
0
0
0
0
0
0
0
0
0
0
0
0
0
0
0
0
0
0
0
0
0
0
0
0
0
0
0
0
0
0
0
0
0
0
0
0
0
0
0
0
0
0
0
0
0
0
0
0
0
0
0
0
0
0
0
0
0
0
0
0
0
0
0
0
0
0
0
0
0
0
0
0
0
0
1000
0
0
0
0
0
0
0
0
0
0
0
0
0
0
0
0
0
0
0
0
0
0
0
0
0
0
0
0
0
0
0
0
0
0
0
0
0
0
0
0
0
0
0
0
0
0
0
0
0
0
0
0
0
0
0
0
0
0
0
0
0
0
0
0
0
0
0
0
0
0
0
0
0
0
0
0
0
0
0
0
0
0
0
0
0
0
0
0
0
0
0
0
0
0
0
1000
1000
0
0
0
0
0
0
0
0
0
0
0
0
0
0
0
0
0
0
-1000
0
-1000
0
0
0
0
0
0
0
1000
1000
0
0
0
0
0
0
0
0
0
0
0
0
0
0
0
0
0
0
0
0
0
0
0
0
0
0
0
0
0
0
0
0
0
0
0
0
0
0
0
0
0
0
0
0
0
0
0
0
0
0
0
0
0
0
0
0
0
0
0
0
0
0
0
0
0
0
0
0
0
0
0
0
0
0
0
0
0
0
0
0
0
0
0
865.837968130758
337.469308561362
0
0
0.00148028559692648
0
1000
0
136.140605544359
0
0
863.805734102753
0
363.318327154689
0
0
0
0.00535752189853156
0
0
-1000
1000
0
0
0
0
0
0
0
0
0
0
0
0
0
-1000
0.00535752189853156
0
0
0
-0.0200628861600762
0
0
0
0
0
0
0
0.0200628861600762
0
0
0
0
0
25.8335348969333
-1000
865.837968130758
0
0
0
-130.775434103235
1000
-0.0219388137090846
0
0
0.00148028559692648
-0.00148028559692648
0
0
136.194265897247
-136.194265897247
1000
0
-136.140605544359
-136.140605544359
0
0
1000
0
-136.194265897247
-863.805734102753
-1000
0
-636.681672845311
-363.318327154689
-1000
0
0
0
0
0
-1000
0
0
0
0
0
-1000
1000
-1000
0
0
0
-1000
0
0
0
-1000
0
0
0
0
0
0
0
0
0
0
0
0
0
0
0
0
0
0
0
-1000
1000
-1000
0
-1000
0
-1000
0
-1000
0
0
0
0
0
0
0
0
0
-1000
0
1000
0
-1000
0
-1000
0
-1000
0
237.560236189884
0
0
0
0
0
0
0
0
0
-793.331720824534
-206.668279175466
25.8335348969333
-25.8335348969332
0
0
0
0
0
0
0
0
0
0
0
0
0
0
0
0
0
0
0
0
0
0
0
0
0
0
0
0
0
0
0
0
0.00535752189853156
-0.00535752189853156
0
0
0
0
0
0
0
0
0
0
0
0
0
0
0
0
0
0
0
0
0
0
0
0
0
0
0
0
0
0
0
0
0
0
0
0
0.00535752189853156
-0.00535752189853156
0
0
0
0
0
0
0.0200628861600762
0.0200628861600762
0
0
0
0
0
0
0
0
0
0
0
0
0
0
0
0
-0.0200628861600762
-0.0200628861600762
0
0
0
0
0
0
0
0
0
0
0
0
0
0
0
0
0
0
0
0
0
0
0
0
0
0
0
0
0
0
0
0
0
0
0
0
0
1000
0
0
0
0
0
0
0
1.19758720135999
0.00365646895152229
0
0
0
0
0
0
0
0
0.150681849005149
0
0
0
0
0
0
0
0
0
0
0
0
0
0
0
0
0
0
0
0
0
0
0
0
0
0
0
0
0
0
0
0
0
0
0
0
0
0
0
0
0
0
0
0
0
0
0
0
0
0
0
0
0
0
0
0
0
0
0
0
136.194265897247
136.194265897247
136.194265897247
0
0
0
0
0
0
0
0
0
0
0
0
0
0
0
0
0
0
0
0
0
0
0
0
0
0
0
0
0
0
0
0
0
0
0
0
0
0
0
0
0
0
0
0
0
0
0
0
0
0
0
0
0
0
0
0
0
0
0
0
0
0
0
0
0
0
0
0
0
0
0
0
0
0
0
0
0
0
0
0
0
0
0
0
0
0
0
0
0
0
136.140605544359
136.140605544359
136.140605544359
136.140605544359
-136.140605544359
0
0
0
0
0
0
0
0
0
0
0
0
0
0
0
0
0
0
0
0
0
0
0
0
0
0
0
0
0
0
0
0
0
0
0
0
0
0
0
0
0
0
0
0
0
0
0
0
0
0
0
0
0
0
0
0
0
0
0
0
0
0
0
0
0
0
0
0
0
0
0
0
0
0
0
0
0.00365646895152229
0.00365646895152229
0.00365646895152229
0.00365646895152229
0.00365646895152229
0
0
0
0
0
0
0
0
0
0
0
0
0
0
0
0
0
0
0
0
0
0
0
0
0
0
0
0
0
0
0
0
0
0
0
0
0
0
0
0
0
0
0
0
0
0
0
0
14.9671250446431
14.9671250446431
-14.9671250446431
4.98050992066082
-2.48842672585465
2.48842672585465
2.48842672585465
2.48842672585465
0
0
0
0
0
0
0
0
0
0
0
0
0
0
0
0
0
0
0
0
2.48842672585465
0
2.48113498487306
2.48842672585465
2.48842672585465
2.48842672585465
2.48842672585465
2.48842672585465
2.48842672585465
2.48842672585465
2.48842672585465
2.48842672585465
2.48842672585465
2.48842672585465
2.48842672585465
2.48842672585465
2.48842672585465
2.48842672585465
2.48842672585465
14.9671250446431
14.9671250446431
4.98050992066082
4.98050992066082
0
0
0
0
0
0
0
0
0
0
0
0
0
0
0
0
0
0
0
0
0
0
0
0
0
0
0
0
0
0
0
0
0
0
0
0
0
0
0
0
0
0
0
0
0
0
0
0
0
0
0
0
0
0
0
0
0
0
0
0
0
0
0
0
0
0
0
0
0
0
0
0
0
0
0
0
0
0
0
0
0
0
0
0
0
0
0
0
0
0
0
0
0
0
0
0
0
0
0
0
0
0
0
0
0
0
0
0
0
0
0
0
0
0
0
0
0
0
0
0
0
0
0
0
0
0
0
0
0
0
0
0
0
0
0
0
0
0
0
0
0
0
0
0
0
0
0
0
0
0
0
0
0
0
0
0
0
0
0
0
0
0
0
0
0
0
0
0
0
0
0
0
0
0
0
0
0
0
0
0
0
0
0
0
0
0
0
0
0
0
0
0
1.19758720135999
1.19758720135999
1.19758720135999
0
0.0136932112619328
0.0136932112619328
0
-1.21128041262193
0
0.0136932112619328
0
0
0
0
1000
0
0.0136932112619328
0
0.0136932112619328
0.0136932112619328
0
0
0
0
0
0
0
0
0
0
0
0
0
0
0
0
0
0
0
0
0
0
0
0
0
0
0
0
0
0
0
0
0
0
0
0
1.21128041262192
0
0
0
0
0
0
0
0
0
0
0
0
0
0
0
0
0
0
0
0
0
0
0
0
0
0
0
0
0
0
0
0
0
0
0
0
0
0
0
0
0
0
0
0
0
0
0
0
0
0
0
0
0
0
0
0
0
0
0
0
0
0
0
0
0
0
0
0
0
0
0
0
0
0
0
0
0
0
1.19758720135999
0.00365646895152229
0
0
0
0
0
0
0
1.57659522267131
0
0
0
0.988546694760449
0.988546694760449
0.988546694760449
0
0
0
0
0
0
1.35192551931666
0
0
0
0.00365646895152229
0
0
0
0
-1.35192551931664
1.35192551931666
0
0
0
0
0.371193422933766
0
0
0
0
0
0.234706445665058
0
0.224669703354648
0
0
0
0
0
0
0
0
0
0
11.0224910115384
11.0224910115384
11.0224910115384
0
0
0
0
-0.150681849005196
0
0
0
0
0
497.309425741443
0
0
0
0
0
0
0
0
0
0
0
0
0
0
0
0
0
0
0
0
0
0
0
0
0
0
0
0
0
0
0
0
0
0
0
0
0
0
0
0
0
0
0
0
0
0
0
0
0
0
0
0
0
0
0
0
0
0
0
0
0
0
0
0
0
0
0
0
0
0
0
0
0
0
0
0
0
0
0
0
0
0
0
0
0
0
0
0
0
0
0
0
0
0
0
0
0
0
0
0
0
0
0
0
0
0
0
0
0
0
0
0
0
0
0
0
0
0
0
0
0
0
0
0
0
0
0
0
0
0
0
0
0
0
0
0
0
0
0
0
0
0
0
0
0
0
0
0
0
0
0
0
0
0
0
0
0
0
0
0
0
0
0
0
0
0
0
0
0
0
0
0
0
0
0
0
0
0
0
0
0
0
0
0
0
0
0
0
0
0
0
0
0
0
0
0
0
0
0
0
0
0
0
0
0
0
0
0
0
0
0
0
0
0
0
0
0
0
0
0
0
0
0
0
0
0
0
0
0
0
0
0
0
0
0
0
0
0
0
0
0
0
0
0
0
0
0
0
0
0
0
0
0
0
0
0
0
0
0
0
0
0
0
0
0
0
0
0
0
0
0
0
0
0
0
0
0
0
0
0
0
0
0
0
0
0
0
0
0
0
0
0
0
0
0
0
0
0
0
0
0
0
0
0
0
0
0
0
0
0
0
0
0
0
0
0
0
0
0
1000
0
0
0
0
0
0
0
0
0
0
0
0
0
0
0
0
0
0
0
0
0
0
0
0
0
0
0
0
0
0
0
0
0
0
0
0
0
0
0
0
0
0
0
0
0
0
0
0
0
0
0
0
0
0
0
0
0
0
0
0
0
0
0
0
0
0
0
0
0
0
0
0
0
0
0
0
0
0
0
0
0
0
0
0
507.458008898592
0
0
507.458008898592
0
0
0
0
0
0
0
0
0
0
0
0
0
0
0
0
0
0
0
0
0
0
0
0
0
0
0
1000
0
0
0
0
0
0
0
0
0
0
0
0
0
0
0
0
0
0
0
0
0
0
0
0
0
0
0
0
0
0
0
0
0
0
0
0
0
0
0
0
0
0
0
0
0
0
0
0
0
0
0
0
0
0
0
0
0
0
0
0
0
0
0
0
0
0
0
0
0
0
0
0
0
0
0
0
0
0
0
0
0
0
0
0
0
0
0
0
0.16654156228276
0.16654156228276
0
0
0
0.16654156228276
0
0.16654156228276
-246.75723776781
0
0
0
0.0256217788141267
0
0
0
0
0
0
0
246.75723776781
0
0
0
0
0
1.00778996662264
0
0
0
0
0
0
1.00778996662264
0
1.00778996662264
1.00778996662268
0
0
0
0
0
0
0
0
0
0
0
0
0
0
0
0
0
0
0
0
0
0
0
0
0
0
0
0
0
0
0
0
0
0
0
0
0
120.32628994446
120.32628994446
0
0
0
0
0
0
0
0
0
0
0
0
0
0
0
0
0
0
0
0
0
0
0
0
0
0
0
0
0
0
0
0
0
0
0
0
0
0
0
0
0
0
0
0
0
0
0
0
1000
22.7596901805192
-1000
0
0
0
-1000
1000
1000
0
0
0
0
-1000
22.0558993958066
0
0
0
0
0
0
0
0
0
0
0
0
0
0
0
0
0
0
0
0
0
0
0
0
0
0
0
0
0
0
0
0
0
0
0
0
0
0
0
0
-1000
0
0
0
0
0
0
0
0
0
0
0
0
0
0
-999.996343531049
-1000
1000
-1000
1000
999.996343531049
-1000
0
0
0
0
0
0
0.0036564689514762
0
0
0
0
0
0
0.0146258758060892
0.00365646895152229
0.00365646895152229
0.00365646895152229
0.00365646895152229
0
0.00365646895152229
0
0
0
0
0
0
0
0
0.00273440286809493
0.00365646895152229
0.0100367423104105
1000
0.00182293524539662
0.00182293524539662
204.663438949206
0
0.000911467622700002
0.00182293524539662
0.0155161465073627
-0.0018229352454
0.00182293524539662
0.00182293524539662
0.00182293524539662
0.00182293524539662
0.00182293524539662
-0.0018229352454
-0.00364587049080001
0.00182293524539662
0.00182293524539662
0.0018229352454
0.00182293524539662
-999.9543630281
-0.0054794041968762
999.952540092855
0.0036564689514762
0.00182293524539662
0.00182293524539662
0.00365646895152229
0.00365646895152229
-0.0036564689514762
-0.0036564689514762
0.0036564689514762
0.0036564689514762
0.00182293524539662
0.00182293524539662
0.00182293524539662
0.00182293524539662
-0.0054794041968762
-999.986306788738
0
0
0
0
0
0
-1000
0
0
0
0.00365646895152229
0
0
0
0
0.00182823447576115
0.0036564689514762
0.0036564689514762
0
0.00365646895152229
0
0
0
0
0
-0.0036564689514762
0
0
0.00729174098158648
0.00182293524539662
0.00546880573618986
0.00182293524539662
-0.0018229352454
0.00182293524539662
0.00182293524539662
0.00182293524539662
0.00182293524539662
0.00182293524539662
0.00182293524539662
0.00364587049079324
0.00182293524539662
0.00182293524539662
0.00182293524539662
0.00182293524539662
0.00182293524539662
0
0.00182293524539662
0.00365646895152229
0.00365646895152229
0.00365646895152229
0.00365646895152229
0.00365646895152229
0.00365646895152229
0.00365646895152229
0.00365646895152229
0.00365646895152229
0.00365646895152229
0.00365646895152229
0.00365646895152229
0.00365646895152229
0.00365646895152229
0
0
0
0
0
0
0
0
0
0
0
0
-0.0036564689514762
0.00365646895152229
0.00365646895152229
0
0
0
0
0
0
0
0
0
0
0
0
0
0
0
0
0
0
0
0
0
0
0
0
0
0
0
0
0
0
0
0
0
0
0
0
0
0
0
0
0
0
0
0
0
0
0
0
0
0
0
0
0
0
0
0
0
0
0
0
0
0
0
0
0
1000
25.8335348969332
1000
0
0
0
0
0.00365646895152229
0
0
0
0
0
0
0
0
0
0
0
1000
0
0
0
0
0
0
0
0
0
0
1000
0
0
0
-209.15670590132
0
0
0
-25.8335348969332
0
-136.139125258762
0
0
0
0.00148028559689833
0
0
0
0
0
0
0
0
0
0.00148028559689833
0
0
861.704062473088
0
0
0
0
0.00148028559689833
0
0.00148028559689833
0
0.00148028559689833
0
0.551970005333687
0
0
0
0.0925178498061458
0
0.57324059739888
0
0
0
0.00148028559689833
0
0
0
0.00148028559689833
0
0.00148028559689833
0
0.00148028559689833
0
0.00148028559689833
0
0.00148028559689833
0
0.00296057119379667
0
0
0
0.00148028559689833
0
0.00148028559689833
0
0.00148028559689833
0
0.00148028559689833
0
0.00148028559689833
0
0.00148028559689833
0
0.00148028559689833
0
0.00148028559689833
0
0.00148028559689833
0
0.031085997534865
0
0.0146093068791498
0
0.0425582109108271
0
0.0429282823100517
0
0.0218342125542504
0
0.00148028559689833
0
25.8350151825301
0
0.0828169628243423
0
0.00148028559689833
0
0.00148028559689833
0
0.00148028559689833
0
0.00148028559689833
0
0.71941880009259
0
0
0
0.0795653508332854
0
0.400787325360224
0
0.025243885749236
0
0.00148028559689833
0
0.00148028559689833
0
0.0140627131705342
0
0.00148028559689833
0
0.00148028559689833
0
0.00148028559689833
0
0
-395.526390805584
0
0
0
0
0
0
0
0
0
966.92155755853
-1000
0
0
-1000
461.871190228243
789.078829516157
0
118.974364425143
1000
-1000
-1000
0
0
1000
0
0
0
0
0
-5.58238590700284
1000
0
0
0
0
-1000
995.973759585692
-0.0036564689514762
0
0
-3.68039497661812
0
0
0
0
0
-999.975379775726
1000
999.996343531049
-1000
0
-1000
0
1000
69.039949710066
989.376681464515
-1000
0
0
1000
0
-1000
1000
0
155.868172024011
975.59635968744
0
-1000
1000
1000
1000
0
0
0
0
-1000
-502.690574258557
0
0
0
0
0
0
0
0
0
0
0
1000
0
0
0
0
0
690.997685487258
0
0
0
0
1000
0
0
0
0
0
0
462.07736413429
0
0
0
-1000
1000
964.994790076576
-1000
1000
-1000
-1000
-1000
-1000
-1000
-1000
1000
1000
-1000
-1000
-1000
-1000
-1000
42.4341394586877
1000
-870.67970866378
-1000
-1000
1000
1000
1000
1000
1000
1000
471.745764360822
-1000
1000
-1000
-1000
-1000
-1000
-1000
-1000
-1000
-1000
-1000
1000
-1000
-597.896487923631
-1000
-1000
-1000
-1000
-1000
-1000
-1000
-1000
-1000
1000
-1000
-1000
-1000
-1000
-1000
-1000
1000
-1000
-1000
-1000
-1000
-1000
-1000
-1000
-1000
-1000
-1000
-1000
-1000
1000
1000
-1000
-1000
-1000
-1000
1000
-1000
-808.463964588106
1000
-1000
1000
1000
-1000
1000
-884.160601845133
1000
1000
1000
-1000
-17.7291448517827
1000
1000
971.841974206859
1000
-1000
-1000
-199.249257141097
-1000
-1000
-1000
-1000
-1000
-1000
-1000
1000
1000
1000
1000
1000
115.228738844021
1000
1000
-1000
950.570050974999
971.841974206859
-1000
-1000
-1000
964.978318302193
10.8213993504858
1000
-35.0216816978071
-10.8506511020979
-1000
0
0
0
0
0
0
0
0
0
0
0
0
0
0
0
0
0
0
0
0
0
0
0
0
0
0
0
0
0
0
0
0
0
0
0
0
0
0
0
0
0
0
0
0
0
0
0
0
0
0
0
0
0
0
0
0
0
0
0
0
0
0
0
0
0
0
0
0
0
0
0
0
0
0
0
0
0
0
0
0
0
0
0
0
0
0
0
0
0
0
0
0
0
0
0
0
0
0
0
0
0
0
0
0
0
0
0
0
0
0
0
0
0
0
0
0
0
0
0
0
0
0
0
0
0
0
0
0
0
0
0
0
0
0
0
0
0
0
0
0
0
0
0
0
0
0
0
0
0
0
0
0
0
0
0
0
0
0
0
0
0
0
0
0
0
0
0
0
0
0
0
0
0
0
0
0
0
0
0
0
0
0
0
0
0
0
0
0
0
0
0
0
0
0
0
0
0
0
0
0
0
0
0
0
0
0
0
0
0
0
0
0
0
0
0
0
0
0
0
0
0
0
0
0
0
0
0
0
0
0
0
0
0
0
0
0
0
0
0
0
0
0
0
0
0
0
0
0
0
0
0
0
0
0
0
0
0
0
0
0
0
0
0
0
0
0
0
0
0
0
0
0
0
0
0
0
0
0
0
0
0
0
0
0
0
0
0
0
0
0
0
0
0
0
0
0
0
0
0
0
0
0
0
0
0
0
0
0
0
0
0
0
0
0
0
0
0
0
0
0
0.00365646895152229
0
0
0
0
-1000
1000
997.511573274145
1000
1000
1000
1000
0
-1000
-1000
1000
-1000
1000
1000
1000
1000
-1000
-1000
1000
-1000
1000
1000
0
-1000
-1000
-1000
-1000
-1000
1000
-1000
-1000
-1000
-1000
-1000
-1000
1000
1000
-1000
-1000
-1000
-1000
1000
-1000
-1000
-1000
1000
1000
997.511573274145
-790.84329409868
-1000
-997.511573274145
0
-1000
-1000
-1000
0
0
0
0
0
0
0
0
0
0
0
0
0
0
0
0
-1000
-1000
0
0
0
0
0
1000
0
1000
0
0
0
0
0
0
0
0
0
-0.0036564689514762
0.00365646895152229
0
0
-0.0036564689514762
-0.0036564689514762
0
0
0
0
0
0
0
0
0
0
0
0
0
0
0
0
0
0
0
0
0
290.338838670747
0
0
0
0
0
0
0.00365646895152229
0
0
1000
-1000
-22.0558993958066
22.0558993958066
-1000
0
0
0
0
0.371193422933743
0
0
0
0
246.75723776781
0
0
0
0
0
0
268.869506558777
0
0
0
0
0
0
0
-1000
0
0
0.00365646895152229
0
0
0
0
1000
0
0
0
0
0
0
-1000
0
0
0
0
0
1000
0
0
0
0
0
0
0
0
0
0
0
0
0
0
0
0
0
0
0
0
0
0
0
0
0
1.00778996662264
0.00365646895152229
0
0
0
0
1000
0
865.837968130758
0
-136.139125258762
0
1.9770933895209
0
0
0
0
1000
0
-999.941496496776
0
379.357438759371
379.357438759371
0
0
0
0
0
-0.0292517516121507
0
0.0036564689514762
0
-923.847427455536
272.27607433417
1000
1000
0
0
277.716844941891
1000
1000
0
0
0
0
0
0
0.0036564689514762
0
1000
0
620.671812992241
0
0
1000
0.0292517516121507
0
-951.684992451981
0
0
-1000
0.00365646895152229
-1000
1000
0
0
0
0
0
272.213914361994
0
0
0
0
0
-1000
0
0
0
620.642561240629
0
0
0
0
0
0
0
0
0
1000
0
997.62903159838
0
0
0
0
0
0
0
0
0
0
0.988546694760449
0
0.00365646895152229
-0.0036564689514762
0.00365646895152229
0.00365646895152229
0
0
0.0036564689514762
381.615052357952
0
0
0.98854669476043
0
0
-0.0109694068545423
-1000
2.36731193266837
-1000
-1000
1000
1000
0
0
0.404844418953644
-1000
-1000
-1000
0
0
0
0
0
0
0
0
0
0
0
0
0
0
0
0
0
0
0
0
0
0
0
0
0
999.598812049998
0
0
0
0
0
0.00182293524539662
0
951.684992451981
0
0
0
0
0
0
0.00365646895152229
0
0
0
0
0
0
0
0
0
25.8335348969333
0
-206.668279175466
0
0
0
0
0
0
0
0
0
0
0
0
0
1000
0
0
0
0
206.668279175466
0
0
0
0
0
0
0
0
0
0
0
0
0
0
0
0
0
0
0
0
0
0
0
0
0
0
0
2.35815751221367
0
0
0
0
0
0
0
0
0
0
0
0
0
0
0
0
0
0
0
0
0
0
0
0
0
0
0
0
0
0
0
0
0
0
0
0
0
0
0
0
0
0
0
0
0
0
0
0
0
0
0
0
0
0
0
0
0
0
0
0
0
0
0
0
0
0
0
0
0
0
0
0
0
0
0
0
0
0
0
0
0
0
0
0
0
0
0
0
0
0
0
0
0
0
0
0
0
0
0
0
0
0
0
0
0
0
0
0
0
0
0
-999.975379775726
0
0.0018229352454
0
0.0200628861600762
0
0
-0.0246202242735762
0
1000
0.00455733811350001
0
0
0
0
0
0
0
0
0
0
0
0
0
0
0
0
0
0
0.00365646895152229
0.00365646895152229
0.00365646895152229
1000
-1000
0
-130.775434103235
-1000
0
0
0
0
0
0
-1000
620.642561240629
0
0
0
0
0
0
0
0
0
0
-1000
0
1000
0
-1000
-1000
-1000
-1000
-1000
-1000
0
0
0
0
0
0
0
0
0
0
-1000
0
1000
0.400498166849589
0.00365646895152229
0.00365646895152229
0.00365646895152229
0.00365646895152229
0.00365646895152229
0
0
0
-237.560236189884
0.0810456364301838
0
0
0
0
0
0
0
0
0
0
0
0
0
-1000
0
0
0
0
0
0
0
1000
-1000
0
1000
1000
1000
-1000
0
0
0
0
0
0
0
0
0
0
0
0
0
0
0
0
0
0
0
0
0
0
0
25.8335348969332
0
0
0
0
0
0
25.8335348969332
0
0
0
0
0
25.8335348969332
0
0
0
0
0
25.8335348969332
0
0
0
0.00365646895152229
-1000
0
0
0
0
0
0
0
0
0
-1000
0
0
0
0
0
0
0
0
1000
-1000
-1000
-1000
-1000
1000
0
0.0100367423104105
0
0
0
0
0
-1000
0
0
246.75723776781
0
0
0
999.978061186291
15.1190433807333
0
0
0
0
0.58804852791086
0.58804852791086
0
-999.973556840481
0
0
0
0
0
0
0
0
1000
0
0
204.659782480255
0
0
0
0
1000
0.00365646895152229
0
0
0
0
0
0
0
0
966.925214027482
1000
0
0
1000
0
0
0
1000
0
0.00546880573618986
0
0
0
-863.805734102753
0
-1000
0
0
0
-1000
-1000
0
0
0
0
-136.140605544359
0
0
0
-237.58146547149
237.58146547149
-1000
1000
-1000
1000
-1000
0
0
0
0
-1000
-1000
0
0
1000
0
0
0
0
0.00535752189853526
0
0
0
0
0
0
0
0
0
997.632688067332
0
997.632688067332
0
0
0
0
0
0
0
0
0
-1000
0
0
-1000
1000
-1000
-1000
1000
0
0
0
0
0
0
0
0
-1000
0
0
-1000
0.00182293524539662
0.00182293524539662
0
43.3810851170863
-1000
1000
-507.458008898592
-507.458008898592
363.318327154689
0
0
0
0
0
0
0
0
0
0
0
0
0
0
0
0
0
0
0
0
0
0
0
0
0
-0.0200628861600762
0
0
0
0
0
0
0
0
0
0
0
0
0
0
0
0
0
0
0
0
0
0
0
0
0
0
0
0
0
0
0
0
0
0
0
0
0
0
0
0
0
0
0
0
0
-1000
0
-1000
0
0
0
0
0
0
-1000
0
0
0
0
0
0
0
0
0
0
0
863.805734102753
0
0
0
0
0
0
0
0
0
0
0
0
0
1000
0
0
0
-134.162031869242
0
0
0
0
0
0
0
0
0
0
0
0
0
0
0
0
0
0
0
0
0
0
0
0
0
0
0
0
0
0
0
0
0
0
0
0
0
0
0
136.139125258762
0
0
0
0
0
0
0
0
0
0
0
0
0
0
0
0
0
0
0
0
0
0
0
0
0
0
0
0
0
0
0
0
0
0
0
0
0
0
0
0
0
0
0
0
0
0
0
0
0
0
0
0
0
0
0
0
0
0
0
0
0
0
0
0
0
0
0
0
0
0
0
0
0
0
0
0
0
0
0
0
0
0
0
0
0
0
0
0
0
0
0
0
0
0
0
0
0
0
0
0
0
0
0
0
0
0
0
0
0
0
0
0
0
0
0
0
0
0
0
0
0
0
0
0
0
0
0
0
0
0
0
0
0
0
0
0
0
0
0
0
0
0
0
-1000
0
0
0
0
0
0
0
0
0
0
0
0
0
0
0
0
0
0
0
0
0
517.619736607633
0
184.2864032743
184.2864032743
0
17.6168897433206
0
560.291417863453
1000
-1000
-560.12487630117
0
0
-395.526390805584
0
0
0
0
-0.0255952826606745
0.0219388137090846
0
0
0
0
0
0
0
0
0
0
0
0
0
0
0
0
0
0
0
0
0
0
0
0
0
0
0
0
0
0
0
0
0
0
0
0
0
0
0
0
0
0
0
0
0
0
0
0
0
0
0
0
0
0
0
0
0
0
0
0
0
0
0
0
0
0
0
0
0
0
0
0
0
0
0
0
0
0
0
0
0
0
0
0
0
0
0
0
0
0
0
0
0
0
0
0
0
0
0
0
0
0
0
0
0
0
0
0
0
0
0
0
0
0
0
0
0
0
0
0
0
0
0
0
0
0
0
0
0
0
0
0
0
0
0
0
0
0
0
0
0
0
0
0
0
0
0
0
0
0
0
0
0
0
0
0
0
0
0
0
0
0
0
0
0
0
0
0
0
0
0
0
0
0
0
0
0
0
0
0
0
0
0
0
0
0
0
0
0
0
0
0
0
0
0
0
0
0
0
0
0
0
0
0
0
0
0
0
0
0
0
0
0
0
0
0
0
0
0
0
0
0
0
0
0
0
0
0
0
0
0
0
0
0
0
0
0
0
0
0
0
0
0
0
0
0
0
0
0
0
0
0
0
0
0
0
0
0
0
0
0
0
0
0
0
0
0
0
0
0
0
0
0
0
0
0
0
0
0
0
0
0
0
0
0
0
0
0
0
0
0
0
0
0
363.318327154689
0
0
0
0
0
0
0
0
0
0
0
-1000
0
0
1.00778996662264
0
0.0036564689514762
-790.471236017991
0
0
0
0
0
0
0
0
0
0
0
0
0
0
0
0
0
0
0
0
0
0
0
0
0
0
0
0
0
0
0
0
0
0
0
0
0
0
0
0
0
0
0
0
0
0
0
0
0
0
0
0
0
0
0
0
0
0
0
0
0
0
0
0
0
0
0
0
0
0
0
0
0
0
0
0
0
0
0
0
0
0
0
0
0
0
0
0
0
0
0
0
0
0
0
0
0
0
0
0
0
0
0
0
0
0
0
0
0
0
0
0
0
0
0
0
0
0
0
0
0
0
0
0
0
0
0
0
0
0
0
0
0
0
0
0
0
0
0
0
0
0
0
0
0
0
0
0
0
0
0
0
0
0
0
0
0
0
0
1000
0
0
0
0
0
0
0
1000
0.0036564689514762
0
0
0
1000
0
0
0
0
0
0
999.948883623904
0
0
0
0
0
0
0
0
0
0
1000
-1000
0
0
0
0
0
0
0
0
0
0
0
0
0
0
0
0
0
0
0
0
0
0
0
0
0
0
0
0
0
0
0
0
0
0
0
0
0
0
0
0
0
0
0
0
0
0
0
0
0
0
0
0
0
0
0
0
0
0
0
0
0
0
0
0
0
0
0
0
0
0
0
0
0
0
0
0
0
0
0
0
0
0
0
0
0
0
0
0
0
0
0
0
0
0
0
0
0
0
0
0
0
0
0
0
0
0
0
0
0
0
0
0
0
0
0
0
0
0
0
0
0
0
0
0
0
0
0
0
0
0
0
0
0
0
0
0
0
0
0
0
1000
500
88.3205060754177
0
0
-0.98854669476043
0
0
471.410701177542
19.5364959438824
42.7029646874645
0.105984607290501
88.3205060754177
0
0
0
0
0
0
0
0
0
0
0
0
0
0
0
0
0
0
0
1000
-1000
0
-1000
0
0
0
0
0
-1000
155.001209381599
25.8335348969333
-25.8335348969332
0
0
-3.70071399224582
0
0
0
999.982671516708
0
0.0036564689514762
0
0.0118596775557864
0
0
0
0
0
0
0
0
0
0
0
0
0
0
0
0
0
0
0
25.8335348969333
0
136.139125258762
0
0
-737.135379205431
-0.719418800092626
-0.0310859975348876
0
-10.8506511020979
-21.2719232318595
-1000
-34.0182680122589
-10.6233185354851
-808.463964588106
-26.8773475428721
-4.66252783622735
-31.8188798577917
1000
-1000
0
0
0
0
0
-1000
171.754430794907
-17.7291448517827
-528.254235639178
-13.4808931813527
24.5763289820652
-24.2002823473214
-1000
975.59635968744
965.362957638972
0
1000
-978.774690777741
0
0
0
-0.0036564689514762
0
999.816377251844
-1000
0
0
0
0
0.371193422933743
0
1000
-999.970748248388
0
0
0
0
0
0
0
0
0
0
-0.0036564689514762
0
0
-1000
1000
0
0
0
0
0
0
0
290.338838670747
-290.338838670747
0
0
0
0
1000
0
206.668279175466
0
0
0
-1000
246.75723776781
-0.0036564689514762
-0.0036564689514762
-1.00778996662268
977.944100604193
0
0
-0.0036564689514762
0
-0.0036564689514762
0
0
0
-0.0036564689514762
0
0
0
-0.0036564689514762
0
0
0
0
0
0
0
0
0
0
0
1000
0
0
0
0
0
966.92155755853
0
0
0
0
0
0
-538.128809771756
0
497.309425741443
0
0
-1000
0
1000
0
0
-0.0036564689514762
0
0
0
0
-35.005209923424
0
0
0
0
0
0
0
21.2253092222593
0
1000
-3.68039497661812
0
-1000
-1000
0
0
0
0
0
0
0
0
2.48842672585465
1000
0
0
0
0
0
0
0
0
0
995.973759585692
-1000
789.078829516157
0
0
118.974364425143
0
0
0
0
0
0
-1000
0
0
0
-1000
-1000
0
0
0
0
0
-1000
0
0
0
0
-944.869314631675
-1000
999.996343531049
0
0
0
0
0
0
1000
0
-1000
-5.58238590700284
0
0
-262.840000570296
0
0
0
0
0
0
0
1000
0
-0.0252438857492052
-0.00148028559692648
-0.40078732536017
-1000
-0.0218342125542677
-0.0828169628243813
-0.0140627131705742
-0.0795653508332634
-0.0425582109107836
0
0
0
861.704062473088
0
-0.00148028559692648
0
-0.00148028559692648
-0.00148028559692648
0
0
0
-0.00148028559692648
-0.551970005333715
-0.573240597398922
0
-15.1190433807334
0
0
-0.00148028559692648
-0.0146093068791515
0
-25.8350151825301
-0.00148028559692648
-0.00148028559692648
-0.00148028559692648
-0.0429282823100721
0
-0.0925178498061996
0
0
0
-1000
1000
-497.309425741443
497.309425741443
-1000
1000
-0.0036564689514762
-1000
1000
-1000
0
0
0
-1000
-21.2253092222593
0
1000
0
0
0
0
0
0
0
0
0
0
0
0
0
0
262.840000570296
1000
-1000
-43.3810851170862
43.3810851170863
1000
-1000
-1000
1000
1000
0
0
1000
0
0
0
-0.00148028559692648
-0.00148028559692648
0
0
0
0
0
-560.291417863453
560.12487630117
-0.0255952826606745
0.0219388137090846
0
0
0
0
0
-1000
0
0
0
0
0
0
0
0
0
0
0
0
0
0
0
0
0
0
0
0
0
0
0
0
0
0
0
0
0
0
0
0
0
0
0
0
0
0
0
0
0
0
0
0
0
0
0
0
0
0
0
0
0
0
0
0
0
0
0
0
0
0
0
0
0
0
0
0
0
0
0
0
-0.00148028559692648
0
0
0
0
0
0
0
0
0
0
0
0
0
0
0
0
0
0
0
0
0
0
0
0
0
0
0
0
0
0
0
0
0
0
0
0
0
0
0
0
0
0
0
0
0
0
0
0
0
0
0
0
0
0
0
0
0
0
0
0
0
0
0
0
0
0
0
0
0
0
0
0
0
0
0
0
0
0
0
0
0
0
0
0
0
0
0
0
0
0
0
0
0
0
0
0
0
0
0
0
0
0
0
0
0
0
0
0
0
0
0
0
0
0
0
0
0
0
0
0
0
0
0
0
0
0
0
0
0
0
0
0
0
0
0
0
0
0
0
0
0
0
0
0
0
0
0
0
0
0
0
0
0
0
0
0
0
0
0
0
0
0
0
0
0
0
0
0
0
0
0
0
0
0
0
0
0
0
0
0
0
0
0
0
0
0
0
0
0
0
0
0
0
0
0
0
0
0
0
0
0
0
0
0
0
0
0
0
0
0
0
0
0
0
0
0
0
0
0
0
0
0
0
0
0
0
0
0
0
0
0
0
0
0
0
0
0
0
0
0
0
0
0
0
0
0
0
0
0
0
0
0
0
0
0
0
0
-1000
0
1000
0
0
1000
790.471236017991
0
0
0
0
0
0
0
0
0
0
0
0
0
0
0
0
0
0
999.948883623904
0
0
0
0
0
0
0
-1000
0
-1000
-0.0036564689514762
0
0
0
0
0
0
0
0
-1000
0
0
0
0
0
0
0
0
0
0
0
0
0
0
0
0
0
0
0
0
0
0
0
0
0
0
0
0
0
0
0
0
0
0
0
0
0
0
0
0
0
0
0
0
0
0
0
0
0
0
0
-1000
1000
1000
-1000
1000
1000
-0.00148028559692648
-0.00148028559692648
-0.00148028559692648
-0.00148028559692648
0
-0.00148028559692648
-0.00148028559692648
0
-0.00148028559692648
-0.00148028559692648
-0.00148028559692648
-0.00148028559692648
0
-0.00296057119385296
-0.00148028559692648
-0.00148028559692648
-0.00148028559692648
-0.00148028559692648
0
-0.00148028559692648
0
-0.00148028559692648
-0.00148028559692648
-0.00148028559692648
0
-1000
88.3205060754176
0
1000
0
0
0
0
0
0
0
0
0
