0
0
0
0
0
0
0
1000
-835.688136865276
840.390920450005
159.609079549995
0
0
199.265536937372
1000
0
999.732993482236
-999.732993482235
999.938719815595
0
0.0612801844049783
0
-1000
0.385189730545562
0
1000
-201.832679650774
0
-54.9574516267278
0.025236318813378
0
0
0
0
0
0.0337480087789745
0
17.7509355374367
17.7509355374367
36.7735424808719
17.7509355374367
17.7509355374367
0
0
17.7509355374367
0
0
0
0
0
0
0
0
0
0
0
0
0
0
0
0
0
0
0
0
0
0
0
232.466807001095
0
0
0
0
1000
1000
0
0
0
0
232.466807001095
0
0
-1000
0
0
0
0
0
0
0
0
0
0
0
0
0
0
0
0
0
0
0
0
0
0
0
0
0
0
0
0
0
0
0
0
0
0
0
0
0
0
0
0
0
0
0
0
0
0
0
833.932897297676
0
0
1000
0
0
0
0
0
0
1000
0
0
0
0
-15.3416611948013
0
0
0
0
-1000
0
0
0
-204.564025012824
0
0
598.47282212102
1000
1000
401.518423566922
0
0
0
-1000
401.518423566922
600.783960504294
1000
-800.734463062628
0
204.564025012824
1000
0
0
0
0
0
1000
675.220748022962
0
0
0
0
0
-4.12261557910836
0
0
0
0
0
0
1000
-4.07501004657342
-1000
0
0
0
0
1000
0
0
0
1000
0
0
0
0
0
-4.12699273513726
0
-999.995622843971
0
0
0
0
0
0
0
0
0
0
0
-1000
0
0
-0.00374796813855482
0
998.30297615493
0
0.483433571757401
0
0
0.492187883815255
0.721402389497484
0
1000
328.901454857176
328.901454857176
174.880400150787
-825.119599849213
328.901454857176
-174.880400150787
0
0
0
0
0
0
0
0
0
0
0
0
-446.414009441625
0
998.558453596786
-1000
0
-1000
0.00374796813855482
-1000
-4.6660610011246
-1.01328400885404
336.71665827371
0
0
-0.725150357636153
0.00374796813855482
1000
-1000
1000
0
0
1000
0
0.188217709243862
0
-0.188217709243872
0
0.00186855223241063
0
0
0
0
2.75920887978737
0
0
0
999.732993482235
0
662.725833275991
0
0
0
0
0
0
-999.996252031861
0
1000
0
0
0
1000
0
-0.188217709243872
0
-0.721402389497484
0
0
0.721402389497484
0
0
0
-0.00374796813855482
0
0
0
-1000
0
0
0
-700.184486437971
0.721402389497484
0
-1000
-1.01328400885404
0
0
0
0
0
0
0
0.00374796813855482
0
0
0
0
0
1000
0
0
0
2.417167858787
10.1756429710734
0
0
0
0
0
0
0
0
0
260.160113571427
-1000
1000
-1000
-1000
1000
0
1000
0
-1000
0
-663.21488336812
1000
-999.512818460104
1000
0
-1000
0
0
0
0
-1000
0
1000
-1000
-0.00374796813855482
-1000
1000
0
999.585024786413
1000
-1000
0
0
0
0
0
0
1.01328400885402
-1000
1000
1000
-1000
1000
-1000
0.00875431205781751
-1000
-1000
1000
0
1000
1000
-1000
0
-1000
-1000
1000
-1000
-304.973762446969
1000
1000
-1000
1000
1000
0
0
0
1000
-1000
2.4265513587352
0
0
-328.901454857176
0
0
0
-148.932983865606
1000
0
0
0
0.477110007153101
0
0
0
0
0
0
0
0
0
0
31.3178905133635
0
0
0
0
0.00374796814059108
0
930.209614858243
-851.070764102535
-79.1388507557082
0
0
79.1388507557082
0
0
0
0
0
0
0
0
0
0
0
0
0
0
0
0
0
0
0
0
0
0
0
0
0
0
0
0
0
0
0
0
0
0
0
0
0
0
0
1000
1000
1000
0.109428900723174
0.109428900723174
0
-999.278597610503
0
0
0
0
0
0
0
0
0
0
0
0
0
0
0
0
-650.590527803628
0
0
0
0
0
0
0
0
0
0
0
0
0
0
0
0
0
0
0
0
0
0
0
0
0
0
0
0
0
0
0
0
0
0
0.170709085124145
0
0
0
1000
0
0
0
0
0
0
-1000
0
0
0
0
0
0
0
0
0
0
0
0
0
0
0
0
0
0
0
0
0
0
0
0
0
0
0
0
-446.921544498588
0
0
0.170709085124145
0
0
0
0
0
0
0
0
0
982.003492732
0
0
0
0
0
0
0
0
0
0
0
0
0
0
0
0
0
0
0
0
0
0
0
0
0
0
0
0
0
0
0
0
0
0
-1000
0
0
0
0
0
0
0
0
0
0
0
0
0
33.906194761859
0
33.906194761859
0
0
0
0
0
0
0
0
0
0
0
0
0
0
0
0
0
0
0
0
0
0
-1000
0
0.00437715602892702
0
0
0
0
0.792265241235791
0.792265241235791
0
35.8511937753535
0
0
0
0
0
0
0
0
0
0
0
0
0
0
0
0
0
0
1000
0
0
0
0
0
-1000
0
0
0
-1000
0
0
-1000
0
0
0
0
2.27612113504205
0
0
2.27612113504205
0
0
0
0
0
0
0
0
0
0
2.27612113504205
0
2.27612113504205
0
0
0
13.578123589526
38.7049003388269
24.7402109531578
18.1202716942073
26.8663228319447
8.84269258677318
20.6812700936553
37.8351272975049
34.839242377396
11.0171251900781
21.3577602369057
44.0201800357944
34.7426009283602
10.7272008429707
17.7820266225821
24.643569504122
31.9399989063228
25.8515876170691
4.73543100275285
32.2299232534301
0
0
0
0
0
0
0
0
0
0
0
0
0
0
0
0
0
0
0
0
0
0
0
0
0
0
0
0
0
0
0
0
0
0
0
0
0
0
0
0
0
0
0
0
0
0
0
0
0
0
0
0
0
0
0
0
0
0
0
0
0
0
0
0
0
0
0
0
0
0
0
0
0
0
0
0
0
0
0
0
0
0
0
0
0
0
-2.036260049465e-12
0
0
-2.036260049465e-12
0
0
0
0
0
-1000
0
0
0
0
1000
1000
-1000
-1000
0
0
0
0
301.027225958356
349.405724228231
0
0.477110007153101
-650.590527803628
-650.590527803628
-1000
0
-349.409472196372
650.590527803628
-349.532032565182
1000
301.035980270414
1000
650.594275771769
0
-301.027225958356
650.594275771769
0
-1000
-650.594275771769
-1000
0
0
0
650.590527803628
650.590527803628
349.409472196372
0
0
0
0
0
0
0
0
0
0
0
-1000
325.800031922171
1000
1000
0
500
750.001553958288
2.51311245665418
5
0
0
0
0
1.03300882282667
0
424.705848611009
0
0
0
0
-0.00152294249392071
0
0
0
0
-0.00152294249392071
0
324.738024327491
0
-0.00304588498784142
0
-0.00152294249392071
-0.567896260859129
0
-0.0951839058699306
0
-1000
-0.591282423264374
0
-0.00152294249392071
-0.00152294249392071
0.00152294249392071
-0.00152294249392071
0.00152294249392071
-0.00152294249392071
-0.00152294249392071
-0.00152294249392071
-0.00152294249392071
-0.00152294249392071
-0.00152294249392071
-0.00152294249392071
-0.00152294249392071
-0.00152294249392071
-0.00152294249392071
-0.00152294249392071
-0.0319817923723349
-0.0150099786886813
-0.0437845967002204
-0.0441653323237006
-0.0224634017853305
0.00152294249392071
0.00152294249392071
-0.0852795650951066
0.00152294249392071
0.00152294249392071
0.00152294249392071
0.00152294249392071
-0.74015005204501
0
-0.0818581590482381
-0.412336680228805
-0.0258952369609915
0.00152294249392071
0.00152294249392071
0.0144679536922467
0.00152294249392071
0.00152294249392071
-0.00152294249392071
0
0
0
0
0
0
0
0
0
0
0
0
0
0
0
0
0
0
0
0
0
0
0
0
0
0
0
0
0
0
0
0
0
0
0
0
0.00549158810167683
0
0
0
0
0
0
0
0
0
0
0
0
0
0
0
0
0
0
0
0
0
0
0
0
0
0
0
0
0
0
0
0
0
0
0
0
0
0
0
0
0
0
0
0
0
0
0
0
0
0
0
0
0
0
0
0
0
0
0
0
0
0
0
0
0
0
0
0
0
0
0
0
0
0
0
0
0
0
0
0
0
0
0
0
0
0
0
0
0
0
0
0
0
0
0
0
0
0
0
0
0
0
0
0
0
0
0
0
0
0
0
0
0
0
0
0
0
0
0
0
0
0
0
0
0
0
0
0
0
0
0
0
0
0
0
0
0
0
0
0
0
0.00152294249391979
174.708894495997
0.00152294249391979
0
573.067216197817
0
0
0
0
0.00152294249391979
0
0
0.00152294249391979
0
0
0
0
0
0
0
0
0
0
0
0
0
0
0
0
0
0
0
0
0
0
0
0
0
0
0
0
0
0
0
0
0
0
0
0
0
0
0
0
0
0
0
0
0
0
0
0
0
0
0
0
0
0
0
0
0
0
0
0
0
0
0
0
0
0
0
0
0
0
0
0
0
0
0
0
0
0
0
0
0
0
0
0
0
0
0
0
0
0
0
0
0
0
0
0
0
0
0
0
0
0
0
0
0
0
0
0
0
0
0
0
0
0
0
0
0
0
0
0
0
0
0
0
0
0
0
0
0
0
0
0
0
0
0
0
0
0
0
0
0
0
0
0
0
0
0
0
0
0
0
0
0
0
0
0
0
0
0
0
0
0
0
0
0
0
0
0
0
0
0
0
0
0
0
0
0
0
0
0
0
0
0
0
0
0
0
0
0
0
-1000
0
0
0
0
0
0
0
0
0
0
0
0
0
0
0
0
0
0
0
0
0
0
0
0
0
0
0
0
0
0
0
0
0
0
0
0
0
0
0
0
0
0
0
0
0
0
0
0
0
0
0
0
0
0
0
0
0
0
0
0
0
0
0
0
0
0
0
0
0
0
0
0
0
0
0
0
0
0
0
0
0
0
0
0
0
0
0
0
0
0
0
1000
1000
0
0
0
0
0
0
0
0
0
0
0
0
0
0
0
0
0
0
-1000
0
-1000
0
0
0
0
0
0
0
1000
1000
0
0
0
0
0
0
0
0
0
0
0
0
0
0
0
0
0
0
0
0
0
0
0
0
0
0
0
0
0
0
0
0
0
0
0
0
0
0
0
0
0
0
0
0
0
0
0
0
0
0
0
0
0
0
0
0
0
0
0
0
0
0
0
0
0
0
0
0
0
0
0
0
0
0
0
0
0
0
0
0
0
0
0
1000
48.3098590315037
0
0
0.00152294249392071
0
1000
0
174.707371553503
0
0
575.237421781092
573.065693255323
324.738024327491
0
0
0
0.00549158810167683
0.589759480770454
0
-999.41024051923
999.998477057506
0
0
0
0
0
0
0
0
0
0
0
0
0
-1000
0.00549158810167683
0
0
0
-0.020564938232269
0
0
0
0
0
0
0
0.020564938232269
0
0
0
0
0
424.705848611009
-1000
1000
-174.705848611009
-174.705848611009
801.692207051069
-48.3098590315037
1000
-0.0224878088434934
0
0
0.00152294249392071
-0.00152294249392071
0
0
174.762578218908
-174.762578218908
1000
0
-174.707371553503
-174.707371553503
0
0
1000
0
1000
-825.237421781092
-1000
0
-675.261975672509
-324.738024327491
-1000
0
0
0
0
0
-1000
0
-0.589759480770454
0
0
0
-999.41024051923
999.41024051923
-1000
0
0
0
-1000
0
0
0
-1000
0
0
0
0
0
0
0
0
0
0
0
0
0
0
0
0
0
0
0
-1000
1000
-1000
0
-1000
0
-1000
0
-1000
0
0
0
0
0
0
0
0
0
-1000
0
-1000
0
-1000
0
-1000
0
-1000
0
-1000
0
0
0
0
0
0
0
0
0
0
0
-1000
250
-250
0
0
0
0
0
0
0
0
0
0
0
0
0
0
0
0
0
0
0
0
0
0
0
0
0
0
0
0
0
0
0
0
0.00549158810167683
-0.00549158810167683
0
0
0
0
0
0
0
0
0
0
0
0
0
0
0
0
0
0
0
0
0
0
0
0
0
0
0
0
0
0
0
0
0
0
0
0
0.00549158810167683
-0.00549158810167683
0
0
0
0
0
0
0.020564938232269
0.020564938232269
0
0
0
0
0
0
0
0
0
0
0
0
0
0
0
0
-0.020564938232269
-0.020564938232269
0
0
0
0
0
0
0
0
0
0
0
0
0
0
0
0
0
0
0
0
0
0
0
0
0
0
0
0
0
0
0
0
0
0
0
0
0
0
0
0
0
0
0
0
0
1.22755552851288
0.00374796814059108
0
0
0
0
0
0
0
0
0.154452499644919
0
0
0
0
0
0
0
0
0
0
0
0
0
0
0
0
0
0
0
0
0
0
0
0
0
0
0
0
0
0
0
1000
-1000
0
0
0
0
0
0
0
0
0
0
0
0
0
0
0
0
0
0
0
0
0
0
0
0
0
174.762578218908
174.762578218908
174.762578218908
0
0
0
0
174.705848611009
174.705848611009
0
0
0
0
0
0
0
0
0
0
0
0
0
0
0
0
0
0
0
0
0
0
0
0
0
0
0
0
0
0
0
0
0
0
0
0
0
0
0
0
0
0
0
0
0
0
0
0
0
0
0
0
0
0
0
0
0
0
0
0
0
0
0
0
0
0
0
0
0
0
0
0
0
0
0
0
0
0
0
0
0
0
0
0
174.707371553503
174.707371553503
174.707371553503
174.707371553503
-174.707371553503
0
0
0
0
0
0
0
0
0
0
0
0
0
0
0
0
0
0
0
0
0
0
0
0
0
0
0
0
0
0
0
0
0
0
0
0
0
0
0
0
0
0
0
0
0
0
0
0
0
0
0
0
0
0
0
0
0
0
0
0
0
0
0
0
0
0
0
0
0
0
0
0
0
0
0
0
0.00374796814059108
0.00374796814059108
0.00374796814059108
0.00374796814059108
0.00374796814059108
0
0
0
0
0
0
0
0
0
0
0
0
0
0
0
0
0
0
0
0
0
0
0
0
0
0
0
0
0
0
0
0
0
0
0
0
0
0
0
0
0
0
0
0
0
0
0
15.3416611948013
15.3416611948013
-15.3416611948013
5.10514180593905
-2.55069691889923
2.55069691889923
2.55069691889923
2.55069691889923
0
0
0
0
0
0
0
0
0
0
0
0
0
0
0
0
0
0
0
0
2.55069691889923
0
2.54322270996959
2.55069691889923
2.55069691889923
2.55069691889923
2.55069691889923
2.55069691889923
2.55069691889923
2.55069691889923
2.55069691889923
2.55069691889923
2.55069691889923
2.55069691889923
2.55069691889923
2.55069691889923
2.55069691889923
2.55069691889923
2.55069691889923
15.3416611948013
15.3416611948013
5.10514180593905
5.10514180593905
0
0
0
0
0
0
0
0
0
0
0
0
0
0
0
0
0
0
0
0
0
0
0
0
0
0
0
0
0
0
0
0
0
0
0
0
0
0
0
0
0
0
0
0
0
0
0
0
0
0
0
0
0
0
0
0
0
0
0
0
0
0
0
0
0
0
0
0
0
0
0
0
0
0
0
0
0
0
0
0
0
0
0
0
0
0
0
0
0
0
0
0
0
0
0
0
0
0
0
0
0
0
0
0
0
0
0
0
0
0
0
0
0
0
0
0
0
0
0
0
0
0
0
0
0
0
0
0
0
0
0
0
0
0
0
0
0
0
0
0
0
0
0
0
0
0
0
0
0
0
0
0
0
0
0
0
0
0
0
0
0
0
0
0
0
0
0
0
0
0
0
0
0
0
0
0
0
0
0
0
0
0
0
0
0
0
0
0
0
0
0
0
1.22755552851288
1.2415913976075
1.2415913976075
0
0
0
0
-1.24159139760752
1.2415913976075
0
0
0.0140358690946194
0
0
0
0
0
0
0
0
0
0
0
0
0
0
0
0
0
0
0
0
0
0
0
0
0
0
0
0
0
0
0
0
0
0
0
0
0
0
0
0
0
0
0
0
0
0
0
0
0
0
0
0
0
0
0
0
0
0
0
0
0
0
0
0
0
0
0
0
0
0
0
0
0
0
0
0
0
0
0
0
0
0
0
0
0
0
0
0
0
0
0
0
0
0
0
0
0
0
0
0
0
0
0
0
0
0
0
0
0
0
0
0
0
0
0
0
0
0
0
0
0
0
0
0
1.22755552851288
0.00374796814059108
0
0
0
0
0
0
0
1.61604781649249
0
0
0
1.01328400885402
1.01328400885402
1.01328400885402
0
0
0
0
0
0
1.38575599629839
0
0
0
0.00374796814059108
0
0
0
0
-1.38575599629837
1.38575599629839
0
0
0
0
0
0
0
0
0
0
0.240579721148125
0
0.230291820194096
0
0
0
0
0
0
0
0
0
0
11.2983169524791
11.2983169524791
11.2983169524791
0
0
0
0
-0.15445249964489
0
0
0
0
0
0
0
0
0
0
0
0
0
0
0
0
0
0
0
0
0
0
0
0
0
0
0
0
0
0
0
0
0
0
0
0
0
0
0
0
0
0
0
0
0
0
0
0
0
0
0
0
0
0
0
0
0
0
0
0
0
0
0
0
0
0
0
0
0
0
0
0
0
0
0
0
0
0
0
0
0
0
0
0
0
0
0
0
0
0
0
0
0
0
0
0
0
0
0
0
0
0
0
0
0
0
0
0
0
0
0
0
0
0
0
0
0
0
0
0
0
0
0
0
0
0
0
0
0
0
0
0
0
0
0
0
0
0
0
0
0
0
0
0
0
0
0
0
0
0
0
0
0
0
0
0
0
0
0
0
0
0
0
0
0
0
0
0
0
0
0
0
0
0
0
0
0
0
0
0
0
0
0
0
0
0
0
0
0
0
0
0
0
0
0
0
0
0
0
0
0
0
0
0
0
0
0
0
0
0
0
0
0
0
0
0
0
0
0
0
0
0
0
0
0
0
0
0
0
0
0
0
0
0
0
0
0
0
0
0
0
0
0
0
0
0
0
0
0
0
0
0
0
0
0
0
0
0
0
0
0
0
0
0
0
0
0
0
0
0
0
0
0
0
0
0
0
0
0
0
0
0
0
0
0
0
0
0
0
0
0
0
0
0
0
0
0
0
0
0
0
0
0
0
0
0
0
0
0
0
0
0
0
0
0
0
0
0
0
0
0
0
0
0
0
0
0
0
0
0
0
0
0
0
0
0
0
0
0
0
0
0
0
0
0
0
0
0
0
0
0
0
0
0
0
0
0
0
0
0
0
0
0
0
0
0
0
0
0
0
0
0
0
0
0
0
0
0
0
0
0
0
0
0
0
0
0
0
0
0
0
0
0
0
0
0
0
0
0
0
0
0
0
0
0
33.1012681628281
0
33.1012681628281
0
0
0
0
0
0
0
0
0
0
0
0
0
0
0
0
0
0
0
0
0
0
0
0
0
0
0
0
1000
0
0
0
0
0
0
0
0
0
0
0
0
0
0
0
0
0
0
0
0
0
0
0
0
0
0
0
0
0
0
0
0
0
0
0
0
0
0
0
0
0
0
0
0
0
0
0
0
0
0
0
0
0
0
0
0
0
0
0
0
0
0
0
0
0
0
0
0
0
0
0
0
0
0
0
0
0
0
0
0.170709085124145
0.170709085124145
0
0
0
0
0.170709085124145
0.170709085124145
0
2.04636307898909e-12
0
0
0
-2.036260049465e-12
0.0262629361714062
0
1000
0
0
0
0
0
0
-2.036260049465e-12
0
0
0
0
0
0
0
0
0
0
0
0
0
0
0
0
0
0
0
0
0
0
0
0
0
0
0
0
0
0
0
0
0
0
0
0
0
0
0
0
0
0
0
0
0
0
0
0
0
0
0
0
740.282577956507
740.282577956507
0
0
0
0
0
0
0
0
0
0
0
0
0
0
0
0
0
0
0
0
0
0
0
0
0
0
0
0
0
0
0
0
0
0
0
0
0
0
0
0
0
0
0
0
0
0
0
0
1000
-1000
519.689089495098
0
0
0
-1000
1000
1000
0
0
0
0
518.9676871056
-1000
0
0
0
0
0
0
0
0
0
0
0
0
0
0
0
0
0
0
0
0
0
0
0
0
0
0
0
0
0
0
0
0
0
0
0
0
0
0
0
0
-1000
0
0
0
0
0
0
0
0
0
0
0
0
0
0
0
0
0
-999.996252031859
-1000
1000
-1000
1000
999.99625203186
-1000
0
0
0
0
0
0
0.00374796814060119
0
0
0
0
0
0
0
0
0
0
0
0
0
0
0
0
0
0
0
0
0
0
0.00280282834861594
0.00374796814059108
0.0102879009540283
1000
0.00186855223241063
0.00186855223241063
232.945433607343
0
0.000934276116140609
0.00186855223241063
0.015904421327052
-0.0018685522323949
0.00186855223241063
0.00186855223241063
0.00186855223241063
0.00186855223241063
0.00186855223241063
-0.0018685522323949
-0.00373710446478981
0.00186855223241063
0.00186855223241063
0.0018685522323949
0.00186855223241063
-999.953221012135
-0.00561652037299609
999.951352459903
0.00374796814060119
0.00186855223241063
0.00186855223241063
0.00374796814059108
0.00374796814059108
-0.00374796814060119
-0.00374796814060119
0.00374796814060119
0.00374796814060119
0.00186855223241063
0.00186855223241063
0.00186855223241063
0.00186855223241063
-0.00561652037299609
-999.985964130905
0
0
0
0
0
0
-1000
0
0
0
0.00374796814059108
0
0
0
0
0.00187398407029554
0.00374796814060119
0.00374796814060119
0
0.00374796814059108
0
0
0
0
0
-0.00374796814060119
0
0
0.0074742089296425
0.00186855223241063
0.00560565669723188
0.00186855223241063
-0.0018685522323949
0.00186855223241063
0.00186855223241063
0.00186855223241063
0.00186855223241063
0.00186855223241063
0.00186855223241063
0.00373710446482125
0.00186855223241063
0.00186855223241063
0.00186855223241063
0.00186855223241063
0.00186855223241063
0
0.00186855223241063
0.00374796814059108
0.00374796814059108
0.00374796814059108
0.00374796814059108
0.00374796814059108
0.00374796814059108
0.00374796814059108
0.00374796814059108
0.00374796814059108
0.00374796814059108
0.00374796814059108
0.00374796814059108
0.00374796814059108
0.00374796814059108
0
0
0
0
0
0
0
0
0
0
0
0
-0.00374796814060119
0.00374796814059108
0.00374796814059108
0
0
0
0
0
0
0
0
0
0
0
0
0
0
0
0
0
0
0
0
0
0
0
0
0
0
0
0
0
0
0
0
0
0
0
0
0
0
0
0
0
0
0
0
0
0
0
0
0
0
0
0
0
0
0
0
0
0
0
0
0
0
527.446606486511
500
0
0
0
0
0
0.00374796814059108
0
0
0
0
0
0
0
0
0
0
0
0
0
0
0
0
0
0
0
0
0
0
0
-18.0653567184974
0
-1.03300882282667
0
-424.705848611009
0
0
0
0
0
0.00152294249391979
0
0
0
0
0
0
0
0
0
0.00152294249391979
0
0
0
0
0
0
0
0.00304588498783958
0
0
0
0.00152294249391979
0
0.567896260859169
0
0
0
0.095183905869987
0
0
0
0
0
0.59128242326436
0
0
0
0.00152294249391979
0
0.00152294249391979
0
0.00152294249391979
0
0.00152294249391979
0
0.00152294249391979
0
0.00152294249391979
0
0.00152294249391979
0
0.00152294249391979
0
0.00152294249391979
0
0.00152294249391979
0
0.00152294249391979
0
0.00152294249391979
0
0.00152294249391979
0
0.00152294249391979
0
0.00152294249391979
0
0.00152294249391979
0
0.0319817923723156
0
0.0150099786886312
0
0.043784596700194
0
0.044165332323674
0
0.0224634017853169
0
0.00152294249391979
0
0.00152294249391979
0
0.0852795650951389
0
0.00152294249391979
0
0.00152294249391979
0
0.00152294249391979
0
0.00152294249391979
0
0.740150052045019
0
0
0
0.0818581590481888
0
0.412336680228784
0
0.025895236961006
0
0.00152294249391979
0
0.00152294249391979
0
0.014467953692238
0
0.00152294249391979
0
0.00152294249391979
0
0.00152294249391979
0
0
-1000
0
0
0.0140358690946414
1000
0
0
0
0
0
-481.03606086254
-1000
0
0
0
-637.192350380965
492.143134945464
174.880400150787
0
738.896821960208
-662.725833275991
-611.265958652361
-1000
0
0
1000
0
0
0
0
0
657.003754186758
1000
0
0
0
0
999.996252031861
995.876755233001
-0.00374796814060119
0
0
-3.77249288864141
0
1000
0
0
0
-982.22382814375
1000
-1000
-1000
-1000
362.807649619035
0
1000
0
0
-1000
0
0
1000
847.006400970877
-1000
1000
0
1000
0
0
643.325218442872
1000
1000
1000
0
0
0
0
0
-1000
0
0
0
0
0
0
0
0
0
1000
0
1000
0
0
0
0
0
1000
0
0
0
0
1000
0
0
0
0
0
0
0
0
0
-1000
-1000
-1000
-1000
1000
-1000
-1000
-448.507425711087
-1000
-1000
-1000
1000
1000
-1000
-1000
-1000
-1000
-516.854189507522
-1000
1000
-1000
-1000
-1000
1000
1000
1000
1000
1000
1000
397.34762437977
-1000
1000
-438.850582102933
-986.181762016771
-1000
-1000
-1000
-1000
1000
-1000
-1000
1000
-1000
-1000
-1000
-1000
-1000
508.611805550668
-1000
-1000
-1000
-1000
-1000
1000
-1000
-1000
-1000
-1000
-1000
-1000
-1000
-1000
-1000
-1000
-1000
1000
-1000
-1000
-1000
-1000
558.028367149579
-1000
-1000
-1000
1000
-1000
-561.149417897067
-1000
-1000
1000
-1000
-1000
1000
-1000
-1000
1000
1000
1000
-1000
1000
1000
1000
-1000
-1000
1000
1000
1000
1000
-1000
-1000
-1000
-1000
1000
-1000
392.480944770503
-1000
923.217075162168
1000
1000
1000
1000
1000
1000
-104.332848994125
1000
1000
-1000
-1000
-1000
815.142718874171
-1000
-1000
-780.273180420972
148.929235897465
11.1221769347723
-1000
-1000
-1000
0
0
0
0
0
0
0
0
0
0
0
0
0
0
0
0
0
0
0
0
0
0
0
0
0
0
0
0
0
0
0
0
0
0
0
0
0
0
0
0
0
0
0
0
0
0
0
0
0
0
0
0
0
0
0
0
0
0
0
0
493.837150361704
0
0
0
0
0
0
0
0
0
0
0
0
0
0
0
0
0
0
0
0
0
0
0
0
0
0
0
0
0
0
0
0
0
0
0
0
0
0
0
0
0
0
0
0
0
0
0
0
0
0
0
0
0
0
0
0
0
0
0
0
0
0
0
0
0
0
0
0
0
0
0
0
0
0
0
0
0
0
0
0
0
0
0
0
0
0
0
0
0
0
476.551627218132
0
0
0
0
0
0
0
0
0
0
0
0
0
0
0
0
0
0
0
0
0
0
0
0
0
0
0
0
0
0
0
0
0
0
0
0
0
0
0
0
0
0
0
0
0
0
0
0
0
0
0
0
0
0
0
0
0
0
0
0
0
0
0
0
0
0
0
0
0
0
0
0
0
21.8042301518563
0
0
0
0
0
0
0
0
0
0
0
0
0
0
0
0
0
0
0
0
0
0
0
0
0
0
0
0
0
0
0
0
0
0
0
0
0
0
0
0
0
0
0
0
0
0
0
0
0
0
0
0
0
0
0
0
0
0
0
0
0
0
0
0
0
0
0
0
0
0
0
0
0
0
0
0
0
0
780.273180420972
0
0
0
0
0
0
0
0
0
0
0
0
0
0
0
0
0
0
0
0
1000
1000
-1000
1000
1000
1000
1000
1000
-1000
-1000
981.934643281503
-1000
18.0653567184974
1000
1000
-1000
-1000
-1000
1000
-1000
1000
1000
-1000
-1000
-1000
-1000
-1000
1000
1000
-17.2698993671979
-1000
1000
998.2447604324
-1.75523956759969
-1000
-1000
1000
-1000
-1000
-1000
-997.449303081101
1000
-1000
-1000
980.179403713903
1000
-1000
-1000
-1000
-1000
-1000
-1000
-1000
17.2698993671979
-1000
0
0
0
0
0
1000
0
0
-1000
0
0
0
0
-1000
0
0
-0.00374796813855482
-1000
0
0
0
0
0
0
282.171519792271
0
0
0
0
0
0
0
0
0
0
-0.00374796814060119
0.00374796814059108
0
0
-0.00374796814060119
-0.00374796814060119
0
0
0
0
0
0
0
0
0
0
0
0
0
0
0
0
0
0
0
0
0
0
0
0
0
0
0
0.00374796814059108
0
0
-1000
-552.870133899319
1000
-447.129866100681
-1000
0
0
0
0
-0.00374796814060119
0
0
0
0
0
-2.04636307898909e-12
0
0
0
0
0
0
0
0
0
0
0
0
527.258388777267
0
-1000
0
0
0.00374796814059108
0
0
0
0
-573.091929032307
0
0
0
0
0
0
0
-1000
0
0
0
0
0
0
0
0
0
0
0
0
0
0
0
0
0
0
0
0
0
0
0
0
0
0
0
0
0
0
0
0
0
0
0
0
0.00374796814059108
0
0
0
0
0
1000
0
1000
0
0
2.02656801770805
0
0
0
0
0
1000
0
-79.1388507557082
0
0
0
0
-2.04636307898909e-12
0
0
0
0
0
0
0.00374796814060119
-1000
349.409472196372
0
997.973431982292
833.932897297677
0
0
0
0
1000
0
0
0
0
0
0
0.00374796813855482
0
1000
0
851.070764102535
0
0
930.209614858243
0
0
-159.609079549995
0
0
-1000
0
0
1000
0
0
0
0
0
0
0
0
0
0
0
-1000
1000
0
0
0
0
0
0
0
0
0
1000
0
0
1000
997.569700673126
0
0
0
0
0
0
0
0
0
0
0
1.01328400885402
0
0.00374796814059108
-0.00374796814060119
0.00374796814059108
0.00374796814059108
0
0
0.00374796814060119
0
0
0
1.01328400885404
0
0
-0.0112439044218036
-1000
1000
-1000
999.996252031861
-999.996252031861
0.414975213587468
0
0
-1000
1000
-1000
-1000
0
0
0
0
0
0
0
0
0
0
0
0
0
0
0
0
0
999.585024786413
0
0
0
0
0
0
0
0.00374796813855482
0
0
0
0
0
0.00186855223241063
0
159.609079549995
0
0
0
0
0
0
0.00374796814059108
0
0
0
0
0
0
0
0
0
0
-1000
0
0
0
0
0
0
0
0
0
0
0
0
0
1000
0
0
0
1000
0
0
0
0
0
0
0
0
0
0
0
0
0
0
0
0
0
0
0
0
0
0
0
0
0
0
0
2.41716785878702
0
0
0
0
0
0
0
0
0
0
0
0
0
0
0
0
0
0
0
0
0
0
0
0
0
0
0
0
0
0
0
0
0
0
0
0
0
0
0
0
0
0
0
0
0
0
0
0
0
0
0
0
0
0
0
0
0
0
0
0
0
0
0
0
0
0
0
0
0
0
0
0
0
0
0
0
0
0
0
0
0
0
0
0
0
0
0
0
0
0
0
0
0
0
0
0
0
0
0
0
0
0
0
0
0
0
0
0
0
0
0
0
-999.974763681187
0
0.0018685522323949
0
0.020564938232269
0
0
-0.0252363188134268
0
1000
0.0046713805810441
0
0
0
0
0
0
0
0
0
0
0
0
0
0
0
0
0
0
0.00374796814059108
0.00374796814059108
0.00374796814059108
-1000
-1000
0
-850.002066082573
-1000
0
0
0
0
0
0
-1000
-1000
0
0
0
0
0
0
0
0
0
0
174.762578218908
0
1000
0
-1000
-1000
-1000
-999.41024051923
-1000
-1000
0
0
0
0
0
0
0
0
0
0
-1000
0
1000
0.410520201215563
0.00374796814059108
0.00374796814059108
0.00374796814059108
0.00374796814059108
0.00374796814059108
0
0
0
1000
0.0833811015421086
0
0
0
0.00152294249391979
0.00152294249391979
0
0
0.0110413330809185
0
0
0
0
0
0
-1000
0
0
0
0
0
0
1000
-999.998477057506
0
1000
0.00374796814059108
0.00374796814059108
-1000
0
0
0
0
0
0
0
0
0
0
250
0
0
0
0
0
0
0
0
0
0
0
0
0
0
0
0
0
0
0
0
0
0
0
0
0
0
0
0
0
0
0
0
0
0
0
0
0
518.9676871056
0
0
0
0
17.7509355374367
0
0
0
0
-1000
0
0
0
0
0
0
0
166.067102702323
1000
-1000
-1000
-1000
-1000
-1000
0
0.0102879009540283
0
0
0
0
-527.258388777267
-1000
-355.131274529756
0
0
0
0
999.977512191157
15.116898985574
0
0
0
0
0.602763807638461
0.602763807638461
0
-999.972895128954
0
0
0
0
0
0
0.380482137711986
0
1000
0
0
232.941685639202
0
0
0
0
1000
0.00374796814059108
0
0
0
0
0
0
0
0
-1000
1000
0
0
1000
0
0
0
1000
0
0.00560565669723188
0
0
-825.237421781092
0
-1000
-250
0
0
0
-1000
0
0
0
0
-174.707371553503
0
0
174.705848611009
0
0
-478.284084760463
478.284084760463
0
0
-750
0
0
0
0
-1000
-1000
0
0
1000
0
0
0
0
0.00549158810163249
0
0
0
0
0
0
0
0
997.573448641265
0
1000
0
0
0
0
0
0
0
0
0
0
-698.815196424603
0
0
-1000
1000
-1000
-1000
1000
0
0
0
0
0
0
0
0
-1000
0
0
-1000
0.00186855223241063
0.00186855223241063
0
-1000
44.4666499507448
1000
-33.1012681628281
-33.1012681628281
324.738024327491
0
0
0
0
0
0
0
0
0
0
0
0
0
0
-1000
0
0
0
0
0
0
0
0
0
0
-0.020564938232269
0
0
0
0
0
0
0
0
0
0
0
0
0
0
0
0
0
0
0
0
0
0
0
0
0
0
0
0
0
0
0
0
0
0
0
0
0
0
0
0
0
0
0
0
0
-1000
0
-1000
0
0
0
0
0
0
-1000
0
0
0
0
0
0
0
0
0
0
0
825.237421781092
0
0
0
0
0
0
0
0
0
0
0
0
0
1000
0
0
0
0
0
0
0
0
0
0
0
0
0
0
0
0
0
0
0
174.705848611009
0
0
0
0
0
0
0
0
0
0
0
0
0
0
0
0
0
0
0
0
0
0
0
0
174.705848611009
0
0
0
0
0
0
0
0
0
0
0
0
0
0
0
0
0
0
0
0
0
0
0
0
0
0
0
0
0
0
0
0
0
0
0
0
0
0
0
0
0
0
0
0
0
0
0
0
0
0
0
0
0
0
0
0
0
0
0
0
0
0
0
0
0
0
0
0
0
0
0
0
0
0
0
0
0
0
0
0
0
0
0
0
0
0
0
0
0
0
0
0
0
0
0
0
0
0
0
0
0
0
0
0
0
0
0
0
0
0
0
0
0
0
0
0
0
0
0
0
0
0
0
0
0
0
0
0
0
0
0
0
0
0
0
0
0
0
0
0
0
0
0
0
0
-1000
0
0
0
0
0
0
0
0
0
0
0
0
0
0
0
0
0
0
0
0
0
0
0
0
68.188008337608
0
0
-98.4815764330779
0
1000
-553.078455501412
-446.750835413463
0
0
0
-527.258388777267
-1000
0
0
0
0
1000
0.0224878088435465
0
0
0
0
0
0
0
0
0
0
0
0
0
0
0
0
-33.906194761859
0
0
0
0
0
0
0
0
0
-1.03300882282667
0
0
0
0
0
0
0
0
0
0
0
0
0
0
0
0
0
0
0
0
0
0
0
0
0
0
0
0
0
0
0
0
0
0
0
0
0
0
0
0
0
0
0
0
0
0
0
0
0
0
0
0
0
0
0
0
0
0
0
0
0
0
0
0
0
0
0
0
0
0
0
0
0
0
0
0
0
0
0
0
0
0
0
0
0
0
0
0
0
0
0
0
0
0
0
0
0
0
0
0
0
0
0
0
0
0
0
0
0
0
0
0
0
0
0
0
0
0
0
0
0
0
0
0
0
0
0
0
0
0
0
0
0
0
0
0
0
0
0
0
0
0
0
0
0
0
0
0
0
0
0
0
0
0
0
0
0
0
0
0
0
0
0
0
0
0
0
0
0
0
0
0
0
0
0
0
0
0
0
0
0
0
0
0
0
0
0
0
0
0
0
0
0
0
0
0
0
0
0
0
0
0
0
0
0
0
0
0
0
0
0
0
0
0
0
0
0
0
0
0
0
0
0
0
0
0
0
0
0
0
0
0
0
0
0
0
0
0
0
0
0
0
0
0
0
0
0
0
0
0
0
0
0
0
0
0
0
0
0
0
0
0
0
0
324.738024327491
0
0
0
0
0
0
0
0
0
0
0
-1000
0
0
0
0
0.00374796814060119
-981.55702281705
0
0
0
0
0
0
0
0
0
0
0
0
0
0
0
0
0
0
0
0
0
0
0
0
0
0
0
0
0
0
0
0
0
0
0
0
0
0
0
0
0
0
0
0
0
0
0
0
0
0
0
0
0
0
0
0
0
0
0
0
0
0
0
0
0
0
0
0
0
0
0
0
0
0
0
0
0
0
0
0
0
0
0
0
0
0
0
0
0
0
0
0
0
0
0
0
0
0
0
0
0
0
0
0
0
0
0
0
0
0
0
0
0
0
0
0
0
0
0
0
0
0
0
0
0
0
0
0
0
0
0
0
0
0
0
0
0
0
0
0
0
0
0
0
0
0
0
0
0
0
0
0
0
0
0
0
0
0
0
1000
1000
0
0
0
0
0
0
0
1000
0.00374796814060119
0
0
-1000
426.934306744677
0
0
0
0
0
0
999.947604491762
0
0
0
0
0
0
0
0
0
0
1000
-1000
0
0
1000
0
0
0
0
0.0140358690946194
0
0
0
0
0
0
0
0
0
0
0
0
0
0
0
0
0
0
0
0
0
0
0
0
0
0
0
0
0
0
0
0
0
0
0
0
0
0
0
0
0
0
0
0
0
0
0
0
0
0
0
0
0
0
0
0
0
0
0
0
0
0
0
0
0
0
0
0
0
0
0
0
0
0
0
0
0
0
0
0
0
0
0
0
0
0
0
0
0
0
0
0
0
0
0
0
0
0
0
0
0
0
0
0
0
0
0
0
0
0
0
0
0
0
0
0
0
0
0
0
0
0
0
0
0
0
0
0
0
0
0
0
0
0
0
0
0
0
0
0
0
0
0
0
0
0
0
0
0
0
0
0
0
0
0
0
0
0
0
0
0
0
0
0
0
500
90.5306314152435
0
0
-1.01328400885404
0
0
483.207245178862
20.0253756690519
43.7715602892702
0.108636757698292
90.5306314152435
0
0
0
0
0
0
0
0
0
0
0
0
0
0
0
0
0
0
0
0
0
0
0
0
0
525.644310046228
-1000
0
-355.131274529756
-644.868725470244
851.067016134394
0
0
0
0
-1000
500
0
-250
0
0
-3.8073562347995
0
999.982237890116
0
0
0.0121564531865016
0
0.00374796814059108
0
0
0
0
0
0
0
0
0
0
0
0
0
0
0
1.03300882282667
0
424.705848611009
0
0
0
0
-982.209792274655
-0.74015005204501
-0.0319817923723349
0
-11.1221769347723
-21.8042301518562
-1000
-34.8695384531991
23.0170391458179
-1000
-27.5499241562927
-4.77920256304219
-32.6151129839757
-172.630151141954
-1000
0
0
0
0
-1000
-40.3025622893892
-49.490688079918
-27.6847197399346
-13.8182379832288
26.1943501671999
-24.8058682935916
-1000
54.1845031735324
964.862649306415
0
0
1000
-644.868725470244
0
0
0
0
527.258388777267
-1000
0
0
0
0
0
0
1000
851.070764102535
0
0
0
0
0
0
0
0
0
-0.00374796814060119
-0.00374796814060119
0
0
0
0
0
0
0
0
0
0
0
0
0
0
0
0
0
0
0
998.2447604324
0
0
0
1000
-2.04636307898909e-12
-0.00374796814060119
-0.00374796814060119
0
481.0323128944
0
0
-0.00374796814060119
0
-0.00374796814060119
-1000
0
0
-0.00374796814060119
0
0
0
-0.00374796814060119
0
0
0
0
0
0
0
0
0
0
0
1000
0
0
0
0
0
-33.9061947618591
0
0
0
0
0
0
-507.856865054536
362.807649619035
0
0
0
-982.730100632802
0
1000
0
0
-0.00374796814060119
0
0
0
0
-35.8511937753535
0
0
0
0
0
0
0
0
0
-573.091929032307
0
-3.77249288864141
0
-1000
-0.00374796813855482
0
0
0
0
1000
0
0
0
2.55069691889923
0
0
0
0
0
0
-1000
0
0
0
0
995.876755233001
-1000
174.880400150787
1000
0
738.896821960208
1000
0
0
0
0
0
0
0
0
0
-1000
-1000
0
0
0
0
0
-1000
0
0
0
0
552.870133899319
999.996252031861
-1000
0
0
0
0
0
0
-662.725833275991
0
-1000
657.003754186758
0
0
0
0
0
0
0
0
0
0
0
1000
0
-0.0258952369609915
-0.00152294249392071
-0.412336680228805
-1000
-0.0224634017853305
-0.0852795650951066
-0.0144679536922467
-0.0818581590482381
-0.0437845967002204
0
0
0
0
0
-0.00152294249392071
0
-0.00304588498784142
-0.00152294249392071
0
0
0
-0.00152294249392071
-0.567896260859129
0
0
-15.116898985574
0
-0.380482137711965
-0.00152294249392071
-0.0150099786886813
0
-0.00152294249392071
-0.00152294249392071
-0.00152294249392071
-0.00152294249392071
-0.0441653323237006
0
-0.0951839058699306
0
0
0
-1000
1000
0
0
0
1000
-0.00374796814060119
0
750
-750
0
0
0
-1000
0
-1000
0
0
0
0
0
0
0
0
0
0
0
0
0
0
0
0
0
1000
-1000
1000
-1000
-44.4666499507448
44.4666499507448
-1000
1000
1000
0.0140358690946414
0
-1000
0
-0.00152294249392071
-0.00152294249392071
0
0
0
0
0
-446.921544498588
446.750835413463
1000
0.0224878088434934
0
0
0
0
0
1000
0
-33.906194761859
0
0
0
-1.03300882282667
0
0
0
0
0
0
0
0
0
0
0
0
0
0
0
0
0
0
0
0
0
0
0
0
0
0
0
0
0
0
0
0
0
0
0
0
0
0
0
0
0
0
0
0
0
0
0
0
0
0
0
0
0
0
0
0
0
0
0
0
0
0
0
0
0
0
-0.00152294249392071
0
0
0
0
0
0
0
0
0
0
0
0
0
0
0
0
0
0
0
0
0
0
0
0
0
0
0
0
0
0
0
0
0
0
0
0
0
0
0
0
0
0
0
0
0
0
0
0
0
0
0
0
0
0
0
0
0
0
0
0
0
0
0
0
0
0
0
0
0
0
0
0
0
0
0
0
0
0
0
0
0
0
0
0
0
0
0
0
0
0
0
0
0
0
0
0
0
0
0
0
0
0
0
0
0
0
0
0
0
0
0
0
0
0
0
0
0
0
0
0
0
0
0
0
0
0
0
0
0
0
0
0
0
0
0
0
0
0
0
0
0
0
0
0
0
0
0
0
0
0
0
0
0
0
0
0
0
0
0
0
0
0
0
0
0
0
0
0
0
0
0
0
0
0
0
0
0
0
0
0
0
0
0
0
0
0
0
0
0
0
0
0
0
0
0
0
0
0
0
0
0
0
0
0
0
0
0
0
0
0
0
0
0
0
0
0
0
0
0
0
0
0
0
0
0
0
0
0
0
0
0
0
0
0
0
0
0
0
0
0
0
0
0
0
0
0
0
0
0
0
0
0
0
0
0
0
0
-1000
0
1000
0
0
0
981.55702281705
0
0
0
0
0
0
0
0
0
0
0
0
0
0
0
0
0
0
999.947604491762
0
0
0
0
0
0
0
-426.934306744677
0
-1000
-0.00374796814060119
0
0
0
0
0
0
0
0
1000
0
0
0
0
0
-1000
0
0
0
0
0
0
0
0
0
0
0
0
0
0
0
0
0
0
0
0
0
0
0
0
0
0
0
0
0
0
0
0
0
0
0
0
0
0
0
0
0
0
0
0
0
0
0
0
0
0
0
0
0
0
0
0
0
0
0
0
0
0
0
0
0
0
0
0
0
0
0
0
0
0
-0.00152294249392071
-0.00152294249392071
-0.00152294249392071
0
-0.00152294249392071
-0.591282423264374
0
-0.00152294249392071
-0.00152294249392071
-0.00152294249392071
-0.00152294249392071
0
-0.00152294249392071
-0.00152294249392071
-0.00152294249392071
-0.00152294249392071
-0.00152294249392071
-0.00152294249392071
-0.00152294249392071
0
-0.00152294249392071
-0.00152294249392071
-0.00152294249392071
0
-1000
90.5306314152435
0
0
0
0
0
0
0
0
0
0
0
0
0
