0
0
0
0
0
0
0
65.9360150138509
-1000
0
0
0
0
199.305776670724
0
0
999.747622224816
-999.747622224816
999.942077231925
0
0.0579227680749462
0
-1000
0.364085970756832
0
1000
-201.732270870236
0
-35.1795373768516
0.0123632464639802
0
0
0
0
0
0.0318990242029523
0
0
0
34.7587950835325
0
0
0
0
0
0
0
0
0
0
0
0
0
0
0
0
0
0
0
0
0
0
0
0
0
0
0
0
35.1795373768516
0
0
0
0
1000
1000
0
0
0
0
35.1795373768516
0
-1000
0
0
0
0
0
0
0
0
0
0
0
0
0
0
0
0
0
0
0
0
0
0
0.00354262460969533
0
1000
0
0
0
0
0
0
0
0
16.3237168007377
0
0
0
0
0
0
0
0
0
0
0
0
0
0
0
1000
0
0
1000
0
0
0
0
0
0
0
1000
0
0
0
-14.5011228653987
0
0
0
0
-985.384881635748
0
0
0.00884115880854401
1000
0
0
598.556493082515
1000
1000
401.435232236332
0
0
0
-1000
401.435232236332
600.741008907056
1000
-800.694223329276
0
0
1000
0
0
0.00884115880853642
0
0
1000
830.649630117389
0
272.5195368362
0
0
0
-3.89674587910429
0
0
0
0
0
0
0
333.206507942777
-1000
0
0
0
16.071339025554
0
0
0
329.144268440602
-329.144268440602
0
0
0
0
0
-3.90088321968108
0
-604.678477002577
304.564537710026
0
0
0
0
0
0
0
0
0
1000
1000
0
0
-1000
0
994.049428116912
0.456947232265051
0
0
0.685420848397576
0
0
0
0
0
0
329.144268440602
1000
0
-329.144268440602
0
0
0
0
0
0
0
0
0
0
-1000
0
-1000
-16.3237168007377
-1000
-1000
1000
1000
1000
-833.720486723253
1000
-0.957768244478984
987.951014799322
0.685420848397598
0
-0.685420848397598
1000
1000
-1000
995.191796197575
0
0
1000
0
0.17790564480162
0
-0.177905644801626
0
0.00176617806628289
0
0
0
0
2.14281553891772
1000
0
0
1000
0
0
0
0
0
0
0
0
-670.855731559398
0
1000
0.465221913418629
0
0
-1000
0
-0.177905644801626
0
-0.685420848397598
0
0
0.685420848397598
0
0
0
0
0
0
0
0
-1000
0
0
0
1000
0.685420848397598
0
-1000
-0.957768244478984
0
0
0.00354262460950849
0
0
0
0
0
0
0
0
0
0
0
0
0
0
0
0
2.28473616132525
0
9.61814024468009
0
0
0
0
0
0
0
0
-610.227887211829
-1000
604.682614343154
-0.00176617806630475
-1000
1000
1000
-1000
-1000
-1000
1000
-1000
1000
1000
0
0
-1000
0
0
0
0
-1000
0
0
-1000
-1000
-1000
1000
0
11.5920379684133
1000
1000
0
0
0
0
0
0
0.957768244478965
-1000
1000
1000
0
1000
-1000
-598.901355611619
0
-1000
-1000
1000
1000
1000
-403.082332760048
0
-998.473258860598
0
1000
-1000
-1000
-1000
-4.41041703473945
-1000
1000
1000
0
0
0
-1000
1000
6.64013007206245
0
0
1000
0
0
0
-320.216485626688
1000
0
0
0
16.9236311843711
0
0
0
0
0
0
0
0
0
0
46.0747082226841
0
0
0
0
0.00354262460969533
0
1000
-679.787056997921
-320.212943002079
0
320.212943002079
0
0
0
0
0
0
0
0
0
61.8529307464257
0
0
0
0
0
0
0
0
0
0
0
0
1000
0
0
0
0
0
-1000
1000
0
0
0
0
0
0
0
0
0
0
1000
-1000
1000
0.103433514419521
0.103433514419521
0
-965.431141793639
0
0
0
0
0
0
0
0
0
0
0
0
0
0
0
-339.669135883531
0
0
0
0
0
0
0
0
0
0
0
0
0
0
0
0
0
0
0
0
0
0
0
0
0
0
0
0
0
0
0
0.161356282494547
0
0
0
-1000
433.532358933131
0
433.532358933131
0
0
0
1000
0
0
0
0
0
0
0
0
0
0
0
0
0
0
0
0
0
0
0
0
0
0
0
0
0
0
0
0
-216.789561292235
0
0
0.161356282494547
0
0
0
0
0
0
0
0
0
982.989484663517
0
0
0
0
0
0
0
0
0
0
0
0
0
0
0
0
0
0
0
0
0
0
0
0
0
0
0
0
0
0
0
0
0
0
-1000
0
0
0
0
0
0
0
0
0
0
0
0
0
32.0485434984357
0
32.0485434984357
0
0
0
0
0
0
0
0
0
0
0
0
0
0
0
0
0
0
0
0
0
0
1000
0
0.00413734057678187
0
0
0
0
0.748858644397518
0.748858644397518
0
0
0
0
0
0
0
0
0
0
0
0
0
0
0
0
0
0
0
0
0
1000
0
0
0
0
0
1000
0
0
0
-1000
0
0
-1000
0
0
0
0
2.15141709992657
0
0
2.15141709992657
0
0
0
0
0
0
0
0
0
2.15141709992657
0
2.15141709992657
0
0
0
12.834205888995
36.5843377832206
23.3847452496991
17.1274989621819
25.3943717945951
8.35821949354478
19.5481854821703
35.7622178330359
32.9304713379551
10.4135193690066
20.1876121100918
41.6084041454606
32.8391246768235
10.1394793856117
16.8077856482212
23.2933985885674
30.190071504006
24.4352318527129
4.47598639545021
30.4641114874009
0
0
0
0
0
0
0
0
0
0
0
0
0
0
0
0
0
0
0
0
0
0
0
0
0
0
0
0
0
0
0
0
0
0
0
0
0
0
0
0
0
0
0
0
0
0
0
0
0
0
0
0
0
0
0
0
0
0
0
0
0
0
0
0
0
0
0
0
0
0
0
0
0
0
0
0
0
0
0
0
0
0
0
0
0
0
0
0
0
0
0
0
0
0
-1000
0
0
0
0
1000
1000
-1000
-1000
0
0
0
0
0
339.669135883531
0
16.9236311843711
-356.141796945032
-339.818080144295
-1000
0
-660.330864116469
339.669135883531
-500.992804942673
840.546095290053
1000
339.677410564684
1000
0
0
660.330864116469
0
-1000
-1000
-1000
0
0
0
339.669135883531
339.669135883531
660.330864116469
0
0
0
0
0
0
0
0
0
0
0
0.00354262460973587
170.3116807517
1000
1000
0
500
250.001468820083
2.51239405189537
5
0
0
0
0
0
0
346.650485074127
0
0
0
0
-0.00144409975087001
0
0
0
0
-0.00144409975087001
0
169.307858387295
0
-0.00144409975087001
0.00144409975087001
-0.00144409975087001
0
0
0
0
-1000
0
0
-0.00144409975087001
-0.00144409975087001
0.00144409975087001
-0.00144409975087001
0.00144409975087001
-0.00144409975087001
-0.00144409975087001
-0.00144409975087001
-0.00144409975087001
-0.00144409975087001
-0.00144409975087001
-0.00144409975087001
-0.00144409975087001
-0.00144409975087001
-0.00144409975087001
-0.00144409975087001
-0.0303260947688386
-0.00990742891656282
-0.0415178678383654
-0.0418788927760261
-0.0213004713257305
0.00144409975087001
0.00144409975087001
-0.103907557297134
0.00144409975087001
0.00144409975087001
0.00144409975087001
0.00144409975087001
-0.691362755742375
-0.0104697231939781
-0.0776203616107978
-0.390990007555615
-0.00151172451842285
0.00144409975087001
0.00144409975087001
0.0137189476334925
0.00144409975087001
0.00144409975087001
-0.00144409975087001
0
0
0
0
0
0
0
0
0
0
0
0
0
0
0
0
0
0
0
0
0
0
0
0
0
0
0
0
0
0
0
0
0
0
0
0
0.000881805473454733
0
0
0
0
0
0
0
0
0
0
0
0
0
0
0
0
0
0
0
0
0
0
0
0
0
0
0
0
0
0
0
0
0
0
0
0
0
0
0
0
0
0
0
0
0
0
1.19374971345682
0
0
0
0
0
0
0
0
0
0
0
0
0
0
0
0
0
0
0
0
0
0
0
0
0
0
0
0
0
0
0
0
0
0
0
0
0
0
0
0
0
0
0
0
0
0
0
0
0
0
0
0
0
0
0
0
0
0
0
0
0
0
1.19374971345682
1.19374971345682
1.19374971345682
1.19086151395503
0
0
0
0
0
0
0
0
0
0
0
0
0
0
0
0
0
0
0
0
0
0
0
0
0
0
0
0
0.00144409975089794
0.00144409975089794
330.169369520166
0.0790644613616623
650.036375110669
0.00144409975089794
0.0902562344311213
0.55778352878433
0
0.00144409975089794
0
0
0
0
0
0
0
0
0
0
0
0
0
0
0
0
0
0
0
0
0
0
0
0
0
0
0
0
0
0
0
0
0
0
0
0
0
0
0
0
0
0
0
0
0
0
0
0
0
0
0
0
0
0
0
0
0
0
0
0
0
0
0
0
0
0
0
0
0
0
0
0
0
0
0
0
0
0
0
0
0
0
0
0
0
0
0
0
0
0
0
0
0
0
0
0
0
0
0
0
0
0
0
0
0
0
0
0
0
0
0
0
0
0
0
0
0
0
0
0
0
0
0
0
0
0
0
0
0
0
0
0
0
0
0
0
0
0
0
0
0
0
0
0
0
0
0
0
0
0
0
0
0
0
0
0
0
0
0
0
0
0
0
0
0
0
0
0
0
0
0
0
0
0
0
0
0
0
0
0
0
0
0
0
0
0
0
0
0
0
0
0
0
0
0
0
0
0
0
0
0
0
0
0
1000
0
0
0
0
0
0
0
0
0
0
0
0
0
0
0
0
0
0
0
0
0
0
0
0
0
0
0
0
0
0
0
0
0
0
0
0
0
0
0
0
0
0
0
0
0
0
0
0
0
0
0
0
0
0
0
0
0
0
0
0
0
0
0
0
0
0
0
0
0
0
0
0
0
0
0
0
0
0
0
0
0
0
0
0
0
0
0
0
0
0
0
0
0
0
0
0
0
0
0
0
0
0
0
0
0
0
0
0
0
0
0
0
0
0
0
0
0
0
0
0
1000
1000
0
0
0
0
0
0
0
0
0
0
0
0
0
0
0
0
0
0
0
0
0
0
0
0
0
-1000
0
-1000
0
0
0
0
0
0
0
0
0
0
0
1000
1000
0
0
0
0
0
0
0
0
0
0
0
0
0
0
0
0
0
0
0
0
0
0
0
0
0
0
0
0
0
0
0
0
0
0
0
0
0
0
0
0
0
0
0
0
0
0
0
0
0
0
0
0
0
0
0
0
0
0
0
0
0
0
0
0
0
0
0
0
0
0
0
0
0
0
0
0
0
0
0
0
0
0
0
0
30.37280633727
0
0
0.00144409975087001
0
1000
0
0
330.167925420415
0
669.779725963615
650.034931010919
169.307858387295
0
0
0
0.000881805473454733
0
0
-1000
999.998555900249
0
0
0
0
0
0
0
0
0
0
0
0
0
-1000
0.000881805473454733
0
0
0
0.00354262460973587
0
0
0
0
0
0
0
-0.00354262460973587
0
0
0
0
0
346.650485074127
1000
0
-330.166481320664
-330.166481320664
0
-980.920795076882
-999.978744252342
-0.0212557476581878
0
0
0.00144409975087001
-0.00144409975087001
0
0
330.220274036385
-330.220274036385
-1000
0
0
0
-330.167925420415
-330.167925420415
-1000
0
-330.220274036385
-669.779725963615
-1000
0
-830.692141612705
-169.307858387295
-1000
0
0
0
0
0
-849.771346535823
0
1000
0
0
0
-1000
1000
-1000
0
0
0
-1000
0
0
0
1000
0
0
0
0
0
0
0
0
0
0
0
0
0
0
0
0
0
0
0
-1000
1000
-1000
0
-1000
0
-1000
0
-1000
0
0
0
0
0
0
0
0
0
-1000
0
-1000
0
-1000
0
1000
0
1000
0
-1000
0
0
0
0
0
0
0
0
0
0
-950.547988739612
-49.4520112603883
16.4840037534627
-16.4840037534627
0
0
0
0
0
0
0
0
0
0
0
0
0
0
0
0
0
0
0
0
0
0
0
0
0
0
0
0
0
0
0
0
0.000881805473454733
-0.000881805473454733
0
0
0
0
0
0
0
0
0
0
0
0
0
0
0
0
0
0
0
0
0
0
0
0
0
0
0
0
0
0
0
0
0
0
0
0
0.000881805473454733
-0.000881805473454733
0
0
0
0
0
0
-0.00354262460973587
-0.00354262460973587
0
0
0
0
0
0
0
0
0
0
0
0
0
0
0
0
0.00354262460973587
0.00354262460973587
0
0
0
0
0
0
0
0
0
0
0
0
0
0
0
0
0
0
0
0
0
0
0
0
0
0
0
0
0
0
0
0
0
0
0
0
0
0
0
0
0
0
0
0
1.16030026455653
0.00354262460969533
0
0
0
0
0
0
0
0
0.145990362176546
0
0
0
0
0
0
0
0
0
0
0
0
0
0
0
0
0
0
0
0
0
0
0
0
0
0
0
0
0
0
0
0
0
0
0
0
0
0
0
1000
-1000
0
0
0
0
0
0
0
0
0
0
0
0
0
0
0
0
0
0
0
0
0
0
0
0
0
330.220274036385
330.220274036385
330.220274036385
0
0
0
0
330.166481320664
330.166481320664
0
0
0
0
0
0
0
0
0
0
0
0
0
0
0
0
0
0
0
0
0
0
0
0
0
0
0
0
0
0
0
0
0
0
0
0
0
0
0
0
0
0
0
0
0
0
0
0
0
0
0
0
0
0
0
0
0
0
0
0
0
0
0
0
0
0
0
0
0
0
0
0
0
0
0
0
0
0
0
0
0
0
0
0
0
0
0
0
0
0
0
0
0
0
0
0
0
0
0
0
0
0
0
0
0
0
0
0
0
0
330.167925420415
330.167925420415
330.167925420415
330.167925420415
-330.167925420415
0
0
0
0
0
0
0
0
0
0
0
0
0
0
0
0
0
0
0
0
0
0
0
0
0
0
0
0
0
0
0
0
0
0
0
0
0
0
0
0
0
0
0
0
0
0
0
0
0
0
0
0
0
0
0.00354262460969533
0.00354262460969533
0.00354262460969533
0.00354262460969533
0.00354262460969533
0
0
0
0
0
0
0
0
0
0
0
0
0
0
0
0
0
0
0
0
0
0
0
0
0
0
0
0
0
0
0
0
0
0
0
0
0
0
0
0
0
0
0
0
14.5011228653986
14.5011228653986
-14.5011228653987
4.82544149771026
-2.41094943655025
2.41094943655028
2.41094943655028
2.41094943655028
2.41094943655028
2.41094943655028
2.41094943655028
2.41094943655028
2.41094943655028
2.41094943655028
2.41094943655028
2.41094943655028
0
2.41094943655025
2.41094943655028
2.41094943655028
2.41094943655028
2.41094943655028
2.41094943655028
2.41094943655028
2.40388472428515
2.40388472428515
2.40388472428515
0.00706471226513157
0.00706471226513157
0
0
0
0
0
0
0
0
0
0
0
0
0
0
0
0
0
0
14.5011228653986
14.5011228653986
4.82544149771026
4.82544149771026
0
0
0
0
0
0
0
0
0
0
0
0
0
0
0
0
0
0
0
0
0
0
0
0
0
0
0
0
0
0
0
0
0
0
0
0
0
0
0
0
0
0
0
0
0
0
0
0
0
0
0
0
0
0
0
0
0
0
0
0
0
0
0
0
0
0
0
0
0
0
0
0
0
0
0
0
0
0
0
0
0
0
0
0
0
0
0
0
0
0
0
0
0
0
0
0
0
0
0
0
0
0
0
0
0
0
0
0
0
0
0
0
0
0
0
0
0
0
0
0
0
0
0
0
0
0
0
0
0
0
0
0
0
0
0
0
0
0
0
0
0
0
0
0
0
0
0
0
0
0
0
0
0
0
0
0
0
0
0
0
0
0
0
0
0
0
0
0
0
0
0
0
0
0
0
0
0
0
0
0
0
0
0
0
0
0
0
0
0
0
0
0
1.16030026455653
1.18505756291588
1.18505756291588
0
0
0
0
-1.18505756291586
0
0
0
0.0247572983593491
0
0
1000
0
0
0
0
0
0
0
0
0
0
0
0
0
0
0
0
0
0
0
0
0
0
0
0
0
0
0
0
0
0
0
0
0
0
0
0
0
0
0
0
0
1.18505756291588
0
0
0
0
0
0
0
0
0
0
0
0
0
0
0
0
0
0
0
0
0
0
0
0
0
0
0
0
0
0
0
0
0
0
0
0
0
0
0
0
0
0
0
0
0
0
0
0
0
0
0
0
0
0
0
0
0
0
0
0
0
0
0
0
0
0
0
0
0
0
0
0
0
0
0
0
0
1.16030026455653
0.00354262460969533
0
0
0
0
0
0
0
1.52750785236072
0
0
0
0.957768244478965
0.957768244478965
0.957768244478965
0
0
0
0
0
0
1.30983325134277
0
0
0
0.00354262460969533
0
0
0
0
-1.30983325134275
1.30983325134277
0
0
0
0
0
0
0
14.2886749192396
0
0
0.2388892747676
0
0.217674601017947
0
0
0
0
0
0
0
0
0
0
10.6793052082022
10.6793052082022
10.6793052082022
0
0
0
0
-0.145990362176576
0
0
0
0
0
661.968873749097
0
0
0
0
0
0
0
0
0
0
0
0
0
0
0
0
0
0
0
0
0
0
0
0
0
0
0
0
0
0
0
0
0
0
0
0
0
0
0
0
0
0
0
0
0
0
0
0
0
0
0
0
0
0
0
0
0
0
0
0
0
0
0
0
0
0
0
0
0
0
0
0
0
0
0
0
0
0
0
0
0
0
0
0
0
0
0
0
0
0
0
0
0
0
0
0
0
0
0
0
0
0
0
0
0
0
0
0
1000
0
0
1000
1000
0
0
0
0
0
0
0
0
0
0
0
0
0
0
0
0
0
0
0
0
0
0
0
0
0
0
0
0
0
0
0
0
0
0
0
0
0
0
0
0
0
0
0
0
0
0
0
0
0
0
0
0
0
0
0
0
0
0
0
0
0
0
0
0
0
0
0
0
0
0
0
0
0
0
0
0
0
0
0
0
0
0
0
0
0
0
0
0
0
0
0
0
0
0
0
0
0
0
0
0
0
0
0
0
0
0
0
0
0
0
0
0
0
0
0
0
0
0
0
0
0
0
0
0
0
0
0
0
0
0
0
0
0
0
0
0
0
0
0
0
0
0
0
0
0
0
0
0
0
0
0
0
0
0
0
0
0
0
0
0
0
0
0
0
0
0
0
0
0
0
0
0
0
0
0
0
0
0
0
0
0
0
0
0
0
0
0
0
0
0
0
0
0
0
0
0
0
0
0
0
0
0
0
0
0
0
0
0
0
0
0
0
0
0
0
0
0
0
0
0
0
0
0
0
0
0
0
0
0
0
0
0
0
0
0
0
0
0
0
0
0
0
0
0
0
0
0
0
0
0
0
0
0
0
0
0
0
0
0
0
0
0
0
0
0
0
0
0
0
0
0
0
0
0
0
0
0
0
0
0
0
0
0
0
0
0
0
0
0
0
0
0
0
0
0
0
0
0
0
0
0
0
0
0
0
0
0
0
0
0
0
0
1000
0
0
0
0
0
0
0
0
0
0
0
0
0
0
0
0
0
0
0
0
0
0
0
0
0
0
0
0
0
0
0
0
0
0
0
0
0
0
0
0
0
0
0
0
0
0
0
0
0
0
0
0
0
0
0
0
0
0
0
0
0
0
0
0
0
0
0
0
0
0
0
0
0
0
0
0
0
0
0
0
0.161356282494547
0.161356282494547
0
0
0
0.16135628249458
0.161356282494547
0
0
0
0
0
0.0248240434606899
0
0
0
0
0
0
0
0
0
0
0
0
0
0.976412376120152
0
0
0
0
0
0
0.976412376120152
0
0.976412376120152
0.976412376120152
0
0
0
0
0
0
0
0
0
0
0
0
0
0
0
0
0
0
0
0
0
0
0
0
0
0
0
0
0
0
0
0
0
0
0
0
0
760.332771704042
760.332771704042
0
0
0
0
0
0
0
0
0
0
0
0
0
0
0
0
0
0
0
0
0
0
0
0
0
0
0
0
0
0
0
0
0
0
0
0
0
0
0
0
0
0
0
0
0
0
0
0
1000
-1000
399.001914576704
0
0
0
-1000
-1000
1000
0
33.8834373579632
0
0
398.316493728306
-1000
0
0
0
0
0
0
0
0
0
0
0
0
0
0
0
0
0
0
0
0
0
0
0
0
0
0
0
0
0
0
0
0
0
0
0
0
0
0
0
0
1000
0
0
0
0
0
0
0
0
0
0
0
0
0
0
0
-999.99645737539
-1000
1000
-1000
1000
999.99645737539
-1000
0
0
0
0
0
0
0.00354262460973587
0
0
0
0
0
0
0
0
0
0
0
0
0
0
0
0
0
0
0
0
0.0141396930073927
0
0.00354262460969533
0.0212146737496538
1000
0.00176617806628289
0.00176617806628289
0.00354262460973587
0
0.0123735149411098
0.00176617806628289
0.0265234764255874
-0.00176617806630475
0.00176617806628289
0.00176617806628289
0.00176617806628289
0.00176617806628289
0.00176617806628289
-0.00176617806630475
-0.00353235613260949
-0.0442263309969348
0.00176617806628289
0.00176617806628289
0.00176617806630475
0.00176617806628289
0.0389175283210079
-0.00530880267592693
-0.0406837063873127
0.00354262460973587
0.00176617806628289
0.00176617806628289
0.00354262460969533
0.00354262460969533
-0.00354262460973587
-0.00354262460973587
0.00354262460973587
0.00354262460973587
0.00176617806628289
0.00176617806628289
0.00176617806628289
0.00176617806628289
-0.00530880267592693
-999.975242701641
0
0
0
0
0
0
-903.904370001457
0
0
0
0.00354262460969533
0
0
0
0
0.00177131230484767
0.00354262460973587
0.00354262460973587
0
0.00354262460969533
0
0
0
0
0
-0.00354262460973587
0.00706471226513157
0.00353235613256578
0.00353235613256578
0.00176617806628289
-0.00176617806630475
0.00176617806628289
0.00176617806628289
0.00176617806628289
0.00176617806628289
0.00176617806628289
0.00176617806628289
0.00176617806628289
0.00176617806628289
0.00176617806628289
0.00176617806628289
0.00176617806628289
0.00176617806628289
0.00176617806628289
0.00176617806628289
0
0.00354262460969533
0
0.00354262460969533
0
0.00354262460969533
0.00354262460969533
0.00354262460969533
0.00354262460969533
0.00354262460969533
0.00354262460969533
0
0.00354262460969533
0
0.00354262460969533
0.00354262460969533
0.00354262460969533
0.00354262460969533
0.00354262460969533
0
0
0
0
0
0
0
0
0
0
0
0
0
0
0
0
-0.00354262460973587
0
0
0
0
0
0
0
0
0
0
0
0
0
0
0
0
0
0
0
0
0
0
0
0
0
0
0
0
0
0
0
0
0
0
0
0
0
0
0
0
0
0
0
0
0
0
0
0
0
0
0
0
0
0
0
0
0
0
0
0
0
0
0
1.37165535825844
32.9680075069255
0
0
0
0
0
0.00354262460969533
0
0
0
0
0
0
0
0
0
0
0
0
0
0
0
0
0
0
0
0
0
0
0
-1000
0
0
0
-346.650485074127
0
0
0
0
0
0.00144409975089794
0
0
0
0
0.00144409975089794
0
0
0
0.00144409975089794
0.00144409975089794
0.00144409975089794
0
0
0
0
0
0
0
0
0.00144409975089794
0.00144409975089794
0
0.00144409975089794
0.00144409975089794
0
0.00144409975089794
0.00144409975089794
0.00144409975089794
0.00144409975089794
0.00144409975089794
0.00144409975089794
0
0.00144409975089794
0.00144409975089794
0.00144409975089794
0
0.00144409975089794
0
0.00144409975089794
0.00144409975089794
0.0303260947688568
0.00990742891661238
0.0415178678383158
0.0418788927760403
0.0213004713257446
0.00144409975089794
0.00144409975089794
0.103907557297102
0.00144409975089794
0.00144409975089794
0.00144409975089794
0.00144409975089794
0.691362755742389
0.0104697231940101
0.0776203616107643
1000
0.00151172451844746
0.00144409975089794
0.00144409975089794
0.0137189476335304
0.00144409975089794
0.00144409975089794
0.00144409975089794
0
-1000
0
0
0.0247572983593045
999.609009992444
0
0
0
0
-505.591418897761
-1000
-1000
0
0.976412376120152
-633.708806150627
333.206507942777
1000
0
759.022938452699
-1000
-1000
-1000
0
0
1000
0
0
0
0
0
-5.41212067003028
831.614300528026
0
0
0
0
670.855731559398
996.099116780319
-0.00354262460973587
0
0
-3.1005837833967
0
0
0
0
0
0.0123632464640195
-638.810730685572
-670.855731559398
1000
0
-1000
0
1000
1000
0
-1000
0
0
1000
1000
-1000
1000
0
1000
0
0
-1000
1000
1000
1000
0
0
0
0
0
-338.031126250903
0
0
0
0
0
0
0
0
0
1000
0
151.907701016036
0
49.4940512073748
0
0
0
372.897075460402
0
0
0
0
1000
0
0
0
0
0
0
0
0
0
-1000
973.832069594979
-1000
-1000
1000
-1000
-1000
-1000
-1000
-1000
-1000
-1000
1000
1000
973.832069594979
-1000
-1000
-1000
-1000
1000
-1000
-1000
-1000
1000
1000
1000
1000
1000
1000
-1000
1000
1000
-1000
-1000
-1000
-1000
-1000
-1000
-1000
1000
-1000
-1000
-1000
1000
-1000
-1000
-1000
-1000
1000
67.1107173159353
-1000
-1000
1000
1000
21.7559825114831
-1000
-1000
-1000
-1000
-1000
-1000
-1000
-1000
-1000
-1000
-1000
-1000
-1000
-1000
-1000
191.359310830569
-1000
-1000
-1000
-1000
-1000
-1000
-1000
-1000
1000
-946.006460420145
-1000
-1000
53.993539579855
-10.1041772169464
1000
1000
1000
-23.1653421216972
1000
1000
1000
1000
1000
1000
1000
1000
1000
-1000
-1000
-1000
-1000
1000
-1000
-1000
-1000
-1000
1000
703.37420676744
1000
874.132818980468
1000
-195.85470239876
1000
1000
1000
1000
-1000
-1000
-1000
-1000
-1000
32.9591075535502
382.065873748504
623.38114408602
-967.04089244645
-1000
-1000
0
0
0
0
0
0
0
0
0
0
0
0
0
0
0
0
0
0
0
0
0
0
0
0
0
0
0
0
0
0
0
0
0
0
0
0
0
0
0
0
0
0
0
0
0
0
0
0
0
0
0
0
0
0
0
0
0
0
0
0
0
0
0
0
0
0
0
0
0
0
0
0
0
0
0
0
961.905532906254
0
0
0
0
0
0
0
0
0
0
0
0
0
0
0
0
0
0
0
0
0
0
0
0
0
0
0
0
0
0
0
0
0
0
0
0
0
0
0
0
0
0
0
0
0
0
0
0
0
0
0
0
0
0
0
0
0
0
0
0
0
0
0
0
0
0
0
0
0
0
0
0
0
0
0
0
0
0
0
0
0
0
0
0
0
0
0
0
0
0
0
0
0
0
0
0
0
0
0
0
0
0
0
0
0
0
0
0
0
0
0
0
0
0
0
0
0
0
0
0
0
0
0
0
0
0
0
0
0
0
0
0
0
0
0
0
0
0
0
0
0
0
0
0
0
0
0
0
0
0
0
0
0
0
0
0
0
0
0
0
0
0
0
0
0
0
0
0
0
0
0
0
0
0
0
0
0
0
0
0
0
0
0
0
0
0
0
0
0
0
0
612.868328543171
0
0
0
0
0
0
0
0
0
0
0
0
0
0
0
0
0
0
0
0
0
0
0
0
0
0
0
0
0
0
0
0
1000
0
0
0
0
0
0
0
0
0
0
0
0
0
0
0
0
0
0
0
0
0
0
0
1000
1000
-1000
1000
1000
1000
-14.6151183642523
1000
-1000
-1000
1000
-1000
1000
1000
1000
-1000
-1000
-1000
-1000
-1000
-51.2713717844028
1000
-1000
-1000
-1000
-1000
1000
-1000
1000
0
-1000
-1000
-1000
-934.063984986149
-1000
1000
-65.936015013851
-1000
1000
-1000
-1000
1000
-1000
-1000
-1000
1000
-1000
14.6151183642523
1000
-1000
-1000
-1000
-1000
51.3208966495986
-1000
0
0
0
0
0
-999.609009992444
999.609009992444
0
0
0
0
0
0
0
0
0
0
-1000
670.855731559398
-0.465221913418645
0
0
0
0
0
0
0
0
0
0
0
0
0
0
0
0
-0.00354262460973587
0.00354262460969533
0
0
-0.00354262460973587
-0.00354262460973587
0
0
0
0
0
0
0
0
0
0
0
0
0
0
0
0
0
0
0
0
0
0
0
0
0
0
0
0
0.00354262460969533
0
0
-1000
-492.573687242712
1000
-603.521942755831
-1000
0
0
0
0
-0.00354262460973587
0
0
0
0
0
0
0
0
0
0
0
0
0
0
0
0
0
1000
0
0
0
0.00354262460969533
0
0
0
0
-650.059729383187
0
0
0
0
0
0
-831.614300528026
0
1000
0
0
0
0
0
0
0
0
0
0
0
0
0
0
0
0
0
0
0
0
0
0
0
0
0
0
0
0
0
0
0
0
0
0
0.00354262460969533
0
0
0
0
1000
0
0
0
0
1.91553648895793
0
0
0
0
1000
0
-320.212943002079
0
0
0
0
0
0
0
0
0
0
0
0
0.00354262460973587
-1000
500.876959406523
0
-1.91553648895797
1000
0
0
0
-999.859330420389
1000
0
0
0
0
0
0.00354262460950849
0
0
1000
0
1000
0
0
1000
0
0
0
1000
1000
-1000
0
0
1000
0
0
0
0
0
0
0
0
0
0
0
-16.4643863803483
1000
0
0
181.064656749377
0
0
0
139.148286252702
0
0
0
0
679.787056997921
1000
0
993.359869927938
0
0
0
0
0
0
0
0
0
0
0.957768244478965
0
0.00354262460969533
-0.00354262460973587
0.00354262460969533
0.00354262460969533
0
0
0.00354262460973587
0
0
0
0.957768244478984
0
0
-0.0106278738290939
-1000
-993.359869927938
-1000
1000
-1000
1000
0
0
-1000
0
-1000
-1000
0
0
0
0
0
0
0
0
0
0
0
0
0
0
0
0
11.5920379684133
0
0
0
0
0
0
0
0
1000
0
0
0
0
0
0
0
0
0
0
0
0
0
0.00354262460969533
0
0
0
0
0
0
0
0
0
0
-65.936015013851
0
16.4840037534628
0
0
0
0
0
0
0
0
0
0
0
1000
0
0
0
65.9360150138509
0
0
0
0
0
0
0
0
0
0
0
0
0
0
0
0
0
0
0
0
0
0
0
0
0
0
0
2.28473616132521
0
0
0
0
0
0
0
0
0
0
0
0
0
0
0
0
0
0
0
0
0
0
0
0
0
0
0
0
0
0
0
0
0
0
0
0
0
0
0
0
0
0
0
0
0
0
0
0
0
0
0
0
0
0
0
0
0
0
0
0
0
0
0
0
0
0
0
0
0
0
0
0
0
0
0
0
0
0
0
0
0
0
0
0
0
0
0
0
0
0
0
0
0
0
0
0
0
0
0
0
0
0
0
0
0
0
0
0
0
0
0
0
0
-999.987636753536
0
0.00176617806630475
0
0.0194382272062512
0
0
-0.0123632464640195
0
1000
0
0
0
0
0.0159058710736417
0
0
0
0
0
0
0
0
0
0
0
0
0
0
0
0
0
0.00354262460969533
0.00354262460969533
0.00354262460969533
-1000
-1000
0
-980.920795076882
1000
0
0
0
0
0
0
1000
181.064656749377
0
0
0
0
0
0
0
0
0
1000
-1000
0
1000
0
-1000
-849.771346535823
-1000
-1000
0
1000
0
0
0
0
0
0
0
0
0
-818.935343250623
-1000
1000
1000
0.388028636597209
0.00354262460969533
0.00354262460969533
0.00354262460969533
0.00354262460969533
0.00354262460969533
0
0
0
1000
0
0
0
0
0
0
0
0.00144409975089794
0
0
0
0
0
0
0
-1000
0
0
0
0
0
0
0
1000
-999.998555900249
0
1000
1000
1000
-1000
0
0
0
0
0
0
0
0
0
0
16.4840037534628
0
0
0
0
0
0
0
0
0
0
0
0
0
0
0
0
0
0
0
0
0
0
0
0
0
0
0
0
0
0
0
0
0
0
0
0
0
398.316493728306
0
0
0
0
0
0
0
0
-1000
0
0
0
0
0
0
0
0
1000
-1000
-1000
-1000
-1000
-1000
0
0.0212146737496538
0
0
0
0
0
-1000
0
0
0
0
0
-1000
0
0
0
0
0
0.569739607881756
0.569739607881756
0
-999.98587057547
0
0
0
0
0
0
14.6483112165736
0
-1000
0
0
0
0
0
0
0
1000
0.00354262460969533
0
0
0
0
0
0
0
0
-1000
1000
0
0
1000
0
0
0
-1000
0
0.00353235613256578
0
0
-669.779725963615
0
-1000
0
0
0
-1000
-1000
0
0
0
0
-330.167925420415
0
0
330.166481320664
0
0
-336.769846569515
336.769846569515
0
0
-750
1000
0
0
0
-983.527338938498
-1000
0
0
-1000
0
0
0
0
0.000881805473500251
0
0
0
0
0
0
0
0
993.359869927938
0
1000
0
0
0
0
0
0
0
0
1000
0
0
-1000
1000
-1000
-1000
1000
0
0
0
0
0
0
0
0
-1000
0
0
1000
0.00176617806628289
0.00176617806628289
0
1000
0
0
169.307858387295
0
0
0
0
0
0
0
0
0
0
0
0
0
0
-1000
0
0
0
0
0
0
0
0
0
0
0.00354262460973587
0
0
0
0
0
0
0
0
0
0
0
0
0
0
0
0
0
0
0
0
0
0
0
0
0
0
0
0
0
0
0
0
0
0
0
0
0
0
0
0
0
0
0
0
0
0
-1000
0
-1000
0
0
0
0
0
0
-1000
0
0
0
0
0
0
0
0
0
0
0
669.779725963615
0
0
0
0
0
0
0
0
0
0
0
0
0
1000
0
0
0
1000
0
0
0
0
0
0
0
0
0
0
0
0
0
0
0
330.166481320664
0
0
0
0
0
0
0
0
0
0
0
0
0
0
0
0
0
0
0
0
0
0
0
0
330.166481320664
0
0
0
0
0
0
0
0
0
0
0
0
0
0
0
0
0
0
0
0
0
0
0
0
0
0
0
0
0
0
0
0
0
0
0
0
0
0
0
0
0
0
0
0
0
0
0
0
0
0
0
0
0
0
0
0
0
0
0
0
0
0
0
0
0
0
0
0
0
0
0
0
0
0
0
0
0
0
0
0
0
0
0
0
0
0
0
0
0
0
0
0
0
0
0
0
0
0
0
0
0
0
0
0
0
0
0
0
0
0
0
0
0
0
0
0
0
0
0
0
0
0
0
0
0
0
0
0
0
0
0
0
0
0
0
0
0
0
0
0
0
0
0
0
0
0
0
-1000
0
0
0
0
0
0
0
0
0
0
0
0
0
0
0
0
0
0
0
0
0
401.437990463383
0
68.1046571300493
68.1046571300493
0
-98.5647677636686
0
-741.180025823473
957.969587115708
-216.628205009741
0
-1000
0
-1000
-1000
0
0
0
0
1000
0.021255747658172
0
0
0
0
0
0
0
0
0
0
0
0
0
0
0
0
-32.0485434984357
0
0
0
0
0
0
0
0
0
0
0
0
0
0
0
0
0
0
0
0
0
0
0
0
0
0
0
0
0
0
0
0
0
0
0
0
0
0
0
0
0
0
0
0
0
0
0
0
0
0
0
0
0
0
0
0
0
0
0
0
0
0
0
0
0
0
0
0
0
0
0
0
0
0
0
0
0
0
0
0
0
0
0
0
0
0
0
0
0
0
0
0
0
0
0
0
0
0
0
0
0
0
0
0
0
0
0
0
0
0
0
0
0
0
0
0
0
0
0
0
0
0
0
0
0
0
0
0
0
0
0
0
0
0
0
0
0
0
0
0
0
0
0
0
0
0
0
0
0
0
0
0
0
0
0
0
0
0
0
0
0
0
0
0
0
0
0
0
0
0
0
0
0
0
0
0
0
0
0
0
0
0
0
0
0
0
0
0
0
0
0
0
0
0
0
0
0
0
0
0
0
0
0
0
0
0
0
0
0
0
0
0
0
0
0
0
0
0
0
0
0
0
0
0
0
0
0
0
0
0
0
0
0
0
0
0
0
0
0
0
0
0
0
0
0
0
0
0
0
0
0
0
0
0
0
0
0
0
0
0
0
0
0
0
0
0
0
0
0
0
0
0
0
0
0
169.307858387295
0
0
0
0
0
0
0
0
0
0
0
-1000
0
0
0.976412376120152
0
0.00354262460973587
-982.567475924685
0
0
0
0
0
0
0
0
0
0
0
0
0
0
0
0
0
0
0
0
0
0
0
0
0
0
0
0
0
0
0
0
0
0
0
0
0
0
0
0
0
0
0
0
0
0
0
0
0
0
0
0
0
0
0
0
0
0
0
0
0
0
0
0
0
0
0
0
0
0
0
0
0
0
0
0
0
0
0
0
0
0
0
0
0
0
0
0
0
0
0
0
0
0
0
0
0
0
0
0
0
0
0
0
0
0
0
0
0
0
0
0
0
0
0
0
0
0
0
0
0
0
0
0
0
0
0
0
0
0
0
0
0
0
0
0
0
0
0
0
0
0
0
0
0
0
0
0
0
0
0
0
0
0
0
0
967.951456501564
0
985.384881635748
1000
0
0
0
0
0
0
0
1000
0.00354262460973587
0
61.8529307464257
-1000
349.965068989081
0
0
0
0
0
0
0
0
0
0
0
0
0
0
0
1000
0
-1000
0
0
0
0
0
0
0
0
0
0
0
0
0
0
0
0
0
0
0
0
0
0
0
0
0
0
0
0
0
0
0
0
0
0
0
0
0
0
0
0
0
0
0
0
0
0
0
0
0
0
0
0
0
0
0
0
0
0
0
0
0
0
0
0
0
0
0
0
0
0
0
0
0
0
0
0
0
0
0
0
0
0
0
0
0
0
0
0
0
0
0
0
0
0
0
0
0
0
0
0
0
0
0
0
0
0
0
0
0
0
0
0
0
0
0
0
0
0
0
0
0
0
0
0
0
0
0
0
0
0
0
0
0
0
0
0
0
0
0
0
0
0
0
0
0
0
0
0
0
0
0
0
0
0
0
0
0
500
85.5706427462641
0
0
-0.957768244478984
0
0
456.733305658185
18.9282261754736
41.3734057678187
0.102684771295517
85.5706427462641
0
0
0
0
0
0
0
0
0
0
0
0
0
0
0
0
0
0
0
492.537151350255
-903.904370001457
0
0
-1000
679.783514373312
0
0
2.41094943655028
-695.665531192408
-16.4840037534627
0
32.9680075069255
0
0
0
0
-3.61024937724483
0
0
0.00354262460969533
0
0
0
0
0
0
0
0
0
0
0
0
0
0
0
0
346.650485074127
0
0
0
0
0.0123632464640195
-0.691362755742375
-0.0303260947688386
0
-10.5128155428494
-20.6096208489236
-42.0304128842924
-32.9591075535502
21.7559825114831
-1000
-26.0405199965041
-4.51735980121828
-30.8281974581578
294.182656364081
-1000
0
0
0
0
-1000
-38.0944670937458
-63.2518552717873
-26.1679304050214
-13.0611649047509
-10.1041772169464
-23.4468053583507
-1000
296.62579323256
932.889282684065
0
-49.4940512073748
272.5195368362
-1000
0
1000
0
0
0
-1000
0
0
0
0
0
0
1000
617.934126251496
0
0
0
0
0
0
0
0
0
0
-0.00354262460973587
-0.00354262460973587
0
0
0
0
0
0
0
0
0
0
0
0
0
0
0
0
0
948.728628215597
0
65.9360150138509
0
0
-1000
-1000
0
-0.00354262460973587
-0.00354262460973587
-0.976412376120152
601.683506271694
0
0
-0.00354262460973587
0
-0.00354262460973587
0
0
0
-0.00354262460973587
0
0
0
-0.00354262460973587
0
0
0
0
0
0
0
0
0
0
0
985.384881635748
0
0
0
0
0
1.83489385952748
0
0
0
0
0
0
-666.793492057223
-1000
661.968873749097
0
0
-1000
0
727.4804631638
0
0
-0.00354262460973587
0
0
0
0
0
0
0
0
0
0
0
0
1000
0
-650.059729383187
-3.1005837833967
-0.465221913418645
670.855731559398
-1000
0
0
0
0
0
0
0
0
0
0
0
0
0
0
0
0
0
0
0
996.099116780319
1000
1000
0
0
759.022938452699
-366.291193849373
0
0
0
0
0
0
0
0
0
-1000
-903.904370001457
0
0
0
0
0
-0.0495248651958491
0
0
0
0
396.478057244169
670.855731559398
-670.855731559398
0
0
0
0
0
0
-1000
-1000
1000
-5.41212067003028
0
0
0
0
0
0
0
0
0
0
1000
0
-0.00151172451842285
-0.00144409975087001
-0.390990007555615
-1000
-0.0213004713257305
-0.103907557297134
-0.0137189476334925
-0.0776203616107978
-0.0415178678383654
0
0
0
0
0
-0.00144409975087001
-967.951456501564
-0.00144409975087001
-0.00144409975087001
0
-0.0104697231939781
0
-0.00144409975087001
0
0
0
0
0
-14.6483112165737
-0.00144409975087001
-0.00990742891656282
0
-0.00144409975087001
-0.00144409975087001
-0.00144409975087001
-0.00144409975087001
-0.0418788927760261
0
0
0
0
0
-1000
1000
-661.968873749097
661.968873749097
-1000
1000
-0.00354262460973587
0
750
-750
0
0
0
-1000
-1000
0
0
0
0
0
0
0
0
0
0
0
0
0
0
0
0
0
0
-1000
1000
-1000
1000
1000
0
-1000
1000
-0.00144409975087001
-0.00144409975087001
0
0
0
0
967.951456501564
-216.789561292235
216.62820500974
1000
0.0212557476581878
0
0
0
0
0
-1000
0
-1000
0
0
0
0
0
0
0
0
0
0
0
0
0
0
0
0
0
0
0
0
0
0
0
0
0
0
0
0
0
0
0
0
0
0
0
0
0
0
0
0
0
0
0
0
0
0
0
0
0
0
0
0
0
0
0
0
0
0
0
0
0
0
0
0
0
0
0
0
0
0
0
0
-0.00144409975087001
0
0
0
0
0
0
0
0
0
0
0
0
0
0
0
0
0
0
0
0
0
0
0
0
0
0
0
0
0
0
0
0
0
0
0
0
0
0
0
0
0
0
0
0
0
0
0
0
0
0
0
0
0
0
0
0
0
0
0
0
0
0
0
0
0
0
0
0
0
0
0
0
0
0
0
0
0
0
0
0
0
0
0
0
0
0
0
0
0
0
0
0
0
0
0
0
0
0
0
0
0
0
0
0
0
0
0
0
0
0
0
0
0
0
0
0
0
0
0
0
0
0
0
0
0
0
0
0
0
0
0
0
0
0
0
0
0
0
0
0
0
0
0
0
0
0
0
0
0
0
0
0
0
0
0
0
0
0
0
0
0
0
0
0
0
0
0
0
0
0
0
0
0
0
0
0
0
0
0
0
0
0
0
0
0
0
0
0
0
0
0
0
0
0
0
0
0
0
0
0
0
0
0
0
0
0
0
0
0
0
0
0
0
0
0
0
0
0
0
0
0
0
0
0
0
0
0
0
0
0
0
0
0
0
0
0
0
0
0
0
0
0
0
0
0
0
0
0
0
0
0
0
0
0
0
0
0
-985.384881635748
0
1000
0
61.8529307464257
982.567475924685
0
0
0
0
0
0
0
0
0
0
0
0
0
0
0
0
0
0
0
0
0
0
0
967.951456501564
0
-349.965068989081
0
-1000
-0.00354262460973587
0
0
0
0
0
0
0
0
-999.975242701641
0
0
0
0
0
0
0
0
0
0
0
0
0
0
0
0
0
0
0
0
0
0
0
0
0
0
0
0
0
0
0
0
0
0
0
0
0
0
0
0
0
0
0
0
0
0
0
0
0
0
0
0
0
0
0
0
0
0
0
0
0
0
0
0
0
0
0
0
0
-0.00144409975087001
-0.00144409975087001
-0.00144409975087001
-0.00144409975087001
0
-0.00144409975087001
0
0
-0.00144409975087001
-0.00144409975087001
-0.00144409975087001
-0.00144409975087001
0
-0.00144409975087001
-0.00144409975087001
-0.00144409975087001
-0.00144409975087001
-0.00144409975087001
-0.00144409975087001
-0.00144409975087001
0
-0.00144409975087001
-0.00144409975087001
-0.00144409975087001
0
-1000
85.5706427462642
0
1000
0
0
0
0
0
0
0
0
0
