0
0
0
0
0
0
0
50.9601540202507
-1000
1000
0
0
0
165.547392894729
0
0
999.718345415564
-999.718345415564
999.935357964228
0
0.0646420357722549
0
-1000
0.406321367711371
0
831.610744230415
-168.255369914112
0
-341.064967384967
0.0266207916854392
0
0
0
0
0
0.0355994358031928
0
0
0
38.790951293677
0
0
0
0
0
0
0
0
0
0
0
0
0
0
0
0
0
0
0
0
0
0
0
0
0
0
341.064967384967
0
0
0
0
0
0
0
-1000
-1000
0
0
0
0
0
0
-1000
0
0
0
0
0
0
0
0
0
0
0
0
0
0
0
0
0
0
0
0
0
0
0.00395358292358008
0
0
0
0
0
0
0
0
0
0
0
0
0
0
0
0
0
0
0
0
0
0
0
0
0
0
1000
0
0
1000
0
0
0
0
1000
0
0
0
-16.1833098478664
0
0
0
0
0
0
0
0
-2.74730202466139
0
0
665.744742940754
1000
1000
334.246022482708
0
2.74730202466143
0
-1000
334.246022482708
499.793415377436
1000
-834.452607105271
0
2.74730202466143
1000
0
0
0
0
0
360.637289469919
-1000
0
0
0
0
0
-4.34878364560427
0
0
0
0
0
0
0
748.121966699962
-1000
0
0
0
1000
0
0
0
0
0
0
999.718345415564
0
0
0
-4.35340093387367
0
-999.995382711731
748.118013117038
0
0
0
0
0
0
0
0
0
0
515.49475279543
0
0
-771.726187029342
0.769549636527331
0
0.50995489883859
0
0
0
0.519189475377513
0.764932348257885
0
232.627213904532
0
0
0
-1000
0
1000
0
0
0
0
0
0
0
0
0
0
-1000
0
996.399390858899
1000
-1000
1000
0
-1000
0
-669.444331083109
-509.326789085741
-1.06887310773948
1000
0
0
-1000
0
0
-0.764932348257844
2.56362635900132
0
0
1000
0
0.198543395586212
0
-0.198543395586171
0
0.00197106163146601
0
0
0
0
2.91057999975359
0
0
0
0
0
497.094751129875
0
0
0
0
0
0
-1000
0
1000
0
228.273812970658
0
1000
0
-0.198543395586171
0
-0.764932348257844
0
0
0.764932348257844
0
0
0
0
0
0
0
-1000
0
0
0
-1000
0.764932348257844
0
-1000
-1.06887310773948
0
0.00395358292361353
0
0
0
0
0
0
0
0
0
0
0
771.726187029342
0
0
0
2.54977449419295
0
10.7338821403478
0
0
0
0
0
0
0
0
1000
574.368318539804
1000
493.464768968586
-1000
1000
1000
-1000
-1000
-993.192050532024
1000
-997.36020605153
1000
-0.00923457653891546
0
0
-1000
0
0
0
0
-1000
0
-1000
-1000
0
0
1000
0
2.12983904963176
1000
-1000
0
0
0
0
0
0
1.06887310773945
-1000
1000
0.00923457653891546
0
1000
-1000
-1000
-1000
-1000
-1000
1000
1000
1000
1000
1000
-1000
-1000
1000
-1000
1000
0
-6.53091217180918
-1000
1000
1000
0
0
0
1000
-1000
0
0
0
-748.121966699962
0
0
0
0
1000
0
0
0
-32.532716017166
0
0
0
0
0
0
0
0
0
0
0
0
0
0
0
0
0.00395358292358008
0
1000
-0.00395358292360015
-999.996046417076
0
0
999.996046417076
0
0
0
934.582487959254
0
0
0
0
0
0
0
0
0
0
0
0
0
0
0
0
0
1000
0
0
0
0
0
0
-1000
1000
0
0
0
0
0
0
0
0
0
0
0
0
0.00395358292360015
-1000
0.115432206736159
0.115432206736159
0
-946.844707873802
0
0
52.8116866162989
0
0
0
0
0
0
0
0
0
35.7662999218892
0
0
0
0
-852.344096776902
0
0
0
0
0
0
0
0
0
0
0
0
0
0
0
0
0
0
0
0
0
0
0
0
0
0
0
0
0
0
0
0
0
0.180074242508421
0
0
0
-1000
0
0
0
0
0
0
1000
0
0
0
0
0
0
0
0
0
0
0
0
0
0
0
0
0
0
0
0
0
0
0
0
0
0
0
-1000
0
0
0.180074242508421
0
0
0
0
0
0
0
0
0
116.874820441426
0
0
0
0
0
0
0
0
0
0
0
0
0
0
0
0
0
0
0
0
0
0
0
0
0
0
0
0
0
0
0
0
0
0
-1000
0
0
0
0
0
0
0
0
0
0
0
0
0
0
0
0
0
0
0
0
0
0
0
0
0
0
0
0
0
0
0
0
0
0
0
0
0
0
0
1000
0
0.00461728826944678
0
0
0
1000
0.835729176769867
0.835729176769867
0
0
0
0
0
0
0
0
0
0
0
0
0
0
0
0
0
0
0
0
0
0
0
0
0
0
0
-0.00395358292360015
0
0
0
1000
0
0
-1000
0
0
0
0
2.40098990011233
0
970.796487296005
973.197477196117
0
0
0
0
0
0
0
0
0
0
2.40098990011233
0
2.40098990011233
0
0
0
14.3230239810267
40.8282640882646
26.0974671825112
19.1143558465658
28.3402182685083
9.32780565312412
21.8158514728805
39.9107750076294
36.7505348409972
11.621528354712
22.5294540911522
46.4351418032572
36.6485916098155
11.315698661167
18.7575545374299
25.9955239513295
33.6922379055467
27.2698143411006
4.99521832790253
33.9980675990917
0
0
0
0
0
0
0
0
0
0
0
0
0
0
0
0
0
0
0
0
0
0
0
0
0
0
0
0
0
0
0
0
0
0
0
0
0
0
0
0
0
0
0
0
0
0
0
0
0
0
0
0
0
0
0
0
0
0
0
0
0
0
0
0
0
0
0
0
0
0
1000
0
0
0
0
0
0
0
0
0
0
0
0
0
0
246.493740393704
0
0
246.493740393704
0
0
0
0
0
0
-1000
0
0
0
0
35.7662999218892
-425.631681460196
-425.631681460196
1000
1000
0
0
0
0
819.141873960666
0
0
-32.532716017166
-819.308096338366
-819.308096338366
-1000
0
-147.655903223098
0
-147.785187294642
1000
1000
819.151108537205
1000
0
-819.141873960666
1000
0
-1000
-1000
-1000
0
0
852.344096776902
0
852.344096776902
147.655903223098
0
0
0
0
0
0
0
0
0
0
0
-1000
426.704508150859
1000
1000
0
500
732.118489248014
2.51383181040221
5
0
0
0
0
0
0
460.932290900664
0
0
0
0.122333407389874
0
4.06758579571317
-0.122333407389874
-0.122333407389874
0.122333407389874
0
231.84372929272
432.281992519708
0.122333407389874
0
0
0
0.0057928584575393
-0.122333407389874
0
0
-1000
-0.122333407389874
0
0
0
0
0
0
0
0
0
0
0
0
0
0
0
0
0
0
-0.0057928584575393
0
0
0
0
0
0.0216931376068032
0
0
0
0
0
0
0
0
-0.0216931376068032
0
0
7.28002200289291
0
0
0
0
0
0
0
0
0
0
0
0
0
0
0
0
0
0
0
0
0
0
0
0
0
0
0
0
0
0
0
0
0
0
0
0
0
0
0
0.0057928584575393
0
0
0
0
0
0
0
0
0
0
0
0
0
0
0
0
0
0
0
0
0
0
0
0
0
0
0
0
0
0
0
0
0
0
0
0
0
0
0
1000
0
0
0
0
0
0
0
0
0
0
0
0
0
0
0
0
0
0
0
0
0
0
0
0
0
0
0
0
0
0
0
0
0
0
0
0
0
0
0
0
0
0
0
0
0
0
0
0
0
0
0
0
0
0
0
0
0
0
0
0
0
0
0
0
0
0
0
0
0
0
0
0
0
0
0
0
0
0
0
0
0
0
0
0
0
0
0
0
0
0
0
0
0
0
0
0
0
0
0
0
0
0.12233340738987
147.782190213411
0.12233340738987
6.69775405459535
0.12233340738987
0
0
0
0
0
0
0
0
0
0
0
0
0
0
0
0
0
0
0
0
0
0
0
0
0
0
0
0
0
0
0
0
0
0
0
0
0
0
0
0
0
0
0
0
0
0
0
0
0
0
0
0
0
0
0
0
0
0
0
0
0
0
0
0
0
0
0
0
0
0
0
0
0
0
0
0
0
0
0
0
0
0
0
0
0
0
0
0
0
0
0
0
0
0
0
0
0
0
0
0
0
0
0
0
0
0
0
0
0
0
0
0
0
0
7.28002200289291
0
0
0
0
0
0
0
0
0
0
0
0
0
0
0
0
0
0
0
0
0
0
0
0
0
0
0
0
0
0
0
0
0
0
0
0
0
0
0
0
0
0
0
0
0
0
0
0
0
0
0
0
0
0
0
0
0
0
0
0
0
0
0
0
0
0
0
0
0
0
0
0
0
0
0
0
0
0
0
0
0
0
0
0
0
0
0
0
0
0
0
0
0
-1000
0
0
0
0
0
0
0
0
0
0
0
0
0
0
0
0
0
0
0
0
0
0
0
0
0
0
0
0
0
0
0
0
0
0
0
0
0
0
0
0
0
0
0
0
0
0
0
0
0
0
0
0
0
0
0
0
0
0
0
0
0
0
0
0
0
0
0
0
0
0
0
0
0
0
0
0
0
0
0
0
0
0
0
0
0
0
0
0
0
0
0
0
0
0
0
0
0
0
0
0
0
0
0
0
0
0
0
0
0
0
0
0
0
0
0
0
1000
1000
0
0
0
0
0
0
0
0
0
0
0
0
0
0
0
0
0
0
0
0
0
0
0
0
0
-1000
0
-1000
0
0
0
0
0
0
0
0
0
0
0
1000
1000
0
0
0
0
0
0
0
0
0
0
0
0
0
0
0
0
0
0
0
0
0
0
0
0
0
0
0
0
0
0
0
0
0
0
0
0
0
0
0
0
0
0
0
0
0
0
0
0
0
0
0
0
0
0
0
0
0
0
0
0
0
0
0
0
0
0
0
0
0
0
0
0
0
0
0
0
0
0
0
0
0
0
0
0
0
0
43.6801320173577
0
0
0.122333407389874
0
1000
0
147.659856806021
0
0
541.790811676956
0
425.584238465113
0
0
0
0.0057928584575393
0
0
-1000
1000
0
0
0
0
0
0
0
0
0
0
0
0
0
-1000
0.0057928584575393
0
0
0
-0.0216931376068032
0
0
0
0
0
0
0
0.0216931376068032
0
0
0
0
0
460.932290900664
-1000
0
-453.652268897771
-453.652268897771
0
-1000
1000
-0.0237214975414872
0
0
0.122333407389874
-0.122333407389874
0
0
152.094442823905
-152.094442823904
1000
0
-147.659856806022
-147.659856806022
0
0
1000
0
967.39877163961
-541.790811676956
-1000
0
-574.415761534887
-425.584238465113
-1000
0
0
0
0
0
-1000
0
0
0
0
0
-1000
1000
-1000
0
0
0
-1000
0
0
0
-1000
0
0
0
0
0
0
0
0
0
0
0
0
0
0
0
0
0
0
0
-1000
1000
-1000
0
-1000
0
-1000
0
-1000
0
0
0
0
0
0
0
0
0
-1000
0
-1000
0
1000
0
-1000
0
-1000
0
-1000
0
0
0
0
0
0
0
0
0
-956.319867982642
-43.6801320173578
7.28002200289291
-7.28002200289291
0
0
0
0
0
0
0
0
0
0
0
0
0
0
0
0
0
0
0
0
0
0
0
0
0
0
0
0
0
0
0
0
0.0057928584575393
-0.0057928584575393
0
0
0
0
0
0
0
0
0
0
0
0
0
0
0
0
0
0
0
0
0
0
0
0
0
0
0
0
0
0
0
0
0
0
0
0
0.0057928584575393
-0.0057928584575393
0
0
0
0
0
0
0.0216931376068032
0.0216931376068032
0
0
0
0
0
0
0
0
0
0
0
0
0
0
0
0
-0.0216931376068032
-0.0216931376068032
0
0
0
0
0
0
0
0
0
0
0
0
0
0
0
0
0
0
0
0
0
0
0
0
0
0
0
0
0
0
0
0
0
0
0
0
1000
0
0
0
0
0
0
0
1.29489963447487
0.00395358292358008
0
0
0
0
0
0
0
0
0.162925815320326
0
0
0
0
0
0
0
0
0
0
0
0
0
0
0
0
0
0
0
0
0
0
0
0
0
0
0
0
0
0
0
0
0
0
0
0
0
0
0
0
0
0
0
0
0
0
0
0
0
0
0
0
0
0
0
0
0
0
0
0
0
0
0
0
0
0
0
0
0
0
0
0
0
0
0
0
0
0
0
0
0
0
0
0
0
0
0
0
0
0
0
0
0
0
0
0
0
0
0
0
0
0
0
0
0
0
458.209188323044
458.209188323044
458.209188323044
0
306.11474549914
306.11474549914
306.11474549914
0
453.652268897771
453.652268897771
453.652268897771
0
0
0
0
0
0
0
0
0
0
0
0
0
0
0
0
0
0
0
0
0
0
0
0
0
0
0
0
0
0
0
0
0
0
0
0
0
0
0
0
0
0
0
0
0
0
0
0
0
0
0
0
0
0
0
0
0
0
0
0
0
0
0
0
0
0
0
0
0
0
0
0
0
0
0
0
0
0
0
0
0
0
0
0
0
147.659856806022
147.659856806022
147.659856806022
147.659856806022
-147.659856806022
0
0
0
0
0
0
0
0
0
0
0
0
0
0
0
0
0
0
0
0
0
0
0
0
0
0
0
0
0
0
0
0
0
0
0
0
0
0
0
0
0
0
0
0
0
0
0
0
0
0
0
0
0
0
0
0
0
0
0
0
0
0
0
0
0
0
0
0
0
0
0
0
0
0
0
0
0
0
0
0
0
0
0.00395358292358008
0.00395358292358008
0.00395358292358008
0.00395358292358008
0.00395358292358008
0
0
0
0
0
0
0
0
0
0
0
0
0
0
0
0
0
0
0
0
0
0
0
0
0
0
0
0
0
0
0
0
0
0
0
0
0
0
0
0
0
0
0
0
0
0
0
0
16.1833098478665
16.1833098478665
-16.1833098478664
5.38521158913381
-2.69062900310507
2.69062900310512
2.69062900310512
2.69062900310512
0
0
0
0
0
0
0
0
0
0
0
0
0
0
0
0
0
0
0
0
0
2.69062900310512
2.68274475657925
2.69062900310512
2.69062900310512
2.69062900310512
2.69062900310512
2.69062900310512
2.69062900310512
2.69062900310512
2.69062900310512
2.69062900310512
2.69062900310512
2.69062900310512
2.69062900310512
2.69062900310512
2.69062900310512
2.69062900310512
2.69062900310512
16.1833098478665
16.1833098478665
5.38521158913381
5.38521158913381
0
0
0
0
0
0
0
0
0
0
0
0
0
0
0
0
0
0
0
0
0
0
0
0
0
0
0
0
0
0
0
0
0
0
0
0
0
0
0
0
0
0
0
0
0
0
0
0
0
0
0
0
0
0
0
0
0
0
0
0
0
0
0
0
0
0
0
0
0
0
0
0
0
0
0
0
0
0
0
0
0
0
0
0
0
0
0
0
0
0
0
0
0
0
0
0
0
0
0
0
0
0
0
0
0
0
0
0
0
0
0
0
0
0
0
0
0
0
0
0
0
0
0
0
0
0
0
0
0
0
0
0
0
0
0
0
0
0
0
0
0
0
0
0
0
0
0
0
0
0
0
0
0
0
0
0
0
0
0
0
0
0
0
0
0
0
0
0
0
0
0
0
0
0
0
0
0
0
0
0
0
0
0
0
0
0
0
0
0
0
0
0
1.29489963447487
303.12699492225
303.12699492225
0
4.01622906845613
4.01622906845613
0
-307.143223990706
40.123746046626
4.01622906845613
0
301.832095287776
0
0
1000
0
4.01622906845613
0
4.01622906845613
4.01622906845613
0
0
0
0
0
0
0
0
0
0
0
0
0
0
0
0
0
0
0
0
0
0
0
0
0
0
0
0
0
0
0
0
0
0
0
0
0
0
267.019477944081
0
0
0
0
0
0
0
0
0
0
0
0
0
0
0
0
0
0
0
0
0
0
0
0
0
0
0
0
0
0
0
0
0
0
0
0
0
0
0
0
0
0
0
0
0
0
0
0
0
0
0
0
0
0
0
0
0
0
0
0
0
0
0
0
0
0
0
0
0
0
0
0
0
0
0
0
0
0
1.29489963447487
0.00395358292358008
0
0
0
0
0
0
0
1.70470473902319
0
0
0
1.06887310773945
1.06887310773945
1.06887310773945
0
0
0
0
0
0
1.46177903271877
0
0
0
0.00395358292358008
0
0
0
0
-1.46177903271882
1.46177903271877
0
0
0
0
0
0
0
0
0
0
0.253778004938131
0
0.24292570630442
0
0
0
0
0
0
0
0
0
0
11.9181463910395
11.9181463910395
11.9181463910395
0
0
0
0
-0.162925815320364
0
0
0
0
0
0
0
0
0
0
0
0
0
0
0
0
0
0
0
0
0
0
0
0
0
0
0
0
0
0
0
0
0
0
0
0
0
0
0
0
0
0
0
0
0
0
0
0
0
0
0
0
0
0
0
0
0
0
0
0
0
0
0
0
0
0
0
0
0
0
0
0
0
0
0
0
0
0
0
0
0
0
0
0
0
0
0
0
0
0
0
0
0
0
0
0
0
0
0
0
0
0
0
0
0
0
0
0
0
0
0
0
0
0
0
0
0
1000
0
0
1000
1000
0
0
0
0
0
0
0
0
0
0
0
0
0
0
0
0
0
0
0
0
0
0
0
0
0
0
0
0
0
0
0
0
0
0
0
0
0
0
0
0
0
0
0
0
0
0
0
0
0
0
0
0
0
0
0
0
0
0
0
0
0
0
0
0
0
0
0
0
0
0
0
0
0
0
0
0
0
0
0
0
0
0
0
0
0
0
0
0
0
0
0
0
0
0
0
0
0
0
0
0
0
0
0
0
0
0
0
0
0
0
0
0
0
0
0
0
0
0
0
0
0
0
0
0
0
0
0
0
0
0
0
0
0
0
0
0
0
0
0
0
0
0
0
0
0
0
0
0
0
0
0
0
0
0
0
0
0
0
0
0
0
0
0
0
0
0
0
0
0
0
0
0
0
0
0
0
0
0
0
0
0
0
0
0
0
0
0
0
0
0
0
0
0
0
0
0
0
0
0
0
0
0
0
0
0
0
0
0
0
0
0
0
0
0
0
0
0
0
0
0
0
0
0
0
0
0
0
0
0
0
0
0
0
0
0
0
0
0
0
0
0
0
0
0
0
0
0
0
0
0
0
0
0
0
0
0
0
0
0
0
0
0
0
0
0
0
0
0
0
0
0
0
0
0
0
0
0
0
0
0
0
0
0
0
0
0
0
0
0
0
0
0
0
0
0
0
0
0
0
0
0
0
0
0
0
0
0
0
0
0
0
0
0
0
0
1000
0
0
0
0
507.454596824512
0
0
0
0
0
0
0
0
0
0
0
0
0
0
0
0
0
0
0
0
0
0
0
0
0
0
0
0
0
0
0
0
0
0
0
0
0
0
0
0
0
0
0
0
0
0
0
0
0
0
0
0
0
0
0
0
0
0
0
0
0
0
0
0
0
0
0
0
0
0
0
0
0
0
0
0
0
0.180074242508421
0.180074242508421
0
0
0
0
0.180074242508454
0.180074242508421
0
-246.493740393704
0
0
0
0
0.0277037296166769
0
0
0
0
0
0
0
246.493740393704
0
0
0
0
1.08968003159737
0
0
0
0
0
0
1.08968003159737
1.08968003159737
1.08968003159737
1.08968003159737
0
0
0
0
0
0
0
0
0
0
0
0
0
0
0
0
0
0
0
0
0
0
0
0
0
0
0
0
0
0
0
0
0
0
0
0
0
487.591779786592
487.591779786592
0
0
0
0
0
0
0
0
0
0
0
0
0
0
0
0
0
0
0
0
0
0
0
0
0
0
0
0
0
0
0
0
0
0
0
0
0
0
0
0
0
0
0
0
0
0
0
0
1000
-1000
760.807281005146
0
0
0
-1000
1000
1000
0
52.3903597779406
0
0
-1000
760.042348656888
0
0
0
0
0
0
0
0
0
0
0
0
0
0
0
0
0
0
0
0
0
0
0
0
0
0
0
0
0
0
0
0
0
0
0
0
0
0
0
0
-1000
0
0
93.3975891324734
0
0
0
0
0
0
0
0
0
0
0
0
0
0
-999.996046417076
999.996046417076
1000
999.996046417076
1000
-1000
-1000
0
0
0
0
0
0
0.00395358292360015
0
0
0
0
0
0
0
0
0
0
0
0
0
0
0
0
0
500
0
0
0
0
0.00295659244719901
0.00395358292358008
0.0108522986337111
1000
0.00197106163146601
0.00197106163146601
978.607801676589
0
0.000985530815733004
0.00197106163146601
0.0167769431887882
-0.00197106163147964
0.00197106163146601
0.00197106163146601
0.00197106163146601
0.00197106163146601
0.00197106163146601
-0.00197106163147964
-0.00394212326295929
0.00197106163146601
0.00197106163146601
0.00197106163147964
0.00197106163146601
-0.00592464455507979
-0.00592464455507979
0.00395358292360015
0.00395358292360015
0.00197106163146601
0.00197106163146601
0.00395358292358008
0.00395358292358008
-0.00395358292360015
-0.00395358292360015
0.00395358292360015
0.00395358292360015
0.00197106163146601
0.00197106163146601
0.00197106163146601
0.00197106163146601
-0.00592464455507979
-999.985194118443
0
0
0
0
0
0
-1000
0
0
0
0.00395358292358008
0
0
0
0
0.00197679146179004
0.00395358292360015
0.00395358292360015
0
0.00395358292358008
0
0
0
0
0
-0.00395358292360015
0
0
0.00788424652586404
0.00197106163146601
0.00591318489439803
0.00197106163146601
-0.00197106163147964
0.00197106163146601
0.00197106163146601
0.00197106163146601
0.00197106163146601
0.00197106163146601
0.00197106163146601
0.00394212326293202
0.00197106163146601
0.00197106163146601
0.00197106163146601
0.00197106163146601
0.00197106163146601
0
0.00197106163146601
0.00395358292358008
0
0.00395358292358008
0
0.00395358292358008
0.00395358292358008
0.00395358292358008
0.00395358292358008
0.00395358292358008
0.00395358292358008
0
0.00395358292358008
0
0.00395358292358008
0.00395358292358008
0.00395358292358008
0.00395358292358008
0.00395358292358008
0
0
0
0
0
0
0
0
0
0
0
0
0
0
0
0
-0.00395358292360015
0
0
0
0
0
0
0
0
0
0
0
0
0
0
0
0
0
0
0
0
0
0
0
0
0
0
0
0
0
0
0
0
0
0
0
0
0
0
0
0
0
0
0
0
0
0
0
0
0
0
0
0
0
0
0
0
0
0
0
0
0
0
0
65.6160554363325
7.28002200289296
35.7662999218892
0
0
0
0
0.00395358292358008
0
0
0
0
0
0
0
0
0
0
0
0
0
0
0
0
0
0
0
0
0
-1000
0
0
0
-460.932290900664
0
0
0
0
0
0.12233340738987
0
0
0
0
0
0
0
0
0
0.12233340738987
0
0
163.948688191343
0
0
0
0
0.12233340738987
0
0.12233340738987
0
0.12233340738987
0
45.8080682090486
0
0
0
7.64583796186686
0
47.2512786043372
0
0.12233340738987
0
0.244666814779739
0
0.12233340738987
0
0.12233340738987
0
0.12233340738987
0
0.12233340738987
0
0.12233340738987
0
0.12233340738987
0
0.12233340738987
0
0.12233340738987
0
0.12233340738987
0
0.12233340738987
0
0.12233340738987
0
0.12233340738987
0
0.12233340738987
0
0.12233340738987
0
0.12233340738987
0
0.12233340738987
0
0.12233340738987
0
2.56900155518726
0
0.770376654644279
0
3.51708546245876
0
3.54766881430622
0
1.80441775900058
0
0.12233340738987
0
0.12233340738987
0
8.48047867598917
0
0.12233340738987
0
0.12233340738987
0
0.12233340738987
0
0.12233340738987
0
58.5671187879001
0
0.886917203576556
0
6.5754206472055
0
0
0
0.449860063471318
0
0.12233340738987
0
0.12233340738987
0
8.44218937309672
0
0.12233340738987
0
0.12233340738987
0
0.12233340738987
0
0
-1000
0
301.832095287776
0
0
0
0
0
0
-1000
-1000
-1000
0
1.08968003159737
-1000
1000
-484.50524720457
0
486.130000753874
-268.820938159217
433.802984537526
-1000
0
0
1000
1000
0
0
0
0
491.054803289275
-1000
0
0
0
0
1000
1000
-0.00395358292360015
0
0
-3.97945310749299
1000
1000
0
0
0
0.0266207916854455
1000
-1000
-1000
-232.627213904532
-767.376739678392
0
425.531144049655
0
0
-1000
0
0
1000
1000
-1000
239.494687412567
0
1000
0
0
-1000
1000
1000
1000
0
0
0
0
0
0
0
-35.7662999218892
-1000
0
0
0
0
0
0
0
0
0
1000
0
0
0
0
0
0
0
0
0
0
0
0
1000
0
0
0
0
0
0
0
0
0
-1000
-1000
-1000
-1000
-1000
-1000
-985.4236888695
-1000
-1000
-1000
-1000
1000
1000
-1000
1000
-1000
-1000
-1000
-42.5135743066127
-1000
-1000
-1000
1000
1000
1000
1000
1000
1000
1000
-1000
-1000
-1000
1000
-1000
-1000
-1000
-1000
-1000
0
1000
-1000
1000
-1000
-1000
-1000
-1000
-976.871912336035
-1000
-1000
1000
-1000
203.68649128506
624.646690483374
1000
-1000
-1000
-1000
-1000
-1000
-1000
-1000
-1000
-127.719063888673
-1000
883.767474438463
-1000
-1000
-1000
-1000
-952.264960240282
1000
-1000
1000
1000
1000
-1000
-1000
-1000
-1000
-1000
-1000
-1000
-624.646690483374
-1000
1000
-1000
1000
1000
-1000
1000
1000
1000
-1000
-1000
1000
1000
1000
-1000
-1000
-1000
-1000
953.093894793259
-1000
-1000
74.0623447611017
-1000
-1000
-1000
1000
1000
1000
1000
906.767891933099
1000
1000
1000
-1000
-1000
1000
8.24161604317396
-1000
-971.459123073544
0
999.996046417076
-1000
-1000
-1000
-1000
0
0
0
0
0
0
0
0
0
0
0
0
0
0
0
0
0
0
0
0
0
0
0
0
0
0
0
0
0
0
0
0
0
0
0
0
0
0
0
0
0
0
0
0
0
0
0
0
0
0
0
0
0
0
0
0
0
0
0
0
0
0
0
0
0
0
0
0
0
0
0
0
0
0
0
0
0
0
0
0
0
0
0
0
0
0
0
0
0
0
0
0
0
0
0
0
0
0
0
0
0
0
0
0
0
0
0
0
0
0
0
0
0
0
0
0
0
0
0
0
0
0
0
0
0
0
0
0
0
0
0
0
0
0
0
0
0
0
0
0
0
0
0
0
0
0
0
0
0
0
0
0
0
0
0
0
0
0
0
0
0
0
0
0
0
0
0
0
0
0
0
0
0
0
0
0
0
0
0
0
0
0
0
0
0
0
0
0
0
0
0
0
0
0
0
0
0
0
0
0
0
0
0
0
0
0
0
0
0
0
0
0
0
0
0
0
0
0
0
0
0
0
0
0
0
0
0
0
0
0
0
0
0
0
0
0
0
0
0
0
0
0
0
0
0
0
0
0
0
0
0
0
0
0
0
0
0
0
0
0
0
0
0
0
0
0
0
0
0
0
0
0
0
0
0
0
0
0
0
0
0
0
0
0
0
0
0
0
0
0
0
0
0
0
0
0
0
0
0
0
0
0
0
0
0
0
0
0
0
0
0
0
0
0
0
0
0
0
0
0
0
0
0
0
0
-882.358709705846
1000
1000
1000
1000
1000
1000
1000
-1000
-1000
-1000
-1000
1000
1000
882.358709705846
1000
-1000
-1000
1000
-1000
1000
-1000
1000
-1000
-1000
-1000
-1000
1000
1000
1000
-1000
-1000
949.039845979749
-1000
-1000
50.9601540202507
1000
-1000
-1000
-1000
-997.309370996895
1000
-949.039845979749
-1000
-1000
1000
-1000
-882.358709705846
-1000
-1000
-1000
-1000
-1000
882.358709705846
-1000
0
0
0
0
0
0
0
0
0
0
0
0
0
0
-771.726187029342
-1000
-228.273812970658
1000
0
0
0
0
0
1000
0
0
0
0
0
0
465.80436424929
0
0
-0.00395358292360015
0.00395358292358008
0
0
-0.00395358292360015
-0.00395358292360015
0
0
0
0
0
0
0
0
0
0
0
0
0
0
0
0
0
0
0
0
0
0
0
0
0
0
0.00395358292358008
0
0
-1000
52.3903597779406
239.957651343112
367.242639890971
-1000
0
0
0
0
-0.00395358292360015
0
0
0
0
0
246.493740393704
0
0
0
0
0
0
0
0
0
0
0
0
0
0
-1000
0
0
0.00395358292358008
0
0
0
0
-0.0276750804655421
0
0
0
0
0
0
1000
0
1000
0
0
0
0
0
0
0
0
0
0
0
0
0
0
33.1217700508072
0
0
0
0
0
0
0
0
0
0
0
0
0
0
0
0
0
0
0
0.00395358292358008
0
0
0
0
0
1000
0
0
0
0
2.1377462154789
0
0
0
0
0.00591318489439803
1000
0
-999.996046417076
0
0
0
0
0
0
0
0
0
0
0
0
0.00395358292360015
1000
391.354207019814
-1000
1000
0
1000
0
0
-147.655903223098
0
0
-1000
1000
-2.13774621547918
1000
0
0
0
358.318206581278
-358.161218780117
1000
0
0
0
0
0
0.00395358292360015
0
0
1000
0
0
0
0
1000
0
0
0
0
0
-1000
0
-1000
1000
0
0
0
0
0
0
0
0
0
0
0
-641.838781219883
1000
0
499.999020199015
499.995066616091
0
0
0
0
0
499.999020199015
0
500.004933383909
0
1000
0
0
0
0
0
0
0
0
0
0
0
0
0
0
1.06887310773945
0
0.00395358292358008
-0.00395358292360015
0.00395358292358008
0.00395358292358008
0
0
1000
-1000
0.00395358292360015
0
0
0
1.06887310773948
0
0
-0.0118607487706868
997.870160950368
-1000
-1000
1000
1000
-1000
0
0
1000
-1000
-1000
-1000
0
0
0
0
0
0
0
0
0
0
0
0
0
0
0
0
0
0
0
2.12983904963176
0
0
0
0
0
0
0
0
0
0
0
0.00197106163146601
0
0
0
0
0
0
0
0
0.00395358292358008
0
-1000
147.655903223098
0
0
0
0
0
0
0
0
0
0
-50.9601540202507
0
0
0
0
0
0
0
0
0
0
0
0
0
1000
0
0
0
0
50.9601540202507
0
0
0
0
0
0
0
0
0
0
0
0
0
0
0
0
0
0
0
0
0
0
0
0
0
0
2.549774494193
0
0
0
0
0
0
0
0
0
0
0
0
0
0
0
0
0
0
0
0
0
0
0
0
0
0
0
0
0
0
0
0
0
0
0
0
0
0
0
0
0
0
0
0
0
0
0
0
0
0
0
0
0
0
0
0
0
0
0
0
0
0
0
0
0
0
0
0
0
0
0
0
0
0
0
0
0
0
0
0
0
0
0
0
0
0
0
0
0
0
0
0
0
0
0
0
0
0
0
0
0
0
0
0
0
0
0
0
0
0
0
0
0
0
-999.973379208315
0
0.00197106163147964
0
0.0216931376068032
0
0
-0.0266207916854455
0
1000
0
0
0
0
0.00492765407864226
0
0
0
0
0
0
0
0
0
0
0
0
0
0
0
0
0
0
0
0
0.00395358292358008
0.00395358292358008
0.00395358292358008
-1000
-1000
0
-1000
-1000
0
0
0
0
0
0
-1000
1000
0
0
0
0
0
0
0
0
0
0
425.607959962655
0
1000
0
-1000
-1000
-1000
-1000
-1000
-1000
0
0
0
0
0
0
0
0
0
0
-1000
0
1000
0.433041476455706
0.00395358292358008
0.00395358292358008
0.00395358292358008
0.00395358292358008
0.00395358292358008
0
0
0
1000
0
0
0
0
0
0
0
0
0
0
0
0
0
0
0
1000
0
0
0
0
0
0
0
1000
-1000
0
1000
0
0
-1000
0
0
0
0
0
0
0
0
0
0
0
0
0
0
0
0
0
0
0
0
0
0
0
7.28002200289296
0
0
0
0
0
0
7.28002200289296
0
0
0
7.28002200289296
0
0
0
0
0
0
0
0
0
0
0
0
-1000
0
0
0
0
0
0
0
0
0
-1000
0
0
0
0
0
0
0
0
1000
-1000
-1000
-1000
-1000
-1000
0
0.0108522986337111
0
0
0
0
-1000
-1000
-1000
0
246.493740393704
0
0
0
999.976278502459
15.9462171088319
0
0
0
0
0.635831631283744
0.635831631283744
-1000
-999.971408146683
0
0
0
0
0
0
0.401355514763825
0
1000
0
0
978.603848093666
0
0
0
0
1000
0.00395358292358008
0
0
0
0
0
0
0
0
-340.405395405053
1000
0
0
1000
0
0
0
1000
0
0
0
-541.790811676956
0
-1000
0
0
0
0
-1000
0
0
0
0
305.99241209175
306.11474549914
1000
453.652268897772
-1000
1000
0
0
-490.96622555785
490.96622555785
-750
0
0
0
0
1000
-1000
0
0
-539.010110242912
0
0
0
0
0.00579285845759342
0
0
0
0
0
0
0
0
0
0
0
0
0
0
0
0
0
0
0
0
1000
0
-1000
-1000
-1000
-1000
0
1000
0
0
0
0
0
0
0
0
-1000
-507.454596824512
0
-1000
0.00197106163146601
0.00197106163146601
0
1000
0
0
0
425.584238465113
0
0
0
0
0
0
0
0
0
0
0
0
0
0
0
0
0
0
0
0
0
0
0
0
0
-0.0216931376068032
0
0
0
0
0
0
0
0
0
0
0
0
0
0
0
0
0
0
0
0
0
0
0
0
0
0
0
0
0
0
0
0
0
0
0
0
0
0
0
0
0
0
0
0
0
0
-1000
0
-1000
0
0
0
0
0
0
-1000
0
0
0
0
0
0
0
0
0
0
0
847.905557176095
0
0
0
0
0
0
0
0
0
0
0
0
0
1000
0
0
0
-1000
0
0
0
0
0
0
0
0
0
0
0
0
0
0
0
453.652268897771
0
0
0
0
0
0
0
0
0
0
0
0
0
0
0
0
0
0
0
0
0
0
0
0
0
0
0
0
0
0
0
0
0
0
0
0
0
0
0
0
0
0
0
0
0
0
0
0
0
0
0
0
0
0
0
0
0
0
0
0
0
0
0
0
0
0
0
0
0
0
0
0
0
0
0
0
0
0
0
0
0
0
0
0
0
0
0
0
0
0
0
0
0
0
0
0
0
0
0
0
0
0
0
0
0
0
0
0
0
0
0
0
0
0
0
0
0
0
0
0
0
0
0
0
0
0
0
0
0
0
0
0
0
0
0
0
0
0
0
0
0
0
0
0
0
0
0
0
0
0
0
0
0
0
0
0
0
0
0
0
0
0
0
0
0
0
0
0
0
0
0
0
0
0
0
0
0
0
0
0
0
0
-1000
0
0
0
0
0
0
0
0
0
0
0
0
0
0
0
0
0
0
0
0
0
0
0
0
0
0
0
-165.753977517292
0
0
1000
-999.819925757492
0
-1000
0
0
-1000
0
0
0
0
1000
0.0237214975414805
0
0
0
0
0
0
0
0
0
0
0
0
0
0
0
0
0
0
0
0
0
0
0
0
0
0
0
0
0
0
0
935.954222785896
0
0
0
0
0
0
0
0
0
0
0
0
0
0
0
0
0
0
0
0
0
0
0
0
0
-965.595611033197
0
0
0
0
0
0
0
0
0
0
0
0
0
0
0
0
0
0
0
0
0
0
0
0
0
0
0
0
0
0
0
0
0
0
0
0
0
0
0
0
0
0
0
0
0
0
0
0
0
0
0
0
0
0
0
0
0
0
0
0
0
0
0
0
0
0
0
0
0
0
0
0
0
0
0
0
0
0
0
0
0
0
0
0
0
0
0
0
0
0
0
0
0
0
0
0
0
0
0
0
0
0
0
0
0
0
0
0
0
0
0
0
0
0
0
0
0
0
0
0
0
0
0
0
0
0
0
0
0
0
0
0
0
0
0
0
0
0
0
0
0
0
0
0
0
0
0
0
0
0
0
0
0
0
0
0
0
0
0
0
0
0
0
0
0
0
0
0
0
0
0
0
0
0
0
0
0
0
0
0
0
0
0
0
0
0
0
0
0
0
0
0
0
0
0
0
0
0
0
0
0
0
0
0
0
0
0
0
0
0
0
0
0
0
0
0
-965.595611033197
0
0
0
0
0
0
0
0
0
0
0
0
0
0
425.584238465113
0
0
0
0
0
0
0
0
0
0
-1000
0
0
0
0
0.00395358292360015
883.596142962057
-1000
0
0
0
0
0
0
0
0
0
0
0
0
0
0
0
0
0
0
0
0
0
0
0
0
0
0
0
0
0
0
0
0
0
0
0
0
0
0
0
0
0
0
0
0
0
0
0
0
0
0
0
0
0
0
0
0
0
0
0
0
0
0
0
0
0
0
0
0
0
0
0
0
0
0
0
0
0
0
0
0
0
0
0
0
0
0
0
0
0
0
0
0
0
0
0
0
0
0
0
0
0
0
0
0
0
0
0
0
0
0
0
0
0
0
0
0
0
0
0
0
0
0
0
0
0
0
0
0
0
0
0
0
0
0
0
0
0
0
0
0
0
0
0
0
0
0
0
0
0
0
0
0
0
0
0
0
1000
0
0
0
340.409348987977
0
0
0
0
0
0
0
1000
0.00395358292360015
0
0
-340.409348987977
1000
0
0
0
0
0
0
0
0
0
0
0
0
0
0
0
0
1000
-1000
0
0
0
0
0
0
0
0
0
0
0
0
0
0
0
0
0
0
0
0
0
0
0
0
0
0
0
0
0
0
0
0
0
0
0
0
0
0
0
0
0
0
0
0
0
0
0
0
0
0
0
0
0
0
0
0
0
0
0
0
0
0
0
0
0
0
0
0
0
0
0
0
0
0
0
0
0
0
0
0
0
0
0
0
0
0
0
0
0
0
0
0
0
0
0
0
0
0
0
0
0
0
0
0
0
0
0
0
0
0
0
0
0
0
0
0
0
0
0
0
0
0
0
0
0
0
0
0
0
0
0
0
0
0
0
0
0
0
0
0
0
0
0
0
0
0
0
0
0
0
0
0
0
0
0
0
0
0
0
0
0
0
0
500
95.4971720671516
-305.833518474674
0
0
-1.06887310773948
0
0
509.716155908422
21.1239744612539
46.1728826944678
0.114596606480582
95.4971720671516
0
0
0
0
0
0
0
0
0
0
0
0
0
0
0
0
0
0
0
1000
-1000
0
-1000
792.605516667547
1000
0
1000
-934.582487959254
0
0
0
82.234437599428
-7.28002200289291
36.4001100144649
7.28002200289291
0
0
0
935.990756184042
0
0
0.0128233602651771
0.00395358292358008
0
0
0
0
0
0
0
0
0
0
0
0
0
0
0
0
0
460.932290900664
0
0
0
0
0.0266207916854455
-58.5671187879002
-2.56900155518724
0
-11.7323432731788
-23.0004174946358
-46.9061052067408
56.6150961628439
-11.4865383271365
864.141377895941
-29.061322189646
-5.041391210597
-1000
1000
-1000
0
0
0
0
-1000
-42.5135743066127
-19.1697633057992
-1000
-14.5763111305004
-976.871912336035
-991.76233753975
-985.4236888695
973.672694998616
555.911713137722
0
1000
0
792.605516667547
0
1000
1000
0
1000
-1000
0
0
0
0
0
0
1000
0.00395358292360015
0
-1000
0
0
0
0
0
0
0
0
-0.00395358292360015
93.3936355495498
-93.3975891324734
0
0
0
0
0
0
0
0
0
0
0
1000
-1000
0
0
1000
0
50.9601540202507
0
0
-1000
-1000
246.493740393704
-0.00395358292360015
-0.00395358292360015
-1.08968003159737
239.957651343112
0
0
-0.00395358292360015
0
-0.00395358292360015
0
0
-500
-0.00395358292360015
0
0
0
-0.00395358292360015
0
0
0
0
0
0
0
0
0
0
0
0
0
0
0
0
0
52.3903597779406
0
0
0
0
0
0
0
0
0
0
0
-117.641290294154
0
1000
0
0
-0.00395358292360015
0
0
0
0
1000
0
0
0
0
0
0
0
0
0
-0.0276750804655421
-3.97945310749299
-228.273812970658
-1000
-771.726187029342
500
0
0
0
1000
1000
0
0
2.69062900310507
1000
0
0
0
0
0
-232.627213904532
0
0
-1000
0
1000
0
-484.50524720457
0
0
486.130000753874
232.623260321608
0
0
0
0
0
-35.7662999218892
0
0
0
-1000
-1000
0
0
0
0
0
-936.009492729201
0
0
0
0
0
0
707.648035296024
1000
-1000
0
0
0
0
0
0
-268.820938159217
-1000
-1000
491.054803289275
0
0
0
0
0
0
0
0
0
0
1000
0
-0.449860063471306
-0.122333407389874
-33.1217700508072
-1000
-1.80441775900056
-8.48047867598916
-8.44218937309677
-6.57542064720553
-3.51708546245879
-0.122333407389874
0
0
163.948688191343
0
-0.122333407389874
-1000
-0.122333407389874
-0.122333407389874
-0.122333407389874
-0.886917203576559
0
-0.122333407389874
-45.8080682090487
-47.2512786043371
0
-15.9462171088319
0
-0.40135551476385
-0.122333407389874
-0.770376654644224
0
-0.122333407389874
-0.122333407389874
-0.122333407389874
-0.122333407389874
-3.54766881430623
0
-7.64583796186685
0
0
0
-1000
1000
0
0
0
1000
-0.00395358292360015
0
750
-750
0
0
0
-1000
0
-1000
0
0
0
0
0
0
0
0
0
0
0
0
0
0
0
0
0
1000
-1000
-1000
1000
1000
0
-1000
-1000
-0.122333407389874
-0.122333407389874
0
0
0
0
1000
-1000
999.819925757492
1000
0.0237214975414872
0
0
0
0
0
1000
-1000
0
0
0
0
0
0
0
0
0
0
0
0
0
0
0
0
0
0
0
0
0
0
0
0
0
0
0
0
0
0
0
0
0
0
0
0
0
0
0
0
0
0
0
0
0
0
0
0
0
0
0
0
0
0
0
0
0
0
0
0
0
0
0
0
0
0
0
0
0
0
-0.122333407389874
0
0
0
0
935.954222785896
0
0
0
0
0
0
0
0
0
0
0
0
0
0
0
0
0
0
0
0
0
0
0
0
0
0
965.595611033197
0
0
0
0
0
0
0
0
0
0
0
0
0
0
0
0
0
0
0
0
0
0
0
0
0
0
0
0
0
0
0
0
0
0
0
0
0
0
0
0
0
0
0
0
0
0
0
0
0
0
0
0
0
0
0
0
0
0
0
0
0
0
0
0
0
0
0
0
0
0
0
0
0
0
0
0
0
0
0
0
0
0
0
0
0
0
0
0
0
0
0
0
0
0
0
0
0
0
0
0
0
0
0
0
0
0
0
0
0
0
0
0
0
0
0
0
0
0
0
0
0
0
0
0
0
0
0
0
0
0
0
0
0
0
0
0
0
0
0
0
0
0
0
0
0
0
0
0
0
0
0
0
0
0
0
0
0
0
0
0
0
0
0
0
0
0
0
0
0
0
0
0
0
0
0
0
0
0
0
0
0
0
0
0
0
0
0
0
0
0
0
0
0
0
0
0
0
0
0
0
0
0
0
0
0
0
0
0
0
0
0
0
0
0
0
0
0
0
0
0
0
0
0
0
0
0
0
207.394483332453
0
0
-883.596142962057
0
0
0
0
0
0
0
0
0
0
0
0
0
0
0
0
0
0
0
0
0
0
0
0
1000
0
-1000
0
-1000
-0.00395358292360015
0
0
0
0
0
0
0
0
-698.167904712224
0
0
0
0
0
0
0
0
0
0
0
0
0
0
0
0
0
0
0
0
0
0
0
0
0
0
0
0
0
0
0
0
0
0
0
0
0
0
0
0
0
0
0
0
0
0
0
0
0
0
0
0
0
0
0
0
0
0
0
0
0
0
0
0
0
-1000
1000
1000
0
-0.122333407389874
-0.122333407389874
-0.122333407389874
-0.122333407389874
0
-0.122333407389874
-0.244666814779748
0
-0.122333407389874
-0.122333407389874
-0.122333407389874
-0.122333407389874
0
-0.122333407389874
-0.122333407389874
-0.122333407389874
-0.122333407389874
-0.122333407389874
-0.122333407389874
-0.122333407389874
0
-0.122333407389874
-0.122333407389874
-0.122333407389874
-1000
95.4971720671517
0
1000
0
0
0
0
0
0
0
0
0
