0
0
0
0
0
0
0
217.858360460821
-217.858360460821
0
1000
0
0
257.353088203887
0
0
999.739512493705
-999.739512493705
999.940215982162
0
0.0597840178382635
0
-1000
0.375785254983384
0
1000
-259.857553672809
0
-326.632515324841
0.0127605183886428
0
0
0
0
0
0
290.381020148299
0
0
0
35.875709921558
0
0
0
0
0
212.371374192342
0
212.371374192342
0
212.371374192342
0
212.371374192342
0
212.371374192342
0
212.371374192342
0
0
212.371374192342
0
0
0
0
0
0
0
0
0
326.632515324841
0
0
0
0
1000
1000
0
0
0
0
326.632515324841
0
-545.731796099812
-454.268203900188
0
0
0
0
0
0
0
0
0
0
0
0
0
0
0
0
0
0
0
0
0
0
0
0
0
0
0
0
0
0
0
0
272.237755542154
0
0
0
0
0
0
0
0
0
0
0
0
0
0
0
0
0
1000
0
0
-1000
0
0
0
0
-1000
0
0
0
0
-14.9670918167812
0
0
0
0
999.840409615848
0
0
0.00912525442908758
1000
0
0
482.370869998436
1000
1000
517.620589427587
0
0
0
-1000
517.620589427587
774.973677631474
1000
-742.646911796113
0
552.870308856738
1000
0
0
0.00912525442913648
0
0
1000
636.62046294281
0
0
0
0
0
-4.02196118883899
0
0
0
0
0
0
0
250.950017635304
-1000
0
0
0
271.269822352767
0
0
0
0
995.973768524173
995.973768524173
0
0
0
0
-1000
0
-999.995729713012
0
0
0
0
0
0
0
0
0
0
0
4.02623147582744
0
0
-1000
0.707445683091285
725.79673866624
0.47163045539419
0
0.480171029371149
0
0
0.707445683091285
0
246.923786159476
0
0
0
-1000
0
0
0
0
0
0
0
0
0
0
0
0
-1000
0
-591.599415115852
-272.237755542154
-1000
-1000
0
993.968443520804
1000
-1000
996.936240868792
-0.98854450013107
1000
-2.69184230580254
0
-1000
0
-1000
1000
728.163431517188
0
0
1000
0
0.183622340503238
0
-0.183622340503234
0
0.00182293119837754
0
0
0
0
0
0
0
0
1000
0
0
0
0
0
0
0
0
1000
0
-356.689071182303
0
0
0
1000
0
-0.183622340503234
0
-0.707445683091237
0
0
0.707445683091237
2.69184230580259
0
0
0
0
0
0
0
0.707445683091237
0
0
0
1000
0.707445683091237
0
-1000
-0.98854450013107
0
1.71067028553358
0.00365646083397072
0
0
0
0
0
0
0
0
0
0
0
0
0
0
0
0
2.35815227697095
0
9.9272028438777
0
0
0
0
0
0
0
0
137.768934179324
-1000
1000
-0.00182293119837595
-1000
1000
1000
-1000
-1000
-1000
1000
-1000
1000
1000
0
0
-1000
0
0
0
0
-1000
0
0
-1000
0
1000
1000
0
0
1000
-1000
0
0
0
0
0
0
0.988544500131022
-6.03155647919596
1000
1000
0
1000
-1000
1000
0
-643.30238824372
-1000
1000
1000
1000
-1000
0
-1000
0
1000
-1000
-1000
-1000
-1000
-1000
999.991459426023
1000
0
0
0
-1000
1000
0
0
0
-250.950017635304
0
0
0
1000
-1000
0
0
-47.3170534232615
17.2292560409242
0
0
0
0
0
0
682.809652690194
0
0
0
500.003032036242
0
0
0
0
0
0
0
1000
0
-1000
0
1000
0
0
0
0
0
0
0
0
0
0
0
0
0
0
0
0
0
0
0
0
0
0
0
0
0
0
0
0
0
0
0
0
0
0
0
0
0
0
0
0
0.00365646083400861
1000
0.10675717471122
0.10675717471122
0
-999.292554316909
0
0
0
0
0
0
0
0
0
0
0
0
0
0
-727.758587997012
0
0
0
0
0
0
0
0
0
0
0
0
0
0
0
0
0
0
0
0
0
0
0
0
0
0
0
0
0
0
0
0
0
0
0
0.166541192548834
0
0
0
1000
0
0
0
0
0
0
-1000
0
0
0
0
0
0
0
0
0
0
0
0
0
0
0
0
0
0
0
0
0
0
0
0
0
0
0
0
0
0
0.166541192548834
0
0
0
0
0
0
0
0
0
0.17198613966093
0
0
0
0
0
0
0
0
0
0
0
0
0
0
0
0
0
0
0
0
0.00365646083395496
0
0
0
0
0
0
0
0
0
-1000
0
0
0
0
0
0
0
0
0
0
0
0
0
33.0783690054617
0
33.0783690054617
0
0
0
0
0
0
0
0
0
0
0
0
0
0
0
0
0
0
0
0
0
-1000
0
500.007302323231
0
0
0
0
0.772921944908999
0.772921944908999
0
0
0
0
0
0
0
0
0
0
0
0
0
0
0
0
0
0
0
0
0
0
0
0
0
0
-0.00365646083400861
0
0
0
-1000
0
0
1000
0
0
0
0
292.56864533713
0
0
292.56864533713
0
0
0
0
0
0
0
0
0
0
292.56864533713
0
292.56864533713
0
0
0
13.2466112947993
37.7599133349973
24.1361743165027
17.6778620482197
26.2103767968271
8.62679667953123
20.1763332177014
36.9113759566828
33.9886360980438
10.7481401253176
20.8363067341683
42.9454195358085
33.89435416712
10.4652943325461
17.3478752899863
24.0418923855788
31.1601781703286
25.2204165221268
4.61981461526809
31.4430239631001
0
0
0
0
0
0
0
0
0
0
0
0
0
0
0
0
0
0
0
0
0
0
0
0
0
0
0
0
0
0
0
0
0
0
0
0
0
0
0
0
0
0
0
0
0
0
0
0
0
0
0
0
0
0
0
0
0
0
0
0
0
0
0
0
0
0
0
0
0
0
0
0
0
0
0
0
0
0
0
0
0
0
0
0
0
0
0
246.757244966927
0
0
0
0
0
0
0
-1000
0
0
0
0
-1000
-1000
1000
1000
424.813843459196
0
0
0
0
0
0
17.2292560409242
-744.522382756196
-424.96757379078
-1000
0
-272.241412002988
0
-212.577584787441
940.216604748777
1000
424.822384033173
1000
0
0
1000
0
-1000
-1000
-1000
0
0
727.758587997012
0
727.758587997012
272.241412002988
0
0
0
0
0
0
0
0
0
0
0
1000
364.371738018155
1000
1000
0
500
0
2.51279231370024
5
0
0
0
0
0
0
163.354089148358
0
0
0
0
-0.00148028231058106
0
0
0
0
-0.00148028231058106
416.668236147143
808.390302091689
0
-0.00148028231058106
0.00148028231058106
-0.00148028231058106
-0.556416149139181
0
-0.0925176444112594
0
-1000
-0.574719607083011
0
-0.00148028231058106
-0.00148028231058106
0.00148028231058106
-0.00148028231058106
0.00148028231058106
-0.00148028231058106
-0.00148028231058106
-0.00148028231058106
-0.00148028231058106
-0.00148028231058106
-0.00148028231058106
-0.00148028231058106
-0.00148028231058106
-0.00148028231058106
-0.00148028231058106
-0.00148028231058106
-0.0310859285222023
-0.0101619052356909
-0.0425581164291771
-0.0429281870068507
-0.0218341640810422
0.00148028231058106
27.2337753399133
-0.106536081419335
0.00148028231058106
0.00148028231058106
0.00148028231058106
0.00148028231058106
-0.708685156190541
-0.0107320467517411
-0.0795651741937036
-0.400786435589794
-0.00152452725308194
0.00148028231058106
0.00148028231058106
0.0140626819504632
0.00148028231058106
0.00148028231058106
-0.00148028231058106
0
0
0
0
0
0
0
0
0
0
0
0
0
0
0
0
0
0
0
0
0
0
0
0
0
0
0
0
0
0
0
0
0
0
0
0
0.000910140794530889
0
0
0
0
0
0
0
0
0
0
0
0
0
0
0
0
0
0
0
0
0
0
0
0
0
0
0
0
0
0
0
0
0
0
0
0
0
0
0
0
0
0
0
0
0
0
0
0
0
0
0
0
0
0
0
0
0
0
0
0
0
0
0
0
0
0
0
0
0
0
0
0
0
0
0
0
0
0
0
0
0
0
0
0
0
0
0
0
0
0
0
0
0
0
0
0
0
0
0
0
0
0
0
0
0
0
0
0
0
0
0
0
0
0
0
0
0
0
0
0
0
0
0
0
0
0
0
0
0
0
0
0
0
0
0
0
0
0
0
0
0
0.0014802823105808
0.0014802823105808
0.0014802823105808
0
0
0
0
0
0.0014802823105808
0.0014802823105808
0
0
0
0
0
0
0
0
0
0
0
0
0
0
0
0
0
0
0
0
0
0
0
0
0
0
0
0
0
0
0
0
0
0
0
0
0
0
0
0
0
0
0
0
0
0
0
0
0
0
0
0
0
0
0
0
0
0
0
0
0
0
0
0
0
0
0
0
0
0
0
0
0
0
0
0
0
0
0
0
0
0
0
0
0
0
0
0
0
0
0
0
0
0
0
0
0
0
0
0
0
0
0
0
0
0
0
0
0
0
0
0
0
0
0
0
0
0
0
0
0
0
0
0
0
0
0
0
0
0
0
0
0
0
0
0
0
0
0
0
0
0
0
0
0
0
0
0
0
0
0
0
0
0
0
0
0
0
0
0
0
0
0
0
0
0
0
0
0
0
0
0
0
0
0
0
0
0
0
0
0
0
0
0
0
0
0
0
0
0
-1000
0
0
0
0
0
0
0
0
0
0
0
0
0
0
0
0
0
0
0
34.9722240623776
0
0
0
0
0
0
0
0
0
0
0
0
0
0
0
0
0
0
0
0
0
0
0
0
0
0
0
0
0
0
0
0
0
0
0
0
0
0
0
0
0
0
0
0
0
0
0
0
0
0
0
0
0
0
0
0
0
0
0
0
0
0
0
0
0
0
0
0
0
0
0
1000
1000
0
0
0
0
0
0
0
0
0
0
0
0
0
0
0
0
0
-1000
0
-1000
0
0
0
0
0
0
0
1000
1000
0
0
0
0
0
0
0
0
0
0
0
0
0
0
0
0
0
0
0
0
0
0
0
0
0
0
0
0
0
0
0
0
0
0
0
0
0
0
0
0
0
0
0
0
0
0
0
0
0
0
0
0
0
0
0
0
0
0
0
0
0
0
0
0
0
0
0
0
0
0
0
0
0
0
0
0
0
0
0
0
0
0
0
-758.523948016511
337.478461361451
0
0
0.00148028231058106
0
1000
0
0
0
0
863.823065393175
-0.00148028231058106
363.335659527182
0
0
0
0.000910140794530889
0.57323932477243
0
-999.426760675228
1000
0
0
0
0
0
0
0
0
0
0
0
0
0
1000
0.000910140794530889
0
0
0
0.00365646083400861
0
0
0
0
0
0
0
-0.00365646083400861
0
0
0
0
0
163.354089148358
1000
-758.523948016511
-136.121794090756
-136.121794090756
0
-119.594505674792
1000
-0.0219387650037106
0
0
0.00148028231058106
-0.00148028231058106
0
0
0.0536602337585919
-0.0536602337585919
1000
0
0
0
0
0
-1000
0
-136.176934606825
-863.823065393175
-1000
0
-636.664340472818
-363.335659527182
-1000
0
0
0
0
0
-1000
0
-0.57323932477243
0
0
0
-999.426760675228
999.426760675228
-1000
0
0
0
-1000
0
0
0
-1000
0
0
0
0
0
0
0
0
0
0
0
0
0
0
0
0
0
0
0
1000
-1000
-1000
0
-1000
0
-1000
0
-1000
0
0
0
0
0
0
0
0
0
-1000
0
1000
0
-1000
0
-1000
0
-1000
0
-1000
0
0
0
0
0
0
0
0
0
-782.141639539179
-217.858360460821
27.2322950576026
-27.2322950576026
0
0
0
0
0
0
0
0
0
0
0
0
0
0
0
0
0
0
0
0
0
0
0
0
0
0
0
0
0
0
0
0
0.000910140794530889
-0.000910140794530889
0
0
0
0
0
0
0
0
0
0
0
0
0
0
0
0
0
0
0
0
0
0
0
0
0
0
0
0
0
0
0
0
0
0
0
0
0.000910140794530889
-0.000910140794530889
0
0
0
0
0
0
-0.00365646083400861
-0.00365646083400861
0
0
0
0
0
0
0
0
0
0
0
0
0
0
0
0
0.00365646083400861
0.00365646083400861
0
0
0
0
0
0
0
0
0
0
0
0
0
0
0
0
0
0
0
0
0
0
0
0
0
0
0
0
0
0
0
0
0
0
0
0
990.080953924609
0
0
0
0
0
0
0
1.19758454264885
0.00365646083395496
0
0
0
0
0
0
0
0
0.150681514482944
0
0
0
0
0
0
0
0
0
0
0
0
0
0
0
0
0
0
0
0
0
0
0
0
0
0
0
0
0
0
0
0
0
0
0
0
0
0
0
0
0
0
0
0
0
0
0
0
0
0
0
136.176934606825
136.176934606825
136.176934606825
0
136.123274373066
136.123274373066
0
0
0
0
0
0
0
0
0
0
0
0
0
0
0
0
0
0
0
0
0
0
0
0
0
0
0
0
0
0
0
0
0
0
0
0
0
0
0
0
0
0
0
0
0
0
0
0
0
0
0
0
0
0
0
0
0
0
0
0
0
0
0
0
0
0
0
0
0
0
0
0
0
0
0
0
0
0
0
0
0
0
0
0
0
0
0
0
0
0
0
0
0
0
0
0
0
0
0
0
0
0
0
0
0
0
0
0
0
0
0
0
0
0
0
0
0
0
0
0
0
0
0
0
0
0
0
0
0
0
0
0
0
0
0
0
0
0
0
0
0
0
0
0
0
0
0
0
0
0
0
0
0
0
0
0
0
0
0
0
0
0
0
0
0
0
0
0
0.00365646083395496
0.00365646083395496
0.00365646083395496
0.00365646083395496
0.00365646083395496
0
0
0
0
0
0
0
0
0
0
0
0
0
0
0
0
0
0
0
0
0
0
0
0
0
0
0
0
0
0
0
0
0
0
0
0
0
0
0
0
0
0
0
0
0
14.9670918167812
14.9670918167812
-14.9670918167812
4.98049886364784
-2.48842120140694
2.48842120140694
2.48842120140694
2.48842120140694
2.48842120140694
2.48842120140694
2.48842120140694
2.48842120140694
2.48842120140694
2.48842120140694
2.48842120140694
2.48842120140694
0
2.48842120140694
2.48842120140694
2.48842120140694
2.48842120140694
2.48842120140694
2.48842120140694
2.48842120140694
2.48112947661343
2.48112947661343
2.48112947661343
0.00729172479351017
0
0.00729172479351017
0
0
0
0
0
0
0
0
0
0
0
0
0
0
0
0
0
14.9670918167812
14.9670918167812
4.98049886364784
4.98049886364784
0
0
0
0
0
0
0
0
0
0
0
0
0
0
0
0
0
0
0
0
0
0
0
0
0
0
0
0
0
0
0
0
0
0
0
0
0
0
0
0
0
0
0
0
0
0
0
0
0
0
0
0
0
0
0
0
0
0
0
0
0
0
0
0
0
0
0
0
0
0
0
0
0
0
0
0
0
0
0
0
0
0
0
0
0
0
0
0
0
0
0
0
0
0
0
0
0
0
0
0
0
0
0
0
0
0
0
0
0
0
0
0
0
0
0
0
0
0
0
0
0
0
0
0
0
0
0
0
0
0
0
0
0
0
0
0
0
0
0
0
0
0
0
0
0
0
0
0
0
0
0
0
0
0
0
0
0
0
0
0
0
0
0
0
0
0
0
0
0
0
0
0
0
0
0
0
0
0
0
0
0
0
0
0
0
0
0
0
0
0
0
0
1.19758454264885
1.19758454264885
1.19758454264885
0
0.0255528320888852
0.0255528320888852
0
-1.22313737473769
0
0.0255528320888852
0
0
0
0
0
0
0.0255528320888852
0
0.0255528320888852
0.0255528320888852
0
0
0
0
0
0
0
0
0
0
0
0
0
0
0
0
0
0
0
0
0
0
0
0
0
0
0
0
0
0
0
0
0
0
0
0
1.22313737473773
0
0
0
0
0
0
0
0
0
0
0
0
0
0
0
0
0
0
0
0
0
0
0
0
0
0
0
0
0
0
0
0
0
0
0
0
0
0
0
0
0
0
0
0
0
0
0
0
0
0
0
0
0
0
0
0
0
0
0
0
0
0
0
0
0
0
0
0
0
0
0
0
0
0
0
0
0
0
1.19758454264885
0.00365646083395496
0
0
0
0
0
0
0
1.57659172254098
0
0
0
0.988544500131022
0.988544500131022
0.988544500131022
0
0
0
0
0
0
1.35192251796575
0
0
0
0.00365646083395496
0
0
0
0
-1.3519225179657
1.35192251796575
0
0
0
0
0
0
0
0
0
0
0.246565575830163
0
0.224669204575232
0
0
0
0
0
0
0
0
0
0
11.0224665409866
11.0224665409866
11.0224665409866
0
0
0
0
-0.150681514482926
0
0
0
0
0
0
0
0
0
0
0
0
0
0
0
0
0
0
0
0
0
0
0
0
0
0
0
0
0
0
0
0
0
0
0
0
0
0
0
0
0
0
0
0
0
0
0
0
0
0
0
0
0
0
0
0
0
0
0
0
0
0
0
0
0
0
0
0
0
0
0
0
0
0
0
0
0
0
0
0
0
0
0
0
0
0
0
0
0
0
0
0
0
0
0
0
0
0
0
0
0
0
0
0
0
0
0
0
0
0
0
0
0
0
0
0
0
0
0
0
0
0
0
0
0
0
0
0
0
0
0
0
0
0
0
0
0
0
0
0
0
0
0
0
0
0
0
0
0
0
0
0
0
0
0
0
0
0
0
0
0
0
0
0
0
0
0
0
0
0
0
0
0
0
0
0
0
0
0
0
0
0
0
0
0
0
0
0
0
0
0
0
0
0
0
0
0
0
0
0
0
0
0
0
0
0
0
0
0
0
0
0
0
0
0
0
0
0
0
0
0
0
0
0
0
0
0
0
0
0
0
0
0
0
0
0
0
0
0
0
0
0
0
0
0
0
0
0
0
0
0
0
0
0
0
0
0
0
0
0
0
0
0
0
0
0
0
0
0
0
0
0
0
0
0
0
0
0
0
0
0
0
0
0
0
0
0
0
0
0
0
0
0
0
0
0
0
0
0
0
0
0
0
0
0
0
0
0
0
0
0
0
0
0
0
0
0
0
0
0
0
0
0
0
0
0
0
0
0
0
0
0
0
0
0
0
0
0
0
0
0
0
0
0
0
0
0
0
0
0
0
0
0
0
0
0
0
0
0
0
0
0
0
0
0
0
0
0
0
0
0
0
0
0
0
0
0
0
0
0
0
0
0
0
0
0
0
0
0
0
0
0
0
0
0
0
0
0
0
0
0
0
0
0
507.458008991814
0
507.458008991814
0
0
0
0
0
0
0
0
0
0
0
0
0
0
0
0
0
0
0
0
0
0
0
0
0
0
0
0
1000
0
0
0
0
0
0
0
0
0
0
0
0
0
0
0
0
0
0
0
0
0
0
0
0
0
0
0
0
0
0
0
0
0
0
0
0
0
0
0
0
0
0
0
0
0
0
0
0
0
0
0
0
0
0
0
0
0
0
0
0
0
0
0
0
0
0
0
0
0
0
0
0
0
0
0
0
0.166541192548834
0.166541192548834
0
0
0
0
0.166541192548834
0
0.166541192548834
-246.757244966927
0
0
0
0
0.0256217219294967
0
0
0
0
0
0
0
246.757244966927
0
0
0
0
0
1.0077877292735
0
0
0
0
0
0
1.0077877292735
1.0077877292735
1.0077877292735
1.00778772927356
0
0
0
0
0
0
0
0
0
0
0
0
0
0
0
0
0
0
0
0
0
0
0
0
0
0
0
0
0
0
0
0
0
0
0
0
0
120.317874107484
120.317874107484
0
0
0
0
0
0
0
0
0
0
0
0
0
0
0
0
0
0
0
0
0
0
0
0
0
0
0
0
0
0
0
0
0
0
0
0
0
0
0
0
0
0
0
0
0
0
0
0
1000
-1000
789.572166431671
0
0
0
-1000
1000
1000
0
0
0
0
788.86472074858
-1000
0
0
0
0
0
0
0
0
0
0
0
0
0
0
0
0
0
0
0
0
0
0
0
0
0
0
0
0
0
0
0
0
0
0
0
0
0
0
0
0
-1000
0
0
0
0
0
0
0
0
0
0
0
0
0
0
0
0
0
-999.996343539166
-1000
1000
-1000
1000
999.996343539166
-1000
0
0
0
0
0
0
0.00365646083400861
0
0
0
0
0
0
0
0
0
0
0
0
0
0
0
0
0
0
0
0
0
0.0145940480242202
0
0.00365646083395496
0.0218963712549303
1000
0.00182293119837754
0.00182293119837754
0.00365646083400861
0
0.0127711168258427
0.00182293119837754
0.0273757632872973
-0.00182293119837595
0.00182293119837754
0.00182293119837754
0.00182293119837754
0.00182293119837754
0.00182293119837754
-0.00182293119837595
-0.00364586239675191
-0.00547939203238457
0.00182293119837754
0.00182293119837754
0.00182293119837595
0.00182293119837754
-0.00547939203238457
-0.00182293119837595
0.00365646083400861
0.00182293119837754
0.00182293119837754
0.00365646083395496
0.00365646083395496
-0.00365646083400861
-0.00365646083400861
0.00365646083400861
0.00365646083400861
0.00182293119837754
0.00182293119837754
0.00182293119837754
0.00182293119837754
0.0401680769874702
-0.00547939203238457
-999.974447167911
0
0
0
0
0
0
-1000
0
0
0
0.00365646083395496
0
0
0
0
0.00182823041697748
0.00365646083400861
0.00365646083400861
0
0
0.00365646083395496
0.00365646083395496
0
0
0
0
0
0
0.00729172479351017
0.00182293119837754
0.00546879359513263
0.00182293119837754
-0.00182293119837595
0.00182293119837754
0.00182293119837754
0.00182293119837754
0.00182293119837754
0.00182293119837754
0.00182293119837754
0.00364586239675509
0.00182293119837754
0.00182293119837754
0.00182293119837754
0.00182293119837754
0.00182293119837754
0
0.00182293119837754
0.00365646083395496
0.00365646083395496
0.00365646083395496
0.00365646083395496
0.00365646083395496
0.00365646083395496
0.00365646083395496
0.00365646083395496
0.00365646083395496
0.00365646083395496
0.00365646083395496
0.00365646083395496
0.00365646083395496
0.00365646083395496
0
0
0
0
0
0
0
0
0
0
0
0
-0.00365646083400861
0.00365646083395496
0.00365646083395496
0
0
0
0
0
0
0
0
0
0
0
0
0
0
0
0
0
0
0
0
0
0
0
0
0
0
0
0
0
0
0
0
0
0
0
0
0
0
0
0
0
0
0
0
0
0
0
0
0
0
0
0
0
0
0
0
0
0
0
0
0
0
0
1000
27.2322950576027
0
0
0
0
0
0.00365646083395496
0
0
0
0
0
0
0
0
0
107.915729625642
1000
0
0
0
0
0
0
0
0
0
0
0
0
0
0
0
0
0
0
-163.354089148358
0
0
0
0
0
0.0014802823105808
0
0
0
0
0
0
0
0
0
0.0014802823105808
0
0
416.668236147143
0
445.053162282196
0
0
0.0014802823105808
0
0.0014802823105808
0
0.0014802823105808
0
0.556416149139134
0
0
0
0.0925176444113003
0
0
0
0
0
0.574719607082997
0
0
0
0.0014802823105808
0
0.0014802823105808
0
0.0014802823105808
0
0.0014802823105808
0
0.0014802823105808
0
0.0014802823105808
0
0.0014802823105808
0
0.0014802823105808
0
0.0014802823105808
0
0.0014802823105808
0
0.0014802823105808
0
0.0014802823105808
0
0.0014802823105808
0
0.0014802823105808
0
0.0014802823105808
0
0.0014802823105808
0
0.0310859285221969
0
0.0101619052356688
0
0.0425581164291981
0
0.0429281870068433
0
0.0218341640810669
0
0.0014802823105808
0
27.2337753399133
0
0.106536081419321
0
0.0014802823105808
0
0.0014802823105808
0
0.0014802823105808
0
0.0014802823105808
0
0.70868515619056
0
0.0107320467517108
0
0.0795651741937182
0
1000
0
0.00152452725307786
0
0.0014802823105808
0
0.0014802823105808
0
0.0140626819505176
0
0.0014802823105808
0
0.0014802823105808
0
0.0014802823105808
0
0
-1000
0
0
0
999.59921356441
0
0
0
0
-821.943089754041
-1000
940.867823246581
601.185169820513
1.0077877292735
-715.975269820069
1000
1000
0
118.965951589518
1000
-1000
-1000
0
0
1000
0
0
0
0
0
-5.58602997462492
1000
0
0
0
0
-1000
246.923786159476
-0.00365646083400861
0
0
0
0
-3.68038680593361
1000
0
0
0
0
0
-241.884069189458
1000
1000
-1000
-246.923786159476
-720.001501295896
0
1000
69.0690481241547
0
-1000
0
0
1000
1000
-1000
-1000
0
1000
755.191133682981
0
-1000
1000
1000
1000
0
0
0
0
0
0
-502.686911824498
0
0
0
0
0
0
0
0
0
1000
0
0
0
107.915729625642
0
0
0
509.711048918732
0
0
0
0
1000
0
0
0
0
0
0
398.631207838984
0
0
-39.3185680857813
957.802209238723
-1000
-1000
1000
-1000
1000
-1000
-1000
-1000
-1000
-1000
1000
-116.488582909436
1000
-1000
1000
-1000
-1000
1000
1000
-1000
-1000
-1000
-1000
1000
1000
1000
1000
-1000
1000
1000
-1000
-1000
-1000
-956.61901119137
-1000
-1000
-1000
-1000
-1000
-1.18319804735313
-1000
-1000
34.269429326811
-1000
-1000
-1000
-1000
-1000
-1000
1000
1000
1000
-1000
-1000
-1000
-1000
-1000
-1000
-1000
-1000
1000
-1000
-22.4550740543431
-1000
-1000
-992.699752296575
-1000
-1000
-1000
-1000
997.528810974276
1000
1000
-986.519136746991
-1000
-1000
-188.644974337177
-140.894681757356
-1000
-1000
-1000
1000
-1000
1000
-1000
1000
1000
1000
1000
1000
-1000
-1000
1000
1000
1000
1000
-1000
-1000
-1000
-1000
-1000
-1000
1000
-968.181190781916
1000
-1000
1000
1000
1000
140.894681757356
1000
1000
1000
1000
-975.593901152079
-1000
1000
-1000
-1000
-1000
964.94914436563
1000
10.8506270130404
-35.0508556343698
-1000
-1000
0
0
0
0
0
0
0
0
0
0
0
0
0
0
0
0
0
0
0
0
0
0
0
0
0
0
0
0
0
0
0
0
0
0
0
0
0
0
0
0
0
0
0
0
0
0
0
0
0
0
0
0
0
0
0
0
0
0
0
0
0
0
0
0
0
0
0
0
0
0
0
0
0
0
0
0
0
0
0
0
0
0
0
0
0
0
0
0
0
0
0
0
0
0
0
0
0
0
0
0
0
0
0
0
0
0
0
0
0
0
0
0
0
0
0
0
0
0
0
0
0
0
0
0
0
0
0
0
0
0
0
0
0
0
0
0
0
0
0
0
0
0
0
0
0
0
0
0
0
0
0
0
0
0
0
0
0
0
0
0
0
0
0
0
0
0
0
0
0
0
0
0
0
0
0
0
0
0
0
0
0
0
0
0
0
0
0
0
0
0
0
0
0
0
0
0
0
0
0
0
0
0
0
0
0
0
0
0
0
0
0
0
0
0
0
0
0
0
0
0
0
0
0
0
0
0
0
0
0
0
0
0
0
0
0
0
0
0
0
0
0
0
0
0
0
0
0
0
0
0
0
0
0
0
0
0
0
0
0
0
0
0
0
0
0
0
0
0
0
0
0
0
0
0
0
0
0
0
0
0
0
0
0
0
0
0
0
0
0
0
0
0
0
0
0
0
0
0
0
0
0
0
0
0
0
0
0
0
0
0
0
0
0
0
0
0
0
0
0
0
0
0
0
0
0
1000
1000
-1000
1000
1000
1000
1000
729.474629540214
-1000
-1000
270.684960843939
-1000
-1000
1000
1000
-1000
-1000
-1000
1000
-1000
1000
1000
-1000
1000
-1000
-1000
-1000
-1000
1000
-726.877734217269
-1000
-729.315039156061
-270.684960843939
-1000
1000
-1000
1000
-1000
-1000
-1000
-999.948883737385
726.877734217269
-1000
-1000
-1000
1000
-1000
-1000
0
-1000
-1000
-1000
-1000
1000
-1000
0
0
0
0
0
0
-999.59921356441
999.59921356441
0
0
0
0
0
0
0
0
0
0
0
0
0
0
-1000
-1000
0
0
0
0
0
1000
0
0
0
0
0
0
0
0
0
0
0
-0.00365646083400861
0.00365646083395496
0
0
-0.00365646083400861
-0.00365646083400861
0
0
0
0
0
0
0
0
0
0
0
0
0
0
0
0
0
0
0
0
0
290.348096103138
0
0
0
0
0
0
0
0.00365646083395496
0
0
1000
-211.13527925142
211.13527925142
1000
1000
0
0
0
0
-0.00365646083400861
0
0
0
0
0
246.757244966927
0
0
0
0
0
0
0
0
0
0
0
0
0
0
-212.371374192342
212.371374192342
0.00365646083395496
0
0
0
0
1000
0
0
0
0
0
0
-1000
0
0
0
0
0
0
678.616880021818
0
0
0
0
0
0
0
0
0
0
0
0
0
0
0
0
0
0
0
0
0
0
0
0
0
0
0
0
0
0
0
0.00365646083395496
0
0
0
0
0
0
1000
0
-758.523948016511
0
0
1.97708900026204
0
0
0
0
0.00546879359513263
1000
0
-1000
0
47.3170534232615
47.3170534232615
0
0
0
0
0
0
0
0
0.00365646083400861
-319.558465426249
212.458016751765
0
-760.501037016773
1000
0
0
91.6428836460999
-91.4976938884927
1000
0
0
0
0
0
0.00365646083400861
0
0
1000
0
0
0
0
1000
0
0
-1000
0
0
-1000
0
-1000
1000
0
0
0
0
0
0
0
0
0
0
0
424.822384033173
-605.562445686834
0
476.338738891572
476.338738891572
0
0
0
0
0
476.338738891572
0
0
0
1000
0
725.792468379252
0
0
0
0
0
0
0
0
0
0
0.988544500131022
0
0.00365646083395496
-0.00365646083400861
0.00365646083395496
0.00365646083395496
0
0
0.00365646083400861
0
0
0
0.98854450013107
0
0
-0.0109693825019122
-1000
-725.792468379252
0
-1000
0
1000
0
0
1000
-1000
-1000
-1000
0
0
0
0
0
0
0
0
0
0
0
0
0
0
0
0
0
0
0
0
0
0
0
0
0
1000
0
0
0
0
0
0.00182293119837754
0
1000
0
0
0
0
0
0
0.00365646083395496
0
0
0
0
0
0
0
0
27.2322950576026
0
-217.858360460821
0
0
0
0
0
0
0
0
0
0
0
0
0
1000
0
0
0
217.858360460821
0
0
0
0
0
0
0
0
0
0
0
0
0
0
0
0
0
0
0
0
0
0
0
0
0
0
0
2.35815227697094
0
0
0
0
0
0
0
0
0
0
0
0
0
0
0
0
0
0
0
0
0
0
0
0
0
0
0
0
0
0
0
0
0
0
0
0
0
0
0
0
0
0
0
0
0
0
0
0
0
0
0
0
0
0
0
0
0
0
0
0
0
0
0
0
0
0
0
0
0
0
0
0
0
0
0
0
0
0
0
0
0
0
0
0
0
0
0
0
0
0
0
0
0
0
0
0
0
0
0
0
0
0
0
0
0
0
0
0
0
0
0
-999.987239481611
0
0.00182293119837595
0
0.0200628416193922
0
0
-0.0127605183886317
0
1000
0.0164169792226403
0
0
0
0
0
0
0
0
0
0
0
0
0
0
0
0
0.00365646083395496
0.00365646083395496
0.00365646083395496
1000
-1000
0
-119.594505674792
-1000
0
0
0
0
0
-1000
476.338738891572
0
0
0
0
0
0
0
0
0
0
-1000
0.00148028231058106
1000
0
-1000
-1000
-1000
-999.426760675228
-1000
-1000
0
0
0
0
0
0
0
0
0
0
-1000
0
1000
0.400497277721066
0.00365646083395496
0.00365646083395496
0.00365646083395496
0.00365646083395496
0.00365646083395496
0
0
0
0
1000
445.135688021011
0
0
0
0
0.0014802823105808
0
0
0
0
0
0
0
0
0
-1000
0
0
0
0
0
0
1000
-1000
0
1000
0
0
-1000
0
0
0
0
0
0
0
0
0
0
0
0
0
0
0
0
0
0
0
0
0
0
0
27.2322950576027
0
0
0
0
0
0
27.2322950576027
0
0
0
0
0
27.2322950576027
0
0
0
0
0
27.2322950576027
0
0
0
0
-1000
0
0
0
0
0
0
0
0
0
-1000
0
0
0
0
0
0
0
0
1000
-1000
1000
1000
1000
1000
0
0.0218963712549303
0
0
0
0
-601.185169820513
-1000
-1000
0
246.757244966927
0
0
0
999.978061234996
14.7478172167407
0
0
0
0
0.588047222409956
0.588047222409956
0
-999.985416550413
0
0
0
0
0
0
0.371192598863427
0
-1000
0
0
0
0
0
0
0
1000
0.00365646083395496
0
0
0
0
0
0
0
0
178.060566706793
-1000
0
0
1000
0
0
0
1000
0
0
0
-863.823065393175
0
-1000
0
0
0
-1000
-1000
0
0
0
0
0
0
0
136.121794090756
-1.93252222562103
1.93252222562103
0
0
0
0
-1000
0
0
0
0
-1000
-1000
0
0
-1000
0
0
0
0.0014802823105808
0.000910140794538786
0
0
0
0
0
0
0
0
725.792468379252
0
725.792468379252
0
0
0
0
0
0
0
0
0
1000
0
0
-1000
1000
-1000
-394.437554313166
1000
0
0
0
0
0
0
0
0
-1000
0
0
1000
0.00182293119837754
0.00182293119837754
0
-1000
43.3809888086303
1000
-507.458008991814
-507.458008991814
363.335659527182
0
0
0
0
0
0
0
0
0
0
0
0
0
0
0
0
0
0
0
0
0
0
0
0
0
0.00365646083400861
0
0
0
0
0
0
0
0
0
0
0
0
0
0
0
0
0
0
0
0
0
0
0
0
0
0
0
0
0
0
0
0
0
0
0
0
0
0
0
0
0
0
0
0
0
0
-1000
0
-1000
0
0
0
0
0
0
-1000
0
0
0
0
0
0
0
0
0
0
0
999.946339766241
0
0
0
0
0
0
0
0
0
0
0
0
0
1000
0
0
0
241.476051983489
0
0
0
0
0
0
0
0
0
0
0
0
0
0
0
136.121794090756
0
0
0
0
0
0
0
0
0
0
0
0
0
0
0
0
0
0
0
0
0
0
0
136.121794090756
0
0
0
0
0
0
0
0
0
0
0
0
0
0
0
136.123274373066
0
0
0
0
0
0
0
0
0
0
0
0
0
0
0
0
0
0
0
0
0
0
0
0
0
0
0
0
0
0
0
0
0
0
0
0
0
0
0
0
0
0
0
0
0
0
0
0
0
0
0
0
0
0
0
0
0
0
0
0
0
0
0
0
0
0
0
0
0
0
0
0
0
0
0
0
0
0
0
0
0
0
0
0
0
0
0
0
0
0
0
0
0
0
0
0
0
0
0
0
0
0
0
0
0
0
0
0
0
0
0
0
0
0
0
0
0
0
0
0
0
0
0
0
0
0
0
0
-1000
0
0
0
0
0
0
0
0
0
0
0
0
0
0
0
0
0
0
0
0
0
0
0
517.623436285579
0
184.290102952246
0
0
17.6205894275869
0
1000
-1000
0.166541192548834
0
0
0
-601.185169820513
-1000
0
0
0
0
-0.0255952258376055
0.0219387650037106
0
0
0
0
0
0
0
0
0
0
0
0
0
0
0
0
-33.0783690054617
0
0
0
0
0
0
0
0
0
0
0
0
0
0
0
0
0
0
0
0
0
0
0
0
0
0
0
0
0
0
0
0
0
0
0
0
0
0
0
0
0
0
0
0
0
0
0
0
0
-982.270894507919
0
0
0
0
0
0
0
0
0
0
0
0
0
0
0
0
0
0
0
0
0
0
0
0
0
0
0
0
0
0
0
0
0
0
0
0
0
0
0
0
0
0
0
0
0
0
0
0
0
0
0
0
0
0
0
0
0
0
0
0
0
0
0
0
0
0
0
0
0
0
0
0
0
0
0
0
0
0
0
0
0
0
0
0
0
0
0
0
0
0
0
0
0
0
0
0
0
0
0
0
0
0
0
0
0
0
0
0
0
0
0
0
0
0
0
0
0
0
0
0
0
0
0
0
0
0
0
0
0
0
0
0
0
0
0
0
0
0
0
0
0
0
0
0
0
0
0
0
0
0
0
0
0
0
0
0
0
0
0
0
0
0
0
0
0
0
0
0
0
0
0
0
0
0
0
0
0
0
0
0
0
0
0
0
0
0
0
0
0
0
0
0
0
0
0
0
0
0
0
0
0
0
0
0
0
0
0
0
0
0
-982.270894507919
0
0
0
0
0
0
0
0
0
0
0
0
0
0
363.335659527182
0
0
0
0
0
0
0
0
0
0
0
-1000
0
0
0
0
0.00365646083400861
0.263583133160751
0
0
0
0
0
0
0
0
0
0
0
0
0
0
0
0
0
0
0
0
0
0
0
0
0
0
0
0
0
0
0
0
0
0
0
0
0
0
0
0
0
0
0
0
0
0
0
0
0
0
0
0
0
0
0
0
0
0
0
0
0
0
0
0
0
0
0
0
0
0
0
0
0
0
0
0
0
0
0
0
0
0
0
0
0
0
0
0
0
0
0
0
0
0
0
0
0
0
0
0
0
0
0
0
0
0
0
0
0
0
0
0
0
0
0
0
0
0
0
0
0
0
0
0
0
0
0
0
0
0
0
0
0
0
0
0
0
0
0
0
0
0
0
0
0
0
0
0
0
0
0
0
0
0
0
0
0
0
0
0
0
-999.840409615848
0
0
0
0
0
0
0
0
1000
0.00365646083400861
0
0
0
0
0
1000
0
0
0
0
0
0
0
0
0
0
0
0
0
0
0
0
1000
-1000
0
0
1000
0
0
0
0
0
0
0
0
0
0
0
0
0
0
0
0
0
0
0
0
0
0
0
0
0
0
0
0
0
0
0
0
0
0
0
0
0
0
0
0
0
0
0
0
0
0
0
0
0
0
0
0
0
0
0
0
0
0
0
0
0
0
0
0
0
0
0
0
0
0
0
0
0
0
0
0
0
0
0
0
0
0
0
0
0
0
0
0
0
0
0
0
0
0
0
0
0
0
0
0
0
0
0
0
0
0
0
0
0
0
0
0
0
0
0
0
0
0
0
0
0
0
0
0
0
0
0
0
0
0
0
0
0
0
0
0
0
0
0
0
0
0
0
0
0
0
0
0
0
0
0
0
0
0
0
0
0
0
0
0
1000
500
88.320309998912
0
0
-0.98854450013107
0
0
471.409654619193
19.5364525717593
42.7028698844739
0.105984371998694
88.320309998912
0
0
0
0
0
0
0
0
0
0
0
0
0
0
0
0
0
0
0
0
0
0
0
0
0
1000
-1000
0
-1000
0
0
0
0
0
-1000
163.393770345616
27.2322950576026
-27.2322950576026
0
0
-3.70070577645197
0
0.00365646083400861
0
0
0
0
0
0
0
0
0
0
0
0
0
0
0
0
0
0
0
0
163.354089148358
0
0
0
0
-241.884069189458
-0.708685156190541
-0.0310859285222023
0
-10.8506270130404
-21.2718760069899
-1000
-34.018192489785
22.4550740543431
-1000
-26.8772878736445
-4.66251748515253
-31.8188092180835
-1000
-1000
0
0
0
0
-1000
-39.3185680857813
-1000
-1000
-13.4808632530095
-992.699752296575
-24.2002286213294
-1000
975.654917238242
965.730570673189
0
-1000
-998.289329714466
678.616880021818
0
1000
0
0
999.816377659497
-1000
0
0
0
0
0
0
1000
0
0
0
0
0
0
0
0
0
0
0
0
0
0
0
-0.00365646083400861
-0.00365646083400861
0
0
0
0
0
0
0
0
0
0
0
0
290.348096103138
0
0
0
0
270.525370459786
0
1000
0
0
940.867823246581
1000
246.757244966927
-0.00365646083400861
-0.00365646083400861
-1.00778772927356
211.13527925142
0
0
-0.00365646083400861
0
-0.00365646083400861
0
0
0
-0.00365646083400861
0
0
0
-0.00365646083400861
0
0
0
0
0
0
0
0
0
0
0
-999.840409615848
0
0
0
0
0
-33.0783690054618
0
0
0
0
0
0
0
0
284.024730179931
0
0
0
-273.122265782731
0
1000
0
0
-0.00365646083400861
0
0
0
0
0
0
0
0
0
0
0
0
0
0
1000
-3.68038680593361
0
-1000
-1000
0
0
0
0
0
0
0
0
2.48842120140694
0
0
0
0
0
0
-246.923786159476
0
0
0
0
246.923786159476
1000
1000
0
0
118.965951589518
-4.02623147582744
0
-34.9722240623776
34.9722240623776
212.371374192342
0
0
0
0
0
-1000
-1000
0
0
0
0
0
0
-0.0511162626149826
0
0
0
0
0
821.939433293207
-1000
1000
0
0
0
0
1.71067028553352
0
1000
-1000
-1000
-7.29670026015856
0
0
-212.371374192342
0
0
0
0
0
0
0
0
0
1000
0
0
0
-0.00152452725308194
-0.00148028231058106
-0.400786435589794
-502.686911824498
-0.0218341640810422
-0.106536081419335
-0.0140626819504632
-0.0795651741937036
-0.0425581164291771
0
0
0
416.668236147143
445.053162282196
-0.00148028231058106
0
-0.00148028231058106
-0.00148028231058106
0
-0.0107320467517411
0
-0.00148028231058106
-0.556416149139181
0
0
-14.7478172167407
0
-0.371192598863445
-0.00148028231058106
-0.0101619052356909
0
-27.2337753399132
-0.00148028231058106
-0.00148028231058106
-0.00148028231058106
-0.0429281870068507
0
-0.0925176444112594
0
0
0
-1000
1000
0
0
-1000
1000
-0.00365646083400861
-107.915729625642
1000
-1000
1000
0
0
-1000
0
0
-892.084270374358
0
0
0
0
0
0
0
0
0
0
0
0
0
0
0
-1000
1000
1000
-1000
-43.3809888086301
43.3809888086303
-1000
1000
1000
0
-1000
-1000
0
-0.00148028231058106
-0.00148028231058106
0
0
0
0
0
0
-0.166541192548834
-0.0255952258376055
0.0219387650037106
0
0
0
0
0
1000
0
-33.0783690054617
0
0
0
0
0
0
0
0
0
0
0
0
0
0
0
0
0
0
0
0
0
0
0
0
0
0
0
0
0
0
0
0
0
0
0
0
0
0
0
0
0
0
0
0
0
0
0
0
0
0
0
0
0
0
0
0
0
0
0
0
0
0
0
0
0
0
0
0
0
0
0
-0.00148028231058106
0
0
0
0
0
0
0
0
0
0
0
0
0
0
0
0
0
0
0
0
0
0
0
0
0
0
0
0
0
0
0
0
0
0
0
0
982.270894507919
0
0
0
0
0
0
0
0
0
0
0
0
0
0
0
0
0
0
0
0
0
0
0
0
0
0
0
0
0
0
0
0
0
0
0
0
0
0
0
0
0
0
0
0
0
0
0
0
0
0
0
0
0
0
0
0
0
0
0
0
0
0
0
0
0
0
0
0
0
0
0
0
0
0
0
0
0
0
0
0
0
0
0
0
0
0
0
0
0
0
0
0
0
0
0
0
0
0
0
0
0
0
0
0
0
0
0
0
0
0
0
0
0
0
0
0
0
0
0
0
0
0
0
0
0
0
0
0
0
0
0
0
0
0
0
0
0
0
0
0
0
0
0
0
0
0
0
0
0
0
0
0
0
0
0
0
0
0
0
0
0
0
0
0
0
0
0
0
0
0
0
0
0
0
0
0
0
0
0
0
0
0
0
0
0
0
0
0
0
0
0
0
0
0
0
0
0
0
0
0
0
0
0
0
0
0
0
0
0
0
0
0
0
0
0
0
0
0
0
0
999.840409615848
0
1000
0
0
0
-0.263583133160751
0
0
0
0
0
0
0
0
0
0
0
0
0
0
0
0
0
0
0
0
0
0
0
0
0
0
0
0
-1000
0
-1000
-0.00365646083400861
0
0
0
0
0
0
0
0
1000
0
0
0
0
0
-1000
0
0
0
0
0
0
0
0
0
0
0
0
0
0
0
0
0
0
0
0
0
0
0
0
0
0
0
0
0
0
0
0
0
0
0
0
0
0
0
0
0
0
0
0
0
0
0
0
0
0
0
0
0
0
0
0
0
0
0
0
0
0
0
-990.080953924609
990.080953924609
990.080953924609
0
-0.00148028231058106
-0.00148028231058106
-0.00148028231058106
-0.00148028231058106
0
-0.00148028231058106
-0.574719607083011
0
-0.00148028231058106
-0.00148028231058106
-0.00148028231058106
-0.00148028231058106
0
-0.00148028231058106
-0.00148028231058106
-0.00148028231058106
-0.00148028231058106
-0.00148028231058106
-0.00148028231058106
-0.00148028231058106
0
-0.00148028231058106
-0.00148028231058106
-0.00148028231058106
0
-1000
0
0
88.3203099989119
0
0
0
0
0
0
0
0
0
0
0
0
0
