0
0
0
0
0
0
0
870.611704774075
-871.86580224836
352.294534059072
647.705465940928
52.1491036740834
0
0
0
0
999.814756748183
-999.814756748183
999.957485155321
0
0.0425148446792417
0
-1000
-51.8818675075281
0
1000
50.3680764988312
0
-999.872491266614
0.00907452320764787
0
0
0
0
0
867.820747015284
0
0
0
25.5126752972492
0
0
0
0
0
465.456820963282
0
465.456820963282
0
465.456820963282
0
465.456820963282
0
465.456820963282
0
465.456820963282
0
0
465.456820963282
0
0
0
0
0
999.872491266614
0
0
0
0
0
0
0
674.275163688561
674.275163688561
0
0
0
0
0
-1000
0
0
0
0
0
0
0
0
0
0
0
0
0
1000
0
-1000
0
1000
-1000
0
0
0
0
0
0
0
0
0
0
0
0
0
0
0
0
0
0
0
0
0
0
0
0
0
0
0
0
0
0
0
1000
0
0
1000
0
0
0
0
0
0
1000
0
0
0
0
-0.0260025789588099
0
0
0
0
-1000
0
0
0.0064893392705854
1000
0
0
-204.4512996188
-306.670875878959
1000
-102.2256498094
0
0
0
-1000
-102.2256498094
-102.2256498094
1000
-1000
0
0
1000
0
0
0.00648933927061535
0
0
1000
521.893035248195
0
0
0
0
0
-2.86018005200026
0
0
0
0
0
0
0
33.7262628015483
-1000
0
0
0
999.814756748183
0
0
0
0
0
0
0
0
0
0
-2.86321682662015
0
-999.99696322538
999.997399742104
0
0
0
325.724836311439
932.472910431535
0
0
0
0
0
999.997399742104
0
0
-1000
0
999.161511040822
0
0.335395583671371
0
0.503093375507056
0
0
0
-272.942012819515
0
0
0
-1000
0
0
0
0
0
0
0
0
0
0
0
0
-1000
0
-1000
1000
-1000
-1000
0
999.60843570537
0.0561687109590252
-1000
672.819152420172
-0.702994168028113
1000
0.503093375507092
0
-0.503093375507092
-1000
1000
-1000
1000
0
0
1000
0
0.130581308657671
0
-0.130581308657725
0
0.00129636045823541
0
0
0
0
1.57280932595404
1000
0
0
1000
128.230213682653
0
0
0
0
0
0
0
1000
0
1000
0.341469132911243
0
0
-1000
0
-0.130581308657725
0
-0.503093375507092
0
0
0.503093375507092
0
0
0
0
0
0
0
-1000
0
0
0
-133.731882676386
0.503093375507092
0
-1000
-0.702994168028113
0
0.00260025789589236
0
0
0
0
0
0
0
0
0
0
0
0
0
0
0
1.67697791835685
0
7.0596373791502
0
0
0
0
0
0
0
0
69.422862230555
-1000
1000
-0.336691944129598
1000
1000
-1000
-1000
-1000
-1000
1000
-999.664604416329
-1000
1000
1000
0
0
0
0
0
0
-1000
0
-1000
1000
1000
-1000
1000
0
0
-1000
1000
0
0
0
0
0
0
0.702994168028132
-1000
-1000
1000
1000
1000
1000
-66.5209028174506
0
-1000
-1000
1000
1000
-1000
-933.814492766221
-1000
-1000
1000
1000
1000
-869.505327861619
0
1000
-1000
1000
-1000
0
0
0
-1000
1000
0
0
0
-33.7262628015484
0
0
0
-0.00260025789600604
1000
0
0
0
-21.3966554725578
0
0
0
0
0
0
0
0
0
0
0
0
0
0
0
0.00260025789587917
0
1000
-1000
0
0
0
0
0
0
0
0
0
0
0
0
0
0
0
0
0
0
0
0
0
0
0
1000
0
0
0
0
0
-1000
1000
0
0
0
0
0
0
0
0
0
0
0.00260025789589236
-1000
-1000
0.0759193654986348
0.0759193654986348
0
0.503093375507092
0
0
0
0
0
0
0
0
0
0
0
0
0
0
0
0
-956.924724445327
0
0
0
0
0
0
0
0
0
0
0
0
0
0
0
0
0
0
0
0
0
0
0
0
0
0
0
0
0
0
0
0
0.118434210177889
0
0
0
1000
0
0
0
0
0
0
-1000
0
0
0
0
0
0
0
0
0
0
0
0
0
0
0
0
0
0
0
0
0
0
0
0
0
0
0
0
-75.9864641983261
0
0
0.118434210177889
0
0
0
0
0
0
0
0
0
999.495895413089
0
0
0
0
0
0
0
0
0
0
0
0
0
0
0
0
0
0
0
0
0
0
0
0
0
0
0
0
0
0
-1000
0
0
0
0
0
0
0
0
0
0
0
0
0
0
0
0
0
0
0
0
0
0
0
0
0
0
0
0
0
0
0
0
0
0
0
0
0
-1000
0
0.00303677461994584
0
0
0
0
0.549656206210197
0.549656206210197
0
0
0
0
0
0
0
0
0
0
0
0
0
0
0
0
0
0
0
0
0.00260025789587917
0
0
0
0
0
1000
0
0
0
1000
0
0
-1000
0
0
0
0
1.57912280237184
0
0
1.57912280237184
0
0
0
0
0
0
0
0
0
0
1.57912280237184
0
1.57912280237184
0
0
0
9.42020362780355
26.8526089176891
17.164214439272
12.5714461225136
18.6392641176469
6.13486570778666
14.3482105078289
26.2491795038085
24.1707004115529
7.64343924248829
14.8175444964027
30.5402331136265
24.1036526988995
7.44229610452807
12.3367791282267
17.0971667266185
22.1592690319507
17.9352631347861
3.2853379200169
22.3604121699109
0
0
0
0
0
0
0
0
0
0
0
0
0
0
0
0
0
0
0
0
0
0
0
0
0
0
0
0
0
0
0
0
0
0
0
0
0
0
0
0
0
0
0
0
0
0
0
0
0
0
0
0
0
0
0
0
0
0
0
0
0
0
0
0
0
0
0
0
0
0
0
0
0
0
0
0
0
0
0
0
0
0
0
30.7446117647503
0
0
30.7446117647503
0
0
0
0
-1000
0
0
0
0
-1000
-1000
0
0
892.015061356099
0
0
0
0
43.0726752967776
0
-21.3966554725578
-935.197060539195
-935.197060539195
-1000
0
-43.0752755546735
956.924724445327
98.4474082073373
858.392286548631
935.093810202117
1000
1000
0
0
956.927324703222
0
-1000
-1000
-1000
0
0
0
956.924724445327
956.924724445327
43.0752755546735
0
0
0
0
0
0
0
0
0
0
0
-1000
478.812559177729
1000
1000
0
27.8177521317125
13.9099541679524
2.50909713414587
5
0
0
0
0
0
0
108.826463096759
0
21.5171571952726
0
0.0439006414038658
0.000339219379839051
1.45969632667811
-0.0439006414038658
-0.0439006414038658
0.0439006414038658
0.000339219379839051
24.3648559791391
480.479321773917
843.175458149473
0.000339219379839051
-0.000339219379839051
0.000339219379839051
0.0841234738218191
-0.0439006414038658
0.0212012112381217
0
1000
0.0439006414038658
-0.0439006414038658
0.000339219379839051
0.000339219379839051
-0.000339219379839051
0.000339219379839051
-0.000678438759678102
0.000339219379839051
0.000339219379839051
0.000339219379839051
0.000339219379839051
0.000339219379839051
0.000339219379839051
0.000339219379839051
-108.82612387738
0.000339219379839051
0.000339219379839051
0.000339219379839051
0.00712360697605163
0.00147288301707249
0.0097525571695769
0.00983736201453667
0.00500348585217125
-0.000339219379839051
-0.000339219379839051
0.020975489000989
-0.000339219379839051
-0.000339219379839051
-0.000339219379839051
-0.000339219379839051
0.162401278084417
0.00245934050360574
-11.7760219713449
11.8860986600935
0.00378752572521535
-0.000339219379839051
-0.000339219379839051
-0.00322258410824361
-0.000339219379839051
-0.000339219379839051
0.000339219379839051
0
0
0
0
0
0
0
0
0
0
0
0
0
0
0
0
0
0
0
0
0
0
0
0
0
0
0
0
0
0
0
0
0
0
0
0
0.000647238106694203
0
0
0
0
0
0
0
0
0
0
0
0
0
0
0
0
0
0
0
0
0
0
0
0
0
0
0
0
0
0
0
0
0
0
0
0
0
0
0
0
0
0
0
0
0
0
0.00033921937981085
0
0
0
0
0
0
0
0
0
0
0
0
0
0
0
0
0
0
0
0
0
0
0
0
0
0
0
0
0
0
0
0
0
0
0
0
0
0
0
0
0
0
0
0
0
0
0
0
0
0
0.00033921937981085
0.00033921937981085
0.00033921937981085
0.00033921937981085
0
0
0
0
0
0
0
0
0
0
0
0
0
0
0
0
0
0
0
0
0
0
0
0
0
0
0
0
0
0
0
0
0
0
0
0
0
0
0
0
0.0435614220240433
21.6042800393207
0.0435614220240433
2.38498785581701
0
0
0
0
0
0
0.0435614220240433
0
0
0
0
0
0
0
0
0
0
0
0
0
0
0
0
0
0
0
0
0
0
0
0
0
0
0
0
0
0
0
0
0
0
0
0
0
0
0
0
0
0
0
0
0
0
0
0
0
0
0
0
0
0
0
0
0
0
0
0
0
0
0
0
0
0
0
0
0
0
0
0
0
0
0
0
0
0
0
0
0
0
0
0
0
0
0
0
0
0
0
0
0
0
0
0
0
0
0
0
0
0
0
0
0
0
0
0
0
0
0
0
0
0
0
0
0
0
0
0
0
0
0
0
0
0
0
0
0
0
0
0
0
0
0
0
0
0
0
0
0
0
0
0
0
0
0
0
0
0
0
0
0
0
0
0
0
0
0
0
0
0
0
0
0
0
0
0
0
0
0
0
0
0
0
0
0
0
0
0
0
0
0
0
0
0
0
0
0
0
0
0
0
0
-1000
0
0
0
0
0
0
0
0
0
0
0
0
0
0
0
0
0
0
0
0
0
1000
0
0
0
0
0
0
0
0
0
0
0
0
0
0
0
0
0
0
0
0
0
0
0
0
0
0
0
0
0
0
0
0
0
0
0
0
0
0
0
0
0
0
0
0
0
0
0
0
0
0
0
0
0
0
0
0
0
0
0
0
0
0
0
0
0
0
0
0
0
0
0
0
0
0
0
0
0
0
0
0
0
0
0
0
0
1000
1000
0
0
0
0
0
0
0
0
0
0
0
0
0
0
0
0
0
0
-1000
0
-1000
0
0
0
0
0
0
0
1000
1000
0
0
0
0
0
0
0
0
0
0
0
0
0
0
0
0
0
0
0
0
0
0
0
0
0
0
0
0
0
0
0
0
0
0
0
0
0
0
0
0
0
0
0
0
0
0
0
0
0
0
0
0
0
0
0
0
0
0
0
0
0
0
0
0
0
0
0
0
0
0
0
0
0
0
0
0
0
0
0
0
0
0
0
-1000
-107.162919788891
0
0
0.0435614220240268
0
1000
0
21.5607186172966
0
0
133.685060904239
-843.175118930093
478.075761657055
0
0
0
0.000647238106694203
-0.0874620634278926
0
0
-999.99966078062
0
0
0
0
0
0
0
0
0
0
0
0
0
-1000
0.000647238106694203
0
0
0
0.00260025789589236
0
0
0
0
0
0
0
-0.00260025789589236
0
0
0
0
0
108.826463096759
1000
-1000
0
0
0
868.966363271478
1000
-0.0156015473752404
0
0
0.0435614220240268
-0.0435614220240268
0
0
23.1398201656682
-23.1398201656682
1000
0
-21.5607186172966
-21.5607186172966
0
0
-1000
0
-866.314939095761
-133.685060904239
-1000
0
-521.924238342945
-478.075761657055
-1000
0
0
0
0
0
-1000
0
-1000
0
0
0
0
0
-1000
0
0
0
-1000
0
0
0
1000
0
0
0
0
0
0
0
0
0
0
0
0
0
0
0
0
0
0
0
-1000
1000
-1000
0
-1000
0
-1000
0
-1000
0
0
0
0
0
0
0
0
0
-1000
0
1000
0
-1000
0
-1000
0
-547.699881136954
0
-1000
0
0
0
0
0
0
0
0
0
-238.214758322685
-761.785241677315
108.826463096759
-108.826463096759
0
0
0
0
0
0
0
0
0
0
0
0
0
0
0
0
0
0
0
0
0
0
0
0
0
0
0
0
0
0
0
0
0.000647238106694203
-0.000647238106694203
0
0
0
0
0
0
0
0
0
0
0
0
0
0
0
0
0
0
0
0
0
0
0
0
0
0
0
0
0
0
0
0
0
0
0
0
0.000647238106694203
-0.000647238106694203
0
0
0
0
0
0
-0.00260025789589236
-0.00260025789589236
0
0
0
0
0
0
0
0
0
0
0
0
0
0
0
0
0.00260025789589236
0.00260025789589236
0
0
0
0
0
0
0
0
0
0
0
0
0
0
0
0
0
0
0
0
0
0
0
0
0
0
0
0
0
0
0
0
0
0
0
0
0
0
0
0
0
0
0
0
0.851651037551868
0.00260025789587917
0
0
0
0
0
0
0
0
0.107155748574916
0
0
0
0
0
0
0
0
0
0
0
0
0
0
0
0
0
0
0
0
0
0
0
0
0
0
0
0
0
0
0
0
0
0
0
0
0
0
0
0
0
0
0
0
0
0
0
0
0
0
0
0
0
0
0
0
0
0
0
0
23.1398201656682
23.1398201656682
23.1398201656682
0
0
0
0
21.5171571952726
21.5171571952726
0
0
0
0
0
0
0
0
0
0
0
0
0
0
0
0
0
0
0
0
0
0
0
0
0
0
0
0
0
0
0
0
0
0
0
0
0
0
0
0
0
0
0
0
0
0
0
0
0
0
0
0
0
0
0
0
0
0
0
0
0
0
0
0
0
0
0
0
0
0
0
0
0
0
0
0
0
0
0
0
0
0
0
0
21.5607186172967
21.5607186172967
21.5607186172967
21.5607186172967
-21.5607186172966
0
0
0
0
0
0
0
0
0
0
0
0
0
0
0
0
0
0
0
0
0
0
0
0
0
0
0
0
0
0
0
0
0
0
0
0
0
0
0
0
0
0
0
0
0
0
0
0
0
0
0
0
0
0
0
0
0
0
0
0
0
0
0
0
0
0
0
0
0
0
0
0
0
0
0
0
0.00260025789587917
0.00260025789587917
0.00260025789587917
0.00260025789587917
0.00260025789587917
0
0
0
0
0
0
0
0
0
0
0
0
0
0
0
0
0
0
0
0
0
0
0
0
0
0
0
0
0
0
0
0
0
0
0
0
0
0
0
0
0
0
0
0
0
0
0
0.0260025789587917
0.0260025789587917
-0.0260025789588099
0.00260025789587917
0
0
0
0
0
0
0
0
0
0
0
0
0
0
0
0
0
0
0
0
0
0
0
0
0
1.7696174445913
1.76443200275836
0
0
0
0
0
0
0
0
0
0
0
0
0
0
0
0
0.0260025789587917
0.0260025789587917
0.00260025789587917
0.00260025789587917
0
0
0
0
0
0
0
0
0
0
0
0
0
0
0
0
0
0
0
0
0
0
0
0
0
0
0
0
0
0
0
0
0
0
0
0
0
0
0
0
0
0
0
0
0
0
0
0
0
0
0
0
0
0
0
0
0
0
0
0
0
0
0
0
0
0
0
0
0
0
0
0
0
0
0
0
0
0
0
0
0
0
0
0
0
0
0
0
0
0
0
0
0
0
0
0
0
0
0
0
0
0
0
0
0
0
0
0
0
0
0
0
0
0
0
0
0
0
0
0
0
0
0
0
0
0
0
0
0
0
0
0
0
0
0
0
0
0
0
0
0
0
0
0
0
0
0
0
0
0
0
0
0
0
0
0
0
0
0
0
0
0
0
0
0
0
0
0
0
0
0
0
0
0
0
0
0
0
0
0
0
0
0
0
0
0
0
0
0
0
0
0
0.851651037551868
107.123483825078
107.123483825078
0
3.49794237946319
3.49794237946319
0
-110.621426204541
0
3.49794237946319
0
106.271832787526
0
0
0
0
3.49794237946319
0
3.49794237946319
3.49794237946319
0
0
0
0
0
0
0
0
0
0
0
0
0
0
0
0
0
0
0
0
0
0
0
0
0
0
0
0
0
0
0
0
0
0
0
0
110.621426204541
0
0
0
0
0
0
0
0
0
0
0
0
0
0
0
0
0
0
0
0
0
0
0
0
0
0
0
0
0
0
0
0
0
0
0
0
0
0
0
0
0
0
0
0
0
0
0
0
0
0
0
0
0
0
0
0
0
0
0
0
0
0
0
0
0
0
0
0
0
0
0
0
0
0
0
0
0
0
0.851651037551868
0.00260025789587917
0
0
0
0
0
0
0
1.12117844584724
0
0
0
0.702994168028132
0.702994168028132
0.702994168028132
0
0
0
0
0
0
0.961407044022663
0
0
0
0.00260025789587917
0
0
0
0
-0.961407044022621
0.961407044022663
0
0
0
0
0
0.263970142144951
0
0
0
0
0.175342801282217
0
0.159771401824576
0
0
0
0
0
0
0
0
0
0
8.10249404731239
8.10249404731239
8.10249404731239
0
0
0
0
-0.107155748574883
0
0
0
0
0
0
0
0
0
0
0
0
0
0
0
0
0
0
0
0
0
0
0
0
0
0
0
0
0
0
0
0
0
0
0
0
0
0
0
0
0
0
0
0
0
0
0
0
0
0
0
0
0
0
0
0
0
0
0
0
0
0
0
0
0
0
0
0
0
0
0
0
0
0
0
0
0
0
0
0
0
0
0
0
0
0
0
0
0
0
0
0
0
0
0
0
0
0
0
0
0
0
0
0
0
0
0
0
0
0
0
0
0
0
0
0
0
0
0
0
0
0
0
0
0
0
0
0
0
0
0
0
0
0
0
0
0
0
0
0
0
0
0
0
0
0
0
0
0
0
0
0
0
0
0
0
0
0
0
0
0
0
0
0
0
0
0
0
0
0
0
0
0
0
0
0
0
0
0
0
0
0
0
0
0
0
0
0
0
0
0
0
0
0
0
0
0
0
0
0
0
0
0
0
0
0
0
0
0
0
0
0
0
0
0
0
0
0
0
0
0
0
0
0
0
0
0
0
0
0
0
0
0
0
0
0
0
0
0
0
0
0
0
0
0
0
0
0
0
0
0
0
0
0
0
0
0
0
0
0
0
0
0
0
0
0
0
0
0
0
0
0
0
0
0
0
0
0
0
0
0
0
0
0
0
0
0
0
0
0
0
0
0
0
0
0
0
0
0
0
0
0
0
0
0
0
0
0
0
0
0
0
0
0
0
0
0
0
0
0
0
0
0
0
0
0
0
0
0
0
0
0
0
0
0
0
0
0
0
0
0
0
0
0
0
0
0
0
0
0
0
0
0
0
0
0
0
0
0
0
0
0
0
0
0
0
0
0
0
0
0
0
0
0
0
0
0
0
0
0
0
0
0
0
0
0
0
0
0
0
0
0
0
0
0
0
0
0
0
0
0
492.529861512416
0
492.529861512416
0
0
492.529861512416
0
0
0
492.529861512416
0
0
0
0
0
0
0
0
0
0
0
0
0
0
0
0
0
0
0
0
0
0
0
0
0
0
1000
0
0
0
0
0
0
0
0
0
0
0
0
0
0
0
0
0
0
0
0
0
0
0
0
0
0
0
0
0
0
0
0
0
0
0
0
0
0
0
0
0
0
0
-492.529861512416
0
0
0
492.529861512416
0
0
0
0
0
0
0
0
0
0
0
0
0
0
0
0
0
0
0
0
0
0
0
0
0
0
0
0
0
0
0
0
0.118434210177889
0.118434210177889
0
0
0
0
0.118434210177838
0.118434210177889
0
-30.7446117647503
0
0
0
0
0.0182206477196996
0
0
0
0
0
208.069239339965
0
0
30.7446117647503
0
0
0
0
0.716678810306695
0
0
0
0
0
0
0
0.716678810306695
0
0.716678810306695
0.716678810306689
0
0
0
0
0
0
0
0
0
0
0
0
0
0
0
0
0
0
0
0
0
0
0
0
0
0
0
0
0
0
0
0
0
0
0
0
0
0
0
0
0
0
0
0
0
0
0
0
0
0
0
0
0
0
0
0
0
0
0
0
0
0
0
0
0
0
0
0
0
0
0
0
0
0
0
0
0
0
0
0
0
0
0
0
0
0
0
1000
976.841733116968
-352.119710164192
0
0
0
-1000
1000
1000
0
1000
0
0
-375.781070422731
1000
0
0
0
0
0
0
0
0
0
0
0
0
0
0
0
0
0
0
0
0
0
0
0
0
0
0
0
0
0
0
0
0
0
0
0
0
0
0
0
0
-1000
0
0
0
0
0
0
0
0
0
0
0
0
0
0
0
0
0
-999.997399742104
-1000
1000
-1000
1000
999.997399742104
-1000
0
0
0
0
0
0
0.00260025789589236
0
0
0
0
0
0
0
0
0
0
0
0
0
0
0
0
0
500
0
0
0
0.0103784206452916
0
0.00260025789587917
0.0155713994576416
1000
0.00129636045823541
0.00129636045823541
0.00260025789589236
0
0.00908206018705622
0.00129636045823541
0.0194680178117268
-0.001296360458241
0.00129636045823541
0.00129636045823541
0.00129636045823541
0.00129636045823541
0.00129636045823541
-0.001296360458241
-0.00259272091648199
-0.00389661835413335
0.00129636045823541
0.00129636045823541
0.001296360458241
0.00129636045823541
-0.00389661835413335
-0.001296360458241
0.00260025789589236
0.00129636045823541
0.00129636045823541
0.00260025789587917
0.00260025789587917
-0.00260025789589236
-0.00260025789589236
0.00260025789589236
0.00260025789589236
0.00129636045823541
0.00129636045823541
0.00129636045823541
0.00129636045823541
0.0285651519576504
-0.00389661835413335
-999.981828342647
0
0
0
0
0
0
-1000
0
0
0
0.00260025789587917
0
0
0
0
0.00130012894793958
0.00260025789589236
0.00260025789589236
0
0.00260025789587917
0
0
0
0
0
-0.00260025789589236
0
0
0.00518544183294164
0.00129636045823541
0.00388908137470623
0.00129636045823541
-0.001296360458241
0.00129636045823541
0.00129636045823541
0.00129636045823541
0.00129636045823541
0.00129636045823541
0.00129636045823541
0.00259272091647082
0.00129636045823541
0.00129636045823541
0.00129636045823541
0.00129636045823541
0.00129636045823541
0
0.00129636045823541
0.00260025789587917
0.00260025789587917
0.00260025789587917
0.00260025789587917
0.00260025789587917
0.00260025789587917
0.00260025789587917
0.00260025789587917
0.00260025789587917
0.00260025789587917
0.00260025789587917
0.00260025789587917
0.00260025789587917
0.00260025789587917
0
0
0
0
0
0
0
0
0
0
0
0
-0.00260025789589236
0.00260025789587917
0.00260025789587917
0
0
0
0
0
0
0
0
0
0
0
0
0
0
0
0
0
0
0
0
0
0
0
0
0
0
0
0
0
0
0
0
0
0
0
0
0
0
0
0
0
0
0
0
0
0
0
0
0
0
0
0
0
0
0
0
0
0
0
0
0
0
1000
435.305852387037
0
0
0
0
0
0.00260025789587917
0
0
0
0
0
0
0
0
0
1000
0
0
0
0
0
0
0
0
0
0
0
-998.745902525715
0
0
0
-108.826463096759
0
-21.5171571952726
0
0
0
0.0435614220240433
0
0
0
0
0
0
0
0
0
0.0435614220240433
0
0
0
0
0
0
843.131557508069
0.0435614220240433
0
0.0435614220240433
0
0.0435614220240433
0
16.3566667319216
0
0
0
2.72258887650271
0
16.9566227422387
0
0
0
0
0
0
0
0.0435614220240433
0
0.0435614220240433
0
0.0435614220240433
0
0.0435614220240433
0
0.0432222026442325
0
0.0435614220240433
0
0.0435614220240433
0
0.0435614220240433
0
0.0435614220240433
0
0.0435614220240433
0
0.0435614220240433
0
0.0435614220240433
0
108.870024518783
0
0.0435614220240433
0
0.0435614220240433
0
0.0435614220240433
0
0.914789862504909
0
0.272906125756962
0
1.25239088319125
0
1.26328123869726
0
0.642530974854639
0
0.0435614220240433
0
0.0435614220240433
0
3.03011908856689
0
0.0435614220240433
0
0.0435614220240433
0
0.0435614220240433
0
0.0435614220240433
0
20.8550307940107
0
0.315820309674314
0
14.1356814468021
0
1000
0
0.149864719188272
0
0.0435614220240433
0
0.0435614220240433
0
0.413833509228411
0
0.0435614220240433
0
0.0435614220240433
0
0.0435614220240433
0
0
663.703147235278
0
0
106.271832787526
1000
0
0
0
0
-1000
-55.635504263425
1000
0
0.716678810306695
-1000
1000
999.997399742104
0
-0.961407044022621
-1000
-1000
-1000
0
0
1000
0
0
0
0
-871.769786317347
1000
0.263970142144899
0
0
0
-1000
724.194770353865
-0.00260025789589236
0
0
0
-2.27580349398215
1000
0
0
0
0
465.46589548649
33.7262628015485
1000
1000
272.942012819515
-1000
0
1000
0
0
-1000
0
0
1000
1000
-1000
-440.388217211378
0
157.138559750525
155.519873179741
0
-1000
842.247064053955
1000
1000
0
0
0
0
0
-68.012105498861
0
0
0
0
0
0
0
0
0
0
0
862.427652578903
0
58.1652222598588
0
0
0
578.420804521169
0
0
0
0
1000
0
0
0
0
0
0
0
-1000
24.8701697855445
1000
-1000
-1000
-1000
-1000
-1000
-1000
-1000
-1000
1000
1000
-1000
1000
-1000
-1000
-1000
-1000
1000
-1000
-27.9610316539694
-1000
1000
1000
1000
1000
1000
1000
-1000
-1000
1000
-1000
-1000
-1000
-1000
-827.167349095624
-1000
-989.353828161227
1000
-227.556042428436
1000
130.906186817505
-1000
-1000
-1000
-1000
-1000
-1000
-1000
-1000
-1000
-1000
1000
-1000
-1000
-1000
-1000
-1000
-1000
130.906186817505
-1000
-1000
-1000
1000
-1000
-1000
-1000
-1000
-1000
856.485925764542
-1000
1000
1000
1000
-1000
-1000
-1000
-1000
-1000
-1000
-1000
-1000
559.611782788622
471.033107569377
1000
1000
1000
-1000
528.966892430623
1000
1000
-1000
-1000
1000
1000
1000
1000
-1000
-1000
-1000
-1000
-1000
-1000
1000
1000
-1000
1000
1000
1000
1000
1000
1000
-1000
1000
1000
-227.556042428436
-1000
1000
-1000
-1000
-975.808280837122
1000
0
501.182234259871
0
-1000
-1000
0
0
0
0
0
0
0
0
0
0
0
0
0
0
0
0
0
0
0
0
0
0
0
0
0
0
0
0
0
0
0
0
0
0
0
0
0
0
0
0
0
0
0
0
0
0
0
0
0
0
0
0
0
0
0
0
0
0
0
0
0
0
0
0
0
0
0
0
0
0
0
0
0
0
0
0
0
0
0
0
0
0
0
0
0
0
0
0
0
0
0
0
0
0
0
0
0
0
0
0
0
0
0
0
0
0
0
0
0
0
0
0
0
0
0
0
0
0
0
0
0
0
0
0
0
0
0
0
0
0
0
0
0
0
0
0
0
0
0
0
0
0
0
0
0
0
0
0
0
0
0
0
0
0
0
0
0
0
0
0
0
0
0
0
0
0
0
0
0
0
0
0
0
0
0
0
0
0
0
0
0
0
0
0
0
0
0
0
0
0
0
0
0
0
0
0
0
0
0
0
0
0
0
0
0
0
0
0
0
0
0
0
0
0
0
0
0
0
0
0
0
0
0
0
0
0
0
0
0
0
0
0
0
0
0
0
0
0
0
0
0
0
0
0
0
0
0
0
0
0
0
0
0
0
0
0
0
0
0
0
0
0
0
0
0
0
0
0
0
0
0
0
0
0
0
0
0
0
0
0
0
0
0
0
0
0
0
0
0
0
0
0
0
0
0
0
0
0
0
0
0
0
0
0
0
0
0
0
0
0
0
0
0
0
0
0
0
0
0
0
0
0
0
0
0
1000
-1000
-1000
1000
1000
1000
1000
999.963649148313
-1000
-1000
0.0363508516865068
-1000
1000
1000
1000
-1000
-1000
-1000
1000
-1000
1000
1000
-1000
-1000
-1000
-1000
-1000
0
1000
-1000
-1000
1000
1000
-1000
-1000
0
1000
-1000
-1000
-1000
-1000
1000
-1000
-1000
0.0363508516865068
1000
-1000
1000
-1.25409747428478
-1000
-1000
-1000
-1000
-1000
-1000
0
0
0
0
0
0
-1000
1000
0
0
0
0
0
0
0
0
0
0
-1000
-1000
-0.341469132911243
0
0
0
0
1000
0
0
0
0
0
1000
0
0
0
0
0
-0.00260025789589236
0.00260025789587917
0
0
-0.00260025789589236
-0.00260025789589236
0
0
0
0.130920528037564
0
0
0
0
0
0
0
0
0
0
0
0
0
0
0
0
0
0
0
0
0
0.00260025789587917
0
0
-1000
1000
1000
1000
1000
0
0
0
0
-0.00260025789589236
0
0
0
0
0
30.7446117647503
0
0
0
0
0
0
0
0
0
0
0
0
-1000
0
0
-465.456820963282
465.456820963282
0.00260025789587917
0
0
0
0
1000
0
0
0
0
0
-1000
1000
1000
0
0
0
0
0
0
0
0
0
0
0
0
0
0
0
0
0
0
0
0
0
0
0
0
0
0
0
0
0
0
0
0
0
0
0
0.00260025789587917
0
0
0
0
0
0
1000
0
-1000
0
-21.5171571952726
0
1.40598833605626
0
0
0
0
0.00388908137470623
1000
0
0
0
0
0
0
0
0
0
0
0
0
0
0.00260025789589236
-1000
-98.5324378966958
0
-979.888831140784
1000
0
0
0
0
1000
0
0
0
0
0
0.00260025789589236
0
0
1000
0
1000
0
0
1000
0
0
-647.705465940928
0
0
-1000
0
21.3450113906459
978.654988609354
0
0
0
0
0
21.7276639061318
0
0
0
0
0
-1000
1000
0
0
0
0
0
0
0
0
0
0
0
999.996110918625
1000
0
998.655380890695
0
0
0
0
0
0
0
0
0
0
0.702994168028132
0
0.00260025789587917
-0.00260025789589236
0.00260025789587917
0.00260025789587917
0
0
0.00260025789589236
379.04030730631
0
0
0.702994168028113
0
0
-0.00780077368767707
0
-1000
-1000
1000
-1000
0
0
0
1.28845039834641
-1.34461910930543
-1000
-1000
0
0
0
0
0
0
0
0
0
0
0
0
0
0
1000
0
0
0
0
0
0
0
0
0
0
0.0561687109590252
0
0
0
0
0
0.00129636045823541
0
647.705465940928
0
0
0
0
0
0
0.00260025789587917
0
0
0
0
0
0
0
0
0
0
-870.611704774075
0
0
0
0
0
0
108.826463096759
0
0
0
0
0
0
1000
0
0
0
870.611704774075
0
0
0
0
0
0
0
0
0
0
0
0
0
0
0
0
0
0
0
0
0
0
0
0
0
0
0
1.6769779183569
0
0
0
0
0
0
0
0
0
0
0
0
0
0
0
0
0
0
0
0
0
0
0
0
0
0
0
0
0
0
0
0
0
0
0
0
0
0
0
0
0
0
0
0
0
0
0
0
0
0
0
0
0
0
0
0
0
0
0
0
0
0
0
0
0
0
0
0
0
0
0
0
0
0
0
0
0
0
0
0
0
0
0
0
0
0
0
0
0
0
0
0
0
0
0
0
0
0
0
0
0
0
0
0
0
0
0
0
0
0
-999.990925476792
0
0.001296360458241
0
0
0
-0.00907452320768698
0
1000
0.0116747811035793
0
0
0
0
0
0
0
0
0
0
0
0
0
0
0
0
0
0
0
0.00260025789587917
0.00260025789587917
0.00260025789587917
-1000
-1000
0
868.966363271478
-547.699881136954
0
0
0
0
0
0
1000
0
0
0
0
0
0
0
0
0
0
1000
-1000
0
156.824881069907
-843.175118930093
-1000
-1000
0.0874620634278926
0
-1000
-1000
0
0
0
0
0
0
0
0
0
-999.996110918625
-1000
0
1000
0.284809890209026
0.00260025789587917
0.00260025789587917
0.00260025789587917
0.00260025789587917
0.00260025789587917
0
0
0
1000
0
0
0
0
0.0435614220240433
0
0
0
0
11.7942550130097
0
0
0
0
0
-1000
0
0
0
0
0
0
0
1000
999.99966078062
0
1000
1000
1000
999.956099358596
0
0
0
0
0
0
0
0
0
108.826463096759
0
0
0
0
108.826463096759
0
0
0
0
0
0
0
0
0
0
108.826463096759
0
0
0
0
0
0
0
0
0
0
0
108.826463096759
0
0
0
0
0
0
0
0
0
624.218929577269
0
0
0
0
0
0
0
0
0
-1000
0
0
0
0
0
0
0
1000
-1000
-1000
-1000
-1000
1000
0
0.0155713994576416
0
0
0
0
-999.869079471962
-1000
-0.130920528037564
0
30.7446117647503
0
0
0
999.984398452625
10.7517423093458
0
0
0
0
0.418184277819106
0.418184277819106
0
-999.989629116334
0
0
0
0
0
0
0
0
-1000
0
0
0
0
0
0
0
1000
0.00260025789587917
0
0
0
0
0
0
0
0
375.783670680627
-1000
0
0
1000
0
0
0
1000
0
0
0
-133.685060904239
0
-1000
0
0
0
-1000
-1000
0
0
0
0
-21.5607186172966
0
0
0
0
0
0
0
-113.534591093979
113.534591093979
-750
1000
0
0
0
-1000
-1000
0
0
0
1000
0
0
0
0
0.000647238106691661
0
0
0
0
0
0
0
0
0
998.655380890695
0
998.655380890695
0
0
0
0
0
0
0
0
0
-86.1479508514511
0
0
-1000
1000
-1000
-1000
1000
0
0
0
0
0
0
0
0
-1000
0
0
-1000
0.00129636045823541
0.00129636045823541
0
-1000
0
-492.529861512416
478.075761657055
0
0
0
0
0
0
0
0
0
0
0
0
0
0
0
0
0
0
0
0
0
0
0
0
0
0.00260025789589236
0
0
0
0
0
0
0
0
0
0
0
0
0
0
0
0
0
0
0
0
0
0
0
0
0
0
0
0
0
0
0
0
0
0
0
0
0
0
0
0
0
0
0
0
0
-1000
0
-1000
0
0
0
0
0
-1000
0
0
0
0
0
0
0
0
0
0
0
976.860179834332
0
0
0
0
0
0
0
0
0
0
0
0
0
1000
0
0
0
0
0
0
0
0
0
0
0
0
0
0
0
0
0
0
0
0
0
0
0
0
0
0
0
0
0
0
0
0
0
0
0
0
0
0
0
0
0
0
0
0
0
21.5171571952726
0
0
0
0
0
0
0
0
0
0
0
0
0
0
0
0
0
0
0
0
0
0
0
0
0
0
0
0
0
0
0
0
0
0
0
0
0
0
0
0
0
0
0
0
0
0
0
0
0
0
0
0
0
0
0
0
0
0
0
0
0
0
0
0
0
0
0
0
0
0
0
0
0
0
0
0
0
0
0
0
0
0
0
0
0
0
0
0
0
0
0
0
0
0
0
0
0
0
0
0
0
0
0
0
0
0
0
0
0
0
0
0
0
0
0
0
0
0
0
0
0
0
0
0
0
0
0
0
0
0
0
0
0
0
0
0
0
0
0
0
0
0
0
-1000
0
0
0
0
0
0
0
0
0
0
0
0
0
0
0
0
0
0
0
0
0
0
333.333333333333
0
0
0
0
-602.2256498094
0
783.496896131749
-707.510431933423
-75.8680299881481
-867.797333388752
0
-1000
0
0
663.703147235278
0
0
0
0
-0.0182018052711328
0.0156015473752404
0
0
0
0
0
0
0
0
0
-24.3152829156248
0
0
0
0
0
0
0
24.3152829156247
0
0
0
0
0
0
0
0
0
-1.76961744459129
0
0
0
0
0
0
0
0
0
0
0
0
0
0
0
0
0
0
0
0
0
0
0
0
0
0
0
0
0
0
0
0
0
0
0
0
0
0
0
0
0
0
0
0
0
0
0
0
0
0
0
0
0
0
0
0
0
0
0
0
0
0
0
0
0
0
0
0
0
0
0
0
0
0
0
0
0
0
0
0
0
0
0
0
0
0
0
0
-493.589476179251
0
0
0
0
0
0
0
0
0
0
0
0
0
0
0
0
0
0
0
0
0
0
0
0
0
0
0
0
0
0
0
0
0
0
0
-495.206605142412
0
0
0
0
0
0
0
0
0
0
0
0
0
0
0
0
-496.222671617267
0
0
0
0
0
0
0
0
0
0
0
0
0
0
0
0
0
0
0
0
0
0
0
0
0
0
0
0
0
0
0
0
0
0
0
0
0
0
0
0
0
0
0
0
0
0
0
0
0
0
0
0
0
0
0
0
0
0
0
0
0
0
0
0
0
0
0
0
0
0
0
0
0
0
0
0
0
0
70.9617499135263
0
0
0
0
0
0
0
0
0
0
0
0
0
0
0
0
0
0
0
0
0
0
11.9814764976931
0
0
0
0
0
0
-493.589476179251
-495.206605142412
-496.222671617267
70.9617499135263
11.9814764976931
0
0
0
0
0
0
0
0
0
0
0
0
0
0
0
478.075761657055
0
0
0
0
0
0
0
0
0
0
0
0
-1000
0
0
0.716678810306695
0
0.00260025789589236
-999.186144401855
0
0
0
0
0
0
0
0
0
0
0
0
0
0
0
0
0
0
0
0
0
0
0
0
0
0
0
0
0
0
0
0
0
0
0
0
0
0
0
0
0
0
0
0
0
0
0
0
0
0
0
0
0
0
0
0
0
0
0
0
0
0
0
0
0
0
0
0
0
0
0
0
0
0
0
0
0
0
0
0
0
0
0
0
0
0
0
0
0
0
0
0
0
0
0
0
0
0
0
0
0
0
0
0
0
0
0
0
0
0
0
0
0
0
0
0
0
0
0
0
0
0
0
0
0
0
0
0
0
0
0
0
0
0
0
0
0
0
0
0
0
0
0
0
0
0
0
0
0
0
0
0
0
0
0
0
0
0
0
1000
0
0
0
0
0
0
0
0
1000
0.00260025789589236
0
0
0
0
1000
0
0
0
0
0
0
0
0
0
0
0
0
0
0
0
0
1000
-1000
0
0
0
0
0
0
0
0
0
0
0
0
0
0
0
0
0
0
0
0
0
0
0
0
0
0
0
0
0
0
0
0
0
0
0
0
0
0
0
0
0
0
0
0
0
0
0
0
0
0
0
0
0
0
0
0
0
0
0
0
0
0
0
0
0
0
0
0
0
0
0
0
0
0
0
0
0
0
0
0
0
0
0
0
0
0
0
0
0
0
0
0
0
0
0
0
0
0
0
0
0
0
0
0
0
0
0
0
0
0
0
0
0
0
0
0
0
0
0
0
0
0
0
0
0
0
0
0
0
0
1000
500
62.8081617362118
-109.751603509635
0.848048449527141
0
0
-0.702994168028113
0
0
0
335.23856326703
13.89316537605
30.3677461994584
0.0753697940834541
62.8081617362118
0
0
0
0
0
0
0
0
0
0
0
0
0
0
0
0
0
0
0
-492.529861512416
-1000
0
0
683.887150998611
999.997399742104
0
0
0
0
0
0
-1000
-108.826463096759
435.305852387037
0
0
0
0
0.0142675020199476
0.00260025789587917
0
0
0
0
0
0
0
0
0
0
0
0
0
0
0
0
108.826463096759
0
21.5171571952726
0
0
465.46589548649
-20.8550307940108
-0.914789862504904
0
-476.990515096993
-440.388217211378
-526.056589267273
-24.1917191628779
-1000
-1000
51.848218226201
67.6460442473099
-10.6461718387731
-1000
-1000
0
0
0
0
-1000
-27.9610316539694
-12.607887417953
-19.2070498997423
-1000
-501.005860776654
-498.817765740129
-24.8701697855444
-17.3127777246347
-130.906186817505
0
941.834777740141
0
683.887150998611
0
1000
1000
0
999.869079471962
1000
0
0
0
0.263970142144899
0
0
1000
1000
0
0
0
-1000
0
0
0
0
0
0
0
-0.00260025789589236
-0.00260025789589236
0
0
0
0
0
0
0
0
0
0
0
0
0
0
0
0
0.0363508516865068
0
998.745902525715
0
0
1000
0
238.813851104715
-0.00260025789589236
-0.00260025789589236
-0.716678810306689
-624.218929577269
0
0
-0.00260025789589236
0
-0.00260025789589236
0
0
-500
-0.00260025789589236
0
0
0
-0.00260025789589236
0
0
0
0
0
1000
0
0
0
0
0
1000
0
0
0
0
0
1000
0
0
0
0
0
0
0
-966.273737198451
0
0
0
-1000
0
1000
0
0
-0.00260025789589236
-1000
0
0
0
0
0
0
0
0
0
0
0
1000
0
1000
-2.27580349398215
-0.341469132911243
-1000
-1000
500
0
0
0
0
0
0
0
0
0
0
0
0
0
0
272.942012819515
0
0
0
0
724.194770353865
1000
999.997399742104
0
0
-0.961407044022621
0
-1000
1000
0
465.456820963282
0
0
-208.069239339965
0
208.069239339965
-55.635504263425
-1000
0
0
0
0
0
-0.0363508516865068
0
0
0
624.216329319373
-1000
1000
0
0
0
0
0
128.230213682653
-1000
-1000
1000
-1000
0
0
-465.456820963282
0
0
0
0
0
0
1000
1000
0
-0.149864719188258
-0.0435614220240268
0
-68.012105498861
-0.642530974854594
-3.03011908856683
-0.413833509228425
-14.1356814468021
-1.2523908831912
0
0
0
0
0
-0.0435614220240268
0
-0.0435614220240268
-108.870024518783
0
-0.315820309674336
0
-0.0435614220240268
-16.3566667319216
-16.9566227422387
0
-10.7517423093458
0
0
-0.0435614220240268
-0.272906125757004
0
-0.0435614220240268
-0.0435614220240268
-0.0435614220240268
-0.0435614220240268
-1.26328123869723
0
-2.72258887650275
0
0
0
-1000
1000
0
0
-1000
1000
-0.00260025789589236
-1000
750
-750
0
0
0
-1000
-1000
0
1000
0
0
0
0
0
0
0
0
0
0
0
0
0
0
0
1000
-1000
1000
-1000
-1000
0
-1000
-1000
0
-0.0435614220240268
-0.0435614220240268
0
0
0
0
0
-75.9864641983261
867.797333388752
75.8680299881482
-0.0182018052711328
0.0156015473752404
0
0
0
0
0
1000
-24.3152829156248
0
0
0
0
0
0
-1.76961744459129
0
0
0
0
0
0
0
0
0
0
0
0
0
0
0
0
0
0
0
0
0
0
0
0
0
0
0
0
0
0
0
0
0
0
0
0
0
0
0
0
0
0
0
0
0
0
0
0
0
0
0
0
0
0
0
0
0
0
0
0
0
0
0
0
0
0
-0.0435614220240268
0
0
0
0
0
0
0
0
0
0
0
0
0
0
0
0
0
0
0
0
0
0
0
0
0
0
0
0
0
0
0
0
0
0
0
0
0
0
0
0
0
0
0
0
0
0
0
0
0
0
0
0
0
0
0
0
0
0
0
0
0
0
0
0
0
0
0
0
0
0
0
0
0
0
0
0
0
0
0
0
0
0
0
0
0
493.589476179251
0
0
0
0
0
0
0
0
0
0
0
0
0
0
0
0
0
0
0
0
0
0
0
0
0
0
0
0
0
0
0
0
0
0
0
495.206605142412
0
0
0
0
0
0
0
0
0
0
0
0
0
0
0
0
496.222671617267
0
0
0
0
0
0
0
0
0
0
0
0
0
0
0
0
0
0
0
0
0
0
0
0
0
0
0
0
0
0
0
0
0
0
0
0
0
0
0
0
0
0
0
0
0
0
0
0
0
0
0
0
0
0
0
0
0
0
0
0
0
0
0
0
0
0
0
0
0
0
0
0
0
0
0
0
0
0
-70.9617499135262
0
0
0
0
0
0
0
0
0
0
0
0
0
0
0
0
0
0
0
0
0
0
-11.9814764976931
0
0
0
0
0
0
0
0
0
0
0
0
0
0
0
-1000
128.230213682653
-683.887150998611
0
0
0
999.186144401855
0
0
0
0
0
0
0
0
0
0
0
0
0
0
0
0
0
0
0
0
0
0
0
0
0
0
-1000
0
-1000
-0.00260025789589236
0
0
0
0
0
0
0
0
106.271832787526
0
0
0
0
0
0
0
0
0
0
0
0
0
0
0
0
0
0
0
0
0
0
0
0
0
0
0
0
0
0
0
0
0
0
0
0
0
0
0
0
0
0
0
0
0
0
0
0
0
0
0
0
0
0
0
-0.0435614220240268
-0.0435614220240268
-0.0435614220240268
-0.0435614220240268
0
-0.0435614220240268
0
0
-0.0435614220240268
-0.0435614220240268
-0.0435614220240268
-0.0435614220240268
843.131557508069
-0.0435614220240268
-0.0432222026441877
-0.0435614220240268
-0.0435614220240268
-0.0435614220240268
-0.0435614220240268
-0.0435614220240268
0
-0.0435614220240268
-0.0435614220240268
-0.0435614220240268
0
-1000
62.8081617362118
0
0
0
0
0
0
0
0
0
0
0
