0
0
0
0
0
0
0
2.42355130463147
6.25316387316911
0
303.25501436159
0
0
199.667279701752
0
0
999.730096812338
-999.730096812338
999.938055006111
0
0.0619449938896215
0
-1000
0.389368533020502
0
1000
-201.237995731627
0
-795.815244578474
0.0132217649832656
0
0
0
0
0
688.53692093335
0
0
0
37.172487099962
0
0
0
0
0
0
0
0
0
0
0
0
0
0
0
0
0
0
0
0
0
0
0
0
795.815244578474
0
0
0
0
0
0
0
-85.1394343133956
-85.1394343133956
0
0
0
0
0
-1000
0
0
0
0
0
0
0
0
0
0
0
0
0
0
0
0
0
0
0
0
0
0
0
0
0
696.74498563841
0
0
0
0
0
0
723.7887944393
0
0
0
0
0
0
0
0
0
0
0
0
0
0
0
0
0
991.323284822199
0
0
-1000
0
0
0
0
0
0
-1000
0
0
0
0
-0.03788628670452
0
0
0
0
-278.038451102055
0
0
0.00945509937756787
1000
0
0
598.661109609394
1000
1000
401.330041105765
0
203.998972602135
0
-1000
401.330041105765
600.997320807517
1000
-800.332720298248
0
0
1000
0
0
0.00945509937753286
0
0
956.565296364399
-1000
0
0
0
0
0
-4.16734054142921
0
0
0
0
0
0
0
78.8586556365724
-1000
0
0
0
1000
1000
0
0
0
0
0
89.2780197122925
0
0
0
-4.17176518384997
0
1000
1000
0
0
0
0
0
0
0
0
0
910.452077100046
1000
0
0
-1000
0
998.696465568013
0.488678190826679
0
0
0
0.0818389549203857
0.733017286240018
0
4.17176518384997
0
0
0
-1000
0
0
0
0
0
0
0
0
0
0
0
0
-1000
0
-1000
1000
-1000
85.1394343133957
0
1000
1000
-1000
-1000
-1.02427680899427
999.511321809173
-2.37345415005552
0
-0.733017286240056
0
0
-1000
1000
0
0
1000
0
0.190259624089552
0
-0.190259624089549
0
0.00188882356903795
0
0
0
0
0
0
0
0
0
0
0
0
0
0
0
0
0
1000
0
1000
0.415688520747667
0
0
74.6868904527225
0
-0.190259624089549
0
-0.733017286240056
0
0
0.733017286240056
2.37345415005552
0
0
0
0
0
0
-1000
0
0
0
-1000
0.733017286240056
0
-1000
-1.02427680899427
0
0.00378862867042547
0
0
0
0
0
0
0
0
0
0
0
0
0
0
0
2.44339095413339
0
10.2860353275129
0
0
0
0
0
0
0
0
1.06807848113976
562.129474398357
-999.995575357579
-912.185479041336
1000
1000
-1000
-1000
-1000
-87.8164097822331
1000
-1000
-1000
1000
1000
0
0
0
0
0
0
-1000
0
-1000
1000
0
0
1000
0
0
-1000
1000
0
0
0
0
0
0
1.0242768089943
-910.452077100046
-1000
1000
1000
1000
-1000
-1000
1000
-1000
0
0
1000
-1000
-0.406839235906318
-1000
-1000
1000
1000
1000
-95.390659098397
-1000
1000
-1000
1000
1000
0
0
0
-1000
1000
2.04097636064773
0
0
-78.8586556365725
0
0
0
-0.172561054406856
1000
0
0
0
-31.1753624529426
0
0
0
0
0
0
0
0
0
500.003141633388
0
0
0
0
0
0.00378862867045403
0
1000
-999.831227574264
-0.168772425736393
0
0.168772425736342
0
0
0
0
0
0
0
0
0
0
0
0
0
0
0
0
0
0
0
0
0
0
0
0
0
0
0
0
0
0
0
0
0
0
0
0
0
0
0
-1000
-1000
0.110616060517145
0.110616060517145
0
-999.26698271376
0
0
0
0
0
0
0
0
0
0
0
0
0
0
0
0
-877.800970707286
0
0
0
0
0
0
0
0
0
0
0
0
0
0
0
0
0
0
0
0
0
0
0
0
0
0
0
0
0
0
0
0
0.172561054406803
0
0
668.234570674937
1000
0
1000
0
1000
0
0
-1000
0
0
0
0
0
0
0
0
0
0
0
0
0
0
0
0
0
0
0
0
0
0
0
0
0
0
0
0
-196.907190236277
0
0
0.172561054406803
0
0
0
0
0
0
0
0
0
275.476714918866
0
0
0
0
0
0
0
0
0
0
0
0
0
0
0
0
0
0
0
0
0
0
0
0
0
0
0
0
0
0
-1000
0
0
0
0
0
0
0
0
0
0
0
0
0
0
0
0
0
0
0
0
0
0
0
0
0
0
0
0
0
0
0
0
0
0
0
0
0
-1000
0
500.007566275809
0
0
0
0
0.800860278144455
0.800860278144455
0
0
0
0
0
0
0
0
0
0
0
0
0
0
0
0
0
0
0
0
0
0
0
0
0
0
1000
0
0
0
1000
0
0
1000
0
0
0
0
2.30081405875737
0
0
2.30081405875737
0
0
0
0
0
0
0
0
0
0
2.30081405875737
0
2.30081405875737
0
0
0
13.72542839015
39.124797653061
25.0086097357893
18.31685283383
27.1577871349587
8.93862418290906
20.9056347010114
38.2455887170371
35.2172023818439
11.1366465229687
21.5894638734743
44.4977411509844
35.1195125000635
10.8435768776274
17.9749382475985
24.9109198540089
32.2865059284311
26.1320433762642
4.78680420724092
32.5795755737724
0
0
0
0
0
0
0
0
0
0
0
0
0
0
0
0
0
0
0
0
0
0
0
0
0
0
0
0
0
0
0
0
0
0
0
0
0
0
0
0
0
0
0
0
0
0
0
0
0
0
0
0
0
0
0
0
0
0
0
0
0
0
0
0
0
0
0
0
0
0
0
0
0
0
0
0
0
0
0
0
0
0
0
0
0
0
0
0
0
0
0
-1000
0
965.725967574389
0
0
1000
1000
-437.870525601643
-437.870525601643
0
0
0
0
0
122.195240664044
0
-31.1753624529426
-122.354527791188
-122.354527791188
-1000
0
-122.199029292714
877.800970707286
-122.322919280493
1000
-605.610769407086
1000
272.185140644029
0
0
877.804759335956
0
-1000
-272.185140644029
-1000
0
0
0
877.800970707286
877.800970707286
122.199029292714
0
0
0
0
0
0
0
0
0
0
0
0.00378862867046337
438.898591039308
1000
1000
0
500
0
2.5132547095804
5
0
0
0
0
936.727327236786
0
-936.459320020644
0
61.086698772508
0
0.0296494772870801
0.000229100919113989
0.985845119794703
-0.0296494772870801
-0.0296494772870801
0.0296494772870801
0.000229100919113989
865.347016330155
439.448370939064
0.0296494772870801
0.000229100919113989
-0.000229100919113989
0.000229100919113989
0.0867413333157856
-0.0296494772870801
0.0143188074470117
0
-999.999770899081
0.0296494772870801
-0.0296494772870801
0.000229100919113989
0.000229100919113989
-0.000229100919113989
0.000229100919113989
-0.000458201838341665
0.000229100919113989
0.000229100919113989
0.000229100919113989
0.000229100919113989
0.000229100919113989
0.000229100919113989
0.000229100919113989
-0.267778115222882
0.000229100919113989
0.000229100919113989
0.000229100919113989
0.00481111930218958
0.185309233044109
0.00658665142566406
0.859834841324755
0.00337923855749978
-0.000229100919113989
-0.000229100919113989
-1.02587742085097
-0.000229100919113989
-0.000229100919113989
-0.000229100919113989
-0.000229100919113989
0.109682065044581
0.0016609816638038
0.0123141744044233
0.0620290738606855
0.00459048188747602
-0.000229100919113989
0.279264474575939
-0.281670034227091
-0.000229100919113989
-0.000229100919113989
0.000229100919113989
0
0
0
0
0
0
0
0
0
0
0
0
0
0
0
0
0
0
0
0
0
0
0
0
0
0
0
0
0
0
0
0
0
0
0
0
0.000943039092931031
0
0
0
0
0
0
0
0
0
0
0
0
0
0
0
0
0
0
0
0
0
0
0
0
0
0
0
0
0
0
0
0
0
0
0
0
0
0
0
1000
0
0
0
0
0
0
0.000229100919153062
0
0
0
0
0
0
0
0
0
0
0
0
0
0
0
0
0
0
0
0
0
0
0
0
0
0
0
0
0
0
0
0
0
0
0
0
0
0
0
0
0
0
0
0
0
0
0
0
0
0
0.000229100919153062
0.000229100919153062
0.000229100919153062
0.000229100919153062
0
0
0
0
0
0
0
0
0
0
0
0
0
0
0
0
0
0
0
0
0
0
0
0
0
0
0
0
0
0
0
0
0
0
0
0
0
0
0
0
0.0294203763679057
0.0294203763679057
61.1455395252438
0
0.0294203763679057
0
0
0
0
0
0.0294203763679057
0
0
0
0
0
0
0
0
0
0
0
0
0
0
0
0
0
0
0
0
0
0
0
0
0
0
0
0
0
0
0
0
0
0
0
0
0
0
0
0
0
0
0
0
0
0
0
0
0
0
0
0
0
0
0
0
0
0
0
0
0
0
0
0
0
0
0
0
0
0
0
0
0
0
0
0
0
0
0
0
0
0
0
0
0
0
0
0
0
0
0
0
0
0
0
0
0
0
0
0
0
0
0
0
0
0
0
0
0
0
0
0
0
0
0
0
0
0
0
0
0
0
0
0
0
0
0
0
0
0
0
0
0
0
0
0
0
0
0
0
0
0
0
0
0
0
0
0
0
0
0
0
0
0
0
0
0
0
0
0
0
0
0
0
0
0
0
0
0
0
0
0
0
0
0
0
0
0
0
0
0
0
0
0
0
0
0
0
0
0
0
0
0
0
-1000
0
0
0
0
0
0
0
0
0
0
0
0
0
0
0
0
0
0
0
0
0
0
36.236343494196
0
0
0
0
0
0
0
0
0
0
0
0
0
0
0
0
0
0
0
0
0
0
0
0
0
0
0
0
0
0
0
0
0
0
0
0
0
0
0
0
0
0
0
0
0
0
0
0
0
0
0
0
0
0
0
0
0
0
0
0
0
0
0
0
0
0
0
0
0
0
0
0
0
0
0
0
0
0
0
0
0
0
0
0
1000
1000
0
0
0
0
0
0
0
0
0
0
0
0
0
0
0
0
0
0
-1000
0
-1000
0
0
0
0
0
0
0
1000
1000
0
0
0
0
0
0
0
0
0
0
0
0
0
0
0
0
0
0
0
0
0
0
0
0
0
0
0
0
0
0
0
0
0
0
0
0
0
0
0
0
0
0
0
0
0
0
0
0
0
0
0
0
0
0
0
0
0
0
0
0
0
0
0
0
0
0
0
0
0
0
0
0
0
0
0
0
0
0
0
0
0
0
0
-1000
2.15554408848948
0
0
0.0294203763678524
0
-937.817392207788
0
0
61.1161191488759
0
937.817392207788
0
437.825062057598
0
0
0
0.000943039092931031
-0.0590698536550462
0
-1000
1000
0
0
0
0
0
0
0
0
0
0
0
0
0
-1000
-0.183877352299419
0
-0.853190914669312
0
1.04179993473213
0
0
0
0
0
0
0
-0.00378862867046337
0
0
0
0
0
-936.459320020644
0
-1000
936.727327236786
936.727327236786
0
-1000
-999.977268227977
-0.0227317720227802
0
0
0.0294203763678524
-0.0294203763678524
0
0
62.1826077922124
-62.1826077922125
-1000
0
0
0
-61.1161191488759
-61.1161191488759
-1000
0
-62.1826077922125
-937.817392207788
-1000
0
-562.174937942402
-437.825062057598
-1000
0
0
0
0
0
1000
0
1000
0
0
0
-1000
1000
-1000
0
0
0
-1000
0
0
0
438.863073363659
0
0
0
0
0
0
0
0
0
0
0
0
0
0
0
0
0
0
0
-1000
1000
-1000
0.18482039139235
-1000
0
-1000
0.853190914669312
-1000
0
-1.03801130606166
-1.03801130606166
0
0
0
0
0
0
1000
0
1000
0
-1000
0
1000
0
-1000
0
-1000
0
0
0
0
0
0
0
0
0
-997.844455911511
-2.15554408848948
0.268007216141996
-0.268007216141996
0
0
0
0
0
0
0
0
0
0
0
0
0
0
0
0
0
0
0
0
0
0
0
0
0
0
0
0
0
0
0
0
0.000943039092931031
-0.000943039092931031
0
0
0
0
0
0
0
0
0
0
0
0
0
0
0
0
0
0
0
0
0
0
0
0
0
0
0
0
0
0
0
0
0
0
0
0
0.000943039092931031
-0.000943039092931031
0
0
0
0
0
0
-0.00378862867046337
-0.00378862867046337
0
0
0
0
0
0
0
0
0
0
0
0
0
0
0
0
0.00378862867046337
0.00378862867046337
0
0
0
0
0
0
0
0
0
0
0
0
0
0
0
0
0
0
0
0
0
0
0
0
0
0
0
0
0
0
0
0
0
0
0
0
962.73937969681
0
0
0
0
0
0
0
1.2408728931097
0.00378862867045403
0
0
0
0
0
0
0
0
0.156128106330698
0
0
0
0
0
0
0
0
0
0
0
0
0
0
0
0
0
0
0
0
0
0
0
0
0
0
0
0
0
0
0
0
0
0
0
0
0
0
0
0
0
0
0
0
0
0
0
0
0
0
0
0
0
0
0
0
0
0
0
0
62.1826077922125
62.1826077922125
62.1826077922125
0
0
0
0
61.086698772508
61.086698772508
0
0
0
0
936.727327236786
936.727327236786
936.727327236786
0
0
0
0
0
0
0
0
0
0
0
0
0
0
0
0
0
0
0
0
0
0
0
0
0
0
0
0
0
0
0
0
0
0
0
0
0
0
0
0
0
0
0
0
0
0
0
0
0
0
0
0
0
0
0
0
0
0
0
0
0
0
0
0
0
0
0
0
0
0
0
0
0
0
0
0
0
0
0
0
0
0
0
0
0
0
0
0
0
0
0
0
0
0
0
0
0
0
0
61.1161191488759
61.1161191488759
61.1161191488759
61.1161191488759
-61.1161191488759
0
0
0
0
0
0
0
0
0
0
0
0
0
0
0
0
0
0
0
0
0
0
0
0
0
0
0
0
0
0
0
0
0
0
0
0
0
0
0
0
0
0
0
0
0
0
0
0
0
0
0
0
0
0
0.00378862867045403
0.00378862867045403
0.00378862867045403
0.00378862867045403
0.00378862867045403
0
0
0
0
0
0
0
0
0
0
0
0
0
0
0
0
0
0
0
0
0
0
0
0
0
0
0
0
0
0
0
0
0
0
0
0
0
0
0
0
0
0
0
0
0
0
0
0.0378862867045403
0.0378862867045403
-0.03788628670452
0.00378862867045403
0
0
0
0
0
0
0
0
0
0
0
0
0
0
0
0
0
0
0
0
0
0
0
0
2.57836862910375
0
2.5708133348276
0
0
0
0
0
0
0
0
0
0
0
0
0
0
0
0
0.0378862867045403
0.0378862867045403
0.00378862867045403
0.00378862867045403
0
0
0
0
0
0
0
0
0
0
0
0
0
0
0
0
0
0
0
0
0
0
0
0
0
0
0
0
0
0
0
0
0
0
0
0
0
0
0
0
0
0
0
0
0
0
0
0
0
0
0
0
0
0
0
0
0
0
0
0
0
0
0
0
0
0
0
0
0
0
0
0
0
0
0
0
0
0
0
0
0
0
0
0
0
0
0
0
0
0
0
0
0
0
0
0
0
0
0
0
0
0
0
0
0
0
0
0
0
0
0
0
0
0
0
0
0
0
0
0
0
0
0
0
0
0
0
0
0
0
0
0
0
0
0
0
0
0
0
0
0
0
0
0
0
0
0
0
0
0
0
0
0
0
0
0
0
0
0
0
0
0
0
0
0
0
0
0
0
0
0
0
0
0
0
0
0
0
0
0
0
0
0
0
0
0
0
0
0
0
0
0
1.2408728931097
70.9573409052521
70.9573409052521
0
4.43370168006824
4.43370168006824
0
-75.3910425853203
75.3910425853203
4.43370168006824
0
69.7164680121424
0
0
1000
0
4.43370168006824
0
4.43370168006824
4.43370168006824
0
0
0
0
0
0
0
0
0
0
0
0
0
0
0
0
0
0
0
0
0
0
0
0
0
0
0
0
0
0
0
0
0
0
0
0
0
0
0
0
0
0
0
0
0
0
0
0
0
0
0
0
0
0
0
0
0
0
0
0
0
0
0
0
0
0
0
0
0
0
0
0
0
0
0
0
0
0
0
0
0
0
0
0
0
0
0
0
0
0
0
0
0
0
0
0
0
0
0
0
0
0
0
0
0
0
0
0
0
0
0
0
0
0
0
1.2408728931097
0.00378862867045403
0
0
0
0
1.0242768089943
0
0
0.609303002978825
0
0
0
1.0242768089943
1.0242768089943
1.0242768089943
0
0
0
0
0
0
1.40078962811079
0
0
0
0.00378862867045403
0
0
0
0
-1.40078962811083
1.40078962811079
0
0
0
0
0
0
0
0
0
0
0.255478029755553
0
0.232790183862342
0
0
0
0
0
0
0
0
0
0
11.4208888465333
11.4208888465333
11.4208888465333
0
0
0
0
-0.156128106330698
0
0
0
0
0
0
0
0
0
0
0
0
0
0
0
0
0
0
0
0
0
0
0
0
0
0
0
0
0
0
0
0
0
0
0
0
0
0
0
0
0
0
0
0
0
0
0
0
0
0
0
0
0
0
0
0
0
0
0
0
0
0
0
0
0
0
0
0
0
0
0
0
0
0
0
0
0
0
0
0
0
0
0
0
0
0
0
0
0
0
0
0
0
0
0
0
0
0
0
0
0
0
0
0
0
0
0
0
0
0
0
0
0
0
0
0
0
0
0
0
0
0
0
0
0
0
0
0
0
0
0
0
0
0
0
0
0
0
0
0
0
0
0
0
0
0
0
0
0
0
0
0
0
0
0
0
0
0
0
0
0
0
0
0
0
0
0
0
0
0
0
0
0
0
0
0
0
0
0
0
0
0
0
0
0
0
0
0
0
0
0
0
0
0
0
0
0
0
0
0
0
0
0
0
0
0
0
0
0
0
0
0
0
0
0
0
0
0
0
0
0
0
0
0
0
0
0
0
0
0
0
0
0
0
0
0
0
0
0
0
0
0
0
0
0
0
0
0
0
0
0
0
0
0
0
0
0
0
0
0
0
0
0
0
0
0
0
0
0
0
0
0
0
0
0
0
0
0
0
0
0
0
0
0
0
0
0
0
0
0
0
0
0
0
0
0
0
0
0
0
0
0
0
0
0
0
0
0
0
0
0
0
0
0
0
0
0
0
0
0
0
0
0
0
0
0
0
0
0
0
0
0
0
0
0
0
0
0
0
0
0
0
0
0
0
0
0
0
0
0
0
0
0
0
0
0
0
0
0
0
0
0
0
0
0
0
0
0
0
0
0
0
0
0
0
0
0
0
0
0
0
0
0
0
0
0
0
0
0
0
0
0
0
0
0
0
0
0
0
0
0
492.543508831282
0
492.543508831282
0
0
492.543508831282
0
0
0
492.543508831282
0
0
0
0
0
0
0
0
0
0
0
0
0
0
0
0
0
0
0
0
0
0
0
0
0
0
1000
0
0
0
0
0
0
0
0
0
0
0
0
0
0
0
0
0
0
0
0
0
0
0
0
0
0
0
0
0
0
0
0
0
0
0
0
0
0
0
0
0
0
0
-492.543508831282
0
0
0
492.543508831282
0
0
0
0
0
0
0
0
0
0
0
0
0
0
0
0
0
0
0
0
0
0
0
0
0
0
0
0
0
0
0
0
0.172561054406803
0.172561054406803
0
0
0
0
0.172561054406856
0
0.172561054406803
-74.5143293983158
0
0
0
0
0.0265478545241236
0
999.994333529293
0
0
0
0
74.5143293983158
0
0
0
0
0
0
1.04421561128197
0
0
0
0
0
0
0
1.04421561128197
1.04421561128197
1.04421561128197
1.04421561128197
0
0
0
0
0
0
0
0
0
0
0
0
0
0
0
0
0
0
0
0
0
0
0
0
0
0
0
0
0
0
0
0
0
0
0
0
0
0
0
0
0
0
0
0
0
0
0
0
0
0
0
0
0
0
0
0
0
0
0
0
0
0
0
0
0
0
0
0
0
0
0
0
0
0
0
0
0
0
0
0
0
0
0
0
0
0
0
1000
1000
-569.628814610837
0
0
0
-1000
628.565444618635
1000
0
0
0
0
-570.361831897077
1000
0
0
0
0
0
0
0
0
0
0
0
0
0
0
0
0
0
0
0
0
0
0
0
0
0
0
0
0
0
0
0
0
0
0
0
0
0
0
0
0
-628.565444618635
0
0
0
0
0
0
0
0
0
0
0
0
0
0
0
0
0
-999.99621137133
-1000
1000
-1000
1000
999.99621137133
-1000
0
0
0
0
0
0
0.00378862867046337
0
0
0
0
0
0
0
0
0
0
0
0
0
0
0
0
0
0
0
0
0
0.0151215700846817
0
0.00378862867045403
0.0226878458932116
1000
0.00188882356903795
0.00188882356903795
0.00378862867046337
0
0.0132327465156438
0.00188882356903795
0.0283652981326892
-0.00188882356906106
0.00188882356903795
0.00188882356903795
0.00188882356903795
0.00188882356903795
0.00188882356903795
-0.00188882356906106
-0.00377764713812212
-0.00567745223952443
0.00188882356903795
0.00188882356903795
0.00188882356906106
0.00188882356903795
-0.00567745223952443
-0.00188882356906106
0.00378862867046337
0.00188882356903795
0.00188882356903795
0.00378862867045403
0.00378862867045403
-0.00378862867046337
-0.00378862867046337
0.00378862867046337
0.00378862867046337
0.00188882356903795
0.00188882356903795
0.00188882356903795
0.00188882356903795
0.0416200077130497
-0.00567745223952443
-999.973523525436
0
0
0
0
0
0
-331.765429325063
0
0
0
0.00378862867045403
0
0
0
0
0.00189431433522701
0.00378862867046337
0.00378862867046337
0
0.00378862867045403
0
0
0
0
0
-0.00378862867046337
0
0
0.00755529427615179
0.00188882356903795
0.00566647070711385
0.00188882356903795
-0.00188882356906106
0.00188882356903795
0.00188882356903795
0.00188882356903795
0.00188882356903795
0.00188882356903795
0.00188882356903795
0.0037776471380759
0.00188882356903795
0.00188882356903795
0.00188882356903795
0.00188882356903795
0.00188882356903795
0
0.00188882356903795
0.00378862867045403
0.00378862867045403
0.00378862867045403
0.00378862867045403
0.00378862867045403
0.00378862867045403
0.00378862867045403
0.00378862867045403
0.00378862867045403
0.00378862867045403
0.00378862867045403
0.00378862867045403
0.00378862867045403
0.00378862867045403
0
0
0
0
0
0
0
0
0
0
0
0
-0.00378862867046337
0.00378862867045403
0.00378862867045403
0
0
0
0
0
0
0
0
0
0
0
0
0
0
0
0
0
0
0
0
0
0
0
0
0
0
0
0
0
0
0
0
0
0
0
0
0
0
0
0
0
0
0
0
0
0
0
0
0
0
0
0
0
0
0
0
0
0
0
0
0
0
1000
1.21177565231576
0
0
0
0
0
0.00378862867045403
0
0
0
0
0
0
0
0
0
0
0
0
0
0
0
0
0
0
0
0
0
-1000
0
-936.727327236786
0
936.459320020644
0
-61.086698772508
0
0
0
0.0294203763679057
0
0
0
0
0
0
0
0
0
0.0294203763679057
0
0
848.891556435837
0
0
0
0
0.0294203763679057
0
0.0294203763679057
0
0.0294203763679057
0
11.0169879106877
0
0
0
1.83877352299411
0
11.4521106021265
0
0.0294203763679661
0
0
0
0
0
0.0294203763679057
0
0.0294203763679057
0
0.0294203763679057
0
0.0294203763679057
0
0.0291912754487527
0
0.0294203763679057
0
0.0294203763679057
0
0.0294203763679057
0
0.0294203763679057
0
0.0294203763679057
0
0.0294203763679057
0
0.0294203763679057
0
0.297427592509957
0
0.0294203763679057
0
0.0294203763679057
0
0.0294203763679057
0
0.61782790372602
0
0
0
0.845835820577289
0
0
0
0.433950551426609
0
0.0294203763679057
0
0.0294203763679057
0
3.08651609230155
0
0.0294203763679057
0
0.0294203763679057
0
0.0294203763679057
0
0.0294203763679057
0
14.0850051861349
0
0.213297728667316
0
1.58134522977493
0
1000
0
0.099182688617216
0
0.0294203763679057
0
0.30891395186301
0
0
0
0.0294203763679057
0
0.0294203763679057
0
0.0294203763679057
0
0
-1000
0
0
69.7164680121423
1000
0
0
0
0
965.725967574389
-1000
-1000
0
1.04421561128197
-1000
1000
1000
0
-1.40078962811083
74.6868904527225
-1000
-1000
0
0
1000
0
0
0
0
-694.290751560787
1000
0
0
0
0
-1000
1000
-0.00378862867046337
0
0
0
-3.3977309590498
297.495185528123
0
0
0
0
0.0132217649833137
78.8548670079022
1000
-74.6868904527225
-4.17176518384997
-1000
0
1000
35.2478271302634
0
-1000
0
0
1000
1000
-1000
719.99490836022
0
228.891485446401
0
0
-1000
1000
1000
1000
0
0
0
0
0
-158.532630568922
0
0
0
0
0
0
0
0
0
0
0
1000
0
808.709268008947
0
0
0
1000
0
0
0
0
1000
0
0
0
0
0
0
0
1000
1000
-1000
-1000
-1000
1000
1000
-1000
963.763656505804
-1000
-1000
-1000
1000
-1000
1000
-1000
-1000
-1000
-766.430535533456
1000
1000
-1000
-1000
-1000
18.3699485428783
1000
1000
1000
707.320794853966
-1000
-1000
1000
-1000
-1000
-947.131201440155
-1000
-974.943702959859
-1000
-1000
-1000
1000
1000
-1000
-1000
-1000
-1000
-1000
-1000
-1000
-1000
-1000
-1000
1000
1000
-1000
-1000
-1000
-1000
-1000
-1000
-1000
-1000
-1000
-1000
1000
-1000
-1000
-1000
-1000
-1000
1000
234.689381239788
1000
1000
1000
-1000
-1000
-1000
-1000
-1000
-1000
-1000
-1000
-1000
-1000
-1000
1000
1000
-215.383806138293
784.616193861707
1000
1000
-1000
-1000
1000
1000
1000
1000
-1000
-1000
1000
-1000
-1000
-1000
1000
-1000
-1000
1000
1000
1000
1000
1000
1000
-1000
1000
1000
-1000
1000
1000
-1000
-1000
-1000
1000
0.168772425736393
-0.168772425736393
0
-1000
-1000
0
0
0
0
0
0
0
0
0
0
0
0
0
0
0
0
0
0
0
0
0
0
0
0
0
0
0
0
0
0
0
0
0
0
0
0
0
0
0
0
0
0
0
0
0
0
0
0
0
0
0
0
0
0
0
0
0
0
0
0
0
0
0
0
0
0
0
0
0
0
0
0
0
0
0
0
0
0
0
0
0
0
0
0
0
0
0
0
0
0
0
0
0
0
0
0
0
0
0
0
0
0
0
0
0
0
0
0
0
0
0
0
0
0
0
0
0
0
0
0
0
0
0
0
0
0
0
0
0
0
0
0
0
0
0
0
0
0
0
0
0
0
0
0
0
0
0
0
0
0
0
0
0
0
0
0
0
0
0
0
0
0
0
0
0
0
0
0
0
0
0
0
0
0
0
0
0
0
0
0
0
0
0
0
0
0
0
0
0
0
0
0
0
0
0
0
0
0
0
0
0
0
0
0
0
0
0
0
3.24866027437611
0
0
0
0
0
0
0
0
0
0
0
0
0
0
0
0
0
0
0
0
0
0
0
0
0
0
0
0
0
0
0
0
0
0
0
0
0
0
0
0
0
0
0
0
0
0
0
0
0
0
0
0
0
0
0
0
0
0
0
0
0
0
0
0
0
0
0
0
0
0
0
0
0
0
0
0
0
0
0
0
0
0
0
0
0
0
0
0
0
0
0
0
0
0
0
0
0
0
0
0
0
0
0
0
0
0
0
0
0
0
0
0
0
0
0
0
277.985487171396
1000
-1000
1000
1000
1000
-1000
1000
-1000
1000
-721.961548897945
-1000
1000
1000
1000
-1000
-1000
-1000
1000
-1000
1000
1000
-1000
-1000
0
-1000
-1000
-1000
1000
-1000
-1000
-1000
0
-1000
1000
-1000
1000
-1000
-1000
-1000
-1000
1000
-1000
-1000
-1000
721.961548897945
-1000
277.985487171396
-1000
0
-1000
-1000
-1000
0.0529639306596437
-1000
0
0
0
0
0
0
-1000
1000
0
0
0
0
0
0
0
0
0
0
-1000
-1000
-0.415688520747722
0
0
0
0
1000
0
1000
0
0
0
105.224613282557
0
3.24866027437611
0
0
0
-0.00378862867046337
0.00378862867045403
0
0
-0.00378862867046337
-0.00378862867046337
0
0
0
759.155579342025
0
0
0
0
0
0
0
0
0
0
0
0
0
0
0
0
0
0
0
0
0
0.00378862867045403
0
0
1000
-1000
867.857017425199
-536.091588100136
1000
0
0
0
0
-0.00378862867046337
0
0
0
0
0
74.5143293983158
0
0
0
0
0
0
0
0
0
1000
0
0
0
1000
0
0
0
0.00378862867045403
0
0
0
0
-0.0265204006936983
0
0
0
0
0
-1000
0
758.965090617016
0
0
0
0
0
0
0
0
0
0
0
0
0
0
7.96556690161047
0
0
0
0
0
0
0
0
0
0
0
0
0
0
0
0
0
0
0
0
0.00378862867045403
0
0
0
0
0
0
1000
0
-1000
-936.727327236786
-61.086698772508
1.02427680899427
2.04855361798861
0
0
0
0
0.00566647070711385
1000
0
-0.168772425736393
0
0
0
0
0
0
0
0
0
0
0
0.00378862867046337
-244.394269956758
122.199029292714
0
-4.23452760869498
991.323284822199
0
0
0
0.159287127144694
1000
0
0
0
0
0
0.00378862867046337
0
0
1000
0
999.831227574264
0
0
1000
0
0
-303.25501436159
0
0
-1000
0
-1000
1000
0
605.619618691928
0
0
0
0
0
0
0
0
1000
-1000
999.840712872855
0
0
0
0
0
0
0
0
0
0
1000
0
1000
0
997.959023639352
0
0
0
0
0
0
0
0
0
0
0
0
0.00378862867045403
-0.00378862867046337
0.00378862867045403
0.00378862867045403
0
0
0.00378862867046337
0
0
0
1.02427680899427
0
0
-0.0113658860113901
-1000
-1000
-1000
1000
-1000
1000
0
0
-997.959023639352
-2.04097636064773
-1000
-1000
0
0
0
0
0
0
0
0
0
0
0
0
0
0
0
0
0
0
0
0
0
0
0
0
0
1000
0
0
0
0
0
0.00188882356903795
0
303.25501436159
0
0
0
0
0
0
0.00378862867045403
0
0
0
0
0
0
0
0.279493575495053
0
0
-2.42355130463147
0
0
0
0
0
0
0.268007216141996
0
0
0
0
0
0
1000
0
0
0
2.42355130463147
0
0
0
0
0
0
0
0
0
0
0
0
0
0
0
0
0
0
0
0
0
0
0
0
0
0
0
2.44339095413341
0
0
0
0
0
0
0
0
0
0
0
0
0
0
0
0
0
0
0
0
0
0
0
0
0
0
0
0
0
0
0
0
0
0
0
0
0
0
0
0
0
0
0
0
0
0
0
0
0
0
0
0
0
0
0
0
0
0
0
0
0
0
0
0
0
0
0
0
0
0
0
0
0
0
0
0
0
0
0
0
0
0
0
0
0
0
0
0
0
0
0
0
0
0
0
0
0
0
0
0
0
0
0
0
0
0
0
0
0
0
-999.986778235017
0
0.00188882356906106
0
0
0
-0.0132217649833137
0
1000
0.0170103936536634
0
0
0
0
0
0
0
0
0
0
0
0
0
0
0
0
0
0
0
0.00378862867045403
0.00378862867045403
0.00378862867045403
1000
-1000
0
-1000
-1000
0
0
0
0
0
0
438.863073363659
1000
0
0
0
0
0
0
0
0
0
0
-1000
0
1000
0
-1000
1000
-999.940930146345
-1000
0
1000
0
0
0
0
0
0
0
0
0
0
-1000
0
1000
0.414973806015479
0.00378862867045403
0.00378862867045403
0.00378862867045403
0.00378862867045403
0.00378862867045403
0
0
0
1000
1.61076560614284
0
0
0
0
0
0
0
0
0
0
0
0
0
0
-1000
0
0
0
0
0
0
0
1000
-1000
0
1000
0
0
-1000
0
0
0
0
0
0
0
0
0
0.268007216142052
0
0
0
0
0.268007216142052
0
0
0
0
0
0
0
0
0
0
0.268007216142052
0
0
0
0.184820391392382
0
0
0
0
0
1.03801130606165
0
0.268007216142052
0
0
0
0.279493575495104
0
0
0
0
0
1000
0
0
0
0
0
0
0
0
0
-1000
0
0
0
0
0
0
8.67671517780059
1000
1000
-1000
-1000
-1000
1000
0
0.0226878458932116
0
0
0
0
-999.809511274991
-1000
-759.155579342025
0
74.5143293983158
0
0
0
-1000
15.2808974774452
0
0
0
0
0.609303002978825
0.609303002978825
0
-999.984889411448
0
0
0
0
0
0
0.384609868989956
0
-1000
0
0
0
0
0
0
0
999.815179608608
0.00378862867045403
0
0
0
0
0
0
0
0
-1000
-1000
0
0
999.146809085331
0
0
0
-1000
0
0
0
-937.817392207788
0
0
0
0
0
0
-1000
0
0
0
936.727327236786
-61.1161191488759
0
1000
0
0
0
-942.082162956651
942.082162956651
0
0
-750
0
0
0
0
-1000
-1000
0
0
0
1000
0
0
0
0
0.000943039092971707
0
0
0
0
0
0
0
0
0
997.959023639352
0
1000
0
0
0
0
0
0
0
0
0
-1000
1000
605.619618691928
-1000
1000
-1000
-999.840712872855
1000
0
0
0
0
0
0
0
0
-1000
0
0
-1000
0.00188882356903795
0.00188882356903795
0
1000
0
-492.543508831282
437.825062057598
0
0
0
0
0
0
0
0
0
0
0
0
0
0
0
0
0
0
0
0
0
0
0
0
0
0.00378862867046337
0
0
0
0
0
0
0
0
0
0
0
0
0
0
0
0
0
0
0
0
0
0
0
0
0
0
0
0
0
0
0
0
0
0
0
0
0
0
0
0
0
0
0
0
0
-1000
0
-1000
0
0
0
0
0
-1000
0
0
0
0
0
0
0
0
0
0
0
-1000
0
0
0
0
0
0
0
0
0
0
0
0
0
1000
0
0
0
-1000
0
0
0
0
0
0
0
0
0
0
0
0
0
0
0
0
0
0
0
0
0
0
0
0
0
0
0
0
0
0
0
0
0
0
0
0
0
0
0
0
0
61.086698772508
0
0
0
0
0
0
0
0
0
0
0
0
0
0
0
0
0
0
0
0
0
0
0
0
0
0
0
0
0
0
0
0
0
0
0
0
0
0
0
0
0
0
0
0
0
0
0
0
0
0
0
0
0
0
0
0
0
0
0
0
0
0
0
0
0
0
0
0
0
0
0
0
0
0
0
0
0
0
0
0
0
0
0
0
0
0
0
0
0
0
0
0
0
0
0
0
0
0
0
0
0
0
0
0
0
0
0
0
0
0
0
0
0
0
0
0
0
0
0
0
0
0
0
0
0
0
0
0
0
0
0
0
0
0
0
0
0
0
1000
0
0
0
0
-947.736988522517
0
0
0
0
0
0
0
0
0
0
0
0
0
0
0
0
0
0
0
0
0
0
401.332990867378
0
0
67.9996575340451
0
-98.6699588942354
0
1000
-803.092809763723
-196.73462918187
-688.502806803017
0
-758.965090617016
0
-1000
-998.975723191006
0
0
0
0
1000
0.0227317720227242
0
0
0
0
0
0
0
0
0
-1000
0
0
0
0
0
0
0
1000
0
0
0
0
0
0
0
0
0
-2.57836862910381
0
0
0
0
0
0
0
0
0
0
0
0
0
0
0
0
0
0
0
0
0
0
0
0
0
0
0
0
0
0
0
0
0
0
0
0
0
0
0
0
0
0
0
0
0
0
0
0
0
0
0
0
0
0
0
0
0
0
0
0
0
0
0
0
0
0
0
0
0
0
0
0
0
0
0
0
0
0
0
0
0
0
0
0
0
0
0
0
-988.588389633198
0
0
0
0
0
0
0
0
0
0
0
0
0
0
0
0
0
0
0
0
0
0
0
0
0
0
0
0
0
0
0
0
0
0
0
-493.015926145231
0
0
0
0
0
0
0
0
0
0
0
0
0
0
0
0
-494.496355676404
0
0
0
0
0
0
0
0
0
0
0
0
0
0
0
0
0
0
0
0
0
0
0
0
0
0
0
0
0
0
0
0
0
0
0
0
0
0
0
0
0
0
0
0
0
0
0
0
0
0
0
0
0
0
0
0
0
0
0
0
0
0
0
0
0
0
0
0
0
0
0
0
0
0
0
0
0
0
809.216338222822
0
0
0
0
0
0
0
0
0
0
0
0
0
0
0
0
0
0
0
0
0
0
13.663369005298
0
0
0
0
0
0
-988.588389633198
-493.015926145231
-494.496355676404
809.216338222822
13.663369005298
0
0
0
0
0
0
0
0
0
0
0
0
0
0
0
437.825062057598
0
0
0
0
0
0
0
0
0
0
0
0
-1000
0
0
0
0
0.00378862867046337
-275.025401391956
0
0
0
0
0
0
0
0
0
0
0
0
0
0
0
0
0
0
0
0
0
0
0
0
0
0
0
0
0
0
0
0
0
0
0
0
0
0
0
0
0
0
0
0
0
0
0
0
0
0
0
0
0
0
0
0
0
0
0
0
0
0
0
0
0
0
0
0
0
0
0
0
0
0
0
0
0
0
0
0
0
0
0
0
0
0
0
0
0
0
0
0
0
0
0
0
0
0
0
0
0
0
0
0
0
0
0
0
0
0
0
0
0
0
0
0
0
0
0
0
0
0
0
0
0
0
0
0
0
0
0
0
0
0
0
0
0
0
0
0
0
0
0
0
0
0
0
0
0
0
0
0
0
0
0
0
1000
0
0
278.038451102055
1000
0
0
0
0
0
0
0
1000
0.00378862867046337
0
0
-1000
0
1000
0
0
0
0
0
0
0
0
0
0
0
0
0
0
0
0
1000
-1000
0
0
0
0
0
0
0
0
0
0
0
0
0
0
0
0
0
0
0
0
0
0
0
0
0
0
0
0
0
0
0
0
0
0
0
0
0
0
0
0
0
0
0
0
0
0
0
0
0
0
0
0
0
0
0
0
0
0
0
0
0
0
0
0
0
0
0
0
0
0
0
0
0
0
0
0
0
0
0
0
0
0
0
0
0
0
0
0
0
0
0
0
0
0
0
0
0
0
0
0
0
0
0
0
0
0
0
0
0
0
0
0
0
0
0
0
0
0
0
0
0
0
0
0
0
0
0
0
0
0
1000
500
91.5127698177301
-74.123693217647
0.57275229788263
0
0
-1.02427680899427
0
0
0
488.449408902134
20.2426246836819
44.2464242068725
0.109815323781276
91.5127698177301
0
0
0
0
0
0
0
0
0
0
0
0
0
0
0
0
0
0
0
-492.543508831282
-1000
0
0
-311.134688276038
999.827438945593
0
0
0
0
0
0
-1000
-0.268007216141996
1.21177565231574
0
0
-0.279493575495053
0
0.0207880407917855
0.00378862867045403
0
0
0
0
0
0
0
0
0
0
0
0
0
0
936.727327236786
0
-936.459320020644
0
61.086698772508
0
0
0.0132217649833137
-14.0850051861348
-0.617827903726038
0
0.168772425736393
292.679205146034
-537.964980823126
-35.2478271302634
-1000
-280.00509163978
781.367533587331
804.385287591374
-19.3055751014948
-1000
-1000
0
0
0
0
-1000
-40.7397921366118
-18.3699485428783
-27.8125015197041
-1000
-999.394212917637
-1000
-1000
-25.0562970401412
894.775386717443
0
-808.709268008947
1000
-311.134688276038
0
1000
0
0
999.809511274991
-1000
0
0
0
0
0
-1.02427680899427
1000
999.831227574264
0
0
0
0
0
0
0
0
0
0
0
-0.00378862867046337
-0.00378862867046337
0
0
0
0
0
0
0
0
0
0
0
0
0
0
0
0
722.014512828604
0
1000
0
0
-1000
-1000
74.5143293983158
-0.00378862867046337
-0.00378862867046337
-1.04421561128197
-429.638168102923
0
0
-0.00378862867046337
0
-0.00378862867046337
-1000
0
0
-0.00378862867046337
0
0
0
-0.00378862867046337
0
0
0
0
0
0
0
0
0
0
0
278.038451102055
0
0
0
0
0
965.725967574389
0
0
0
0
0
0
0
-921.145132992098
0
0
0
-1000
0
1000
0
0
-0.00378862867046337
0
0
0
0
0
0
0
0
0
0
0
0
0
0
-0.0265204006936983
-3.3977309590498
-0.415688520747722
-1000
-1000
0
0
0
0
0
0
0
0
0
0
0
0
0
0
0
-4.17176518384997
0
0
0
0
1000
1000
1000
1000
0
-1.40078962811083
0
0
-36.236343494196
36.236343494196
0
0
0
0
0
0
-1000
-331.765429325063
0
0
0
0
0
-0.0529639306596437
0
0
0
463.908411899864
-1000
1000
0
0
0
0
0
0
74.6868904527225
-1000
-74.6868904527225
-694.290751560787
0
0
0
0
0
0
0
0
0
0
1000
0
-0.0991826886172475
-0.0294203763678524
-7.96556690161049
-158.532630568922
-0.433950551426619
-3.08651609230151
0
-1.58134522977491
-0.845835820577236
-0.0294203763679661
0
0
848.891556435837
0
-0.0294203763678524
-1000
-0.0294203763678524
-0.297427592509962
0
-0.213297728667271
0
-0.0294203763678524
-11.0169879106877
-11.4521106021265
0
-15.2808974774451
0
-0.384609868989969
-0.0294203763678524
0
0
-0.0294203763678524
-0.0294203763678524
-0.308913951863019
-0.0294203763678524
0
0
-1.83877352299407
0
0
0
0
0
0
0
0
1000
-0.00378862867046337
0
750
-750
0
0
0
-1000
0
-1000
0
0
0
0
0
0
0
0
0
0
0
0
0
0
0
0
1000
-1000
-1000
1000
1000
0
-1000
-1000
0
-0.0294203763678524
-0.0294203763678524
0
0
0
0
1000
-196.907190236277
688.502806803017
196.73462918187
1000
0.0227317720227802
0
0
0
0
0
1000
-1000
-1000
0
0
0
0
0
-2.57836862910381
0
0
0
0
0
0
0
0
0
0
0
0
0
0
0
0
0
0
0
0
0
0
0
0
0
0
0
0
0
0
0
0
0
0
0
0
0
0
0
0
0
0
0
0
0
0
0
0
0
0
0
0
0
0
0
0
0
0
0
0
0
0
0
0
0
0
-0.0294203763678524
0
0
0
0
0
0
0
0
0
0
0
0
0
0
0
0
0
0
0
0
0
0
0
0
0
0
0
0
0
0
0
0
0
0
0
0
0
0
0
0
0
0
0
0
0
0
0
0
0
0
0
0
0
0
0
0
0
0
0
0
0
0
0
0
0
0
0
0
0
0
0
0
0
0
0
0
0
0
0
0
0
0
0
0
0
988.588389633198
0
0
0
0
0
0
0
0
0
0
0
0
0
0
0
0
0
0
0
0
0
0
0
0
0
0
0
0
0
0
0
0
0
0
0
493.015926145231
0
0
0
0
0
0
0
0
0
0
0
0
0
0
0
0
494.496355676404
0
0
0
0
0
0
0
0
0
0
0
0
0
0
0
0
0
0
0
0
0
0
0
0
0
0
0
0
0
0
0
0
0
0
0
0
0
0
0
0
0
0
0
0
0
0
0
0
0
0
0
0
0
0
0
0
0
0
0
0
0
0
0
0
0
0
0
0
0
0
0
0
0
0
0
0
0
0
-809.216338222822
0
0
0
0
0
0
0
0
0
0
0
0
0
0
0
0
0
0
0
0
0
0
-13.663369005298
0
0
0
0
0
0
0
0
0
0
0
0
0
0
0
-278.038451102055
1000
311.134688276039
0
0
0
275.025401391956
0
0
0
0
0
0
0
0
0
0
0
0
0
0
0
0
0
0
0
0
0
0
0
0
1000
0
-1000
0
-1000
-0.00378862867046337
0
0
0
0
0
0
0
0
-930.283531987858
0
0
0
0
0
0
0
0
0
0
0
0
0
0
0
0
0
0
0
0
0
0
0
0
0
0
0
0
0
0
0
0
0
0
0
0
0
0
0
0
0
0
0
0
0
0
0
0
0
0
0
-962.73937969681
962.73937969681
962.73937969681
0
-0.0294203763678524
-0.0294203763678524
-0.0294203763678524
-0.0294203763678524
0
-0.0294203763678524
0
0
-0.0294203763678524
-0.0294203763678524
-0.0294203763678524
-0.0294203763678524
0
-0.0294203763678524
-0.0291912754487385
-0.0294203763678524
-0.0294203763678524
-0.0294203763678524
-0.0294203763678524
-0.0294203763678524
0
-0.0294203763678524
-0.0294203763678524
-0.0294203763678524
0
-1000
91.51276981773
0
1000
0
0
0
0
0
0
0
0
0
