0
0
0
0
0
0
0
1000
-1000
0
1000
0
0
194.979812222502
1000
0
999.744865535758
-999.744865535758
999.94144454919
0
0.0585554508097227
0
-1000
0.368062833661156
0
1000
-208.228764543763
0
-35.5387710916937
0.0241142228803277
0
0
0
0
0
0
0.0322474530253338
0
0
0
35.1384608050072
0
0
0
0
0
0
0
0
0
0
0
0
0
0
0
0
0
0
0
0
0
0
0
0
35.5387710916936
0
0
0
0
0
0
0
13.3246635070467
13.3246635070467
0
0
0
0
0
-1000
0
0
0
0
0
0
0
0
0
0
0
0
0
1000
0
-1000
0
1000
-1000
0
0
0
0
0
0
0
0
0
0
0
0
0
0
0
0
0
0
0
0
0
0
0
0
0
0
0
0
0
0
0
0
0
87.1387081756325
0
0
1000
0
0
0
0
0
0
1000
0
0
0
-14.6595167125287
0
0
0
0
-981.523201723046
0
0
0
-210.838664636997
0
0
596.381535078067
1000
1000
403.610099857532
0
210.838664636997
0
-1000
403.610099857532
598.589912080033
1000
-805.020187777498
0
210.838664636997
1000
0
0
0
0
0
1000
-1000
54.3938288446682
0
0
0
0
-3.93930951895538
0
0
0
0
0
0
1000
-787.173946456281
-1000
0
0
0
999.684234822335
0
0
0
0
1000
0
0
0
0
0
-3.94349205115611
0
1000
0
0
0
0
0
0
0
0
0
0
0.0606307134224405
212.826053543718
0
0
-3.94349205115611
1.3834181569357
996.995013676327
0
0.461938406446919
0
0
0.47030347084835
0.689326289441965
0
1000
0
0
0
-1000
0
212.826053543718
0
0
0
0
0
0
0
0
0
0
-1000
0
-455.587347655118
1000
1000
-13.3246635070467
999.996418679772
-1000
999.607057371377
-1000
-1000
-0.968229820338252
-854.866703429838
0
0
-0.692907609670328
1000
-1000
-1000
1000
0
0
1000
0
0.179848884629863
0
-0.179848884629905
0
0.00178546979570494
0
0
0
0
0
0
0
0
0
0
0
0
0
0
0
0
0
-208.882561492562
0
1000
0
0
0
-1000
0
-0.179848884629905
0
-0.689326289441965
0
0
0.689326289441965
0
0
0
-0.00358132022836344
0
0
0
0
-1000
0
0
0
1000
0.689326289441965
0
-1000
-0.968229820338252
0
0
0
0
2.63652470048737
0
0
0
0.00358132022837405
0
0
0
0
0
0
0
0
0
0
2.30969203223459
0
9.72319791847073
0
0
0
0
0
0
0
0
-455.108463721626
550.814101259604
-999.995817467799
-1000
-1000
1000
-1000
-1000
0
-0.00178546979566363
1000
-1000
1000
1000
1000
0
-1000
0
0
0
0
-1000
0
1000
-1000
-1000
1000
-1000
0
0
1000
-1000
0
0
0
0
0
0
0.968229820338307
-1000
-1000
0.00836506440134599
-1000
1000
-1000
1000
-1000
-1000
1000
1000
1000
1000
-1000
0
-1000
-1000
1000
-1000
-162.307161330046
1000
1000
0
-854.404765023391
1000
0
0
0
0
0
2.31865830860829
0
0
787.173946456282
0
0
0
1000
-18.4145914366056
0
0
0
-29.4694903972605
0
0
0
0
0
0
0
18.4110101163759
0.694300345315241
0
0
0
0.694300345315241
0
0
0
0.00358132022975701
0
0
1000
0
-1000
0
1000
0
0
0
0
462.564504586406
0
0
0
0
0
0
0
0
0
0
0
0
0
0
0
0
0
0
0
0
0
0
0
0
0
0
0
0
0
0
0
0
0
0
0
1000
0.00358132022972768
1000
0.104563305017336
0.104563305017336
0
-999.310673710558
0
0
0
0
0
0
0
0
0
0
0
0
0
0
0
0
0
0
0
-899.357933902278
0
0
0
0
0
0
0
0
0
0
0
0
0
0
0
0
0
0
0
0
0
0
0
0
0
0
0
0
0
0
0
0
0
0.163118755827101
0
0
0
-1000
0
0
0
0
0
0
1000
0
0
0
0
0
0
0
0
0
0
0
0
0
0
0
0
0
0
0
0
0
0
0
0
0
-165.096770576211
0
0
0.163118755827101
0
0
0
0
0
0
0
0
0
1000
0
0
0
0
0
0
0
0
0
0
0
0
0
0
0
0
0
0
0
0
0
0
0
0
0
0
0
0
0
0
0
0
0
0
0
0
0
0
0
0
0
0
0
0
0
0
0.010743960689271
0.010743960689271
0
0.010743960689271
0
0
0
0
0
0
0
0
0
0
0
0
0
0
0
0
0
0
0
0
0
1000
0
0.00418253220069448
0
0
0
0
0.757038328325701
0.757038328325701
0
1000
0
0
0
0
0
0
0
0
0
0
0
0
0
0
0
0
0
0
0
1000
0
0
0
0
0
-0.00358132022972768
0
0
0
-1000
0
0
-1000
0
0
0
0
2.17491674436113
0
0
2.17491674436113
0
0
0
0
0
0
0
0
0
2.17491674436113
0
2.17491674436113
0
0
0
12.9743922224594
36.9839436661564
23.6401737291787
17.3145803680508
25.6717511590299
8.44951521960878
19.7617077267353
36.15284380849
33.2901665209723
10.5272648637749
20.4081187271425
42.0628872407847
33.1978220923427
10.2502315778861
16.9913748678472
23.547829300549
30.5198336620842
24.7021346584191
4.5248770028506
30.796866947973
0
0
0
0
0
0
0
0
0
0
0
0
0
0
0
0
0
0
0
0
0
0
0
0
0
0
0
0
0
0
0
0
0
0
0
0
0
0
0
0
0
0
0
0
0
0
0
0
0
0
0
0
0
0
0
0
0
0
0
0
0
0
0
0
0
0
0
0
0
0
0
0
0
0
0
0
0
0
0
0
0
0
0
0
0
0
0
0
0
0
0
0
-1000
0
0
0
0
-449.185898740396
-449.185898740396
1000
1000
0
0
0
0
869.281976335917
0
0
-29.4694903972605
-869.432547495142
-869.432547495142
-1000
0
-100.642066097722
0
-100.759176999341
1000
1000
869.290341400319
1000
0
-869.281976335917
1000
0
-1000
-1000
-1000
0
0
899.357933902278
0
899.357933902278
100.642066097722
0
0
0
0
0
0
0
0
0
0
0
-1000
450.161291201193
1000
1000
0
500
250.00148486381
2.51252943048498
5
0
0
0
0
0
0
300.318012308707
0
0
0
0
-0.00962280053659015
0
0
0
0
-0.00962280053659015
0
449.146504217868
0
-0.00962280053659015
0.00962280053659015
-0.00962280053659015
0
0
0
0
-1000
0
0
-0.00962280053659015
-0.00962280053659015
0.00962280053659015
-0.00962280053659015
0.00962280053659015
-0.00962280053659015
-0.00962280053659015
-0.00962280053659015
-0.00962280053659015
-0.00962280053659015
-0.00962280053659015
-0.00962280053659015
-0.00962280053659015
-0.00962280053659015
-0.00962280053659015
-0.00962280053659015
-0.202078811269303
-0.0653899160383844
-0.27665551542816
-0.279061215562365
-0.14193630791533
0.00962280053659015
0.00962280053659015
-0.649134088904816
0.00962280053659015
0.00962280053659015
0.00962280053659015
0.00962280053659015
0
-0.0697653038905628
-3.12259877413726
0
-0.0533303502693343
0.00962280053659015
0.00962280053659015
0.0914166050980612
0.00962280053659015
0.00962280053659015
-0.00962280053659015
0
0
0
0
0
0
0
0
0
0
0
0
0
0
0
0
0
0
0
0
0
0
0
0
0
0
0
0
0
0
0
0
0
0
0
0
0.00524741268452544
0
0
0
0
0
0
0
0
0
0
0
0
0
0
0
0
0
0
0
0
0
0
0
0
0
0
0
0
0
0
0
0
0
0
0
0
0
0
0
1000
0
0
0
0
0
0
0
0
0
0
0
0
0
0
0
0
0
0
0
0
0
0
0
0
0
0
0
0
0
0
0
0
0
0
0
0
0
0
0
0
0
0
0
0
0
0
0
0
0
0
0
0
0
0
0
0
0
0
0
0
0
0
0
0
0
0
0
0
0
7.95521433124494
7.95521433124494
7.95521433124494
7.93596873017167
0
0
0
0
0
0
0
0
0
0
0
0
0
0
0
0
0
0
0
0
0
0
0
0
0
0
0
0
0.0096228005366327
50.3372579097807
0.0096228005366327
0
0
0.0096228005366327
0.601425033539544
0
0
0.0096228005366327
0
0
0
0
0
0
0
0
0
0
0
0
0
0
0
0
0
0
0
0
0
0
0
0
0
0
0
0
0
0
0
0
0
0
0
0
0
0
0
0
0
0
0
0
0
0
0
0
0
0
0
0
0
0
0
0
0
0
0
0
0
0
0
0
0
0
0
0
0
0
0
0
0
0
0
0
0
0
0
0
0
0
0
0
0
0
0
0
0
0
0
0
0
0
0
2.6053732452933
0
0
0
0
0
0
0
0
0
0
0
0
0
0
0
0
0
0
0
0
0
0
0
0
0
0
0
0
0
0
0
0
0
0
0
0
0
0
0
0
0
0
0
0
0
0
0
0
0
0
0
0
0
0
0
0
0
0
0
0
0
0
0
0
0
0
0
0
0
0
0
0
0
0
0
0
0
0
0
0
0
0
0
0
0
0
0
0
0
0
0
0
0
0
0
0
0
0
0
0
0
-1000
0
0
0
0
0
0
0
0
0
0
0
0
0
0
0
0
0
0
0
0
0
0
0
0
0
0
0
0
0
0
0
0
0
0
0
0
0
0
0
0
0
0
0
0
0
0
0
0
0
0
0
0
0
0
0
0
0
0
0
0
0
0
0
0
0
0
0
0
0
0
0
0
0
0
0
0
0
0
0
0
0
0
0
0
0
0
0
0
0
0
0
0
0
0
0
0
0
0
0
0
0
0
0
0
0
0
0
0
0
0
0
0
0
0
0
0
1000
1000
0
0
0
0
0
0
0
0
0
0
0
0
0
0
0
0
0
0
0
0
0
0
0
0
0
-1000
0
-1000
0
0
0
0
0
0
0
0
0
0
0
1000
1000
0
0
0
0
0
0
0
0
0
0
0
0
0
0
0
0
0
-288.178156307065
0
-288.178156307065
0
0
0
0
0
0
0
0
0
0
0
0
0
0
0
0
0
0
0
0
0
0
0
0
0
0
0
0
0
0
0
0
0
0
0
0
0
0
0
0
0
0
0
0
0
0
0
0
0
0
0
0
0
0
0
0
0
0
0
0
0
0
0
0
0
1000
54.1170462775935
0
0
0.00962280053659015
0
1000
0
50.3276351092441
0
0
263.836128743201
-0.00962280053659015
449.146504217868
0
0
0
0.00524741268452544
0
0
-1000
999.990377199463
0
0
0
0
0
0
0
0
0
0
0
0
0
-1000
0.00524741268452544
0
0
0
-0.0196505483911551
0
0
0
0
0
0
0
0.0196505483911551
0
0
0
0
0
300.318012308707
-1000
1000
-50.3180123087075
-50.3180123087075
0
667.774519538637
1000
-0.0214879213785935
0
0
0.00962280053659015
-0.00962280053659015
0
0
50.6764616286969
-50.676461628697
1000
0
-50.3276351092441
-50.3276351092441
0
0
1000
0
-115.539487013941
-884.460512986059
-1000
0
-550.853495782132
-449.146504217868
-1000
0
0
0
0
0
-1000
0
0
0
0
0
-1000
1000
-1000
0
0
0
-846.256497985854
0
0
0
-1000
0
0
0
0
0
0
0
0
0
0
0
0
0
0
0
0
0
0
0
-1000
1000
-1000
0
-1000
0
-1000
0
-1000
0
0
0
0
0
0
0
0
0
-1000
0
-1000
0
-1000
0
-1000
0
-1000
0
-1000
0
0
0
0
0
0
0
0
0
0
-1000
250
-250
0
0
0
0
0
0
0
0
0
0
0
0
0
0
0
0
0
0
0
0
0
0
0
0
0
0
0
0
0
0
0
0
0.00524741268452544
-0.00524741268452544
0
0
0
0
0
0
0
0
0
0
0
0
0
0
0
0
0
0
0
0
0
0
0
0
0
0
0
0
0
0
0
0
0
0
0
0
0.00524741268452544
-0.00524741268452544
0
0
0
0
0
0
0.0196505483911551
0.0196505483911551
0
0
0
0
0
0
0
0
0
0
0
0
0
0
0
0
-0.0196505483911551
-0.0196505483911551
0
0
0
0
0
0
0
0
0
0
0
0
0
0
0
0
0
0
0
0
0
0
0
0
0
0
0
0
0
0
0
0
0
0
0
0
0
0
0
0
0
0
0
0
0
0.00358132022975701
0
0
0
0
0
0
0
0
10.9435388421328
0
0
0
0
0
0
0
0
0
0
0
0
0
0
0
0
0
0
0
0
0
0
0
0
0
0
0
0
0
0
0
0
0
0
0
0
0
0
0
1000
-1000
0
0
0
0
0
0
0
0
0
0
0
0
0
0
0
0
0
0
0
0
0
0
0
0
0
50.676461628697
50.676461628697
50.676461628697
0
0
0
0
50.3180123087074
50.3180123087074
0
0
0
0
0
0
0
0
0
0
0
0
0
0
0
0
0
0
0
0
0
0
0
0
0
0
0
0
0
0
0
0
0
0
0
0
0
0
0
0
0
0
0
0
0
0
0
0
0
0
0
0
0
0
0
0
0
0
0
0
0
0
0
0
0
0
0
0
0
0
0
0
0
0
0
0
0
0
0
0
0
0
0
0
50.3276351092441
50.3276351092441
50.3276351092441
50.3276351092441
-50.3276351092441
0
0
0
0
0
0
0
0
0
0
0
0
0
0
0
0
0
0
0
0
0
0
0
0
0
0
0
0
0
0
0
0
0
0
0
0
0
0
0
0
0
0
0
0
0
0
0
0
0
0
0
0
0
0
0
0
0
0
0
0
0
0
0
0
0
0
0
0
0
0
0
0
0
0
0
0
0
0
0
0
0.00358132022975701
0.00358132022975701
0.00358132022975701
0.00358132022975701
0.00358132022975701
0
0
0
0
0
0
0
0
0
0
0
0
0
0
0
0
0
0
0
0
0
0
0
0
0
0
0
0
0
0
0
0
0
0
0
0
0
0
0
0
0
0
0
0
0
0
0
14.6595167125287
14.6595167125287
-14.6595167125287
4.87814915697346
-2.4372839183718
2.43728391837185
2.43728391837185
2.43728391837185
0
0
0
0
0
0
0
0
0
0
0
0
0
0
0
0
0
0
0
0
2.43728391837185
0
2.43014203918903
2.43728391837185
2.43728391837185
2.43728391837185
2.43728391837185
2.43728391837185
2.43728391837185
2.43728391837185
2.43728391837185
2.43728391837185
2.43728391837185
2.43728391837185
2.43728391837185
2.43728391837185
2.43728391837185
2.43728391837185
2.43728391837185
14.6595167125287
14.6595167125287
4.87814915697346
4.87814915697346
0
0
0
0
0
0
0
0
0
0
0
0
0
0
0
0
0
0
0
0
0
0
0
0
0
0
0
0
0
0
0
0
0
0
0
0
0
0
0
0
0
0
0
0
0
0
0
0
0
0
0
0
0
0
0
0
0
0
0
0
0
0
0
0
0
0
0
0
0
0
0
0
0
0
0
0
0
0
0
0
0
0
0
0
0
0
0
0
0
0
0
0
0
0
0
0
0
0
0
0
0
0
0
0
0
0
0
0
0
0
0
0
0
0
0
0
0
0
0
0
0
0
0
0
0
0
0
0
0
0
0
0
0
0
0
0
0
0
0
0
0
0
0
0
0
0
0
0
0
0
0
0
0
0
0
0
0
0
0
0
0
0
0
0
0
0
0
0
0
0
0
0
0
0
0
0
0
0
0
0
0
0
0
0
0
0
0
0
0
0
0
0
1.17297407088415
0.0134117847444813
0.0134117847444813
0
0
0
0
-0.0134117847444486
0.0134117847444813
0
0
0
1.15956228613967
0
0
0
0
0
0
0
0
0
0
0
0
0
0
0
0
0
0
0
0
0
0
0
0
0
0
0
0
0
0
0
0
0
0
0
0
0
0
0
0
0
0
0
0
0
0
0
0
0
0
0
0
0
0
0
0
0
0
0
0
0
0
0
0
0
0
0
0
0
0
0
0
0
0
0
0
0
0
0
0
0
0
0
0
0
0
0
0
0
0
0
0
0
0
0
0
0
0
0
0
0
0
0
0
0
0
0
0
0
0
0
0
0
0
0
0
0
0
0
0
0
0
0
0.00358132022975701
0
0
0
0
0
0
0
1.54419261860279
0
0
0
0.968229820338307
0.968229820338307
0.968229820338307
0
0
0
9.62297977565483
0
0
1.32414038670772
0
0
9.62297977565483
0.00358132022975701
0
0
0
0
-1.32414038670777
1.32414038670772
0
0
0
0
0
0
10.795953846539
0
0
0
0.229882696409794
0
0.22005223189507
0
10.795953846539
10.795953846539
0
0
0
0
0
0
0
0
0
0
0
0
0
0
-10.9435388421329
0
0
0
0
0
0
0
0
0
0
0
0
0
0
0
0
0
0
0
0
0
0
0
0
0
0
0
0
0
0
0
0
0
0
0
0
0
0
0
0
0
0
0
0
0
0
0
0
0
0
0
0
0
0
0
0
0
0
0
0
0
0
0
0
0
0
0
0
0
0
0
0
0
0
0
0
0
0
0
0
0
0
0
0
0
0
0
0
0
0
0
0
0
0
0
0
0
0
0
0
0
0
0
0
0
0
0
0
0
0
0
0
0
0
0
0
0
0
0
0
0
0
0
0
0
0
0
0
0
0
0
0
0
0
0
0
0
0
0
0
0
0
0
0
0
0
0
0
0
0
0
0
0
0
0
0
0
0
0
0
0
0
0
0
0
0
0
0
0
0
0
0
0
0
0
0
0
0
0
0
0
0
0
0
0
0
0
0
0
0
0
0
0
0
0
0
0
0
0
0
0
0
0
0
0
0
0
0
0
0
0
0
0
0
0
0
0
0
0
0
0
0
0
0
0
0
0
0
0
0
0
0
0
0
0
0
0
0
0
0
0
0
0
0
0
0
0
0
0
0
0
0
0
0
0
0
0
0
0
0
0
0
0
0
0
0
0
0
0
0
0
0
0
0
0
0
0
0
0
0
0
0
0
0
0
0
0
0
0
0
0
0
0
0
0
0
0
0
0
0
0
0
0
0
0
0
0
0
0
0
0
0
0
0
0
0
0
0
0
0
0
0
0
0
0
0
0
0
0
0
0
0
0
0
0
0
0
0
0
0
0
0
0
0
0
0
0
0
0
0
0
0
0
0
0
0
0
0
0
0
0
0
0
0
0
0
0
0
0
0
0
0
0
0
0
0
0
0
0
0
0
0
0
0
0
0
0
0
0
0
0
0
0
0
0
0
0
0
0
0
0
0
0
0
0
0
0
0
0
0
0
0
0
0
0
0
0
0
0
0
0
0
0
0
0
0
0
0
0
0
0
0
0
0
0
1000
0
0
0
0
507.458871910869
0
0
0
0
0
0
0
0
0
0
0
0
0
0
0
0
0
0
0
0
0
0
0
0
0
0
0
0
0
0
0
0
0
0
0
0
0
0
0
0
0
0
0
0
0
0
0
0
0
0
0
0
0
0
0
0
0
0
0
0
0
0
0
0
0
0
0
0
0
0
0
0
0
0
0.163118755827101
0.163118755827101
0
0
0
0.163118755827099
0.163118755827101
0
-208.719442736735
0
0
0
0.0250951932041826
0
999.994643590613
0
0
0
0
208.719442736735
0
0
0
0
0
0
0.987077599363898
0
0
0
0
0
0
0.987077599363898
0.987077599363898
0.987077599363898
0.987077599363943
0
0
0
0
0
0
0
0
0
0
0
0
0
0
0
0
0
0
0
0
0
0
0
0
0
0
0
0
0
0
0
0
0
0
0
0
0
753.435331292602
753.435331292602
0
0
0
0
0
0
0
0
0
0
0
0
0
0
0
0
0
0
0
0
0
0
0
0
0
0
0
0
0
0
0
0
0
0
0
0
0
0
0
0
0
0
0
0
0
0
0
0
1000
-1000
511.20686223043
0
0
0
-1000
-1000
1000
0
0
0
0
39.8084349638589
-529.290899022871
0
0
0
0
0
0
0
0
0
0
0
0
0
0
0
0
0
0
0
0
0
0
0
0
0
0
0
0
0
0
0
0
0
0
0
0
0
0
0
0
1000
0
0
0
0
0
0
0
7.95521433124494
7.95521433124494
0
0
0
0
0
0
0
0
-999.99641867977
999.99641867977
1000
999.99641867977
1000
-1000
-1000
0
0
0
0
0
0
0.00358132022972768
0
0
0
0
0
0
0
0
0
0
0
0
0
0
0
0
0
266.401331329328
0
0
0
0
0.00267820469355229
0.00358132022975701
0.00983046451472432
1000
0.00178546979570494
0.00178546979570494
0.00358132022972768
0
0.000892734897888658
0.00178546979570494
0.0151972545401535
-0.00178546979566363
0.00178546979570494
0.00178546979570494
0.00178546979570494
0.00178546979570494
0.00178546979570494
-0.00178546979566363
-0.00357093959144095
0.00178546979570494
0.00178546979570494
0.00178546979566363
0.00178546979570494
-999.955300971277
-0.005366790025505
999.953515501481
0.00358132022972768
0.00178546979570494
0.00178546979570494
0.00358132022975701
0.00358132022975701
-0.00358132022972768
-0.00358132022972768
0.00358132022972768
0.00358132022972768
0.00178546979570494
0.00178546979570494
0.00178546979570494
0.00178546979570494
-0.005366790025505
-999.986588215256
0
0
0
0
0
0
-1000
0
0
0
0.00358132022975701
0
0
0
0
0.00179066011487851
0.00358132022972768
0.00358132022972768
0
0.00358132022975701
0
0
0
0
0
-0.00358132022972768
0.00714187918281978
0.00178546979570494
0.00535640938711483
0.00178546979570494
-0.00178546979566363
0.00178546979570494
0.00178546979570494
0.00178546979570494
0.00178546979570494
0.00178546979570494
0.00178546979570494
0.00357093959140989
0.00178546979570494
0.00178546979570494
0.00178546979570494
0.00178546979570494
0.00178546979570494
0
0.00178546979570494
0.00358132022975701
0
0.00358132022975701
0
0.00358132022975701
0.00358132022975701
0.00358132022975701
0.00358132022975701
0.00358132022975701
0.00358132022975701
0
0.00358132022975701
0
0.00358132022975701
0.00358132022975701
0.00358132022975701
0.00358132022975701
0.00358132022975701
0
0
0
0
0
0
0
0
0
0
0
0
0
0
0
0
-0.00358132022972768
0.00358132022975701
0.00358132022975701
0
0
0
0
0
0
0
0
0
0
0
0
0
0
0
0
0
0
0
0
0
0
0
0
0
0
0
0
0
0
0
0
0
0
0
0
0
0
0
0
0
0
0
0
0
0
0
0
0
0
0
0
0
0
0
0
0
0
0
0
0
0
0
0
0
545.570558629469
500
0
0
0
0
0
0.00358132022975701
0
0
0
0
0
0
0
0
0
0
0
0
0
0
0
0
0
0
0
0
0
0
0
0
0
-300.318012308707
0
0
0
0
0
0.0096228005366327
0
0
0
0
0.0096228005366327
0
0
0
0.0096228005366327
0.0096228005366327
0.0096228005366327
0
0
0
0
0
0
0
0
0.0096228005366327
0.0096228005366327
0
0.0096228005366327
0.0096228005366327
0
0.0096228005366327
0.0096228005366327
0.0096228005366327
0.0096228005366327
0.0096228005366327
0.0096228005366327
0
0.0096228005366327
0.0096228005366327
0.0096228005366327
0
0
0
0.0096228005366327
0.0096228005366327
0.202078811269287
0.0653899160384253
0.27665551542819
0.279061215562348
0.141936307915332
0.0096228005366327
0.0096228005366327
0.649134088904871
0.0096228005366327
0.0096228005366327
0.0096228005366327
0.0096228005366327
0
0.0697653038905871
3.12259877413731
0
0.053330350269316
0
0.0096228005366327
0.0096228005366327
0.0914166050980107
0.0096228005366327
0.0096228005366327
0.0096228005366327
-1000
0
-1.1595622861397
288.178156307065
0
0
0
0
-0.0107439606892967
-1000
-1000
0
0
0.987077599363898
-787.173946456281
1000
1000
0
752.111190905894
-1000
-1000
-1000
0
0
1000
0
0
0
0
0
-5.46765522806948
1000
-10.795953846539
0
0
0
208.882561492562
1000
-0.00358132022972768
0
0
-3.60475452082562
443.659799582079
0
0
0
0
1.18367650901996
54.4045728053575
-208.886142812791
1000
-1000
-1000
0
1000
33.3191155261628
0
-1000
0
0
1000
1000
-1000
1000
0
1000
0
0
-1000
1000
1000
1000
0
0
0
0
0
-480.830967381839
0
0
0
0
0
0
0
0
0
0
0
1000
0
0
0
0
0
1000
0
0
0
0
1000
0
0
0
0
0
0
0
0
-1000
1000
-1000
-1000
1000
-1000
-1000
-635.075215184674
-957.510494474745
-1000
-1000
1000
-1000
1000
1000
-1000
-1000
-1000
-1000
1000
-239.313630518798
-1000
-1000
1000
1000
1000
1000
1000
1000
1000
-1000
1000
-1000
-1000
-1000
-1000
-1000
-1000
-1000
26.3249571522886
-1000
-53.4730167454503
-1000
1000
-1000
-1000
-1000
-1000
-950.233183428674
-17.3647707544591
-1000
-1000
1000
1000
1000
-1000
-1000
-1000
-1000
-1000
-1000
-968.835070218366
-1000
-141.516437777381
1000
-1000
-1000
-392.335647569309
-1000
-1000
-1000
-1000
-1000
-1000
231.968698073783
-1000
-982.803681054319
-1000
-1000
1000
-1000
-1000
-1000
-1000
-1000
1000
252.517460800324
1000
-1000
1000
1000
1000
-1000
-1000
1000
1000
1000
1000
-1000
-1000
-1000
-1000
1000
-1000
1000
-1000
1000
1000
693.723548169154
1000
1000
1000
1000
1000
1000
1000
-1000
1000
1000
-1000
-1000
1000
-1000
976.297088287811
1000
-1000
-976.297088287811
0
0
0
0
0
0
0
0
0
0
0
0
0
0
0
0
0
0
0
0
0
0
0
0
0
0
0
0
0
0
0
0
0
0
0
0
0
0
0
0
0
0
0
0
0
0
0
0
0
0
0
0
0
0
0
0
0
0
0
0
0
0
183.086352828327
0
0
0
0
0
0
0
0
0
0
0
0
0
0
0
0
0
0
0
0
0
0
0
0
0
0
0
0
0
0
0
0
0
0
0
0
0
0
0
0
0
0
0
0
0
0
0
0
0
0
0
0
0
0
0
0
0
0
0
0
0
0
0
0
0
0
0
0
0
0
0
0
0
0
0
0
0
0
0
0
0
0
0
0
0
0
0
0
0
0
0
0
0
0
0
0
0
0
0
0
0
0
0
0
0
0
0
0
0
0
0
0
0
0
0
0
0
0
0
0
0
0
0
0
0
0
0
0
0
0
0
0
0
0
0
0
0
0
0
0
0
0
0
0
0
0
0
0
0
0
0
0
0
0
0
0
0
0
0
0
0
0
0
0
0
0
0
0
0
0
0
0
0
0
0
0
0
0
0
0
0
0
0
0
0
0
0
0
0
0
0
0
0
0
0
0
0
0
0
0
0
0
0
0
0
0
0
0
0
0
0
0
0
0
0
0
0
0
0
0
0
0
0
0
0
0
0
0
0
0
0
0
0
0
0
0
0
0
0
0
0
0
0
0
0
0
0
0
0
0
0
0
0
0
0
0
0
0
0
0
0
0
0
-1000
1000
-1000
1000
1000
1000
-1000
1000
-1000
-18.4767982769539
1000
-1000
1000
1000
1000
1000
-1000
-1000
71.0991938170505
1000
1000
-1000
1000
0
-1000
-1000
-1000
-1000
1000
1000
-1000
-1000
-1000
-1000
0
1000
1000
-1000
16.0395143585821
-1000
0
1000
-1000
-1000
-1000
1000
1000
1000
-1000
-1000
-1000
-1000
-1000
-1000
-1000
0
0
0
0
0
0
0
288.178156307065
-288.178156307065
0
0
0
288.178156307065
0
-3.94349205115611
-1000
0
212.826053543719
0
0
0
0
0
0
0
0
0
0
0
858.483562222619
34.3305573487806
0
0
-0.00358132022972768
0.00358132022975701
0
0
-0.00358132022972768
-0.00358132022972768
0
0
0
0
0
0
0
0
0
0
0
0
0
0
0
0
0
0
0
0
0
0
0
0
0
0.00358132022975701
0
0
1000
-1000
1000
-489.475301418552
510.524698581448
0
0
0
0
-0.00358132022972768
0
0
0
0
208.719442736735
0
0
0
0
0
0
0
0
0
0
-1000
0
0
0
0
0.00358132022975701
0
0
0
0
36.3887097470572
0
0
0
0
0
-1000
1000
1000
0
0
0
0
19.1088917819209
0
0
0
0
0
0
0
0
0
0
0
0
0
0.0096228005366327
0
0
0
0
0
0
0
0
0
0
0
0
0
0
0.00358132022975701
0
0
0
0
1000
0
1000
0
0
1.93645964067661
0
0
0
0
0.00535640938711483
1000
0
-1000
0
0
0
0
0
0
0
0
0
0
0
0
0.00358132022972768
1000
-1000
-1000
1000
0
1000
-1000
0
-1000
1000
0
-1000
1000
998.063540359323
68.7276980592567
0
0
0
0
0
999.857793905177
0
0
0
0
0
0
0.00358132022836344
0
1000
0
0
18.4110101163759
0
1000
0
0
-1000
0
0
-1000
0
-1000
1000
0
0
0
0
0
0
0
0
0
0
0
-1000
1000
0
0
0
0
0
0
0
0
0
0
0
0
1000
0
0
0
997.677760371163
0
0
0
0
0
0
0
0
0
0
0.968229820338307
0
0.00358132022975701
-0.00358132022972768
0.00358132022975701
0.00358132022975701
0
0
100.642066097722
-100.642066097722
0.00358132022972768
0
0
0
0.968229820338252
0
0
-0.0107439606892967
-1000
-1000
-2.32223962883666
1000
-1000
-997.28481774254
0
0
-1000
-2.31865830860829
1000
-997.28481774254
0
0
0
0
0
0
0
0
0
0
0
0
0
0
0
0
0
0
0
0
0
0
0
0
999.607057371377
0
0
0
0
0
0
0.00178546979570494
0
1000
0
0
0
0
0
0
0.00358132022975701
-1000
1000
0
0
0
0
0
0
0
0
0
0
-1000
0
250
0
0
0
0
0
0
0
0
0
0
0
750
0
0
0
1000
0
0
0
0
0
0
0
0
0
0
0
0
0
0
0
0
0
0
0
0
0
0
0
0
0
0
0
2.30969203223458
0
0
0
0
0
0
0
0
0
0
0
0
0
0
0
0
0
0
0
0
0
0
0
0
0
0
0
0
0
0
0
0
0
0
0
0
0
0
0
0
0
0
0
0
0
0
0
0
0
0
0
0
0
0
0
0
0
0
0
0
0
0
0
0
0
0
0
0
0
0
0
0
0
0
0
0
0
0
0
0
0
0
0
0
0
0
0
0
0
0
0
0
0
0
0
0
0
0
0
0
0
0
0
0
0
0
0
0
0
0
0
0
0
-999.97588577712
0
0.00178546979566363
0
0.0196505483911551
0
0
-0.024114222880371
0
1000
0
0
0
0
0.00446367448921592
0
0
0
0
0
0
0
0
0
0
0
0
0
0
0
0
0
0
0.00358132022975701
0.00358132022975701
0.00358132022975701
1000
-1000
0
667.774519538637
-1000
0
0
0
0
0
0
-1000
0
0
0
0
0
0
0
0
0
0
1000
-1000
0
935.136974614756
-64.8630253852443
-1000
-1000
-1000
-1000
-1000
-1000
0
0
0
0
0
0
0
0
0
0
-1000
0
1000
0.39226702207382
0.00358132022975701
0.00358132022975701
0.00358132022975701
0.00358132022975701
0.00358132022975701
0
0
0
0
1000
0.526848329380641
0
3.71680670727438
0
0
0
0
0.0096228005366327
0
0
0
0
0
0
0
-1000
0
0
0
0
0
0
1000
-999.990377199463
0
1000
1000
1000
-1000
0
0
0
0
0
0
0
0
0
0
250
0
0
0
0
0
0
0
0
0
0
0
0
0
0
0
0
0
0
0
0
0
0
0
0
0
0
0
0
0
0
0
0
0
0
0
0
0
66.8577363589095
0
0
0
0
0
0
0
0
0
-1000
0
0
0
0
0
0
912.861291824367
846.256497985854
-1000
-1000
-1000
-1000
-1000
0
0.00983046451472432
0
0
0
0
-1000
-1000
0
0
208.719442736735
0
0
0
999.978512078621
3.6487943790133
0
0
0
0
0.575962798264487
0.575962798264487
-1000
0
-999.974100307324
0
0
0
0
0
0
0.363564557044028
0
1000
0
0
0
0
0
0
0
1000
0.00358132022975701
0
0
0
0
0
0
0
0
-1000
-510.524698581448
0
0
1000
0
0
0
1000
0
0
0
-884.460512986059
0
-443.666962222538
0
0
0
-1000
-1000
0
0
0
0
-50.3276351092441
0
1000
50.3180123087075
0
0
-883.320534758343
883.320534758343
0
0
-750
1000
0
0
0
-1000
-1000
0
0
869.432547495142
0
0
0
0
0.00524741268447085
0
0
0
0
0
0
0
0
997.681341691392
0
1000
0
0
0
0
0
0
0
0
1000
0
0
-1000
-970.074613592864
-1000
-29.9253864071362
1000
0
0
0
0
0
0
0
0
-1000
-507.458871910869
0
1000
0.00178546979570494
0.00178546979570494
0
-1000
0
0
449.146504217868
0
0
0
0
0
0
0
0
0
0
0
0
0
0
-1000
0
0
0
0
0
0
0
0
0
0
-0.0196505483911551
0
0
0
0
0
0
0
0
0
0
0
0
0
0
0
0
0
0
0
0
0
0
0
0
0
0
0
0
0
0
0
0
0
0
0
0
0
0
0
0
0
0
0
0
0
0
-1000
0
-1000
0
0
0
0
0
0
-1000
0
0
0
0
0
0
0
0
0
0
0
949.323538371303
0
0
0
0
0
0
0
0
0
0
0
0
0
1000
0
0
0
0
0
0
0
250
-250
-250
0
0
0
0
0
0
0
0
0
50.3180123087074
0
0
0
0
0
0
0
0
0
0
0
0
0
0
0
0
0
0
0
0
0
0
0
0
50.3180123087074
0
0
0
0
0
0
0
0
0
0
0
0
0
0
0
0
0
0
0
0
0
0
0
0
0
0
0
0
0
0
0
0
0
0
0
0
0
0
0
0
0
0
0
0
0
0
0
0
0
0
0
0
0
0
0
0
0
0
0
0
0
0
0
0
0
0
0
0
0
0
0
0
0
0
0
0
0
0
0
0
0
0
0
0
0
0
0
0
0
0
0
0
0
0
0
0
0
0
0
0
0
0
0
0
0
0
0
0
0
0
0
0
0
0
0
0
0
0
0
0
0
0
0
0
0
0
0
0
0
0
0
0
0
0
0
0
0
0
0
0
0
0
0
0
0
0
0
-1000
0
0
0
0
0
0
0
0
0
4.60691575691291
0
0
0
0
0
0
0
0
0
0
0
0
367.594481710706
0
0
0
-96.3899001424682
0
-834.903229423789
1000
-164.933651820384
0
-1000
0
0
-1000
0
0
0
0
278.108434183769
0.0214879213785421
0
0
0
620.624384242858
0
0
0
0
0
0
0
0
0
0
0
0
0
0
0
0
0
0
0
0
0
0
0
0
0
0
0
0
0
0
0
0
0
0
0
0
0
0
0
0
0
0
0
0
0
0
0
0
0
0
0
0
0
0
0
0
0
0
0
0
0
0
0
0
0
0
0
0
0
0
0
0
0
0
0
0
0
0
0
0
0
0
0
0
0
0
0
0
0
0
0
0
0
0
0
0
0
0
0
0
0
0
0
0
0
0
0
0
0
0
0
0
0
0
0
0
0
0
0
0
0
0
0
0
0
0
0
0
0
0
0
0
0
0
0
0
0
0
0
0
0
0
0
0
0
0
0
0
0
0
0
0
0
0
0
0
0
0
0
0
0
0
0
0
0
0
0
0
0
0
0
0
0
0
0
0
0
0
0
0
0
0
0
0
0
0
0
0
0
0
0
0
0
0
0
0
0
0
0
0
0
0
0
0
0
0
0
0
0
0
0
0
0
0
0
0
0
0
0
0
0
0
0
0
0
0
0
0
0
0
0
0
0
0
0
0
0
0
0
0
0
0
0
0
0
0
0
0
0
0
0
0
0
0
0
0
0
0
0
0
0
0
0
0
0
0
0
0
0
0
0
0
0
0
0
0
0
0
0
0
0
0
0
0
0
449.146504217868
0
0
0
0
0
0
0
0
0
0
0
-1000
0
0
0
0
0.00358132022972768
0.426618284470806
-1000
0
0
0
0
0
0
0
0
0
0
0
0
0
0
0
0
0
0
0
0
0
0
0
0
0
0
0
0
0
0
0
0
0
0
0
0
0
0
0
0
0
0
0
0
0
0
0
0
0
0
0
0
0
0
0
0
0
0
0
0
0
0
0
0
0
0
0
0
0
0
0
0
0
0
0
0
0
0
0
0
0
0
0
0
0
0
0
0
0
0
0
0
0
0
0
0
0
0
0
0
0
0
0
0
0
0
0
0
0
0
0
0
0
0
0
0
0
0
0
0
0
0
0
0
0
0
0
0
0
0
0
0
0
0
0
0
0
0
0
0
0
0
0
0
0
0
0
0
0
0
0
0
0
0
0
0
0
1000
0
981.523201723046
1000
0
0
0
0
0
0
0
1000
0.00358132022972768
0
0
-1000
935.146597415292
0
0
0
0
0
0
999.949934181252
0
0
0
0
0
0
0
0
0
0
0
0
0
0
1000
0
0
0
0
0
0
0
0
0
0
0
0
0
0
0
0
0
0
0
0
0
0
0
0
0
0
0
0
0
0
0
0
0
0
0
0
0
0
0
0
0
0
0
0
0
0
0
0
0
0
0
0
0
0
0
0
0
0
0
0
0
0
0
0
0
0
0
0
0
0
0
0
0
0
0
0
0
0
0
0
0
0
0
0
0
0
0
0
0
0
0
0
0
0
0
0
0
0
0
0
0
0
0
0
0
0
0
0
0
0
0
0
0
0
0
0
0
0
0
0
0
0
0
0
0
0
0
0
0
0
0
0
0
0
0
0
0
0
0
0
0
0
0
0
0
0
0
0
0
0
0
0
0
0
0
0
0
0
0
500
86.5053195593481
-24.0570013415818
0
0
0
-0.968229820338252
0
0
461.722143148021
19.1349766865278
41.8253220069448
0.103806383471218
86.5053195593481
0
0
0
0
0
0
0
0
0
0
0
0
0
0
0
0
0
0
0
1000
-1000
0
0
-1000
981.585408563394
0
1000
0
-462.564504586406
0
0
0
-436.797010636102
0
500
250
0
0
0
0
0
0
999.983027656303
0.0116159343103743
0.00358132022975701
0
0
0
0
0
0
0
0
0
0
0
0
0
0
0
0
300.318012308707
0
0
0
0
1.18367650901996
-4.60691575691294
-0.202078811269303
-10.6276456365916
-20.8347370116132
-42.4895055252555
-33.3191155261628
-10.4049852693117
-17.1963189456812
-26.3249571522886
-4.56670232485749
-31.1649297816341
-1000
-1000
0
0
0
0
-1000
-56.2272776904706
-17.3647707544591
-27.1480595931617
-13.2038302815266
989.785456191698
-23.702911712189
-322.43527929007
976.155210913202
967.597954183133
0
-367.594481710706
-1000
-980.891108218079
0
1000
532.802662658656
0
1000
-1000
0
0
0
-10.795953846539
0
0
1000
0
0
-532.802662658656
0
0
0
0
0
0
0
0
-0.00358132022972768
-0.00358132022972768
0
0
0
0
0
0
0
0
0
0
0
0
0
0
0
0
928.90080618295
0
87.1387081756325
0
0
-1000
1000
208.719442736735
-0.00358132022972768
-0.00358132022972768
-0.987077599363943
489.482464059012
0
0
-0.00358132022972768
0
-0.00358132022972768
0
0
-266.401331329328
-0.00358132022972768
0
0
0
-0.00358132022972768
0
0
0
0
0
1000
0
0
0
0
0
981.523201723046
0
0
0
0
0
-0.0107439606892967
0
0
0
0
0
0
0
-732.769373650924
0
0
0
-1000
0
1000
0
0
-0.00358132022972768
-1000
0
0
0
-1000
0
0
0
0
0
0
0
0
0
36.3887097470572
-3.60475452082562
0
-1000
-3.94349205115611
266.401331329328
0
0
212.826053543718
0
0
0
2.4372839183718
0
0
0
0
0
0
-1000
0
0
0
0
1000
1000
1000
0
0
752.111190905894
-212.826053543719
288.178156307065
0
-288.178156307065
0
0
0
0
0
0
-1000
-1000
0
0
0
0
0
-1000
0
0
0
510.524698581448
208.882561492562
-208.886142812791
0
0
0
0
0
0
-1000
-1000
1000
-5.46765522806948
0
0
0
0
0
0
0
0
0
0
1000
0
-0.0533303502693343
-0.00962280053659015
0
-480.830967381839
-0.14193630791533
-0.649134088904816
-0.0914166050980612
-3.12259877413726
-0.27665551542816
0
0
0
0
0
-0.00962280053659015
-1000
-0.00962280053659015
-0.00962280053659015
0
-0.0697653038905628
0
-0.00962280053659015
0
0
0
-3.64879437901334
0
0
-0.363564557044015
-0.00962280053659015
-0.0653899160383844
0
-0.00962280053659015
-0.00962280053659015
-0.00962280053659015
-0.00962280053659015
-0.279061215562365
0
0
0
0
0
-443.666962222538
443.666962222538
0
0
-1000
1000
-0.00358132022972768
0
750
-750
0
0
0
-1000
0
0
0
0
0
0
0
0
0
0
0
0
0
0
0
0
0
0
-1000
1000
1000
-1000
-1000
0
-1000
-1000
-0.00962280053659015
-0.00962280053659015
0
0
0
0
1000
-165.096770576211
164.933651820384
278.108434183769
0.0214879213785935
0
0
0
620.624384242858
0
1000
-1000
0
0
0
0
0
0
0
0
0
0
0
0
0
0
0
0
0
0
0
0
0
0
0
0
0
0
0
0
0
0
0
0
0
0
0
0
0
0
0
0
0
0
0
0
0
0
0
0
0
0
0
0
0
0
0
0
0
0
0
0
0
0
0
0
0
0
0
0
0
-0.00962280053659015
0
0
0
0
0
0
0
0
0
0
0
0
0
0
0
0
0
0
0
0
0
0
0
0
0
0
0
0
0
0
0
0
0
0
0
0
0
0
0
0
0
0
0
0
0
0
0
0
0
0
0
0
0
0
0
0
0
0
0
0
0
0
0
0
0
0
0
0
0
0
0
0
0
0
0
0
0
0
0
0
0
0
0
0
0
0
0
0
0
0
0
0
0
0
0
0
0
0
0
0
0
0
0
0
0
0
0
0
0
0
0
0
0
0
0
0
0
0
0
0
0
0
0
0
0
0
0
0
0
0
0
0
0
0
0
0
0
0
0
0
0
0
0
0
0
0
0
0
0
0
0
0
0
0
0
0
0
0
0
0
0
0
0
0
0
0
0
0
0
0
0
0
0
0
0
0
0
0
0
0
0
0
0
0
0
0
0
0
0
0
0
0
0
0
0
0
0
0
0
0
0
0
0
0
0
0
0
0
0
0
0
0
0
0
0
0
0
0
0
0
0
0
0
0
0
0
0
0
0
0
0
0
0
0
0
0
0
0
0
0
0
0
0
0
0
0
0
0
0
0
0
0
0
0
0
0
0
-981.523201723046
556.333037777462
1000
0
0
-0.426618284470806
0
0
0
0
0
0
0
0
0
0
0
0
0
0
0
0
0
0
999.949934181252
0
0
0
0
0
1000
0
-935.146597415292
0
-1000
-0.00358132022972768
0
0
0
0
0
0
0
0
998.84043771386
0
0
0
0
0
-1000
0
0
0
0
0
0
0
0
0
0
0
0
0
0
0
0
0
0
0
0
0
0
0
0
0
0
0
0
0
0
0
0
0
0
0
0
0
0
0
0
0
0
0
0
0
0
0
0
0
0
0
0
0
0
0
0
0
0
0
0
0
0
0
-0.00962280053659015
-0.00962280053659015
-0.00962280053659015
-0.00962280053659015
0
-0.00962280053659015
0
0
-0.00962280053659015
-0.00962280053659015
-0.00962280053659015
-0.00962280053659015
0
-0.00962280053659015
-0.00962280053659015
-0.00962280053659015
-0.00962280053659015
-0.00962280053659015
-0.00962280053659015
-0.00962280053659015
0
-0.00962280053659015
-0.00962280053659015
-0.00962280053659015
-1000
86.5053195593482
0
0
0
0
0
0
0
0
0
0
0
