0
0
0
0
0
0
0
248.308264400532
-1000
0
924.362878972511
0
0
251.790592745514
0
0
999.729904421142
-999.729904421142
999.938010850754
0
0.0619891492459934
0
-1000
0.389646080974785
0
1000
-254.387435335692
0
-300.290533674851
0.0132311896632606
0
0
0
0
0
262.701903366187
0
0
0
37.1989842276887
0
0
0
0
0
0
0
0
0
0
0
0
0
0
0
0
0
0
0
0
0
0
0
0
0
0
0
0
300.290533674851
0
0
0
0
1000
1000
0
0
0
300.290533674851
0
-1000
0
0
0
0
0
0
0
0
0
0
0
0
0
0
0
0
0
0
0
0
0
0
0
0
0
75.6371210274888
0
0
0
0
0
0
250.083810746793
0
0
0
0
0
0
0
0
0
0
0
0
0
0
0
0
0
1000
0
0
1000
0
0
0
0
0
0
1000
0
0
0
-15.5191524751473
0
0
0
0
-500.870847736174
0
0
0.00946183911965731
-519.818145192285
0
0
493.388047874072
1000
1000
506.603096533179
0
0
0
-1000
506.603096533179
758.393689278692
1000
-748.209407254486
0
519.818145192285
1000
0
0
0.00946183911969456
0
0
1000
672.333118760974
0
0
0
0
0
-4.17031108666902
0
0
0
0
0
0
0
748.199040529369
-1000
0
0
0
0
0
0
0
0
0
0
0
0
0
0
-4.1747388830438
0
-999.995572203625
0
0
0
0
0
0
0
0
0
0
1000
0
0
0
-1000
998.279551558369
0
0
0.489026528251743
0.49788212100117
0
0
0.733539792377614
0
-251.721341556088
0
0
999.920382085456
-0.079617914543519
0
-999.920382085456
0
0
0
0
0
0
0
0
0
0
-1000
0
-1000
1000
-236.364837201711
-1000
1000
1000
999.575159577251
-1000
-500.381891713695
-1.0250069294558
1000
0
0
766.089151032297
1000
-1000
-1000
1000
0
0
1000
0
0.190395244112694
0
-0.190395244112665
0
0.00189016995189438
0
0
0
1000
2.791130815137
0
0
0
232.907213596467
0
497.213981526801
0
0
0
0
0
0
287.001911677519
0
1000
0
0
0
1000
0
-0.190395244112665
0
-0.733539792377655
0
0
0.733539792377655
0
0
0
0
0
0
0
0
-233.177309175325
0
0
0
421.236435444119
0.733539792377655
0
1000
-1.0250069294558
0
958.141352462594
0.00379132926399492
0
0
0
0
0
0
0
0
0
0
0
0
712.998088322481
0
0
0
2.44513264125871
0
10.2933673736884
0
0
0
0
0
0
0
0
581.727379429632
-1000
1000
-497.215871696753
-1000
1000
1000
-1000
-1000
-1000
1000
-1000
1000
1000
0
0
-1000
0
0
0
0
-1000
0
0
-1000
-1000
1000
1000
0
0.00885559274945535
1000
-1000
0
0
0
0
0
0
1.02500692945578
-999.935813894497
1000
1000
0
1000
-1000
-1000
-1000
-1000
-1000
1000
1000
1000
-1000
1000
0.00885559274945535
-1000
-1000
-1000
572.43649262858
-1000
-1000
0
1000
1000
0
0
0
-1000
1000
0
0
0
251.721341556088
0
0
0
-0.064452597487616
1000
0
0
0
-31.1975847368223
0
0
0
5.02652831548763
0
0
0
0
0
0
0
0
0
0
0
0.00379132926397418
0
999.969669365888
-999.969669365888
0
0
0
0
0
0
0
0
0
0
0
0
0
1000
0
0
0
0
0
0
0
0
0
0
0
0
0
0
0
0
0
0
0
0
0
0
0
0
0
0
0
0
0
0
-1000
-0.00379132926400416
0.110694909367794
0.110694909367794
0
-70.9254882236845
0
0
0
0
0
0
0
0
0
773.034174908772
0.0303306341117935
0
0
0
0
0
0
0
0
0
0
0
0
0
0
0
0
0
0
0
0
0
0
0
0
0
0
0
0
0
0
0
0
0
0
0
0
0
0
0.172684058615502
0
0
41.8624388666702
-1000
0
669.923935064222
0
669.923935064222
0
0
1000
0
0
0
0
0
0
0
0
0
0
0
0
0
0
0
0
0
0
0
0
0
0
0
0
0
0
0
0
312.702749497816
0
0
0.172684058615502
0
0
0
0
0
0
0
0
0
749.181175055005
0
0
0
0
0
0
0
0
0
0
0
0
0
0
0
0
0
0
0
0
0
0
0
0
0
0
0
0
0
0
0
0
0
0
0
0
0
0
0
0
0
0
0
0
0
0
0
0
0
0
0
0
0
0
0
0
0
0
0
0
0
0
0
0
0
0
0
0
0
0
0
0
1000
0
0.00442779637471381
0
5.02652831548763
0
0
0.8014311438232
0.8014311438232
0
0
0
0
0
0
0
0
0
0
0
0
0
0
0
0
0
0
0
0
0
0
0
0
0
0
0
0
1000
0
0
0
0.00379132926400416
0
0
-1000
0
0
0
0
264.970219033623
0
0
264.970219033623
0
0
0
0
0
0
0
0
0
264.970219033623
0
264.970219033623
0
0
0
13.7352120892654
39.1526864181551
25.0264362622914
18.3299093717955
27.1771456285821
8.94499577343619
20.9205365630092
38.272850768309
35.2423057521721
11.1445848980517
21.6048531795563
44.5294598338818
35.1445462355225
10.8513063481029
17.987751063522
24.9286767456418
32.3095202526848
26.1506707037615
4.79021631582922
32.6027988026336
0
0
0
0
0
0
0
0
0
0
0
0
0
0
0
0
0
0
0
0
0
0
0
0
0
0
0
0
0
0
0
0
0
0
0
0
0
0
0
0
0
0
0
0
0
0
0
0
0
0
0
0
0
0
0
0
0
0
0
0
0
0
0
0
0
0
0
0
0
0
0
0
0
0
0
0
0
0
0
0
0
0
0
0
0
0
246.637636060909
0
0
0
0
0
0
0
-1000
0
0
209.416012215772
0
0
773.034174908772
-1000
-1000
0
0
0
0
0
0
374.446717437351
0
0
-31.1975847368223
-374.60611810684
-374.60611810684
-1000
0
-343.629856604701
0
-343.753834903193
1000
374.4555730301
1000
1000
0
-374.446717437351
1000
0
-1000
-1000
-1000
0
656.400474029411
0
0
0
343.629856604701
0
0
0
0
0
0
0
0
0
0
0
1000
328.695679497745
1000
1000
0
500
0
0
5
0
0
248.29368301705
0
-248.29368301705
0
343.632113051493
0
0
0
0
-0.00153488247190126
0
0
0
0
-0.00153488247190126
654.131525700115
327.621385287858
0
-0.00306976494368882
0
-0.00153488247190126
-0.578474421817987
0
-0.0959301544907021
0.592848354752573
-1000
0
0.00153488247190126
-0.00153488247190126
-0.00153488247190126
0.00153488247190126
-0.00153488247190126
0.00153488247190126
-0.00153488247190126
-0.00153488247190126
-0.00153488247190126
-0.00153488247190126
-0.00153488247190126
-0.00153488247190126
-0.00153488247190126
-0.00153488247190126
-0.00153488247190126
-0.00153488247190126
-0.00153488247190126
-0.0322325319089032
-0.0105367267550491
-0.0441278710657116
-0.0445115916836585
-0.0226395164597761
0.00153488247190126
0.00153488247190126
-0.110465661057674
0.00153488247190126
0.00153488247190126
0.00153488247190126
0.00153488247190126
-0.745952881319795
0
-0.0824999328619924
-0.415569429253765
-0.0015807593874797
0.00153488247190126
0.0161162659544516
0
0.00153488247190126
0.00153488247190126
-0.00153488247190126
0
0
0
0
0
0
0
0
0
0
0
0
0
0
0
0
0
0
0
0
0
0
0
0
0
0
0
0
0
0
0
0
0
0
0
0
0.000943711305922079
0
0
0
0
0
0
0
0
0
0
0
0
0
0
0
0
0
0
0
0
0
0
0
0
0
0
0
0
0
0
0
0
0
0
0
0
0
0
0
1000
0
0
0
0
0
0
0
0
0
0
0
0
0
0
0
0
0
0
0
0
0
0
0
0
0
0
0
0
0
0
0
0
0
0
0
0
0
0
0
0
0
0
0
0
0
0
0
0
0
0
0
0
0
0
0
0
0
0
0
0
0
0
0
0
0
0
0
0
0
0
0
0
0
0
0
0
0
0
0
0
0
0
0
0
0
0
0
0
0
0
0
0
0
0
0
0
0
0
0
0
0
0.00153488247185132
343.635182816437
0.00153488247185132
0.0840348153338598
0.00153488247185132
0.00153488247185132
0
0
0
0.00153488247185132
0
0
0.00153488247185132
0
0
0
0
0
0
0
0
0
0
0
0
0
0
0
0
0
0
0
0
0
0
0
0
0
0
0
0
0
0
0
0
0
0
0
0
0
0
0
0
0
0
0
0
0
0
0
0
0
0
0
0
0
0
0
0
0
0
0
0
0
0
0
0
0
0
0
0
0
0
0
0
0
0
0
0
0
0
0
0
0
0
0
0
0
0
0
0
0
0
0
0
0
0
0
0
0
0
0
0
0
0
-0.0145813834825503
0
0
0
0
0
0
0
0
0
0
0
0
0
0
0
0
0
0
0
0
0
0
0
0
0
0
0
0
0
0
0
0
0
0
0
0
0
0
0
0
0
0
0
0
0
0
0
0
0
0
0
0
0
0
0
0
0
0
0
0
0
0
0
0
0
0
0
0
0
0
0
0
0
0
0
0
0
0
0
0
0
0
0
0
0
0
0
0
0
0
0
0
0
0
0
0
1000
0
0
0
0
0
0
0
0
0
0
0
0
0
0
0
0
0
0
0
0
0
0
0
0
0
0
0
0
0
0
0
0
0
0
0
0
0
0
0
0
0
0
0
0
0
0
0
0
0
0
0
0
0
0
0
0
0
0
0
0
0
0
0
0
0
0
0
0
0
0
0
0
0
0
0
0
0
0
0
0
0
0
0
0
0
0
0
0
0
0
0
0
0
0
0
0
0
0
0
0
0
0
0
1000
1000
0
0
0
0
0
0
0
0
0
0
0
0
0
0
0
0
0
0
0
0
0
0
-1000
0
-1000
0
0
0
0
0
0
0
0
0
0
0
1000
1000
0
0
0
0
0
0
0
0
0
0
0
0
0
0
0
0
0
0
0
0
0
0
0
0
0
0
0
0
0
0
0
0
0
0
0
0
0
0
0
0
0
0
0
0
0
0
0
0
0
0
0
0
0
0
0
0
0
0
0
0
0
0
0
0
0
0
0
0
0
0
0
0
0
0
0
0
0
0
0
0
0
0
0
0
0
751.70631698295
311.536532051814
0
0
0.00153488247190126
0
1000
0
343.633647933965
0
0
656.31071257643
0
327.621385287858
0
0
0
0.000943711305922079
0
0
-1000
999.998465117528
0
0
0
0
0
0
0
0
0
0
0
0
0
327.644133263442
0.000943711305922079
0
0
0
0.00379132926400416
0
0
0
0
0
0
0
-0.00379132926400416
0
0
0
0
0
343.632113051493
-1000
1000
-343.632113051493
-343.632113051493
0
-1000
1000
-0.0227479755837976
0
0
0.00153488247190126
-0.00153488247190126
0
0
343.68928742357
-343.68928742357
1000
0
-343.633647933965
-343.633647933965
0
0
-1000
0
-343.68928742357
-656.31071257643
-1000
0
-672.378614712142
-327.621385287858
-1000
0
0
0
0
0
-1000
0
0
0
0
0
-1000
1000
-1000
0
0
0
-1000
0
0
0
-1000
0
0
0
0
0
0
0
0
0
0
0
0
0
0
0
0
0
0
0
327.644133263442
-327.644133263442
-1000
0
-1000
0
-1000
0
-1000
0
0
0
0
0
0
0
0
0
-1000
0
1000
0
-1000
0
-1000
0
-1000
0
-1000
0
0
0
0
0
0
0
0
0
0
-751.691735599468
-248.308264400532
0
0
0
0
0
0
0
0
0
0
0
0
0
0
0
0
0
0
0
0
0
0
0
0
0
0
0
0
0
0
0
0
0
0
0.000943711305922079
-0.000943711305922079
0
0
0
0
0
0
0
0
0
0
0
0
0
0
0
0
0
0
0
0
0
0
0
0
0
0
0
0
0
0
0
0
0
0
0
0
0.000943711305922079
-0.000943711305922079
0
0
0
0
0
0
-0.00379132926400416
-0.00379132926400416
0
0
0
0
0
0
0
0
0
0
0
0
0
0
0
0
0.00379132926400416
0.00379132926400416
0
0
0
0
0
0
0
0
0
0
0
0
0
0
0
0
0
0
0
0
0
0
0
0
0
0
0
0
0
0
0
0
0
0
0
0
0
0
0
0
0
0
0
0
1.24175740663318
0.00379132926397418
0
0
0
0
0
0
0
0
0.156239396876354
0
0
0
0
0
0
0
0
0
0
0
0
0
0
0
0
0
0
0
0
0
0
0
0
0
0
0
0
0
0
0
0
0
0
0
0
0
0
0
0
0
0
0
0
0
0
0
0
0
0
0
0
0
0
0
0
0
0
0
0
0
0
0
0
0
0
0
0
0
0
0
0
0
0
0
0
0
0
0
0
0
0
0
0
0
0
0
0
0
0
0
0
0
0
0
0
0
0
0
0
0
0
0
0
0
0
343.68928742357
343.68928742357
343.68928742357
0
0
0
0
0
343.632113051493
343.632113051493
343.632113051493
0
0
0
0
0
0
0
0
0
0
0
0
0
0
0
0
0
0
0
0
0
0
0
0
0
0
0
0
0
0
0
0
0
0
0
0
0
0
0
0
0
0
0
0
0
0
0
0
0
0
0
0
0
0
0
0
0
0
0
0
0
0
0
0
0
0
0
0
0
0
0
0
0
0
0
0
0
0
0
0
0
0
0
0
0
343.633647933965
343.633647933965
343.633647933965
343.633647933965
-343.633647933965
0
0
0
0
0
0
0
0
0
0
0
0
0
0
0
0
0
0
0
0
0
0
0
0
0
0
0
0
0
0
0
0
0
0
0
0
0
0
0
0
0
0
0
0
0
0
0
0
0
0
0
0
0
0
0
0
0
0
0
0
0
0
0
0
0
0
0
0
0
0
0
0
0
0
0
0
0
0
0
0
0
0
0.00379132926397418
0.00379132926397418
0.00379132926397418
0.00379132926397418
0.00379132926397418
0
0
0
0
0
0
0
0
0
0
0
0
0
0
0
0
0
0
0
0
0
0
0
0
0
0
0
0
0
0
0
0
0
0
0
0
0
0
0
0
0
0
15.5191524751473
15.5191524751473
-15.5191524751473
5.16420439009982
-2.58020653041797
2.58020653041792
2.58020653041792
2.58020653041792
2.58020653041792
2.58020653041792
2.58020653041792
2.58020653041792
2.58020653041792
2.58020653041792
2.58020653041792
0
2.58020653041792
2.58020653041797
2.58020653041792
2.58020653041792
2.58020653041792
2.58020653041792
2.58020653041792
2.58020653041792
0
0
0
2.58020653041792
0
2.58020653041792
2.57264585061035
0
0
0
0
0
0
0
0
0
0
0
0
0
0
0
0
15.5191524751473
15.5191524751473
5.16420439009982
5.16420439009982
0
0
0
0
0
0
0
0
0
0
0
0
0
0
0
0
0
0
0
0
0
0
0
0
0
0
0
0
0
0
0
0
0
0
0
0
0
0
0
0
0
0
0
0
0
0
0
0
0
0
0
0
0
0
0
0
0
0
0
0
0
0
0
0
0
0
0
0
0
0
0
0
0
0
0
0
0
0
0
0
0
0
0
0
0
0
0
0
0
0
0
0
0
0
0
0
0
0
0
0
0
0
0
0
0
0
0
0
0
0
0
0
0
0
0
0
0
0
0
0
0
0
0
0
0
0
0
0
0
0
0
0
0
0
0
0
0
0
0
0
0
0
0
0
0
0
0
0
0
0
0
0
0
0
0
0
0
0
0
0
0
0
0
0
0
0
0
0
0
0
0
0
0
0
0
0
0
0
0
0
0
0
0
0
0
0
0
0
0
0
0
0
1.24175740663318
1.24175740663318
1.24175740663318
0
0.0264953474070776
0.0264953474070776
0
-1.2682527540403
1.26825275404026
0.0264953474070776
0
0
0
0
0
0
0.0264953474070776
0
0.0264953474070776
0.0264953474070776
0
0
0
0
0
0
0
0
0
0
0
0
0
0
0
0
0
0
0
0
0
0
0
0
0
0
0
0
0
0
0
0
0
0
0
0
0
0
0
0
0
0
0
0
0
0
0
0
0
0
0
0
0
0
0
0
0
0
0
0
0
0
0
0
0
0
0
0
0
0
0
0
0
0
0
0
0
0
0
0
0
0
0
0
0
0
0
0
0
0
0
0
0
0
0
0
0
0
0
0
0
0
0
0
0
0
0
0
0
0
0
0
0
0
0
0
0
1.24175740663318
0.00379132926397418
0
0
0
0
0
0
0
1.63474425310437
0
0
0
1.02500692945578
1.02500692945578
1.02500692945578
0
0
0
0
0
0
1.40178813277351
0
0
0
0.00379132926397418
0
0
0
0
-1.4017881327735
1.40178813277351
0
0
0
0
0
176.439899734432
0
176.055015709537
0
0
0.255660138473962
0
0.232956120330858
0
0
0
0
0
0
0
0
0
0
187.868929568403
187.868929568403
187.868929568403
0
0
0
0
-0.156239396876344
0
0
0
0
0
0
0
0
0
0
0
0
0
0
0
0
0
0
0
0
0
0
0
0
0
0
0
0
0
0
0
0
0
0
0
0
0
0
0
0
0
0
0
0
0
0
0
0
0
0
0
0
0
0
0
0
0
0
0
0
0
0
0
0
0
0
0
0
0
0
0
0
0
0
0
0
0
0
0
0
0
0
0
0
0
0
0
0
0
0
0
0
0
0
0
0
0
0
0
0
0
0
0
0
0
0
0
0
0
0
0
0
0
0
0
0
1000
0
0
1000
1000
0
0
0
0
0
0
0
0
0
0
0
0
0
0
0
0
0
0
0
0
0
0
0
0
0
0
0
0
0
0
0
0
0
0
0
0
0
0
0
0
0
0
0
0
0
0
0
0
0
0
0
0
0
0
0
0
0
0
0
0
0
0
0
0
0
0
0
0
0
0
0
0
0
0
0
0
0
0
0
0
0
0
0
0
0
0
0
0
0
0
0
0
0
0
0
0
0
0
0
0
0
0
0
0
0
0
0
0
0
0
0
0
0
0
0
0
0
0
0
0
0
0
0
0
0
0
0
0
0
0
0
0
0
0
0
0
0
0
0
0
0
0
0
0
0
0
0
0
0
0
0
0
0
0
0
0
0
0
0
0
0
0
0
0
0
0
0
0
0
0
0
0
0
0
0
0
0
0
0
0
0
0
0
0
0
0
0
0
0
0
0
0
0
0
0
0
0
0
0
0
0
0
0
0
0
0
0
0
0
0
0
0
0
0
0
0
0
0
0
0
0
0
0
0
0
0
0
0
0
0
0
0
0
0
0
0
0
0
0
0
0
0
0
0
0
0
0
0
0
0
0
0
0
0
0
0
0
0
0
0
0
0
0
0
0
0
0
0
0
0
0
0
0
0
0
0
0
0
0
0
0
0
0
0
0
0
0
0
0
0
0
0
0
0
0
0
0
0
0
0
0
0
0
0
0
0
0
0
0
0
0
0
0
0
1000
0
0
0
0
504.943195997201
0
0
0
0
0
0
0
0
0
0
0
0
0
0
0
0
0
0
0
0
0
0
0
0
0
0
0
0
0
0
0
0
0
0
0
0
0
0
0
0
0
0
0
0
0
0
0
0
0
0
0
0
0
0
0
0
0
0
0
0
0
0
0
0
0
0
0
0
0
0
0
0
0
0
0
0
0.172684058615502
0.172684058615502
0
0
0
0
0.172684058615459
0.172684058615502
0
-246.637636060909
0
0
0
0
0.0265667782503556
0
0
0
0
0
0
0
246.637636060909
0
0
0
0
0
1.04495994443187
0
0
0
0
0
0
1.04495994443187
1.04495994443187
1.04495994443187
1.04495994443187
0
0
0
0
0
0
0
0
0
0
0
0
0
0
0
0
0
0
0
0
0
0
0
0
0
0
0
0
0
0
0
0
0
0
0
0
0
179.705405884587
179.705405884587
0
0
0
0
0
0
0
0
0
0
0
0
0
0
0
0
0
0
0
0
0
0
0
0
0
0
0
0
0
0
0
0
0
0
0
0
0
0
0
0
0
0
0
0
0
0
0
0
1000
925.546824691638
-1000
0
0
0
-1000
823.440311483171
1000
0
757.255920220895
0
0
-1000
924.813284899261
0
0
0
0
0
0
0
0
0
0
0
0
0
0
0
0
0
0
0
0
0
0
0
0
0
0
0
0
0
0
0
0
0
0
0
0
0
0
0
0
-823.440311483171
0
0
0
0
0
0
0
0
0
0
0
0
0
0
0
0
0
-999.996208670736
-1000
1000
-1000
1000
999.996208670736
-1000
0
0
0
0
0
0
0.00379132926400416
0
0
0
0
0
0
0
0.0151653170558967
0.00379132926397418
0.00379132926397418
0.00379132926397418
0.00379132926397418
0
0.00379132926397418
0
0
0
0
0
0
0
0.0151323489753404
0
0.00379132926397418
0.0227040181431034
1000
0.00189016995189438
0.00189016995189438
0.00379132926400416
0
0.0132421790234461
0.00189016995189438
0.0283855173589297
-0.00189016995193469
0.00189016995189438
0.00189016995189438
0.00189016995189438
0.00189016995189438
0.00189016995189438
-0.00189016995193469
-0.0037803399037557
-0.00568149921582517
0.00189016995189438
0.00189016995189438
0.00189016995193469
0.00189016995189438
-0.00568149921582517
-0.00189016995193469
0.00379132926400416
0.00189016995189438
0.00189016995189438
0.00379132926397418
0.00379132926397418
-0.00379132926400416
-0.00379132926400416
0.00379132926400416
0.00379132926400416
0.00189016995189438
0.00189016995189438
0.00189016995189438
0.00189016995189438
0.0416496751028035
-0.00568149921582517
-999.973504652593
0
0
0
0
0
0
-958.13756113333
0
0
0
0.00379132926397418
0
0
0
0
0.00189566463198709
0.00379132926400416
0.00379132926400416
0
0
0.00379132926397418
0.00379132926397418
0
0
0
0
0.0075606798075775
0.00189016995189438
0.00567050985568313
0.00189016995189438
-0.00189016995193469
0.00189016995189438
0.00189016995189438
0.00189016995189438
0.00189016995189438
0.00189016995189438
0.00189016995189438
0.00378033990378875
0.00189016995189438
0.00189016995189438
0.00189016995189438
0.00189016995189438
0.00189016995189438
0
0.00189016995189438
0.00379132926397418
0.00379132926397418
0.00379132926397418
0.00379132926397418
0.00379132926397418
0.00379132926397418
0.00379132926397418
0.00379132926397418
0.00379132926397418
0.00379132926397418
0.00379132926397418
0.00379132926397418
0.00379132926397418
0.00379132926397418
0
0
0
0
0
0
0
0
0
0
0
0
-0.00379132926400416
0.00379132926397418
0.00379132926397418
0
0
0
0
0
0
0
0
0
0
0
0
0
0
0
0
0
0
0
0
0
0
0
0
0
0
0
0
0
0
0
0
0
0
0
0
0
0
0
0
0
0
0
0
0
0
0
0
0
0
0
0
0
0
0
0
0
0
0
0
0
0
1000
124.154132200266
773.034174908772
0
0
0
0
0.00379132926397418
0
0
0
0
0
0
0
0
0
0
0
0
0
0
0
0
0
0
0
0
0
0
0
-1000
0
248.29368301705
0
-343.632113051493
0
0
0
0
0
0.00153488247185132
0
0
0
0
0
0
0
0
0
0.00153488247185132
0
0
654.131525700115
0
0
0
0
0.00306976494370264
0
0
0
0.00153488247185132
0
0.57847442181795
0
0
0
0.0959301544907075
0
0.592848354752573
0
0
0
0
0
0.00153488247185132
0
0.00153488247185132
0
0.00153488247185132
0
0.00153488247185132
0
0.00153488247185132
0
0.00153488247185132
0
0.00153488247185132
0
0.00153488247185132
0
0.00153488247185132
0
0.00153488247185132
0
0.00153488247185132
0
0.00153488247185132
0
0.00153488247185132
0
0.00153488247185132
0
0.00153488247185132
0
0.00153488247185132
0
0.00153488247185132
0
0.0322325319088777
0
0.0105367267549948
0
0.0441278710657255
0
0.0445115916836883
0
0.022639516459807
0
0.00153488247185132
0
0.00153488247185132
0
0.110465661057641
0
0.00153488247185132
0
0.00153488247185132
0
0.00153488247185132
0
0.00153488247185132
0
0.745952881319742
0
0
0
0.0824999328620085
0
0.415569429253745
0
0.00158075938750544
0
0.00153488247185132
0
0.0161162659544389
0
0
0
0.00153488247185132
0
0.00153488247185132
0
0.00153488247185132
0
0
-1000
0
0
0
0
0
0
0
0
0
-1000
-1000
-1000
0
1.04495994443187
-1000
1000
999.920382085456
0
178.303617751813
-210.212069849282
-1000
-1000
0
0
1000
0
0
0
0
0
491.421911031867
1000
176.439899734431
0
0
0
-287.001911677519
744.103919560869
-0.00379132926400416
0
0
-3.81613774459277
0
712.998088322481
0
0
0
0.0132311896633155
748.274867114648
287.001911677519
-1000
251.721341556088
-1000
0
1000
1000
1000
-1000
0
0
1000
0
-1000
-1000
0
1000
0
0
-15.9758513512119
1000
1000
0.0303306341118059
0
0
0
0
0
-773.034174908772
-1000
0
0
0
0
0
0
0
0
0
0
0
1000
0
0
0
0
0
0
793.813351533948
0
0
0
1000
0
0
0
0
0
0
0
0
0
-1000
-1000
-1000
-1000
1000
-232.614111859112
102.60609147498
-1000
-1000
-1000
-1000
-1000
1000
-1000
-977.943511590223
-494.628359735053
1000
-1000
-682.290072163992
1000
1000
-1000
-1000
-863.850400195879
-1000
1000
1000
1000
1000
1000
1000
1000
-1000
-785.301135416377
-1000
-1000
-1000
-1000
-1000
-1000
-1000
1000
-1000
-1000
-1000
-1000
-1000
-1000
-1000
-1000
-211.93098529708
-1000
-1000
1000
-1000
-1000
-29.3981777422593
-1000
-1000
-1000
-18.3830429282921
-1000
-1000
-1000
-1000
1000
-1000
-1000
-1000
-1000
-1000
-1000
-1000
1000
1000
-1000
-1000
-1000
-1000
-1000
-1000
-1000
1000
-1000
-1000
955.018904935897
-1000
1000
-1000
-1000
1000
1000
-10.8135258435648
-1000
1000
1000
1000
1000
-1000
-1000
-1000
-1000
-1000
-1000
1000
1000
-972.131344302849
1000
1000
1000
1000
1000
1000
1000
1000
1000
-1000
-1000
-1000
-36.343705218957
-1000
-1000
-928.383342450654
1000
11.2508520110448
-1000
-1000
-1000
0
0
0
0
0
0
0
0
0
0
0
0
0
0
0
0
0
0
0
0
0
0
0
0
0
0
0
0
0
0
0
0
0
0
0
0
0
0
0
0
0
0
0
0
0
0
0
0
0
0
0
0
0
0
0
0
0
0
0
0
0
0
0
0
0
0
0
0
0
0
0
0
0
0
0
0
0
0
0
0
0
0
0
0
0
0
0
0
0
0
0
0
0
0
0
0
0
0
0
0
0
0
0
0
0
0
0
0
0
0
0
0
0
0
0
0
0
0
0
0
0
0
0
0
0
0
0
0
0
0
0
0
0
0
0
0
0
0
0
0
0
0
0
0
0
0
0
0
0
0
0
0
0
0
0
0
0
0
0
0
0
0
0
0
0
0
0
0
0
0
0
0
0
0
0
0
0
0
0
0
0
0
0
0
0
0
0
228.947578829477
0
0
0
0
0
0
0
1000
0
0
0
0
0
0
0
0
0
0
0
0
0
0
0
0
0
0
0
0
0
0
0
0
0
0
0
0
0
0
0
0
0
0
0
0
0
0
0
0
0
0
0
0
0
0
0
0
0
0
0
0
0
0
0
0
0
0
0
0
0
0
0
928.383342450654
0
0
0
0
0
0
0
0
0
0
0
0
0
0
0
0
0
0
0
0
0
0
0
0
0
0
0
0
0
0
0
0
0
0
0
0
0
0
0
0
0
0
0
0
0
0
0
0
0
0
0
0
0
0
0
0
0
0
0
0
0.00379132926397418
0
0
0
0
1000
1000
-1000
1000
1000
1000
1000
0
-1000
-1000
1000
-1000
500.870847736174
1000
1000
-1000
-1000
-1000
1000
-1000
1000
1000
-1000
-1000
-1000
-1000
-1000
0
1000
-1000
-1000
997.419793469582
-1000
-1000
-1000
-1000
-2.58020653041797
-1000
-1000
-1000
-1000
1000
-1000
-1000
-1000
1000
250.835469246776
250.835469246776
-1000
-751.691735599468
-1000
-1000
-1000
751.744737283642
-1000
0
0
0
0
0
0
0
0
0
0
0
0
0
0
0
0
0
0
-1000
-1000
0
0
0
0
0
0
0
1000
0
0
0
0
0
0
0
0
0
-0.00379132926400416
0.00379132926397418
0
0
-0.00379132926400416
-0.00379132926400416
0
0
0
1000
0
0
0
0
0
0
0
0
0
0
0
0
0
0
0
0
262.667764918771
0
0
0
0
0
0
0
0
0
0.00379132926397418
0
0
-1000
1000
1000
787.052509370287
1000
0
0
0
0
0
0
0
0
0
246.637636060909
0
0
0
0
0
0
0
0
0
0
0
0
1000
0
0
0
0.00379132926397418
0
0
0
0
63.2017283464334
0
0
0
0
0
-1000
0
205.99625322194
0
0
0
0
0
0
0
0
0
0
0
0
0
0
0
0
0
0
0
0
0
0
0
0
0
0
0
0
0
0
0
0
0
0
0
0.00379132926397418
0
0
0
0
1000
0
1000
0
0
2.05001385891155
0
0
0
0
0
0.00567050985568313
1000
0
0
0
0
0
0
0
0
0
0
-0.0303306341118059
0
0.00379132926400416
0
281.764025288459
343.629856604701
997.949986141089
1000
0
0
1000
0
1000
0
0
0
0
0
0.00379132926400416
0
0
1000
0
1000
0
0
1000
0.0303306341118059
0
0
-924.362878972511
0
0
-1000
0.00379132926397418
-1000
1000
0
0
0
0
0
0
0
0
0
0
0
-1000
1000
0
0
1.3608979279586
0
0
0
998.633431562186
999.963998856033
0
0
998.639102072041
0
1000
0
997.541583969617
0
0
0
0
0
0
0
0
0
0
1.02500692945578
0
0.00379132926397418
-0.00379132926400416
0.00379132926397418
0.00379132926397418
0
0
0.00379132926400416
0
0
0
1.0250069294558
0
0
-0.0113739877918988
-1000
-1000
-1000
1000
-2.45841603038286
-997.125599139618
0
0
-1000
-1000
1000
-997.116743546869
0
0
0
0
0
0
0
0
0
0
0
0
0
0
0
0
0
0.00885559274942762
0
0
0
0
0
0
999.575159577251
0
0
0
0
0
0
0.00189016995189438
0
924.362878972511
0
0
0
0
0
0
0.00379132926397418
0
0
0
0
0
0
0
0.0145813834825503
0
0
-248.308264400532
0
0
0
0
0
0
0
0
0
0
0
0
0
1000
0
0
0
248.308264400532
0
0
0
0
0
0
0
0
0
0
0
0
0
0
0
0
0
0
0
0
0
0
0
0
0
0
0
2.44513264125874
0
0
0
0
0
0
0
0
0
0
0
0
0
0
0
0
0
0
0
0
0
0
0
0
0
0
0
0
0
0
0
0
0
0
0
0
0
0
0
0
0
0
0
0
0
0
0
0
0
0
0
0
0
0
0
0
0
0
0
0
0
0
0
0
0
0
0
0
0
0
0
0
0
0
0
0
0
0
0
0
0
0
0
0
0
0
0
0
0
0
0
0
0
0
0
0
0
0
0
0
0
0
0
0
0
0
0
0
0
0
0
0
0
-999.986768810337
0
0.00189016995193469
0
0.0208028588310754
0
0
-0.0132311896633155
0
1000
0.017022518927206
0
0
0
0
0
0
0
0
0
0
0
0
0
0
0
0
0
0
0
0.00379132926397418
0.00379132926397418
0.00379132926397418
-1000
-966.671932436667
0
0
-1000
-1000
0
0
0
0
0
0
-1000
1000
0
0
0
0
0
0
0
0
0
0
-1000
0
1000
0
-1000
-1000
-1000
-1000
-1000
-1000
0
0
0
0
0
0
0
0
0
1.3305672938468
-1000
0
1000
0.415269605807182
0.00379132926397418
0.00379132926397418
0.00379132926397418
0.00379132926397418
0.00379132926397418
0
0
0
1000
0
0
0
0
0.00153488247185132
0
0
0
0.0111278979209221
0
0
0
0
0
0
-1000
0
0
0
0
0
0
1000
-999.998465117528
0
1000
0
0
-1000
0
0
0
0
0
0
0
0
0
0
0
0
0
0
0
0
0
0
0
0
0
0
0
0
0
0
0
0
0
0
0
0
0
0
0
0
0
0
0
0
0
0.0145813834825875
0
0
0
0
0.00379132926397418
924.813284899261
0
0
0
0
0
0
0
0
0
-1000
0
0
0
0
0
0
0
1000
-1000
327.644133263442
327.644133263442
327.644133263442
1000
0
0.0227040181431034
0
0
0
0
-205.99625322194
-1000
-1000
0
246.637636060909
0
0
0
999.977252024416
15.6766739640453
0
0
0
0
0.609737323648594
0.609737323648594
0
-999.984878640385
0
0
0
0
0
0
0
0
-1000
0
0
0
0
0
0
0
1000
0.00379132926397418
0
0
0
0
0
0
0
1000
-1000
0
0
1000
0
0
0
1000
0
0
0
0
-656.31071257643
0
-1000
0
0
0
-1000
-1000
0
0
0
0
-0.00153488247190126
0
1000
343.632113051493
-1000
1000
-1000
1000
-1000
1000
-1000
0
0
0
0
-1000
-1000
0
0
1000
0
0
0
0
0.000943711305924008
0
0
0
0
0
0
0
0
997.541583969617
0
997.541583969617
0
0
0
0
0
0
0
0
0
0
-625.39388189316
0
0
-1000
0
-1000
-1000
1000
0
0
0
0
0
0
0
0
-1000
-504.943195997201
0
0
1000
0.00189016995189438
0.00189016995189438
0
-1000
0
0
327.621385287858
0
0
0
0
0
0
0
0
0
0
0
0
0
0
0
0
0
0
0
0
0
0
0
0
0
0.00379132926400416
0
0
0
0
0
0
0
0
0
0
0
0
0
0
0
0
0
0
0
0
0
0
0
0
0
0
0
0
0
0
0
0
0
0
0
0
0
0
0
0
0
0
0
0
0
-1000
0
-1000
0
0
0
0
0
0
-1000
0
0
0
0
0
0
0
0
0
0
0
656.31071257643
0
0
0
0
0
0
0
0
0
0
0
0
0
1000
0
0
248.29368301705
0
248.29368301705
0
0
248.29368301705
-248.29368301705
-248.29368301705
0
0
0
0
0
0
0
0
0
343.632113051493
0
0
0
0
0
0
0
0
0
0
0
0
0
0
0
0
0
0
0
0
0
0
0
0
0
0
0
0
0
0
0
0
0
0
0
0
0
0
0
0
0
0
0
0
0
0
0
0
0
0
0
0
0
0
0
0
0
0
0
0
0
0
0
0
0
0
0
0
0
0
0
0
0
0
0
0
0
0
0
0
0
0
0
0
0
0
0
0
0
0
0
0
0
0
0
0
0
0
0
0
0
0
0
0
0
0
0
0
0
0
0
0
0
0
0
0
0
0
0
0
0
0
0
0
0
0
0
248.29368301705
0
0
0
0
0
0
0
0
0
0
0
0
0
0
0
0
0
0
0
0
0
0
0
0
0
0
0
0
0
0
0
0
0
0
0
0
0
0
0
0
0
0
0
0
0
0
0
0
0
0
0
0
0
0
-1000
0
0
0
0
0
0
0
0
0
0
0
0
0
0
0
0
0
0
0
0
0
0
72.2243679751595
173.272715064095
0
0
6.60309653317859
0
687.297250502184
-1000
312.875433556431
0
-205.99625322194
0
-1000
-1000
0
0
0
0
936.771732348719
0.0227479755838451
0
0
0
0
0
0
0
0
0
0
0
0
0
0
0
0
0
0
0
0
0
0
0
0
0
0
0
0
0
0
0
0
0
0
0
0
0
0
0
0
0
0
0
0
0
0
0
0
0
0
0
0
0
0
0
0
0
0
0
0
0
0
0
0
0
0
0
0
0
0
0
0
0
0
0
0
0
0
0
0
0
0
0
0
0
0
0
0
0
0
0
0
0
0
0
0
0
0
0
0
0
0
0
0
0
0
0
0
0
0
0
0
0
0
0
0
0
0
0
0
0
0
0
0
0
0
0
0
0
0
0
0
0
0
0
0
0
0
0
0
0
0
0
0
0
0
0
0
0
0
0
0
0
0
0
0
0
0
0
0
0
0
0
0
0
0
0
0
0
0
0
0
0
0
0
0
0
0
0
0
0
0
0
0
0
0
0
0
0
0
0
0
0
0
0
0
0
0
0
0
0
0
0
0
0
0
0
0
0
0
0
0
0
0
0
0
0
0
0
0
0
0
0
0
0
0
0
0
0
0
0
0
0
0
0
0
0
0
0
0
0
0
0
0
0
0
0
0
0
0
0
0
0
0
0
0
0
0
0
0
0
0
0
0
0
0
0
0
0
0
0
0
0
0
0
0
0
0
0
0
0
0
0
0
0
0
0
0
0
0
327.621385287858
0
0
0
0
0
0
0
0
0
0
0
-1000
0
0
0
0
0.00379132926400416
-748.729539824784
0
0
0
0
0
0
0
0
0
0
0
0
0
0
0
0
0
0
0
0
0
0
0
0
0
0
0
0
0
0
0
0
0
0
0
0
0
0
0
0
0
0
0
0
0
0
0
0
0
0
0
0
0
0
0
0
0
0
0
0
0
0
0
0
0
0
0
0
0
0
0
0
0
0
0
0
0
0
0
0
0
0
0
0
0
0
0
0
0
0
0
0
0
0
0
0
0
0
0
0
0
0
0
0
0
0
0
0
0
0
0
0
0
0
0
0
0
0
0
0
0
0
0
0
0
0
0
0
0
0
0
0
0
0
0
0
0
0
0
0
0
0
0
0
0
0
0
0
0
0
0
0
0
0
0
0
1000
0
0
500.870847736174
0
0
0
0
0
0
0
1000
0.00379132926400416
0
0
-171.085051763043
1000
0
0
0
0
0
0
0
0
0
0
0
0
0
0
0
273.019657048187
0
273.019657048187
0
0
1000
0
0
0
0
0
0
0
0
0
0
0
0
0
0
0
0
0
0
0
0
0
0
0
0
0
0
0
0
0
0
0
0
0
0
0
0
0
0
0
0
0
0
0
0
0
0
0
0
0
0
0
0
0
0
0
0
0
0
0
0
0
0
0
0
0
0
0
0
0
0
0
0
0
0
0
0
0
0
0
0
0
0
0
0
0
0
0
0
0
0
0
0
0
0
0
0
0
0
0
0
0
0
0
0
0
0
0
0
0
0
0
0
0
0
0
0
0
0
0
0
0
0
0
0
0
0
0
0
0
0
0
0
0
0
0
0
0
0
0
0
0
0
0
0
0
0
0
0
0
0
0
0
0
0
0
0
0
0
0
0
0
0
0
0
0
0
0
0
0
0
0
1000
500
91.5780015452701
-3.83720617962831
0
0
-1.0250069294558
0
0
488.797583247879
20.2570539418138
44.2779637471381
0.109893601854324
91.5780015452701
0
0
0
0
0
0
0
0
0
0
0
0
0
0
0
0
0
0
0
0
0
0
0
0
0
1000
-1000
0
-1000
999.935547402512
0
0
0
0
-656.434595992787
0
0
124.154132200266
0
0
0
0
0.00379132926397418
0
0
0
0
0
0
0
0
0
0
0
0
0
248.29368301705
0
-248.29368301705
0
343.632113051493
0
0
0
0
0.0132311896633155
-0.745952881319795
-0.0322325319089032
0
-11.2508520110448
-22.0564884097771
-44.9810950641026
-35.2729523303892
-11.0151348139673
-767.385888140888
-27.8686556971505
-4.83449427957635
-32.9924448836084
-1000
-1000
0
0
0
0
-1000
-40.7688320949239
-18.3830429282921
-290.672775681324
-13.9781044227639
-10.8135258435648
-25.0928532079122
-107.951531974355
-25.2430502882465
-140.314327747734
0
-72.2243679751596
958.141352462594
-1000
0
1000
-0.00379132926400416
0
999.809604755887
-1000
0
0
0
176.439899734431
0
0
1000
-0.0303306341118059
0
0
0
0
0
0
0
0
0
0
-0.00379132926400416
0
0
0
0
0
0
0
0
0
0
0
0
262.667764918771
0
0
0
0
0
1000
0
248.308264400532
0
0
-1000
1000
246.637636060909
-0.00379132926400416
-0.00379132926400416
-1.04495994443187
75.1867151007393
0
0
-0.00379132926400416
0
-0.00379132926400416
0
0
0
-0.00379132926400416
0
0
0
-0.00379132926400416
0
0
0
0
0
0
0
0
0
0
0
500.870847736174
0
0
0
0
0
966.671932436667
0
0
0
0
0
0
0
-251.725132885352
0
0
0
-1000
0
1000
0
0
-0.00379132926400416
0
0
0
0
0
0
0
0
0
0
0
0
-1000
0
63.2017283464334
996.183862255407
0
-1000
-1000
0
0
0
0
712.998088322481
0
0
0
2.58020653041797
0
0
0
0
0
0
251.721341556088
0
0
0
0
744.103919560869
1000
999.920382085456
0
0
178.303617751813
0
0
0
0
0
0
-773.034174908772
0
0
0
-1000
-958.13756113333
0
0
0
0
0
-0.0530016841742054
0
0
0
-212.947490629713
-287.001911677519
287.001911677519
0
0
0
0
958.141352462594
0
-210.212069849282
-1000
-1000
-466.719441430727
0
0
0
0
0
0
0
0
0
0
0
1000
0
-0.0015807593874797
-0.00153488247190126
-0.415569429253765
-1000
-0.0226395164597761
-0.110465661057674
0
-0.0824999328619924
-0.0441278710657116
0
0
0
654.131525700115
0
-0.00153488247190126
-1000
-0.00306976494368882
-0.00153488247190126
-0.00153488247190126
0
0
-0.00153488247190126
-0.578474421817987
-0.592848354752618
0
-15.6766739640452
0
0
-0.00153488247190126
-0.0105367267550491
0
-0.00153488247190126
-0.00153488247190126
-0.0161162659544516
-0.00153488247190126
-0.0445115916836585
0
-0.0959301544907021
0
0
0
-1000
1000
0
0
-1000
1000
-0.00379132926400416
0
1000
-1000
0
0
0
-1000
0
0
0
0
0
0
0
0
0
0
0
0
0
0
0
0
0
0
0
0
0
-1000
1000
1000
-1000
-1000
0
-1000
1000
-0.00153488247190126
-0.00153488247190126
0
0
0
0
1000
312.702749497816
-312.875433556431
936.771732348719
0.0227479755837976
0
0
0
0
0
-1000
-1000
0
0
0
0
0
0
0
0
0
0
0
0
0
0
0
0
0
0
0
0
0
0
0
0
0
0
0
0
0
0
0
0
0
0
0
0
0
0
0
0
0
0
0
0
0
0
0
0
0
0
0
0
0
0
0
0
0
0
0
0
0
0
0
0
0
0
0
0
0
0
0
-0.00153488247190126
0
0
0
0
0
0
0
0
0
0
0
0
0
0
0
0
0
0
0
0
0
0
0
0
0
0
0
0
0
0
0
0
0
0
0
0
0
0
0
0
0
0
0
0
0
0
0
0
0
0
0
0
0
0
0
0
0
0
0
0
0
0
0
0
0
0
0
0
0
0
0
0
0
0
0
0
0
0
0
0
0
0
0
0
0
0
0
0
0
0
0
0
0
0
0
0
0
0
0
0
0
0
0
0
0
0
0
0
0
0
0
0
0
0
0
0
0
0
0
0
0
0
0
0
0
0
0
0
0
0
0
0
0
0
0
0
0
0
0
0
0
0
0
0
0
0
0
0
0
0
0
0
0
0
0
0
0
0
0
0
0
0
0
0
0
0
0
0
0
0
0
0
0
0
0
0
0
0
0
0
0
0
0
0
0
0
0
0
0
0
0
0
0
0
0
0
0
0
0
0
0
0
0
0
0
0
0
0
0
0
0
0
0
0
0
0
0
0
0
0
0
0
0
0
0
0
0
0
0
0
0
0
0
0
0
0
0
0
0
0
0
0
0
0
0
0
0
0
0
0
0
0
0
0
0
0
0
-500.870847736174
0
1000
0
0
1000
748.729539824784
0
0
0
0
0
0
0
0
0
0
0
0
0
0
0
0
0
0
0
0
0
0
0
1000
0
-1000
0
-828.914948236957
-0.00379132926400416
0
0
0
0
0
0
0
0
1000
0
0
0
0
0
-1000
0
0
0
0
0
0
0
0
0
0
0
0
0
0
0
0
0
0
0
0
0
0
0
0
0
0
0
0
0
0
0
0
0
0
0
0
0
0
0
0
0
0
0
0
0
0
0
0
0
0
0
0
0
0
0
0
0
0
0
0
0
0
0
0
0
0
0
0
0
0
-0.00153488247190126
-0.00153488247190126
-0.00153488247190126
0
-0.00153488247190126
0
0
-0.00153488247190126
-0.00153488247190126
-0.00153488247190126
-0.00153488247190126
0
-0.00153488247190126
-0.00153488247190126
-0.00153488247190126
-0.00153488247190126
-0.00153488247190126
-0.00153488247190126
-0.00153488247190126
0
-0.00153488247190126
-0.00153488247190126
-0.00153488247190126
0
-1000
91.5780015452701
0
0
0
0
0
0
0
0
0
0
0
0
0
