0
0
0
0
0
0
0
0
-1000
1000
0
0
0
194.695367861514
1000
0
999.730409590509
-999.730409590509
999.938126791264
0
0.0618732087355428
0
-1000
0.388917312051944
0
1000
-208.695007197646
0
-296.158657786252
0.0132064428986722
0
0
0
0
0
0.0340745970637253
0
0
0
37.1294096445228
0
0
0
0
0
144.055139845212
0
144.055139845212
0
144.055139845212
0
144.055139845212
0
144.055139845212
0
144.055139845212
0
0
144.055139845212
0
0
0
0
0
0
0
0
0
296.158657786252
0
0
0
0
179.962753887469
179.962753887469
0
0
0
0
296.158657786252
0
-8.3859789164851
-991.614021083515
0
0
0
0
0
0
0
0
0
0
0
0
0
0
0
0
0
0
0
0
0
0.00378423820601488
0
0
0
0
0
0
0
0
1.77222547878227
0
0
0
0
0
0
0
0
0
0
0
0
0
0
0
0
0
1000
0
0
1000
0
0
0
0
1000
0
0
0
-15.4901264523414
0
0
0
0
-997.477521874859
0
0
0.00944414230544582
1000
0
0
375.396626993462
779.220114513771
1000
403.814648490489
0
0
0
-1000
403.814648490489
598.510016352003
1000
-805.304632138486
0
432.232669987516
1000
0
0
0.00944414230548318
0
0
1000
671.056805099762
0
0
0
0
0
-4.1625112055284
0
0
0
0
0
0
1000
-580.780269453375
-1000
0
0
0
0
1000
0
0
0
1000
0
0
0
0
0
-4.16693072043813
0
-999.99558048509
0
0
0
0
0
0
0
0
0
0
715.978069325859
-805.727085660042
0
0
-1000
0
998.77972028864
0
0.488111884543948
0
0.732167826815922
0
0
0
4.16693072043813
0
0
0
-1000
0
0
0
0
0
0
0
0
0
0
0
0
-1000
0
-1000
-1000
-1000
-179.962753887469
1000
-284.510042558685
0
-1000
1000
-1.02308982254169
1000
0.732167826815953
0
-0.732167826815953
999.918255884414
-1000
-1000
1000
0
0
1000
0
0.19003914111631
0
-0.190039141116358
0
0.00188663469981032
0
0
0
0
0
0
0
0
283.75234026465
0
165.393115042657
0
0
0
0
0
0
1000
0
1000
0.49695091436331
0
0
1000
0
-0.190039141116358
0
-0.732167826815953
0
0
0.732167826815953
0
0
0
0
0
0
0
0
-1000
0
0
0
1000
0.732167826815953
0
-1000
-1.02308982254169
0
0
0.00378423820599005
0
2.28895954954493
0
0
0
0
0
0
0
0
0
0
0
0
0
0
2.44055942271974
0
10.2741153226104
0
0
0
0
0
0
0
0
0.172361081477561
-1000
1000
834.116886438099
-1000
1000
-1000
-1000
-1000
-1000
1000
0.488111884543969
1000
-1000
1000
0
0
0
0
0
0
-1000
0
-1000
-1000
-999.918255884414
1000
-1000
0
1000
1000
-1000
0
0
0
0
0
0
1.02308982254171
-1000
-1000
1000
-1000
1000
-1000
-981.292045308432
-1000
-19.1960665761125
0
1000
1000
1000
-1000
1000
-1000
-1000
1000
-1000
-1000
1000
-17.1618749223509
0
1000
1000
0
0
0
1000
-1000
1.9568670530856
0
0
580.780269453375
0
0
0
-2.50020504969018
1000
0
0
0
-31.139234784561
0
0
0
0
0
0
0
0
0
0
0
0
0
0
0
0.00378423820601488
0
913.578072395159
-0.00944414230548318
-913.568628252853
0
913.568628252853
0
0
0
0
0
0
0
0
0
0
0
0
0
0
0
0
0
0
0
0
0
0
1000
0
0
0
0
0
-1000
1000
0
0
0
0
0
0
0
0
0
0
0
1000
999.996215761794
0.110487872742056
0.110487872742056
0
-142.695383021942
0
0
0
0
0
0
0
0
0
0
0
0
0
0
0
-658.920832337636
0
0
0
0
0
0
0
0
0
0
0
0
0
0
0
0
0
0
0
0
0
0
0
0
0
0
0
0
0
0
0
0.172361081477583
0
0
0
1000
0
0
0
0
0
0
-1000
0
0
0
0
0
0
0
0
0
0
0
0
0
0
0
0
0
0
0
0
0
0
0
0
0
0
0
-1000
0
0
0.172361081477583
0
0
0
0
0
0
0
0
0
1000
0
0
0
0
0
0
0
0
0
0
0
0
0
0
0
0
0
0
0
0
0
0
0
0
0
0
0
0
0
0
0
0
0
0
0
0
0
0
0
0
0
0
0
0
0
0
0
0
0
0.0113527146180446
0.0113527146180446
0
0.0113527146180446
0
0
0
0
0
0
0
0
0
0
0
0
0
0
0
0
0
0
0
0
0
0
0
-1000
0
0.00441951490968163
500
0
0
0
0.799932198652374
0.799932198652374
0
0
0
0
0
0
0
0
0
0
0
0
0
0
0
0
0
0
0
0
0
0
0
0
0
0
0
-1000
0
0
0
-999.996215761794
0
0
-1000
0
0
0
0
2.29814775303445
0
0
2.29814775303445
0
0
0
0
0
0
0
0
0
0
2.29814775303445
0
2.29814775303445
0
0
0
13.7095226336083
39.0794577562998
24.9796284284963
18.2956262904025
27.1263152465702
8.92826562971644
20.8814081394461
38.2012676943605
35.1763908143473
11.1237407845647
21.5644448542878
44.4461748014846
35.0788141407985
10.8310107639183
17.9541079329817
24.8820517549475
32.2490906078829
26.1017601743076
4.78125700389187
32.5418206285293
0
0
0
0
0
0
0
0
0
0
0
0
0
0
0
0
0
0
0
0
0
0
0
0
0
0
0
0
0
0
0
0
0
0
0
0
0
0
0
0
0
0
0
0
0
0
0
0
0
0
0
0
0
0
0
0
0
0
0
0
0
0
0
0
0
0
0
0
0
0
864.082250006631
0
0
0
0
0
0
0
0
0
0
0
0
0
0
0
0
249.487323702052
0
0
0
0
0
0
-1000
0
0
0
0
0
0
0
1000
1000
0
0
0
0
625.368542412389
0
0
-31.139234784561
-625.527644949137
-625.527644949137
-1000
0
-341.079167662364
0
-341.202914079835
1000
1000
625.377381442208
1000
0
-625.368542412389
1000
0
-1000
-1000
-1000
0
0
658.920832337636
0
658.920832337636
341.079167662364
0
0
0
0
0
0
0
0
0
0
0
-1000
329.970068960986
1000
1000
0
500
750.001568996348
2.51323934931786
5
0
0
0
0
0
0
340.96885126338
0
0
0
0.114100637190063
0
3.79384618656832
-0.114100637190063
-0.114100637190063
0.114100637190063
0
388.574098341741
335.14479392792
0.114100637190063
-0.114100637190063
-0.114100637190063
0
-7.24444851531757
-0.114100637190063
7.13128982437661
0
-1000
-0.114100637190063
-0.114100637190063
0
0
0
0
0
0
0
0
0
0
0
0
0
0
0
0
0
-0.000941946249099601
0
0
0
0
0
-0.00378423820598073
0
0
0
0
0
0
0
0
0.00378423820598073
0
0
0
0
0
0
0
0
0
0
0
0
0
0
0
0
0
0
0
0
0
0
0
0
0
0
0
0
0
0
0
0
0
0
0
0
0
0
0
0
0
0
0.000941946249099601
0
0
0
0
0
0
0
0
0
0
0
0
0
0
0
0
0
0
0
0
0
0
0
0
0
0
0
0
0
0
0
0
0
0
0
0
0
0
0
0
0
0
0
0
0
0
0
0
0
0
0
0
0
0
0
0
0
0
0
0
0
0
0
0
0
0
0
0
0
0
0
0
0
0
0
0
0
0
0
0
0
0
0
0
0
0
0
0
0
0
0
0
0
0
0
0
0
0
0
0
0
0
0
0
0
0
0
0
0
0
0
0
160.746009694474
0
0
0
0
0
0
0
0
0
0
0
0
0
0
0
0
0
0
0
0
0
0
0
0
0
0
0
0
0.114100637190026
0.114100637190026
341.19705253776
0
0.114100637190026
0
7.13128982437663
0
0
0
0
0
0.114100637190026
0
0
0
0
0
0
0
0
0
0
0
0
0
0
0
0
0
0
0
0
0
0
0
0
0
0
0
0
0
0
0
0
0
0
0
0
0
0
0
0
0
0
0
0
0
0
0
0
0
0
0
0
0
0
0
0
0
0
0
0
0
0
0
0
0
0
0
0
0
0
0
0
0
0
0
0
0
0
0
0
0
0
0
0
0
0
0
0
0
0
0
0
0
0
0
0
0
0
0
0
0
0
0
0
0
0
0
0
0
0
0
0
0
0
0
0
0
0
0
0
0
0
0
0
0
0
0
0
0
0
0
0
0
0
0
0
0
0
0
0
0
0
0
0
0
0
0
0
0
0
0
0
0
0
0
0
0
0
0
0
0
0
0
0
0
0
0
0
0
0
0
0
0
0
0
0
0
0
0
0
0
0
0
0
0
0
0
0
0
0
0
0
0
0
0
0
0
0
0
0
0
0
0
0
1000
0
0
0
0
0
0
0
0
0
0
0
0
0
0
0
0
0
0
0
0
0
0
0
0
0
0
0
0
0
0
0
0
0
0
0
0
0
0
0
0
0
0
0
0
0
0
0
0
0
0
0
0
0
0
0
0
0
0
0
0
0
0
0
0
0
0
0
0
0
0
0
0
0
0
0
0
0
0
0
0
0
0
0
0
0
0
0
0
0
0
0
0
0
0
0
0
0
0
0
0
0
0
0
0
0
0
0
0
0
0
0
0
0
0
0
0
0
0
0
0
1000
1000
0
0
0
0
0
0
0
0
0
0
0
0
0
0
0
0
0
0
0
0
0
0
0
0
0
-1000
0
-1000
0
0
0
0
0
0
0
0
0
0
0
1000
1000
0
0
0
0
0
0
0
0
0
0
0
0
0
0
0
0
0
0
0
0
0
0
0
0
0
0
0
0
0
0
0
0
0
0
0
0
0
0
0
0
0
0
0
0
0
0
0
0
0
0
0
0
0
0
0
0
0
0
0
0
0
0
0
0
0
0
0
0
0
0
0
0
0
0
0
0
0
0
0
0
0
0
0
0
0
0
48.777366139878
0
0
0.114100637190063
0
1000
0
0
341.08295190057
0
654.780900001291
0
328.897784041766
0
0
0
0.000941946249099601
0
0
-1000
1000
0
0
0
0
0
0
0
0
0
0
0
0
0
-1000
0.000941946249099601
0
0
0
0.00378423820598073
0
0
0
0
0
0
0
-0.00378423820598073
0
0
0
0
0
340.96885126338
1000
0
-340.96885126338
-340.96885126338
257.268969332068
-742.731030667932
-999.977294570764
-0.0227054292361117
0
0
0.114100637190063
-0.114100637190063
0
0
345.219099998709
-345.219099998709
-1000
0
0
0
-341.08295190057
-341.08295190057
-1000
0
-345.219099998709
-654.780900001291
-1000
0
-671.102215958234
-328.897784041766
-1000
0
0
0
0
0
328.897784041766
0
0
0
0
0
-1000
1000
-1000
0
0
0
-1000
0
0
0
1000
0
0
0
0
0
0
0
0
0
0
0
0
0
0
0
0
0
0
0
-1000
1000
-1000
0
-1000
0
-1000
0
-1000
0
0
0
0
0
0
0
0
0
1000
0
-1000
0
-1000
0
1000
0
-1000
0
-1000
0
0
0
0
0
0
0
0
0
-1000
0
0
0
0
0
0
0
0
0
0
0
0
0
0
0
0
0
0
0
0
0
0
0
0
0
0
0
0
0
0
0
0
0
0
0
0.000941946249099601
-0.000941946249099601
0
0
0
0
0
0
0
0
0
0
0
0
0
0
0
0
0
0
0
0
0
0
0
0
0
0
0
0
0
0
0
0
0
0
0
0
0.000941946249099601
-0.000941946249099601
0
0
0
0
0
0
-0.00378423820598073
-0.00378423820598073
0
0
0
0
0
0
0
0
0
0
0
0
0
0
0
0
0.00378423820598073
0.00378423820598073
0
0
0
0
0
0
0
0
0
0
0
0
0
0
0
0
0
0
0
0
0
0
0
0
0
0
0
0
0
0
0
0
0
0
0
0
1000
0
0
0
0
0
0
0
0
0.00378423820601488
0
0
0
0
0
0
0
0
11.5636008897804
0
0
0
0
0
0
0
0
0
0
0
0
0
0
0
0
0
0
0
0
0
0
0
0
0
0
0
0
0
0
0
0
0
0
0
0
0
0
0
0
0
0
0
0
0
0
0
0
0
0
0
0
0
0
0
0
0
0
0
0
0
0
0
0
0
0
0
0
0
0
0
0
0
0
0
0
0
0
0
0
0
0
0
0
0
0
0
0
0
0
0
0
0
0
0
0
0
0
0
0
0
0
0
0
0
0
0
0
0
0
0
0
0
0
0
0
0
0
0
0
345.219099998709
345.219099998709
345.219099998709
0
0
0
0
0
340.96885126338
340.96885126338
340.96885126338
0
340.96885126338
340.96885126338
340.96885126338
0
0
0
0
0
0
0
0
0
0
0
0
0
0
0
0
0
0
0
0
0
0
0
0
0
0
0
0
0
0
0
0
0
0
0
0
0
0
0
0
0
0
0
0
0
0
0
0
0
0
0
0
0
0
0
0
0
0
0
0
0
0
0
0
0
0
0
0
0
0
0
0
0
0
0
0
0
0
0
0
0
0
0
0
0
0
0
0
0
0
0
0
0
0
0
0
0
0
0
0
0
0
0
0
0
0
0
0
0
0
341.08295190057
341.08295190057
341.08295190057
341.08295190057
-341.08295190057
0
0
0
0
0
0
0
0
0
0
0
0
0
0
0
0
0
0
0
0
0
0
0
0
0
0
0
0
0
0
0
0
0
0
0
0
0
0
0
0
0
0
0
0
0
0
0
0
0
0
0
0
0
0
0.00378423820601488
0.00378423820601488
0.00378423820601488
0.00378423820601488
0.00378423820601488
0
0
0
0
0
0
0
0
0
0
0
0
0
0
0
0
0
0
0
0
0
0
0
0
0
0
0
0
0
0
0
0
0
0
0
0
0
0
0
0
0
0
0
0
0
0
0
0
0
15.4901264523414
15.4901264523414
-15.4901264523414
5.15454559496645
-2.57538067838027
2.57538067838022
2.57538067838022
2.57538067838022
2.57538067838022
2.57538067838022
2.57538067838022
2.57538067838022
2.57538067838022
2.57538067838022
2.57538067838022
0
2.57538067838022
2.57538067838027
2.57538067838022
2.57538067838022
2.57538067838022
2.57538067838022
2.57538067838022
2.57538067838022
0
0
0
2.57538067838022
2.57538067838022
0
2.56783413958097
0
0
0
0
0
0
0
0
0
0
0
0
0
0
0
0
15.4901264523414
15.4901264523414
5.15454559496645
5.15454559496645
0
0
0
0
0
0
0
0
0
0
0
0
0
0
0
0
0
0
0
0
0
0
0
0
0
0
0
0
0
0
0
0
0
0
0
0
0
0
0
0
0
0
0
0
0
0
0
0
0
0
0
0
0
0
0
0
0
0
0
0
0
0
0
0
0
0
0
0
0
0
0
0
0
0
0
0
0
0
0
0
0
0
0
0
0
0
0
0
0
0
0
0
0
0
0
0
0
0
0
0
0
0
0
0
0
0
0
0
0
0
0
0
0
0
0
0
0
0
0
0
0
0
0
0
0
0
0
0
0
0
0
0
0
0
0
0
0
0
0
0
0
0
0
0
0
0
0
0
0
0
0
0
0
0
0
0
0
0
0
0
0
0
0
0
0
0
0
0
0
0
0
0
0
0
0
0
0
0
0
0
0
0
0
0
0
0
0
0
0
0
0
0
1.23943490359302
259.845691136207
259.845691136207
0
25.4323476310748
25.4323476310748
0
-285.278038767282
0
25.4323476310748
0
258.606256232614
0
0
258.606256232614
0
25.4323476310748
0
25.4323476310748
25.4323476310748
0
0
0
0
0
0
0
0
0
0
0
0
0
0
0
0
0
0
0
0
0
0
0
0
0
0
0
0
0
0
0
0
0
0
0
0
0
0
285.278038767282
0
0
0
0
0
0
0
0
0
0
0
0
0
0
0
0
0
0
0
0
0
0
0
0
0
0
0
0
0
0
0
0
0
0
0
0
0
0
0
0
0
0
0
0
0
0
0
0
0
0
0
0
0
0
0
0
0
0
0
0
0
0
0
0
0
0
0
0
0
0
0
0
0
0
0
0
0
0
0
0.00378423820601488
0
0
0
0
0
0
0
1.63168673278886
0
0
0
1.02308982254171
1.02308982254171
1.02308982254171
0
0
0
10.1682188094116
0
0
1.39916631857483
0
0
10.1682188094116
0.00378423820601488
0
0
0
0
-1.39916631857488
1.39916631857483
0
0
0
0
0
0
11.4076537130046
0
0
0
0.255181968224538
0
0.232520414214025
0
11.4076537130046
11.4076537130046
0
0
0
0
0
0
0
0
0
0
0
0
0
0
-11.5636008897804
0
0
0
0
0
0
0
0
0
0
0
0
0
0
0
0
0
0
0
0
0
0
0
0
0
0
0
0
0
0
0
0
0
0
0
0
0
0
0
0
0
0
0
0
0
0
0
0
0
0
0
0
0
0
0
0
0
0
0
0
0
0
0
0
0
0
0
0
0
0
0
0
0
0
0
0
0
0
0
0
0
0
0
0
0
0
0
0
0
0
0
0
0
0
0
0
0
0
0
0
0
0
0
0
0
0
0
0
0
0
0
0
0
0
0
0
0
0
0
0
0
0
0
0
0
0
0
0
0
0
0
0
0
0
0
0
0
0
0
0
0
0
0
0
0
0
0
0
0
0
0
0
0
0
0
0
0
0
0
0
0
0
0
0
0
0
0
0
0
0
0
0
0
0
0
0
0
0
0
0
0
0
0
0
0
0
0
0
0
0
0
0
0
0
0
0
0
0
0
0
0
0
0
0
0
0
0
0
0
0
0
0
0
0
0
0
0
0
0
0
0
0
0
0
0
0
0
0
0
0
0
0
0
0
0
0
0
0
0
0
0
0
0
0
0
0
0
0
0
0
0
0
0
0
0
0
0
0
0
0
0
0
0
0
0
0
0
0
0
0
0
0
0
0
0
0
0
0
0
0
0
0
0
0
0
0
0
0
0
0
0
0
0
0
0
0
0
0
0
0
0
0
0
0
0
0
0
0
0
0
0
0
0
0
0
0
0
0
0
0
0
0
0
0
0
0
0
0
0
0
0
0
0
0
0
0
0
0
0
0
0
0
0
0
0
0
0
0
0
0
0
0
0
0
0
0
0
0
0
0
0
0
0
0
0
0
0
0
0
0
0
0
0
0
0
0
0
0
0
0
0
0
0
0
0
0
0
0
0
0
0
0
0
0
0
0
0
0
0
0
0
0
0
0
212.863701391594
0
0
212.863701391594
0
0
0
0
0
0
0
0
0
0
0
0
0
0
0
0
0
0
0
0
0
0
0
0
0
0
0
0
0
1000
0
0
0
0
0
0
0
0
0
0
0
0
0
0
0
0
0
0
0
0
0
0
0
0
0
0
0
0
0
0
0
0
0
0
0
0
0
0
0
0
0
0
0
0
0
0
0
0
0
0
0
0
0
0
0
0
0
0
0
0
0
0
0
0
0
0
0
0
0
0
0
0
0
0
0
0
0
0.172361081477583
0.172361081477583
0
0
0
0.172361081477561
0.172361081477583
0
-249.487323702052
0
0
0
0.0265170894580898
0
0
0
0
0
0
0
249.487323702052
0
0
0
0
0
1.04300551868479
0
0
0
0
0
0
1.04300551868479
1.04300551868479
1.04300551868479
1.04300551868482
0
0
0
0
0
0
0
0
0
0
0
0
0
0
0
0
0
0
0
0
0
0
0
0
0
0
0
0
0
0
0
0
0
0
0
0
0
271.423104701856
271.423104701856
0
0
0
0
0
0
0
0
0
0
0
0
0
0
0
0
0
0
0
0
0
0
0
0
0
0
0
0
0
0
0
0
0
0
0
0
0
0
0
0
0
0
0
0
0
0
0
0
1000
-1000
0.732167826815953
0
0
0
-1000
1000
1000
0
856.572449151242
0
0
0
-1000
0
0
0
0
0
0
0
0
0
0
0
0
0
0
0
0
0
0
0
0
0
0
0
0
0
0
0
0
0
0
0
0
0
0
0
0
0
0
0
0
-1000
0
0
0
0
0
0
0
0
0
0
0
0
0
0
0
0
0
-999.996215761794
999.996215761794
1000
999.996215761794
1000
-1000
-1000
0
0
0
0
0
0
0.00378423820598073
0
0
0
0
0
0
0
0
0
0
0
0
0
0
0
0
0
143.930695729433
0
0
0
0.0151040464048768
0
0.00378423820601488
0.0226615540105123
1000
0.00188663469981032
0.00188663469981032
0.00378423820598073
0
0.0132174117050665
0.00188663469981032
0.0283324269163878
-0.00188663469975836
0.00188663469981032
0.00188663469981032
0.00188663469981032
0.00188663469981032
0.00188663469981032
-0.00188663469975836
-0.00377326939963041
-0.00567087290585278
0.00188663469981032
0.00188663469981032
0.00188663469975836
0.00188663469981032
-0.00567087290585278
-0.00188663469975836
0.00378423820598073
0.00188663469981032
0.00188663469981032
0.00378423820601488
0.00378423820601488
-0.00378423820598073
-0.00378423820598073
0.00378423820598073
0.00378423820598073
0.00188663469981032
0.00188663469981032
0.00188663469981032
0.00188663469981032
0.0415717762341501
-0.00567087290585278
-999.973554207783
0
0
0
0
0
0
1000
0
0
0
0.00378423820601488
0
0
0
0
0.00189211910300744
0.00378423820598073
0.00378423820598073
0
0
0.00378423820601488
0.00378423820601488
0
0
0
0
0
0
0.00754653879924126
0.00188663469981032
0.00565990409943095
0.00188663469981032
-0.00188663469975836
0.00188663469981032
0.00188663469981032
0.00188663469981032
0.00188663469981032
0.00188663469981032
0.00188663469981032
0.00377326939962063
0.00188663469981032
0.00188663469981032
0.00188663469981032
0.00188663469981032
0.00188663469981032
0
0.00188663469981032
0.00378423820601488
0
0.00378423820601488
0
0.00378423820601488
0.00378423820601488
0.00378423820601488
0.00378423820601488
0.00378423820601488
0.00378423820601488
0
0.00378423820601488
0
0.00378423820601488
0.00378423820601488
0.00378423820601488
0.00378423820601488
0.00378423820601488
0
0
0
0
0
0
0
0
0
0
0
0
0
0
0
0
-0.00378423820598073
0
0
0
0
0
0
0
0
0
0
0
0
0
0
0
0
0
0
0
0
0
0
0
0
0
0
0
0
0
0
0
0
0
0
0
0
0
0
0
0
0
0
0
0
0
0
0
0
0
0
0
0
0
0
0
0
0
0
0
0
0
0
0
1000
0
0
0
0
0
0
0.00378423820601488
0
0
0
0
0
0
0
0
0
1000
1000
0
0
0
0
0
0
0
0
0
0
-1000
0
0
0
-340.96885126338
0
0
0
0
0
0.114100637190026
0
0
0
0
0
0
0
0
0
0.114100637190026
0
0
325.248244701276
0
0
0
0
0.228201274380052
0
0
0
0.114100637190026
0
49.9751371429823
0
0
0
0
0
44.0713711146476
0
0.114100637190026
0
0.228201274380052
0
0
0
0.114100637190026
0
0.114100637190026
0
0.114100637190026
0
0.114100637190026
0
0.114100637190026
0
0.114100637190026
0
0.114100637190026
0
0.114100637190026
0
0.114100637190026
0
0.114100637190026
0
0.114100637190026
0
0.114100637190026
0
0.114100637190026
0
0.114100637190026
0
0.114100637190026
0
0.114100637190026
0
2.39611338099055
0
0.714070928686769
0
3.28039331921325
0
3.30891847851076
0
1.68298439855288
0
0.114100637190026
0
0.114100637190026
0
7.93377852291283
0
0.114100637190026
0
0.114100637190026
0
0.114100637190026
0
0.114100637190026
0
54.625680054725
0
0.827229619627689
0
6.1329092489639
0
30.8927475191996
0
0.395567991959076
0
0.114100637190026
0
0.114100637190026
0
1.08395605330525
0
0.114100637190026
0
0.114100637190026
0
0.114100637190026
0
-1000
0
0
258.606256232614
0
0
0
0
0
-1000
-1000
1000
1000
0
-1000
1000
194.272914339958
0
270.023938383281
834.606884957343
1000
-1000
0
0
1000
0
0
0
0
0
159.611877663162
-650.369174858083
-11.4076537130046
0
0
0
-1000
1000
-0.00378423820598073
0
0
-3.31204937208668
0
0
0
0
0
-847.545674795404
419.227299023037
1000
-1000
-4.16693072043813
-194.272914339958
0
-986.17444384795
0
0
-1000
0
0
1000
1000
376.140157638207
-1000
0
1000
0
0
-1000
1000
1000
1000
0
0
0
0
0
-673.872073225617
0
0
0
0
0
0
0
0
0
0
0
0
0
0
0
0
0
0
0
0
0
0
1000
0
0
0
0
0
0
0
0
0
780.44624540255
-1000
-1000
-399.175656337973
1000
-1000
-1000
-1000
-1000
1000
-1000
-1000
1000
-1000
1000
-972.047368005063
-1000
-1000
1000
-1000
1000
-1000
63.0676294858281
-1000
-1000
1000
1000
1000
1000
1000
-1000
1000
-1000
-1000
-1000
-1000
-1000
-1000
-1000
1000
-1000
1000
-1000
-1000
-1000
-1000
-1000
-1000
-1000
-1000
-1000
849.354298073321
1000
1000
-1000
-1000
-1000
-1000
-1000
-277.115641692629
-1000
-1000
-821.537766114057
-1000
977.984764624925
-1000
-1000
-1000
-1000
-1000
-618.862029127326
-1000
-1000
1000
1000
-1000
-1000
-981.829335836444
-1000
-1000
-1000
-1000
1000
-1000
-985.747379769461
-1000
666.167323724459
1000
-1000
1000
1000
1000
-1000
-1000
1000
1000
1000
1000
-1000
-1000
-1000
-1000
-1000
-1000
1000
945.08982552223
-1000
-1000
1000
1000
1000
1000
1000
1000
1000
1000
-1000
-1000
-1000
-1000
-1000
-1000
1000
999.990555857695
-999.990555857695
0
-1000
-1000
0
0
0
0
0
0
0
0
0
0
0
0
0
0
0
0
0
0
0
0
0
0
0
0
0
0
0
0
0
0
0
0
0
0
0
0
0
0
0
0
0
0
0
0
0
0
0
0
0
0
0
0
0
0
0
0
0
0
0
0
0
0
0
0
0
0
0
0
0
0
0
0
0
0
0
0
0
0
0
0
0
0
0
0
0
0
0
0
0
0
0
0
0
0
0
0
0
0
0
0
0
0
0
0
0
0
0
0
0
0
0
0
0
1000
0
0
0
0
0
0
0
0
0
0
0
0
0
0
0
0
0
0
0
0
0
0
0
0
0
0
0
0
0
0
0
0
0
0
0
0
0
0
0
0
0
0
0
0
0
0
0
0
0
0
0
0
0
0
0
0
0
0
0
0
0
0
0
0
0
0
0
87.8409124183515
0
0
0
0
0
0
0
0
0
0
0
0
0
0
0
0
0
0
0
0
0
0
0
0
0
0
0
0
0
0
0
0
0
0
0
0
0
0
0
0
0
0
0
0
0
0
0
0
0
0
0
0
0
0
0
0
0
0
0
0
0
0
0
0
0
0
0
0
0
0
0
0
0
0
0
0
0
0
0
0
0
0
0
0
0
0
0
0
0
0
0
0
0
0
0
0
0
0
0
0
0
0
0
0
0
0
0
0
0
0
0
0
0
0
0
0
0
0
0
0
0
0
0
0
0
0
0
0
0
0
0
0
0
0
0
0
0
0
0
0
0
0
0
1000
1000
-1000
1000
1000
1000
-2.52247812514076
1000
-1000
-1000
1000
-1000
1000
1000
0
0
-1000
-1000
1000
-1000
1000
0
1000
-1000
-1000
-1000
-1000
1000
1000
1000
-1000
1000
-1000
-1000
-1000
1000
1000
-1000
-1000
-1000
-999.94709744676
997.477521874859
-1000
-1000
-1000
1000
-1000
2.52247812514076
-1000
-1000
-1000
-1000
-1000
-1000
-1000
0
0
0
0
0
0
0
0
0
0
0
0
0
0
0
-1000
-1000
-0.49695091436331
0
0
0
0
1000
0
1000
0
0
0
1000
65.9546146200543
0
0
0
0
-0.00378423820598073
0.00378423820601488
0
0
-0.00378423820598073
-0.00378423820598073
0
0
0
0.190039141116358
0
0
0
0
0
0
0
0
0
0
0
0
0
0
0
0
0
997.309755809193
0
0
0
0
0
0
0.00378423820601488
0
0
-1000
1000
0
-1000
0
0
0
0
0
-0.00378423820598073
0
0
0
0
0
249.487323702052
0
0
0
0
0
0
0
0
0
0
0
0
0
0
-1000
-144.055139845212
144.055139845212
0.00378423820601488
0
0
0
0
306.019845804504
0
0
0
0
0
0
650.369174858083
0
0
0
0
0
35.2069800731793
0
0
0
0
0
0
0
0
0
0
0
0
0
0
0
0
0
0
0
0
0
0
0
0
0
0
0
0
0
0
1.04300551868479
0.00378423820601488
0
0
0
0
0
0
1000
0
0
0
0
2.04617964508342
0
0
0
0
0.00565990409943095
1000
0
-913.568628252853
0
0
0
0
0
0
0
0
0
0
0
0
0.00378423820598073
31.0375859416381
341.079167662364
-2.0461796450835
1000
0
0
997.644398553139
0
1000
0
0
0
0
0
0.00378423820598073
0
0
1000
0
1000
0
0
916.083937348949
0
0
0
0
0
-1000
0
-1000
1000
0
0
0
0
0
0
0
0
0
0
0
-1000
1000
0
0
0
0
0
0
999.990555857695
0
0
0
0
0
1000
0
997.961388831329
0
0
0
0
0
0
0
0
0
0
1.02308982254171
0
0.00378423820601488
-0.00378423820598073
0.00378423820601488
0.00378423820601488
0
0
0.00378423820598073
666.000899165876
0
0
1.02308982254169
0
0
-0.0113527146180559
-1000
-1000
-1000
1000
-1000
-0.0817441155858205
0
0
2.03861116867131
-2.03861116867131
-1000
-1000
0
0.0817441155858205
0
0
0
0
0
0
0
0
0
0
0
0
0.0817441155858205
0
0
1000
0
0
0
0
0
0
0
0
0
0
0
0
0
0.00188663469981032
0
0
0
0
0
0
0
0
0.00378423820601488
0
0
0
0
0
0
0
0
0
0
0
0
0
0
0
0
0
0
0
0
0
0
0
0
1000
0
0
0
0
0
0
0
0
0
0
0
0
0
0
0
0
0
0
0
0
0
0
0
0
0
0
0
0
0
0
2.44055942271973
0
0
0
0
0
0
0
0
0
0
0
0
0
0
0
0
0
0
0
0
0
0
0
0
0
0
0
0
0
0
0
0
0
0
0
0
0
0
0
0
0
0
0
0
0
0
0
0
0
0
0
0
0
0
0
0
0
0
0
0
0
0
0
0
0
0
0
0
0
0
0
0
0
0
0
0
0
0
0
0
0
0
0
0
0
0
0
0
0
0
0
0
0
0
0
0
0
0
0
0
0
0
0
0
0
0
0
0
0
0
0
0
0
-999.986793557101
0
0.00188663469975836
0
0.0207639505042607
0
0
-0.0132064428986496
0
1000
0
0
0
0
0.0169906811046303
0
0
0
0
0
0
0
0
0
0
0
0
0
0
0
0
0
0
0
0.00378423820601488
0.00378423820601488
0.00378423820601488
-1000
-856.561096436624
0
-1000
-1000
0
0
0
0
0
0
1000
0
0
0
0
0
0
0
0
0
0
0
-1000
0
1000
0
-1000
328.897784041766
-1000
-1000
-1000
1000
0
0
0
0
0
0
0
0
0
-999.990555857695
-1000
0
1000
0.414492912294567
0.00378423820601488
0.00378423820601488
0.00378423820601488
0.00378423820601488
0.00378423820601488
0
0
0
0
1000
6.24700988615393
0
0
0.114100637190026
160.746009694474
0
0.114100637190026
0
0
0
0
0
0
0
0
-1000
0
0
0
0
0
0
1000
-1000
0
1000
1000
1000
-1000
0
0
0
0
0
0
0
0
0
0
0
0
0
0
0
0
0
0
0
0
0
0
0
0
0
0
0
0
0
0
0
0
0
0
0
0
0
0
0
0
0
0
0
0
0
0
0
0
-1000
0
0
0
0
0
0
0
0
0
-1000
0
0
0
0
0
0
0
0
1000
1000
-1000
-1000
-1000
-1000
0
0.0226615540105123
0
0
0
0
-999.809960858884
-1000
-1000
997.309755809194
249.487323702052
0
0
0
-1000
3.85553544757748
0
0
0
0
0
0.608596910247144
0.608596910247144
-1000
0
-999.984906922402
0
0
0
0
0
0
0.384164162614477
0
-1000
0
0
0
0
0
0
0
1000
0.00378423820601488
0
0
0
0
0
0
0
0
-143.43511932517
0
0
0
1000
0
0
0
-1000
0
0
0
-654.780900001291
0
-1000
0
0
0
-1000
0
0
0
0
0
-0.114100637190063
0
0
0
340.96885126338
-528.771266008491
528.771266008491
0
0
0
0
-1000
0
0
0
0
-1000
-1000
0
0
625.377381442208
0
0
0
0
0.000941946249105876
0
0
0
0
0
0
0
0
998.043132946914
0
1000
0
0
0
0
0
0
0
0
0
0
-1000
1000
0
-1000
1000
-1000
-1000
0
0
0
0
0
0
0
0
0
-1000
0
0
-1000
0.00188663469981032
0.00188663469981032
0
44.8969653222721
-1000
1000
-212.863701391594
-212.863701391594
328.897784041766
0
0
0
0
0
0
0
0
0
0
0
0
0
0
0
0
0
0
0
0
0
0
0
0
0
0.00378423820598073
0
0
0
0
0
0
0
0
0
0
0
0
0
0
0
0
0
0
0
0
0
0
0
0
0
0
0
0
0
0
0
0
0
0
0
0
0
0
0
0
0
0
0
0
0
0
-1000
0
-1000
0
0
0
0
0
0
-1000
0
0
0
0
0
0
0
0
0
0
0
654.780900001291
0
0
0
0
0
0
0
0
0
0
0
0
0
1000
0
0
0
1000
0
0
0
0
0
0
0
0
0
0
0
0
0
0
0
0
0
0
0
0
0
0
0
0
0
0
0
0
0
0
0
0
0
0
0
0
0
0
0
0
0
0
0
0
0
0
0
0
0
0
0
0
0
0
0
0
0
0
0
0
0
0
0
0
0
0
0
0
0
0
0
0
0
0
0
0
0
0
0
0
0
0
0
0
0
0
0
0
0
0
0
0
0
0
0
0
0
0
0
0
0
0
0
0
0
0
0
0
0
0
0
0
0
0
0
0
0
0
0
0
0
0
0
0
0
0
0
0
0
0
0
0
0
0
0
0
0
0
0
0
0
0
0
0
0
0
0
0
0
0
0
0
0
0
0
0
0
0
0
0
0
0
0
0
0
0
0
0
0
0
0
0
0
0
0
0
0
0
0
0
0
0
0
0
0
0
0
0
0
0
0
0
0
0
0
0
0
0
-1000
0
0
0
0
0
0
0
0
0
0
0
0
0
0
0
0
0
0
0
0
0
0
477.410889995839
0
144.077556662505
0
0
-96.1853515095108
0
0
1000
-999.827638918522
0
0
0
-1000
-1000
0
0
0
0
693.953664528053
0.0227054292360893
0
0
0
0
0
0
0
0
0
0
0
0
0
0
0
0
0
0
0
0
0
0
0
0
0
0
0
0
0
0
0
0
0
0
0
0
0
0
0
0
0
0
0
0
0
0
0
0
0
0
0
0
0
0
0
0
0
0
0
0
0
0
0
0
0
0
0
0
0
0
0
0
0
0
0
0
0
0
0
0
0
0
0
0
0
0
0
0
0
0
0
0
0
0
0
0
0
0
0
0
0
0
0
0
0
0
0
0
0
0
0
0
0
-974.954078847858
0
0
0
0
0
0
0
0
0
0
0
0
0
0
0
0
0
0
0
0
0
0
0
0
0
0
0
0
0
0
0
0
0
0
0
0
0
0
0
0
0
0
0
0
0
0
0
0
-666.467983278062
0
0
0
0
0
0
0
0
0
0
0
0
0
0
0
0
0
0
0
0
0
0
0
0
0
0
0
0
0
0
0
0
0
0
0
0
0
0
0
0
0
0
0
0
0
0
0
0
0
0
0
0
0
0
0
0
0
0
0
0
0
0
0
0
0
0
0
0
0
0
0
0
0
0
0
0
0
0
0
0
0
0
0
0
0
0
0
0
0
0
0
0
0
0
0
0
0
0
0
0
0
0
0
0
0
0
0
0
0
0
0
0
-974.954078847858
-666.467983278062
0
0
0
0
0
0
0
0
0
0
0
0
0
0
328.897784041766
0
0
0
0
0
0
0
0
0
0
0
-1000
0
0
0
0
0.00378423820598073
0.450790520787564
-1000
0
0
0
0
0
0
0
0
0
0
0
0
0
0
0
0
0
0
0
0
0
0
0
0
0
0
0
0
0
0
0
0
0
0
0
0
0
0
0
0
0
0
0
0
0
0
0
0
0
0
0
0
0
0
0
0
0
0
0
0
0
0
0
0
0
0
0
0
0
0
0
0
0
0
0
0
0
0
0
0
0
0
0
0
0
0
0
0
0
0
0
0
0
0
0
0
0
0
0
0
0
0
0
0
0
0
0
0
0
0
0
0
0
0
0
0
0
0
0
0
0
0
0
0
0
0
0
0
0
0
0
0
0
0
0
0
0
0
0
0
0
0
0
0
0
0
0
0
0
0
0
0
0
0
0
1000
0
997.477521874859
0
0
0
0
0
0
0
0
1000
0.00378423820598073
0
0
0
1000
0
0
0
0
0
0
0
0
0
0
0
0
0
0
0
0
0
0
0
0
1000
0
0
0
0
0
0
0
0
0
0
0
0
0
0
0
0
0
0
0
0
0
0
0
0
0
0
0
0
0
0
0
0
0
0
0
0
0
0
0
0
0
0
0
0
0
0
0
0
0
0
0
0
0
0
0
0
0
0
0
0
0
0
0
0
0
0
0
0
0
0
0
0
0
0
0
0
0
0
0
0
0
0
0
0
0
0
0
0
0
0
0
0
0
0
0
0
0
0
0
0
0
0
0
0
0
0
0
0
0
0
0
0
0
0
0
0
0
0
0
0
0
0
0
0
0
0
0
0
0
0
0
0
0
0
0
0
0
0
0
0
0
0
0
0
0
0
0
0
0
0
0
0
0
0
0
0
0
0
0
0
0
500
91.4067199520502
0
0
-1.02308982254169
0
0
0
487.883367744068
20.2191664533935
44.1951490968163
0.10968806394246
91.4067199520502
0
0
0
0
0
0
0
0
0
0
0
0
0
0
0
0
0
0
0
0
0
0
0
0
0
705.407159802528
1000
0
-2.50020504969018
-997.49979495031
997.49979495031
-658.924616575842
0
1000
0
2.5058649537898
0
0
0
0
0
-285.251592975065
0
0
0
0.00378423820601488
0
0
0
0
0
0
0
0
0
0
0
0
0
0
0
0
0
0
0
340.96885126338
0
0
0
0
-847.545674795404
-54.625680054725
-2.39611338099053
-986.183887990256
-22.0152353750753
-1000
-35.2069800731792
-677.462516093638
-18.1706641635561
-27.8165319592641
-4.82545215298865
-32.9307379405814
1000
-1000
0
0
0
0
-1000
-40.6925806983337
-684.816643747381
-27.9526319949367
-680.419943954999
-985.747379769461
-1000
-179.621901740523
888.372790939319
-150.645701926678
0
0
1000
-997.49979495031
0
1000
287.861391458866
0
999.809960858884
-1000
0
0
0
-11.4076537130046
0
0
1000
0.00944414230548318
0
-287.861391458866
0
0
0
0
0
0
0
0
-0.00378423820598073
-0.00378423820598073
0
0
0
0
0
0
0
0
0
0
0
0
864.082250006631
-864.082250006631
0
0
0
1000
0
0
0
0
1000
741.393743767386
249.487323702052
-0.00378423820598073
-0.00378423820598073
-1.04300551868482
1000
0
0
-0.00378423820598073
0
-0.00378423820598073
-1000
0
-143.930695729433
-0.00378423820598073
0
0
0
-0.00378423820598073
0
0
0
0
0
0
0
0
0
0
0
997.477521874859
0
0
0
0
856.561096436624
0
0
0
0
0
0
0
-580.772700976963
0
0
0
-1000
0
1000
0
0
-0.00378423820598073
0
0
0
0
0
0
0
0
0
0
0
0
0
0
306.019845804504
-3.31204937208668
-0.49695091436331
-1000
-1000
143.930695729433
0
0
0
0
0
0
0
0
2.57538067838027
864.082250006631
0
0
0
0
0
-4.16693072043813
0
500
-1000
0
1000
-500
194.272914339958
1000
0
270.023938383281
805.727085660042
0
0
0
144.055139845212
0
0
0
0
0
-1000
1000
0
0
0
0
0
0
-0.0529025532395053
0
0
0
0
-856.56488067483
-1000
1000
0
0
0
0
0
0
834.606884957343
-1000
-1000
159.611877663162
0
0
-144.055139845212
0
0
0
0
0
0
0
0
0
1000
0
-0.395567991959069
-0.114100637190063
-30.8927475191996
-673.872073225617
-1.68298439855289
-7.9337785229128
-1.0839560533052
-6.13290924896387
-3.2803933192132
-0.114100637190063
0
0
325.248244701276
0
-0.114100637190063
-1000
-0.228201274380012
-0.114100637190063
0
-0.827229619627701
0
-0.114100637190063
-49.9751371429824
-44.0713711146476
0
-3.85553544757749
0
0
-0.384164162614525
-0.114100637190063
-0.714070928686738
0
-0.114100637190063
-0.114100637190063
-0.114100637190063
-0.114100637190063
-3.3089184785108
0
0
0
0
0
-1000
1000
0
0
-1000
0
-0.00378423820598073
-1000
1000
-1000
1000
0
0
-1000
0
1000
0
0
0
0
0
0
0
0
0
0
0
0
0
0
0
0
0
1000
-1000
-44.8969653222721
44.8969653222721
1000
-1000
-1000
1000
1000
0
-1000
1000
-0.114100637190063
-0.114100637190063
0
0
0
0
1000
-1000
999.827638918523
693.953664528053
0.0227054292361117
0
0
0
0
0
-1000
0
-1000
0
0
0
0
0
0
0
0
0
0
0
0
0
0
0
0
0
0
0
0
0
0
0
0
0
0
0
0
0
0
0
0
0
0
0
0
0
0
0
0
0
0
0
0
0
0
0
0
0
0
0
0
0
0
0
0
0
0
0
0
0
0
0
0
0
0
0
0
0
0
-0.114100637190063
0
0
0
0
0
0
0
0
0
0
0
0
0
0
0
0
0
0
0
0
0
0
0
0
0
0
0
0
0
0
0
0
0
0
0
0
0
0
0
0
0
0
0
0
0
0
0
0
0
0
0
0
0
0
0
0
0
0
0
0
0
0
0
0
0
0
0
0
0
0
0
0
0
0
0
0
0
0
0
0
0
0
0
0
0
974.954078847858
0
0
0
0
0
0
0
0
0
0
0
0
0
0
0
0
0
0
0
0
0
0
0
0
0
0
0
0
0
0
0
0
0
0
0
0
0
0
0
0
0
0
0
0
0
0
0
0
666.467983278062
0
0
0
0
0
0
0
0
0
0
0
0
0
0
0
0
0
0
0
0
0
0
0
0
0
0
0
0
0
0
0
0
0
0
0
0
0
0
0
0
0
0
0
0
0
0
0
0
0
0
0
0
0
0
0
0
0
0
0
0
0
0
0
0
0
0
0
0
0
0
0
0
0
0
0
0
0
0
0
0
0
0
0
0
0
0
0
0
0
0
0
0
0
0
0
0
0
0
0
0
0
0
0
0
0
0
0
0
0
0
0
0
0
0
0
0
0
0
0
0
0
0
-997.477521874859
0
1000
0
0
-0.450790520787564
0
0
0
0
0
0
0
0
0
0
0
0
0
0
0
0
0
0
0
0
0
0
0
1000
0
-1000
0
-1000
-0.00378423820598073
0
0
0
0
0
0
0
0
1000
0
0
0
0
0
-1000
0
0
0
0
0
0
0
0
0
0
0
0
0
0
0
0
0
0
0
0
0
0
0
0
0
0
0
0
0
0
0
0
0
0
0
0
0
0
0
0
0
0
0
0
0
0
0
0
0
0
0
0
0
0
0
0
0
0
0
0
0
0
0
0
0
-1000
1000
1000
0
0
-0.114100637190063
-0.114100637190063
-0.114100637190063
0
-0.114100637190063
-0.228201274380012
0
-0.114100637190063
-0.114100637190063
-0.114100637190063
-0.114100637190063
0
-0.114100637190063
-0.114100637190063
-0.114100637190063
-0.114100637190063
-0.114100637190063
-0.114100637190063
-0.114100637190063
0
-0.114100637190063
-0.114100637190063
-0.114100637190063
0
-1000
91.4067199520503
0
258.606256232614
0
0
0
0
0
0
0
0
0
0
0
