Abundance..F16..127C..Sample..5A.	Abundance..F16..127N..Sample..5B.	Abundance..F16..128C..Sample..2B.	Abundance..F16..129C..Sample..2A.	Abundance..F16..130C..Sample..1A.	Abundance..F16..130N..Sample..4B.	Abundance..F16..131N..Sample..1B.	Abundance..F16..132C..Sample..4A.	Abundance..F16..132N..Sample..6B.	Abundance..F16..133C..Sample..3A.	Abundance..F16..133N..Sample..6B.	Abundance..F16..134N..Sample..3B.
26.4745163429361	26.4615383583655	26.4615803023215	26.5024232589964	26.6187552343758	26.3937455778445	26.608073445817	26.4808715023375	26.5307701539245	26.6128070388673	26.5096465874261	26.575693711224
26.2586913946037	26.2547389418507	26.2962715214106	26.3259725224202	26.2519320615886	26.2876551021753	26.3113864861066	26.2386441504334	26.2394642648271	26.2855735902615	26.210023529562	26.2896578939511
25.9496726036861	25.9138083846649	25.8511111580382	25.961156043027	26.116908046187	25.9390476855813	26.0588022586519	26.0140169365323	26.0032029258523	25.9400612689234	26.0048670981423	25.9547312492566
26.2828915002151	26.3105332351443	26.3885628128995	26.3399729254955	26.4121680475136	26.2959560659647	26.3935967126652	26.3295515407501	26.3894327258402	26.4259892011627	26.3542764524273	26.3935756735707
22.6376236856071	22.283413763388	22.1139583520159	22.51954168984	22.4398546735836	22.6172421676446	22.324628155985	22.5934404849579	22.7353488947567	22.5488343614537	22.3892657548302	22.3647463926573
22.6376236856071	22.283413763388	22.1139583520159	22.51954168984	22.4398546735836	22.6172421676446	22.324628155985	22.5934404849579	22.7353488947567	22.5488343614537	22.3892657548302	22.3647463926573
20.8270929591056	20.5379812150271	20.3808360142555	20.3656555970234	20.0912287419209	20.8820927739204	20.2368393519983	20.498098474933	20.8964596292136	20.3058717515042	20.539732105192	20.2152005889379
20.8270929591056	20.5379812150271	20.3808360142555	20.3656555970234	20.0912287419209	20.8820927739204	20.2368393519983	20.498098474933	20.8964596292136	20.3058717515042	20.539732105192	20.2152005889379
24.8262339541924	24.8299332706986	24.8551931342411	24.7614659764345	24.7901029947733	24.8005709340841	24.7931471626333	24.7892100925449	24.81617121021	24.7276257539438	24.7213625610149	24.7369013826512
23.7291793296111	23.7369118282866	23.761513325866	23.844910671034	23.6957480879532	23.8051072189471	23.826831670715	23.7678755874573	23.7150309596003	23.5562317357491	23.7328653772012	23.5612677954445
24.4393953716737	24.4191773179908	24.3976797371991	24.3216042271494	24.2884674910927	24.4021910303689	24.3319604865298	24.3349308508132	24.385040389185	24.2565030421276	24.3147397015991	24.256486758699
23.8508966480223	23.9091435857582	23.8736607612248	23.8424352938778	23.7403062388809	23.9511543344921	23.8087821357257	23.8983236578014	23.8663409815424	23.8642901385537	23.8657897564519	23.8510065568818
23.6483319312926	23.7668494380517	23.8176338413044	23.9829136054516	24.2959893010802	23.8785308734199	24.1126857990566	23.8952189145356	24.2992999886193	25.248135504187	24.2743270276174	24.2906621504124
24.163395842146	24.2813910429414	24.1878916529009	24.0401484119611	23.9639444516979	24.1640730530411	24.0542535860468	24.0148510314565	24.1229643432163	24.0905001866757	24.2349882937555	24.1060712447098
23.01164241302	22.9993295285848	22.8875414315003	22.9778434187588	22.9139099665961	23.4450457281953	22.9436734910667	23.2888392955698	23.1509119219715	23.2706612877041	23.0337460559928	22.962187485069
22.7060750202335	22.7152168204472	22.6349370395819	22.6704336638434	22.6438413871629	22.6088770370746	22.6488417005894	22.6684644854246	22.4276099244062	22.5392539924767	22.5089263676154	22.5636394669945
23.1537741725222	23.1421290308264	23.1154377917439	23.1387657916859	23.268765460857	23.0559784542602	23.2473128545609	23.1581599440762	23.1467104019707	23.1487474352029	23.1366548328011	23.14578519522
23.6847874273467	23.7005983753219	23.7447890388703	23.7081035879248	23.6085026843792	23.8003069814747	23.6151412407837	23.8304507618308	23.7161904730271	23.4580645958158	23.6767620081457	23.4965962105666
23.4820722070391	23.4544130916813	23.3056911018145	23.2818473977593	23.3331303512405	23.4603264909757	23.3417121708205	23.3848743246576	23.4939952752455	23.3906325922477	23.4143345695397	23.4092326557209
23.5325272521863	23.5344998964383	23.4751518093854	23.559077413625	23.7075609826897	23.9286289753161	23.5809859862505	23.8941967299713	23.6333681572149	24.0608049283996	23.7120055402959	23.7728847804457
21.1198170807354	21.1580869754403	21.3476305265512	21.2261597986052	21.0450859838509	21.1685400873594	21.0934736472527	21.165424038663	21.0274738527454	20.892166150507	21.1312389682113	20.978808314097
22.6406820805053	22.4925735845355	22.5464111169905	22.5877148009509	22.5007824359056	22.5278993534945	22.4461966681152	22.6209617325524	22.563222173056	22.5017177766374	22.5717950739533	22.4872757836211
22.7794177173938	22.7876643247646	22.7878809827835	22.6353826243965	22.2486779749649	22.8307470258681	22.4631932870695	22.5668912239549	22.7251720408117	22.0796827467536	22.5875183889901	22.2914058082598
22.0020505215654	21.9208476464958	21.917670260152	21.7983522292096	21.5822652494169	21.9248332825503	21.7883127269327	21.6932066376424	21.7202643799737	21.5157909063342	21.663535913341	21.6305446338563
21.0420796382485	21.0279152376424	21.1032544918198	21.5463412362094	21.3932261290743	21.1004666635665	21.3540943696104	21.5939066645453	20.9008087802336	21.3577629525081	21.3441368720531	21.079083302686
22.0720660633404	21.9413852603486	22.0129697633588	22.2413483081761	22.1584662741039	22.0995435084164	22.1298977365482	22.3283394756907	22.0163260628217	21.9916437764354	22.1177200732814	22.0397049270401
22.6884999947987	22.56967165124	22.5736295217283	22.5820428784532	22.410212297737	22.4794666386882	22.416579941459	22.5815107012437	22.4033844719013	22.2701806139991	22.5116606222469	22.3228656542965
21.0868498691688	21.0870409275087	21.2769810483295	21.2104645249882	20.5920143780515	21.0446148740611	20.8443403396595	20.9923934453529	20.6824485993431	20.3587410445122	20.7834633860571	20.5192932887575
18.441974586788	18.208866556987	18.307424222933	18.5186912990897	18.5168683615058	18.3825548847711	18.4459276760929	18.5851654039166	18.3233624737433	18.1930746094952	18.4769272842452	18.2444744246686
23.9993715764549	23.9421818647962	24.0294192303605	24.0442778717393	23.8304138001069	23.9489389993555	23.9069052579716	23.9758749361827	23.9364326195844	23.6164272708142	23.8958585958638	23.7419633784004
23.4891158672227	23.4541468420811	23.4449156005265	23.5055678048967	23.3374988623576	23.5110471384037	23.2789195904489	23.5039671419746	23.2585735446963	23.4452536497476	23.3795459556941	23.4875279226685
22.5074318166889	22.6625130568975	22.6389783243445	22.5563887602771	22.578958916745	22.6787738705832	22.7403594412848	22.5820933084402	22.7329721248703	22.9546667489573	22.6862680626899	22.8753783374901
23.9074000268104	24.0681617580381	23.9654824212774	23.7856965924004	23.7247395902411	23.8964775624835	23.7843467237911	23.778323584602	23.8246576897594	23.8102411745516	24.0112559678625	23.858307566807
23.6999740772683	23.7359632383867	23.6935502343927	23.6523977048442	23.602004226579	23.6649173460685	23.6058723159984	23.6715917985031	23.6545157783762	23.5376543648653	23.6359334479309	23.6021292945294
19.1063406475728	19.0721571577569	19.2771721350598	19.2527377178173	18.931597813337	19.1634811207372	19.0073571098488	19.1734458702322	18.8921785657339	18.6931309716703	19.032300240432	18.8124582357468
21.7379132556069	21.6566392577159	21.6092105453702	21.4654919220096	21.2146514478728	21.6801230151089	21.4711033133153	21.3273101000812	21.4395027752866	21.148451915149	21.3489456986026	21.2880601671593
23.833616685679	23.8092656861158	23.7853265380986	23.7309206761123	23.2272857318253	24.2706123091573	23.1176092574792	24.2315872149622	23.1936622923599	23.9016149600945	23.4384717939843	24.023944942546
22.946746879899	22.916663170054	22.9212560607027	22.9523360784831	23.0775834489098	22.8919253915367	23.054366132917	22.9789415651683	23.0183349413162	22.9955158336285	22.939728272943	22.9770315654747
21.8829259431692	22.0016032709276	21.7396818978176	21.7043899767909	21.9634403703395	21.6424973497409	21.9989643864799	21.7951095447468	21.9278381410479	22.0216182842848	21.9342944338432	22.0279496407569
20.7816281992257	20.6885424066123	20.6494907488418	20.6629771495825	20.4624476025369	20.7226756991968	20.6017897870521	20.6217907883028	20.555508214777	20.5113950004395	20.5514901763627	20.5173696177567
22.8750762624672	22.933387137974	23.1383797154261	23.0497589424199	22.8574454039748	22.8372077190176	22.9058522955581	22.8803734845747	22.7858768746085	22.6742240257996	22.86436609082	22.7462091559217
22.7341760486247	22.6377229179446	22.6856957341964	22.8082707519974	22.8401645246161	22.8351810515917	22.8326035835173	22.9291831409121	22.9927334151084	22.8342691335337	22.8416527016561	22.7879772083049
22.5920196127195	22.5938978659849	22.6307242859304	22.5733217367139	22.5539981358671	22.5663732567802	22.6819289049899	22.5604036523011	22.6614771377776	22.5256019007724	22.633160085312	22.5838320619621
19.6559108313792	19.7322457052512	19.7112076893005	19.4047511065845	19.1606582909551	19.6310158860212	19.1925816997014	19.3957547097193	19.5174849349156	19.3406880787368	19.478858776468	19.3840244789534
23.1140539679013	23.1852742294881	23.2804288023132	23.2364820064888	23.1665726283492	23.1481867697191	23.1966968363673	23.1763311987683	23.2521754138026	23.1767962981822	23.2648275360932	23.2387895963079
23.8857394279669	23.8886900947077	23.7544918760516	23.9677696520926	23.8632634419274	24.0110454271743	23.7242192752511	24.2626192775003	23.6958971025426	23.7876965721271	23.8360786555608	23.819356305313
22.5216007819348	22.6587587961744	22.5654584194372	22.4032495944264	22.3862362143565	22.4578603516106	22.4137840569136	22.446591057808	22.416520114373	22.3318128576396	22.5155787505216	22.3926074109465
21.8790645076418	21.9010697776454	22.0480826691577	22.1365486870163	22.4529535966416	21.9057493403918	22.5483760934012	21.977670021347	22.0740572460645	22.4045259171024	22.116128991017	22.3686279253187
21.8790645076418	21.9010697776454	22.0480826691577	22.1365486870163	22.4529535966416	21.9057493403918	22.5483760934012	21.977670021347	22.0740572460645	22.4045259171024	22.116128991017	22.3686279253187
21.8790645076418	21.9010697776454	22.0480826691577	22.1365486870163	22.4529535966416	21.9057493403918	22.5483760934012	21.977670021347	22.0740572460645	22.4045259171024	22.116128991017	22.3686279253187
21.8441459707633	21.8756596662568	22.0160734666126	22.0959653028003	22.3974249765958	21.8768101085252	22.501776035503	21.9328699105791	22.0425617445569	22.3519248477787	22.0563782999889	22.3122817328042
21.8441459707633	21.8756596662568	22.0160734666126	22.0959653028003	22.3974249765958	21.8768101085252	22.501776035503	21.9328699105791	22.0425617445569	22.3519248477787	22.0563782999889	22.3122817328042
21.8441459707633	21.8756596662568	22.0160734666126	22.0959653028003	22.3974249765958	21.8768101085252	22.501776035503	21.9328699105791	22.0425617445569	22.3519248477787	22.0563782999889	22.3122817328042
21.8441459707633	21.8756596662568	22.0160734666126	22.0959653028003	22.3974249765958	21.8768101085252	22.501776035503	21.9328699105791	22.0425617445569	22.3519248477787	22.0563782999889	22.3122817328042
21.8441459707633	21.8756596662568	22.0160734666126	22.0959653028003	22.3974249765958	21.8768101085252	22.501776035503	21.9328699105791	22.0425617445569	22.3519248477787	22.0563782999889	22.3122817328042
21.7147063136656	21.7302637318097	21.8668865326077	21.9548697813075	22.2700379934877	21.7440707194589	22.3707598651057	21.8185366070179	21.8956263913828	22.2214358356496	21.927839367894	22.1673317029688
21.7147063136656	21.7302637318097	21.8668865326077	21.9548697813075	22.2700379934877	21.7440707194589	22.3707598651057	21.8185366070179	21.8956263913828	22.2214358356496	21.927839367894	22.1673317029688
19.1856817675555	19.1729563379567	19.2453608363363	19.1928222724445	19.2112336743164	19.2215047086581	19.2396275843583	19.3194250533898	19.1970189496922	19.2112909329477	19.2972035782198	19.101882278157
22.306880547968	22.3857251376841	22.5118026963103	22.1903589763776	21.8769550248617	22.2858671586522	22.0194572308474	22.176019499356	22.1738955807765	21.7134565979495	22.1921275997455	21.8984362467921
21.6754167371624	21.7016403850464	21.8304577121761	21.9086853879538	22.2069749956783	21.7116673284502	22.3181083603182	21.7683784490508	21.8599455903433	22.1618256240098	21.8595103662645	22.1025883383911
21.6754167371624	21.7016403850464	21.8304577121761	21.9086853879538	22.2069749956783	21.7116673284502	22.3181083603182	21.7683784490508	21.8599455903433	22.1618256240098	21.8595103662645	22.1025883383911
20.4061382779048	20.19504490334	20.2555749430888	20.3612343980057	20.1608947274496	20.2297757097763	19.9574363197928	20.3897775548575	20.2297469721529	20.25331295527	20.2751904524596	20.2019216677161
21.2209617455184	21.3723064632032	21.3951027115865	21.0496040987436	21.2134804569335	21.2843268916429	21.3824791146639	21.129538110419	21.3271320439744	21.532390364207	21.2616633110751	21.4172911674542
22.3138755586189	22.2786216460457	22.1979789885955	22.2468952261359	22.2511197101312	22.2438074234887	22.1515323515011	22.3392149407334	22.253336559366	22.1987964649046	22.2066639654765	22.1514279441875
22.7627543198391	22.8677546388232	22.9413154707122	22.7641011875689	22.6099087584659	22.68713723905	22.722097100955	22.6412794202906	22.6521677548687	22.5904545169889	22.717331500151	22.7236132405175
21.874782658609	21.8803752322592	21.8967951489808	21.8643890204194	21.5622447086391	21.8962055694549	21.6091518186073	21.8411246000287	21.7306558537254	21.4586444619188	21.7761156501768	21.5353979109428
21.5127389574776	21.512607307772	21.6279661933522	21.7883206757579	22.1374478948921	21.5705266287792	22.1776101206891	21.6343317989325	21.7149106263842	22.0695200934267	21.7324076511189	22.0031347174494
22.4971160780796	22.4667668381038	22.4469213124207	22.5054111995043	22.5214092372817	22.463404261129	22.3996970442343	22.6482814178978	22.4664239356216	22.3519491249234	22.4769150975675	22.3928514740085
23.8320048865472	23.9970132248682	23.8769914245396	23.7081364780944	23.6575429664883	23.8168675877696	23.705718814961	23.7066822891178	23.7538492331273	23.744886096975	23.9508866687141	23.7967964078153
22.531866755835	22.4989220703159	22.3973878043668	22.3489216609516	22.3469381015897	22.4984356601869	22.446507534663	22.5110577575266	22.4867963717323	22.2875982522526	22.4890538115094	22.3661033258032
22.0496452466877	22.1842790874326	22.124154017814	22.0117912853919	21.9251623140617	22.0252869442671	21.9476033721534	22.0637810663941	21.9335171655904	21.7778674259678	22.051727637508	21.8315052115755
21.8998510257893	22.0954703310895	21.9879013498849	21.7461961773001	21.6830265516455	21.8532167265204	21.7498054646974	21.8183662967385	21.807221103526	21.6760246277721	21.8644930450124	21.7698290059987
22.1288025477532	22.105459972293	22.0756161316613	22.0554892349703	21.9748334090944	22.0935398148298	21.9871723102938	22.0582156270168	22.1813752536095	21.9474952450401	22.0572519381496	21.9747444585074
22.5431393358606	22.4250868651571	22.3381012991873	22.5589579745599	22.5054922349808	22.3688739719271	22.4518170033953	22.5933075388626	22.488876020126	22.2413790342016	22.5119764147462	22.29631539959
21.1473023107272	21.1457681528179	21.1175970903689	20.93958064103	20.7607394437612	21.2491588500695	20.8050567313013	21.0873981915662	21.0471826431393	20.7693126039448	20.898530445584	20.82269641025
22.4757428946187	22.2747373691814	22.216377768861	22.3797751814316	22.3506732208735	22.3865311415097	22.2071186648122	22.4660062924358	22.4132569917394	22.2303217431706	22.2745880927466	22.2132075482606
21.9566098403041	22.100414607209	22.0550360278931	21.9475878244592	21.9245714473156	22.0266392577943	22.0071629966572	21.9170114249593	22.0477042932755	22.0285948280922	22.1999372129876	22.1401497401432
21.2452246405755	21.010655171925	20.9808599560734	20.9617393493204	20.752696496491	21.182269233539	20.9062292117665	21.0053167092542	20.9511251701207	20.7553854712739	20.9121565812833	20.6906947512629
22.9970961209925	22.9232430734102	22.9028735545454	22.935651308544	22.7989185527313	22.9972597450763	22.8194405480181	22.8673945520828	22.9279738806772	22.8253402588125	22.8161887162906	22.8004318425697
19.084974770994	19.0280063580343	18.5702528092442	18.6060204803072	18.3476369396094	19.0849083051265	18.2928213784553	18.9245350833195	18.5032726616208	18.2580720656383	18.5774385035445	18.3920392057332
21.7635167486892	21.6735748336154	21.6198710749103	21.8066227497732	21.9040131622917	22.089840163879	21.7423666662201	22.1591776775453	21.7791961299101	22.2275736113223	21.7653377522966	21.9066358804274
22.4042508500479	22.4638750155276	22.3794504921867	22.4233507451542	22.4637883715289	22.4437006957148	22.4919750625003	22.3862261842365	22.4366916809674	22.6512714997763	22.3882227113919	22.5384647653449
21.064486195342	21.0049483864578	21.0782351435815	21.3280739572141	21.6738210417543	21.1240090724426	21.6941793326209	21.2224968516163	21.2297419183224	21.5865207836481	21.2571062003208	21.4892686536147
21.1856145813123	21.1854289766062	21.1617653753599	21.0124519849805	21.0412529693205	21.0981028141044	21.065177770258	21.0805256802765	21.1673932372905	21.0816687911499	21.1050664040928	21.0756246177654
20.9530853320597	20.938695925683	20.9055868680652	20.8185113640374	20.7458369121062	20.9852709720184	20.689409058528	20.978293547714	20.9668320708325	20.649685083093	20.8785352781155	20.719718685443
21.8197272802249	21.9127701468722	21.8479699829379	21.7407736057101	21.5458446143066	21.922138022202	21.7052476950257	21.9099763195445	21.8096261398473	21.5582596198057	21.9404873567699	21.7651317397729
22.2543965342503	22.2358958093948	22.2585981195478	22.1945609691531	22.1691725398332	22.1596292574492	22.1284291880458	22.2652178007723	22.0476643512525	22.1607467930391	22.0996150800556	22.1856864893826
22.241904415583	22.2777605149011	22.2995523886553	22.1057723523802	21.7133655188634	22.1830817736177	21.8935192443692	21.9908863540879	22.168580907535	21.5920797079105	22.0994507196946	21.7563918445251
21.0527944474576	21.0593930869609	21.0091340796009	20.8371242035505	20.6920885651743	21.1144413396721	20.7138691459645	20.8559649000838	20.9232390312634	20.7045393623	20.9019621832858	20.7861701786757
22.4404794554377	22.3007832608109	22.2971219058817	22.3837312452887	22.1609011819895	22.4688930796132	22.191798008484	22.2969596374272	22.3490050016038	22.1812233763664	22.1587396683472	22.1359623740093
20.3267607554662	20.2841656162681	20.2970684316453	20.2886634931816	20.1388396022979	20.2893299757588	20.0665779083469	20.3551115803067	20.144953749849	19.8234042003236	20.1747198078161	19.9763739016795
21.9173867772475	21.8418797287313	21.9022179278973	21.9862698761093	22.0735483573189	21.8465776470347	21.9629869993922	22.0851712532789	21.9759748746738	21.9769239265765	21.983013483362	21.9687047196771
18.975051458198	19.122734746323	19.1017784710009	18.8305426636359	18.9565928708623	19.2509461782319	18.9223418858816	19.0752053437358	18.9249599148017	19.4605132736985	19.0706088750078	19.3696604987073
21.9168107489032	22.1712561491439	22.3515744339921	22.1875964186772	22.2371746985605	22.0526473106585	22.5490118277925	21.9470424340288	22.3045182493425	22.2919566017158	22.1291469369823	22.3738617670215
22.6023122520747	22.6556515310193	22.6561174649635	22.7110327500858	22.5704009433577	22.623217038154	22.6105320008956	22.7299829514126	22.5235032823164	22.4121119837673	22.6363076186983	22.4979054451574
21.202774194285	21.1802965026274	21.1858564128223	21.2299203164701	21.3610279633828	21.0680914606858	21.2408538109819	21.3828245617378	21.0799576093678	21.2222272163513	21.1478641305598	21.2329125244253
22.7224583348726	22.5917800206525	22.5913429053891	22.659993659189	22.5206563400131	22.7426770410323	22.5404205780164	22.5922521611925	22.6288457917631	22.5104020906496	22.4897248501033	22.4592101815532
21.0883991832598	21.0450161057836	21.1497408450452	21.2183464913267	21.0097634063661	21.1051832988686	21.0468074485734	21.2204077243544	21.0325313760502	21.0122113357538	21.0712167183177	21.0258721359235
22.2125007933922	22.2082801963545	22.2683143280367	22.8162889242339	23.3011023121899	22.3530350595378	23.093234105083	22.7857571594165	22.9467335382249	24.2424644250386	23.0250491291663	23.0568943940573
21.4621366561689	21.459719021789	21.3069310176006	21.1975947834417	21.0920937633613	21.4171990576677	21.2798138333305	21.3329601004418	21.3482330054978	21.0221598146316	21.4143107038637	21.0810062070937
22.6829669028259	22.919590940642	22.8647111166741	22.3691843360083	22.3051267137609	22.694407162807	22.3315104267695	22.3585513340519	22.6104711016037	22.6345204262535	22.9402112791371	22.7295845287719
17.5123076131914	17.5141240380284	17.5074266456009	17.1770534469754	17.1211451056494	17.5429907389602	17.254009252416	17.2967771454086	17.606609677964	17.3446248402751	17.5207818823136	17.435879919553
21.6450494988693	21.7505127681253	21.7145072005874	21.4839970830618	21.4915877218685	21.6119659906599	21.4465335014237	21.5459870108772	21.4900949716078	21.4446330010391	21.5953417358455	21.5232500298945
22.2201170616187	22.3601438279856	22.4651308623242	22.3913700052688	22.7047682707144	22.076743095082	22.9091606002594	22.2455844408188	22.1494129935521	22.7900860266548	22.4852517068583	22.8891394685068
22.2201170616187	22.3601438279856	22.4651308623242	22.3913700052688	22.7047682707144	22.076743095082	22.9091606002594	22.2455844408188	22.1494129935521	22.7900860266548	22.4852517068583	22.8891394685068
19.8241345671971	19.9317099696905	19.8974351725249	19.9715113581415	20.0782352132343	19.8738159819573	19.9418150253596	19.9709954262902	19.9216902023694	20.8806344058348	20.3002754960205	20.2212387099702
21.3558469557651	21.3845123453446	21.2400897701655	21.0815046500629	20.9491506018541	21.3053633446123	21.1491215634053	21.2124605822024	21.2269897543756	20.9032320844137	21.3007108859005	20.9713255800042
19.3711578438563	19.205393377407	19.3359246519508	19.5548153309399	19.7303173934292	19.3935298641079	19.9908330628435	19.1932870593204	19.7193769581011	19.950145075032	19.5156439373026	19.7639212659135
19.3711578438563	19.205393377407	19.3359246519508	19.5548153309399	19.7303173934292	19.3935298641079	19.9908330628435	19.1932870593204	19.7193769581011	19.950145075032	19.5156439373026	19.7639212659135
19.3711578438563	19.205393377407	19.3359246519508	19.5548153309399	19.7303173934292	19.3935298641079	19.9908330628435	19.1932870593204	19.7193769581011	19.950145075032	19.5156439373026	19.7639212659135
19.3711578438563	19.205393377407	19.3359246519508	19.5548153309399	19.7303173934292	19.3935298641079	19.9908330628435	19.1932870593204	19.7193769581011	19.950145075032	19.5156439373026	19.7639212659135
19.3711578438563	19.205393377407	19.3359246519508	19.5548153309399	19.7303173934292	19.3935298641079	19.9908330628435	19.1932870593204	19.7193769581011	19.950145075032	19.5156439373026	19.7639212659135
19.3711578438563	19.205393377407	19.3359246519508	19.5548153309399	19.7303173934292	19.3935298641079	19.9908330628435	19.1932870593204	19.7193769581011	19.950145075032	19.5156439373026	19.7639212659135
19.6057178679951	19.7556858044384	19.7719570298402	19.5628893685617	19.0200096894534	19.3733716752358	19.3118520457579	19.331950741694	19.412236443622	19.1201722155703	19.5889193524817	19.1657044704698
20.1087238692428	20.0694309919445	20.0705435647007	20.0428436723606	19.9723155096785	20.0929031470206	19.9713861108405	20.0515886555046	20.0338132403558	19.9950612711675	20.0636739675643	19.9772692402769
22.047427493245	22.199735108176	22.3040374830598	22.2057241663731	22.5001922178359	21.9033431726181	22.7512975240869	22.0393403543034	21.9680311664445	22.599907043974	22.3194310102792	22.7173055936815
19.3711578438563	19.205393377407	19.3359246519508	19.5548153309399	19.7303173934292	19.3935298641079	19.9908330628435	19.1932870593204	19.7193769581011	19.950145075032	19.5156439373026	19.7639212659135
20.6658113131775	20.8548294312307	21.2564803579129	21.0888676272264	20.8974105535705	20.9960259167363	21.2006810405764	20.8093435200607	21.0205505615057	20.9503573128793	20.9448877384543	20.8738713917628
18.3341146989333	18.413754436371	18.4590033927565	18.6125635146101	18.7482194005302	18.425299877312	18.7555576051284	18.6273007765563	18.6070961597885	18.8574369482291	18.72048683953	18.5260662403704
20.8486076822727	20.78580489762	20.7287813753196	20.871951560172	20.8633271257182	20.7800679401337	20.7725439079826	20.9249535599495	20.6816812130503	20.80507448052	20.806514619193	20.7686745694047
20.7781116875695	20.7817906776447	20.6540784430864	20.5945049440908	20.4377030129361	20.7473967795456	20.4411845358582	20.621943418666	20.7363611879911	20.4072279696168	20.629373748694	20.44287650008
20.1303747421751	20.0705802476602	20.123347076066	20.1105033191384	20.0740535424781	20.0505958338842	20.0434974299724	20.2308607129192	20.0457542833769	20.0359019086501	20.0459145237366	19.9900005680017
19.9512803767057	19.9352522772954	19.9648699435127	20.0771544981903	20.0596705346828	19.8967127256279	19.9808880893512	20.1199532755489	19.8851133543247	20.0186577625466	19.9615777692332	19.9304533670918
20.7955335943197	20.7628139019352	20.7655485536436	20.8218789475354	21.005100406114	20.6436900236239	20.8258784208043	21.0032610695043	20.6629238937871	20.8836768380668	20.7423477902324	20.8707441358093
20.6258251977323	20.8129441435689	21.2262782500786	21.0539384041868	20.8341596893695	20.9600439923969	21.1548538922798	20.7601439889833	20.9893592838512	20.9033299938865	20.9047107676223	20.8255603308002
20.6258251977323	20.8129441435689	21.2262782500786	21.0539384041868	20.8341596893695	20.9600439923969	21.1548538922798	20.7601439889833	20.9893592838512	20.9033299938865	20.9047107676223	20.8255603308002
19.6700762697849	19.6860627773762	19.7057972645696	19.528397568334	19.5731159840395	19.5865248012873	19.4520394585893	19.7058141021999	19.466369342992	19.5008882880043	19.4889340812889	19.4622585927406
16.4963292207222	16.641311724764	16.7048567211364	16.5665699149004	16.1809139253858	16.5312900675649	16.7480604058927	16.3646624880325	16.9765179572646	16.6407320822944	16.8889015034927	16.4021831445301
21.0380676121862	20.9042614865056	20.9574858935994	21.0412950124927	20.8009525784924	21.1042817710147	21.0746389020601	20.9848201863499	21.2022868186351	20.8322645026821	21.1107300119907	20.8369631959436
19.2053260439036	19.2463563415207	19.1568038311879	19.0425102545479	18.9026142432199	19.201612492485	19.1462318633143	19.0068108915198	19.2939613273975	19.1511602433211	19.2769468009116	19.1806945234213
21.1178607511003	20.7618109792447	20.8366730670054	21.2834407663434	20.9458071329371	21.0023990598104	20.7914888932132	21.4537897038917	20.9394894711873	20.8679401060675	21.0718819805303	20.8252602318448
19.0723936826	19.093088888403	19.088732303622	19.1083086194684	19.1978055480479	19.0616163296594	19.1278485244437	19.2331289299219	19.0415288691904	19.0831583971347	19.0396697568343	19.0461001852672
18.1834022066434	18.2194579092681	18.1938206581782	18.0790622163693	17.8383876862748	18.2225047601402	17.9226024326891	18.0023506296097	17.9929329866599	17.7473582800342	17.8969729376823	17.8073692066488
20.8170460052766	20.719385702318	20.6455466465783	20.5551316679695	20.5189015533041	20.8226236632687	20.4814382914175	20.6602377806402	20.7438628857435	20.6240299841212	20.6338279572125	20.64348494651
20.7262533434949	20.6692696893126	20.6342339232737	20.6375057126323	20.5511217545741	20.6753289430096	20.4620850415433	20.8245844993492	20.5102734029846	20.4751769944275	20.6168928355852	20.4942988852378
19.5895643544623	19.5986543954957	19.6539404035824	19.7873587472114	20.2540726995485	19.8592737406573	20.4181811782532	19.9817408318582	20.2085552320252	20.5315921345168	20.0999658575091	20.1983685936515
19.5895643544623	19.5986543954957	19.6539404035824	19.7873587472114	20.2540726995485	19.8592737406573	20.4181811782532	19.9817408318582	20.2085552320252	20.5315921345168	20.0999658575091	20.1983685936515
19.5895643544623	19.5986543954957	19.6539404035824	19.7873587472114	20.2540726995485	19.8592737406573	20.4181811782532	19.9817408318582	20.2085552320252	20.5315921345168	20.0999658575091	20.1983685936515
19.5895643544623	19.5986543954957	19.6539404035824	19.7873587472114	20.2540726995485	19.8592737406573	20.4181811782532	19.9817408318582	20.2085552320252	20.5315921345168	20.0999658575091	20.1983685936515
19.998016235418	19.9958903075871	19.93576696599	20.059732495833	20.0941054195783	19.932512545224	19.9704652055904	20.1460982694565	19.9049189267475	20.0231550081841	20.1210547905487	20.0590457983872
20.7463095921526	20.8128553840834	20.7768061237848	20.5883147353613	20.6434826039187	20.8939361131205	20.4978096593992	20.7782597760321	20.7476236172941	20.5826767573682	20.7448333941659	20.6222411953264
20.1048331380892	20.0623606528883	19.718973220092	19.7333765491868	19.9968898479469	20.1299346141674	20.0864493716254	19.9837578494159	20.0744469149596	19.8293737628937	20.086744400283	19.8609059848408
18.4269295639264	18.2088235498588	18.2230345140736	18.4398566022959	18.0196510665189	18.5904681319397	18.0654205243262	18.4202347487489	18.4294701468016	18.1585681586691	18.4357545739732	18.199307517642
20.7727853735248	20.74632769394	20.8009535456007	20.9018275273255	21.0370690072106	20.6896549697641	20.8853393937917	21.0672549601926	20.6008798273326	20.9289381350001	20.7838723674037	20.8869057248229
20.7728258306791	20.8232933210885	20.7155439040686	20.5777237181238	20.3584027737803	20.7825331884964	20.3357417093081	20.4762095271085	20.7124768136878	20.400830911768	20.5409752370667	20.5048338235189
20.9044648167815	20.9726542727022	20.956208313951	20.9785168612644	21.1017610289093	20.8352827471174	20.9103877006529	21.0559392299987	20.8625540287113	21.0903495063408	20.9947396191496	21.0889272769789
20.792883752684	20.7599626173069	20.6738468706262	20.5921000521029	20.6099146832756	20.6035324720256	20.5222500028783	20.7387536045352	20.5088078057142	20.6279808366582	20.7696141903545	20.7695311718419
20.653781006818	20.6197647525299	20.7544727910629	20.6337919519703	20.4771424781148	20.7873151353815	20.4633900907002	20.6653191221612	20.7152580226669	20.6051000125415	20.5329170702975	20.51786634136
19.8190827419216	19.6635902187068	19.6863406974996	19.8785590417332	19.9605129005463	19.9184630307336	19.8078638974882	20.1116209913828	19.7822873543242	19.9125561221085	19.899153418002	19.8691063908844
21.3312270155038	21.2571111541961	21.3007779641749	21.3668368615463	21.3037873476601	21.3089725937586	21.2743743414215	21.4255480427148	21.1916487559364	21.2025706387012	21.2083657898959	21.193959608939
21.3860657749019	21.3132555556597	21.1828994822369	21.1126724425964	21.0481265736379	21.3344100948679	21.0681057142529	21.2069594190096	21.2723231349008	21.0638909662047	21.2127165621079	21.1221044809821
20.5212898207035	20.4027798003645	20.4843741514747	20.6701912753315	20.5691848877665	20.6669879792486	20.5997928101339	20.6616150570009	20.6058554305344	20.5460194736696	20.5246389280736	20.4829262185043
20.4597201803145	20.2141427365555	20.0914714319715	20.3346897000664	20.339253402537	20.2822156945575	20.301149967839	20.462013763146	20.3133605889152	20.1744834370038	20.3084046865554	20.1479240186739
19.6668505862665	19.5938638171607	19.4482515656403	19.3379331842301	19.3767615337301	19.5188541651152	19.4047298976915	19.5330701935824	19.4988510368958	19.2914732699923	19.4591307671077	19.3049374052833
20.8079789091017	20.6684332245856	20.4522638030381	20.6797172898329	20.6949113772084	20.6997387828615	20.5902158263172	20.8051829334996	20.7939524292588	20.6785246195491	20.6661424264618	20.608813175099
19.4864772338111	19.5234221275898	19.5800940280151	19.6495904308984	20.0774378203804	19.7555893699215	20.2449950765009	19.8312189275083	20.1096817958471	20.3694481550814	19.9283491217292	20.0409724480328
20.2164847973311	20.1617585207708	20.0386343091987	20.0692177465616	19.8771061049695	20.2487770390361	19.8300157042275	20.0825570802019	19.9802174265823	19.8577119940447	19.961453315693	19.9441118643008
20.0757947621249	19.9157381535532	20.0230444296497	19.8869004468501	19.7849674991538	20.0725540980422	19.6880003744585	19.7981216627208	20.0323714736125	19.7875631181845	19.9974591633742	19.8725916557329
20.6347930393669	20.7402884101084	20.8683273701626	20.6419955302683	20.5059830668672	20.7911380960659	20.6105163340329	20.7302560792153	20.6841247882357	20.414166569211	20.5148984436933	20.3863247041083
20.2622652208254	20.1389790753132	20.0466376953229	20.1090283472702	19.9106327660341	20.261029737851	19.9056796314113	20.1952542199337	20.125815378786	19.8560151336119	20.1178836944951	19.8852910719598
19.8536940513204	19.7135927482083	19.7075235261786	19.7770693372324	19.6497429868715	19.7704029730808	19.6916571543275	19.7368275186191	19.723615241837	19.6253439571298	19.7384333002996	19.6012099684523
21.0657656393613	21.0260295363758	20.8277825676246	20.925531991974	20.9425381843931	21.0260021129019	20.8497146853097	21.0590120757332	21.0479618156096	20.987303797224	21.0373546562153	20.9595575100332
16.6967630525458	16.7266934325725	16.9608845033893	16.8305551221573	16.6153042306121	16.8400432578206	16.9060081056713	17.051778719579	16.6654612994199	16.9388728731582	16.8969896522314	16.7216928179941
16.6967630525458	16.7266934325725	16.9608845033893	16.8305551221573	16.6153042306121	16.8400432578206	16.9060081056713	17.051778719579	16.6654612994199	16.9388728731582	16.8969896522314	16.7216928179941
17.0397430966471	17.6579721603454	17.6534735843917	17.0101905393073	17.1150064446193	17.541466169833	17.583599265649	17.1252213001312	17.2193916643332	17.2655874529889	17.7360017159842	17.4963917299436
18.5223575458716	18.4550870102719	18.7409984042582	18.6826459119659	18.5167686365884	18.4961113864929	18.5270768115243	18.6973193786243	18.5369941884994	18.3646563560424	18.5566382694406	18.4302694779589
19.4850296116862	19.5731281114676	19.5089199617141	19.3587578911392	19.1669313823475	19.6521832112043	19.3424285464677	19.4354134328634	19.4080352125348	18.9181739623708	19.3371940496256	19.1834766829424
19.4850296116862	19.5731281114676	19.5089199617141	19.3587578911392	19.1669313823475	19.6521832112043	19.3424285464677	19.4354134328634	19.4080352125348	18.9181739623708	19.3371940496256	19.1834766829424
19.4850296116862	19.5731281114676	19.5089199617141	19.3587578911392	19.1669313823475	19.6521832112043	19.3424285464677	19.4354134328634	19.4080352125348	18.9181739623708	19.3371940496256	19.1834766829424
18.98795504526	19.1516661701823	18.9051683753943	18.7321700010845	18.6742466531154	18.9981446039704	18.6100266623839	18.7781227841181	18.9865888382046	18.756470288291	18.961251284363	18.7230353740985
19.78011698528	19.7930874985415	19.636616073157	19.3834915274053	19.7077459555455	19.520228742614	19.7448020227782	19.4569150561103	19.782077288492	19.8517885032882	19.8091612783825	19.8967436455735
17.7979712536234	17.6329126135906	17.7019061463038	17.8215968925747	17.9481307268276	17.9357962674402	17.9399510325515	17.9094969090457	17.8573603844229	17.953251601065	17.8378512613136	17.8251136370062
20.8506980728173	20.8157382851496	20.9631959980498	21.2111469292231	21.6238538887104	20.9437537276508	21.574408611753	21.1100515830027	21.0264525052155	21.4933758629488	21.0844620822835	21.3701699694187
19.892514530038	19.8477331455288	19.9429348164146	20.0114695297718	20.2345177910882	19.7428763932465	20.10564722869	19.9927627592867	20.051492838317	20.1513318931121	20.0327620824199	20.0733011632214
19.3214246386805	19.240250181532	19.2314271506908	19.0391525597825	19.0736083874975	19.2384047625353	19.0440094741271	19.0897509130432	19.2968997759359	19.0067574155353	19.1079093743987	18.9625856618298
17.5125485005451	17.5451677129858	17.5521097653817	17.8923939925214	18.1832846246317	17.5661723805538	18.2652091802684	17.8777887225076	17.6657382689263	18.309712454932	17.8840392670789	18.0311748477644
20.9728498406186	21.0447884541331	21.0346574659194	21.1367670058417	21.4610855919816	21.1769460841687	21.7452873547164	21.3112854333818	21.4617359463146	21.5537305041411	21.4817108532584	21.3905831025877
19.076069838277	19.1454298871524	19.1719054831548	19.0335773201938	19.0031068653143	18.8137285414597	18.9661498352998	18.8232981423604	19.2303851960913	19.2960783979844	18.9839299676851	19.2341635618061
20.0274276095795	20.1169747659115	20.9850516708525	20.7049714601086	20.0623534632537	19.3342805026877	20.2292290402497	19.2522100178558	20.054873470875	20.023466165226	19.9193277542118	20.1367374528935
17.2580807975919	17.1909175344027	17.1649261898252	17.3015195630663	17.2349286519752	17.3138222528417	17.2450467203069	17.2488487539234	17.2510815283882	17.3001585935759	16.9736680978643	17.2170353295717
19.2529396783454	19.2652988328751	19.3587167561996	19.2666166419691	19.0409512023892	19.2670879869241	19.1198777395087	19.25020600012	19.0873130434378	18.9140574047909	19.1835258785944	19.0969917682159
20.1580448590574	20.0360520203224	19.9645261245383	20.1522315797177	20.1314729209809	20.0974474107321	20.0086938427564	20.139934762004	19.9848158148871	20.0238355521838	20.0872901475718	20.0397083598346
18.6951679610522	18.9715391174955	19.0001151946852	18.9974047345111	19.0675606445389	18.9846363213602	18.9739273132821	18.8592116718361	19.2511249051141	20.101451093127	19.4227955515734	19.3099530209566
20.8054173409978	20.7641157436706	20.7343533075055	20.8473444351843	20.9254187699675	20.647672807736	20.8508686606025	20.9134071874489	20.8051585473201	20.8308228221283	20.8165269432947	20.7696761611901
19.7230051755795	19.5163312516861	19.6220437738789	19.6367923926314	19.5287604513909	19.6321040426827	19.4513333699109	19.6944916162019	19.3914949496404	19.2707713451728	19.5203448044446	19.4620371901136
16.4943623259901	16.5526152541654	16.5442707990408	16.5540576760359	16.150145979447	16.4773885216873	16.3266449326032	16.6606895159504	16.5660129206272	16.2514024672458	16.416496019539	16.259206158344
18.3899313461187	18.5073726834418	18.5589229957369	18.9261433545424	19.1655813681659	18.5920625951315	19.2772870240854	18.7437630615944	18.8951631412754	19.6399966747684	19.0578926160072	19.1018676474241
20.1832113154183	20.2225247786145	20.2444718726553	20.3106784514582	20.2912111572403	20.1062887212659	20.2656853940853	20.3062417417401	20.1072366386652	20.2848713707698	20.2351903139866	20.2697604554611
20.721320060916	20.7643856746775	20.775533543007	20.9610316822188	21.2925473667721	20.535518049245	21.2902144180718	20.8194249253674	20.5103935050616	21.5091585837327	21.1052288913001	21.3909169746278
19.842301707206	19.7502559889115	19.8487919515865	19.857462078143	19.8319341764091	19.7986202433493	19.6878672090477	19.9284398992753	19.8429147517101	19.6259016732036	19.759734913584	19.6797770252047
20.8477984263161	20.7506144738439	20.6794789319357	20.7713344839038	20.5625133280032	20.8178445827344	20.5853262731567	20.8355958244357	20.688152924886	20.5059893027755	20.7345243285571	20.5472562902185
18.08439206297	18.2216398481394	18.2425700496259	18.2690987257842	18.7293517155124	17.9674309490833	18.1904319916114	18.1779445633041	18.301859636696	18.5201132692198	18.3026484819166	18.4199336939869
18.570184624372	18.5034342634104	18.6159440991978	18.8139413174097	18.9119171311182	18.6621258866284	18.7647458849636	18.8600936378043	18.5147444273578	18.8213360128703	18.5221442834432	18.5518977846237
17.510290886824	17.2488709189565	17.4957976760748	17.4103014054368	17.5523642794438	17.1381892502443	17.46957917235	17.5341253241568	17.1569459441277	17.444405706224	17.2193661295541	17.4032053206779
19.171766108458	19.484920958947	19.538160249308	19.2137971069201	19.2725612428902	19.4993036251016	19.5952770021832	19.4287002802423	19.2018397662352	19.5254064582884	19.5661979402058	19.5866108784185
20.303084056262	20.2922662037197	20.2950289629213	20.5272036332726	20.8246358225884	20.1417849974972	20.7355912532201	20.5311035425134	20.2221753685333	20.998666172397	20.4622266033599	20.8315060647693
20.303084056262	20.2922662037197	20.2950289629213	20.5272036332726	20.8246358225884	20.1417849974972	20.7355912532201	20.5311035425134	20.2221753685333	20.998666172397	20.4622266033599	20.8315060647693
18.2893541972409	18.4598032156271	18.3507425273407	18.0781717045204	18.2022442236845	18.2482471045988	18.2089273432164	18.2276979720619	18.2156239543897	18.1241487260644	18.1225660358529	18.0199647168801
20.8633308078911	20.9729298982991	20.9811310233534	20.7637237068355	21.0052785020786	20.8264505554321	21.3233562351354	20.6979937774261	21.0036784807201	21.1250459720223	20.8763800359946	21.1843715509951
20.8633308078911	20.9729298982991	20.9811310233534	20.7637237068355	21.0052785020786	20.8264505554321	21.3233562351354	20.6979937774261	21.0036784807201	21.1250459720223	20.8763800359946	21.1843715509951
20.8633308078911	20.9729298982991	20.9811310233534	20.7637237068355	21.0052785020786	20.8264505554321	21.3233562351354	20.6979937774261	21.0036784807201	21.1250459720223	20.8763800359946	21.1843715509951
20.8633308078911	20.9729298982991	20.9811310233534	20.7637237068355	21.0052785020786	20.8264505554321	21.3233562351354	20.6979937774261	21.0036784807201	21.1250459720223	20.8763800359946	21.1843715509951
18.6116610509536	18.7213242430376	18.5444317877037	18.6827680786185	18.6665432901257	18.5128902447632	18.616889169659	18.7149611302838	18.5428171403356	18.7504513845364	18.7061139772814	18.7749555849233
18.6116610509536	18.7213242430376	18.5444317877037	18.6827680786185	18.6665432901257	18.5128902447632	18.616889169659	18.7149611302838	18.5428171403356	18.7504513845364	18.7061139772814	18.7749555849233
20.0400570730931	19.9980603371722	20.2862419798553	20.1708371421727	19.8426796016083	20.1329363662842	19.891230826796	19.9288825241689	19.9843255593491	19.5632315919874	19.9829495712223	19.7789304487701
19.6244975684158	19.8427210583108	19.5897435982632	19.6169565651928	19.715768901643	19.6043027725887	19.736452032081	19.752982553017	19.5634742952792	19.6273978865495	19.6405393119827	19.6493325716811
20.8254120707091	20.9007520164061	20.8951455960093	20.9825289151802	21.2952583161906	21.0262267680423	21.5705111540866	21.1570638256174	21.3218372718999	21.3865860248936	21.3432808560035	21.2265711108443
19.6291074985267	19.7519263688679	19.5506662166126	19.4459290465695	19.4783335857646	19.7934347783634	19.4311106399222	19.6667585494201	19.6565479774565	19.8018889198419	19.5508699743239	19.8706242108309
19.0509710130959	19.0227445054352	19.0913391547473	18.919340057497	18.8481766037899	18.9682299101709	18.9476123824278	18.9516092006378	19.0718059411066	18.833113778443	18.9435822328029	18.9212956419662
18.4292656024612	18.3018756802193	18.1303176380432	18.3504130394003	18.519336150586	18.3165735982877	18.2405977594914	18.361263694382	18.4560247559629	18.6406224426625	18.5058118394353	18.6014010928706
20.3107850444035	20.282224287104	20.7555674179837	20.8558009823311	20.7689894913603	20.3003776903933	20.5973882574062	20.6106876248417	20.3876771703461	20.7322171336225	20.3745955262138	20.7468675135036
17.9720202110436	17.8935848350351	17.974749285498	17.9159372607926	17.9022995431044	17.8627572075174	17.9257358671777	17.9250771283524	17.8827032745616	17.8022820716729	17.9070688361957	17.7580251053515
17.5472784045589	17.5292133288495	17.4932688789797	17.3279203731097	17.0448791698897	17.5363511111341	17.2217114377911	17.3102533916893	17.585743851679	17.1098673342658	17.3842504761388	17.2686426036079
17.9547695998459	17.9529415127877	17.9275274380562	17.7110399084578	17.8365483649147	18.0563874074326	17.6488908259765	17.7966552448131	17.6925241620757	18.2672240325609	18.2102071091934	18.0800078771415
17.6405710112908	17.6050403979574	17.6336737293327	17.6517848166146	17.5528850578702	17.7593551401969	17.5045004363108	17.8057287123043	17.5910088470741	17.4044970227465	17.6615842852363	17.5921577852128
19.0629799620732	19.0610340094521	19.1353237881014	19.1012870104996	19.0472593010568	19.0731140725674	19.1010203166604	19.0923288327844	19.0346486100703	19.0015908305071	19.061694994643	19.0070924974203
18.4089014797984	18.4920229842913	18.6356211781029	18.3857505050471	18.2044771429203	18.4292268933576	18.3840545334265	18.4896743714171	18.4997249328385	18.2697104663696	18.4502802642488	18.2857871242695
20.2376590117649	20.3383557115333	20.3293907803305	20.0986628118696	20.3341507709522	20.1203416673291	20.6024172099376	20.0134185894978	20.2681844035896	20.3629772521065	20.2535979351728	20.5075543582616
20.2376590117649	20.3383557115333	20.3293907803305	20.0986628118696	20.3341507709522	20.1203416673291	20.6024172099376	20.0134185894978	20.2681844035896	20.3629772521065	20.2535979351728	20.5075543582616
18.6655135954434	18.4971803292496	18.5400514046879	18.616068380579	18.9433760901436	18.6690629398658	18.6375204197019	18.8232740949538	18.6626916181237	18.6939197469991	18.6356421836781	18.7103945615523
19.895305937759	19.975551107026	20.0583949970593	20.126987250541	19.8500718132906	20.1784976804099	19.8251347215712	19.9047831093553	19.8442880304172	19.6407540658492	19.8476878358387	19.7737685026832
18.1261149231931	18.1595888134637	18.3074511260727	18.0501432605131	17.5791956478967	17.914378470048	17.88871305337	17.7385414507291	18.0005740566602	17.5452095667911	18.1506483655073	17.7668112287786
18.168853299152	18.0897109700518	18.2040055810226	18.3116667028116	18.4191120383565	18.0118321585694	18.4775900191199	18.2532948748649	18.0486603005071	18.3855658479837	18.3236967320507	18.1961347142736
18.168853299152	18.0897109700518	18.2040055810226	18.3116667028116	18.4191120383565	18.0118321585694	18.4775900191199	18.2532948748649	18.0486603005071	18.3855658479837	18.3236967320507	18.1961347142736
19.18943411101	19.1302505789403	19.1872339943672	19.1109328790434	19.1283298496941	19.1821563994843	19.2503364258032	19.1374676003099	19.2793760969192	19.1215614007151	19.2543636955903	19.1221766391432
17.1254073543993	17.1165952145333	17.2724538068351	17.0124644334723	17.0649583843451	17.059498922409	17.2710875094209	17.0285557528751	17.3234565696331	16.9598337745046	17.3343791657167	17.1692435264364
19.4499292505358	19.1830944166156	18.9996352896346	19.0401812749053	19.0329273913011	19.2053596746621	18.9340810666825	19.1906838496868	19.1977762644889	19.1487376310669	19.1203351383641	19.2174514221453
19.1255554496238	18.9598812004977	19.046089861418	19.065386495214	18.9532565993602	19.0667680263447	18.9264749375018	19.0225348805898	19.0746770931399	18.8625902589817	19.0130460358596	18.9070974361417
16.856723418875	16.9329636271912	17.1460710189275	16.9782918678758	16.9778380531244	16.8997225875541	16.992328999139	16.9257976682252	17.0398778403906	16.831492225144	16.8569470831207	16.7733883458994
19.9282315615598	19.8708498425226	19.8447404513179	19.6536482376513	19.3695322027078	19.9448981851914	19.4436026147478	19.5458497535659	19.8341588776505	19.6261576139198	19.5373375246798	19.5248171895194
19.7723634660705	19.8153531987619	20.0075223856038	20.110573090629	20.3834878441154	19.916589442531	20.3973249342636	20.0817323420443	19.8877566768406	20.2219500851216	20.0605301342473	20.2687647905317
17.823542281177	17.8293857831221	17.7116549589596	17.8037591742537	17.9552832870841	18.068065111817	18.147921153398	18.0138816225179	18.2679905863729	18.0804040524779	18.1059612111167	17.8717038943213
17.4614269383851	17.4459136280249	17.4355835957847	17.629732052498	17.3316797894944	17.4784634386496	17.1324130390032	17.2814379620394	17.6102130338234	17.1052763946291	17.3437556985084	17.2690733919771
17.4614269383851	17.4459136280249	17.4355835957847	17.629732052498	17.3316797894944	17.4784634386496	17.1324130390032	17.2814379620394	17.6102130338234	17.1052763946291	17.3437556985084	17.2690733919771
21.1833498360663	21.2738938083986	21.2159371755508	21.4494591592714	21.5736146921659	21.2277356128874	21.3473828413147	21.4393517055728	21.3113513638141	21.9929547600742	21.4940898726536	21.5396355763267
19.2370231310314	19.2569668426642	19.2263068161513	19.386493506581	19.4227007335279	19.1932963030091	19.3191509235029	19.4251923580794	19.0624758025796	19.3833172121826	19.2168259246317	19.2467938416168
19.2691156763753	19.2896634822231	19.2017778861224	19.2812343282227	19.5027989250895	19.1638096643627	19.4260399864743	19.2292931725301	19.506926825026	20.0051354752895	19.3979031491981	19.712257244073
18.4164120888879	18.1351045459461	18.1707792775205	18.410343719566	18.6742747445	18.314102436507	18.3655832315397	18.6677269092138	18.2871942990953	18.6253284664797	18.3726302732307	18.5557776653007
19.4009948915856	19.2941129695813	19.384876607529	19.1715613873438	19.1937621736322	19.1956149244518	19.1675540957432	19.2780585319423	19.5539189334363	19.4915274856284	19.2380067142541	19.2696471206054
17.3723944051235	17.4711658430391	17.6219707772998	17.554924743402	17.5147192399336	17.3875521671762	17.451413367307	17.5027500785271	17.3826759394388	17.7134832947922	17.2104372684038	17.8688242971025
17.4510548365288	17.433009048405	17.3912584794064	17.3489725322525	17.4784769069069	17.4665295266594	17.468963951705	17.4891481711307	17.5114132450706	17.4931372295471	17.3909385710649	17.3670411065038
16.9196547008346	16.6054726859896	16.5427972971607	16.9242838314649	16.704100819408	17.1247358524446	16.5552349045885	17.0517064685892	16.6959805552072	16.4753485642633	16.6256220478422	16.4822122160045
19.6386115456264	19.6714880028426	19.7480972058369	19.6379683974901	19.5883137113014	19.722225713032	19.6214288380599	19.6865864927364	19.623940865895	19.6966104118391	19.6271537834908	19.6025721658592
19.3497833017854	19.4643218727782	19.4166748778515	19.1931330393886	19.0864380291215	19.4189907956197	19.2622088387865	19.0245063326277	19.4777305750028	19.0532204425785	19.2654924130854	19.2123009913151
19.2035105501043	19.2545898932557	19.2938468277243	19.3220368993019	19.4124652956961	19.2109601754334	19.3136487789555	19.4780289092973	19.0780767465913	19.4250726552636	19.2577612547329	19.327134919129
18.5015748450102	18.6146996270713	18.5241485181249	18.4904346144186	18.5307946179989	18.4466340429352	18.5534048612879	18.5239006557387	18.5545912173668	18.5025528115829	18.5431901792778	18.5283640821549
17.9917931499828	17.9208065433892	17.7190150535898	17.8907588949654	17.2542239697422	17.9552085771144	17.4273374676528	17.6750764431128	17.727718058735	17.5472151756182	17.5656982870502	17.3992493802891
19.4368644050315	19.494174035198	19.3593343316521	19.366604930442	19.3350568864705	19.3685829503391	19.3882160807467	19.4881001003692	19.2435206824672	19.3204340721378	19.3883252014473	19.2886954203925
15.580999923831	15.442316840386	15.4280169914061	15.5833765380787	15.6824101730009	15.5619257541393	15.34067868603	15.6025312049226	15.2667464150702	15.4936264135599	15.5682191033326	15.5157788118061
18.1331742811855	18.4206227507932	18.3919746635931	18.0204680555497	18.0616695087551	18.3334182452851	18.34010515728	17.9814551813092	17.8382917051376	18.1455968967653	18.2685321534749	18.4628601194918
20.4103304111988	20.342505521434	20.1913486764267	20.2640328472548	19.9771180548764	20.1795222898057	20.0721851034428	20.1283269958685	20.1168851036754	19.8866427084139	20.1711443921631	20.025486131967
19.7432095304109	19.7619422091699	19.7120219027198	19.7213649210965	19.7940286098319	19.7015698957413	19.7159392718723	19.7258563626988	19.6468407035013	19.8166677340558	19.7434568356129	19.7714985412319
19.9141689995883	19.9551661805269	19.8719445987845	20.0422658089349	20.0792553132783	19.981941813688	19.9072347906889	20.1325169335137	19.8940131301871	20.044124541096	19.9434071026917	19.9634035854597
19.6858059398977	19.8289808307542	20.0952110388964	19.9333276590008	19.9657990267886	19.7943243527682	20.2700389719786	19.6408743226913	19.9069854093039	19.7602734473298	19.8521829634923	19.8880767837099
19.6858059398977	19.8289808307542	20.0952110388964	19.9333276590008	19.9657990267886	19.7943243527682	20.2700389719786	19.6408743226913	19.9069854093039	19.7602734473298	19.8521829634923	19.8880767837099
18.4885295246911	18.4854933893505	18.6069103837457	18.7539710902613	18.8388612800046	18.5246727316624	18.7191266535647	18.6839795873087	18.4917522138534	18.5844624150835	18.6457427040204	18.5769275001597
20.4211121988998	20.4701630559664	20.7231469010056	20.5288958187057	20.1408619773493	20.5292762258967	20.283069981901	20.3200995771181	20.4499369883758	20.0684717675011	20.4490336141521	20.2698758196645
15.5580453584274	15.2492103956711	15.4079077099743	15.2968596980915	15.5917257518861	15.2866165140332	15.4742723248829	15.4406011128053	15.5556937524031	15.5433517666331	15.5539642037785	15.5518705707605
18.0877678132622	18.1758440720774	18.1606383632323	18.2731587464506	18.1345470146979	18.1386090439607	18.147116271192	18.2221463675344	18.1081050129206	18.0036146243734	18.1526298989106	18.1108587586201
18.4862810323903	18.4641802200359	18.349893524656	18.3296842912019	18.4885686670535	18.5354251287052	18.3376199394449	18.365052012647	18.504182147156	18.6340759034517	18.4095774437087	18.6221820696022
18.7923393627609	18.6851528384358	18.7262960824165	18.7361099165014	18.898843592661	18.7845577772262	18.7090721302619	18.893811580743	18.8175458511658	19.0408988276697	18.7335707922892	18.8031749756742
18.4846156551647	18.4273142045238	18.5262993392113	18.6106449175932	18.2482713935037	18.5317329890919	18.1973525434695	18.4893066618858	18.4972587056579	18.3410554901946	18.4768394745309	18.4028617072253
18.4123407848156	18.4986736865656	18.4150393390196	18.179872783148	18.5632259039462	18.367481795959	18.4490537079678	18.2863561377206	18.6569890938145	18.8503688963039	18.5767782124039	18.7391602570602
20.2622652208254	20.1389790753132	20.0466376953229	20.1090283472702	19.9106327660341	20.261029737851	19.9056796314113	20.1952542199337	20.125815378786	19.8560151336119	20.1178836944951	19.8852910719598
19.6721292084082	19.5853906876707	19.7601358390179	19.5749671899024	19.6349163939396	19.6457332234606	19.4174194662227	19.7948823684722	19.5987081119386	19.4777615769636	19.6883153116791	19.4865270769661
17.7678568602156	17.8257359477016	17.735293380219	17.521058386248	17.4824597473564	17.7149202089664	17.6979992468386	17.6531752772885	17.816381033845	17.6153224691569	17.8070191790373	17.7680705835784
18.0233669135007	17.7012036593885	17.691943462852	18.2597644183243	18.2030312449867	17.9666788672043	18.1460403067126	18.2498394832676	17.7901030258372	18.1541267910072	18.025957535494	18.1012010579022
18.4880202517118	18.7615683140246	18.4683195790185	18.5343555648595	18.63022219901	18.58353827976	18.5177868346116	18.623501243989	18.4808031754251	18.5911292604973	18.6237533592904	18.5325547198991
16.8063705806581	16.930497875891	16.7471328246415	16.7864619739994	16.7595360477288	16.7941255868467	16.7164095552786	16.888725014999	17.0287511326144	16.8299918223844	16.9244236166847	16.8820656289774
19.579940260062	19.5484670254002	19.5249652060281	19.7005570468866	19.7076498784507	19.4813352945748	19.5653654958243	19.7353401447223	19.4487953783489	19.6250492124701	19.4806545330793	19.5295379924943
19.579940260062	19.5484670254002	19.5249652060281	19.7005570468866	19.7076498784507	19.4813352945748	19.5653654958243	19.7353401447223	19.4487953783489	19.6250492124701	19.4806545330793	19.5295379924943
18.875023108244	18.8027224182948	18.5929141904975	18.5864893499061	18.4429826473512	18.5248571384004	18.5966799157688	18.553087910805	18.5582865060712	18.4437651608384	18.6836890531933	18.4599506079544
17.9756217596852	17.9077103960786	17.851972754252	17.8753763624733	17.7544026100103	17.9629845691669	17.725184234156	18.0011559566354	17.8604407291117	17.7496135424523	17.850912524077	17.7176230628806
17.2211328127158	17.2246874286457	17.1002983072315	17.1319775881154	17.1357248910899	16.982650793285	17.0667079644966	17.2012988498832	17.4068399219823	16.8906104866693	17.2833453658922	17.1719132703724
17.2211328127158	17.2246874286457	17.1002983072315	17.1319775881154	17.1357248910899	16.982650793285	17.0667079644966	17.2012988498832	17.4068399219823	16.8906104866693	17.2833453658922	17.1719132703724
20.4483446229069	20.8072147022285	20.6247978352498	20.5115577052818	20.54120767342	20.8301344865414	20.6141754119945	20.6392612603479	20.5338718058187	21.1427890244152	20.5676253117643	21.0813886047931
16.5488936237822	16.809805473119	16.9740319491743	16.7333677738341	16.681876127887	16.7283742252798	16.706912926499	16.951111968359	16.5637449966298	16.7664992097259	16.6635117444523	16.8112924225801
20.1802287662886	20.2947424137244	20.2161575294686	19.8912277931034	19.5992849105376	20.1447080236163	19.6532752136543	19.7719661082675	20.0867864241533	19.7113761225332	19.9295978173259	19.89323995181
20.1802287662886	20.2947424137244	20.2161575294686	19.8912277931034	19.5992849105376	20.1447080236163	19.6532752136543	19.7719661082675	20.0867864241533	19.7113761225332	19.9295978173259	19.89323995181
16.7043534783306	16.8541925078139	17.0091488838738	16.8486583737173	16.4697530556975	16.9015528167566	16.7210089620944	16.7821368448575	17.0538295169877	16.6844926783436	16.8274274640095	16.7265643426237
17.9695723674872	17.7732566830677	17.7833309178556	17.8795924237721	17.6748779922519	18.0390123014743	17.6802789423248	17.7383445174496	17.8978471181471	17.7304196695414	17.89575144585	17.8212592815365
18.2549285791854	18.0183785960698	18.123687012649	18.5918777660549	18.4771325206417	18.3040333826946	18.5005513608523	18.627993810132	18.165374767475	18.3724169550168	18.2453574538277	18.2741279225856
18.9785531367166	18.9684545834347	19.0364346950447	19.0833642741489	19.394271218493	19.1890920369264	19.4620064894325	19.2846591288271	19.2576903600976	19.5947628972955	19.280503077818	19.3611287791089
19.4060357885521	19.3861139156463	19.4106469770724	19.3340753226855	19.3064989615722	19.2920552636305	19.2891882939883	19.3392366655877	19.1975867308591	19.1924374902394	19.2273037609017	19.1996750445297
19.2871456434357	19.3474723320338	19.3154091253741	19.164739823359	18.9985652208919	19.1926540996819	19.0627767273131	19.1477865582503	19.1129611520323	18.88912862455	19.0750497823532	18.8792159614792
19.2871456434357	19.3474723320338	19.3154091253741	19.164739823359	18.9985652208919	19.1926540996819	19.0627767273131	19.1477865582503	19.1129611520323	18.88912862455	19.0750497823532	18.8792159614792
19.7963016521412	19.8612702935705	19.8469779903011	19.8576274422465	19.8472999279744	19.850111480486	19.8861059923769	19.7186720408414	19.8621380274005	19.8524948336761	19.8492020386835	19.8831189406873
17.9684300985488	18.2106980991728	17.9303578337229	17.6681206834238	17.7241282384006	18.2346992212938	18.0190736657153	17.6174532640551	17.9367644937796	17.8612889116581	18.0472437918223	18.117139286316
17.2641137910568	17.5489742319522	17.5251569143869	17.3862950986195	17.3996631398558	17.3373687456099	17.3958852182507	17.298482368518	17.3686653851374	17.4072997212386	17.3027330389964	17.4572952617129
19.295795085966	19.2798213513175	19.2046880252668	19.5271090169349	19.5276862157113	19.3588496313883	19.4501546943094	19.5907658581696	19.1781582681552	19.3491557876258	19.281223812671	19.3211426538472
19.506997576425	19.5918574559251	19.6352267840286	19.7054181033363	19.9890705599103	19.7946250849444	20.2670194253536	19.8062781017624	20.0818405875996	20.1661055305449	19.9988435997904	19.9963281818733
18.2377924813541	18.2763280505722	18.2191943652948	18.0001047395734	17.9259363750687	18.1658655377086	17.9863981742946	18.0489789730929	18.0209563407125	17.9241245866658	18.1526519774338	18.0668950371289
17.3433231861038	17.3938652215408	17.4489295393848	17.356968018414	17.4350675579489	17.4844634466565	17.3276637625862	17.5114806061071	17.3690507202428	17.5510344925555	17.3888604450662	17.4164891963026
13.9731565086354	13.8687646847733	13.7232777817797	13.8563297585848	13.6563796555887	13.8980145174397	13.2998165202596	13.5115015132601	13.9975753743563	13.7688040104865	14.1807363356503	13.9429185425734
16.836551643384	16.9339910856498	16.9378503676571	16.8991534468322	16.8902041613186	16.941793995648	16.9828271877915	16.7089848712289	16.7049184528832	16.8796753194359	16.9166440160592	16.8422470101373
18.8040717028587	18.568892713811	18.7770349737618	19.2393968956788	19.0404451292459	19.0336002388463	18.8579898334041	19.29469856576	18.7964213208445	18.9427406148519	18.8088550057727	18.9152693468927
18.4863792944765	18.5084425509687	18.6091182983659	18.577782876342	18.7290231406682	18.4706529360703	18.421236082692	18.5601782565828	18.6423226027462	18.6938895976105	18.5513378423976	18.7280135191534
16.8507766827642	16.9243896003301	17.0563671061256	16.9393346505206	16.9202887463022	16.9719318608189	16.8422868484985	17.1677792168181	16.8520150053443	16.7262002519681	16.8918991805233	16.8170126280176
17.340981848172	16.9858475067869	16.9677323390159	17.1494560420532	17.2836208652715	17.1329732669469	17.221163812841	17.250173669699	17.2050561993212	17.2280987564439	17.1622159773574	17.0416848881093
18.7647312945327	18.6894037203884	18.6424806582188	18.6636247496738	18.3749056062318	18.6796020535371	18.5842620920279	18.4240984501803	18.6463830742483	18.3553755041147	18.6658510589633	18.3945683558023
18.7647312945327	18.6894037203884	18.6424806582188	18.6636247496738	18.3749056062318	18.6796020535371	18.5842620920279	18.4240984501803	18.6463830742483	18.3553755041147	18.6658510589633	18.3945683558023
18.0798079745089	18.1274544746186	18.1297698862388	18.0691678912126	18.4041025738214	18.0866745056441	18.2342231795833	17.885698905601	18.2887607563599	18.3824280600652	18.1750900355093	18.3739494990213
17.7882034482016	17.6846697620584	17.6747309762262	17.8229773043564	17.9131340509833	17.6609674823928	17.8632403714901	17.7636415769119	17.7359761424196	17.8659531152175	17.780105053918	17.7375663009571
19.602711007246	19.7427585240426	20.0246861169984	19.8503317198964	19.8425882854983	19.7094747962	20.1855327705435	19.5271359791166	19.840500433858	19.6513365389739	19.7651747053157	19.7920269244037
19.602711007246	19.7427585240426	20.0246861169984	19.8503317198964	19.8425882854983	19.7094747962	20.1855327705435	19.5271359791166	19.840500433858	19.6513365389739	19.7651747053157	19.7920269244037
19.602711007246	19.7427585240426	20.0246861169984	19.8503317198964	19.8425882854983	19.7094747962	20.1855327705435	19.5271359791166	19.840500433858	19.6513365389739	19.7651747053157	19.7920269244037
18.239168469614	18.497172438224	18.6718962101825	18.2195148227594	18.0395207558727	18.4855959506893	18.1527168869338	17.9949983897412	18.2649542422432	17.856597551667	18.130922298298	17.9141093618566
17.5847372913896	17.1794829612328	17.2682650646465	17.5674770507852	17.8422717143865	17.7415380660888	17.3042632047817	17.886468479546	17.4990644842085	17.5647528964017	17.7402396523191	17.5698381698644
18.5011742293658	18.4844663626304	18.4130223785307	18.4924603744985	18.6372785214919	18.403082918814	18.4360985318034	18.6150808153945	18.4441600120398	18.430193737197	18.5310581859389	18.419490413152
17.696681804867	17.7425714476809	18.0559658970505	17.4949819084132	17.6901931981623	17.5412091965485	17.7458633267638	17.6979355457717	17.723075414732	17.5475124102653	17.7007771737864	17.6783821652998
16.9326254272699	17.1129262824071	17.1665627477647	17.0450868032196	17.0602684619046	16.829160237356	17.170975019161	16.9939935714728	17.0257838499916	16.967967200275	17.0768944813589	17.0398604526606
17.0854338833376	17.0544922573668	17.0339279175523	17.1764220818924	17.0173352852106	17.2176339203339	17.102226726727	17.0052969443101	17.188769578286	16.8504867282797	17.018058038812	17.0438481155998
19.2716202993386	19.2437182765244	19.2126445682376	19.169185440846	19.2096450753172	19.2329673069624	19.3493102444271	19.375680530361	18.9405091766173	19.1403090549841	19.1361862330892	19.1724504706061
18.3323484229154	18.3384946653274	18.4396834950215	18.2312391678266	18.1399823887818	18.1904419403323	18.2916578597716	18.0183067159083	18.275511895399	17.9076411151403	18.4035612804294	18.0367989974538
16.0359821019794	16.2675083458838	16.2238819630104	15.9596664276933	16.4605333605778	16.3289222580425	16.1982212828499	16.2154698362309	16.1820321179258	16.2870308219185	16.3616577554388	16.4098241383155
17.8036695716669	17.9139632804506	17.8708899533566	17.9333043866398	17.911217553405	17.852359066137	18.0149115528	17.8806561484113	17.8583464776514	18.0232183370652	17.7681548704758	17.9250025377789
16.75682177534	16.7957932701508	16.7760277921786	16.733535193476	16.548086683973	16.582797878346	16.560855394269	16.6446118648989	16.8730680990513	16.5475296628559	16.5678288966614	16.6795197858888
17.9131328123215	17.9202703337248	17.8414023364439	17.7878559049534	17.7888370273042	17.8604420503241	18.0954134161797	17.7399022255149	17.8774589947233	17.6067194976626	17.8864824318194	17.8140217394976
17.8773482064475	17.7378921419745	17.7501926064976	17.8640649633563	17.9826848906936	17.9226901965518	17.9149630690021	17.8536216042389	17.8493469152197	17.9824919546012	17.7252129953444	17.7803257070805
16.9374116031556	17.0477184138587	17.6096631743829	17.326115870569	17.0370842686891	17.1605636862383	17.2656040838714	17.0447737256065	16.9889923228579	16.637770295148	16.8124605007515	16.8189364153389
16.6511298884141	16.587043945099	16.3017221391923	16.7188681768586	16.8305744914698	16.6617229077086	16.6999747670684	16.8067074676129	16.6016936311674	16.7452708051287	16.5421696894452	16.6485093052274
17.4614269383851	17.4459136280249	17.4355835957847	17.629732052498	17.3316797894944	17.4784634386496	17.1324130390032	17.2814379620394	17.6102130338234	17.1052763946291	17.3437556985084	17.2690733919771
16.7623130718569	16.7995906731455	16.7879513978443	16.7027388625778	16.9542650646557	16.8175998173678	16.9248621615627	16.932233018034	16.6316049668125	16.9344648277505	16.7226601400533	16.7900489510263
17.8695995430565	17.9245430895335	17.7253064132273	17.741269262862	18.1311982728595	17.7704305396397	17.8041739872067	17.9996595350518	17.7313542368125	17.9548900548583	17.7838117305934	17.9320275224178
17.7306496217	18.0898272950029	17.7639833423983	17.4026743152259	17.3316294772546	17.6586612635209	17.5110395048143	17.1342433995168	17.5979844096628	17.9828581157085	17.1500392077598	17.7714221907073
16.8058140631177	16.8128127949085	16.7059416179323	17.0490365554183	16.7126865458331	16.7219112010108	16.7114153226513	16.961779893952	16.8308575918316	16.735646312495	16.8462998662367	16.813332574002
18.6169696581971	18.4589490398395	18.3198727923579	18.4455443130815	18.6713709510573	18.0757021540832	18.7367241826388	18.1724998178833	19.1570048212221	19.5732318602347	18.8475627741767	19.2818478812947
17.2029695446727	17.1740803838155	17.0641481887879	16.6838644452788	16.3020285676787	16.8641662705655	16.3672515750434	16.8096173470715	16.6539745945995	15.8704416748029	16.4356732950848	16.1536065750536
19.2514640358947	19.2558049715305	19.3207687004361	19.369209938815	19.0734719735662	19.3369120404657	19.1552249524114	19.2197043199503	19.3507933675692	18.952114727422	19.2568285992247	19.1381995147604
16.1081486050952	16.2117162298638	16.3300639873813	15.8024557902113	15.4123137366482	16.2158161571943	15.7550964785867	15.6627091574617	16.0321868818419	15.2151388942303	15.8214813579591	15.4633507610631
18.1244582738074	18.1168716575028	18.1826948622385	18.06156796118	17.8765954573289	18.1273432706744	18.0244875812329	17.9186794290346	18.2207276286401	18.0445054612022	18.1335780486284	18.1420293950457
17.8071652516135	17.9613915135617	18.0099368916217	17.9151479887023	17.6958995275687	17.7133719335063	17.9898699837814	18.2740424142825	17.7691097272077	17.3820695648693	17.9896314542555	17.6050183493594
17.3902408962729	17.1913367298261	17.2825521632213	17.4168584234127	17.3987636192029	17.1301032795345	17.4633464281107	17.3078113017158	17.2931020306513	17.1588267436236	17.1972497217734	17.3216572046392
16.2914657476528	16.2851847506424	16.243167136126	16.1917853418368	16.4028755146286	16.3712113134613	16.0440218187504	16.125334898141	16.1360707460407	15.9850129877837	16.2206291058351	16.0320733549264
17.0252517299626	17.1876372351461	17.3454402100262	16.8834528556701	16.4975703589259	16.9039338302666	16.6581982493375	16.716225987938	16.9318424617654	16.7632477252707	16.9877434866741	16.7792836087093
17.7082672617551	17.6523805436376	17.7228167246586	17.6450547797015	17.9073077995316	17.5018209744351	17.9352081056974	17.5681917330095	18.0609250619706	18.0902160381067	17.883781871407	17.9290914271949
18.2292589668472	18.2585195042172	18.259135053676	18.0488320392433	17.9300744206956	18.2345867842056	18.03062120163	18.0719334352812	18.1986379962293	17.8699651795274	18.1280362168409	18.0591430595499
19.5819499276884	19.7175009769984	20.6974216331386	20.412079616638	19.7614027694568	18.9229681922777	19.9460909504598	18.7447337425258	19.5922645438071	19.6838271070047	19.4146433754181	19.8124827676639
19.5819499276884	19.7175009769984	20.6974216331386	20.412079616638	19.7614027694568	18.9229681922777	19.9460909504598	18.7447337425258	19.5922645438071	19.6838271070047	19.4146433754181	19.8124827676639
19.5819499276884	19.7175009769984	20.6974216331386	20.412079616638	19.7614027694568	18.9229681922777	19.9460909504598	18.7447337425258	19.5922645438071	19.6838271070047	19.4146433754181	19.8124827676639
17.6484756415789	17.6179572897112	17.5284771168529	17.3753350450797	17.7499482923941	17.6534267568726	17.7130130753768	17.6333688742886	17.913279193062	17.6012688138891	17.5883117025965	17.6822107256676
18.0712243859811	18.0385019698545	18.0232771443687	17.6899974277681	17.6931973544662	18.1200157286825	18.1200257427555	17.4292825999652	18.306893357895	17.7162235661688	17.8067824957839	17.8746024087
17.8930510235651	17.9000256693927	17.7655201307494	17.6058215274639	17.9991255623177	17.8965543549689	17.8369068759869	17.6235519949584	17.9577259151283	18.1637567834663	17.7756142561815	18.1619991231379
17.8930510235651	17.9000256693927	17.7655201307494	17.6058215274639	17.9991255623177	17.8965543549689	17.8369068759869	17.6235519949584	17.9577259151283	18.1637567834663	17.7756142561815	18.1619991231379
17.8930510235651	17.9000256693927	17.7655201307494	17.6058215274639	17.9991255623177	17.8965543549689	17.8369068759869	17.6235519949584	17.9577259151283	18.1637567834663	17.7756142561815	18.1619991231379
19.9772246337777	20.0727712444588	20.0101207473212	20.0010023911071	20.2089624709108	19.9358806759305	20.2235518437284	20.108446623051	19.92846028133	20.3240103099524	20.1696945728413	20.2781787786634
19.2247716895257	19.2760383726648	19.1825814247147	19.3546349691334	19.3948220669607	19.2766529574967	19.4228760978281	19.4099359907888	19.1340916489925	19.4067726254759	19.2518573409266	19.2246877468096
16.0213952587498	15.9489173975412	16.1900815441619	16.5453847903772	16.9862643096234	16.2348836994244	16.7251991055219	16.4831741385348	16.5696815003693	16.8539527184344	16.521979247396	16.7885066618322
16.5921106195843	16.5620142796775	16.5571281851839	16.2641870147153	15.7440925666415	16.1233501151816	16.0664400311337	15.8139620933094	16.4471930735482	16.2090539446917	16.2031332907881	16.2495787036044
17.9232125619771	17.7480937409045	17.7625191959664	18.1170527555412	17.9655006425917	17.9103809630485	17.9743249703137	18.1406515550867	17.8799906735135	18.0165224558106	17.9671673969493	17.8814612499413
16.6033900433414	16.8790315104024	17.0877070516013	16.7830853939435	16.9499530192669	16.6087606867943	16.8610161959467	16.7978620314949	16.5196849225905	17.1498511859372	16.7986953141391	17.2977850050736
17.024149460267	17.2656650867457	17.0901704791099	17.3372620697427	17.9957833945057	17.1078081436969	17.3293001418394	18.8202423803364	18.7875183590249	18.0366023024669	18.8418002877886	17.9261113271108
17.9794045379493	17.6116732565918	17.7947188234672	18.326644191507	18.6471802610276	17.9119526429639	18.1719096325414	18.5827643284302	17.8248762150941	18.3646298565481	18.0548918115021	18.2105421133131
17.9794045379493	17.6116732565918	17.7947188234672	18.326644191507	18.6471802610276	17.9119526429639	18.1719096325414	18.5827643284302	17.8248762150941	18.3646298565481	18.0548918115021	18.2105421133131
16.8591461188666	17.2138732514541	17.2719690518789	17.1698170239589	17.0460253954403	17.0824273413202	17.2545211187482	17.1918481380473	17.0626528006048	17.09661415383	17.1187522884051	17.0261053115882
15.9058272625478	15.0397998417342	16.2369418509839	15.279662674522	15.6060064528126	15.0084342495937	16.1151866880958	15.3538748850954	15.0974141332639	15.7023796301183	15.1617781010193	15.3294162731366
20.5175491659165	20.6943405426287	20.6380965742863	20.6202051491647	20.2891546060365	20.5748966797139	20.3827013660623	20.4131047966893	20.3333439368429	20.1296263725653	20.4938446951383	20.3712573396976
16.7375841500177	17.2663325137518	17.3632246813243	17.0578865593854	17.2395184035969	17.3015319081629	17.6076458449441	17.0409140064345	17.2513067110506	17.1986466549082	17.3796206136629	17.4887057783897
16.7375841500177	17.2663325137518	17.3632246813243	17.0578865593854	17.2395184035969	17.3015319081629	17.6076458449441	17.0409140064345	17.2513067110506	17.1986466549082	17.3796206136629	17.4887057783897
16.1211353328054	15.9796509355129	15.8216122380746	16.1375891850529	16.6308112946325	15.9806391117115	16.1372279976736	16.3519110391167	16.4417645775404	16.3970265751386	16.5225550368882	16.6114400210413
18.9037572934885	18.9930093041237	19.0688147750505	19.0708775940197	19.0755655910823	18.7767207781589	18.997845279168	19.0852460668148	18.803526869091	18.9162436191936	18.9282024688052	18.9373759898084
19.1223070947262	19.1761793356522	18.9729835146698	18.976879646551	19.0280140175468	18.9826397671548	19.0488572099456	19.0286187897946	19.1133916942756	19.180710058781	19.1409475946989	19.0758820157184
18.7556629364095	18.8812560113964	18.9611342824254	18.7769826222939	18.7403663417191	18.8410035675122	18.7821390818336	18.8137410966233	18.9146699356684	18.6344687317841	18.8109197382101	18.6607141325002
18.0607523427375	18.1378606784495	18.0277698749079	17.7748946344396	17.7344988755759	17.8838135045194	17.8212263974647	17.8362718493984	17.8409943994876	17.8107908952953	17.7716425507668	17.9319191520733
18.6244863098162	18.8982225608833	18.8419707027325	18.6025842413053	18.5402209051486	18.7354594636789	18.5688638241367	18.5158494249756	18.601562394764	18.4628103344712	18.7187568513302	18.5272521027641
16.3614023178686	16.3415110342813	16.5787167701261	16.6303219891725	16.6773236646995	16.4713140037709	16.4093491982601	16.5616496221969	16.3098572752028	16.3393724174621	16.4090186273494	16.3424468022732
18.2138246929065	18.1019367217903	18.2314549248027	18.3042147088072	18.3769878475144	18.2165237731654	18.3728513069336	18.3247017022882	18.4155332206287	18.3024551163276	18.4314337432093	18.2120807894038
18.0458978989486	18.2485912267933	18.3400560494349	17.8136425832622	17.4287901690394	18.2970691687032	17.622322584064	17.6482779485116	18.2518821819281	17.7755012476422	17.8818146518679	17.7007944581894
18.0458978989486	18.2485912267933	18.3400560494349	17.8136425832622	17.4287901690394	18.2970691687032	17.622322584064	17.6482779485116	18.2518821819281	17.7755012476422	17.8818146518679	17.7007944581894
18.6380209607548	18.6158247554887	18.8777724663767	18.5693131567834	18.3747768780665	18.706180154315	18.3601264393689	18.5108626320118	18.5131353060904	18.4683544603359	18.5852480389088	18.9490803396735
16.4793308350918	16.4665811614863	16.4978583073629	16.5614640567995	16.9318469409665	16.5298016601851	16.748968817798	16.6624024175484	16.4984109130118	17.0376722931204	16.522184471235	16.9698939523545
16.166845129838	16.1946404534537	16.3875458697025	16.1945760809581	16.1561455393262	16.1602523247542	16.1433066283749	15.8688146966153	16.3919388586919	16.3889798000799	16.6017358836604	16.6893216596718
16.8189095851051	16.6623587380262	16.6473326672625	16.97224195466	17.1306519443411	16.6551312343489	16.9446141451428	17.0592667156931	16.8151453724927	17.2478353681977	16.9100231472597	17.0071543229332
16.3911316945913	16.1647547855027	16.2687223204223	16.5460193973052	16.507629941272	16.1670777792413	16.4522948011094	16.6302936385519	16.216724860131	16.323840922088	16.5369982835313	16.4509295300802
16.9693738746471	16.8825337325453	16.8164201091863	16.8504624528555	16.9346874807739	17.1158240319405	16.9112682830073	16.771100066377	16.9641040334894	16.7935121407693	16.9120534702214	16.87782096821
17.2311218596002	16.9220644399003	16.7786089338054	17.0009095439181	17.4173727153238	17.150051248307	17.0936775916435	17.37495763061	17.111562750231	17.0210488133809	17.0581051393779	16.8476869068355
18.9787168173821	18.8394699022813	18.9662488684834	18.7346679756	18.2722515655346	19.0636603270186	18.3731600114194	18.6257873440392	18.6445338087076	18.1141728930147	18.5836902503503	18.3319321568063
16.8964993961443	16.902816580855	16.8889810151176	16.9040734497373	16.4705872332533	16.7083759907749	16.7363281510575	16.9090422858093	16.7995577313786	16.5827870056179	16.888093241563	16.6532458182792
16.6980976889161	16.5730267153867	16.5387169331413	16.8151743996724	16.9184119243773	16.5312026776056	16.7429855106807	16.7102580586159	16.5962909456161	16.9472512886252	16.7416756544604	16.604539616029
17.1952489409712	16.8938262771222	16.7700947744487	17.3477479357586	17.3561521539061	17.2215892870743	17.2455611455115	17.4443625465326	17.1567647802073	17.3546362941769	17.1504241391592	17.1678675229792
17.1952489409712	16.8938262771222	16.7700947744487	17.3477479357586	17.3561521539061	17.2215892870743	17.2455611455115	17.4443625465326	17.1567647802073	17.3546362941769	17.1504241391592	17.1678675229792
18.1770486064909	18.2646988422085	18.2346482504451	18.2518981344859	18.5549341295522	18.2449106638298	18.3116752391564	18.3189945928327	18.1293728906274	18.265047330346	18.1383230029862	18.1946597483569
17.6663539753585	17.5268579907041	17.5957348769344	17.3820810344173	16.9800668528292	17.5718136574074	17.1253368277007	17.2572768082511	17.2299411134371	17.0670493876158	17.0410278515227	17.3004110188227
16.3588598738819	16.2730964227548	16.4386801353064	16.2050659478034	16.1695955879572	16.2573117433485	16.0762689989578	16.1294901779078	16.294962293379	16.1550181169181	16.306847448353	16.3647055111699
16.7233326165794	16.6868334249469	16.4306193143255	16.7500335834629	16.9720634323148	16.7143943463243	16.8263341531889	16.8154326845429	16.7876219325111	17.0100220986144	16.9254400389497	17.0178527109995
17.8076834527098	17.8464342604452	17.9973028746895	17.5712171065039	17.5129496370185	17.7193571448804	17.5335618975798	17.3647649511107	17.6597863203363	17.6529736564413	17.9682346147054	17.9643487942123
18.8250501322903	19.0191945711752	19.041951414074	18.9699207097549	19.100121096327	19.1239800417164	19.4191535248664	18.9416831321889	19.4150406288882	19.2124750304307	19.2998705180628	19.2180018269191
17.760058631851	17.5290908490001	17.4276618808813	17.2355217336647	17.3670377278791	17.6031561639526	17.4123426844872	17.3491916653882	17.6904970629402	17.1235853316314	17.4751224484286	17.2833452946039
18.8977751726916	18.9111207760869	18.8304360346651	18.9668986460951	19.2519230518608	18.6752555606014	18.9677683150937	19.0255657688626	18.7247014972303	19.0437111324367	18.8044137267555	18.8873158398036
18.8382294778064	18.7342498805241	18.5422214817731	18.6640063842113	18.919534436984	18.6976471450381	18.7123587674408	18.8215035838408	18.7727599024601	19.1600843681071	18.7879692487954	18.9318953164939
16.4439070088258	16.366230622884	16.3378691238064	16.622993586337	16.7687405396821	16.479215260277	16.6158955684732	16.7730056911531	16.538493672917	16.8288780428492	16.4776017748353	16.684912614409
18.3595268311384	18.4171030953566	18.4351940031788	18.0552193769237	17.6939064845894	18.401443784596	17.7629292712671	17.8755744556907	18.3417722447484	17.954778713796	18.1252479273477	18.054352164648
18.3465781133363	18.1870585361554	18.3222558612818	18.4791673093106	18.4713393175316	18.3441568035692	18.3570841334542	18.6538195497495	18.3616402975888	18.3707630859521	18.3688743480323	18.2953902852524
18.9104854334535	18.6655757507617	18.6955881730486	18.9013518651836	18.5338183893395	18.874171513003	18.3287969707546	19.0915513083604	18.616469066497	19.0447379061647	18.6294887956139	18.9851684319191
18.9104854334535	18.6655757507617	18.6955881730486	18.9013518651836	18.5338183893395	18.874171513003	18.3287969707546	19.0915513083604	18.616469066497	19.0447379061647	18.6294887956139	18.9851684319191
17.3883155769766	17.1991048057088	17.3223019762766	17.2667549417239	17.1511278599266	17.4366218499227	17.2122365807805	17.3048252069237	17.2733319589041	17.0074067446562	17.4402420782999	17.1111209341072
17.4767972331874	17.5364943676168	17.5508192296228	17.6985440616759	17.9052192211578	17.514004889196	17.8385091904371	17.7172641650929	17.5154205443506	17.8135085214059	17.6414844487698	17.7408519759774
18.1305302724145	17.9313536263603	17.9693244063051	18.1347246746721	18.3750495263821	18.0767279698481	18.0993182017701	18.3561185384722	17.9909413687135	18.1145336818884	18.2047748284552	18.1328127680785
17.2253542740748	17.266041379285	17.3298444706564	17.1841097321168	17.343541130808	17.3895537130999	17.2486828365413	17.4858783705693	17.1740901539462	17.1887418796689	17.2419173775317	17.1692662605535
17.1789904112804	17.348651194982	17.4561721621358	17.2739696250415	17.5377986908788	17.3449018954965	17.5829831946607	17.4906919057166	17.1995270007559	17.6336395011829	17.2785502641061	17.3570133226816
19.3932160962789	19.4314124714717	19.4038088660956	19.4361073039053	19.5178295255989	19.4611712688766	19.5216393527879	19.3119474534771	19.4588958147727	19.5068234389013	19.4878854183437	19.5512505470198
19.3932160962789	19.4314124714717	19.4038088660956	19.4361073039053	19.5178295255989	19.4611712688766	19.5216393527879	19.3119474534771	19.4588958147727	19.5068234389013	19.4878854183437	19.5512505470198
17.0721395902696	17.0548256170484	16.9840460349681	17.1857404263623	17.0933531125926	16.9708463829468	17.2468358874921	17.2416270634731	16.9368458174636	17.1990506932055	17.0271522365769	17.0081389022282
18.614651395559	18.526324715079	18.5401661901285	18.7671933828722	18.8834957532873	18.5469255971895	18.7402999813274	18.7759248898594	18.4932879985348	18.7814768872649	18.5560581983325	18.7673545744572
17.5922316435774	17.6991065221285	17.8519492694323	17.4116683235095	17.2710562449508	17.4480470564637	17.3956530183542	17.3337803269105	17.5529462207601	17.3857179856713	17.4794099283385	17.4752293748791
17.7255774637803	17.3210078665686	17.2570820441782	17.7069303243387	17.9197267010466	17.540884014953	17.6868805102813	17.7494297382193	17.7821645878644	18.0171306054639	17.6047453869338	17.762876734823
16.6166944028725	16.5653829640247	16.5800982258129	16.5874646137785	16.4180548874784	16.2754142256146	16.5130437994721	16.8160574845728	16.4182980501033	16.3706218692163	16.4752389406042	16.6248420030531
17.8633832429069	18.4042808328601	18.4159825334257	18.2086442427146	18.2492959409405	19.8561505095093	18.2474082069589	19.1821581506736	18.1214593796435	18.145285205301	18.0180186834102	18.3887664015444
18.3771789761925	18.4117111325287	18.5893325167302	18.7053315217617	18.4500728875574	18.4451533923524	18.3721307457068	18.9073155783282	18.4584516671223	18.3837302207611	18.6224340323789	18.3328305102605
15.3244631790355	15.1861083661697	15.1672417639765	15.4553094351363	15.249105030232	15.4202749572852	15.2995617579006	15.1613994945601	15.1640084708258	15.114736036356	15.425951508119	15.2697786393416
14.0101444954665	14.1715929866168	14.066945878096	14.1804700149086	14.1945626678072	14.3340211493534	14.2293187051153	14.3953928639277	14.267776839035	14.4330514118659	14.0491432996542	14.19870467849
20.7054978211836	20.7448509350165	20.5089270027947	20.4702723793336	20.1455987751546	20.763113744498	20.2450579735781	20.8329062352836	20.3023003525089	20.3042305166063	20.4103542021777	20.51193217923
20.7879242344173	20.7762670295216	20.6971100793189	20.6564258610505	20.5932645937383	20.7306225361723	20.5416960104605	20.64157048767	20.809448609202	20.5883339733836	20.616547753008	20.5969772006096
20.7879242344173	20.7762670295216	20.6971100793189	20.6564258610505	20.5932645937383	20.7306225361723	20.5416960104605	20.64157048767	20.809448609202	20.5883339733836	20.616547753008	20.5969772006096
20.7879242344173	20.7762670295216	20.6971100793189	20.6564258610505	20.5932645937383	20.7306225361723	20.5416960104605	20.64157048767	20.809448609202	20.5883339733836	20.616547753008	20.5969772006096
18.2432113294068	18.0828871643727	18.1685221537427	18.0423754679391	18.2132825277355	18.140699667668	18.1906041098009	18.0316206909933	18.1181511473145	18.1178330796887	18.2272565778168	18.0925548821819
19.026688953827	19.0546601186592	19.0428105530267	19.2474851405054	19.3331664276994	18.8926266338438	19.2780997806793	19.1665758290406	19.0438192891386	19.3933400429916	19.2909732602931	19.3424329237466
17.8896394631956	18.0097160005526	18.0117574056693	18.0750867840674	17.9733274222419	17.9675249204984	18.1359995659325	18.0381377806946	18.1534814965288	17.9703533509791	18.1415349708394	17.9640476637212
17.8801680759512	17.8087079965267	17.704820320966	17.8670413202005	17.8396603640476	17.727157716156	17.7618910314748	17.7106485241653	17.7998004144402	17.7605760743127	17.6623672416016	17.6881979725943
15.3609046021507	15.6162434630693	15.6986313562982	15.604769293443	16.322912459789	15.4021894490309	16.1000408876335	15.5975010879936	15.9081263752832	16.4458285684573	15.8066283131368	16.087854456316
18.0715563295509	18.0708173912901	17.9938393882725	17.9533475524541	17.9252989696194	18.1541291732345	17.9247760957188	17.8988601645048	18.1124856463126	18.1516143153067	18.0767888603981	18.032920248735
18.7364224755291	18.6503082844129	18.7424412342259	18.7361803915533	18.8300825498997	18.71650210155	18.673750732667	18.8461862566504	18.6047478448704	18.6672330350565	18.619080057378	18.6937551453453
18.5812760401623	18.6063580876311	18.1544604213301	18.3874025241365	18.7355874051791	18.5108801752443	19.1487778695869	18.5958868879797	19.3065642103206	19.8681613305407	19.1476292251938	19.2185864855013
19.4725458747105	19.4082793910367	19.1832776627174	19.2557760344482	19.1266013758196	19.2638753850575	19.2473544389697	19.2700342436369	19.0475515538243	18.9605883108742	19.0489498207509	19.0843882318991
17.0048430874127	17.2418137230616	17.7599630778616	17.2010521671316	16.7360193631637	16.3054515298186	17.0237438528186	16.1727419499761	16.2975820338343	16.8579683637328	16.669522825409	17.0570656674305
18.5074425251637	18.5201903015468	18.6927708194249	18.5995714026309	18.3728127268353	18.4640814105505	18.4136381529444	18.560469865403	18.428789012484	18.4393614887178	18.491197584403	18.5960674559153
18.5933670681122	19.0451761859669	18.9852200960969	18.45968748765	18.6123338721879	18.5427795080044	18.3310558034104	18.5489321746007	18.3927059708191	18.4562541036139	18.3722300165224	18.3713359679026
16.2057166320878	16.340873998193	16.2832039317818	16.4589166211703	16.3456252907854	16.4826806464919	16.4749154443977	16.2004110840671	16.3009305880752	16.5457214055345	16.3008541325957	16.2480069944871
18.7097816265348	18.631925644983	18.6957933040547	18.7993306737885	18.8227631027688	18.6434771838829	18.7857420365841	18.8486076447352	18.846130807805	18.7835515240182	18.9585705003762	18.6933036998384
17.7109102981714	17.8334847757382	17.7192849516081	17.4068183120025	16.9511094357516	17.7395271786489	16.9215232317555	16.9327765706999	17.4265238573105	16.8091155218238	17.1559055629542	16.9349071511319
17.7109102981714	17.8334847757382	17.7192849516081	17.4068183120025	16.9511094357516	17.7395271786489	16.9215232317555	16.9327765706999	17.4265238573105	16.8091155218238	17.1559055629542	16.9349071511319
17.1012063979105	16.7243394409287	16.628725167274	16.4573327942248	16.5735673920869	16.9135438169079	16.7484245493082	16.185348869901	17.299466271187	16.7272055984894	17.0576467133099	16.6504229909451
18.534253170511	18.6380648451915	18.6261172004249	18.4476109494773	18.3160455500916	18.3884725515522	18.4136321953773	18.2434296553857	18.5159244990623	18.1893117438992	18.5108779709162	18.4563253049748
16.1993558691599	16.1800988464285	16.1308388398308	16.1034215223486	16.0958915330937	16.2321315729454	15.9969956481469	16.0112429976133	15.9864871022191	16.1338448350236	16.218433989208	16.3062091472662
17.9002520826427	17.959506783501	17.8033782645395	17.762729683141	17.952713399798	18.0002136672935	17.8620910577138	17.7710643471204	18.0181222699652	18.0944192896952	17.9474227467267	18.1140275823652
16.7985243835265	16.9041284588322	16.7741562373481	16.9787889777842	16.9251363858119	16.7230192949458	16.98408438677	17.0180639364387	16.7338086040803	16.8798094000345	16.7809817063921	16.9874336465386
18.0341023966959	17.9347602112799	17.9779238962618	17.8352946875686	18.4449839856993	17.9455157816677	18.1487040913023	18.0362209579356	18.1315951475865	18.4061652894048	17.9614741933585	18.348196202912
17.0137505847864	17.1151197206099	17.006404242976	17.1462996083591	17.3459533156424	17.1199424029359	17.3370509673185	17.167841182779	17.2534460522967	17.2135064465968	17.1963889753966	17.1466111717797
17.170161275126	17.0536932360983	17.0516702132999	17.2117853458465	17.2567649373263	17.2161679626602	17.3876556257509	17.3191978143683	17.1201911955632	17.0947172517881	17.1981899523177	17.2672380417432
16.5460189913105	16.7874503705848	17.0212717337233	16.9484628219329	16.2379157093541	16.7350147298275	16.6537747538908	16.5687193121568	16.639659371372	16.2541943627226	16.5629248040175	16.478392314592
18.1218038744113	18.1503983327954	18.2055089353414	18.2530703814359	18.1783533097113	18.1433391976826	18.2224922806652	18.2698693248604	18.0125727080056	18.1898003733726	18.2165128120852	18.1636385938735
18.7712672331767	18.7809256035914	18.8154235387956	18.6621881331644	18.7200227828549	18.8523480866969	18.659749485329	18.5209999296048	18.8681479476492	18.8056471396376	18.8021935457462	19.0573222266193
19.5972905003539	19.3143638423612	19.4021658004441	20.0905832988443	20.9395162782705	19.4464788391353	20.8140536859128	19.8848383978101	19.5128748750574	21.2712424135766	20.2522921878416	21.0752322491442
18.7225777413653	19.0738271478015	19.2647683523082	18.7185015904897	18.8088368402187	19.210318259376	19.2247819266618	18.8692750916095	18.713613100746	18.9977169001756	19.0876688839296	19.2630239889541
18.6554608589775	18.841401071648	18.7503850318627	18.51622007047	18.3788172734754	18.7032310350725	18.6139020504208	18.2374979355586	18.7003942803061	18.1441221407781	18.5594062475273	18.4796611730385
18.6554608589775	18.841401071648	18.7503850318627	18.51622007047	18.3788172734754	18.7032310350725	18.6139020504208	18.2374979355586	18.7003942803061	18.1441221407781	18.5594062475273	18.4796611730385
17.948901162813	17.919685950833	17.981780423551	18.0630984797004	18.1917348337213	17.937639695491	18.1196844089919	18.1101410629962	17.9398350939115	17.9492050422197	17.8639284644408	17.9988359771274
16.5612741500534	16.5670103017799	16.4067842067317	16.5357313059902	16.996140489443	16.8987321258433	16.8208000999633	16.849178073212	16.5557482255752	17.161185781299	16.4829431872193	16.7480548251291
14.7496237917285	14.8015866247967	14.5783781555596	14.7889687763866	14.8593941440517	14.5857910571393	14.9266402195787	14.7386107904143	14.6170802235228	14.7816093041847	14.681258677369	14.5447047161375
19.2226907326594	19.7898961783517	19.651786788463	19.4131924707806	19.4838191463647	19.8411534590476	19.5626603436435	19.5456590215449	19.4817930480299	19.9980860121476	19.5395016346005	20.0064575545368
17.9344401248013	17.8763422091519	17.9563355812043	18.0198624011797	18.2417449786049	17.8602554562635	18.1386551347144	17.9949157421523	18.0174651174801	18.2324263654886	17.9249530498038	18.0559593527732
17.0450255758862	17.0394209461871	16.9480392645732	16.9137749065023	16.938362127189	17.0120061550196	16.8862678616783	16.9597521405062	17.1360338880493	17.1870688920307	17.3333925473875	17.149726594984
17.0450255758862	17.0394209461871	16.9480392645732	16.9137749065023	16.938362127189	17.0120061550196	16.8862678616783	16.9597521405062	17.1360338880493	17.1870688920307	17.3333925473875	17.149726594984
17.9273467341022	17.8966170331857	17.9909413653172	17.8907788701198	17.8476681642601	18.0061184502106	17.8290436818504	17.8772697220538	17.7751909650024	17.81099930106	17.8566052723046	17.9177258006288
19.137582091396	19.220239386555	19.2833749780087	19.0185259107116	19.4140683616815	19.2115266950268	19.2613114705162	19.1073152674124	19.2417816068181	19.4656529753331	19.3013323440298	19.4450464105397
19.137582091396	19.220239386555	19.2833749780087	19.0185259107116	19.4140683616815	19.2115266950268	19.2613114705162	19.1073152674124	19.2417816068181	19.4656529753331	19.3013323440298	19.4450464105397
16.9304418323386	17.2064329983255	17.2928133419329	16.460980376246	16.8467593921003	16.9150421703011	17.12592475567	16.1336326335785	17.124299639821	17.5596574151612	17.0390475190809	17.4125056222851
16.9304418323386	17.2064329983255	17.2928133419329	16.460980376246	16.8467593921003	16.9150421703011	17.12592475567	16.1336326335785	17.124299639821	17.5596574151612	17.0390475190809	17.4125056222851
18.8926104970022	18.8731726022426	18.9970065334531	19.0630418632252	19.2689488100935	18.8146959704297	19.1250317272541	19.2161750259926	18.9057900681574	19.2075885650776	19.0178923010367	19.0893015155667
18.8926104970022	18.8731726022426	18.9970065334531	19.0630418632252	19.2689488100935	18.8146959704297	19.1250317272541	19.2161750259926	18.9057900681574	19.2075885650776	19.0178923010367	19.0893015155667
18.8926104970022	18.8731726022426	18.9970065334531	19.0630418632252	19.2689488100935	18.8146959704297	19.1250317272541	19.2161750259926	18.9057900681574	19.2075885650776	19.0178923010367	19.0893015155667
17.3027867288433	17.1310267505815	16.6733304984229	16.8265798239052	16.6973533083066	17.2201083469163	17.0407758851019	16.7473404990451	17.5138209931982	16.8325655362051	17.1601371319246	16.9417603856319
18.3401321315393	18.3971671631807	18.563869713772	18.6134153284066	18.4477831119166	18.5260665076315	18.6094350043128	18.5497205952304	18.2666223103537	18.2809764381991	18.4108499524996	18.2998664135737
18.793626808935	18.845546719908	18.6897558699015	18.7096671755913	18.506847038229	18.8074059415788	18.6705853075941	18.7403563534929	18.7236544430404	18.5846140995529	18.6712605596709	18.6021596588471
15.11081620823	15.4786620661287	15.5852993008794	15.3300196378675	15.789335313956	15.3858739514804	15.5663766953702	15.6292022661502	15.3053074508393	15.3672057117764	14.9869123342207	15.2780175021382
18.4281882156344	18.3087125898442	18.350294869946	18.6649516521622	18.5334013674536	18.4947259826551	18.5446703086786	18.5285120913019	18.72025541946	18.7519608162139	18.3625470475678	18.459340984295
18.4281882156344	18.3087125898442	18.350294869946	18.6649516521622	18.5334013674536	18.4947259826551	18.5446703086786	18.5285120913019	18.72025541946	18.7519608162139	18.3625470475678	18.459340984295
18.2313999982441	18.2574823971742	18.314107038213	18.6260149362142	18.7579875552401	18.2651355548033	18.657936420915	18.6855940818749	18.3236863258939	18.7559058294865	18.3917546724975	18.5945841263427
17.4761816556135	17.6395777127492	17.5631322451151	17.8693522852169	17.823038091164	17.5252400021052	17.7264710086001	17.7774575914225	17.4301404931555	17.743695950968	17.6435496600244	17.7298091515324
17.0961363676326	16.9997877753915	16.9392550323508	17.2871950284898	17.3784649850479	17.0697497624879	17.2885182102201	17.3276261182708	17.1188591790611	17.1435552310753	17.045289401023	17.1696500272158
16.2659168884383	16.1708619914243	15.6207285845247	16.0635402355247	17.0961647779199	16.2714616601187	16.7573226969196	16.4566338220377	17.1750001818129	19.4622154098489	17.0786622608757	18.0182643721838
17.4929447093943	17.4696041723776	17.4760309196065	17.5117545087005	17.6882138363799	17.3605975237648	17.6482658235964	17.6332861961928	17.2686713916305	17.6410948221553	17.4424400360131	17.6743072414662
15.961800899677	16.2113590622741	16.0131573391062	15.7500549300163	15.9257767609606	16.075063564466	15.9323433404514	15.8924937412703	15.8835815778108	16.2448871015629	16.2239306987362	16.4636663321281
17.7763044905087	17.9440235357715	17.7416015273385	17.6684830059363	17.5590589622831	18.0417582578566	17.681488908067	17.6242890015597	17.8534654130415	17.5286577884586	17.7481088700734	17.73948226396
18.772220270816	18.4770362367072	18.2785378620059	18.4945191815569	18.2522198931577	18.4606529323205	18.2815986067304	18.6176940281009	18.6399441621823	18.3266322802679	18.4784222794058	18.2809673907182
17.8558944102879	17.8078696846973	17.8707327776763	17.7897868054717	17.7753294771304	17.9340187686351	17.7239388927581	17.9021578805833	17.7153310648214	17.8821947394496	17.7863582847532	17.8145525535463
19.3281155336819	19.0313253867545	18.9502308941869	18.9120908852464	19.2341531429843	19.3412759264176	19.999975285368	19.1244359238948	19.4838600318404	19.5171597876011	19.4447812170476	19.2439138153611
19.3281155336819	19.0313253867545	18.9502308941869	18.9120908852464	19.2341531429843	19.3412759264176	19.999975285368	19.1244359238948	19.4838600318404	19.5171597876011	19.4447812170476	19.2439138153611
17.9090445290942	17.6168173441159	17.6195933103759	18.4429433304865	18.7565286847476	17.9360227126487	18.239881945076	18.8130810417693	17.8405684946267	18.5986496136338	18.0990541157928	18.2229726374472
