Abundance..F16..127C..Sample..5A.	Abundance..F16..127N..Sample..5B.	Abundance..F16..128C..Sample..2B.	Abundance..F16..129C..Sample..2A.	Abundance..F16..130C..Sample..1A.	Abundance..F16..130N..Sample..4B.	Abundance..F16..131N..Sample..1B.	Abundance..F16..132C..Sample..4A.	Abundance..F16..132N..Sample..6B.	Abundance..F16..133C..Sample..3A.	Abundance..F16..133N..Sample..6B.	Abundance..F16..134N..Sample..3B.
26.5761989243915	26.5420377713494	26.505118452278	26.471548418054	26.4821085157753	26.4552442429553	26.402974967035	26.5781758627459	26.5067794886353	26.4414486952992	26.5277940188385	26.4636759218748
26.3529133703312	26.3284439270525	26.3353291274133	26.294964286427	26.1216807735885	26.3410633720577	26.1153263547532	26.3279986223213	26.2136545191592	26.1230604759983	26.2247757692094	26.1823402127234
26.0352898722696	25.9797568501276	25.8865786173948	25.9314295739504	25.9971720428335	25.9871301181316	25.873474906559	26.0942490357826	25.9746462642415	25.7885584091825	26.0157765903631	25.8530894347483
26.3801670953124	26.3867608889082	26.4289881554332	26.3094975785033	26.279868836138	26.35287320184	26.1943471939686	26.4217755398182	26.3639375240113	26.2605884059878	26.3702957942385	26.2845865058245
22.6308323089388	22.2730854936757	22.0984805826425	22.488816304037	22.4091374634043	22.6018534937984	22.2625865352467	22.5731725187726	22.6928190164845	22.5124369753337	22.3612139251637	22.3258881342734
22.6308323089388	22.2730854936757	22.0984805826425	22.488816304037	22.4091374634043	22.6018534937984	22.2625865352467	22.5731725187726	22.6928190164845	22.5124369753337	22.3612139251637	22.3258881342734
20.7725907502541	20.496025121476	20.3302775995363	20.3244398754048	20.1055979455573	20.8288092708136	20.2591236934074	20.435796357321	20.8780783353279	20.3079022954456	20.5043242710909	20.20988002536
20.7725907502541	20.496025121476	20.3302775995363	20.3244398754048	20.1055979455573	20.8288092708136	20.2591236934074	20.435796357321	20.8780783353279	20.3079022954456	20.5043242710909	20.20988002536
24.8765735844122	24.8638798677013	24.8698007518001	24.7332483235419	24.7060706515339	24.8218633499938	24.6532874615168	24.8317119263558	24.7803907814495	24.6205034414791	24.7166273997004	24.6588589541025
23.7523153722892	23.7477504471805	23.7604689796821	23.8148440168802	23.6393289870822	23.8068903181986	23.7240301766923	23.7795394851133	23.6757208095699	23.4813462746632	23.7162941469544	23.5008079312713
24.477254845434	24.4424242282649	24.4054632816252	24.2933772206791	24.2165717175581	24.4140947254094	24.208491425258	24.3640331589364	24.347356319822	24.163956322183	24.3047321563171	24.1862743424607
23.8772381565045	23.9222999775825	23.8746016500671	23.8138167972583	23.6801178663054	23.9544895594265	23.7021548141166	23.9136580455294	23.8272912074823	23.7877254499753	23.8505432725032	23.7899372805816
23.6845116400639	23.7871830157271	23.8247732173574	23.9557373525648	24.2319551617096	23.8927409974021	23.9969899516862	23.9167041389924	24.2599095108331	25.177005567904	24.2620807971557	24.2268219902804
24.1957216576271	24.2992636882252	24.1921398744386	24.0123394896905	23.8971709847057	24.1722880115587	23.9389603636579	24.0368032448561	24.0847355411343	24.0058473269013	24.2226196041181	24.040610815531
23.0208633751228	22.9997496034977	22.8796349484317	22.9491251543879	22.8688715630898	23.433764628288	22.8610550497423	23.2843705692094	23.1092635333567	23.2177387871025	23.0111919029565	22.91243966895
22.7036567982455	22.7067938766015	22.6191037561807	22.6397878571082	22.6098026844248	22.5993174437731	22.580512188024	22.6515752711761	22.3877193832297	22.4963034122122	22.4822121947244	22.5223808157089
23.1643005461769	23.1435481077588	23.1074801078562	23.1093553606215	23.2247453042434	23.0549476251512	23.1616739470691	23.1546025075609	23.1058292199768	23.0912414865089	23.1148310716585	23.0957838996052
23.7064996476229	23.7103044572366	23.7426606620228	23.6787449148573	23.5530497493595	23.8002902133234	23.5146155137971	23.8411805062729	23.6762999222463	23.3843021878085	23.6596353212367	23.4369895945865
23.4971682700495	23.4593405193906	23.3011799395733	23.2536637303812	23.2831291430987	23.4584690238615	23.2494975167349	23.3874090335094	23.4529735011174	23.3267557442014	23.3946817747989	23.355739410706
23.5561900728711	23.5455966288921	23.4756253348967	23.5314886827299	23.6521115188364	23.9269970505268	23.4797313566695	23.9059082696505	23.5943480654934	23.9930792674491	23.6951696816948	23.7152396958188
21.0728684820459	21.110078513976	21.2999667136981	21.1905211716305	21.067694047074	21.1159221495251	21.1005993480949	21.1044458725615	21.0012254736803	20.895538077407	21.0908607170033	20.9708127190984
22.6364325317492	22.4833566524902	22.5295900898923	22.557130478105	22.4678508948303	22.5173228457919	22.3809336064598	22.6023968342484	22.5220994017011	22.4613746471761	22.5446087750246	22.4473254678762
22.7750191238785	22.7777982213422	22.7698738442684	22.6045933625994	22.212587851526	22.8150631190685	22.3969582553202	22.5485403192978	22.6829792564019	22.0332071537695	22.5605525261976	22.2487892565696
21.9736026504042	21.8893832188446	21.8837682590371	21.7672229356419	21.5766620927349	21.890379323335	21.7607852706774	21.6528044168335	21.6861757069598	21.499373321168	21.628325950271	21.6072451736786
20.9996802482719	20.9828410916042	21.0604265504782	21.510054129101	21.4143926546001	21.0543428030491	21.3554034399422	21.5380642043462	20.8746291146553	21.3628729836951	21.3039416715944	21.0683161146715
22.0559675959685	21.9213438379749	21.9882669897206	22.2094647093445	22.1410060627553	22.0782267880497	22.0846955579288	22.2989881667633	21.9792242924874	21.9653139433335	22.086189717132	22.0093293453407
22.6820251106319	22.558612333781	22.555245666494	22.5509201088089	22.378501835822	22.4676381044124	22.3535109230481	22.5615886353511	22.3632335919187	22.2295645461974	22.4839375559053	22.2829915382174
21.0342389530136	21.0379822872939	21.2250585068915	21.1698894183351	20.6147654825843	20.9884790317958	20.8590485212196	20.9281146815467	20.660163950845	20.360481242272	20.744223184612	20.5126544571034
18.4557519754029	18.2129125265484	18.3041202653745	18.5003009504414	18.4739733672242	18.3776288349842	18.4364358554787	18.5632000921599	18.3118135961739	18.159556593988	18.45559951336	18.2229405542735
24.0260760061597	23.9562662871456	24.0301834759537	24.0141795350721	23.7695819837095	23.9538782220856	23.7986337115967	23.9926540238286	23.8973468218095	23.5350459392007	23.8810524396085	23.6786273182043
23.504988587439	23.4596689988643	23.4399573611228	23.4755153327636	23.2867370925637	23.5090527794449	23.1861324943937	23.5077294972598	23.2194797486029	23.3809247826522	23.360064829771	23.4340811932172
22.5086867045592	22.6560680080032	22.6247396588443	22.5276087214606	22.5419998063983	22.6704058300146	22.669366249624	22.5661756162464	22.6912793825067	22.913624539962	22.6603521454515	22.8351352109105
23.9335838068086	24.080797343601	23.9659113509592	23.7577142692412	23.6641635858188	23.9011761327763	23.6775629634979	23.7931948319065	23.7859774950068	23.7327148327738	23.9962752274179	23.7971066421153
23.7208688130513	23.7449833598757	23.6913056447477	23.6233259246557	23.5472097070175	23.6668425887336	23.5060459023718	23.6809570027114	23.6148231023124	23.4657826716626	23.6185550799775	23.5441698892387
19.0895725506834	19.0546430810458	19.2368036538397	19.225756229723	18.915863328157	19.1345220660535	19.0115151941754	19.1295760495515	18.8840927337686	18.6823156829362	19.0162906150728	18.8043778164605
21.6987384572689	21.6151688426796	21.5684570162519	21.4336139771431	21.2232737251218	21.6334509414984	21.4612658092563	21.2762882692888	21.4084407086508	21.1424243421509	21.3101141647828	21.2722310394705
23.8555937791566	23.819467774188	23.7838111129393	23.7018122001974	23.1670806268744	24.2625852164796	23.0173384353244	24.2454097740384	23.1578654852906	23.8314171461834	23.4213831948255	23.9683982483997
22.9535272051922	22.9153905064432	22.9110486352402	22.9227767107086	23.0367522194302	22.8886722886218	22.9740883189518	22.9708316524133	22.9767340349366	22.9432492293452	22.9163100309631	22.9300274328113
21.8601869515284	21.9741884180167	21.7107796479045	21.6755190627429	21.9546782578015	21.620132198819	21.9644596739405	21.7582661472514	21.8919668159547	22.0053335641466	21.9006612762083	22.0043554018777
20.7274165748584	20.6432622309125	20.5981548956425	20.6217873326499	20.4831326598459	20.6712880005022	20.6218635634604	20.5573927641055	20.5368871062497	20.5170078858711	20.5145586915013	20.5148053093713
22.8796459780474	22.930091424792	23.1246452802372	23.0182491921431	22.8172176089146	22.8321418003903	22.8285702021743	22.8699058992754	22.745146676402	22.6218192029535	22.8401609731045	22.699377636796
22.7377985662896	22.6343278787607	22.6739271047343	22.7784155810265	22.8016473970495	22.8280546890062	22.7573980434994	22.9176866385343	22.9500602448542	22.7864158645956	22.8169311305875	22.7433025102643
22.5899277961973	22.5856473467331	22.6145827394617	22.5434651002021	22.519639346978	22.5571249591004	22.6139990939167	22.5426401479145	22.6198773361446	22.4831262836924	22.6064983753036	22.5432000700387
19.6319360789128	19.7100719213648	19.6654125571989	19.3759916279124	19.1466106038857	19.6024259598952	19.1979232534468	19.3525236038279	19.5121506348417	19.3264636682602	19.4582872184289	19.3729462353195
23.1262282538149	23.1874707939478	23.2722208153667	23.2066415270046	23.1203388650477	23.1467517408889	23.1099605501447	23.1738329519435	23.2110037711383	23.1177737827989	23.2435309293281	23.1884845417983
23.9122862488317	23.9022808330368	23.7566235358023	23.9380854763275	23.80371580105	24.0136773189873	23.6174138919068	24.2802233140656	23.6581873297831	23.7096229542392	23.8209196405079	23.7575934655933
22.5154639199734	22.6466413043951	22.5465325125589	22.3736071836242	22.3552104484483	22.4454818286766	22.3516544525167	22.4254433837815	22.376211682163	22.2930356810338	22.4876597663169	22.3541675748861
21.8663784794215	21.8829978749193	22.0247154180985	22.106271809674	22.4355546932504	21.8908982794517	22.4992952361175	21.9476249349196	22.0363984735812	22.3806155029359	22.0850692937356	22.339699763609
21.8663784794215	21.8829978749193	22.0247154180985	22.106271809674	22.4355546932504	21.8908982794517	22.4992952361175	21.9476249349196	22.0363984735812	22.3806155029359	22.0850692937356	22.339699763609
21.8663784794215	21.8829978749193	22.0247154180985	22.106271809674	22.4355546932504	21.8908982794517	22.4992952361175	21.9476249349196	22.0363984735812	22.3806155029359	22.0850692937356	22.339699763609
21.8301329819669	21.8563346109842	21.9917280355857	22.0656375236782	22.3814892985139	21.860577761785	22.4548336931396	21.9016915337718	22.0052346583956	22.3293139710655	22.0248740995336	22.2841670601839
21.8301329819669	21.8563346109842	21.9917280355857	22.0656375236782	22.3814892985139	21.860577761785	22.4548336931396	21.9016915337718	22.0052346583956	22.3293139710655	22.0248740995336	22.2841670601839
21.8301329819669	21.8563346109842	21.9917280355857	22.0656375236782	22.3814892985139	21.860577761785	22.4548336931396	21.9016915337718	22.0052346583956	22.3293139710655	22.0248740995336	22.2841670601839
21.8301329819669	21.8563346109842	21.9917280355857	22.0656375236782	22.3814892985139	21.860577761785	22.4548336931396	21.9016915337718	22.0052346583956	22.3293139710655	22.0248740995336	22.2841670601839
21.8301329819669	21.8563346109842	21.9917280355857	22.0656375236782	22.3814892985139	21.860577761785	22.4548336931396	21.9016915337718	22.0052346583956	22.3293139710655	22.0248740995336	22.2841670601839
21.6965100166348	21.7070782671722	21.8396427865595	21.9244683186214	22.2595755257182	21.7240223904449	22.3307902898513	21.7838030062039	21.8597523113019	22.2034430240278	21.8949965024099	22.1422077124477
21.6965100166348	21.7070782671722	21.8396427865595	21.9244683186214	22.2595755257182	21.7240223904449	22.3307902898513	21.7838030062039	21.8597523113019	22.2034430240278	21.8949965024099	22.1422077124477
19.1654973766225	19.1534467052764	19.2022986861484	19.1668815465258	19.1995468394315	19.1942236223207	19.2436744845069	19.2755810182987	19.1899634431167	19.2026444788167	19.2805694843725	19.0944770918221
22.2909334932171	22.3652887579888	22.4848180586601	22.1594857089285	21.8546901245639	22.263068483822	21.9722859675646	22.1468864276018	22.1355550765851	21.6816005162147	22.1611127670096	21.8651052364666
21.6556357336333	21.6769041322532	21.8020442628591	21.878229442972	22.1984146721037	21.68985680359	22.2807054104507	21.7322783389158	21.8244480749431	22.1453889059528	21.8261320423639	22.078434109986
21.6556357336333	21.6769041322532	21.8020442628591	21.878229442972	22.1984146721037	21.68985680359	22.2807054104507	21.7322783389158	21.8244480749431	22.1453889059528	21.8261320423639	22.078434109986
20.3607617098635	20.1632034776581	20.206098359295	20.316160250749	20.1651965637224	20.1962700673365	19.9782425997847	20.335170654564	20.222886824059	20.2478059404626	20.242915607922	20.1930524374833
21.1796386693616	21.3274410083388	21.3517982767037	21.0193077193342	21.2299827121827	21.2376548844121	21.38063706099	21.0730478138106	21.2976153097123	21.537208812615	21.2216422508158	21.4077943122799
22.3012682227155	22.261583455851	22.1759049249646	22.2164365925923	22.2280440211184	22.2260667000367	22.0996926906416	22.3128820771284	22.2142270983734	22.1685573781204	22.1764547599315	22.1176299017385
22.763460963513	22.8613365566769	22.9257324655219	22.733723300677	22.5719826964591	22.6799942344798	22.6498977145487	22.6264778283897	22.6112793361038	22.5433750745952	22.6917658299357	22.6807537592993
21.8464658307126	21.8483985204595	21.8624711184097	21.8324049713246	21.5574974480467	21.8613171990697	21.5831581270595	21.8010335314372	21.6965457432704	21.4424701886558	21.7408679562363	21.511821787317
21.4887987203301	21.4839155028729	21.5970069469018	21.7575839761791	22.1353917422418	21.5445963987977	22.1475224594863	21.5942816304337	21.6807876859263	22.0584238036161	21.6975578155386	21.9825780359397
22.4915057290254	22.4557805842539	22.4291256300828	22.4748842481796	22.4912176166004	22.4513316845371	22.3372148652589	22.6284226535465	22.4257936022753	22.3129448566293	22.4490289128946	22.3540965369093
23.8564826706228	24.0082562679711	23.8765272258924	23.6801349244729	23.5986735484445	23.8206858453866	23.6013162130875	23.7195321216314	23.7149418324393	23.6695282673313	23.9351889712854	23.7368895825248
22.5248037415137	22.4868233253364	22.3790824246927	22.3195457251439	22.3164986914419	22.4842252879768	22.3852534065631	22.489741849767	22.4459513979275	22.249409937164	22.4608945159742	22.3281654700258
22.0298804976842	22.1597934327897	22.0956197909706	21.9810482579429	21.9105535333395	22.0006122220219	21.9078863105393	22.0308177940678	21.8973240909546	21.7536168423587	22.019240237514	21.8024005031387
21.8747372690003	22.0656006646252	21.9554537471379	21.7162978599019	21.6747822551807	21.823656476265	21.7189836177112	21.7802614299656	21.7723471764257	21.6583503247795	21.8302094372961	21.7456430315124
22.1107124913653	22.0832891305313	22.0491969943891	22.0249604651156	21.9577829957511	22.070324069502	21.9444552456434	22.0265084969386	22.1432537479609	21.9225676776007	22.0252781433989	21.9451120775945
22.5363303663083	22.4135897262346	22.3204778095317	22.5276340138994	22.4761004107617	22.3576690198542	22.3901534002495	22.5726247667244	22.4480197531209	22.2022086288181	22.4839271220463	22.2573953569087
21.0966556174194	21.0965662975482	21.0688542229702	20.904017939538	20.7838315920159	21.1909766375932	20.8171827091821	21.0241370802	21.0216312020868	20.7742002778042	20.8585539274995	20.8166103030901
22.4652024821745	22.2604377632513	22.196569163207	22.3489426543123	22.3246676739323	22.3698731913988	22.1511550047635	22.4421821405745	22.3728892262435	22.1964437800945	22.2452213358894	22.1772056646002
21.9388282960835	22.0774711346028	22.0280583546347	21.9178520370023	21.9082368375796	22.0036226791352	21.9655509276253	21.8840326662036	22.0105969362122	22.0057292448248	22.1679527218352	22.1129263981832
21.1929966075448	20.9619124664865	20.9324133744494	20.9251547997935	20.7762784031574	21.1246094448881	20.9190649502745	20.9412984853228	20.9264708958388	20.7607625696517	20.872459971128	20.6841806809881
23.0009643237631	22.9201058965561	22.8909880315864	22.9053103970677	22.7580136006262	22.9891499367562	22.7422680324471	22.8569619086958	22.8862878208348	22.774527644595	22.7919573126739	22.7539924660275
19.0849988100695	19.0208226931743	18.5520445984929	18.5848555204077	18.3129512690164	19.0614487515892	18.2907076276376	18.8896170262499	18.4923053716253	18.237283717867	18.5579087927894	18.3766792141378
21.7409641509204	21.647022857511	21.5913480462121	21.7765780762617	21.8955832276103	22.0576464174658	21.709477806461	22.1238865346983	21.7444107832005	22.2145454662626	21.731319592617	21.8824127305532
22.3988309485986	22.4525340225663	22.3618192636565	22.3934783870681	22.4335768277148	22.4314791126864	22.4297312088549	22.3646914707042	22.3962334226399	22.6164534379873	22.3601045667555	22.5015558727048
21.0247865945506	20.9620971065093	21.0376450478761	21.2953203762785	21.6937814101393	21.0812605934003	21.6907140662175	21.1669104102642	21.2008292083848	21.5914528497674	21.2171431158033	21.4800188072396
21.1379916725712	21.1372213021251	21.1153055609546	20.9787343352464	21.0640136561908	21.0466578841086	21.0726387467619	21.0189802814505	21.1402146686738	21.0874864261075	21.064694696048	21.0687890353214
20.9010338718418	20.8903454098755	20.8560590175951	20.7813195469914	20.7700692106988	20.9300353683266	20.7050097348303	20.9139531727615	20.9426988189645	20.6551819598146	20.839619971444	20.7154662601442
21.7936167646194	21.8822967967133	21.8153783345222	21.7104971641101	21.5384823200916	21.8891326331555	21.6765936675505	21.8713862537597	21.7748403019784	21.5410698745978	21.9059174154965	21.7422452162898
22.2401427453879	22.2172725086072	22.2345046973909	22.1640227718995	22.1478835392784	22.1410177096879	22.0792476488352	22.2373131218575	22.0101149025191	22.1326106434018	22.0687804352993	22.154028063971
22.2220259941322	22.2539521175998	22.270698721845	22.0744684364139	21.6952485589864	22.1568088969313	21.8523657716828	21.9582485008645	22.1306343533877	21.564109476185	22.0673090248595	21.7254743532499
21.0006861369928	21.010421145559	20.9594270804886	20.8004907721407	20.7156726851922	21.0571046605201	20.7286739991148	20.7909505471267	20.8991675962227	20.7102165937277	20.8627479323457	20.781868037029
22.4285990262841	22.2850200594159	22.275527739971	22.3524036033891	22.1350837747737	22.4486252351189	22.1378409170792	22.2713270119168	22.3091556921912	22.1487483628815	22.1288437917432	22.1005938812563
20.2840075162394	20.253392657975	20.2474441252483	20.244538080123	20.1407499806508	20.25525400706	20.0853358720691	20.3027182872016	20.1393232777934	19.8118011855184	20.1434080433256	19.9646778709867
21.8972439805916	21.8177303266953	21.8743104067069	21.9554209049461	22.0620101469177	21.823795184413	21.9249166054914	22.0515490743931	21.9395732327887	21.9566455860008	21.9501216113734	21.9420779270313
18.9578819852887	19.1042342504183	19.0613671436827	18.807869543176	18.9419795503881	19.2206324397673	18.9271587926789	19.0304215790266	18.9175640651725	19.4580868060841	19.0546261794328	19.366730752612
21.9060211446516	22.1538659669846	22.3276370825952	22.1574357841741	22.2151362527871	22.0375446265722	22.4971814185558	21.9180644416839	22.2650920050308	22.2640508966802	22.0986043766324	22.3431050811445
22.6003398360748	22.6472746999688	22.6399253760899	22.6798971716636	22.5359928626158	22.6130460423651	22.5426153156738	22.7132428102648	22.4828987227652	22.3680232670699	22.6096971275285	22.4562559938321
21.1584158100135	21.1340595106641	21.141790751606	21.1962055918186	21.3828521805166	21.0215555461233	21.2435456658609	21.3252670623408	21.0526922339626	21.2265102151986	21.1074241718889	21.2244360788976
22.7191657708528	22.5833215200981	22.5752895990086	22.6291981732968	22.4862887207283	22.7295656521185	22.4732132678798	22.5744798886156	22.5874325939402	22.4681254043493	22.4627987579008	22.417608258268
21.0409306515496	20.9972342910726	21.1029507654985	21.1822158745684	21.0327085686127	21.0529931564127	21.0549493630211	21.1593188590897	21.0064234343265	21.0176537861073	21.0309042941111	21.0190677351218
22.2211430974011	22.2077675967686	22.2605847539138	22.7868435448046	23.2654301216417	22.3570547841659	23.0159509516803	22.7743960611391	22.9047269239599	24.2095928043929	23.0009155483094	23.0136456153976
21.4185772650126	21.414065433129	21.2638888221338	21.165589787382	21.1082097365922	21.3671312791762	21.2789900725374	21.277130261333	21.3186494106605	21.0214335145673	21.3744308384219	21.0686789618915
22.6809887801579	22.91047632291	22.847380314082	22.3415671848534	22.2677559366826	22.6834467724658	22.263842380396	22.340186805552	22.5693403824706	22.5923354447596	22.9141512846575	22.6897074714735
17.5275286960697	17.5303611933665	17.5354526895842	17.1760430201928	17.0720203776632	17.5488728806117	17.2175625094995	17.3138189902469	17.5873469673878	17.2941397279672	17.5047216394793	17.4110537682406
21.6110484461491	21.7125599752039	21.6761962630965	21.4535216507046	21.4963470825046	21.5729012187907	21.4306933146877	21.4994134006052	21.4582318215575	21.4369658552391	21.5579639904753	21.5058386747607
22.2165931109826	22.3497396835603	22.4473008321337	22.3619983807062	22.6760766346129	22.0725972350915	22.8449941159507	22.2236661051929	22.1110148920246	22.7561328069959	22.4574102735939	22.8551396007874
22.2165931109826	22.3497396835603	22.4473008321337	22.3619983807062	22.6760766346129	22.0725972350915	22.8449941159507	22.2236661051929	22.1110148920246	22.7561328069959	22.4574102735939	22.8551396007874
19.7884678449155	19.9046737854601	19.8509187754165	19.9312171861698	20.0762533637419	19.8486865202899	19.9577772464189	19.9206531485368	19.9183846955169	20.880326854072	20.2711160024775	20.2111334476803
21.309191206678	21.3366521822395	21.194698776242	21.0484823754261	20.9686647525327	21.2524993333159	21.1536245936637	21.1531252721461	21.1989439036444	20.904870852661	21.2605111223448	20.9614235587457
19.3480800419412	19.1850055209756	19.292912443089	19.5239359187803	19.7212583171028	19.3715077882439	19.9953290656636	19.1484488054889	19.7139726413749	19.9417176666716	19.4937131979387	19.7545786452402
19.3480800419412	19.1850055209756	19.292912443089	19.5239359187803	19.7212583171028	19.3715077882439	19.9953290656636	19.1484488054889	19.7139726413749	19.9417176666716	19.4937131979387	19.7545786452402
19.3480800419412	19.1850055209756	19.292912443089	19.5239359187803	19.7212583171028	19.3715077882439	19.9953290656636	19.1484488054889	19.7139726413749	19.9417176666716	19.4937131979387	19.7545786452402
19.3480800419412	19.1850055209756	19.292912443089	19.5239359187803	19.7212583171028	19.3715077882439	19.9953290656636	19.1484488054889	19.7139726413749	19.9417176666716	19.4937131979387	19.7545786452402
19.3480800419412	19.1850055209756	19.292912443089	19.5239359187803	19.7212583171028	19.3715077882439	19.9953290656636	19.1484488054889	19.7139726413749	19.9417176666716	19.4937131979387	19.7545786452402
19.3480800419412	19.1850055209756	19.292912443089	19.5239359187803	19.7212583171028	19.3715077882439	19.9953290656636	19.1484488054889	19.7139726413749	19.9417176666716	19.4937131979387	19.7545786452402
19.5821337954132	19.7334349826683	19.7253622709282	19.5328833417889	19.0052076665191	19.3486118045505	19.3163543033853	19.2883355875713	19.4069882986312	19.1045154086923	19.5694608934122	19.1539379041696
20.0719926515955	20.0423189974434	20.0227780658118	20.00208757948	19.9685488827576	20.0634780853428	19.9863987485304	20.002751769781	20.0298830953953	19.9838600721151	20.0347259720543	19.9645774718086
22.0388884200861	22.1849096166356	22.2828251020096	22.1762979031699	22.4767375617315	21.8951420642167	22.6949472416365	22.0126667748871	21.9308265870669	22.5717100035704	22.2898887619632	22.6871460074237
19.3480800419412	19.1850055209756	19.292912443089	19.5239359187803	19.7212583171028	19.3715077882439	19.9953290656636	19.1484488054889	19.7139726413749	19.9417176666716	19.4937131979387	19.7545786452402
20.6180766198292	20.80684150647	21.2063345923676	21.0514222602714	20.92203030671	20.9424909052164	21.2121566386678	20.7444323610632	20.995304568952	20.9577556076408	20.9051128517092	20.8687497270919
18.3419645315532	18.4110327132571	18.4443087880155	18.5914310996314	18.7149644499823	18.4162737609395	18.7504390727047	18.5930281990873	18.595050601772	18.8415657890305	18.7007112407623	18.511150143484
20.7964223915569	20.7383020536963	20.6797467625619	20.8331843812736	20.8887695833104	20.7283340746258	20.7888795551958	20.860426094175	20.6599172106068	20.8130450366015	20.7679711715279	20.7658531168764
20.7239082653778	20.736178019676	20.6026588507265	20.553877773716	20.4580789768707	20.6955424271842	20.4617898869073	20.5576321311832	20.7165560115851	20.4115747790747	20.5926005727169	20.4396010067222
20.0921999260496	20.0427273007918	20.0751528053124	20.0687657439036	20.0723492798138	20.0218779011616	20.0594804902999	20.1814940559207	20.0415184249993	20.025621915005	20.0162073040966	19.9776930037873
19.9170903758461	19.9093806769032	19.9178408813435	20.0366280725178	20.0556975518562	19.8710008237001	19.9943946911898	20.0730734113027	19.8822801535429	20.0075386451806	19.9334330214449	19.9173466056283
20.7439077579286	20.7153341685264	20.7164346954542	20.7838709090185	21.0318394048556	20.5947912592772	20.8418342545555	20.9390776935682	20.6411781751761	20.8924719938582	20.7035976350068	20.8687210050036
20.5773313899604	20.7649798757392	21.1755248794303	21.0158946260798	20.8588653769626	20.9062753296234	21.1676480057132	20.694597900925	20.9645929335361	20.9109305875292	20.8651858234119	20.8209771792353
20.5773313899604	20.7649798757392	21.1755248794303	21.0158946260798	20.8588653769626	20.9062753296234	21.1676480057132	20.694597900925	20.9645929335361	20.9109305875292	20.8651858234119	20.8209771792353
19.6447960325895	19.6634980526993	19.6600567920943	19.4977158436817	19.5626303206753	19.5607917035321	19.4582945070013	19.6636561643157	19.4628603687713	19.4869587374309	19.466838689188	19.4497679889551
16.500180640851	16.6490651496782	16.715547824163	16.5602060449382	16.1864247095109	16.5445976819445	16.7005191179042	16.3885480480202	16.9447471804264	16.6242082662349	16.8871650267552	16.3797231125715
20.9883891056618	20.8561595132577	20.9100843454462	21.0049213896223	20.824280486751	21.0491923203861	21.085728255746	20.9210847442246	21.1755983073867	20.8377572238311	21.0709833354415	20.8308223772594
19.1849636939057	19.2263912413864	19.1144368622007	19.0180054084218	18.8885489266827	19.1727171690178	19.1508814662792	18.961220157917	19.285027420252	19.1441939892586	19.2612161393531	19.1755199911192
21.0676412559019	20.7143425298264	20.7901790757444	21.2447247127771	20.9704255334338	20.9493736335664	20.8034056519731	21.3925580903173	20.9146373946363	20.873844289205	21.0320766276833	20.8189848111193
19.0542618931546	19.0745575811547	19.0481436419582	19.0829691517772	19.1855446937719	19.0351794892273	19.1321375426435	19.1891077017326	19.033501174901	19.0760748515008	19.0236399872207	19.0399209526672
18.1996140008526	18.2292004747521	18.2050697051459	18.0711276690663	17.7833633307688	18.2199017830716	17.9049021407985	18.0034577619022	17.9788532941653	17.6985204884572	17.8746052599139	17.7781375924284
20.7629816346148	20.6733605343066	20.5948390325317	20.5160611998627	20.5406548957346	20.7691643801938	20.5012338724939	20.5954232795997	20.7232386847931	20.6309602057286	20.5965264675301	20.6417259536972
20.6724159052323	20.6241484128936	20.5829648639509	20.5964679487706	20.5725251305514	20.6249191265596	20.4826235921406	20.7613449611678	20.4920456438817	20.4803373248825	20.5800983955217	20.4915272255461
19.5570595136507	19.5738854940518	19.6092318224961	19.7493198078473	20.2524422643332	19.8344487214358	20.4312588581988	19.9331719453407	20.2034227194843	20.5267202907734	20.0714455481484	20.1878688119944
19.5570595136507	19.5738854940518	19.6092318224961	19.7493198078473	20.2524422643332	19.8344487214358	20.4312588581988	19.9331719453407	20.2034227194843	20.5267202907734	20.0714455481484	20.1878688119944
19.5570595136507	19.5738854940518	19.6092318224961	19.7493198078473	20.2524422643332	19.8344487214358	20.4312588581988	19.9331719453407	20.2034227194843	20.5267202907734	20.0714455481484	20.1878688119944
19.5570595136507	19.5738854940518	19.6092318224961	19.7493198078473	20.2524422643332	19.8344487214358	20.4312588581988	19.9331719453407	20.2034227194843	20.5267202907734	20.0714455481484	20.1878688119944
19.962511725596	19.9693058728899	19.8889824960038	20.0189881015509	20.0911242817252	19.9062371681403	19.9850187753144	20.0982624773221	19.9019091521231	20.0122269716947	20.0924792435599	20.0471721941535
20.6933027505179	20.7658832769347	20.7258282733496	20.5500708139563	20.6667724601441	20.8391143142772	20.5167872969161	20.7135534882682	20.7263335106689	20.5889368745877	20.7071944879608	20.6196774256971
20.0698072439555	20.0360364466415	19.6737513904271	19.6962972987413	19.9921834365457	20.0995017063716	20.0993878814566	19.9364237076482	20.0702963643585	19.8159594218542	20.0589299048788	19.8471231480306
18.442474856868	18.2147407094127	18.2240991532246	18.4235552187296	17.9696552916767	18.5819647239588	18.0550283886779	18.4035353948451	18.4161563720489	18.1212048247079	18.4139704791308	18.1757344203299
20.7218064302299	20.6988549424214	20.7520205768422	20.8635993228201	21.0639711419513	20.6402055038936	20.9005706778963	21.0033950771903	20.5793847006045	20.9379150022128	20.7449286273112	20.8845100859382
20.7185774427961	20.777895554857	20.6634227673839	20.536738973678	20.3776354373253	20.7301209675059	20.3569089511	20.4115495014696	20.6932525669214	20.4049936558309	20.5043425950289	20.5022729263585
20.8554466544182	20.9242062543254	20.9085934167903	20.9425033611177	21.1279707163305	20.7853377577877	20.9222870088658	20.9924823426912	20.838316121103	21.099130383381	20.9549169789589	21.0855355797399
20.7390912109013	20.7136608302472	20.6230575076248	20.5528784822762	20.6325624475743	20.5544846868185	20.5417831413051	20.6742624488891	20.4897142930091	20.6349262133962	20.7324084077214	20.7689029920777
20.6004982990143	20.5746434164251	20.7024527577277	20.5930769443287	20.4981167109593	20.7345757191608	20.483789853023	20.6009968748916	20.695366506393	20.6118716402774	20.4958651505335	20.5152684134482
19.7885770275466	19.6399986086612	19.641214596476	19.8413203248688	19.9540253875672	19.891296775525	19.8188293853743	20.067752255907	19.7799007327667	19.9002234125615	19.8729775461618	19.8559854184083
21.2884342648617	21.2122400022524	21.2576706448352	21.3331063490569	21.3220085478892	21.2608706216319	21.2737689596069	21.3700908866518	21.1631854238865	21.2041562939007	21.1681871300404	21.1828783119475
21.3398512856095	21.2660959011705	21.1384258143422	21.0797502035	21.0677841531055	21.281800314613	21.0720297937021	21.1480610576678	21.2438258842453	21.0668244493666	21.1723798255435	21.1130711847675
20.4687295592298	20.3596335731253	20.4337159494651	20.627794386772	20.5898924536219	20.6170403045705	20.6204076061934	20.5983606202645	20.5877835891863	20.5518112080396	20.4882395529222	20.4802532669174
20.4122671816188	20.1805981049409	20.0429986213246	20.2901628654915	20.3472890070806	20.2464174289398	20.3219791715054	20.4060588820013	20.3048150728783	20.1693766269537	20.2754664311051	20.1393212397079
19.6428099226229	19.5723102167843	19.4042945023368	19.3099110949522	19.3648068918891	19.4921246859561	19.40929417531	19.4905571710484	19.4934574086223	19.2770113572007	19.4388133035247	19.2935067217102
20.7542539889575	20.6223710700904	20.4033262631522	20.6399983246813	20.7184527480772	20.6487808705779	20.6093064196384	20.7408840942781	20.7726624704998	20.6860191922846	20.6286445315685	20.6064200049012
19.4578787033996	19.5003318898211	19.5357968494336	19.6142906595278	20.0721702474154	19.7320299192727	20.2551950266443	19.7853802302029	20.1051592291928	20.3624322737095	19.9018170873325	20.0292965468911
20.1793855976758	20.1344136355829	19.9910924966899	20.0283578432164	19.8722133560944	20.2161609664296	19.8450513320857	20.0343179453345	19.9766777761382	19.8448156719471	19.9326223524473	19.931106406898
20.0425467322884	19.890772301795	19.9755310841371	19.848943598261	19.7772659074512	20.0430253647706	19.700514035028	19.7515472777143	20.0285760777749	19.7734300448447	19.9705569550058	19.8589734043819
20.5816731282557	20.6944915817994	20.8155555601472	20.6013863926898	20.5273700531417	20.7382692915087	20.6303868724357	20.6661272349536	20.6643039542165	20.4186956157897	20.4777290728423	20.382395888794
20.2235152631436	20.1110241379872	19.9990201712007	20.0673929499289	19.907145487522	20.2281255513998	19.9217527646705	20.1461028029137	20.1210790783693	19.8434679593754	20.0884747901043	19.8718833786503
19.8253372359188	19.6903772259463	19.6620915028385	19.7425331716782	19.6397747453343	19.7438579806373	19.6999327327668	19.6934233727853	19.7201180165817	19.6108282634376	19.7143293285119	19.5871702632037
21.0156190003365	20.9773461905547	20.7811199220379	20.8900401280484	20.9673119231993	20.9722330931221	20.8617897300668	20.9955735806598	21.022423298817	20.9948494843298	20.9975882802649	20.954888354803
16.7062917741432	16.7385933863708	16.982628850173	16.8240840133528	16.6050878067498	16.8502110379519	16.8598667848059	17.0759333616967	16.6395443292751	16.9088056113636	16.8921605099945	16.6982491195982
16.7062917741432	16.7385933863708	16.982628850173	16.8240840133528	16.6050878067498	16.8502110379519	16.8598667848059	17.0759333616967	16.6395443292751	16.9088056113636	16.8921605099945	16.6982491195982
17.0578698729725	17.6732740915729	17.680415072281	17.0102733360573	17.0677682672199	17.5469236107797	17.5452290724371	17.1417566454068	17.2021905510982	17.2151131749639	17.7209591201467	17.4727684582198
18.5308129959791	18.4536916972941	18.7267150085791	18.6610844823533	18.4795417692943	18.4866127231737	18.5213036096796	18.6659653153764	18.5251540112453	18.3406147202728	18.5363091270872	18.4135480382972
19.4623674459054	19.5517308805486	19.4639350510982	19.3310335197584	19.1539771906544	19.6203451282476	19.3463507140766	19.392303152926	19.402060926098	18.9014685237753	19.3184240325342	19.1734511859427
19.4623674459054	19.5517308805486	19.4639350510982	19.3310335197584	19.1539771906544	19.6203451282476	19.3463507140766	19.392303152926	19.402060926098	18.9014685237753	19.3184240325342	19.1734511859427
19.4623674459054	19.5517308805486	19.4639350510982	19.3310335197584	19.1539771906544	19.6203451282476	19.3463507140766	19.392303152926	19.402060926098	18.9014685237753	19.3184240325342	19.1734511859427
18.9774137948414	19.1368092885793	18.8735227088162	18.7098617444448	18.6516630460365	18.9720984465099	18.6135177745136	18.7348045032105	18.9747413885909	18.7479074257151	18.9444798395992	18.7139877391256
19.7525725373889	19.7695866386294	19.5917003853584	19.353013602306	19.6982437086929	19.4983604050676	19.7525425636768	19.412302508356	19.7779078540813	19.8401858570168	19.7854469984409	19.8858627227918
17.817055850468	17.6478036154092	17.7219674864592	17.8178373591177	17.8927151896867	17.9385634381854	17.91673767661	17.9186562597429	17.8421301436749	17.9039903405341	17.8159238137475	17.7960361341467
20.8075592124268	20.7703746091416	20.9198218817044	21.1768392620571	21.6494776369139	20.8981053127877	21.5776786410714	21.0501461607517	20.9998190039378	21.5020981049013	21.0439693107723	21.364222094989
19.8580984086395	19.8219606237605	19.8960869662364	19.9713319499346	20.232560040021	19.7203539130412	20.119437860601	19.944495633127	20.0474692792445	20.1418868226546	20.00429416743	20.0615786588014
19.3005792471219	19.2205064097368	19.1888376525431	19.0146307600006	19.0608624572818	19.208680110981	19.0488590738982	19.0446955095811	19.2877234258337	18.9982448325121	19.091954969538	18.9553486730099
17.533687743187	17.5603018271192	17.5729767326275	17.8878772150969	18.1299943310885	17.5764026029716	18.2413701875577	17.8863081994416	17.6519585084177	18.2648327256583	17.8621253601926	18.0040618554736
20.9338527853216	21.0018040907033	20.994430794194	21.1059070085404	21.4790561614766	21.1332131572987	21.7415921506847	21.2562171823951	21.4311888873998	21.5582115286312	21.4420602033555	21.3803117423617
19.0587840741656	19.1271752634597	19.1315615194398	19.0088363822439	18.9885218684764	18.7920317058193	18.9706446232925	18.7773404600123	19.2204537718356	19.2920061346833	18.9678401846585	19.2300476790251
19.9902455025812	20.0890697097548	20.9305065496338	20.657505792114	20.0603051158923	19.3199743001466	20.2444073103943	19.1979423525139	20.0506199413325	20.0129473951035	19.8896015155224	20.1258186405993
17.2727561581151	17.206822169717	17.1949386064171	17.2964268157939	17.1980802163025	17.3216338002719	17.2039132101957	17.2678201034053	17.2305195067444	17.2546839034291	16.9608820914857	17.1931308090931
19.2322573907723	19.2452985922443	19.3148442305318	19.239938082178	19.027982088446	19.2376285142732	19.1244863628651	19.2059417471438	19.0802740540209	18.9033647129263	19.1673212725417	19.090451731201
20.1200031485677	20.0085385891957	19.9175138033425	20.1101688994063	20.1299941441937	20.0678249065146	20.02448023742	20.0904606241486	19.9810633022335	20.0133014650334	20.0578256825711	20.0278237858386
18.6787622231795	18.9530056628507	18.9592683989773	18.9732845003231	19.0547364796989	18.9599969399362	18.9789756978732	18.8129391644624	19.2422451562156	20.1060356108129	19.407269811267	19.3061401859434
20.7536289895264	20.7166695163999	20.6853737384461	20.8089528149901	20.9514303912691	20.5986456789786	20.866859156748	20.8487818098119	20.7824726688396	20.8390436977979	20.7779372845045	20.7667618245201
19.6977248559906	19.4947013491022	19.576916818593	19.6052751877026	19.5179215733944	19.6048499610414	19.4570683092788	19.6524515834557	19.3880579461544	19.2545922543467	19.4987665105287	19.4502175215696
16.4930127601185	16.5574287594562	16.5451918661537	16.5464519457372	16.1688921478533	16.4900651862013	16.2790360868019	16.6879548797956	16.535474354932	16.2436458372015	16.4159331175433	16.2391714808957
18.3811666704086	18.4938863343958	18.5275203129992	18.9020959647742	19.149282191364	18.5733574505255	19.2800119902308	18.6990629243319	18.884569452587	19.6428616526831	19.041782816514	19.097007503633
20.1396463589482	20.1907346867508	20.1950959605826	20.2661256691529	20.2964260591652	20.075336373446	20.2853627223876	20.2514736420419	20.1013100750753	20.2796278543926	20.2029911025281	20.2614861706583
20.6734337676397	20.7168351072815	20.7291275085861	20.9250479518465	21.3205715131526	20.4914484461879	21.3011502176094	20.7546530254475	20.488662368914	21.5230572083276	21.0656020665196	21.3906462263089
19.8128976255192	19.7266242514311	19.8023439102272	19.8212958641447	19.8238181753061	19.7728320582376	19.6975889103589	19.8849791722623	19.8395848546475	19.6105983928873	19.7345381573429	19.6655423717019
20.7939710779739	20.7040195945317	20.6290860160541	20.7310869184232	20.5849954250413	20.7645373170589	20.6041878675307	20.7712940400159	20.6674016051807	20.5113668886558	20.6969646066868	20.5440690225749
18.10255221456	18.2277925299383	18.2441335827729	18.2547413555814	18.6853275519558	17.9714785999009	18.179283962511	18.1611286831689	18.2892291188595	18.4865042551424	18.2806258970678	18.3982610474683
18.5718957548147	18.4972487397561	18.5953551167376	18.7906763523031	18.8839569265143	18.6462518375543	18.7624411618966	18.823141672813	18.5039629623356	18.8089790193835	18.5028736022425	18.5387726809371
17.5252582988003	17.266090128734	17.5239051720559	17.4066745752464	17.5083659941799	17.1519065133137	17.4318853802114	17.5526920160596	17.1404155266684	17.3957260253167	17.2033619129591	17.3784483912964
19.1512291245967	19.4638654651427	19.4933293046149	19.1871618394136	19.2599751976432	19.4721624652567	19.5989809890528	19.3856050512448	19.1981372846913	19.514459022734	19.5466030138708	19.5788227760805
20.2518852931928	20.2504474073703	20.2452464718083	20.4851043890829	20.8467371333413	20.1026927561992	20.7563142735489	20.4680527014668	20.2076619722755	21.0096389758795	20.4262907487142	20.8324820719078
20.2518852931928	20.2504474073703	20.2452464718083	20.4851043890829	20.8467371333413	20.1026927561992	20.7563142735489	20.4680527014668	20.2076619722755	21.0096389758795	20.4262907487142	20.8324820719078
18.3065493608308	18.4660908116433	18.3543169136417	18.0669868625916	18.1519540670678	18.2466225269338	18.1959519654559	18.2165304043957	18.2026348310834	18.0835082981065	18.1001255570362	17.9933629013533
20.8143395034971	20.9244398768184	20.9331227516126	20.7295672926596	21.0307854101487	20.7764417617471	21.3343134203624	20.6325372322768	20.9785175353652	21.1344340617946	20.8364733268725	21.1821738532023
20.8143395034971	20.9244398768184	20.9331227516126	20.7295672926596	21.0307854101487	20.7764417617471	21.3343134203624	20.6325372322768	20.9785175353652	21.1344340617946	20.8364733268725	21.1821738532023
20.8143395034971	20.9244398768184	20.9331227516126	20.7295672926596	21.0307854101487	20.7764417617471	21.3343134203624	20.6325372322768	20.9785175353652	21.1344340617946	20.8364733268725	21.1821738532023
20.8143395034971	20.9244398768184	20.9331227516126	20.7295672926596	21.0307854101487	20.7764417617471	21.3343134203624	20.6325372322768	20.9785175353652	21.1344340617946	20.8364733268725	21.1821738532023
18.6142452380457	18.7149719928766	18.5256021549825	18.6608259041242	18.6353817755628	18.5005567931364	18.6142895102094	18.6782555575099	18.5316785267784	18.7362215921232	18.6868919500126	18.763623841008
18.6142452380457	18.7149719928766	18.5256021549825	18.6608259041242	18.6353817755628	18.5005567931364	18.6142895102094	18.6782555575099	18.5316785267784	18.7362215921232	18.6868919500126	18.763623841008
20.0056319583515	19.9720862054762	20.2368295656696	20.1295505132196	19.8364853683233	20.1024202968365	19.9046057805454	19.8814176655853	19.9808120760666	19.5466175659567	19.9550894448841	19.7643462369278
19.5984334976653	19.819115281195	19.5450868622864	19.5845219443081	19.7063986562734	19.5800879532882	19.7435999228487	19.710246587957	19.56043947978	19.6135952795507	19.6171309220799	19.6367082500528
20.7820851007326	20.8547965364215	20.8519964441796	20.9502238575234	21.3183440820116	20.9784537522229	21.5742530816342	21.0971477248302	21.2932088119837	21.3943820961051	21.3031496042678	21.2195548983845
19.6033374787444	19.7288193906503	19.506224352139	19.4154315272087	19.4668779340428	19.7648659475803	19.4386531293154	19.6238175231707	19.6525252184298	19.7905772211561	19.5277920529698	19.8607581147724
19.0358881008108	19.0060618965413	19.0541080657269	18.8954870068591	18.8304485478741	18.9422256943089	18.9518518190697	18.9071935727915	19.0610346971218	18.8256779973345	18.9274934368922	18.9146331326473
18.442741366383	18.3051021225118	18.1275351272323	18.3334145583546	18.4770349561447	18.3128144661183	18.2321348012564	18.3368817146645	18.4437413512231	18.6131841263621	18.4846132878276	18.5837137212549
20.2597011168849	20.2396299108623	20.7028965217842	20.8115707141836	20.7914747287603	20.2577975686957	20.6180215605616	20.5471817208014	20.3711531741211	20.7402283049581	20.3380042003303	20.7467944225078
17.9900970829663	17.9066654669613	17.9914410481294	17.9109546076004	17.8465159674189	17.8671798516587	17.9041527578263	17.9321886007799	17.8677828415584	17.7517741421472	17.8850127403747	17.7280101130061
17.5617459637095	17.54502019205	17.5213911291244	17.3247899180573	16.9974320020013	17.5418123287808	17.1842249441845	17.3278621703931	17.5658340490372	17.0577402602303	17.3688873028932	17.242912240497
17.9728548684703	17.9651943994026	17.9434273525505	17.7076488387377	17.780570926274	18.0569811841943	17.6292933938464	17.8011708964759	17.6794171300506	18.2229638080334	18.1884742799796	18.0532474305415
17.6578774348804	17.6217796127195	17.6590672802581	17.6491791193175	17.4978290150934	17.7635639159457	17.4744974987101	17.8219049110594	17.5751933740669	17.3497482205822	17.6416797029132	17.5643278579297
19.0457829817288	19.0431509771186	19.0952465763139	19.0758864965134	19.0330736396474	19.0462102075235	19.1051111923935	19.0478024638594	19.0260909139388	18.9939987575906	19.0457108549513	19.0007433054774
18.4223669423713	18.4942478060074	18.6288013872117	18.3683099579572	18.159567847656	18.4231439553761	18.3753227107819	18.4654952372721	18.4872118872385	18.2381288859478	18.4290415456233	18.265129114934
20.191641820893	20.304141804764	20.2791469226159	20.0564581778737	20.342297766495	20.0877019068873	20.6224197735447	19.9549475490384	20.2598742234282	20.3602213963407	20.2205328400388	20.5025462822926
20.191641820893	20.304141804764	20.2791469226159	20.0564581778737	20.342297766495	20.0877019068873	20.6224197735447	19.9549475490384	20.2598742234282	20.3602213963407	20.2205328400388	20.5025462822926
18.6666322369727	18.4910757520007	18.5201047404976	18.5947353032603	18.9156325053006	18.653085962485	18.6355483457721	18.7861941796089	18.6508627441387	18.6799720597818	18.6165123218425	18.6988010638744
19.8633477574718	19.9503262865686	20.0106186185574	20.0867040617776	19.8429478064227	20.1468256048514	19.8372102765631	19.8587995441149	19.8418029492543	19.624873965463	19.8206011215803	19.7591904332351
18.1429700613192	18.1708002773922	18.320291250048	18.0433553212294	17.5209923611907	17.9178366977633	17.8686548348095	17.7423182429832	17.9854164500935	17.4924796001372	18.1288146417736	17.7369914714703
18.187002900502	18.097273453685	18.2076711775893	18.2976840235625	18.3711299650006	18.0151064279184	18.464504262258	18.2401963641167	18.0372078356824	18.3487530695317	18.3015400594544	18.1715023196453
18.187002900502	18.097273453685	18.2076711775893	18.2976840235625	18.3711299650006	18.0151064279184	18.464504262258	18.2401963641167	18.0372078356824	18.3487530695317	18.3015400594544	18.1715023196453
19.1691978418364	19.110846327963	19.1446274632308	19.0857716136022	19.1161518492952	19.1543766161564	19.2545574298221	19.0926021194368	19.2709760673775	19.1133780762186	19.2382671920448	19.11590269129
17.1398296036949	17.131884101414	17.3008306062583	17.0089517781816	17.0322832469367	17.0710507067896	17.228169647081	17.0473716878461	17.3004738483188	16.9132092248929	17.323896349857	17.1459975535189
19.4280376143008	19.1635203904244	18.9586158077502	19.0156707202022	19.0199092108529	19.176337297175	18.939306516693	19.1461256243992	19.1893894789167	19.1418446600967	19.1043950453443	19.212685130661
19.1092522018447	18.9431477027984	19.0082442898296	19.040175058036	18.937141430147	19.039303813799	18.9308304876736	18.9781557311935	19.0646519208899	18.8545897960816	18.9970294153606	18.9001085311327
16.8683128581443	16.9460254719327	17.1710119375605	16.9719049367462	16.9610680631949	16.910632292551	16.947053088377	16.9472772828803	17.0139231042381	16.7930597556735	16.8501171091075	16.7490298973214
19.8998771819698	19.8470736287214	19.798236778074	19.6207280752103	19.3570232287456	19.9141086609665	19.4518772212322	19.5018907551187	19.8293864070102	19.6121476545407	19.5135745363286	19.5106926589588
19.7367765202046	19.7886699744349	19.9601849869216	20.0688524344458	20.3845045561103	19.890569855894	20.4121807151898	20.031652916423	19.884640075546	20.2138690064369	20.0308829689788	20.2591838085573
17.8424011227057	17.8414390884238	17.7276417135429	17.7989281870096	17.9008992173964	18.0685021156601	18.1283501922594	18.0170280493471	18.2514861991418	18.0348277856791	18.0839694279438	17.8430128593058
17.4766753492638	17.4622160268484	17.4641344249271	17.623886083109	17.2859875805509	17.4852803935031	17.0955914836589	17.2987204731968	17.590408701514	17.052688648566	17.3280293625955	17.2430889320813
17.4766753492638	17.4622160268484	17.4641344249271	17.623886083109	17.2859875805509	17.4852803935031	17.0955914836589	17.2987204731968	17.590408701514	17.052688648566	17.3280293625955	17.2430889320813
21.1469553762545	21.2331709568106	21.1772935276961	21.4173079338722	21.5870309890696	21.1885973162491	21.3394244248549	21.3880851220192	21.2813135305845	21.9982640637652	21.4552006775961	21.5272465888627
19.2164559902615	19.2371607411463	19.1833592616119	19.35866323322	19.4125246461219	19.1685228863061	19.3227594907124	19.3819840917173	19.0575355637351	19.3744551649644	19.1991453823524	19.2393481926213
19.2479005691795	19.2694765893203	19.1593700570436	19.2539914019693	19.4923702599325	19.1431780967629	19.4301709881129	19.1851288846833	19.5009767242041	20.0001217289459	19.3782419186489	19.7059503177668
18.4297120136752	18.1387912765707	18.1671633295337	18.3925917584015	18.633756580098	18.3102854441916	18.357025758054	18.6441425643881	18.2762267342375	18.5982066105271	18.3513119455136	18.537871383757
19.3791817784723	19.274091622986	19.340771648537	19.1457827867494	19.1814001281013	19.1713642031631	19.1717194333881	19.2340785173904	19.5459025902509	19.4833524092336	19.2200230037238	19.2619076383337
17.389950156727	17.4882605413598	17.6486203271426	17.5518223970064	17.4639236138477	17.3978414953873	17.4176612734906	17.5194065649754	17.3667252204735	17.6647999643038	17.1918665295575	17.846133570509
17.4672068281392	17.4498865038615	17.4200081466751	17.3468910927238	17.4305140559822	17.474444650674	17.43305916917	17.5066841116	17.4935049251153	17.4434060619849	17.3738987708323	17.340770005031
16.9246927343203	16.6160400198072	16.5626173745242	16.9157806803892	16.7029991696836	17.1277926612356	16.5093379225792	17.0773964777146	16.6680978460278	16.4466186477844	16.6218236358496	16.457965166196
19.612544315663	19.6486685524299	19.7022502595539	19.6054083646974	19.5778117561197	19.6954794285879	19.6287684052028	19.6435718006332	19.620383534894	19.6837542410836	19.6038603281487	19.5896595503255
19.3284769798899	19.4436274667642	19.3723151278228	19.1672128520124	19.0733098127256	19.3893575883789	19.2659297833739	18.9791582905458	19.4696685951847	19.0407643047618	19.2480694818482	19.204815280482
19.1831081049059	19.234755535766	19.2504105939561	19.2948017543963	19.4021007485204	19.186266117395	19.3173513235431	19.4351107277595	19.0733074023529	19.4162475919363	19.2398832589608	19.3200838285252
18.5107986990425	18.6131357853836	18.5123916864015	18.4708779891266	18.493018449608	18.4384478612571	18.5470885301514	18.4926768100744	18.5425300973952	18.479263813845	18.5227367984802	18.5122740137111
18.0075288661221	17.9360208278304	17.7429426419775	17.8863038819557	17.1947644159995	17.9561548627107	17.3995591606022	17.6892171886672	17.7116017908537	17.4932942181637	17.5448853969508	17.3683615724051
19.4145026223666	19.4731052879221	19.3154585490068	19.3387861374134	19.3235631550917	19.3426731529345	19.3920425639359	19.4452750554235	19.2388503807069	19.3082849824932	19.3694881157409	19.2794910878773
15.5535198935663	15.4298082886287	15.3626255403208	15.5778439511938	15.7785111703822	15.5826441446973	15.2841840844875	15.6274037238819	15.2391859498845	15.5661655367135	15.57892010036	15.5195386641457
18.1514208822195	18.4272419081925	18.3956769451488	18.0100730665867	18.0099590930999	18.3300173090953	18.3264324560929	17.9698776159665	17.8277867987828	18.1049055984672	18.2462855382865	18.4405093028357
20.3680921112223	20.3122553550651	20.142589141421	20.2202763564524	19.9764027863318	20.1479849052881	20.090007657922	20.0760066679164	20.11179059219	19.8752825804748	20.1404148287793	20.0139476946545
19.7152837670035	19.7384348219167	19.6665648053025	19.6871121878225	19.7854237758619	19.6768128321027	19.7245820146867	19.6820635702746	19.6441891836716	19.8041940524366	19.7190156258368	19.7588363460973
19.8803518902481	19.9292569250442	19.8255978970924	20.0021235287721	20.0753810653676	19.9545010555318	19.9208472078741	20.0858283079016	19.8911218585406	20.0332940627369	19.9153111899458	19.9506243180248
19.655769036465	19.8045282059519	20.0471163599449	19.8952368727519	19.9595414965916	19.7700159314465	20.2802104324072	19.5939815468552	19.9038966787774	19.7459680533505	19.8255135989236	19.8748767557732
19.655769036465	19.8045282059519	20.0471163599449	19.8952368727519	19.9595414965916	19.7700159314465	20.2802104324072	19.5939815468552	19.9038966787774	19.7459680533505	19.8255135989236	19.8748767557732
18.4939244440609	18.4815166277078	18.5896764241321	18.731408380019	18.8075901715406	18.5130115967162	18.7149861246065	18.648810799695	18.4807034992296	18.5665363195533	18.6261022790052	18.5629813284129
20.3705668942341	20.4312560448933	20.6696494890252	20.4840885664722	20.1523956773082	20.4850224673436	20.305400077511	20.2595245436423	20.4371639582185	20.0657396647416	20.4147254278818	20.2644065078287
15.5290728764672	15.2362758658654	15.3387390174147	15.2936587928663	15.6914120817942	15.3122162424721	15.4166746085602	15.4645220161928	15.5256829134054	15.621245341352	15.5654662363993	15.5576621180817
18.1061200153515	18.184270092	18.168024921865	18.2613404527783	18.0827801749827	18.1388161442551	18.1326347671298	18.2159717334112	18.09497832804	17.9598222152411	18.1302049697832	18.0845739053103
18.4979172529602	18.4652745386724	18.3428535526762	18.3121801231405	18.4479107376209	18.526638046064	18.3302326278567	18.3368843254588	18.4921126166249	18.6090441726651	18.3885499901632	18.6057807405444
18.7858167983441	18.6739723237321	18.6984872606546	18.7135980163394	18.8762510666084	18.7636841596916	18.7109189676977	18.8524142676893	18.8062155114705	19.0347836946917	18.715912640676	18.7944113714334
18.4969885029511	18.4292408738337	18.5191607089026	18.590655820135	18.2045751286651	18.5233657626383	18.1897721640527	18.4633706903485	18.4850424482796	18.3113767218413	18.4557657588014	18.3838380420794
18.4231254782008	18.4984300501126	18.4054771458792	18.1635402161033	18.5247282713794	18.3613634451368	18.4423545816123	18.2554478433811	18.6440639978833	18.8298929572804	18.556211547701	18.7246430799181
20.2235152631436	20.1110241379872	19.9990201712007	20.0673929499289	19.907145487522	20.2281255513998	19.9217527646705	20.1461028029137	20.1210790783693	19.8434679593754	20.0884747901043	19.8718833786503
19.6463379513004	19.5631042650316	19.7140848587115	19.5434442448553	19.6249129432568	19.6196503658226	19.4245531668434	19.7528422305703	19.5948013801466	19.4629278263711	19.6658139279349	19.4733865037569
17.7856390430913	17.8412297976482	17.7586071098275	17.5203633193899	17.4243911713004	17.7210145881416	17.6704028792996	17.666436436688	17.7999256721778	17.5618846816431	17.7862117985992	17.7402537531614
18.040910375671	17.7130489968532	17.7063775304894	18.2498203224045	18.1513439244153	17.9693646526515	18.1281814129458	18.2511992755979	17.7776717874724	18.1103796999377	18.0037048605558	18.0748326602369
18.495813926369	18.7580360504667	18.4547039265105	18.5140495126697	18.5949964005764	18.5718211346048	18.5127151182707	18.5902251672899	18.4694984554967	18.5710918222461	18.6036692389017	18.5173223659041
16.8156986622059	16.9418671807251	16.7712711470315	16.7806934917603	16.7488607451351	16.8055624911164	16.6710387626031	16.911652933374	17.000751264046	16.7973564207258	16.9192834525318	16.8599440289193
19.5551936764142	19.526461797086	19.480560415978	19.668137524233	19.698362163602	19.4578771990715	19.5714207950707	19.693291449184	19.4455313550709	19.6124685267067	19.4584202369191	19.5175277461677
19.5551936764142	19.526461797086	19.480560415978	19.668137524233	19.698362163602	19.4578771990715	19.5714207950707	19.693291449184	19.4455313550709	19.6124685267067	19.4584202369191	19.5175277461677
18.8789231699702	18.7981790206558	18.5770764603705	18.5656055739419	18.4071067916086	18.5137636604399	18.5921313661708	18.5182920666198	18.5466031474057	18.4230811733237	18.6638887717293	18.4444347544897
17.9934848532427	17.9213013880145	17.8707534152723	17.8710537967104	17.6972499379262	17.9652300028543	17.702818552322	18.0105310395498	17.8452511718587	17.6979906867748	17.8289743741795	17.6874532352897
17.2349958926555	17.2395859984429	17.1300563923737	17.1273984618268	17.1031830672777	16.9958645283254	17.0245203102256	17.2209406787369	17.3834392296108	16.8428855657636	17.2726488835228	17.1486141893685
17.2349958926555	17.2395859984429	17.1300563923737	17.1273984618268	17.1031830672777	16.9958645283254	17.0245203102256	17.2209406787369	17.3834392296108	16.8428855657636	17.2726488835228	17.1486141893685
20.3973416114724	20.7603544195663	20.5748279836743	20.4738747278361	20.5635097376185	20.7765824043136	20.6329288731585	20.5738997033084	20.5141836660374	21.1557691423688	20.5298250688808	21.0834361251072
16.5571321971204	16.8198480671968	16.9916869193014	16.7269528315525	16.6788859584679	16.7396723880331	16.660724768058	16.9759546060771	16.5371446126224	16.7398515420599	16.6594806428322	16.7899658417771
20.1453071154456	20.2676758169394	20.16724751237	19.8528592762981	19.5905627497848	20.1138785638583	19.6668608258966	19.7242091032336	20.0825737257995	19.6964637551817	19.9019863942491	19.8797950473513
20.1453071154456	20.2676758169394	20.16724751237	19.8528592762981	19.5905627497848	20.1138785638583	19.6668608258966	19.7242091032336	20.0825737257995	19.6964637551817	19.9019863942491	19.8797950473513
16.7131440806678	16.8650904400607	17.0293637009889	16.8417488457566	16.4601750408196	16.9101588852168	16.6752336532755	16.8052157138493	17.0247808469426	16.6529967313441	16.8228315861312	16.7035318600104
17.9873433866735	17.7878518813704	17.8034630175268	17.8754178157409	17.6169823360049	18.0396135053493	17.6570590017468	17.7476480317292	17.8820917923505	17.6782205720895	17.8740130106086	17.7922815131969
18.2713159305821	18.0246184390253	18.1243402992023	18.5735971574963	18.4319871388051	18.3012066101043	18.489529990737	18.6103122141646	18.1542869684909	18.3386136258226	18.2234170148763	18.2517686538308
18.9598400863866	18.9498990416405	18.994898670449	19.0585016424385	19.3840815198339	19.1632182396455	19.4652646062291	19.2406609859453	19.2506602167263	19.589796428377	19.2634965244521	19.3557255098493
19.3842080201643	19.3656967872884	19.3663489913634	19.3067222060978	19.2951793468739	19.2657410390213	19.2929657195754	19.2955797639176	19.1919851570083	19.1808247079649	19.2093796703927	19.1913634643523
19.2669174107776	19.3274733472896	19.2725702338739	19.1389376735235	18.9848971634652	19.1637457553832	19.0674492948434	19.1031459624248	19.104823311919	18.8794125533409	19.0590575081762	18.8712517763356
19.2669174107776	19.3274733472896	19.2725702338739	19.1389376735235	18.9848971634652	19.1637457553832	19.0674492948434	19.1031459624248	19.104823311919	18.8794125533409	19.0590575081762	18.8712517763356
19.7662523209239	19.8368855133654	19.8006356539132	19.8207940187637	19.8396785550528	19.8240864638037	19.8964610405156	19.6730389849256	19.8590832915567	19.8395416720264	19.8232300305573	19.8703037127275
17.9863643920732	18.221535393547	17.9456820901799	17.6649505661042	17.6673329139026	18.2317414883856	17.9989263734811	17.6200846400006	17.922179927142	17.812516532131	18.0252462658	18.0907871508615
17.2809282413148	17.5649484942575	17.5530496442785	17.3830508000008	17.3537505433499	17.3472136660895	17.3586726828488	17.3156813187527	17.3508328513803	17.3579108666652	17.2866402636982	17.4329008768799
19.2744652881926	19.2597231215749	19.1619479608918	19.4977443394493	19.5179798569524	19.3328899862995	19.453751430181	19.5484823977837	19.1737876163864	19.337610819147	19.2623841802974	19.312480750247
19.4783411087045	19.5684881639222	19.5905137706922	19.669632766143	19.9829743925695	19.7702145065501	20.2770437799219	19.7604021291624	20.0774814552897	20.1566887335377	19.9724866060449	19.9842623158094
18.2545381127307	18.2849723091569	18.2279541257656	17.9918390967178	17.8719512076739	18.1650758805159	17.9707803008486	18.0456074208708	18.0076887452751	17.878425160376	18.1303640798409	18.0401010788502
17.3599394834073	17.4107828364089	17.4773906393828	17.3544685392118	17.3878028679468	17.4917467397428	17.2914594871435	17.5294634942851	17.3517761805649	17.5025410819827	17.3722608950066	17.3911705768712
13.8951326920189	13.8072675327136	13.5028860499211	13.8474776388746	13.9194717288028	13.9256286812722	13.2284084789516	13.5129094297609	13.95610949387	14.0164472546008	14.2252058007528	13.9917392904823
16.8465581240108	16.9459249996715	16.9618570851978	16.892712599332	16.877960219814	16.9508084746224	16.9369708832078	16.7303955226559	16.6799107071468	16.8456533054008	16.9109490868893	16.8193360671889
18.7914772842471	18.5545744348792	18.7431488018928	19.2123531592023	19.0237248867882	19.005722941933	18.8624414403774	19.252478263959	18.7867512758521	18.9376058227812	18.7926071331917	18.9087495751431
18.4936324346765	18.5056263124734	18.5938170677879	18.5570074457899	18.6951910700579	18.4609376891211	18.4168207130702	18.5259629908724	18.6299649234189	18.6756471583185	18.531250374033	18.7149202829738
16.8618198280683	16.9371063456083	17.0811275319566	16.9330460546337	16.9048131079367	16.9810335568931	16.7972538216628	17.19091710956	16.8268992516317	16.6878174998318	16.8854760669828	16.7933458038019
17.3542204273335	17.0019716943444	16.9986810562268	17.144895389979	17.2514453896718	17.1433968045973	17.1787356524433	17.2698961378411	17.1833880275887	17.1838818726422	17.1510784311642	17.0169534174286
18.7704337955558	18.6860650218204	18.6273631163072	18.6420278773389	18.3375409556943	18.6658815190557	18.579099325264	18.389514425445	18.633940942826	18.3327309311145	18.645848943176	18.3780572562656
18.7704337955558	18.6860650218204	18.6273631163072	18.6420278773389	18.3375409556943	18.6658815190557	18.579099325264	18.389514425445	18.633940942826	18.3327309311145	18.645848943176	18.3780572562656
18.0983794389837	18.1355416132128	18.1358732050595	18.0585433312138	18.3553048522385	18.0881561586005	18.2205411275126	17.8745831808843	18.2749269718212	18.344234841852	18.1527115119146	18.3506129724879
17.8070215362965	17.7003506339033	17.6970967138865	17.8196750840361	17.8573350151248	17.6689594193063	17.8377944243499	17.7753301619068	17.7208403349854	17.8147850312118	17.7584446576352	17.7080591683501
19.5748869368331	19.7191363998639	19.9769425129507	19.8141564798033	19.8345879164909	19.6855992621346	20.1938933370922	19.481438937172	19.8372805524949	19.6362634122522	19.7398812528984	19.7788061167124
19.5748869368331	19.7191363998639	19.9769425129507	19.8141564798033	19.8345879164909	19.6855992621346	20.1938933370922	19.481438937172	19.8372805524949	19.6362634122522	19.7398812528984	19.7788061167124
19.5748869368331	19.7191363998639	19.9769425129507	19.8141564798033	19.8345879164909	19.6855992621346	20.1938933370922	19.481438937172	19.8372805524949	19.6362634122522	19.7398812528984	19.7788061167124
18.2566913789264	18.5033797427208	18.6733331010893	18.2070744000359	17.9876830065425	18.4791702436458	18.1397470491036	17.9830766315348	18.2515334826088	17.8125956569392	18.1084907351038	17.8864111565476
17.6016288269918	17.1980410203943	17.296974394382	17.5650296534974	17.7919379952452	17.7454350999045	17.2729462975241	17.9041347095765	17.4831513403712	17.5130202453507	17.7213482210247	17.5429635057064
18.5118838364399	18.484760549039	18.4042930831889	18.4731963082964	18.5988505620818	18.3965315494036	18.4290284821588	18.586852822973	18.4326400257192	18.4039080973772	18.5103358049499	18.4015361857197
17.7148359937819	17.7584717585964	18.0770475905143	17.4944985974647	17.6341736528409	17.550703247039	17.7178525320818	17.7116426630265	17.7071970583595	17.4933544827494	17.6799131627114	17.6498346485441
16.9463161826584	17.1267278513467	17.1937305848132	17.0396076650165	17.0360231195087	16.8433508291053	17.12651618109	17.0142217190524	17.002187273352	16.926160373688	17.0684038890497	17.0167047976295
17.0987804967571	17.0690073324886	17.0627445057134	17.1701367605345	16.9902267166146	17.2245932247501	17.0584276668852	17.0251055252792	17.1647496642935	16.8058124358336	17.0088640379498	17.020314515775
19.2508244575194	19.2238718952455	19.1698313758005	19.1434698220928	19.1980158130514	19.2050923780087	19.3530860249566	19.3321210894534	18.9350345000945	19.1312478436954	19.1195014255821	19.16600203594
18.3492594788149	18.3452574816579	18.4424331636677	18.218473593302	18.0891927584996	18.1900037995557	18.2785523046162	18.0056734224237	18.2621653916849	17.8645338479441	18.3815045135738	18.0104029943674
16.0312720708705	16.2693371696318	16.2125092940313	15.9564180117681	16.4985310885258	16.3426569605581	16.1491200758987	16.2419958588617	16.1528008239508	16.2971967823296	16.3631515131797	16.3968454805273
17.8229210041654	17.9269079009358	17.8882556687749	17.9281195175266	17.8555464538839	17.856995253316	17.9931543149467	17.887376059934	17.8436357093875	17.9754060287963	17.7459027560714	17.8966364369886
16.7613222223845	16.8044444095695	16.791023572061	16.7263152917978	16.5502234386019	16.5960215397946	16.5144998411454	16.6689265711245	16.8430938924364	16.5237398746028	16.5646778414402	16.6582058224408
17.931396353787	17.933924077025	17.8605053390753	17.7844411977695	17.7319861545362	17.8647122680958	18.0716500623776	17.748270399055	17.8620623725849	17.5532892400129	17.8646327608058	17.7848497495159
17.8959053053701	17.7522254778684	17.7697054119539	17.8598484259123	17.9275864780527	17.9257472969354	17.8920497461385	17.8621814924974	17.8342419039923	17.9336589361951	17.703100876388	17.7507684744555
16.9516454554698	17.0621447863195	17.6340816568419	17.3182383685568	17.0108318433784	17.168508419839	17.2211573637407	17.0649188235188	16.9661480889806	16.5909233685152	16.8031815629458	16.7932985129704
16.6556458187442	16.5961550152393	16.3188012835113	16.7115649104413	16.8372111930933	16.6730831851617	16.6530185612638	16.8321964117133	16.5733066287208	16.7256480944503	16.5392706902806	16.6273541185273
17.4766753492638	17.4622160268484	17.4641344249271	17.623886083109	17.2859875805509	17.4852803935031	17.0955914836589	17.2987204731968	17.590408701514	17.052688648566	17.3280293625955	17.2430889320813
16.7711490546052	16.8110198019962	16.8105746411937	16.6974250708113	16.9477574302527	16.8281075915862	16.878600084091	16.9558730281219	16.6057863049253	16.9048900949078	16.7177050313754	16.7674003255392
17.8882602101628	17.9379012017854	17.744694776887	17.738180847202	18.0774459510654	17.7765876315736	17.7819539871454	18.0085127878288	17.7171867497096	17.9058538067813	17.7617286603783	17.9038986533114
17.7469799243428	18.1043937640034	17.7886781169609	17.4022153761877	17.2754824736513	17.6646075823664	17.4802039707499	17.1472948697024	17.5818051178004	17.9354862801627	17.1298239884285	17.7458533878644
16.8142092407762	16.8240971395762	16.7289388311533	17.0402952959465	16.7043894943747	16.7342758146353	16.6657567965263	16.9856480870657	16.8035618693534	16.7040137338434	16.8415774153064	16.7909844643914
18.6172829171955	18.4522284329723	18.3003383401711	18.4258301917672	18.6421589597929	18.071102751408	18.7351817213987	18.1309521011973	19.1418701662409	19.5707989243767	18.8289192630136	19.2762662988273
17.2030320927772	17.1802281167405	17.0744848144404	16.6767240942802	16.3054534842485	16.8712423234087	16.3211502703893	16.8353670216385	16.6249735916691	15.8417897265718	16.4328555875758	16.1279508979061
19.2308214004346	19.235942758406	19.2771455890578	19.3415528819192	19.0605030017242	19.3075305502309	19.1594905889656	19.1753382788868	19.3427893986349	18.9401138916327	19.240039423561	19.1309947006993
16.0886826556287	16.2042916060101	16.2853084827408	15.7977162734484	15.4760260748217	16.2275425842137	15.702211298585	15.6879378198242	16.0016791916797	15.251392102227	15.8273518779534	15.4547426557665
18.1419492534329	18.1262691977316	18.1918534463282	18.0527650627741	17.8221522656317	18.1272890320911	18.0086274472211	17.9148800619088	18.2060034806819	18.0001864103752	18.1112792839563	18.1159805483782
17.826166450076	17.9748858581475	18.0278428092675	17.9105028200874	17.6382110617612	17.7205885109321	17.9663689487767	18.2853274302642	17.7544555712158	17.325936405411	17.9679296462521	17.5738010415302
17.4049484302588	17.2080199978028	17.3122153260669	17.4117555694894	17.3585238922452	17.1427775709577	17.4231992514026	17.3262500908533	17.2738923062754	17.1092636681822	17.1831349881166	17.2977078863502
16.2832269399055	16.285804353919	16.2277163943201	16.1859179516678	16.4446213410994	16.383599114104	15.9948233985121	16.1516851974371	16.1068731618065	15.9962474665866	16.2225051797229	16.016969803037
17.0344113979315	17.1987612762057	17.3671266815152	16.8773947585941	16.4803153321044	16.914000807306	16.6134861172612	16.7373731711086	16.9056342559152	16.7267676368873	16.9818519128131	16.7555392037371
17.7277683140731	17.6678367560716	17.7440686887868	17.6433171991419	17.8514811203799	17.5131140090758	17.9104345178457	17.5776473395483	18.0437850359958	18.0420387285108	17.8621377505224	17.9013118086529
18.2463572430917	18.2669721711887	18.2668648305659	18.0397398015345	17.8762068352808	18.2326332937966	18.0155968197299	18.0671743735608	18.1844474418149	17.8239466399525	18.1056293441603	18.032236494611
19.5558719011453	19.694356326048	20.6446612289374	20.3716349918851	19.7523945406191	18.9129670193044	19.9531102478604	18.6963866138553	19.589350023898	19.6703088673569	19.390494076224	19.8009037749545
19.5558719011453	19.694356326048	20.6446612289374	20.3716349918851	19.7523945406191	18.9129670193044	19.9531102478604	18.6963866138553	19.589350023898	19.6703088673569	19.390494076224	19.8009037749545
19.5558719011453	19.694356326048	20.6446612289374	20.3716349918851	19.7523945406191	18.9129670193044	19.9531102478604	18.6963866138553	19.589350023898	19.6703088673569	19.390494076224	19.8009037749545
17.6660994845655	17.6346691059324	17.5543609282658	17.3757308158745	17.6956862078616	17.6600716037621	17.683268762768	17.6481377428586	17.8955482427447	17.548361823231	17.5678889004741	17.6547235397279
18.0885578053426	18.0507114308503	18.0391469493819	17.6870522460084	17.6356944284214	18.1192970897334	18.0983288499424	17.4329768346568	18.2891961132534	17.6649695686996	17.7845539755205	17.8457697330578
17.9116282238422	17.9132447587052	17.7841006504445	17.6039391476852	17.9442017875215	17.9002503770128	17.8151869045033	17.6295999269384	17.9421558850345	18.1174256095673	17.7534361016748	18.1360265507355
17.9116282238422	17.9132447587052	17.7841006504445	17.6039391476852	17.9442017875215	17.9002503770128	17.8151869045033	17.6295999269384	17.9421558850345	18.1174256095673	17.7534361016748	18.1360265507355
17.9116282238422	17.9132447587052	17.7841006504445	17.6039391476852	17.9442017875215	17.9002503770128	17.8151869045033	17.6295999269384	17.9421558850345	18.1174256095673	17.7534361016748	18.1360265507355
19.9393883209793	20.0444878719897	19.9627396773613	19.9601482243364	20.209127721172	19.9093846147488	20.2396729103034	20.0575797127804	19.9249193723207	20.3174199143329	20.139735318776	20.2688526157601
19.2042259089501	19.2561124616812	19.139965434566	19.3270849284977	19.3843071655556	19.25060225732	19.4262439582377	19.3666545415171	19.1289054773544	19.397769028038	19.2339932873831	19.216663732646
16.025083523467	15.9574981546075	16.1972736939436	16.5382912274916	17.0081365447412	16.2529720678576	16.6768376346759	16.5089395429569	16.5396095061852	16.8489506478865	16.520979298522	16.7723737380401
16.5832068379709	16.5623547245828	16.5426523143615	16.2579117284198	15.776343311198	16.141130814946	16.0176428404164	15.8384003861731	16.4160565670385	16.2190535695414	16.2045054973353	16.2352845634979
17.9414780714428	17.7610447300132	17.7792161598121	18.1095540060786	17.910829945335	17.9139279379274	17.9541762451952	18.1462931848086	17.8657473780676	17.969523002695	17.9450714693732	17.8527815281476
16.6147127638041	16.8909981528395	17.1101449374701	16.7776213686672	16.9392423588372	16.6242649327962	16.8154115401013	16.8199491864999	16.4957127950022	17.1197753445884	16.7930375359437	17.2794971755703
17.0484442928134	17.2828826239602	17.1161942020606	17.3385480493723	17.9407492816109	17.126997753723	17.3062251154199	18.8365255047825	18.7652499029891	17.9877421596782	18.8214752893743	17.8983235387173
17.9984215653222	17.6228388509914	17.8054688732752	18.3146491505856	18.5998082746502	17.9165964775539	18.1568629719698	18.5798892264057	17.8134829334232	18.3247022456529	18.0323381893408	18.1851039278569
17.9984215653222	17.6228388509914	17.8054688732752	18.3146491505856	18.5998082746502	17.9165964775539	18.1568629719698	18.5798892264057	17.8134829334232	18.3247022456529	18.0323381893408	18.1851039278569
16.8749458683129	17.2283493056764	17.2998680030839	17.1643422690135	17.0153657020726	17.0930019660606	17.2111468574714	17.2119404499927	17.0407753194835	17.0528109743609	17.1086030449571	17.0017966678011
15.8753800475531	15.028543579074	16.163959135913	15.2769001986027	15.7032383174457	15.0399985858773	16.0560765737682	15.3773866445093	15.0708643579901	15.7793792258887	15.1722655719742	15.3320365941222
20.4655365011107	20.6524731814007	20.5855224315881	20.5759399291419	20.3043722879474	20.5283336618449	20.4046001636933	20.351109800776	20.3196126341302	20.1290042823137	20.4587217948717	20.3672761825981
16.7561821076091	17.282116787958	17.3919155754153	17.0554734808639	17.2013811357617	17.3099112031625	17.5658724711142	17.0585469618594	17.2311933265123	17.1513031153404	17.3669400414796	17.4671787886484
16.7561821076091	17.282116787958	17.3919155754153	17.0554734808639	17.2013811357617	17.3099112031625	17.5658724711142	17.0585469618594	17.2311933265123	17.1513031153404	17.3669400414796	17.4671787886484
16.1164067766881	15.983130653949	15.8145186762629	16.1327272864084	16.6689056165077	16.0015334009039	16.0884889872947	16.3790465501578	16.4108174091145	16.4069483226897	16.5240779492885	16.5999254270439
18.8897288657422	18.9764674543359	19.0317763266858	19.0455454746151	19.0598645424151	18.7545472188036	19.001932421954	19.0415513795043	18.7946141603603	18.909826480787	18.9120933876068	18.9308767826617
19.1045502237351	19.1577035114516	18.9339637478061	18.9527131864219	19.0137489761197	18.957591247491	19.0531505084897	18.9837130807333	19.1043772529581	19.1751812479603	19.1250686003247	19.0701740510426
18.7496123977223	18.8693398559651	18.9317940832368	18.7540709495957	18.7161733548959	18.8190746811663	18.7836401616107	18.7720585370199	18.9026045392228	18.6233958971839	18.7933231393408	18.6504916309593
18.0781707233235	18.1499654391357	18.0442874961937	17.7713355067676	17.6771986683905	17.8877831215201	17.7997029003972	17.8432517161865	17.8262881925767	17.7602954552335	17.7494380381886	17.9036583377302
18.6278876413502	18.8917087563003	18.8219048313267	18.5814580558824	18.5071487035361	18.7190812846987	18.565832753233	18.4788776981868	18.5898871572608	18.4443450017177	18.699395107696	18.513173626542
16.361491438817	16.3475823764506	16.5804923746728	16.6220872394899	16.6995420926263	16.4842624949106	16.3616288869931	16.5882477123748	16.2812316195392	16.33133784994	16.4082819784023	16.3228199057937
18.2309916262985	18.1085014133934	18.2328414264708	18.289402458628	18.3299601338291	18.2155533318338	18.3613088536924	18.3081944250068	18.4021911459159	18.2664734186659	18.4096094000613	18.188472825659
18.0633643398767	18.2596454409151	18.3531330816554	17.8093300947455	17.3690673120036	18.292819143818	17.60258079194	17.6523749311738	18.2347622835531	17.7252321010627	17.8596526905878	17.6702884175011
18.0633643398767	18.2596454409151	18.3531330816554	17.8093300947455	17.3690673120036	18.292819143818	17.60258079194	17.6523749311738	18.2347622835531	17.7252321010627	17.8596526905878	17.6702884175011
18.6433767485752	18.6119641850311	18.8596098048138	18.548588850373	18.3384672421191	18.6913476336287	18.3564218227688	18.4756576478773	18.5017973539671	18.4481498310104	18.5653503868466	18.9384458000368
16.4853527543934	16.4764153199725	16.5140703258962	16.5557879317784	16.9385924929084	16.5439247984837	16.701940429787	16.6869956342809	16.4708763845281	17.0208035486811	16.5191407892919	16.9517086427625
16.1623955905167	16.197557084688	16.3776245232674	16.1892855348575	16.1884782884201	16.1777130297419	16.0947260839778	15.8932423617631	16.3614561324544	16.3972008857219	16.6031729822307	16.6780506136671
16.8299669540948	16.676098411428	16.6748109830014	16.965532146402	17.1177153089128	16.6704658099456	16.8991997916099	17.0819589613291	16.7901176278777	17.2161508292488	16.9037528888232	16.9854506681257
16.3888279323617	16.1702056207588	16.2679795631894	16.5381104230985	16.533827949942	16.185485086333	16.4038523063562	16.6578640988632	16.188240392388	16.3213809697036	16.5371446689497	16.434149114081
16.9792058586753	16.8951899840292	16.842410788491	16.8448596764913	16.9205038262241	17.1218068901043	16.8658949419448	16.7923635609542	16.9378965928091	16.7567723403775	16.9058882775746	16.8549205340128
17.2437505614194	16.9374024393073	16.8096079253961	16.9966004552367	17.3925087292963	17.158687653783	17.0502177772951	17.3964819678285	17.0885313095785	16.9776765144862	17.0485773271698	16.8220111828607
18.9801067286742	18.8335442861682	18.9457726885439	18.7122723160128	18.2363597037939	19.0409165286485	18.3704125037062	18.5898202173392	18.6324914429857	18.0911204115671	18.5640620390601	18.3157688690694
16.903318618765	16.9131027189727	16.9090196046408	16.896386406082	16.4627813396055	16.7205646399655	16.6903352043381	16.9331226380529	16.7719190457838	16.5515348491803	16.8838768111322	16.6298216371862
16.7039536188371	16.5832645769774	16.5572992088962	16.8074518417595	16.921342984983	16.5458233222587	16.6963200707951	16.7345190070945	16.5686633802645	16.9258989050772	16.7383892215158	16.5818878577355
17.2099194044813	16.9106830522538	16.8027798441551	17.3416868424636	17.3226546352552	17.230707204998	17.2036633047232	17.4647680151032	17.136098566484	17.3109274611339	17.1386369186062	17.1439783115572
17.2099194044813	16.9106830522538	16.8027798441551	17.3416868424636	17.3226546352552	17.230707204998	17.2036633047232	17.4647680151032	17.136098566484	17.3109274611339	17.1386369186062	17.1439783115572
18.1949276985748	18.2711854886172	18.2374244183274	18.2382099113142	18.5085998151675	18.2434621066664	18.299480168907	18.30503556536	18.1175724308331	18.2273774101754	18.1159737386731	18.170290003737
17.6793256698742	17.5422036467932	17.6230902421676	17.3775801656489	16.9351032694996	17.575843790511	17.0866648975646	17.2752460256492	17.2114952417867	17.0159190955312	17.0263433165459	17.2759531163928
16.3521650462529	16.2750868654669	16.4263708285794	16.1994839659727	16.2042730031107	16.2725662585231	16.0276262633673	16.1555083644224	16.2649871872808	16.1628364700193	16.3081721283522	16.351021435399
16.7321862078707	16.6985975825731	16.4554400250395	16.7441606335036	16.9664454610482	16.7268518920057	16.7802969499678	16.8385856182968	16.7605563408923	16.9819531188598	16.920883342827	16.997579879942
17.8254610687467	17.8617541115146	18.0183948917336	17.5701241073997	17.4547687853909	17.7255513367957	17.5070398389189	17.3760453384577	17.6445929619394	17.599792765478	17.9474581138806	17.9381376529495
18.8078328008727	19.0005094787532	19.000895965811	18.9460532479176	19.0875230920412	19.0965152964001	19.4228324802507	18.8958782774331	19.4049446332246	19.2064940100774	19.284179528091	19.213309938654
17.7740007449554	17.5455262191672	17.4561602896777	17.2345031134111	17.3182104726026	17.6082936383865	17.3765160950672	17.3660241416564	17.6712877211745	17.0695086296146	17.4582532836165	17.2563104730555
18.8849019998129	18.8955197692149	18.7965177077254	18.9424875711344	19.236813450372	18.6547002114282	18.9716966247917	18.9821003636284	18.7154380337239	19.0396459407408	18.7880768118431	18.880448777818
18.8315567228153	18.7229585669824	18.515933437426	18.6421963078178	18.8969872688863	18.6785813669879	18.7140939565991	18.7798349081066	18.761699498482	19.1553106557468	18.7703499353106	18.9243503400876
16.4475778694894	16.3748513237222	16.3501992004256	16.6159088578495	16.7810176170889	16.4933580703854	16.5686130528555	16.7993000619572	16.5095549657413	16.8159639277995	16.4755227818539	16.6655822302882
18.3758669937564	18.4247081225908	18.4412280029891	18.0458752521679	17.6379576571537	18.3962566242829	17.7491003557843	17.8689558023903	18.3267524367955	17.9099502363004	18.1027911427404	18.0273788697486
18.361189991444	18.1913718404685	18.3191714043742	18.4612663524512	18.4277953731353	18.3400678078574	18.3476863924748	18.6327325919429	18.3497415146965	18.3390607998798	18.3473620345768	18.274215765094
18.904657594945	18.6554236035815	18.6694422073033	18.877219653167	18.5066969713795	18.8520545784374	18.3308854199302	19.052211254344	18.6061595476583	19.0379397079556	18.6113787043357	18.9777791621793
18.904657594945	18.6554236035815	18.6694422073033	18.877219653167	18.5066969713795	18.8520545784374	18.3308854199302	19.052211254344	18.6061595476583	19.0379397079556	18.6113787043357	18.9777791621793
17.4025417700158	17.2153519528232	17.3514047731953	17.2625418076314	17.1111646511096	17.4425375690701	17.1719982901196	17.3236837995173	17.2534131323805	16.9572700979955	17.4272980028066	17.0856541965224
17.4959756453713	17.5534627588814	17.5761746475556	17.6959038875152	17.8518663738701	17.5236872965468	17.8091203725498	17.7319178982926	17.5006852242347	17.7628937178578	17.6208964712465	17.7135325721178
18.1485196137647	17.9410722306937	17.978698217421	18.1245585918284	18.3252390236442	18.078089229748	18.084576159482	18.3518567128923	17.9784228697488	18.0716574482909	18.1824147311171	18.1066060239327
17.2408771165863	17.2821147441449	17.3589729914976	17.1808770601503	17.3045456460317	17.3965986446215	17.2085926749641	17.5055680389273	17.1551250705909	17.140395029337	17.2284476051136	17.1442027986852
17.1963937076022	17.3655050440149	17.4845738107576	17.271807940618	17.4931738344059	17.3545849994422	17.5451872143632	17.5089235562162	17.1828645255138	17.5869767549089	17.2624414465794	17.3316470985417
19.3710963739246	19.410575631046	19.3602081780045	19.4071043163868	19.5071026246012	19.4357085273237	19.5258915112072	19.2682608359135	19.4538348273823	19.4948369920806	19.4675291309214	19.5421236500674
19.3710963739246	19.410575631046	19.3602081780045	19.4071043163868	19.5071026246012	19.4357085273237	19.5258915112072	19.2682608359135	19.4538348273823	19.4948369920806	19.4675291309214	19.5421236500674
17.0859054446925	17.0695910133401	17.0135477842636	17.179646244234	17.065488911627	16.9831010161324	17.2029359622136	17.2624257048662	16.9150668413301	17.157758530162	17.0175578915918	16.9840272526658
18.6165710688831	18.5203947883878	18.5206875673824	18.7444038528838	18.8548350905999	18.5336080845864	18.7377380061221	18.738980856158	18.4825850862939	18.768184591468	18.5367434846388	18.7561689281304
17.6080681329693	17.7151137216246	17.876982780691	17.4097612011421	17.2187129787382	17.4569609275911	17.3616399705861	17.3497314462841	17.5355870723981	17.3334422653349	17.4614670387486	17.4489449226263
17.7431854882908	17.3388763806032	17.2844179909833	17.7042675037335	17.8662533798169	17.5501493910582	17.6583239161234	17.7639655440908	17.765667088708	17.9688231077439	17.583985245421	17.7355634635836
16.6172800744965	16.5719275225668	16.5866964466072	16.5802415371426	16.4320142472046	16.2930409299718	16.465594668809	16.843223179587	16.3896222970234	16.3570539741374	16.4738018585773	16.6063008712783
17.8803733842531	18.4065694800615	18.4101587518127	18.1927324737921	18.2052445047461	19.821292399041	18.2394146656869	19.1606914146348	18.111752066674	18.1128003343019	17.9962639682435	18.3693891423623
18.3880343368623	18.4116997404381	18.5782212872942	18.6838393875521	18.4107489843239	18.4373850236776	18.3657942624754	18.8794141606681	18.4469454624448	18.3579335030551	18.6019594902058	18.3144129009068
15.2903664852755	15.1680835845471	15.0836382354344	15.4486096264172	15.364009344421	15.4404632510421	15.2396300677268	15.1833568834665	15.1348594209287	15.2071623639618	15.4407655560756	15.2796344659497
13.9467933559804	14.1233517207715	13.8893675965716	14.1735789498855	14.4147867493073	14.3589259615274	14.1589296481648	14.4061541840647	14.2301816675723	14.6376507002089	14.0847887302992	14.2355475271228
20.6516857360051	20.7015682785432	20.4574850779912	20.4283359171972	20.1609478797017	20.7119280984323	20.2672900387099	20.7719865540832	20.2877116758506	20.3065295496736	20.3745876366439	20.5096316387588
20.7342324607057	20.729830352594	20.6462312025684	20.616712504397	20.6158114837693	20.6790312014427	20.5610803225457	20.5765007786261	20.7881732162211	20.5947849991651	20.5790764721092	20.5945824089986
20.7342324607057	20.729830352594	20.6462312025684	20.616712504397	20.6158114837693	20.6790312014427	20.5610803225457	20.5765007786261	20.7881732162211	20.5947849991651	20.5790764721092	20.5945824089986
20.7342324607057	20.729830352594	20.6462312025684	20.616712504397	20.6158114837693	20.6790312014427	20.5610803225457	20.5765007786261	20.7881732162211	20.5947849991651	20.5790764721092	20.5945824089986
18.260456169036	18.0917733243729	18.1759837741437	18.0328770309144	18.1621760124865	18.140844351436	18.1758984741363	18.0247095200133	18.1049047943637	18.075310488646	18.2049316850477	18.0660581770693
19.0075979549704	19.035593560585	19.0012687901583	19.2209934231978	19.3228214889405	18.8707088883837	19.2822295987344	19.1218673123989	19.0370989631057	19.3883452560829	19.2749039144566	19.3382891370299
17.9081404959295	18.0201800518026	18.0237879296543	18.0669222175313	17.9195784222642	17.9702064836446	18.1182137507489	18.0382813037388	18.1385230383825	17.9244302125692	18.1194343396235	17.9363286552053
17.8983086717317	17.8239337702308	17.727157743178	17.8633528962879	17.783194031462	17.7337936924573	17.7365225975446	17.7223593938869	17.7841477519118	17.7080695619949	17.6405786289427	17.658245160802
15.34646079723	15.6112935180301	15.6580007313862	15.6019037893734	16.3953952334248	15.4301762903189	16.0460275144438	15.6223922336615	15.8784472936749	16.4974266950904	15.8125718590741	16.0856185467988
18.0888139786039	18.0809780362217	18.0059123943598	17.946326834028	17.8711277112147	18.1530904752431	17.9077131417569	17.8980779417375	18.0978537682937	18.1078966151315	18.0545897847468	18.0058739372254
18.7351892897213	18.6423046460714	18.7191231887857	18.7136374179978	18.8028750343118	18.6987792930498	18.6728142938218	18.8077597375456	18.5936627394736	18.6543143009863	18.6002697801865	18.6825837821239
18.5736077093755	18.5939226382337	18.1283674530378	18.3684543581078	18.7135452930391	18.494621760246	19.1506444939106	18.5516050873655	19.2924712381193	19.8728743284963	19.1311081764465	19.2144084270151
19.4503329597246	19.3876906077494	19.1406856972579	19.2292131097688	19.114268133068	19.235161833664	19.251471246662	19.2259034493863	19.041196962189	18.9496398203686	19.0322472502464	19.0772316357751
17.0133218859979	17.2521610857287	17.7774096445177	17.1915034878939	16.7234494704983	16.3270326702706	16.9776431124774	16.1915145159378	16.2751490101893	16.824452715784	16.6637024246377	17.0364206137791
18.5172920678782	18.519621140546	18.6807624360611	18.5790913272255	18.332891374496	18.4558869089267	18.4072440875651	18.5305697646591	18.4175047652336	18.4143586269881	18.470559967189	18.5802860495222
18.6007842992336	19.0407036745829	18.9683322074165	18.440186046745	18.5765517267089	18.5320675014822	18.3262730889254	18.5158757963812	18.3819614076241	18.4340816248594	18.3517419850068	18.354323570641
16.2033977003486	16.344698290811	16.2794518764727	16.4515571910777	16.3736911757766	16.4943590036428	16.4260467620182	16.2260595325592	16.2715472259587	16.5493908029593	16.3011077657064	16.2303064124435
18.7056230586084	18.6220817339068	18.6698888050081	18.7761914036696	18.7980304051875	18.6260861569813	18.7863061902517	18.8081441888701	18.8341463395262	18.773509772569	18.9408551895706	18.6829746794032
17.7233518794368	17.8473171292496	17.7457191560723	17.4018003021715	16.9068994814885	17.7399517935574	16.8829837105227	16.9492286996291	17.4063599639265	16.7554027259875	17.1417537253261	16.9071679510014
17.7233518794368	17.8473171292496	17.7457191560723	17.4018003021715	16.9068994814885	17.7399517935574	16.8829837105227	16.9492286996291	17.4063599639265	16.7554027259875	17.1417537253261	16.9071679510014
17.1058881580665	16.7349690913488	16.6494880645091	16.4537337034316	16.5686737296577	16.9212800219533	16.7022021257076	16.2059432520112	17.267906293065	16.6993203942095	17.0539949639863	16.6273414683196
18.5461896532992	18.638967715819	18.6180664642978	18.4291556375185	18.2730866879948	18.3829464274142	18.4054945472072	18.2159111061126	18.5036210262292	18.1579839727161	18.4898706197352	18.4379026338367
16.1896524254416	16.1798045037189	16.1114182472033	16.0979812483559	16.140078120271	16.2467048119064	15.9472553795016	16.037356722727	15.9579860988552	16.1525593235583	16.2210069565659	16.2957383428784
17.9187066596629	17.9716604520891	17.8200527508784	17.7587843281373	17.8978303632382	18.0019425977189	17.8419968246768	17.7752063317029	18.0027934113498	18.048180761733	17.92532170479	18.0876126465289
16.8088289035969	16.9162144974107	16.7994148645656	16.9715864833413	16.9131122274927	16.7364449825234	16.9382351316299	17.0411007293377	16.7086233086198	16.8457208194423	16.7750836439862	16.9659364477622
18.0524594007994	17.9447504997297	17.9880139632732	17.8284204182684	18.3957174006751	17.949282497894	18.1330435566055	18.0318571434908	18.117749489417	18.3664252696111	17.9388740788344	18.3241456502351
17.0294241135516	17.1307754746415	17.0371980956856	17.1418858036298	17.3137460147868	17.1307676812497	17.2944120660996	17.187014983614	17.2316346119793	17.1687933443055	17.1851279874446	17.122817880613
17.1850568469369	17.0698820730731	17.0823036665003	17.2071061243883	17.2221268327211	17.2254542126383	17.3454143191056	17.3388940622166	17.0998646915282	17.0477817293477	17.1863849404722	17.2442714333412
16.5503034007104	16.7950558197144	17.0311511519977	16.9386194684491	16.241833358292	16.744531674578	16.6067132564332	16.5933565032933	16.610587024137	16.2311123437357	16.5604367378003	16.4561830294619
18.1400457228635	18.1585002062744	18.2113710229315	18.240820180295	18.1274103226365	18.1436344046624	18.2086223814031	18.2614610600903	18.0005567402958	18.1490802005331	18.1941872544222	18.1381582983584
18.7662452746531	18.7701561818347	18.7882303585546	18.6403884588168	18.6947176768853	18.8306062720561	18.6609463197268	18.4785085250121	18.856118890305	18.7960753365468	18.7843534131503	19.0506894187094
19.5611924492905	19.2889050114434	19.3592429063295	20.0486232469715	20.9470825560524	19.4297060979879	20.8292594311922	19.8317086073451	19.5120855997385	21.2762811359186	20.2219140255065	21.0739297071039
18.7092129616569	19.0566390553927	19.22545216575	18.6966618664536	18.7913217101696	19.1798936172852	19.2282338471698	18.8241315185706	18.70600233491	18.9914690805437	19.0717570515339	19.2595626620744
18.6628236348337	18.838160636698	18.7357989711223	18.4962480065732	18.3405195835704	18.6894934494303	18.6079850813188	18.2034305085912	18.6874337300132	18.1176713552036	18.5391075653607	18.4635092627032
18.6628236348337	18.838160636698	18.7357989711223	18.4962480065732	18.3405195835704	18.6894934494303	18.6079850813188	18.2034305085912	18.6874337300132	18.1176713552036	18.5391075653607	18.4635092627032
17.9667841696466	17.9308671310448	17.9948202365916	18.055399987682	18.1398104009854	17.9407445505597	18.1011635660044	18.1122010097915	17.9260321803154	17.9026411786746	17.8415334654027	17.9714692020711
16.5685162465482	16.5775459454851	16.4270668514019	16.5308951147193	16.9985643602144	16.9061759266481	16.7740183655761	16.8739557854823	16.5286589058711	17.1413917802402	16.4791020264771	16.7265890384857
14.6997617273288	14.7680706513973	14.4490111345662	14.782451602021	15.0279540156453	14.614014863142	14.8600700806352	14.7555204666953	14.5846792589175	14.9300601770097	14.7065172760689	14.5670059836368
19.1998660133874	19.7666472166357	19.6065789590172	19.383086556882	19.4724264263997	19.8114770394522	19.5696675968248	19.502141510511	19.4789046525472	19.9892273008327	19.5165297502187	19.9980833938579
17.95254913118	17.887467665602	17.9689686022323	18.0123287174593	18.1903895299963	17.8650339291713	18.1206701967672	17.9952265091249	18.0033749796725	18.1895477544857	17.9025805366996	18.0291535760771
17.0582019235863	17.0537086549217	16.9770687174726	16.9097390830063	16.9121597301735	17.0227207778005	16.8428055927593	16.9796289445828	17.1119013474586	17.1473555021658	17.3250454156039	17.1275027360184
17.0582019235863	17.0537086549217	16.9770687174726	16.9097390830063	16.9121597301735	17.0227207778005	16.8428055927593	16.9796289445828	17.1119013474586	17.1473555021658	17.3250454156039	17.1275027360184
17.9457007627032	17.9097965804787	18.007745584718	17.8860933726851	17.7913855510462	18.0076303763878	17.8074793632908	17.8844911343877	17.7609405282447	17.7605002649386	17.8345186794451	17.8893284775302
19.1177618712743	19.2006056735987	19.2400051345119	18.9943034767175	19.4039468526563	19.1857586876222	19.2650831624526	19.0623957793553	19.2351941716182	19.4584815523846	19.2840969396043	19.4400660627527
19.1177618712743	19.2006056735987	19.2400051345119	18.9943034767175	19.4039468526563	19.1857586876222	19.2650831624526	19.0623957793553	19.2351941716182	19.4584815523846	19.2840969396043	19.4400660627527
16.9433326972624	17.219345493065	17.3183137338694	16.4607130221755	16.8231355377135	16.9269316863282	17.08118243404	16.1497800241388	17.0993137089867	17.5264675693623	17.0311117586046	17.3934521623754
16.9433326972624	17.219345493065	17.3183137338694	16.4607130221755	16.8231355377135	16.9269316863282	17.08118243404	16.1497800241388	17.0993137089867	17.5264675693623	17.0311117586046	17.3934521623754
18.8772578871474	18.8564978344725	18.9585865680175	19.0379178026511	19.2563329049543	18.7928048260057	19.1288430914555	19.1724898880788	18.897704979171	19.2028041703073	19.0018603011866	19.0839195189592
18.8772578871474	18.8564978344725	18.9585865680175	19.0379178026511	19.2563329049543	18.7928048260057	19.1288430914555	19.1724898880788	18.897704979171	19.2028041703073	19.0018603011866	19.0839195189592
18.8772578871474	18.8564978344725	18.9585865680175	19.0379178026511	19.2563329049543	18.7928048260057	19.1288430914555	19.1724898880788	18.897704979171	19.2028041703073	19.0018603011866	19.0839195189592
17.3131467056867	17.1443237658666	16.7034810628753	16.8228000287113	16.6721135761687	17.2259344427465	16.9963340000661	16.7667016570274	17.4861803557664	16.7905240109774	17.1523011403744	16.9180317928661
18.3533850035039	18.39908548393	18.5561808437293	18.5933128375598	18.4060803110637	18.5177581963702	18.6007606240041	18.5236806377183	18.2560899525187	18.2508347179424	18.3897178030594	18.2799473360734
18.7927494777473	18.837150535544	18.6675463402083	18.6873802281332	18.4761110042663	18.7881395512293	18.6692087401425	18.7018768017857	18.7115492540017	18.5703253535485	18.6523684984147	18.5898778580727
15.0829166683841	15.4631080628927	15.5099042181112	15.3259175196744	15.8963122855867	15.4086712453123	15.5076231034256	15.6540150420473	15.2765179158197	15.4489579485078	14.998671262529	15.2832170399818
18.4384160047477	18.3089245928329	18.3405473319634	18.643796524043	18.4951189965496	18.4858244120845	18.5380163137034	18.498138812908	18.7069569017925	18.7309497763482	18.3417650435328	18.442311130896
18.4384160047477	18.3089245928329	18.3405473319634	18.643796524043	18.4951189965496	18.4858244120845	18.5380163137034	18.498138812908	18.7069569017925	18.7309497763482	18.3417650435328	18.442311130896
18.243848359685	18.2586444447521	18.3058723517745	18.6054156311046	18.7208171165364	18.2612728104996	18.6503181955283	18.6574738371439	18.3130353265776	18.7337385919276	18.3708698635708	18.5784360004201
17.4953625836137	17.6560904571374	17.5883986948013	17.865046404977	17.7689484809944	17.5346955892056	17.6974147718662	17.7924347046649	17.4160016620158	17.6922484082969	17.6229657282826	17.7023833095248
17.1109457325856	17.0157337230409	16.9702671450448	17.281161123288	17.3478090258531	17.0812851555715	17.2457335261556	17.3478850034167	17.0975748372892	17.0986902966392	17.0341839498138	17.1462817340842
16.2798465091463	16.1861150283996	15.654327374797	16.065202623493	17.0860483271747	16.293880705811	16.7121120125951	16.4767571297275	17.1466261274222	19.4592436228153	17.0732420222971	18.0069555746915
17.5099372673464	17.4868348765104	17.5036245131807	17.509402941652	17.6379228201835	17.3716916832939	17.6146248068989	17.6503193541939	17.2538724376168	17.5910169275473	17.4237548057259	17.6492516769527
15.9508187820824	16.2089792306568	15.9878647238489	15.7474491689837	15.9756800688576	16.0919261996425	15.8817651543937	15.9183653110826	15.8553374025845	16.272951293804	16.2275346647241	16.4575512795258
17.7947417608179	17.9587801869574	17.7641211863176	17.6665869068684	17.5006768263134	18.0417803699613	17.6554479824725	17.6362411967617	17.8371774257343	17.473684338384	17.7267331360952	17.7105437991076
18.7823325924919	18.4784942376436	18.2727488279682	18.4755106178721	18.2089075372544	18.453616635975	18.2740165979623	18.5916951031781	18.6268469712995	18.2972280391873	18.4574055441733	18.2609508606271
17.8744549528021	17.8223414216983	17.8902812492577	17.7865013884952	17.718335485805	17.9367194696146	17.7005160303811	17.9124298925637	17.7008326098137	17.831783610499	17.7644812344797	17.7855214195726
19.3068248689865	19.0124724645599	18.9093320505966	18.8888463970701	19.2221680635318	19.3140393683127	20.0016302950448	19.0796368316165	19.4762950452599	19.5093561249187	19.4271142951944	19.2359771404575
19.3068248689865	19.0124724645599	18.9093320505966	18.8888463970701	19.2221680635318	19.3140393683127	20.0016302950448	19.0796368316165	19.4762950452599	19.5093561249187	19.4271142951944	19.2359771404575
17.9287722713698	17.6273146580418	17.6298723916028	18.4288911976785	18.7107534331171	17.9404660989783	18.2258943906466	18.8077589419851	17.8297233258122	18.5627474865493	18.0765679231112	18.1980533919236
