Abundance..F16..127C..Sample..5A.	Abundance..F16..127N..Sample..5B.	Abundance..F16..128C..Sample..2B.	Abundance..F16..129C..Sample..2A.	Abundance..F16..130C..Sample..1A.	Abundance..F16..130N..Sample..4B.	Abundance..F16..131N..Sample..1B.	Abundance..F16..132C..Sample..4A.	Abundance..F16..132N..Sample..6B.	Abundance..F16..133C..Sample..3A.	Abundance..F16..133N..Sample..6B.	Abundance..F16..134N..Sample..3B.
114108632.070949	106137343.762103	105430963.08113	96906758.1009689	88609659.3302524	99348740.3163009	88893930.7889776	91358366.7782142	97229365.9685743	83883652.9507814	94399869.6725722	90931428.5924769
97639802.5730235	91471172.9552172	93643256.6083868	85639406.0071056	69174952.7637866	91640245.3538141	72781411.3534089	76884054.8884266	79238340.7347892	67447275.0372366	76538091.9934175	74963193.0409156
78223211.7863461	71755037.6595876	68451796.305471	66398990.4816679	63504160.9693367	71344204.1328854	61517216.205557	65439995.7472413	67062386.4439119	53636199.2164882	66228971.5143008	59799657.7176531
99515143.9509109	95261504.7959583	99972440.1474686	86515051.753367	77115851.070482	92408984.5512491	76891751.6919765	82019375.0252567	88002357.1136533	74109809.7074963	84649434.6105755	80413249.1740804
7264986.83415907	5433418.96774006	4859325.84641655	5965263.14198207	5399160.20675629	6507420.80893138	4997322.72282605	5774395.80477894	6785457.24225078	5687085.38261182	5277258.32612346	5311815.35590053
7264986.83415907	5433418.96774006	4859325.84641655	5965263.14198207	5399160.20675629	6507420.80893138	4997322.72282605	5774395.80477894	6785457.24225078	5687085.38261182	5277258.32612346	5311815.35590053
1985579.78162314	1576691.81585453	1413633.01880178	1311213.3362625	1109364.5470875	1856664.62700451	1241134.02713996	1322815.8689625	1911757.32868199	1256299.2123	1459444.6568625	1242975.99195
1985579.78162314	1576691.81585453	1413633.01880178	1311213.3362625	1109364.5470875	1856664.62700451	1241134.02713996	1322815.8689625	1911757.32868199	1256299.2123	1459444.6568625	1242975.99195
34838332.2408262	32994897.6579378	33653379.5094161	28702665.4849396	26158158.8931426	31288966.3032703	26337676.1333313	27402761.303309	29136365.4604567	24098466.6135576	26946104.7373476	26345084.7935297
15893715.4995465	15169275.7227381	15509717.2629743	15091532.3767731	12570397.3045524	15261374.5406384	13803864.5291285	13265881.8982591	13475657.8753952	11043766.9190347	13482624.354845	11898317.9226122
26363268.1814159	24604358.2349406	24333803.5661099	21096203.0709284	18688183.7998956	23449066.4912508	19332021.0768137	19849725.9622007	21535707.1757044	17626963.0576616	20261494.6240477	19046822.1773126
17341921.9112073	17129435.7129638	16796417.6450102	15080685.1072671	12927608.9227211	16940874.4927689	13595516.6590705	14551107.136784	14979564.4919185	13622529.3916469	14795600.3355894	14510246.2851903
15158978.8368675	15591503.4959833	16222033.6114001	16655742.2086974	18886726.2983054	16216861.1239067	16688497.1471589	14581699.6356691	20260458.3166168	35280567.5350625	19672047.6825759	19584376.3702721
21659538.3087114	22270238.092246	20966012.4706043	17328886.9735043	15006352.6307768	19762553.0149117	16028614.1190567	15840545.4474885	17928523.780467	15817717.9333105	19141972.6007555	17234566.0546241
9538438.30097097	9011420.29974919	8384460.56053333	8233044.82073724	7404335.17755939	11721150.1535985	7575947.07245858	9428981.35544874	9074569.77592457	9219349.3298703	8275716.94078584	7944992.41820625
7643854.65483776	7348738.22556319	6989793.71030982	6630159.38677423	6197176.87598458	6495757.78582842	6233483.01305459	6095132.45545358	5483866.41467174	5624583.86970888	5738296.96777849	6078791.84897604
10542944.4324494	9960320.82839218	9830447.01518394	9210207.44792936	9454957.85673579	8965994.1014926	9336944.40722203	8621990.91185715	9052841.52039325	8454157.43883447	8891228.61846257	9010486.64649376
15393446.4868364	14778908.9048039	15318039.615884	13720189.3421551	11846987.6036058	15190291.660357	11933579.8064231	13841834.7840439	13481106.4159059	10333535.2023232	12964076.36179	11388364.970484
13300704.0523327	12409631.3823959	11254241.3076198	10189155.9832551	9841882.72053863	11927773.057777	9924803.59364046	10123208.742945	11535148.3087653	9934138.81440081	10791725.2701053	10770621.5350419
13860145.0288596	13177710.9724268	12712176.8169182	12376423.8880776	12681266.2916269	16614611.2661362	11647639.9893203	14473563.7129725	12731555.9531158	15679984.6296052	13286909.2512718	13785023.0601115
2448612.26450628	2417781.08342184	2782353.69153533	2404121.40560675	2148383.7595163	2274751.34939461	2227875.72770343	2097572.90811269	2083364.89701915	1878887.44031403	2190347.51480919	2095540.86085781
7293443.18351756	6290026.66907493	6566254.78249776	6257439.61575937	5621382.4701509	6129728.73642979	5425886.51932507	5891927.01368937	6023164.72955612	5491612.94107549	5991571.77008567	5773555.3898437
8034275.82700763	7721154.21415019	7765833.91470864	6468820.09594476	4717223.05694526	7566698.62676828	5486673.71455498	5677155.42770123	6739010.81081875	4095720.09456972	6058063.17985329	5038019.68164804
4591853.61677164	4159621.97544174	4182737.8856258	3599730.20099472	3047617.5801296	3934101.26059298	3525536.70168695	3061366.31286484	3360554.30871769	2841367.40416612	3177507.3390159	3243516.49302657
2326655.8998378	2212811.58656278	2353788.71206855	3006715.38667497	2726139.17152497	2177794.44938513	2659657.0341513	2828511.57434997	1907159.94892498	2587746.84918747	2538456.43301248	2240587.008
4863600.82781149	4253218.90750487	4499370.62574125	4905785.46730476	4490867.77430556	4493159.93056069	4415964.80873421	4779758.02665263	4123346.60850233	3909611.9433433	4362447.34379491	4274418.71357043
7529298.64342606	6628380.0990514	6684951.25649708	6230297.08189452	5286718.61317155	5918044.25531126	5323420.77594667	5728460.44506159	5390932.51433087	4685348.77750576	5745154.34366059	5157693.50926923
2383466.38072218	2299415.08287995	2640554.1386454	2369651.48720719	1573919.11383221	2078661.03704536	1883466.63805137	1857450.18981327	1641992.20629302	1302369.07194667	1723083.69307851	1530099.04000059
394013.212280189	321666.904254836	343453.577929717	365718.626831249	361647.546975	327895.930957059	349528.468652374	363728.096325	318756.239999999	288410.6622375	353424.925555611	317802.8316375
19240623.7650771	17539345.5814569	18724043.8901188	17351220.578106	13747048.7347597	16933550.3507701	14538721.7379647	15365626.4214617	15730294.1737107	11457545.9025576	15111386.0028639	13442912.6947509
13373511.3383279	12412469.7487447	12399465.675379	11900895.5579574	9866306.50406989	12362280.400499	9497071.39968884	10998829.2122962	9800281.68703822	10309657.2111105	10536206.8229721	11365652.7954007
6671215.56904969	7093733.88827754	7017356.61351637	6129460.44586638	5915141.93944979	6830744.23347239	6630695.30518386	5746606.04533154	6778168.66760656	7485718.85382825	6491360.03164314	7534407.29275034
18037612.9646631	19127913.7578027	17902264.6546191	14499942.1963816	12786695.0843892	16313909.6694486	13365048.4402044	13391370.5549701	14553744.940082	13118778.5991152	16366006.9883643	14581827.7741379
15548627.0074938	15140079.8740034	14778448.9655405	13198151.066274	11799553.6816009	13822012.6174518	11862692.219686	12394156.9760573	12914826.5403014	10926660.0185077	12600621.9492828	12257777.4500336
613282.887503256	577988.042765322	658750.638717161	607688.098088671	489916.031408199	560082.526977825	521338.792550683	537489.696923437	475277.822262888	412590.965203465	521018.213832552	473678.550571874
3790179.38722682	3436688.59800632	3356115.10425139	2850066.64080059	2390718.5105751	3280331.08652833	2862789.12634691	2361417.88235195	2768307.77516456	2225069.38422335	2549325.54347475	2577203.30860782
17081872.7451484	15945930.8979599	15764594.4328684	13943519.498954	9087733.19767891	21066003.7907003	8445485.14804039	18290872.2087547	9387715.7847129	14036376.0388878	10993042.2825578	16401132.8946702
9100463.94998454	8497393.79992945	8570415.7782214	8082593.28176847	8309456.17929583	7971113.95340702	8195318.00732991	7595912.78284232	8272735.96236915	7639169.61377558	7749650.35935386	8041487.37881076
4242332.94569018	4412617.17961914	3706796.49692085	3375923.33402703	3951300.89051534	3249572.19547852	4061832.33405335	3292261.52781587	3879693.06094438	4018264.6668802	3836687.10751843	4259850.26893594
1923943.2892925	1746894.26650191	1704414.75914213	1614600.32615449	1437839.05518838	1660899.15019425	1597140.48119999	1438499.53432187	1506604.26230597	1449763.06014053	1469820.55457725	1532359.65800156
8643021.28169928	8584812.89793135	9948988.15590782	8641193.57665725	7146202.46693203	7658663.20523026	7406765.04302979	7085315.21016074	7037889.93744575	6129546.73979999	7351738.89732463	6864041.1002625
7828217.68025371	6987170.97893251	7262573.23184282	7305768.19404609	7070172.42254564	7636553.86795659	7049187.95028685	7322619.10645548	8120128.28503487	6861071.65633828	7234469.45168649	7074143.13649787
7060478.80977834	6754324.63501716	6967761.53619526	6197870.27616795	5824974.32580762	6304757.40847383	6380308.85098559	5654107.49886219	6448616.31371368	5574045.56536521	6253830.44909969	6166283.31092812
895539.2877395	912220.088484297	888596.10306089	675073.883627355	574069.126137895	779814.145491628	593476.399505585	626799.505444933	736793.817284776	641413.987732037	707500.144312509	699799.269056252
10266439.6926495	10269614.6336777	11028941.8731153	9859247.503991	8800560.8064521	9567544.23083356	9007216.60801749	8737070.62218427	9742468.94418653	8609205.18759725	9719674.15184343	9602453.89232345
17771433.5564046	16892343.5592586	15468125.2795067	16451213.3908361	14073209.800763	17665184.5657846	12817677.2645858	18735221.8104614	13311733.89811	12912909.8116968	14495296.2070892	14191657.4523673
6702851.00681413	7047329.18211509	6644400.83861141	5503092.19445703	5202802.04190822	5826018.3415417	5316554.36116969	5215202.09878422	5439991.96769724	4893539.2843745	5759976.03535362	5415930.06152343
4260708.11382978	4141170.76664256	4615358.17202638	4563925.92746104	5498037.41087806	3935545.66826757	5891263.00931111	3751415.30479406	4291236.39214732	5196081.97678456	4359065.29777122	5362412.33204531
4260708.11382978	4141170.76664256	4615358.17202638	4563925.92746104	5498037.41087806	3935545.66826757	5891263.00931111	3751415.30479406	4291236.39214732	5196081.97678456	4359065.29777122	5362412.33204531
4260708.11382978	4141170.76664256	4615358.17202638	4563925.92746104	5498037.41087806	3935545.66826757	5891263.00931111	3751415.30479406	4291236.39214732	5196081.97678456	4359065.29777122	5362412.33204531
4154258.71973993	4065004.3898369	4510258.07850763	4435943.7515048	5297579.62788078	3852037.95393847	5711942.74665799	3634469.56647961	4198894.82215357	5016663.92631425	4181166.02312318	5161856.81147812
4154258.71973993	4065004.3898369	4510258.07850763	4435943.7515048	5297579.62788078	3852037.95393847	5711942.74665799	3634469.56647961	4198894.82215357	5016663.92631425	4181166.02312318	5161856.81147812
4154258.71973993	4065004.3898369	4510258.07850763	4435943.7515048	5297579.62788078	3852037.95393847	5711942.74665799	3634469.56647961	4198894.82215357	5016663.92631425	4181166.02312318	5161856.81147812
4154258.71973993	4065004.3898369	4510258.07850763	4435943.7515048	5297579.62788078	3852037.95393847	5711942.74665799	3634469.56647961	4198894.82215357	5016663.92631425	4181166.02312318	5161856.81147812
4154258.71973993	4065004.3898369	4510258.07850763	4435943.7515048	5297579.62788078	3852037.95393847	5711942.74665799	3634469.56647961	4198894.82215357	5016663.92631425	4181166.02312318	5161856.81147812
3784288.06234758	3663790.74076145	4055821.25893073	4018569.81258604	4871974.42607806	3497365.62266116	5239991.77118422	3350741.92262753	3793424.14369732	4602262.57918457	3821672.17777122	4682610.03524531
3784288.06234758	3663790.74076145	4055821.25893073	4018569.81258604	4871974.42607806	3497365.62266116	5239991.77118422	3350741.92262753	3793424.14369732	4602262.57918457	3821672.17777122	4682610.03524531
646663.485295529	619147.207954288	643067.849808416	583153.937978897	595329.643296086	584241.248466385	612657.033037039	594414.332866398	588401.207957573	589257.557430327	625605.823927729	578045.55785625
5730474.20258023	5793653.5421052	6364141.20150716	4737129.57089237	3689003.24355878	5120765.10248497	4083993.44893094	4303890.26910933	4598775.24710098	3219108.78003358	4594663.05421861	3871542.02223034
3677838.66825774	3587624.36395579	3950721.16541198	3890587.6366298	4671516.64308078	3413857.90833206	5060671.50853109	3233796.18431308	3701082.57370357	4422844.52871425	3643772.90312318	4482054.51467812
3677838.66825774	3587624.36395579	3950721.16541198	3890587.6366298	4671516.64308078	3413857.90833206	5060671.50853109	3233796.18431308	3701082.57370357	4422844.52871425	3643772.90312318	4482054.51467812
1489486.56364542	1250581.96943478	1296215.15156158	1303636.18342031	1155727.09583203	1186912.6549371	1020963.94710234	1234151.42335547	1210064.92030948	1205635.00906406	1217874.67278984	1228701.67581562
2638084.13150236	2812810.41440882	2884902.83005899	2132596.18507676	2401762.41332092	2479305.07593639	2706727.84472081	2052652.15326528	2562224.51143557	2915966.65418694	2397887.19759961	2828524.71154687
5771964.54771181	5390081.66361627	5129279.27339292	4929784.77430328	4767576.82342651	4988477.1235732	4462248.85448749	4825765.86064262	4858385.17673573	4493593.09048013	4643717.58203219	4604276.18770547
7969714.19209711	8183546.5101503	8658746.53692305	7080757.61341902	6038241.0653153	6877230.20108708	6541552.16136166	5990568.96870851	6410029.33945376	5808889.26538302	6634058.88726736	6776853.74747659
4201893.42279777	4042605.83264193	4120993.30811924	3767774.16002514	3007757.19218518	3854053.25247271	3115968.85608422	3390786.27953935	3384968.55701104	2732751.01799811	3434939.52226671	3037879.05610366
3273513.21289861	3136558.25538122	3423695.46098275	3575524.60681495	4473580.51186086	3080503.82498336	4613126.28292255	2940298.86154532	3347938.84818794	4167077.93319151	3333489.87922561	4196647.76953125
6591683.73932816	6170414.84584584	6121390.37951985	5907372.43996912	5712345.99072718	5850175.71753235	5263449.00091605	5998607.17965354	5631566.6498363	4960729.94780598	5607992.39759476	5415665.98519224
17092475.2589933	18185845.5043071	16819017.806795	13733545.1177138	12224176.5756994	15411027.930355	12675025.8656434	12728222.7701256	13849688.2038566	12563102.4546457	15688408.8179614	13991404.4161031
6746694.43795203	6305226.58643166	5911171.70875601	5298738.16615353	5066263.82612192	5987889.20820229	5442206.44174947	5451605.38425417	5711368.07792423	4749473.37453577	5654243.01424055	5320125.06744942
4775835.03525196	5021312.94038796	4849628.10105057	4180916.05893126	3833325.20556212	4253131.85656806	3905174.3194656	3972885.73572283	3894228.66066286	3381884.70564246	4164892.08683269	3708444.20682656
4285641.58289722	4702582.24142479	4397446.48508861	3473674.03547549	3260124.86138	3752739.48603579	3424552.21271935	3342569.94817803	3568898.24477416	3168248.7584403	3654071.60882626	3566747.74329843
5053060.21959869	4760853.60713223	4694938.28611302	4311421.38363846	3959737.42854904	4468113.31712646	4005732.31359034	3961099.17629182	4623555.44584411	3796799.42272854	4182335.58232534	4090100.21609063
6801198.8259754	5991798.40973462	5674148.16351999	6129568.96259878	5653330.1098461	5475148.9525367	5460777.72454342	5772215.4452667	5719620.05812421	4598372.93399475	5745112.85010601	5067868.42598438
2489610.26821253	2395142.25186977	2367681.70827206	1967257.86629309	1767757.20738133	2398780.5071001	1829435.54061833	1984585.11482343	2113252.6668999	1729042.43626318	1864990.55885419	1885074.52155138
6471757.38274366	5385783.90594575	5203830.56250241	5408899.76568326	5094774.72565042	5522618.38540911	4624791.32504291	5275739.30855037	5427390.14606248	4580251.06903897	4870106.98735431	4796460.27020251
4481730.99779971	4741608.04418114	4626144.72761264	4000002.02565822	3827229.34370322	4262198.31513635	4064915.12367203	3590486.82715735	4214641.05656223	4019353.8732961	4616468.80140809	4589435.35016518
2662798.2050469	2180802.25734535	2152510.0056346	1996580.18906541	1758608.43744878	2288772.62306404	1963717.84680023	1874411.24273905	1977439.35950858	1713200.74134256	1883029.36020053	1721279.37580978
9406859.26244035	8525336.48466882	8451195.58721135	7984377.84073492	6861388.87613016	8558261.22463486	6975426.81323359	7022363.0825288	7766583.37728774	6805428.76207845	7110481.70966718	7126241.06947499
611327.966761131	564537.307108804	408371.622810928	388017.323409383	323776.419150084	531868.238910912	315850.72045313	455530.853868764	361555.976306255	304181.84053125	379361.742581257	353172.701268751
3903561.03589703	3513757.77998444	3410193.0400404	3623379.75238878	3794104.89092893	4428224.50603336	3401994.75717906	4236177.9617728	3499976.50732066	4637395.17773883	3412311.3664414	3917809.60728111
6178754.32259337	6156483.31128552	5840341.08158839	5580170.95562694	5490572.14235885	5768597.57242475	5613122.0755343	5001264.67917588	5516554.76841277	6107059.81269903	5273207.44925572	5992518.37694297
2367791.39735075	2181082.62100366	2316640.13241406	2587108.6416712	3302954.23801086	2219657.54134532	3357903.26275503	2189884.40149753	2394837.57358169	3026347.99098526	2390431.00308311	2972282.18368125
2562494.08314498	2463905.73742675	2445741.32788475	2072882.02295624	2142958.84500979	2165988.24706484	2184985.87446179	1977541.46703744	2295622.6857996	2142894.71658925	2151032.43515273	2241314.44772813
2171832.68401963	2074802.16540267	2040747.84966364	1805351.55103666	1751123.04887695	1994481.0118038	1692185.57233469	1839402.245146	1999966.57809285	1593677.83357148	1840707.0924209	1758642.52252342
4049703.47880386	4139149.91101188	3987678.86015788	3459598.41095858	2968723.05712695	3930633.52080987	3325100.0358855	3559316.00801133	3575114.59714729	2923688.68793202	3850671.6766031	3558438.86797423
5530861.16802622	5226333.60373062	5343524.19443141	4752197.71554735	4512135.53247831	4697222.31408626	4399270.64490765	4580766.85901161	4213223.1608833	4384301.82230426	4310191.79325088	4720756.81020459
5461355.58276687	5361519.27702922	5480299.18765274	4463448.93165763	3306284.90798202	4749983.86710498	3757307.53296978	3778994.17866093	4583006.222949	2970194.30598515	4305804.01343727	3517710.77612298
2328290.17229827	2255712.60032246	2193499.65717823	1829741.38152019	1686893.54164797	2182053.14245573	1720256.05391077	1689838.92761588	1940108.69853275	1654901.03431616	1870412.71061445	1840652.83227239
6308490.67513722	5478754.32589053	5498810.52502988	5422019.05201171	4472634.16542343	5838986.82535545	4582179.85500137	4689463.59166319	5191226.16309257	4433033.69102734	4493170.76555621	4550749.6420289
1411782.0816057	1331626.70038531	1334184.65222113	1239891.65120826	1136479.88583165	1237480.89184631	1099881.20913536	1206843.74714063	1141500.29106095	894365.011011916	1136811.6036928	1050432.58477266
4353504.70384505	3957202.86248904	4155204.34393068	4106585.7980196	4253653.87788726	3753107.70453211	3951686.59452815	4030080.89789883	4010785.68083588	3886467.34032588	3970317.30566973	4081590.88639444
559419.143248363	598292.614731904	582796.283759766	453571.665795701	498784.929360347	595257.599230082	491642.885101788	501972.280644771	486513.085620114	701928.992982435	535029.090208595	696820.075668748
4380260.27624032	5000633.33793013	5702586.08713579	4730337.1975649	4725488.5815481	4365705.173717	5882611.57229759	3675730.59364629	5033984.2892045	4797343.26573955	4400097.60121053	5374961.12384779
7111982.58707364	7050437.65450991	7092165.95038626	6818941.07498158	5890782.96707797	6559144.80637973	6071392.75943952	6359875.62943475	5860583.91089162	5151457.28807946	6267692.99975163	5809055.40829911
2599289.69800418	2458487.83653496	2491395.25207022	2413706.28774736	2667706.50060235	2127868.13351191	2460660.42182803	2442524.09505732	2159572.10761875	2356986.5619216	2215605.0835429	2494026.380175
7727057.52659231	6743396.16513628	6779176.29120055	6581195.23136366	5693036.7548608	7122653.15040448	5785398.93838673	5779603.19734526	6304211.51706489	5517065.11268889	5661700.94590173	5656980.23801366
2394626.01621313	2235097.54367058	2424731.80138094	2390185.67608477	2097365.31283125	2175716.36308174	2158278.88377328	2178452.0604018	2090937.85963452	2042806.74772969	2101303.78106602	2166112.02370082
5457990.72723418	5191862.06321556	5441730.45529744	7348994.69777991	9722943.28022045	5472770.63111847	8437342.33538955	6633765.28877648	7867194.75580368	18186673.1986255	8217057.68776222	8516534.18985704
3116919.95398528	2987672.05340977	2713132.89718606	2362530.46727929	2209019.53720905	2717095.12758632	2522049.73600493	2362789.16335106	2600122.19613573	2048102.38402592	2665386.93395067	2241145.11327961
7523853.79746636	8468370.54921288	8197724.68036518	5381047.6656492	4899430.40805035	6894045.95510508	5001687.82599663	4917476.15442187	6225095.8844131	6007000.16470896	7738078.72183307	6818631.29165625
206114.776523608	199997.526593193	200796.33625897	144737.594061327	138044.267792578	182450.036329688	149782.166260547	153697.674255469	192235.484277251	159430.117729395	182996.57452764	182026.658779459
3565131.23402783	3677800.38934135	3618351.14372544	2890059.72056485	2884023.55771409	3142801.36507537	2802582.49193607	2754130.54631257	2866214.97099609	2722467.20181564	3026455.22517422	3025428.67596618
5440682.87139441	5731271.42895663	6199576.64327119	5458556.23318993	6485843.47351876	4475303.47388975	7491823.69412597	4537867.1976	4520669.14906675	6720219.60596251	5640622.46055	7638575.66917501
5440682.87139441	5731271.42895663	6199576.64327119	5458556.23318993	6485843.47351876	4475303.47388975	7491823.69412597	4537867.1976	4520669.14906675	6720219.60596251	5640622.46055	7638575.66917501
998939.219608305	1044578.37110121	1011492.11079925	995717.723501023	1087225.03061135	928200.570870084	1006540.29910367	927357.153176967	978357.448664073	1859412.67034532	1241881.736584	1244045.8432875
2887779.28317853	2830907.1582829	2585163.06296555	2176594.52398651	2007090.06491608	2505475.45661219	2311538.98907084	2169169.17819227	2391688.00377567	1890936.9230687	2463278.76300965	2082079.13862961
734565.271570502	632901.752423909	685073.310448821	748730.2878	851938.156987503	662298.140650726	1033164.40512646	544529.38922399	848260.359787498	977601.513693754	725063.994806252	909364.054912503
734565.271570502	632901.752423909	685073.310448821	748730.2878	851938.156987503	662298.140650726	1033164.40512646	544529.38922399	848260.359787498	977601.513693754	725063.994806252	909364.054912503
734565.271570502	632901.752423909	685073.310448821	748730.2878	851938.156987503	662298.140650726	1033164.40512646	544529.38922399	848260.359787498	977601.513693754	725063.994806252	909364.054912503
734565.271570502	632901.752423909	685073.310448821	748730.2878	851938.156987503	662298.140650726	1033164.40512646	544529.38922399	848260.359787498	977601.513693754	725063.994806252	909364.054912503
734565.271570502	632901.752423909	685073.310448821	748730.2878	851938.156987503	662298.140650726	1033164.40512646	544529.38922399	848260.359787498	977601.513693754	725063.994806252	909364.054912503
734565.271570502	632901.752423909	685073.310448821	748730.2878	851938.156987503	662298.140650726	1033164.40512646	544529.38922399	848260.359787498	977601.513693754	725063.994806252	909364.054912503
864941.03815206	927179.618879914	926584.930341271	753434.251582036	520927.376939065	651658.310505515	644409.774409028	599664.650913284	684645.193327738	550952.420725784	764095.630082813	602125.86887602
1217567.08547304	1149636.51994836	1140464.88831344	1046358.17707845	1009685.76908179	1080501.42715354	1026769.70421043	981364.402886179	1057544.78965138	1006232.24235059	1054426.57753126	1050360.19790027
4805960.23814366	5109890.82648005	5526902.60455435	4793205.62886493	5655805.12426876	3947377.28830261	6749675.72938607	3923476.0665375	3986372.45165425	5922731.7802125	5023038.247425	6806653.40561251
734565.271570502	632901.752423909	685073.310448821	748730.2878	851938.156987503	662298.140650726	1033164.40512646	544529.38922399	848260.359787498	977601.513693754	725063.994806252	909364.054912503
1782561.77962025	1957617.21445188	2606253.84164985	2181078.20481823	1943809.31130761	2012130.85391733	2407543.75342612	1636500.32369959	2074772.07920361	1960690.29662665	1926075.22725989	1953760.12571058
363927.438941617	369242.434120327	378776.245257312	389807.372283398	426760.546794139	336982.747341803	434802.078098431	371285.899066731	388439.331460806	460143.015808008	418777.172163285	387322.563478125
2018887.78547283	1866395.29406284	1804344.61027459	1872097.02492367	1899898.73025474	1729289.46604854	1793788.99165482	1772755.26274686	1641709.42347069	1775665.04204414	1751642.70557459	1820530.03904063
1919237.32786461	1863637.28500107	1709783.77530735	1539646.34397094	1413304.06600462	1689639.95738878	1428930.21436172	1438736.96101121	1707916.3041613	1348755.37010156	1551405.66930937	1455265.959675
1234863.54273983	1149963.37627323	1182947.58071489	1096352.21293125	1084313.02421468	1049169.98199645	1080286.86828038	1110074.58055313	1066169.04599951	1035431.52780118	1040996.42158359	1059858.73956609
1092779.34349635	1048007.14369627	1059882.76850661	1071964.63060693	1071980.03500744	942967.528583014	1032493.4696372	1030118.35274571	954008.645451859	1022685.36659958	983027.16178154	1016854.40664844
1946219.23278792	1836787.32909748	1851167.69123718	1808578.57088094	2096113.37711015	1573416.23149214	1861059.74409596	1871543.37035419	1620374.77145155	1874945.6207625	1675303.37632969	1953721.60809375
1732575.62936463	1901385.39344707	2550780.64621025	2127507.354225	1861266.88437421	1961240.58826208	2334185.70048342	1581225.71730193	2030766.69403008	1898801.95055976	1873571.74083538	1890733.35452855
1732575.62936463	1901385.39344707	2550780.64621025	2127507.354225	1861266.88437421	1961240.58826208	2334185.70048342	1581225.71730193	2030766.69403008	1898801.95055976	1873571.74083538	1890733.35452855
903614.700156715	883114.832975947	885279.02031364	735113.960831254	763980.076303134	757183.520819453	711244.725120762	776770.821028131	711874.471687503	715948.682831259	711700.527450002	737690.149666125
100613.589810933	108280.13985937	113267.390350076	94052.6301708993	75128.4453691401	89667.0209273403	104555.238046875	81209.7099167307	122751.468984378	100758.497458009	119341.705957034	89680.1240156248
2308389.64391858	2026002.4570856	2119207.58367914	2111228.68539259	1817566.8152168	2169874.76540558	2204960.60851082	1848468.95395078	2353028.61386835	1805977.49025923	2160416.36582579	1903553.69103282
655510.690104091	651403.398641671	604799.077365785	525443.280456452	480808.909930087	575420.697070329	574380.671493766	478584.18812394	628771.146912313	566131.773758216	617280.778692197	611112.107151564
2439693.82056199	1835519.63607238	1948992.06459376	2497088.39633381	2009519.3073476	2021950.78325629	1811996.33283441	2558516.40585239	1961172.51432885	1851174.57594612	2103009.67418441	1888149.432675
598350.986178531	586057.682881517	577439.527282499	549888.192910549	589630.612264754	522076.560165401	566944.23154519	560010.355040039	527522.94421559	540323.312641412	523675.533790801	556799.618564062
329503.161680877	325335.410258218	320500.84730037	270820.300610442	225032.239652341	293280.110442301	241542.236628507	247269.130446676	252650.617415618	210311.988717009	236394.780503317	234186.780042187
1972305.68721922	1783887.18833312	1700472.80632485	1499425.81783242	1495794.07352461	1779961.78927012	1468657.75009221	1476717.5193029	1715901.93989414	1567455.19673249	1555627.39312148	1671843.59909531
1851476.37733001	1723801.32601383	1686431.23012946	1586237.12151065	1528903.82459589	1607307.02573536	1449777.90610585	1655694.99198983	1460176.35577345	1413801.4072355	1538037.59917208	1508070.11169375
849933.493211792	829700.209178085	854410.519118902	876679.046705861	1227113.42119088	918899.48801022	1398919.05244877	935396.204634374	1193735.32278516	1459439.98056172	1081570.99871133	1224337.68213281
849933.493211792	829700.209178085	854410.519118902	876679.046705861	1227113.42119088	918899.48801022	1398919.05244877	935396.204634374	1193735.32278516	1459439.98056172	1081570.99871133	1224337.68213281
849933.493211792	829700.209178085	854410.519118902	876679.046705861	1227113.42119088	918899.48801022	1398919.05244877	935396.204634374	1193735.32278516	1459439.98056172	1081570.99871133	1224337.68213281
849933.493211792	829700.209178085	854410.519118902	876679.046705861	1227113.42119088	918899.48801022	1398919.05244877	935396.204634374	1193735.32278516	1459439.98056172	1081570.99871133	1224337.68213281
1127982.82309317	1092656.64459304	1038737.97059047	1058809.96623573	1098388.86640523	966765.777111635	1025785.08840097	1048164.95547069	967170.240113075	1025974.83232792	1097433.49693182	1111628.50149402
1878668.98145158	1902581.69060589	1863350.40975703	1535549.01671015	1631167.22353323	1870247.79277622	1484624.9304691	1602027.07837733	1719612.82259765	1522979.97846327	1679479.68367265	1646732.281425
1215711.0596427	1144618.88853997	893785.501292593	844738.195253917	1026212.99796213	1108387.76944864	1110679.09582219	937495.728856685	1087802.92993126	896916.011603916	1072241.38032775	969003.223185936
390378.303644681	322076.593067439	324788.171482851	346590.680704821	255755.048044477	378885.146096567	268115.356349429	325812.323784803	342839.340910094	280932.880440666	343386.010147693	307670.355841406
1916423.49267502	1815833.74385319	1897744.84377244	1912380.45297841	2142896.25890922	1624780.82773352	1938630.2710563	1956405.2939206	1551967.12767421	1934224.54926683	1723925.30078291	1975010.4210375
1912108.71558782	1918560.25235443	1783893.57649349	1521286.08263619	1337320.78811251	1731476.59612394	1328445.15290566	1300885.33278516	1680358.88266642	1342689.08706797	1459463.1684961	1519234.51040625
2103807.84698634	2124296.49249073	2117002.3909676	2020973.44232694	2239211.76507186	1800441.88073161	1968121.67590372	1941740.39189237	1859425.05839062	2160054.13022637	1993633.99596697	2267226.56417812
1939686.6103702	1834648.67113323	1734312.88633543	1538569.77670429	1593279.8505164	1529190.29258179	1510650.18724658	1559210.33506143	1457802.03728672	1571719.09338985	1709049.32807813	1824345.18373594
1760822.25470819	1665399.68573861	1833181.59320461	1582476.4876078	1452715.96212186	1736941.19706841	1450953.89896231	1482403.26128553	1682840.26914609	1547094.14166575	1450923.91287912	1532846.83275663
999015.357185687	868783.765539507	873707.246430307	934992.615562503	999662.055266018	956602.719777197	913855.912232182	1026345.96615015	888209.785714449	950207.18748563	942738.644026633	974915.6835
2846238.49876204	2596015.91862896	2701377.59317523	2656448.21829493	2558500.98905158	2520355.45254666	2512911.54635917	2519188.81146041	2332728.47118868	2321172.12388361	2310782.11230315	2423888.88745761
2950250.92455725	2695204.09252022	2485548.00145945	2224757.84573456	2148516.74834337	2557945.88325113	2184061.02310419	2161608.3897293	2467804.14004261	2112780.53546484	2317498.22888203	2310485.57788125
1606084.14994086	1433858.71071083	1519519.29697089	1621403.62991189	1547254.09012968	1598374.29137541	1595524.62251018	1479711.23908469	1561092.64287385	1484739.25423827	1443285.40791115	1496445.05422635
1544013.42185465	1265819.38824813	1156682.50292625	1280127.92479688	1309730.24861663	1229770.08285164	1296573.22947866	1295969.94107109	1281284.48690555	1142575.72831875	1245627.16857305	1184211.36827719
902362.783434836	828790.732136475	740483.967834992	644559.862495322	666902.26579454	721284.818307691	687423.011479128	689383.445798448	727242.149622664	620051.181927779	698027.057913291	662662.863173437
1960326.18025917	1721669.55082971	1487613.12368977	1635313.63593985	1690118.26945426	1634666.34099299	1583257.8734913	1632501.605625	1776133.0516445	1627698.17178089	1590599.92874624	1631815.19658001
793080.24181824	788280.776085194	811701.055756402	797613.783978518	1084179.67342604	854683.206228255	1237748.68690268	844775.788364062	1114600.02882423	1304110.70445078	961747.558032424	1098072.35510156
1312351.93814063	1225764.48142327	1115508.02940909	1065777.04138125	945028.510005385	1203730.3271007	930668.662800292	1002957.07639102	1018988.6604627	914820.368189066	982475.690649871	1026503.79704063
1192795.59663386	1034517.07650572	1103451.94006521	939995.135320323	885355.549392198	1064982.11010465	841693.539817972	825297.743634387	1056580.38018045	871164.758371888	1008615.79711407	976917.238274999
1737834.63961462	1810325.80187313	1983836.81750742	1591707.5776916	1482205.18365645	1741485.14224565	1606632.75270024	1550489.14361709	1646744.23242656	1355350.01992058	1432823.00498261	1399231.49973962
1353407.99321782	1205965.25256338	1121700.49231572	1095299.21691726	967980.86959921	1213960.89610243	981644.09573929	1083314.97417924	1127055.28521092	913976.255130462	1094395.72450311	985612.551499853
1024982.49420221	899797.089518699	886537.753438519	872524.305619669	805559.767211711	861863.970803668	841353.445271404	792877.829055459	851906.965104324	779345.682482806	844691.772803459	810650.185228124
2352687.12480892	2204362.19364329	1936701.63705659	1948103.95246759	2005225.64354063	2054910.71951762	1887059.54008133	1945883.30719922	2114421.43693513	2011145.75235979	2053398.95211948	2072760.35760657
116182.7431168	115244.256799803	136490.371874999	113132.691117185	100163.821647654	111305.472222654	116804.260546875	130447.511525972	99198.0547722639	122445.443129879	119755.092548434	111595.975734375
116182.7431168	115244.256799803	136490.371874999	113132.691117185	100163.821647654	111305.472222654	116804.260546875	130447.511525972	99198.0547722639	122445.443129879	119755.092548434	111595.975734375
148500.052136126	220920.962781242	222186.789125707	128880.867805262	137641.620522659	182198.644911052	188102.526172577	136504.086468753	146916.89819297	151029.521310938	212543.862841399	189903.117524999
415208.661335563	380373.560247626	461346.784302049	409283.484578249	363033.610135832	354173.160399529	370772.259464035	390434.734045891	369942.093027242	326491.440634858	373731.935762105	362224.392266103
795569.1695789	817000.554014646	771974.097858925	654160.530117181	576981.625572413	789761.283318773	657989.756714973	644228.702545307	682294.404315814	479415.944893356	642215.331785148	610244.928459375
795569.1695789	817000.554014646	771974.097858925	654160.530117181	576981.625572413	789761.283318773	657989.756714973	644228.702545307	682294.404315814	479415.944893356	642215.331785148	610244.928459375
795569.1695789	817000.554014646	771974.097858925	654160.530117181	576981.625572413	789761.283318773	657989.756714973	644228.702545307	682294.404315814	479415.944893356	642215.331785148	610244.928459375
567098.656593644	612016.730701939	511151.420523066	423498.804125971	408600.165922263	499293.408094345	395321.161666412	409412.756916794	506323.488148236	431550.573325779	495752.658216239	445182.940228126
974219.875223764	950812.722524423	844014.413132006	664302.883739141	838574.694001167	724473.310748705	872696.65184582	653173.558008984	886975.050798632	911923.831970503	887314.862536519	995115.420389061
252279.896430762	217037.844478126	228728.219607423	226820.666221869	242588.069521869	240356.608709767	243537.960445314	233226.173812494	229653.019223201	242095.338168744	226984.910006244	237081.636000001
2034644.02303347	1908540.36092088	2133666.71520195	2381207.18583515	3203942.40590919	1949939.15754715	3104121.06520356	2020495.0093865	2081320.51563354	2846675.42634492	2120393.50502844	2745181.95940312
1048693.02080688	986123.26963143	1043904.00950867	1024072.87455	1210466.91294375	847653.434783245	1126269.7510454	942727.817212504	1070607.04358438	1121262.84383437	1032447.30053438	1122675.45616875
710607.807860313	648739.937626141	637051.433255209	524203.56661406	541229.636320308	590246.225262844	535051.424942784	506936.851194723	629955.555265472	512272.597753121	549033.985126167	525397.502437501
207002.84502305	204210.334851126	206127.352398196	238217.838052739	285535.910143873	186037.727801516	305200.396881413	228082.054857427	201104.051220707	309976.2773379	234361.440457036	273470.325310333
2222162.42107793	2242220.10788785	2247776.2404558	2265866.11246876	2849968.93009622	2302744.17440645	3478805.39710734	2328964.36616251	2812616.88489418	2958219.27163126	2793129.66383329	2775667.53915
600242.804786018	607925.376851101	612074.77291956	522081.757763665	514990.289266399	439581.80820305	506733.622670168	421597.632315228	601058.617979974	626452.475184339	503834.231084758	634418.071753126
1150033.00004443	1187671.88484959	2149645.76758641	1655477.23667518	1075378.49039414	638590.65290626	1228500.30360235	563431.94826451	1072964.2028775	1026481.23925408	953649.598481242	1173286.60509844
172532.881972541	159660.227035532	158302.862224806	157462.533228512	150531.653906044	155359.061904493	148367.536143749	148899.616013669	149851.051259763	155179.088637887	125589.452484375	156737.295
677512.654831872	660035.052161655	695645.943712503	613750.587322641	529141.520595708	602457.071671391	563936.454842587	566548.083878911	545030.43065625	480039.025382818	578436.846474611	576450.621140623
1259064.09289154	1122913.83659942	1059640.72033086	1128590.48754373	1128113.48934966	1083828.7800269	1054317.07560582	1042541.80882498	1022112.83521873	1026730.21708594	1071422.12615623	1096962.87329063
460382.629707143	538501.528315149	542692.093092164	509249.931854297	538956.740901564	495037.701040117	509677.166426247	432073.56207146	610271.34632577	1094063.54576195	682951.10122206	668434.19300625
1959471.10742116	1838495.79715316	1811448.4033669	1840611.43490038	1983467.35706653	1577711.87964834	1893722.10438979	1758579.74437148	1788337.56557386	1807569.598725	1763768.37578906	1821665.9228625
937625.20716886	785196.652736725	835346.160299763	792596.237335546	740872.294638864	781152.373796499	710638.650809073	770793.15528574	675657.725092964	610602.234863669	727604.662344137	737917.805418749
100111.419262535	101587.643489057	100563.733359375	93151.4863576161	74229.0036919914	86274.1072488242	77998.2127031253	99830.009651366	92247.3503554842	77637.8332898429	86125.1233089834	81432.5205374999
374023.925928656	391168.520883453	401437.672043857	484495.928013282	575123.678552935	376585.369308152	628331.807970402	399446.903557326	475436.005864747	796634.857763393	530293.625187308	579050.421004687
1276447.34888718	1274784.34779114	1286294.51713763	1258769.52858493	1264757.01773437	1089602.73785371	1263982.91898391	1164948.04856719	1111609.27690313	1232202.5788875	1184678.31544219	1287794.2708125
1852792.36382128	1838707.76781931	1867648.2516046	1996430.8695375	2555976.4941554	1462503.56323242	2561206.55805769	1648073.32212187	1456731.99024375	2887837.73784224	2152383.89623125	2795426.9475
1016120.55290941	922793.503801627	977757.821439033	921978.674924999	914126.711024999	879709.944058344	839983.570707354	904825.76169404	925995.8684625	779222.981728126	856590.927224998	855452.984109236
2015436.11429137	1822374.83005158	1741629.22859711	1742975.94567389	1542057.72129872	1774145.58714091	1577633.71316525	1667091.53595687	1650308.80616221	1444172.15519422	1667628.97991226	1563450.72459321
307917.36342762	325016.656145835	329363.906540654	307963.022296874	418159.734403129	246018.369396697	292306.849235181	275665.385023766	313770.503757636	360803.27315742	313109.587402733	358443.453843749
427288.416382985	392085.319772748	420910.97433513	448145.767832821	479294.562340441	396512.099704074	438445.362486865	435123.65169991	364510.122091114	449986.044614657	365181.507287695	394736.287842188
205788.371552897	166386.268898415	199183.698450001	170095.110732421	186294.645087889	137783.346035159	173848.929787501	181215.130078124	140716.294189455	170918.81586914	148541.492988282	177998.0981625
640254.666447273	768519.075572159	787983.392544393	591491.201503122	620563.274886323	711171.655927705	784327.519841844	641260.394826559	591768.018522656	729562.622129955	752100.96988334	806018.680809375
1380477.84421044	1328898.90858478	1332138.7532021	1467284.45638992	1845823.78014376	1110892.43330739	1753632.98098624	1352564.87086875	1197273.01010625	2031622.753875	1382703.5759625	1905723.47831249
1380477.84421044	1328898.90858478	1332138.7532021	1467284.45638992	1845823.78014376	1110892.43330739	1753632.98098624	1352564.87086875	1197273.01010625	2031622.753875	1382703.5759625	1905723.47831249
355040.814562542	383671.392444197	355705.9099881	270036.479743078	289876.050337499	298876.08591328	295713.854049021	286399.001753906	295366.127048436	273771.825318751	276333.861117188	271469.384381249
2044296.85676929	2124642.04716872	2153576.53347094	1741122.93896098	2094596.21505555	1789148.03391109	2620944.28587065	1514993.1773625	2050601.80029375	2212924.71716251	1836702.16145625	2422717.12464376
2044296.85676929	2124642.04716872	2153576.53347094	1741122.93896098	2094596.21505555	1789148.03391109	2620944.28587065	1514993.1773625	2050601.80029375	2212924.71716251	1836702.16145625	2422717.12464376
2044296.85676929	2124642.04716872	2153576.53347094	1741122.93896098	2094596.21505555	1789148.03391109	2620944.28587065	1514993.1773625	2050601.80029375	2212924.71716251	1836702.16145625	2422717.12464376
2044296.85676929	2124642.04716872	2153576.53347094	1741122.93896098	2094596.21505555	1789148.03391109	2620944.28587065	1514993.1773625	2050601.80029375	2212924.71716251	1836702.16145625	2422717.12464376
440108.601637388	456260.79193698	400900.326163037	409209.412115625	404055.55866328	357683.770995108	395533.323168446	393757.27092539	371630.786071875	428110.066841015	414790.332502734	460611.729930843
440108.601637388	456260.79193698	400900.326163037	409209.412115625	404055.55866328	357683.770995108	395533.323168446	393757.27092539	371630.786071875	428110.066841015	414790.332502734	460611.729930843
1162451.61487926	1094773.79903804	1324332.03459435	1144005.91253438	922116.103425001	1110678.35838227	970011.218569377	902606.619337499	1021933.60757813	745811.3317875	997874.447212502	915481.33524375
874838.62047016	984171.68522903	816983.855057524	781165.68311074	843285.72522949	767589.314827822	867287.724358703	802128.1329546	762052.586660445	780824.182733197	789729.471532028	838688.558400001
1998783.08009213	2024080.80806572	2034966.66377359	2031924.59311876	2552068.40103685	2063972.61609572	3096737.18695086	2087044.63687501	2554355.46093793	2644204.25878126	2537065.04483437	2485684.2874875
877838.5439549	924204.904019004	795110.922463523	693970.129868556	715343.583332814	874766.874418839	701598.429404342	755724.990539064	812645.481303784	881457.090718361	742371.296624494	978114.717525
590725.587391158	558765.332284014	579849.554612084	482259.788613266	461996.290103893	488853.789561299	500156.003888736	461084.843742174	537759.70642967	455162.625843737	489957.687063266	510917.449814063
390450.935756783	342990.090686685	303609.549503925	325397.873954497	362408.968550147	313202.478767598	303247.055850791	311178.084218365	349504.808580472	393509.044744925	360594.697340629	407102.658806249
1388030.14617157	1318927.97159231	1833749.74861277	1843987.36088788	1777063.37532537	1239709.3548017	1592880.06201895	1428407.66729919	1342011.52486757	1689272.83410701	1300733.31087304	1796869.21665967
284670.262256931	259900.452510013	276084.77100702	242097.137764445	235009.859401923	228521.56058626	241416.426619614	235412.411550125	233802.356364836	218125.141549213	238103.946834953	226266.060796875
211097.208093711	202049.154946255	198834.326876366	160619.929593746	131149.074374997	181541.102092971	146350.522402744	155193.071343746	189370.280912289	135596.083218747	166574.399062496	162185.547046875
281264.502094876	270710.012034721	266981.663701767	209983.917496294	224600.976277738	261356.766489856	199423.677924028	215078.972044925	204995.825579576	301212.81900704	293760.649655869	282860.5527
225749.013100508	213140.823361981	218899.178244149	201563.37529453	184951.009198827	212371.671542	179076.327278322	218175.741390233	190611.519127733	165619.920342557	201194.211603515	202220.823234376
594819.956345863	573381.938077596	596748.479063127	547168.785281253	530995.554581253	526166.032753746	556391.001007655	508023.961293753	524801.299275005	510784.863600003	531737.462437505	542025.982781249
384937.059945407	391266.977387981	430857.276564994	333443.828566409	291396.195105472	338624.343327838	334988.779476273	340032.562650003	360272.765376566	304357.985417581	346987.062558988	327140.367159376
1323627.96223223	1379518.14772697	1364050.29444977	1086947.77565832	1305247.11165555	1099175.0238079	1597758.20931191	949545.983100001	1241713.94469375	1302137.2901625	1199150.96255625	1519519.59286875
1323627.96223223	1379518.14772697	1364050.29444977	1086947.77565832	1305247.11165555	1099175.0238079	1597758.20931191	949545.983100001	1241713.94469375	1302137.2901625	1199150.96255625	1519519.59286875
456500.842323951	390403.828008695	399364.281631347	390709.980091409	489838.352695316	398433.524539339	401422.672705959	424179.117975645	403871.201385355	411929.164980691	395067.22794058	440566.406078906
1052542.83383916	1078313.12033042	1130822.25805635	1110205.12700624	926218.922552339	1146118.50926397	925609.043693407	888639.956041401	927430.712587495	786879.799225778	909171.549295256	912247.230675001
316728.627351953	312372.633033494	347353.905937485	265606.44195937	187917.57455625	236858.435859386	235531.336218761	206526.295413279	253810.750049994	182629.850596875	281876.361834373	227665.252546875
326615.194505232	296784.224106188	321083.601196875	317360.493411332	336978.816091073	253728.885596488	356416.19784375	291110.545339455	263154.494148048	328316.54256209	317675.418096098	306777.89855625
326615.194505232	296784.224106188	321083.601196875	317360.493411332	336978.816091073	253728.885596488	356416.19784375	291110.545339455	263154.494148048	328316.54256209	317675.418096098	306777.89855625
648336.060246279	601053.213401899	617684.868442346	550967.935031254	562182.006839067	568003.876674577	617310.100004261	523960.830344535	622634.064215629	554307.21112204	607552.49640938	586609.404356252
157243.843053526	151543.69096583	170452.124983605	128761.701440622	134326.890431248	130124.176733211	150890.81010997	127903.788438741	157350.001050001	122815.335121873	161466.716193751	151747.646324999
776730.676940612	623504.913010544	542444.842114931	524585.295196876	526215.128600393	576896.062133832	495812.647455501	543657.871611741	588165.512769147	565221.483350393	553782.185305082	626902.18655625
621765.987733331	534818.236311256	561573.121944109	533660.760390525	497129.904757582	523601.857744611	492899.49998911	484205.217176773	539119.244554684	464266.307113768	514117.725283592	505849.079845313
130094.877844321	133149.683551742	155679.9110625	125465.612121098	127913.443936528	116165.669006841	124103.325328125	119374.495743168	128824.265077153	113112.600401371	116320.121109753	115554.3345
1079727.33812756	1003516.64130031	974957.617986839	801215.943541413	663345.775555993	972163.64052068	708078.561106622	694791.557113614	919427.197038291	780050.323464855	735101.116483598	769193.449406252
963536.652230609	963529.856225968	1091690.27796205	1096418.74252969	1343646.32952129	956110.974424784	1380486.60132535	1001115.85977557	955581.494603469	1177932.54043008	1051625.37115195	1285760.7274875
256783.052603466	248361.720107088	229636.310655481	223838.278634186	243955.779226763	263495.349196734	282137.116489023	249593.53546031	305611.848950974	264793.583071877	273260.732114651	244850.862141419
198926.364477088	190730.303425378	191041.288472453	198026.223398446	159902.27724024	174424.897678704	137604.486260737	152105.969232427	192646.770873055	135127.708002754	161929.317322271	162205.218243749
198926.364477088	190730.303425378	191041.288472453	198026.223398446	159902.27724024	174424.897678704	137604.486260737	152105.969232427	192646.770873055	135127.708002754	161929.317322271	162205.218243749
2578578.29111965	2634123.93345225	2553932.92807396	2817721.62211364	3069403.53859219	2394746.72805014	2630273.97766301	2550638.0776336	2533233.53081133	3998853.83555633	2818651.64208633	3070213.66315688
670080.583167216	656305.998124251	634619.009062469	666935.121600002	689125.938187499	573716.055773392	647285.79976755	639661.4420625	536447.815200002	662849.229899999	591320.529937501	638481.063000002
684951.502350537	671239.731856884	624076.629058012	619817.790909667	727981.295375683	563522.340921828	697473.223619631	558476.183157885	731069.312647512	1017502.96983458	669365.315269921	879511.900523438
386915.803312477	305488.226587511	312128.476191226	339159.660623443	403604.700159388	312642.691143765	330754.484472088	384604.119414499	310935.55571719	389492.647706261	328810.822157817	394492.160081251
750687.60390784	673399.972362418	708355.406060098	574604.903799615	587954.215058208	574870.271726912	582762.451395819	577646.217882426	754358.905433211	714182.324509859	599928.117125395	648444.74124375
187240.847104445	194220.349023539	217308.095119625	188285.040789382	180692.931026948	163963.595280759	172138.194470211	177103.684383393	164797.695891206	205510.007819525	147364.212193942	245375.907562501
197615.885899083	189100.050641463	185244.427055268	163124.068026561	176593.027771873	173093.10146777	173990.858634774	175556.95394531	180046.607193748	176593.027771873	167153.244018748	173453.6595
135317.015719047	105818.855987124	101794.892138677	120632.215407133	107132.775231155	135453.116906256	91542.1691894575	130579.171326275	101195.051544729	89218.1046216806	99317.3098661153	94628.0934843751
883498.477173362	874043.829975048	911750.688158967	792670.126604296	771989.430312889	832869.459539697	800739.705430412	766088.46580664	794615.874163179	819264.013167186	782508.243360936	812036.481299999
724581.925392035	757766.368656844	724131.333262481	583289.189484376	545877.493605472	670713.359077894	622210.179757012	484540.035503908	715265.638415631	527411.575852739	611688.882956255	623524.882096873
654662.154225998	655207.886137761	665039.741231227	637778.856464076	684208.819542203	580961.946984329	644856.610251534	663526.381443764	542386.386867199	682098.366675015	608232.51632345	674862.421199998
409448.079169347	425031.510671049	397219.07661562	358263.606164062	366410.194925954	342309.934429686	377478.868155463	346465.222266796	374456.508679687	359018.319373827	370237.221643788	387621.468299999
288155.390814822	265266.960131231	232103.047349106	237955.636198249	150189.156208012	243366.118826643	169985.373324655	199101.711348638	209653.411751959	182731.783620122	188155.554855474	176769.970678125
769426.549986603	773478.915105907	695944.425083797	657720.050766791	648272.03377148	648926.630398547	679227.363310572	668192.750439838	608826.908262884	633476.778915231	665321.601656243	656318.406149999
51959.5588230476	46332.3596387696	44035.9014046873	47286.7326937507	56768.1846187509	45406.9836236983	39057.3201949211	48050.0699250007	37323.1730437505	48813.4071562507	48250.9481437507	49690.7947335936
318602.576112324	373433.047516003	366129.105057536	259490.233496478	262935.178378118	317036.939883959	323793.781860179	241609.94161347	227365.158171674	277813.879870712	305754.543947971	368990.192123439
1497127.83899114	1387332.93639198	1239985.99948782	1219012.98203437	1015148.12391332	1147058.74663686	1103459.41735609	1032203.78445938	1119771.41244375	934112.118843751	1134458.65716563	1086564.41571563
949188.487332429	930412.782646801	889311.368730439	839324.533884367	890331.177385545	821944.697990596	855896.001133565	786692.013672432	807930.531697259	889716.93961992	847436.304440716	912025.540542188
1065110.77675028	1062610.70439446	993764.522366574	1046384.50739553	1086573.7166625	1000340.45416462	981026.272177178	1039217.3735625	959914.851225003	1040887.1958375	970773.042731249	1040348.470425
910562.752186415	974227.08583944	1160013.23518491	970953.559211988	1003457.34690996	877959.31905242	1259463.36768801	740337.62506172	968512.994370415	854930.889285645	912268.402013024	987639.722257027
910562.752186415	974227.08583944	1160013.23518491	970953.559211988	1003457.34690996	877959.31905242	1259463.36768801	740337.62506172	968512.994370415	854930.889285645	912268.402013024	987639.722257027
404653.416843604	387814.187616815	419245.185088735	429934.428644528	454798.24661433	360848.849394457	424216.024081396	385844.015622653	358639.720673436	381134.362073435	397698.498398434	401350.33516875
1499716.41593887	1507171.62856027	1791667.05067981	1466241.5202703	1145608.43165742	1455870.96823341	1281714.25803869	1171432.54945664	1405295.62875333	1064278.92315937	1371678.4112496	1290378.26341875
51080.3727779315	40491.7350427739	43307.4759820313	38756.8865513675	53471.1268587908	37501.4253120118	42825.8683435952	42945.8688398445	45585.98372754	50690.2058437515	47803.6802332043	51008.260359375
308685.194322626	315315.863560672	312316.324856228	309388.847982819	276423.2554295	276932.084530488	282978.795257789	286288.704796882	273983.343826759	251533.064603913	282147.768478129	289008.610045189
405782.840796149	383453.409204557	352869.89699576	320597.094365625	355230.167724607	364343.764452103	324650.379709873	311178.644364843	361507.33207617	392394.743709372	337396.563835546	413315.886637501
496105.184824211	443420.898465373	452342.012406158	424607.822125777	476764.037513667	430855.265687993	423018.193085732	443994.874202338	450130.808247653	525255.451230467	423207.022644137	470449.195631249
405519.849352164	373953.129721885	399101.100437431	389595.891738283	300546.463129689	363501.412404234	294446.070864272	339534.838919769	359727.598544533	320017.840853908	353465.598672658	354912.395578124
385140.938099345	392407.927578292	368643.296587494	288917.617195263	374479.500791603	324145.005292966	350969.707842179	294187.881094339	401959.055843552	456478.623382021	378916.313518359	448450.860360936
1353407.99321782	1205965.25256338	1121700.49231572	1095299.21691726	967980.86959921	1213960.89610243	981644.09573929	1083314.97417924	1127055.28521092	913976.255130462	1094395.72450311	985612.551499853
904587.824631972	823495.63171676	919316.711185242	759024.518394157	797377.189511738	789373.258632999	694754.41249806	826034.931304709	780552.102309389	704260.400978835	816795.803433345	749746.839496876
246807.455341963	248325.532924189	234655.84364993	184184.238717183	175851.798478121	206075.101289074	205205.586093762	195998.892787494	222986.049979679	191521.760718744	222364.226081241	228175.61765625
294948.872766756	227124.293846845	226251.681253137	306904.044124215	289754.574836716	245650.773270132	282104.012115247	293327.380938278	219548.934941013	278857.51622695	258492.521448044	287082.6354
405187.491987137	470147.734306897	381535.758401694	369255.143303319	392999.744865235	376176.351776253	368564.968469122	370569.035615623	355845.543274803	382325.494700509	391570.620987304	388966.977196874
125403.481488734	132764.756713052	117761.680342954	109748.270182028	110561.768141599	107845.139743934	102434.109795693	116478.116938473	127645.225292574	113445.988180075	122024.693935543	124695.175171875
848827.211357791	802752.720580599	780988.554753834	828250.572187502	838642.935487499	704021.684160351	769442.237771585	792805.713562499	703315.283343751	780221.786437501	707565.2912625	772810.6720125
848827.211357791	802752.720580599	780988.554753834	828250.572187502	838642.935487499	704021.684160351	769442.237771585	792805.713562499	703315.283343751	780221.786437501	707565.2912625	772810.6720125
529419.633152057	483473.084534479	415572.612059471	382824.089226564	345410.984453907	361040.861845485	389486.782284968	352638.539859377	375522.657932814	345464.64619219	408237.953913284	369985.749071962
285344.261735178	262562.362466912	253770.863307712	235429.060730269	212106.096442965	244933.382395687	209882.706692873	248477.972582809	230153.886161714	210235.681341207	229044.708853121	220054.090059375
168044.543087721	163344.110165503	151290.64328234	139892.271556637	141031.343487887	123384.600750379	130970.536447277	144163.791298824	166731.653936714	117039.640935935	155839.278594136	152020.438401563
168044.543087721	163344.110165503	151290.64328234	139892.271556637	141031.343487887	123384.600750379	130970.536447277	144163.791298824	166731.653936714	117039.640935935	155839.278594136	152020.438401563
1528010.05285933	1895272.07124171	1676876.12298165	1455796.17333047	1519464.15793477	1789326.03332226	1609474.64438322	1454964.83104629	1482915.9872291	2245501.34196093	1485435.21621387	2263961.70116015
104694.090788518	121951.772121084	137356.444129397	105696.565424998	105372.740163279	102934.101384953	101702.218206446	121758.298406247	92354.9646421858	109064.348146873	101940.19238906	118847.270282812
1281501.23681927	1344934.90929332	1261522.13713722	942575.064569006	778781.386375787	1119716.98235983	822229.130282205	809887.371098443	1097165.5395422	826427.303289848	961860.276944533	990979.538174997
1281501.23681927	1344934.90929332	1261522.13713722	942575.064569006	778781.386375787	1119716.98235983	822229.130282205	809887.371098443	1097165.5395422	826427.303289848	961860.276944533	990979.538174997
116739.810054765	125854.273270728	141018.210967075	114540.24591475	90672.7388047875	116126.77578046	102733.288109906	108236.369452152	129804.349299028	102765.080446878	114143.775696976	112001.364646875
284123.585405833	239266.334664828	242122.268534188	236149.322062501	200726.923753126	258165.636417912	203310.671244147	207286.627143751	236149.322062501	207407.89678125	236297.888268749	236471.42371875
346415.134879654	282144.93125154	302932.966939465	384971.560050001	351365.484937499	310641.362038197	362671.656348632	375736.953899999	285564.244350001	326044.232456249	300952.636982031	324154.007100001
560184.315412294	537338.05259065	556363.991741513	540550.697684769	675791.464505726	571567.370356443	714699.677974225	580273.799221875	613866.651260163	768198.867936334	618255.92393555	691576.139203125
753326.088732435	717747.311428335	721120.765477143	643122.726262496	635753.982599996	614557.063340061	634016.047248634	602667.282524996	589232.165981247	580516.138949997	595524.458924997	617794.181745131
694104.721741371	698898.366091371	675410.655110815	571858.338975016	513709.531190644	571780.683581313	542011.614220369	527783.764921895	554450.734096893	472227.579140641	536672.754646894	495928.183781249
694104.721741371	698898.366091371	675410.655110815	571858.338975016	513709.531190644	571780.683581313	542011.614220369	527783.764921895	554450.734096893	472227.579140641	536672.754646894	495928.183781249
983567.501416677	996423.628683338	976592.173038291	921654.861806254	924141.090881252	912188.821757814	964534.046514855	781812.223912503	938685.443231254	911521.540050002	910827.518081252	984544.45010625
283929.483822517	323603.834715776	267402.353160911	203800.872386725	207791.378978912	295746.588431194	257859.085739035	189834.099314068	242850.829753133	227391.979952635	262375.808436337	290243.795428124
173519.9199422	204872.053907827	203278.935234361	167305.553649616	167521.850422272	158195.698629608	165221.450367183	153895.153744927	162979.61819649	166548.514945319	157355.902107428	184776.8682375
697771.497369314	666697.025726646	625201.07306253	735128.62371093	740901.958938274	644451.485158616	709001.799478206	717473.298207671	581794.732638275	646330.185239056	617780.06763515	671349.661846873
804489.807064549	826588.234048351	843315.341145948	829117.894275001	1019741.34780871	878082.647594247	1256693.62524169	830351.7745875	1093272.4774125	1132688.9074875	1009963.9221375	1064648.6107125
342381.640057635	338216.631225017	325663.655882832	256199.341703855	239152.3134	282124.115212498	252862.314993738	254560.504274999	257787.558600001	237892.852209374	282178.84509375	280319.602921874
183359.11893105	184021.235945503	192817.933423237	163991.575223435	171486.85604531	175224.538467769	157678.437584762	178335.991968747	163086.972365623	183892.83809531	166963.841756248	179559.271546875
16326.9902171292	14972.0007937501	12017.315352539	14083.7818517056	15829.5263285156	14063.4221513671	9353.8110123047	11182.4901310547	15240.8249361327	16886.310600586	18903.8558220702	17411.6624859375
128134.181070255	133140.369839934	134524.877698053	118700.010741209	120815.121410154	119514.290027347	123236.46493125	102794.378510741	102032.93866992	117261.735486326	121322.747970701	121267.507298438
498069.339413379	408050.621756251	466671.566715232	602013.575725349	527596.276298434	511311.082572125	470012.299272655	585021.030928121	444056.337398435	491430.901283058	446281.485065623	508858.287764061
404570.941213585	394378.919505108	420459.150175184	380527.005375001	421002.769687499	347799.001436138	344794.25844317	354508.5588	398022.499875001	410710.670421091	372425.527031249	445467.991649999
129506.557795311	132325.419438865	146208.8001	122098.931753905	123064.487648436	122096.978617967	111828.768046875	141210.197572741	113057.817468749	105245.592503906	119202.264070311	119123.316210938
182628.568601655	138438.374720504	138028.935	141616.114238671	156152.564957811	136956.472866213	145793.06259375	149112.900144139	145001.22982131	147832.961087108	143261.750169139	138884.5755
490806.414604645	447169.942518721	430424.764429716	403860.275600613	329292.2061	402056.086523463	385973.843062524	322677.828618749	399128.711669956	324733.101412499	403171.867725	353506.920524999
490806.414604645	447169.942518721	430424.764429716	403860.275600613	329292.2061	402056.086523463	385973.843062524	322677.828618749	399128.711669956	324733.101412499	403171.867725	353506.920524999
307021.75796984	304797.838456949	305382.467156255	268445.210343749	333335.248228124	267184.115116144	300812.610759378	226245.64359375	310653.57675	327302.031065624	286577.81521875	346909.986843749
250518.97450723	225125.147348414	224790.131104685	227112.625575006	236763.037429108	198625.171139349	230531.7829775	211280.934227349	211009.805969536	227745.585574811	218131.06671856	223188.624812948
860576.601930798	917995.264834627	1104540.03974531	917382.708618755	920914.919976561	827069.053397169	1186105.31474531	685063.018664063	924507.609196879	793042.54321875	859764.915588511	924612.951074996
860576.601930798	917995.264834627	1104540.03974531	917382.708618755	920914.919976561	827069.053397169	1186105.31474531	685063.018664063	924507.609196879	793042.54321875	859764.915588511	924612.951074996
860576.601930798	917995.264834627	1104540.03974531	917382.708618755	920914.919976561	827069.053397169	1186105.31474531	685063.018664063	924507.609196879	793042.54321875	859764.915588511	924612.951074996
342896.660548584	393762.543577798	444465.928435515	297857.219472656	258942.12764063	352313.53895976	284381.507050795	243818.727023442	305621.936043911	227404.304402348	277938.594269534	252254.33206875
217056.823095939	158687.092508934	169993.74995625	190033.748978907	226361.706785159	209665.730432797	155661.9615375	230902.701510941	178750.065114844	185217.542451563	212601.116707034	199277.001000001
409758.347857079	388691.059607859	368338.616726441	358845.452431639	394041.662125284	332309.61028743	347733.072022003	369708.406985155	346806.909345701	340957.36440029	367072.690037107	359250.159262501
234905.674758666	234421.793634936	293092.14161132	180879.670176559	203111.535992574	182686.408897252	212087.935543928	202204.112898043	209009.786107027	182739.326777806	206589.991188278	214444.729125001
137375.033251757	151000.635495702	158169.380273437	131554.55668372	134672.442712499	110766.663691404	140595.0046875	125013.558501561	127773.239704685	123909.686020311	135293.370983202	138860.87655
152802.03438457	145052.738034962	144343.931428125	144140.453776174	130501.517353715	145052.738034962	134094.658190625	125955.205212894	143126.940093408	114104.98176387	129830.749988676	139205.359528126
686350.940697457	650261.812464366	628652.290196785	573675.366721875	594703.825649999	588750.209121688	661078.098881825	618044.007487499	492482.4543375	561133.709812499	559603.31893125	607132.656692794
365785.384929001	352714.466874983	378280.468158399	300243.359625	277643.6507625	287142.854876349	313192.775285144	247647.158859376	307898.54101875	235640.023884376	335755.11255	274663.212553126
72527.3101362309	83124.9079643574	79716.7193056203	61634.4238125002	93093.6609667971	77731.4876411144	71262.0407812499	73404.8866933596	70622.7772851565	80538.5005605471	83035.2654140627	90740.3319281251
253314.898630627	263589.254678283	256891.438195554	245023.463824212	236472.309382025	226881.191457391	256826.387406408	228250.045495306	229894.49827265	254232.399377337	216245.540220698	254031.036806251
120732.65328223	120650.893020414	119397.235672562	105649.407883591	96458.902965818	92988.6711058619	91871.2808610376	98528.8365058569	114343.128751755	94057.7800593727	95465.3348665993	108570.455709375
273241.269417162	264880.001362622	251961.301940647	221579.923228125	217228.380600001	228123.037035363	271231.658939369	207375.594525	232870.619953125	190397.475675	234768.560400001	235268.21835
266554.961824691	233404.544901735	236481.47937949	233589.7117125	248469.536493751	238187.50559033	239393.566756521	224319.3381	228391.957096875	247065.513337501	209932.655589404	229828.3845
137887.03767479	144361.343749211	215113.066716809	159885.030125391	132361.908215622	139410.921471676	150156.980112303	129460.61046445	124598.976394919	98487.296634374	112601.718126561	119119.449487501
112147.014629587	104363.94105908	85858.7129296874	104564.206986039	117480.012275102	98198.129529198	101158.793188968	110268.687655375	94715.9054531279	108008.421729789	93801.0646188647	106295.479125
198926.364477088	190730.303425378	191041.288472453	198026.223398446	159902.27724024	174424.897678704	137604.486260737	152105.969232427	192646.770873055	135127.708002754	161929.317322271	162205.218243749
121563.686876226	121204.495927007	121038.486679688	103534.390110934	126749.138793744	109578.760757815	118335.4734375	120084.07712812	96887.8385186578	122117.48577187	106132.634489059	117020.63484375
265136.227034733	265614.466982487	232387.203026848	214519.88930625	275412.173540625	214337.145795995	221753.528358398	248132.44665	210472.344225	242404.547869253	218627.487890624	255300.485859374
240236.12491211	298259.143633263	239635.385150423	169565.019048048	158752.470157619	198014.689597873	179788.194622279	137026.320517972	191493.272405273	247374.95031562	141169.446728324	229054.316906251
125273.167413286	122313.079195317	114331.5149625	131617.891968747	107235.147421873	102541.923928129	102058.640475	122574.786741619	111230.981812498	106419.671015623	115634.554406248	118930.395117187
441042.828123127	379986.245912174	342547.741294723	347143.036453124	405941.107275	263980.510219334	430214.316580958	269989.13266875	568975.903649997	758267.351325	457641.15395625	654867.2579625
164336.569679008	156731.232584181	145532.164774215	102044.98551328	81529.7607093737	112973.681864509	80315.7027266559	110510.005456639	98194.2313429671	58956.3741937491	87139.9111816392	75447.1980539061
676833.855881183	655749.690450173	677572.024161841	658995.052134375	541096.004728125	632994.39409008	577828.855902205	554718.944587502	654641.289946874	492275.874551139	608298.268668749	592717.754475002
75492.9255448276	79444.4336780309	83873.9468273476	55154.2587298845	46116.8643858407	71652.951915384	52230.0147606464	50097.9673605481	63552.351866311	39346.083414258	57304.6355191425	47529.1784343749
316503.013119453	302836.487331462	317556.578431623	267361.644515625	231109.218140625	274683.245609167	259604.100234951	232619.73590625	296061.4820625	258584.489109375	278475.603656249	295306.546734374
253889.434347636	272542.795497057	283192.625460955	242020.589540533	203675.661492192	206013.002620626	252087.993271024	300311.386598446	216019.640976568	162940.529193753	252169.866609382	203540.024325001
189211.486607703	159793.433103714	171812.612193751	170701.139116404	168072.078667967	136896.49708711	172802.237476488	155020.671441795	154457.301345701	140466.943959373	146476.224984373	168401.7831375
86473.8136968793	84083.4124453166	80567.7515671877	72375.2068359362	89709.0688731454	80015.5366312537	64013.3336390627	68973.5721146467	68394.5704599592	65535.7497899393	75332.3098248236	69913.2908460935
146088.11899983	158766.688086766	178528.639934315	117434.10305859	91935.9801292941	116442.788872276	98416.3714375569	103290.106115622	119445.405376168	108091.27938984	127425.733926558	116071.7839875
237035.880790959	220086.219466897	232285.626123646	200738.020376949	235812.822493354	177893.018621488	242473.069587905	184360.116909371	264365.450662494	266104.697048432	234363.450505073	254847.574811941
340431.973460998	334004.479837554	334633.691738653	264935.106149999	239852.492549999	295933.209528501	260865.025136709	258374.079562499	291640.009700354	229179.2683125	277388.633671874	278810.4474375
849229.173922913	902293.309379309	1760674.87911564	1355252.9579789	870357.026060149	478840.398093759	1003279.7115	398710.5023731	777587.54550469	811753.55542537	675066.357487501	938744.197462502
849229.173922913	902293.309379309	1760674.87911564	1355252.9579789	870357.026060149	478840.398093759	1003279.7115	398710.5023731	777587.54550469	811753.55542537	675066.357487501	938744.197462502
849229.173922913	902293.309379309	1760674.87911564	1355252.9579789	870357.026060149	478840.398093759	1003279.7115	398710.5023731	777587.54550469	811753.55542537	675066.357487501	938744.197462502
227048.412739239	215062.163672145	203465.156909197	166450.510037107	211878.367787106	197380.373437517	207049.344433612	193541.602289059	238377.951474605	189755.94747656	191175.568031247	215165.55616875
304924.002571303	287317.408833984	285436.904916811	206978.2947375	203323.842150001	273134.816090052	276309.414174005	166858.15306875	313763.274825001	205533.883912501	222109.197131251	245314.635637501
269496.640887924	261093.706551593	238870.626405487	195280.540021871	251321.858081245	233930.245467205	226936.719203922	191083.613118746	246260.857992182	280206.590296869	217376.125776558	299397.914887501
269496.640887924	261093.706551593	238870.626405487	195280.540021871	251321.858081245	233930.245467205	226936.719203922	191083.613118746	246260.857992182	280206.590296869	217376.125776558	299397.914887501
269496.640887924	261093.706551593	238870.626405487	195280.540021871	251321.858081245	233930.245467205	226936.719203922	191083.613118746	246260.857992182	280206.590296869	217376.125776558	299397.914887501
1109921.73966082	1151373.81904505	1093639.52733755	1016087.44111875	1191137.73425625	968920.528050632	1224463.31899807	1019172.63710625	982830.376648218	1264516.06978125	1133925.1774125	1294322.25821249
664384.271609035	665023.158486183	615677.26739065	652354.993125	675896.227875002	608011.246940647	695571.57426803	632936.228925	563849.985599998	673519.3480125	605757.754799999	628616.537999999
72214.6716430098	66902.2932703136	78873.1067437501	92620.8973239246	132117.056078901	72953.4727968756	102847.914365625	88238.3736190423	92514.0065018543	117526.877691181	92620.8973239246	117420.7959375
106617.132915828	101936.646223249	100385.554703034	76115.9117896182	56683.7056274399	67404.4507995104	65036.9953212873	55574.299768065	84869.5482421836	76340.990698239	74399.5304443329	81215.5501781247
275171.013862209	234842.107451674	238057.264499991	278203.487821876	245625.755976564	236204.460318741	249960.127724989	272860.050323439	233470.398424783	253209.989845314	248211.290250001	246498.152999999
108987.925583495	128144.990226708	149201.628314063	109512.521465778	126009.874546873	94865.0744250006	113249.428720313	109341.479749217	89722.22080078	141481.973067187	111813.825389061	166309.894575001
147526.191914063	168342.975082567	149833.2193875	162174.218185546	250726.489702738	135376.976109375	159305.43440625	439157.486070686	437441.356777718	256389.716369535	455289.101424591	254325.381337499
286329.282421908	213298.066652365	242461.64433048	321151.6444125	394300.994175001	236650.738448448	287785.74268205	367937.603672163	225106.2928125	322952.177625	263666.9974125	309655.427193749
286329.282421908	213298.066652365	242461.64433048	321151.6444125	394300.994175001	236650.738448448	287785.74268205	367937.603672163	225106.2928125	322952.177625	263666.9974125	309655.427193749
130698.640947498	162071.205275959	170337.587932634	143557.00775914	132774.806896874	132160.409358409	149115.568078138	143271.960433593	131261.703684374	135139.030666406	139110.926599218	137447.16975
65049.0704885726	35039.2472815425	77059.415232422	38304.9040558594	53907.308322658	30933.0744553584	66798.2398359379	40441.7495208276	33185.7129269525	56489.1612398458	36413.0290734373	43689.968746875
1602508.2851692	1758132.96525419	1689445.80363995	1563607.43088512	1271679.94957266	1501163.48870679	1373230.21334937	1247789.13865547	1294587.80482968	1111412.25525	1414094.88623905	1384785.16336951
120300.230531251	168253.239090201	181645.889326161	133023.692671291	150873.390316349	154076.155422361	190821.640517565	128893.105178322	149921.55059707	144570.562253907	166350.023580466	189175.904259374
120300.230531251	168253.239090201	181645.889326161	133023.692671291	150873.390316349	154076.155422361	190821.640517565	128893.105178322	149921.55059707	144570.562253907	166350.023580466	189175.904259374
76968.1671354513	68106.9536248553	60374.2304021501	69730.0865507846	104652.757996882	61066.7130788102	68320.5748709699	80679.4389843793	84559.7358117234	86826.4438593799	92819.7736125055	104312.9731875
533428.130751921	547370.058694113	570877.368683766	535670.638387494	540858.731737494	428079.623651351	517877.034326933	505839.101624993	446500.283934371	482168.425715619	484762.472390619	516645.860578074
619728.547335517	620984.901901621	533186.817861338	501969.621402029	523992.955096862	494196.029146888	536650.163581651	486064.08724251	554278.123691	578276.445514439	561763.985520105	568482.830025001
483724.385709145	508029.660406713	532379.610172295	436808.91846796	427115.109248429	448071.432703139	444955.146423061	420065.066179679	481459.191236709	396271.170822648	446502.727687491	426196.989075001
302721.068370723	307874.122994255	286463.363426382	219556.532566425	209204.45769609	231876.353526866	224506.843993662	221410.62620273	227127.439300777	219402.016195308	216775.372339449	255258.376931251
444319.843568621	516003.575061993	493055.176549768	387095.665713277	369984.265006637	417474.060802706	382430.226537281	343184.526171091	387041.806284371	350533.147974021	418395.824988275	387860.895778125
91329.5680751991	87778.8794566442	103073.47111875	98216.0406562531	106878.647648441	85920.7183828137	82608.062934375	93197.7028125028	77246.5575234395	82444.1217187523	85670.1960468774	86244.8958937501
336799.995762028	299113.344411615	326776.98069846	315526.12306875	327581.783718751	292379.40378283	331740.858667992	305083.695468749	339513.48915	310324.829512499	342350.971053883	310372.305100574
299608.355275191	332305.035472275	355411.979999992	225473.999819796	169293.841200002	308803.82414063	195754.254609383	194107.849650004	302064.899400015	214195.380300006	233960.651100008	217476.646406251
299608.355275191	332305.035472275	355411.979999992	225473.999819796	169293.841200002	308803.82414063	195754.254609383	194107.849650004	302064.899400015	214195.380300006	233960.651100008	217476.646406251
449150.008338309	424684.953270729	506209.433026236	378291.240853614	329501.810756249	409364.122457859	330615.637507246	342423.450393749	363959.516456249	351447.8892375	381320.921437501	519337.0083
99577.5412886735	96016.3087253922	98401.8404531246	93762.216990238	125953.631686529	89624.3528425796	104658.604875	99764.0061709024	88180.1333466829	132208.491881237	92503.1003789097	132801.99631875
79479.1451286366	79072.8093632837	89458.9051640656	72546.0116165041	75234.5069663088	69171.3980332049	68617.4729238299	57715.9243643556	81695.7636183162	86248.6653348635	98043.3546114261	110059.459640625
126658.748329391	110337.414799215	110090.720798437	124907.185689255	142446.335102929	98016.4938585893	120042.424373437	130990.584359763	110192.006609578	151136.904632227	120719.911279685	135913.649076563
93089.0887362315	77581.2832136713	82865.1218999998	92609.1761694322	95378.5660781247	69552.7190466783	85068.9815249998	97780.184648437	72391.6454765638	81883.7569687506	93663.1242421873	93093.754359375
140565.485663814	128519.523994192	123759.449569325	114789.927965629	124398.17581641	134880.816662099	117294.812540029	107281.495870316	122165.875955683	110335.773332816	120898.482890629	124265.951648437
169074.648649918	132352.700978759	120956.806259187	127653.28212656	172042.131060937	138445.829990927	133331.452907821	162711.990839061	135711.130499997	128360.110931247	133449.278324997	121490.38275
568165.700882291	495525.068056444	537601.754314397	424213.98942291	307181.05254375	524199.498771041	333847.162519914	370465.585875	398725.074825001	275203.006649999	380981.010093749	338711.3928
133313.030238857	130132.372634462	129651.841629481	119005.647440623	90835.2284812498	101552.219052534	103817.579504584	118215.150990233	108801.056899218	95865.6604382808	119070.378392288	106475.6644875
115993.268737503	103431.497715823	101417.559890625	111823.233637502	124469.908870315	89744.7919757833	104250.452625	103087.043509572	94409.4124451534	123887.49619512	107663.143100393	103029.440146875
165128.557023642	129913.33093237	120381.45075	162530.916932227	163981.22255625	145681.408859768	148341.760570009	170555.941385157	140292.897363865	161273.985391406	142033.264112693	151537.469015625
165128.557023642	129913.33093237	120381.45075	162530.916932227	163981.22255625	145681.408859768	148341.760570009	170555.941385157	140292.897363865	161273.985391406	142033.264112693	151537.469015625
328427.019615236	334985.697334277	327824.441806627	304419.958463673	370353.273662117	298208.688432491	317782.972417958	304419.958463673	278338.742008592	302124.811415625	279381.990666795	306522.725025
229154.368942411	201653.333159203	213468.327600001	166666.11821192	125652.084647461	185964.206162116	136753.14736875	149663.937025198	147874.233742386	131766.90419707	131411.148415916	165905.814576562
90736.9129508779	83458.3322815421	92556.467746875	73065.7417133788	76055.280098145	73971.6428698234	65489.9757187501	69155.6252083268	76375.587782227	73457.2288828125	79934.5620498058	87930.644104595
118301.928447659	112079.409982034	94454.472853125	106977.374328518	128386.842310551	102004.856275784	110518.1587125	110755.515737112	107941.503213135	128736.670218754	122159.905544535	137049.918173438
253764.451172414	251899.48181509	281330.416385995	190712.61309375	179560.107065625	206737.472078321	183174.030496856	160435.361934375	200072.74134375	196559.880515626	248621.686706251	261371.516793751
503788.410559079	556609.454717101	558698.881640655	499635.004275002	551233.578271209	545225.833388701	693923.787949259	457501.6252125	683669.2042125	590813.3570625	627171.1021125	627171.1021125
244810.47087044	202120.351505296	189980.46165528	150783.1578	163481.352323198	190282.077788093	167283.847661134	159330.67363125	203835.842409374	136693.52874375	177204.023803125	163683.970725
531633.812067278	517374.523411023	484391.396878072	498389.535393749	610767.408497247	398888.730834072	507104.37708041	485523.918000001	422492.651831249	527007.712481251	444884.175450001	499068.786562501
512200.920613346	458804.887074304	398202.697019511	403907.892085361	483604.187968946	405684.119365703	423952.978839822	422323.346658985	436358.579881641	570459.049623629	439458.511258594	514336.596984373
96986.1018328087	89461.3180699185	87761.9686453124	97792.2042023448	113031.333537892	86475.2927671843	95393.4441796873	107795.804441017	90593.3516941415	114901.165358205	89751.9273750009	109121.55890625
372642.792747109	372774.857528945	377962.254817363	266075.352752351	203640.208586722	332244.992958394	216745.867374621	225369.52346134	322097.584823435	243085.667885162	276844.205137505	277882.366987501
368844.424036256	316878.78407107	347082.385321292	355861.347161708	350355.146357508	319298.853666505	328613.836031252	381590.343729872	327308.063845884	326144.11453915	327913.030894765	329187.13905
539016.093631577	437731.31433278	443259.948076162	476132.575604324	369869.467391028	458647.056269521	324797.753671868	509570.580698469	391463.182218057	526392.153813315	393665.839114469	533549.250093752
539016.093631577	437731.31433278	443259.948076162	476132.575604324	369869.467391028	458647.056269521	324797.753671868	509570.580698469	391463.182218057	526392.153813315	393665.839114469	533549.250093752
188893.881547881	160611.218471674	176579.362729677	153771.699275391	141806.754374999	169230.240557805	145111.757793751	154746.620711719	152265.002510156	126578.416969151	173447.386444924	145590.708656251
201624.57008205	203240.287851581	206588.170761352	208264.690631251	235875.24015	179228.469466419	225981.592150188	205050.634903125	180951.288581251	219792.8374125	198320.495175	224028.7075125
317957.980447889	266201.527798806	273638.977463678	281140.793419929	326521.075830477	265288.299107526	273680.11381026	314407.613991805	252574.719233209	271558.502711725	292531.063507039	293412.449650936
168735.854615627	168252.999672658	177515.035396879	145228.17024375	161953.886479685	163819.513378126	148851.010146091	175421.913773704	142168.588005469	143494.406975391	151143.362571093	151560.820869667
163576.802225989	178310.690933218	193787.540022678	154772.307421875	184360.488674999	159022.702130288	188097.052246016	175828.231115625	144948.252487501	194841.929184375	154742.053331251	172370.894850001
746462.612144346	740528.036144495	718035.125027338	689936.879775002	735386.3488125	693068.031175771	745468.104691406	591421.825500002	707403.636225002	719822.616562501	712040.750437501	785968.478625
746462.612144346	740528.036144495	718035.125027338	689936.879775002	735386.3488125	693068.031175771	745468.104691406	591421.825500002	707403.636225002	719822.616562501	712040.750437501	785968.478625
151434.879039389	145111.695838169	139469.338036236	145103.104948828	137426.264075976	122275.66579014	148266.767002155	148346.840528907	120234.465501561	145211.229468164	130614.419357811	135780.922148438
440823.724171926	398454.933937545	399526.851261893	433863.1478189	469801.194843751	366144.506288067	430979.580919313	410593.359000001	359111.07478125	437586.255768751	373844.320781251	458260.780312501
218034.687930443	227451.024303058	254877.162851939	170463.006656256	152680.487025005	170965.624487102	165562.647641009	157550.858643755	185413.914881256	163780.403737505	177598.667400006	186822.990028126
239600.647089666	175035.332663229	168509.736391984	209487.507758198	238218.048105461	182614.851930269	203489.543793154	209631.882332807	217716.858510932	253088.629290225	193317.555401949	227442.20833125
109183.420699802	102618.308032973	103520.9855625	95380.9411371115	88935.4838625019	75050.7505751939	88800.1114687497	111110.222192581	83317.8834855485	83909.2098410173	89645.0754890644	104770.457085937
263680.54585572	368096.820261322	369850.425140617	294882.010860936	300684.698015624	910387.770703094	304785.744656245	549145.21163906	277210.190889843	279320.258946093	257164.544355468	351409.876125
375821.305844574	369413.951310978	415904.967353945	415854.650320302	346276.307931344	342052.683431278	332776.977914675	452337.604305455	350287.383367963	330387.590285153	391107.47174296	338396.288999999
43240.1752873553	38614.215443983	36240.9000679688	43196.9336648432	42701.1942070308	41062.4618588393	37866.0457054688	35377.770398438	34701.7620468755	38171.9382515626	43850.4084046869	42146.4212812499
16926.5193573642	18657.5072536317	15740.3699191406	17695.0563796875	22245.5528173829	19107.2866875	17862.6944074219	20701.7981542968	18454.1743546875	25842.113588672	17152.9184707031	20583.5021648437
1824876.94306776	1819267.2800223	1544950.73478271	1410123.2508	1152358.7856	1709337.47809675	1248200.6397093	1667887.716	1266078.4026	1255118.4921	1334092.75395	1526927.5923
1933118.96434969	1855419.25184446	1762606.18850506	1608875.06680314	1575050.48894534	1670021.09809144	1531053.7365235	1457576.47798127	1795467.89789705	1529092.90101564	1536950.0040488	1618609.91325
1933118.96434969	1855419.25184446	1762606.18850506	1608875.06680314	1575050.48894534	1670021.09809144	1531053.7365235	1457576.47798127	1795467.89789705	1529092.90101564	1536950.0040488	1618609.91325
1933118.96434969	1855419.25184446	1762606.18850506	1608875.06680314	1575050.48894534	1670021.09809144	1531053.7365235	1457576.47798127	1795467.89789705	1529092.90101564	1536950.0040488	1618609.91325
343798.989106893	295649.907955934	314056.907961337	263665.478999999	291918.76456875	277329.67051177	291619.653058594	250918.938084375	275888.381999999	272238.84785625	297126.281420223	285358.79233125
579174.319214594	570372.904889596	558844.354121458	605665.545375001	647941.823100002	464739.059657823	629301.290913241	534640.520700001	528849.427425	669185.817300002	623157.163200002	683348.480100002
268841.315080096	281274.412218172	282391.892999654	270024.260962501	247106.391062409	245797.094135721	280155.827724592	253277.91369375	282439.1695125	245508.6525375	280052.038406251	261047.17485
267002.531844699	245353.133614716	229558.716646887	234163.416916715	225006.069234375	207946.318387508	214858.797304244	203703.719484375	220543.6464	211692.100640625	201040.925765625	215686.29121875
44966.9143764063	52572.6373186561	54123.3571783865	48089.8409062507	86726.1233437497	40764.756356544	66333.1834204171	47884.3287656257	58314.069902345	92377.7072109367	56721.3508125011	73286.4825000003
304978.534910088	293436.137413999	278888.847290645	248166.170999999	239017.059600001	279742.414462519	242014.745465645	229940.462400001	274533.82666875	278383.631638387	267759.617400001	273810.682200001
478878.621378451	433751.372323183	458907.485727571	424619.532975	453327.472668434	411521.725151394	411958.863164089	430533.338606248	388063.2009375	404752.899168749	390650.28894375	435689.426493748
427799.347980423	419383.834017056	303786.062726953	333477.5334	426344.694599999	356185.311616407	574286.04926598	360831.869887499	632046.789412499	932572.508793743	564117.430387497	627644.168043746
788913.795656138	728822.554788183	615987.006112534	609160.310549999	561454.985024999	601406.818246684	615987.006112534	574399.4631375	530364.399262499	495498.437981251	526804.906649999	571243.42213125
143953.214431642	164780.488008984	237757.146928124	146312.432278508	108648.471744139	76877.1421751967	126770.926889063	70893.9290554699	76919.2720312507	115571.206226951	102238.532408202	140752.841315626
411308.209763038	398240.369748591	446777.767959951	386454.918093749	328242.088659378	346558.648895501	342506.242836907	355636.361334376	343162.183598439	343406.775318752	357103.911656251	406145.974162498
435992.49831318	572405.795181851	546137.825610258	350648.95078124	388051.505531236	365745.724839218	323757.908280445	352051.546584365	334752.865012492	348077.525142178	328908.715832805	347794.675260483
81786.8445007283	87602.7978874464	83531.6305167437	87165.0544101554	85442.6311792962	86536.5397665481	86391.8056779406	72602.7489128914	76726.1257382815	95724.975921092	79544.6364796875	80938.5105374998
469096.403421731	427687.047813903	443398.204379917	443624.956706254	451821.260756254	390896.327443388	445780.642493003	430647.475293753	458993.026800005	439185.292012504	494510.371134036	435806.34260625
236306.244365018	249380.212750172	232553.494713002	169515.7608375	123240.998770312	208854.093299426	118696.668548559	119535.217003125	169420.740792187	110232.311799514	142340.027878125	128803.321040625
236306.244365018	249380.212750172	232553.494713002	169515.7608375	123240.998770312	208854.093299426	118696.668548559	119535.217003125	169420.740792187	110232.311799514	142340.027878125	128803.321040625
153562.051854481	114953.823316406	108161.097393164	87297.9511464857	97689.2757714861	117043.89283125	104677.648201758	71602.7212441414	153813.253042972	106078.105546877	133950.668994144	106294.55615625
419689.415474941	432744.822520248	427639.559582845	347952.0276375	315029.8998	329131.599560179	342089.891680135	286276.737862499	364423.1295375	288100.156575	361909.349175	368330.579925
81005.8555090495	78101.4963697934	74283.394277496	68054.6236186517	72774.1396700212	72630.7757299127	61930.9753524938	63745.3733200187	61643.3000036126	72941.9440792968	75254.2247273439	84656.5198875002
270831.556878233	271931.454902646	244943.471804904	217636.076212499	243442.012893749	251377.273384886	231206.302045916	211262.896246874	256908.168000001	267226.577371874	244841.104921874	289612.049821874
124803.552225002	130414.611112502	120098.914546875	125437.647939599	123768.109555661	102699.380850002	123344.83115625	127351.967273434	104098.564872069	117267.158346677	110432.825024412	134105.287078125
297336.319754578	266884.120938639	275424.852978514	228507.154540168	342718.986328126	242185.947480473	283059.230566401	252158.548537501	278373.14505	332314.908337502	247148.776050001	340664.529150002
145580.411993987	151426.765987789	141791.801939634	141318.096562504	162980.733552357	135738.46162528	158002.442103498	140830.792781254	149967.738679692	146312.960320316	146678.438156254	149352.371437499
162287.403938083	145141.104835544	146328.93	147919.125041013	153038.974365232	145141.104835544	163705.4904375	156378.006533201	136789.01781445	134674.297441403	146806.114318357	162336.928359375
104196.214417963	119864.818089835	141194.336636705	122576.197734369	78043.2513093721	103288.516541802	97954.0448906204	93526.5604968709	97213.0626843706	76974.1656749972	95185.4864812458	94512.4098439812
316082.732773301	309709.002262667	321914.226356217	304976.676262499	285029.496675	277877.532725952	298330.278481612	295410.10785	256507.374750001	286348.4481	294924.642880284	299836.323187501
489373.481038556	474131.804705179	481596.29099995	403397.093550001	420865.879499999	451741.236374954	408573.76394996	343097.184374999	466087.182412501	446026.339687499	443739.025124999	560930.428661348
852389.107172706	680381.0207597	717551.296874771	1081003.02808797	1977551.935425	690131.631369708	1844860.43064116	872195.49181875	736760.369812501	2438724.67348124	1200297.97738125	2249237.00780623
470273.41024508	578791.804402186	653549.529716026	419603.895974999	449743.764112499	578349.10586834	606115.416212101	435420.714299999	419719.05628125	509900.573324999	541411.282912499	647401.851525001
455288.79412487	497120.264540464	464282.562500389	364682.574506249	329966.700112501	408827.570494917	393803.471660151	283823.8722	414313.930799998	280253.7606	374456.592262501	374861.717999999
455288.79412487	497120.264540464	464282.562500389	364682.574506249	329966.700112501	408827.570494917	393803.471660151	283823.8722	414313.930799998	280253.7606	374456.592262501	374861.717999999
280075.113914063	264316.8482034	276737.014279697	267855.21345	287467.876162499	240727.719065639	276854.499745322	266521.061193751	243504.7395	241871.714493751	231044.585268749	267420.295773658
105529.377499217	103020.506711717	92601.4641750002	92142.632194338	131251.134003519	115800.067285545	110036.788434375	113489.703544339	91809.5308829113	143592.409627738	89974.5702603536	113788.045999435
28631.1479179685	29227.79562523	23266.8129375001	27098.4996562512	33898.4030214864	22885.57296416	29083.5161718751	26340.3096944472	23635.3518457039	31572.7855136736	26378.0637978526	25842.0376757813
662365.326072687	948868.865690672	852829.192694511	678434.803200001	718075.412999998	904088.942289816	768504.948131244	694911.689999998	719891.941312501	1009938.3228	736606.391399998	1074796.7472
277305.832582333	256449.722103245	271786.122775714	259900.263562499	297631.850175	228174.947027937	280634.688430078	245869.789275	257012.482856249	294396.72136875	241017.096065625	278221.0773375
148534.476911134	143515.926436525	135961.456021867	120123.145982808	123687.150314057	125750.911893743	115426.967610871	122067.148345308	137943.167639057	144180.175218746	161595.19638281	149833.413675001
148534.476911134	143515.926436525	135961.456021867	120123.145982808	123687.150314057	125750.911893743	115426.967610871	122067.148345308	137943.167639057	144180.175218746	161595.19638281	149833.413675001
275983.324485653	260467.645662595	279246.086367195	237920.575938063	226275.816318754	252390.663196303	225723.919813488	227796.487127348	216999.724386332	219432.797680082	229925.42625938	252759.963637499
625470.406497572	639813.334098557	660224.98575	516797.745750001	685077.092493752	580753.459687478	621844.054475212	513161.373777744	607275.056849999	702118.811212502	627135.248850001	732793.904906252
625470.406497572	639813.334098557	660224.98575	516797.745750001	685077.092493752	580753.459687478	621844.054475212	513161.373777744	607275.056849999	702118.811212502	627135.248850001	732793.904906252
137089.228496921	161058.40582342	172545.839786704	87725.4729398464	116349.512232426	117512.735796967	136232.891385929	68883.0298084	136736.417915629	186931.450847746	131845.619835063	179840.695546874
137089.228496921	161058.40582342	172545.839786704	87725.4729398464	116349.512232426	117512.735796967	136232.891385929	68883.0298084	136736.417915629	186931.450847746	131845.619835063	179840.695546874
528804.561759443	503507.623852216	542433.76652695	532818.235331251	619012.482412498	439822.266288279	565647.178993356	553630.601700001	479815.374225001	589322.015699999	515839.797	573871.774162499
528804.561759443	503507.623852216	542433.76652695	532818.235331251	619012.482412498	439822.266288279	565647.178993356	553630.601700001	479815.374225001	589322.015699999	515839.797	573871.774162499
528804.561759443	503507.623852216	542433.76652695	532818.235331251	619012.482412498	439822.266288279	565647.178993356	553630.601700001	479815.374225001	589322.015699999	515839.797	573871.774162499
177466.645358625	152861.887704331	112316.98381829	113031.058593754	104883.642187503	145190.416252142	128429.00808954	105400.027734378	179128.408593745	112916.306250004	143383.053515627	129767.387974812
366840.30832324	366183.814311876	409552.84453362	390321.149859317	345167.500837501	362062.436935559	391830.476683615	353951.132493749	306595.542	307018.385643749	337669.4145	330484.759068749
498511.852091721	496770.782146408	442673.51132809	416886.618134733	362179.011643062	438373.254360903	410927.496658565	400222.623845191	421347.343183559	382124.825075669	404995.44454991	408828.781762501
37410.7682539345	47419.0892468273	48805.8406171875	39641.9786425775	61553.181383202	40149.3525952152	45621.215784375	48939.824542382	38308.5666336908	45047.703002929	32290.1935124995	42250.1899875
389273.808818614	343904.110036556	352302.080418741	404360.564643748	366939.309	353975.724506241	375105.481110927	347772.443640166	419998.818524998	426566.9467125	326645.064281249	369446.831324999
389273.808818614	343904.110036556	352302.080418741	404360.564643748	366939.309	353975.724506241	375105.481110927	347772.443640166	419998.818524998	426566.9467125	326645.064281249	369446.831324999
339836.283251934	332073.525512681	343874.044535718	393641.841140613	428479.829868737	301989.402702534	405565.922140965	388155.543703114	319028.195990617	427382.570381237	333292.569328116	405630.548400001
201538.303093318	218293.670918501	208359.166891981	234441.160361709	222814.848441788	180629.516860876	209095.67861659	213787.35918632	170564.834872262	209410.394698821	198604.763620306	222320.795400001
154105.155774016	139771.198957609	135317.232711184	155788.918905465	166839.48215859	131069.60657227	152744.635955412	157350.411539059	136570.548030466	139453.303661716	132126.299765622	151777.249284375
86269.9995931707	78445.3953550835	53984.7029326205	66510.9497314441	139380.995144533	75095.3450768557	105401.335597839	86302.0128222658	141327.657087892	702485.406626866	135747.226183596	274014.044184374
203599.206968104	194027.663839446	196382.74115625	182776.594120313	203635.335157032	160958.629592577	197400.2683125	193832.940826836	152313.828433594	195381.876473438	173022.506585157	214358.936034376
68566.380248436	79704.1366140058	68143.1040984377	53247.3724346383	65002.4266031206	65098.805674803	59174.4221062499	58724.3702976527	57380.9179195279	79212.0190640561	75595.0318921816	94601.2142882809
248380.712662469	269503.782487468	235561.123372524	204034.437750004	185313.192796878	258561.638059601	203083.083360373	191960.591367191	228860.436492193	180293.728570315	213395.060226567	223569.586001665
494900.039490407	386998.978516908	336011.462294483	359427.234890632	301442.28870938	346002.565334783	312206.71482775	370944.792693758	397157.165625009	316931.418168756	353867.034571882	326203.48963125
262593.425112203	245081.276504794	257255.058863066	221899.688226555	215200.829714056	240043.308788361	209546.996684165	232227.095099992	208083.292544525	230412.820919523	219044.44668469	235376.709871875
713712.67202965	561264.797929686	524094.254526517	480023.33465625	604653.346648698	635915.424194508	1037700.45451881	519297.879374999	718581.775312499	727017.031125	692397.1725	637005.3987
713712.67202965	561264.797929686	524094.254526517	480023.33465625	604653.346648698	635915.424194508	1037700.45451881	519297.879374999	718581.775312499	727017.031125	692397.1725	637005.3987
272741.216518366	213963.779274592	214481.706495101	347887.627621874	425527.784859373	240680.309396462	301934.253295863	430533.102449999	227672.711475	380146.518674999	271864.297031249	312420.066426632
