0
0
0
0
0
0
0
794.639201033198
-794.639201033198
408.056424941021
591.943575058979
401.414407377004
0
596.378841490725
547.98790534206
0
1000
-1000
999.941265178989
0
0.058734821011025
0
-1000
-401.045217073506
0
1000
-208.253971337192
0
-35.6476353637059
0.687286071199804
0
0
0
0
0
0.032346235155104
0
0
0
35.246098825053
0
0
0
0
0
0
0
0
0
0
0
0
0
0
0
0
0
0
0
0
0
999.6563569644
0
0
0
0
0
0
35.6476353637061
0
0
0
1000
1000
1000
0
0
0
0
35.647635363706
0
-999.3127139288
-0.687286071199765
0
0
0
0
0
0
0
0
0
0
0
0
1000
1000
0
0
0
0
0
0
0
0
0
0
0
0
0
0
0
0
0
0
0
12.53239774374
0
0
0
0
0
0
0
1000
0
1000
0
0
0
0
1000
0
0
1000
204.939188259489
0
0
0
0
0
1000
0
0
0
0
-14.7044225313271
0
0
0
0
1000
0
0
0
-210.871866216541
0
0
596.370450802009
1000
1000
403.621158509275
0
210.871866216541
0
-1000
403.621158509275
1000
1000
-403.621158509275
0
0
1000
0
0
0
0
0
-95.4788741250084
-1000
0
249.676946553522
0
0
0
-337.153327852885
0
0
0
0
0
0
0
586.834469750765
750.323053446478
0
333.201951229473
0
0
1000
0
0
0
0.00718458144444867
0.00718458144439798
0
0
0
333.201951229473
-337.164707778687
0
-999.995804655642
0
999.992815418556
0
0
0
0
0
0
0
0
333.665304670453
999.992815418555
0
0
-3.96275654921408
665.167921038383
0
0
333.665304670453
0
0
0.47174412969514
0.695030161468918
0
-666.798048770527
0
0
0
3.96275654921408
0
0
0
0
0
0
0
0
0
0
0
0
500
0
1000
-1000
1000
-1000
1000
-1000
333.201951229473
1000
1000
-0.971195753917186
-16.2363713961672
-2.64460104452917
0
335.527109123085
0
-1000
-1000
1000
0
0
-1000
0
0.180399807391005
0
-0.180399807391041
0
0.00179093914266148
0
0
0
0
0
0
0
0
436.39030172972
750.323053446478
0
0
0
0
0
0
0
-1000
0
1000
0
0
0
1000
0
-0.180399807391041
0
-0.695030161468935
0
0
0.695030161468935
2.64460104452918
0
0
1000
0
0
0
0
-330.575909485972
0
0
0
-1000
0.695030161468935
0
1000
-0.971195753917186
0
0
333.205543520195
0
0
0
0
0
0
0
0
0
0
0
0
0
0
0
0
2.31676720489639
0
9.75298254046272
0
0
0
0
0
0
0
0
1000
269.760425358674
1000
999.834590630898
1000
-1000
-1000
0.163618429959229
0
-1000
0
1000
0
1000
1000
0
-1000
0
0
0
0
1000
0
0
1000
333.201951229473
1000
1000
0
0
1000
-1000
0
0
0
0
0
0
0.971195753917152
-1000
1000
-1000
-1000
-1000
0
-1000
1000
1000
-1000
-1000
-1000
1000
1000
1000
0.00839068871584914
0
-1000
-1000
1000
1000
1000
-1000
-15.7730179551879
1000
0
0
0
-1000
1000
2.32935323797017
0
0
-333.194766648029
750.323053446478
0
0
1000
0
0
0
-175.102858424493
145.543095501759
0
0
0
0
0
0
0
0
0
0
0
0
0
0
0
0.0035922907221989
0
1000
-598.64322165725
-401.35677834275
0
0
401.35677834275
0
0
0
0
0
0
0
0
0
1000
0
0
0
0
0
0
0
0
0
0
1000
0
0
0
0
0
0
-1000
1000
0
0
0
0
0
0
0
0
0.255916005833752
0
0
1000
1000
0.104883608948285
0.104883608948285
0
452.685701598677
0
0
0
0
0
0
0
0
0
0
0
0
0
0
0
0
0
0
0
0
0
0
0
0
0
0
0
0
0
0
0
0
0
0
0
0
0
0
0
0
0
0
0
0
0
0
0
0
0
0
0
0.163618429959286
0
0
134.0141314827
-1000
1000
1000
1000
1000
0
0
1000
0
0
0
0
0
0
0
0
0
0
0
0
0
0
0
0
0
0
0
0
0
0
0
0
0
999.836381570041
0
0
0.163618429959286
0
0
0
0
0
0
0
0
0
706.801342431285
0
0
0
0
0
0
0
0
0
0
0
0
0
0
0
0
0
0
0
0
0
0
0
0
0
0
0
0
0
0
0
0
0
0
0
0
0
0
0
0
0
0
0
0
0
0
0.0107768721665967
0.0107768721665967
0
0.0107768721665967
0
0
0
0
0
0
0
0
0
0
0
0
0
0
0
0
0
0
0
0
0
1000
0
0.00419534435793036
500
0
0
0
0.759357328785395
0.759357328785395
0
582.367797513779
0
0
0
0
0
0
0
0
0
0
0
0
0
0
0
0
0
0
0
0
0
0
0
0
-1000
0
0
0
-1000
0
0
-1000
0
0
0
0
2.18157906612379
0
0
2.18157906612379
0
0
0
0
0
0
0
0
0
0
2.18157906612379
0
2.18157906612379
0
0
0
13.0141360774299
37.0972348684035
23.7125895788047
17.3676193204136
25.7503902457333
8.47539822836185
19.8222428510321
36.2635891410236
33.3921427467153
10.5595125468115
20.4706339723275
42.1917365357248
33.2995154436731
10.2816306376849
17.0434237597659
23.6199622757625
30.6133236554491
24.7778035637901
4.53873784906809
30.8912055645757
0
0
0
0
0
0
0
0
0
0
0
0
0
0
0
0
0
0
0
0
0
0
0
0
0
0
0
0
0
0
0
0
0
0
0
0
0
0
0
0
0
0
0
0
0
0
0
0
0
0
0
0
0
0
0
0
0
0
0
0
0
0
0
0
0
0
0
0
0
0
0
0
0
0
0
0
0
0
0
0
0
0
0
0
0
0
0
0
0
0
0
0
0
0
-1000
0
0
0
0
1000
1000
64.817644808463
64.817644808463
0
0
0
0
764.889131595155
0
0
145.543095501759
-940.143022416533
-765.04016399204
204.942780550211
0
1000
0
-205.060250192233
1000
-1000
764.897522283871
-1000
0
-764.889131595155
-1000
0
1000
1000
-1000
0
795.057219449789
0
0
0
204.942780550211
0
0
0
0
0
0
0
0
0
0
0
-999.996407709278
398.012411456492
1000
1000
0
152.752767266055
0
0.0161601020314571
0
0
0
0
0
1.94239150783426
0
194.183087773863
0
0
0
0
-0.00965693822274716
0
0
0
138.164920489141
-0.00965693822274716
158.809005813472
396.994515923186
0
-0.00965693822274716
0.00965693822274716
-0.00965693822274716
0
0
-0.603558638919935
0
-1000
-3.73964932674801
0.00965693822274716
-0.00965693822274716
-0.00965693822274716
0.00965693822274716
-0.00965693822274716
0.00965693822274716
-0.0193138764454943
0
-0.00965693822274716
-0.00965693822274716
-0.00965693822274716
-0.00965693822274716
-0.00965693822274716
0
-0.00965693822274716
-45.3001464155725
-0.00965693822274716
-0.202795702677122
0
-0.277636973903213
-0.509988614667805
-0.142439838785094
0.00965693822274716
48.3859457294373
0
0.00965693822274716
0.00965693822274716
0.00965693822274716
0.00965693822274716
0
0
-3.1336764532723
0
-0.704956490258496
0.111054789561308
0
0
0.00965693822274716
0.00965693822274716
-0.00965693822274716
0
0
0
0
0
0
0
0
0
0
0
0
0
0
0
0
0
0
0
0
0
0
0
0
0
0
0
0
0
0
0
0
0
0
0
0
0.169581542317019
0
0
0
0
0
0
0
0
0
0
0
0
0
0
0
0
0
0
0
0
0
0
0
0
0
0
0
0
0
0
0
0
0
0
0
0
0
0
0
1000
0
0
0
0
0
0
3.46625569853671
0
0
0
0
0
0
0
0
0
0
0
0
0
0
0
0
0
0
0
0
0
0
0
0
0
0
0
0
0
0
0
0
0
0
0
0
0
0
0
0
0
0
0
0
0
0
0
0
0
0
0
0
0
0
0
0
0
0
0
0
0
0
3.46625569853671
3.46625569853671
3.46625569853671
3.46625569853671
0
0
0
0
0
0
0
0
0
0
0
0
0
0
0
0
0
0
0
0
0
0
0
0
0
0
0
0
0.00965693822271906
102.487671827801
138.174577427364
0
0.00965693822271906
0
0
0
0.00965693822271906
0.00965693822271906
0
0.00965693822271906
0
0
0
0
0
0
0
0
0
0
0
0
0
0
0
0
0
0
0
0
0
0
0
0
0
0
0
0
0
0
0
0
0
0
0
0
0
0
0
0
0
0
0
0
0
0
0
0
0
0
0
0
0
0
0
0
0
0
0
0
0
0
0
0
0
0
0
0
0
0
0
0
0
0
0
0
0
0
0
0
0
0
0
0
0
0
0
0
0
0
0
0
0.0700128021147132
0
0
0
0
0
0
0
0
0
0
0
0
0.10139785133855
0
-0.0917409131158138
0
0
0
0
0
0
0
0
0
0
0
0
0
0
0
0
0
0
0
0
0
0
0
0
0
0
0
0
0
0
0
0
0
0
0
0
0
0
0
0
0
0
0
0
0
0
0
0
0
0
0
0
0
0
0
0
0
0
0
0
0
0
0
0
0
0
0
0
0
0
0
0
0
0
0
0
0
0
0
0
0
0
0
0
0
0
0
0
0
0
-1000
0
0
0
0
0
0
0
0
0
0
0
0
0
0
0
0
0
0
0
1000
0
0
0
0
0
0
0
0
0
0
0
0
0
0
0
0
0
0
0
0
0
0
0
0
0
0
0
0
0
0
0
0
0
0
0
0
0
0
0
0
0
0
0
0
0
0
0
0
0
0
0
0
0
0
0
0
0
0
0
0
0
0
0
0
0
0
0
0
0
0
0
0
0
0
0
0
0
0
0
1000
1000
0
0
0
0
0
0
0
0
0
0
0
0
0
0
0
0
0
0
0
0
0
0
-1000
0
-1000
0
0
0
0
0
0
0
0
0
0
0
1000
1000
0
0
0
0
0
0
0
0
0
0
0
0
0
0
0
0
0
0
0
0
0
0
0
0
0
0
0
0
0
0
0
0
0
0
0
0
0
0
0
0
0
0
0
0
0
0
0
0
0
0
0
0
0
0
0
0
0
0
0
0
0
0
0
0
0
0
0
0
0
0
0
0
0
0
0
0
0
0
0
0
0
0
0
0
-1000
49.7694930473576
-93.6571213303419
0
0.00965693822274716
0
1000
0
102.478014889578
0
0
759.007000610708
0
-193.814143770679
0
0
0
0.169581542317019
3.72999238852526
0
1000
1000
0
0
0
0
0
0
0
0
0
0
0
0
0
387.283177077994
-0.0603558638920276
0
0.229937406209046
0
-0.671157206478938
0
0
0
0
0
0
0
0.671157206478938
0
0
0
0
0
194.183087773863
1000
-1000
-100.525966443521
-100.525966443521
0
214.442143442805
1000
-204.960742003822
0
0
0.00965693822274716
-0.00965693822274716
0
0
240.992999389292
-240.992999389292
-1000
0
-102.478014889578
-102.478014889578
0
0
1000
0
-240.992999389292
-759.007000610708
0
0
-603.005484076814
-396.994515923186
1000
0
0
0
0
0
1000
0
-1000
0
0
0
1000
-1000
-1000
0
0
0
1000
0
0
0
1000
0
0
0
0
0
0
0
0
0
0
0
0
0
0
0
0
0
0
0
387.283177077994
-387.283177077995
999.770062593791
0.229937406209046
-1000
0
1000
-0.229937406209046
1000
0
0
0
0
0
0
0
0
0
-1000
0
1000
0
-1000
0
1000
0
1000
0
1000
0
0
0
0
0
0
0
0
0
1000
-794.639201033198
93.6571213303416
-93.6571213303416
-93.6571213303419
93.6571213303419
0
0
0
0
0
0
0
0
0
0
0
0
0
0
0
0
0
0
0
0
0
0
0
0
0
0
0
0
0
0
0.169581542317019
-0.169581542317019
0
0
0
0
0
0
0
0
0
0
0
0
0
0
0
0
0
0
0
0
0
0
0
0
0
0
0
0
0
0
0
0
0
0
0
0
0.169581542317019
-0.169581542317019
0
0
0
0
0
0
0.671157206478938
0.671157206478938
0
0
0
0
0
0
0
0
0
0
0
0
0
0
0
0
-0.671157206478938
-0.671157206478938
0
0
0
0
0
0
0
0
0
0
0
0
0
0
0
0
0
0
0
0
0
0
0
0
0
0
0
0
0
0
0
0
0
0
0
0
0
0
0
0
0
0
0
0
0
0
0.0035922907221989
0
0
0
0
0
0
0
0
10.9770616779735
0
0
0
0
0
0
0
0
0
0
0
0
0
0
0
0
0
0
0
0
0
0
0
0
0
0
0
0
0
0
0
0
0
0
0
0
0
0
0
0
0
0
0
0
0
0
0
0
0
0
0
0
0
0
0
0
0
0
0
0
0
0
0
0
0
0
0
0
240.992999389292
240.992999389292
240.992999389292
0
0
0
0
0
0
0
0
0
0
1.9423915078343
1.9423915078343
1.9423915078343
0
0
0
0
0
0
0
0
0
0
0
0
0
0
0
0
0
0
0
0
0
0
0
0
0
0
0
0
0
0
0
0
0
0
0
0
0
0
0
0
0
0
0
0
0
0
0
0
0
0
0
0
0
0
0
0
0
0
0
0
0
0
0
0
0
0
0
0
0
0
0
0
0
0
0
0
0
102.478014889578
102.478014889578
102.478014889578
102.478014889578
-102.478014889578
0
0
0
0
0
0
0
0
0
0
0
0
0
0
0
0
0
0
0
0
0
0
0
0
0
0
0
0
0
0
0
0
0
0
0
0
0
0
0
0
0
0
0
0
0
0
0
0
0
0
0
0
0
0
0
0
0
0
0
0
0
0
0
0
0
0
0
0
0
0
0
0
0
0
0
0
0
0
0
0
0.0035922907221989
0.0035922907221989
0.0035922907221989
0.0035922907221989
0.0035922907221989
0
0
0
0
0
0
0
0
0
0
0
0
0
0
0
0
0
0
0
0
0
0
0
0
0
0
0.224916499067058
0.224916499067058
0
0
0
0
0
0
0
0
0
0
0
0
0
0
0
0.00896510815018334
0
0.215951390916874
0
0
14.7044225313271
14.7044225313271
-14.7044225313271
4.8930921654239
-2.44474993735082
2.44474993735085
2.44474993735085
2.44474993735085
0
0
0
0
0
0
0
0
0
0
0
0
0
0
0
0
0
0
0
0
2.44474993735085
0
2.4375861807802
2.44474993735085
2.44474993735085
2.44474993735085
2.44474993735085
2.44474993735085
2.44474993735085
2.44474993735085
2.44474993735085
2.44474993735085
2.44474993735085
2.44474993735085
2.44474993735085
2.44474993735085
2.44474993735085
2.44474993735085
2.44474993735085
14.7044225313271
14.7044225313271
4.8930921654239
4.8930921654239
0
0
0
0
0
0
0
0
0
0
0
0
0
0
0
0
0
0
0
0
0
0
0
0
0
0
0
0
0
0
0
0
0
0
0
0
0
0
0
0
0
0
0
0
0
0
0
0
0
0
0
0
0
0
0
0
0
0
0
0
0
0
0
0
0
0
0
0
0
0
0
0
0
0
0
0
0
0
0
0
0
0
0
0
0
0
0
0
0
0
0
0
0
0
0
0
0
0
0
0
0
0
0
0
0
0
0
0
0
0
0
0
0
0
0
0
0
0
0
0
0
0
0
0
0
0
0
0
0
0
0
0
0
0
0
0
0
0
0
0
0
0
0
0
0
0
0
0
0
0
0
0
0
0
0
0
0
0
0
0
0
0
0
0
0
0
0
0
0
0
0
0
0
0
0
0
0
0
0
0
0
0
0
0
0
0
0
0
0
0
0
0
1.17656718804588
0.0251043853078886
0.0251043853078886
0
0
0
0
-0.0251043853079409
0.0251043853078886
0
0
0
1.15146280273799
0
0
0
0
0
0
0
0
0
0
0
0
0
0
0
0
0
0
0
0
0
0
0
0
0
0
0
0
0
0
0
0
0
0
0
0
0
0
0
0
0
0
0
0
0
0
0
0
0
0
0
0
0
0
0
0
-0.255916005833797
0.255916005833752
0
0
0
0
0
0
0
0
0
0
0
0
0
0
0
0
0
0
0
0
0
0
0
0
0
0
0
0
0
0
0
0
0
0
0
0
0
0
0
0
0
0
0
0
0
0
0
0
0
0
0
0
0
0
0
0
0
0
0
0
0
0
0
0
0
0.0035922907221989
0
0
0
0
0
0
0
1.54892287235404
0
0
0
0.971195753917152
0.971195753917152
0.971195753917152
0
0
0
9.65245740405011
0
0
1.32819656464559
0
0
9.65245740405011
0.0035922907221989
0
0
0
0
-1.32819656464562
1.32819656464559
0
0
0
0
0
0
10.829024592096
0
0
0
0.242238402294133
0
0.220726307708444
0
10.829024592096
10.829024592096
0
0
0
0
0
0
0
0
0
0
0
0
0
0
-10.9770616779736
0
0
0
0
0
491.951119047909
0
0
0
0
0
0
0
0
0
0
0
0
0
0
0
0
0
0
0
0
0
0
0
0
0
0
0
0
0
0
0
0
0
0
0
0
0
0
0
0
0
0
0
0
0
0
0
0
0
0
0
0
0
0
0
0
0
0
0
0
0
0
0
0
0
0
0
0
0
0
0
0
0
0
0
0
0
0
0
0
0
0
0
0
0
0
0
0
0
0
0
0
0
0
0
0
0
0
0
0
0
0
0
0
0
0
0
1000
0
0
1000
1000
0
0
0
0
0
0
0
0
0
0
0
0
0
0
0
0
0
0
0
0
0
0
0
0
0
0
0
0
0
0
0
0
0
0
0
0
0
0
0
0
0
0
0
0
0
0
0
0
0
0
0
0
0
0
0
0
0
0
0
0
0
0
0
0
0
0
0
0
0
0
0
0
0
0
0
0
0
0
0
0
0
0
0
0
0
0
0
0
0
0
0
0
0
0
0
0
0
0
0
0
0
0
0
0
0
0
0
0
0
0
0
0
0
0
0
0
0
0
0
0
0
0
0
0
0
0
0
0
0
0
0
0
0
0
0
0
0
0
0
0
0
0
0
0
0
0
0
0
0
0
0
0
0
0
0
0
0
0
0
0
0
0
0
0
0
0
0
0
0
0
0
0
0
0
0
0
0
0
0
0
0
0
0
0
0
0
0
0
0
0
0
0
0
0
0
0
0
0
0
0
0
0
0
0
0
0
0
0
0
0
0
0
0
0
0
0
0
0
0
0
0
0
0
0
0
0
0
0
0
0
0
0
0
0
0
0
0
0
0
0
0
0
0
0
0
0
0
0
0
0
0
0
0
0
0
0
0
0
0
0
0
0
0
0
0
0
0
0
0
0
0
0
0
0
0
0
0
0
1000
0
161.631544677128
0
0
0
161.631544677128
0
0
0
0
0
0
0
0
0
0
0
0
0
0
0
0
0
0
0
0
0
0
0
0
0
0
0
0
0
0
0
0
0
0
0
0
0
0
0
0
0
0
0
0
0
0
0
0
0
0
0
0
0
0
0
0
0
0
0
0
0
0
0
0
0
0
0
0
0
0
0
-1000
0
0
0
1000
0
0
0
0
0
0
0
0
0
0
0
0
0
0
0
0
0
0
0
0
0
0
0
0
0
0
0
0
0
0
0
0.163618429959286
0.163618429959286
0
0
0
0.163618429959229
0.163618429959286
0
-249.513328123563
0
0
0
0.0251720661475838
0
1000
0
0
0
750.486671876437
249.513328123563
0
0
0
0
0
0
0.990101268471692
0
0
0.990101268471692
0
0.990101268471692
0
0.990101268471692
0
0
0.990101268471676
0.990101268471676
0
0
0
0
0
0
0
0
0
0
0
0
0
0
0
0
0
0
0
0
0
0
0
0
0
0
0
0
0
0
0
0
0
0
0
0
752.629593918594
752.629593918594
0
0
0
0
0
0
0
0
0
0
0
0
0
0
0
0
0
0
0
0
0
0
0
0
0
0
0
0
0
0
0
0
0
0
0
0
0
0
0
0
0
0
0
0
0
0
0
0
1000
825.763639631619
-1000
0
0
0
-1000
-1000
1000
1000
0.0107768721665967
0
0
825.06860947015
-1000
0
0
0
0
0
0
0
0
0
0
0
0
0
0
0
0
0
0
0
0
0
0
0
0
0
0
0
0
0
0
0
0
0
0
0
0
0
0
0
0
1000
0
0
1000
0
0
0
0
0
0
0
0
0
0
0
0
0
0
-999.996407709278
-1000
1000
-1000
1000
999.996407709278
-1000
0
0
0
0
0
0
0.00359229072216749
0
0
1000
0
0
250
0
0
0
0
0
0
0
0
0
0
0
1000
0
0
0
0.0143379255781678
0
0.0035922907221989
0.0215120945856897
1000
0.00179093914266148
0.00179093914266148
1000
999.96053686424
0.0125469864355063
0.00179093914266148
0.0268953244506024
-0.00179093914266559
0.00179093914266148
0.00179093914266148
0.00179093914266148
0.00179093914266148
0.00179093914266148
-0.00179093914266559
-0.00358187828533119
-0.00538322986483308
0.00179093914266148
0.00179093914266148
0.00179093914266559
0.00179093914266148
-0.00538322986483308
-0.00179093914266559
0.00359229072216749
0.00179093914266148
0.00179093914266148
0
0
0.0035922907221989
0.0035922907221989
-0.00359229072216749
-0.00359229072216749
0.00359229072216749
0.00359229072216749
0.00179093914266148
0.00179093914266148
0.00179093914266148
0.00179093914266148
1000
-0.00538322986483308
-999.974895614692
0
0
0
0
0
0
-865.9858685173
0
0
0
0.0035922907221989
0
0
0
0
0.00179614536109945
0.00359229072216749
0.00359229072216749
0
0.0035922907221989
0
0
0
0
0
-0.00359229072216749
0
0
0.00716375657064592
0.00179093914266148
0.00537281742798444
0.00179093914266148
-0.00179093914266559
0.00179093914266148
0.00179093914266148
0.00179093914266148
0.00179093914266148
0.00179093914266148
0.00179093914266148
0.00358187828532296
0.00179093914266148
0.00179093914266148
0.00179093914266148
0.00179093914266148
0.00179093914266148
0
0.00179093914266148
0.0035922907221989
0.0035922907221989
0.0035922907221989
0.0035922907221989
0.0035922907221989
0.0035922907221989
0.0035922907221989
0
0
0
0
0
0
0.0035922907221989
0.0035922907221989
0.0035922907221989
0.0035922907221989
0.0035922907221989
0.0035922907221989
0.0035922907221989
0
0
0
0
0
0
0
-0.00359229072216749
0.0035922907221989
0.0035922907221989
0
0
0
0
0
0
0
0
0
0
0
0
0
0
0
0
0
0
0
0
0
0
0
0
0
0
0
0
0
0
0
0
0
0
0
0
0
0
0
0
0
0
0
0
0
0
0
0
0
0
0
0
0
0
0
0
0
0
0
0
0
0
0
0
0
1000
397.319600516599
0
0
0
0
0
0.0035922907221989
0
0
0
0
0
0
0
0
0
0
627.141744675073
0
0
0
0
0
0
0
0
0
0
1000
0
1000
0
-1.94239150783426
0
-194.183087773863
0
0
0
0
0
0.00965693822271906
0
0
0
0
0
0
0
0
138.164920489141
0.00965693822271906
0
0
158.809005813472
0
0
0
0
0.00965693822271906
0
0.00965693822271906
0
0.00965693822271906
0
0
0
0
0
0.603558638919941
0
0
0
0
0
3.73964932674796
0
0.00965693822271906
0
0.00965693822271906
0
0.00965693822271906
0
0.00965693822271906
0
0.00965693822271906
0
0.00965693822271906
0
0.0193138764454381
0
0
0
0.00965693822271906
0
0.00965693822271906
0
0.00965693822271906
0
0.00965693822271906
0
0.00965693822271906
0
0
0
0
0
45.3001464155725
0
0.00965693822271906
0
0.2027957026771
0
0
0
0.277636973903173
0
0.509988614667861
0
0.142439838785106
0
0.00965693822271906
0
48.3859457294372
0
0
0
0.00965693822271906
0
0.00965693822271906
0
0.00965693822271906
0
0.00965693822271906
0
0
0
0
0
3.13367645327233
0
0
0
0.704956490258491
0
0.111054789561269
0
0
0
0
0
0.00965693822271906
0
0.00965693822271906
0
0.00965693822271906
0
0
999.744083994166
0
0
-1.15146280273802
0
0
0
0
0
1000
-295.505534532111
1000
0
0
1000
249.676946553522
1000
0
751.301397353949
1000
131.507331629649
-750
0
0
1000
0
0
0
0
0
-5.48799633389388
1000
-10.8290245920959
1000
0
0
1000
-1000
-0.00359229072216749
0
0
-3.61579679844635
0
0
0
0
0
1.15146280273802
-1000
-1000
-1000
1000
0.00718458144444867
1000
-1000
0
0
1000
0
1000
-1000
0
-1000
-1000
1000
1000
0
1000
1000
1000
1000
0
0
0
0
0
0
0
-508.048880952091
0
0
0
0
0
17.4179634527088
0
0
0
0
0
0
0
0
0
0
0
0
936.170840993294
0
0
0
-1000
0
0
0
0
0
0
1000
0
0
-1000
1000
1000
-1000
-1000
1000
1000
1000
1000
1000
1000
417.632202486221
-1000
-1000
1000
1000
-1000
1000
1000
-1000
-1000
1000
1000
-1000
1000
1000
-1000
-1000
1000
-1000
1000
-1000
1000
1000
1000
1000
-1000
-1000
-1000
1000
1000
-1000
1000
1000
1000
-1000
-1000
1000
1000
1000
1000
93.8761446900141
-1000
-1000
-1000
1000
1000
1000
1000
1000
1000
-1000
1000
-1000
1000
-1000
-1000
-1000
-1000
4.58069129264743
-1000
-1000
1000
1000
1000
1000
1000
1000
1000
-1000
1000
1000
1000
-677.310032568882
-1000
1000
1000
1000
1000
1000
-1000
1000
-1000
-1000
-1000
-93.8761446900141
1000
1000
1000
1000
957.216719909807
1000
1000
1000
-1000
-1000
-1000
-1000
1000
1000
1000
-1000
1000
1000
-1000
-343.588526527955
1000
1000
1000
-1000
-598.64322165725
1000
-565.222041227197
-1000
927.029889668796
1000
1000
1000
0
0
0
0
0
0
0
0
0
0
0
0
0
0
0
0
0
0
0
0
0
0
0
0
0
0
0
0
0
0
0
0
0
0
0
0
0
0
0
0
0
0
0
0
0
0
0
0
0
0
0
578.383361438384
0
0
0
0
0
0
0
0
0
0
0
0
0
0
0
0
0
0
0
0
0
0
0
0
0
0
0
0
0
0
0
0
0
0
0
0
0
0
0
0
0
0
0
0
1000
0
0
0
0
0
0
0
0
0
0
0
0
0
0
0
0
0
0
0
0
0
0
0
0
0
0
0
0
0
0
0
0
0
0
0
0
0
0
0
0
0
0
0
0
0
0
0
0
0
1000
0
0
0
0
0
0
0
0
0
0
0
0
0
0
0
0
0
0
0
0
0
0
0
0
0
0
0
0
0
0
0
0
0
0
0
0
0
0
0
0
0
0
0
0
0
1000
0
0
0
0
0
0
0
0
0
0
0
0
0
0
0
0
0
0
0
0
0
0
0
0
0
0
0
0
0
0
0
0
0
0
0
0
1000
0
0
0
0
0
0
0
0
0
0
0
0
0
0
0
0
0
0
0
0
0
0
0
0
0
0
0
0
0
0
0
0
0
0
0
0
0
0
0
0
0
0
0
0
0
0
0
0
0
565.222041227197
0
0
0
916.369688857395
0
0
0
0
0
0
0
0
0
0
0
0
0
0
0
0
0
0
0
0
0
0
0
0
0
0
0
0
0
0
0
0
0
0
0
0
1000
0
1000
0
0
-1000
-707.547988777754
1000
-707.547988777754
1000
1000
1000
1000
-1000
-1000
1000
1000
-1000
-1000
1000
-1000
708.974405859451
-707.547988777754
1000
1000
1000
-1000
1000
-1000
-1000
1000
-1000
-707.547988777754
-999.949780816947
-1000
0
1000
1000
0
707.547988777754
1000
1000
1000
-1000
1000
-1000
1000
-1000
-1000
-1000
-1000
1000
-1000
1000
1000
1000
-1000
-1000
1000
1000
0
0
0
0
0
0
0
0
0
0
0
0
0
0
-3.96275654921408
3.96275654921408
0
0
0
0
0
0
0
0
0
0
0
0
0
0
0
0
0
-0.00359229072216749
0
-0.00359229072216749
0
-0.00359229072216749
-0.00359229072216749
0
0
0
0
0
0
0
0
0
0
0
0
0
0
0
0
0
0
0
0
0
999.992815418556
0
0.00718458144439798
0
0
0.0035922907221989
0
0
40.9208513378726
1000
1000
373.085122614387
1000
0
0
0
0
-0.00359229072216749
0
0
0
0
0
249.513328123563
0
0
0
0
0
0
0
0
0
1000
0
0
0
647.123191656579
0
0
-999.6563569644
0.0035922907221989
1000
0
0
0
293.4703440779
-1000
0
0
0
0
-1000
0
-1000
0
0
0
0
0
0
0
0
0
0
0
0
0
0
0
0
0
0
0
0
0.00965693822271906
0
0
0
0
0
1000
0
0
0
0
0
0
0
0
0.990101268471692
0.0035922907221989
0
0
0
0
0
1000
0
-1000
-1.94239150783426
0
1.9423915078343
0
0
0
0
0
0
-401.35677834275
175.102858424493
0
0
0
0
0
0
0
0
0
0
0.00359229072216749
1000
204.942780550211
0
-1000
1000
0
0
1000
0
1000
0
0
0
0
0
333.205543520196
0
333.201951229473
1000
0
1000
0
0
1000
0
0
-591.943575058979
204.939188259489
0
-1000
0
855.056838741425
144.943161258575
0
1000
0
0
0
0
0
0
0
0
0
1000
-1000
11.0882001542817
11.0882001542817
401.35677834275
0
0
0
0
0
0
0
0
0
1000
664.468695532557
0
0
0
0
0
0
0
0
0
0
0
0.971195753917152
0
0.0035922907221989
-0.00359229072216749
0
0.0035922907221989
0.0035922907221989
0
0.00359229072216749
0
0
0
0.971195753917186
0
0
-0.0107768721666162
1000
-1000
1000
-1000
-1000
1000
0
0
1000
1000
-1000
1000
0
0
0
0
0
0
0
0
0
333.201951229473
0
0
0
0
0
0
0
0
0
0
0
0
0
0
0
333.201951229473
0
0
0
0
0
0.00179093914266148
0
591.943575058979
0
-10
0
0
0
0
0
0.0035922907221989
0
0
0
0
0
0
0
0.0917409131158138
48.3762887912146
0
-794.639201033198
0
0
0
0
0
0
-0.00965693822274716
0
0
45.2904894773499
0
0
0
-205.360798966802
0
0
0
794.639201033198
0
0
0
0
0
0
0
0
0
0
0
0
0
0
0
0
0
0
0
0
0
0
0
0
0
0
2.31676720489634
0
0
0
0
0
0
0
0
0
0
0
0
0
0
0
0
0
0
0
0
0
0
0
0
0
0
0
0
0
0
0
0
0
0
0
0
0
0
0
0
0
0
0
0
0
0
0
0
0
0
0
0
0
0
0
0
0
0
0
0
0
0
0
0
0
0
0
0
0
0
0
0
0
0
0
0
0
0
0
0
0
0
0
0
0
0
0
0
0
0
0
0
0
0
0
0
0
0
0
0
0
0
0
0
0
0
0
0
0
0
0
0
-999.3127139288
0
0.00179093914266559
0
0.357085491606767
0
0
-0.687286071199765
0
1000
0.0161288647208266
0
0
0
0
0
0
0
0
0
0
0
0
0
0
0
0
0
0.0035922907221989
0.0035922907221989
0.0035922907221989
40.9208513378726
1000
0
214.442143442805
1000
0
0
0
0
0
0
1000
401.35677834275
0
0
0
0
0
0
0
0
0
-1000
0
1000
1000
-1000
1000
996.270007611475
1000
0
1000
0
0
0
0
0
0
0
0
0
0
-145.085802966744
0
-1000
0.393468635480269
0.0035922907221989
0.0035922907221989
0.0035922907221989
0.0035922907221989
0.0035922907221989
673.799441468554
0
0
0
-1000
591.337377061559
0
0
0
0
0
0
0
0
2.61461602380118
0
0
0
0
0
-1000
0
0
0
0
0
0
1000
-1000
0
1000
1000
1000
-1000
0
0
0
0
0
0
0
0
0
45.280832539127
0
0
0
0
45.280832539127
0
0
0
0
0
0
0
0
48.3762887912145
0
45.280832539127
0
0
0
0.229937406209009
48.3762887912145
0
0
0
0
0
48.3762887912145
45.280832539127
0
0
0
0.091740913115831
48.3762887912145
45.2904894773498
0
0
0
-174.93139052985
0
0
0
0
0
0
0
0
0
1000
0
0
0
0
0
0
0
0
-1000
-1000
387.283177077994
387.283177077994
387.283177077994
1000
0
0.0215120945856897
0
0
0
0
939.817496499222
-1000
0
1000
249.513328123563
0
0
0
795.039257996178
3.6599715618925
0
0
0
0
0
0.577727118436883
0.577727118436883
-401.360370633472
-999.310922989658
0
0
0
0
0
0
0.364678247518298
0
1000
0
0
999.996407709278
0
0
0
0
-1000
0.0035922907221989
0
0
0
0
0
0
0
0
1000
-1000
0
0
-999.770062593791
0
0
0
-1000
0
0.00537281742798444
0
0
-759.007000610708
0
-1000
0
0
0
-1000
-1000
0
0
0
1.94239150783426
-102.478014889578
0
1000
102.468357951355
0
0
0
0
0
0
-656.785436168768
0
0
0
0
-1000
-1000
0
0
0
-380.045638974704
0
0
0
0
0.169581542317015
0
0
0
0
0
0
0
0
664.468695532557
333.201951229473
1000
0
0
0
0
0
0
0
0
0
0
-1000
-1000
1000
0
1000
-1000
1000
1000
0
0
0
0
0
0
0
0
0
0
0
-1000
0.00179093914266148
0.00179093914266148
0
-1000
42.6196616602338
-1000
838.368455322872
-78.9415330100778
0
396.994515923186
0
0
0
0
0
0
0
0
0
0
0
0
0
0
0
0
0
0
0
0
0
0
0
0
0
-0.671157206478938
0
0
0
0
0
0
0
0
0
0
0
0
0
0
0
0
0
0
0
0
0
0
0
0
0
0
0
0
0
0
0
0
0
0
0
0
0
0
0
0
0
0
0
82.6900116670499
-1000
0
-1000
0
0
0
0
0
0
0
-1000
0
0
0
0
0
0
0
0
0
0
0
759.007000610708
0
0
0
0
0
0
0
0
0
0
0
0
0
-205.360798966802
0
0
0
0
0
0
0
0
0
0
0
0
0
0
0
0
0
0
0
102.468357951355
0
0
0
0
0
0
0
0
0
0
0
0
0
0
0
0
0
0
0
0
0
0
0
102.468357951355
0
0
0
0
0
0
0
0
0
0
0
0
0
0
0
0
0
0
0
0
0
0
0
0
0
0
0
0
0
0
0
0
0
0
0
0
0
0
0
0
0
0
0
0
0
0
0
0
0
0
0
0
0
0
0
0
0
0
0
0
0
0
0
0
0
0
0
0
0
0
0
0
0
0
0
0
0
0
0
0
0
0
0
0
0
0
0
0
0
0
0
0
0
0
0
0
0
0
0
0
0
0
0
0
0
0
0
0
0
0
0
0
0
0
0
0
0
0
0
0
0
0
0
0
0
0
0
0
0
0
0
0
0
0
0
0
1000
0
38.6285355590481
0
0
-1000
1000
26.5347938237207
0
0
0
0
0
0
0
4.69327197624146
10.4368583789283
0
0
0
0
0
0
0
0
0
1000
0
0
372.858255324927
0
70.2906220721802
0
-96.3788414907251
0
-1000
1000
-999.836381570041
1000
0
0
0
-647.123191656579
1000
0
0
0
0
530.427564543036
204.960742003822
0
0
0
0
590.808659693866
0
0
0
0
0
0
0
0
0
0
0
0
0
0
0
0
0
0
0
0
0
0
0
0
0
0
0
0
0
0
0
0
0
0
0
0
0
0
0
0
0
0
0
0
0
0
0
0
0
0
0
0
0
0
0
0
0
0
0
0
0
0
0
0
0
0
0
0
0
0
0
0
0
0
0
0
0
0
0
0
0
0
0
0
0
0
0
0
0
0
0
0
0
0
0
0
0
0
0
0
0
0
0
0
0
0
0
0
0
0
0
0
0
0
0
0
0
0
0
0
0
0
0
0
0
0
0
0
0
0
0
0
0
0
0
0
0
0
0
0
0
0
0
0
0
0
0
0
0
0
0
0
0
0
0
0
0
0
0
0
0
0
0
0
0
0
0
0
0
0
0
0
0
0
0
0
0
0
0
0
0
0
0
0
0
0
0
0
0
0
0
0
0
0
0
0
0
0
0
0
0
0
0
0
0
0
0
0
-973.594402825333
0
0
0
0
0
0
0
0
0
0
0
0
0
0
0
0
0
0
0
0
0
0
0
0
0
0
0
0
0
0
0
0
0
0
0
0
0
0
0
0
0
0
0
0
0
0
0
0
0
0
0
0
0
0
0
0
0
0
0
0
0
0
0
0
-973.594402825333
0
0
0
0
0
0
0
0
0
0
0
0
0
0
0
396.994515923186
0
0
0
0
0
0
0
0
0
0
-1000
0
0
0.990101268471692
0
0.00359229072216749
-305.013046673305
-401.360370633472
0
0
0
0
0
0
0
0
0
0
0
0
0
0
0
0
0
0
0
0
0
0
0
0
0
0
0
0
0
0
0
0
0
0
0
0
0
0
0
0
0
0
0
0
0
0
0
0
0
0
0
0
0
0
0
0
0
0
0
0
0
0
0
0
0
0
0
0
0
0
0
0
0
0
0
0
0
0
0
0
0
0
0
0
0
0
0
0
0
0
0
0
0
0
0
0
0
0
0
0
0
0
0
0
0
0
0
0
0
0
0
0
0
0
0
0
0
0
0
0
0
0
0
0
0
0
0
0
0
0
0
0
0
0
0
0
0
0
0
0
0
0
0
0
0
0
0
0
0
0
0
0
0
0
0
0
0
0
0
-795.060811740511
0
0
0
0
0
0
0
0
0
0.00359229072216749
0
0
548.020105434959
1000
0
0
0
0
0
0
0
0
0
0
0
0
0
0
0
0
137.501986656582
137.501986656582
0
0
0
0
0
0
0
0
998.848537197262
0
0
0
0
0
0
0
0
0
0
0
0
0
0
1000
0
0
1000
0
0
0
0
0
0
0
0
0
0
0
0
0
0
0
0
0
0
0
0
0
0
0
0
0
0
0
0
0
0
0
0
0
0
0
0
0
0
0
0
0
0
0
0
0
0
0
0
0
0
0
0
0
0
0
0
0
0
0
0
0
0
0
0
0
0
0
0
0
0
0
0
0
0
0
0
0
0
0
0
0
0
0
0
0
0
0
0
0
0
0
0
0
0
0
0
0
0
0
0
0
0
0
0
0
0
0
0
0
0
0
0
0
0
0
0
0
0
0
0
0
0
0
0
0
0
0
0
0
0
0
0
0
0
0
0
0
0
0
0
0
0
0
0
0
0
0
0
500
86.7703072994904
0
0
-0.971195753917186
0
0
0
463.13651521103
19.1935919746473
41.9534435793036
0.104124368759388
86.7703072994904
0
0
0
0
0
0
0
0
0
0
0
0
0
0
0
0
0
0
0
0
0
0
0
0
0
661.676391042752
-1000
0
1000
0
1000
-1000
0
401.360370633472
0
0
0
290.257732747287
107.061867769312
-93.6571213303419
0
-24.1423455567976
0
0.0035922907221989
0
0
0
0
0
0
0
0
0
0
0
0
0
0
1.94239150783426
0
194.183087773863
0
0
0
-1000
1000
66.3067280237585
0.297204297322878
0
-10.6602008114018
-20.8985590968364
-1000
966.578819569947
-10.4368583789283
-322.689967431118
-1000
-4.58069129264743
-31.2603958680735
-1000
-1000
0
0
0
0
1000
-38.628535559048
-17.4179634527088
-26.5347938237206
-986.838679788813
572.12196396637
-997.369922569507
1000
377.438946617574
-484.50721674837
0
-1000
1000
1000
0
-500
1000
0
996.353344494072
1000
0
0
0
-10.8290245920959
0
999.744083994166
1000
-401.35677834275
0
-1000
0
0
0
0
0
0
0
0
-0.00359229072216749
999.996407709278
-1000
0
0
0
0
0
0
0
0
0
0
0
0
0
0
0
-1.42641708169651
0
1000
0
0
1000
1000
1000
-0.00359229072216749
-0.00359229072216749
-0.990101268471676
174.93139052985
0
0
-0.00359229072216749
-0.00359229072216749
0
-1000
0
0
-0.00359229072216749
0
0
0
-0.00359229072216749
0
0
0
0
0
0
0
0
0
0
0
-1000
0
0
0
0
0
1000
0
0
0
0
0
0
1000
-750.315868865034
491.951119047909
0
0
-707.497769594701
0
-1000
0
0
-0.00359229072216749
0
0
0
0
-582.367797513779
0
0
0
0
0
0
0
1000
0
-326.200558531446
-3.61579679844635
0
3.96275654921408
-3.96275654921408
0
0
0
0
0
0
0
0
2.44474993735082
0
0
0
0
0
0
1000
0
500
-1000
0
-1000
-1000
1000
1000
0
751.301397353949
0
0
-1000
1000
0
-999.6563569644
0
0
-750.486671876437
0
750.486671876437
-295.505534532111
-865.9858685173
0
0
0
0
0
0
-0.0502191830526044
0
0
0
0
-626.914877385613
1000
-1000
0
0
0
0
0
0
1000
500
-249.676946553522
-755.811049780372
0
-1000
0
0
0
0
0
0
0
1000
1000
0
0.995043509741549
1.09034306177728
13.7
-1000
1.75756016121488
4.60000000000002
0.100000000000023
-0.633676453272301
-0.177636973903191
0.100000000000023
0
0
453.709005813472
68.5999999999999
-44.8001464155725
0
5.59034306177728
1.20000000000005
0.0903430617772756
4.79999999999995
0
0.290343061777321
103.1
374.6
0
-3.65997156189246
0
-0.364678247518327
2.99034306177725
0.100000000000023
0
-48.2859457294372
0.0903430617772756
0.100000000000023
-0.0110547895612854
1.49001138533208
28.3
-0.503558638919912
0
0
0
-1000
1000
-491.951119047909
491.951119047909
-1000
1000
-0.00359229072216749
0
656.785436168768
-656.785436168768
627.141744675073
1000
0
750.323053446478
0
0
-627.141744675073
0
0
0
0
0
0
0
0
0
0
0
0
0
0
0
0
1000
-1000
1000
-1000
-42.6196616602338
42.6196616602338
1000
-1000
-1000
998.848537197262
500
-1000
0
0.190343061777298
0.690343061777298
0
0
0
0
0
999.836381570041
-1000
530.427564543036
204.960742003822
0
0
0
0
590.808659693866
1000
0
0
0
0
0
0
0
0
0
0
0
0
0
0
0
0
0
0
0
0
0
0
0
0
0
0
0
0
0
0
0
0
0
0
0
0
0
0
0
0
0
0
0
0
0
0
0
0
0
0
0
0
0
0
0
0
0
0
0
0
0
0
0
0
0
0
0
0
0
0
0
0
0.0903430617772756
3.39999999999998
0.100000000000023
0
0
0
0
0
0
0
0
0
0
0
0
0
0
0
0
0
0
0
0
0
0
0
0
0
0
0
0
0
0
0
0
0
0
0
0
0
0
0
0
0
0
0
0
0
0
0
0
0
0
0
0
0
0
0
0
0
0
0
0
0
0
0
0
0
0
0
0
0
0
0
0
0
0
0
0
0
0
0
0
0
0
0
0
0
0
0
0
0
0
0
0
0
0
0
0
0
0
0
0
0
0
0
0
0
0
0
0
0
0
0
0
0
0
0
0
0
0
0
0
0
0
0
0
0
0
0
0
0
0
0
0
0
0
0
0
0
0
0
0
0
0
0
0
0
0
0
0
0
0
0
0
0
0
0
0
0
0
0
0
0
0
0
0
0
0
0
0
0
0
0
0
0
0
0
0
0
0
0
0
973.594402825333
0
0
0
0
0
0
0
0
0
0
0
0
0
0
0
0
0
0
0
0
0
0
0
0
0
0
0
0
0
0
0
0
0
0
0
0
0
0
0
0
0
0
0
0
0
0
0
0
0
0
0
0
0
0
0
0
0
0
0
0
0
0
0
0
0
0
1000
0
0
0
0
0
0
0
795.060811740511
-1000
-1000
0
0
1000
305.013046673305
0
0
0
0
0
0
0
0
0
0
0
0
0
0
0
0
0
0
0
0
0
0
0
0
0
-1000
0
-548.020105434959
-0.00359229072216749
0
0
0
0
0
0
0
1000
-1000
-1000
-1000
-1000
0
0
0
0
0
0
0
0
0
0
0
0
0
0
0
0
0
0
0
0
0
0
0
0
0
0
0
0
0
0
0
0
0
0
0
0
0
0
0
0
0
0
0
0
0
0
0
0
0
0
0
0
0
0
0
0
0
0
0
0
0
0
0
0
0
0
0
0
0
0
0
0
0
0
0
0
0
4.79034306177732
1.59034306177728
1.59034306177728
0.0903430617772756
0.100000000000023
0.0903430617772756
-3.63964932674799
0.100000000000023
0.0903430617772756
0.0903430617772756
0.0903430617772756
0.0903430617772756
0.100000000000023
0.0806861235545284
0.0903430617772756
0.0903430617772756
0.0903430617772756
0.0903430617772756
0.5
0.0903430617772756
138.264920489141
0.190343061777298
0.0903430617772756
0.0903430617772756
0
-1000
86.7703072994905
0
0
0
0
0
0
0
0
0
0
0
0
0
