0
0
0
0
0
0
0
1000
-928.753327384222
937.212205745359
62.7877942546412
0
0
216.113353870504
1000
0
999.747910862643
-999.747910862643
999.942143476672
0
0.0578565233279365
0
-1000
0.363669575204199
0
1000
-229.204164519997
0
-140.482673790019
0.0123491069440394
0
0
0
0
0
0
105.399961851382
0
0
0
34.719042363433
0
0
0
0
0
0
0
0
0
0
0
0
0
0
0
0
0
0
0
0
0
0
0
0
0
0
0
0
140.482673790019
0
0
0
0
9.58703190483368
9.58703190483368
0
0
0
0
140.482673790019
0
-1000
0
0
0
0
0
0
0
0
0
0
0
0
0
1000
0
-1000
0
1000
-1000
0
0
0
0
0.00353857300306777
0
0
0
0
0
0
0
306.849165983478
0
0
330.47733852655
1000
0
0
0
0
0
0
0
0
0
0
0
0
0
0
0
928.753327384222
0
0
1000
0
0
0
0
0
0
1000
0
0
0
-14.4845383124241
0
0
0
0
26.7540631479051
0
0
0.00883104740765607
1000
0
0
554.277485946203
1000
1000
445.714248836179
0
337.151011726154
0
-1000
445.714248836178
661.827602706682
1000
-783.886646129496
0
0
1000
0
0
0.00883104740762519
0
0
1000
577.970489622296
0
8.88023271767112
0
0
0
-3.89228927329111
0
0
0
0
0
0
426.542629178531
-422.485035552875
-1000
0
0
0
0
0
0
0
0
1000
573.457370821469
0
0
0
0
-577.353792703569
0
-999.995867391191
0
0
0
0
0
0
0
0
0
0
0
0
0
0
-1000
0
659.417852574944
0
0.456424633729031
0
339.661032939979
0.464689851347307
0
0
577.353792703569
0
0
0
-422.485035552875
0
0
0
0
0
0
0
0
0
0
0
0
-502.266497079115
0
-733.427711782435
-1000
-1000
-9.58703190483368
1000
1000
1000
-1000
1000
-0.956672870118268
-1000
339.66103293998
0
-0.684636950593585
991.112690136323
-1000
-1000
1000
0
0
1000
2.60505470846956
0.177702178792948
0
-0.17770217879297
0
0.00176415813486277
0
0
0
0
0
0
0
0
330.225249389192
0
0
0
0
0
0
0
8.88730986367682
991.112690136323
0
-697.353093281927
0
951.536656780221
0
-577.353792703569
0
-0.17770217879297
0
-9.5719468142704
330.089086125709
0
9.5719468142704
0
0
0
8.88730986367682
0
0
0
0
-1000
0
0
0
-15.2142228358566
339.66103293998
0
1000
-0.956672870118268
0
0
8.89084843668032
0
0
0
0
0
0
0
0
0
0
0
0
-568.627654583449
0
0
0
2.28212316864515
0
9.60714023055113
0
0
0
0
0
0
0
0
-718.052317203022
-1000
1000
-0.00176415813484709
-1000
1000
0
-1000
-1000
-1000
1000
-1000
1000
1000
1000
0
-1000
0
0
0
0
-1000
0
-1000
-1000
-991.112690136323
1000
1000
0
0
1000
0
0
0
0
0
0
0
0.956672870118276
0.456424633729057
1000
1000
-1000
1000
-1000
-1000
1000
-302.638641500455
-1000
1000
1000
1000
1000
0
-1000
0
1000
-1000
-1000
-1000
1.36927390118706
-1000
-999.543575366271
1000
0
0
0
-1000
1000
341.270916984458
0
0
1000
0
0
0
-1000
999.996461426997
0
0
-29.1177377179102
0
0
0
0
0
0
0
45.4677700743312
0
0
0
45.4677700743312
0
0
0
0.00353857300308391
0
0
0
0
0
0
0
0
0
642.564571539483
0
0
0
0
0
1000
0
0
0
0
0
0
0
0
0
0
0
0
0
0
0
0
0
0
0
0
0
0
0
0
0
0
1000
1000
999.996461426997
0.10331522022841
0.10331522022841
0
-828.203412573167
0
0
0
0
0
0
0
0
0
0
0
0
0
0
0
0
-836.138999480858
0
0
0
0
0
0
0
0
0
0
0
0
0
0
0
0
0
0
0
0
0
0
0
0
0
0
0
0
0
0
0
0
0
0.161171743556394
0
0
0
1000
0
0
0
0
0
0
-1000
0
0
0
0
0
0
0
0
0
0
0
0
0
0
0
0
0
0
0
0
0
0
0
0
0
0
0
0
267.572294868676
0
0
0.161171743556394
0
0
0
0
0
0
0
0
0
973.261471529469
0
0
0
0
0
0
0
0
0
0
0
0
0
0
0
0
0
0
0
0
0
0
0
0
0
0
0
0
0
0
0
0
0
0
0
0
0
0
0
0
0
0
0
0
0
0
0
0
0.0106157190092033
0.0106157190092033
0
0.0106157190092033
0
0
0
0
0
0
0
0
0
0
0
0
0
0
0
0
0
0
0
0
0
0
-1000
0
0.00413260880913832
500
0
0
0
0.748002194454036
0.748002194454036
0
1000
0
0
0
0
0
0
0
0
0
0
0
0
0
0
0
0
0
0
0
1000
0
0
0
0
0
-1000
0
0
0
-999.996461426997
0
0
-1000
0
0
0
0
107.517055890006
0
0
107.517055890006
0
0
0
0
0
0
0
0
0
0
107.517055890006
0
107.517055890006
0
0
0
12.8195277451417
36.5424972379305
23.3580007313613
17.107910691915
25.3653289192127
8.34866041765454
19.5258287363724
35.7213175247186
32.8928096236553
10.4016097006843
20.1645240688705
41.5608177075589
32.8015674332984
10.1278831296137
16.788563025666
23.2667585410044
30.1555439129489
24.4072859204655
4.47086732748713
30.4292704840195
0
0
0
0
0
0
0
0
0
0
0
0
0
0
0
0
0
0
0
0
0
0
0
0
0
0
0
0
0
0
0
0
0
0
0
0
0
0
0
0
0
0
0
0
0
0
0
0
0
0
0
0
0
0
0
0
0
0
0
0
0
0
0
0
0
0
0
0
0
0
0
0
0
0
0
0
0
0
0
0
0
0
0
0
0
0
0
0
0
0
0
0
0
-1000
0
0
0
0
0
-330.47733852655
-330.47733852655
1000
1000
0
0
0
0
0
169.095528975595
0
-29.1177377179102
-499.721641419273
-169.244302892724
-1000
0
-163.861000519142
836.138999480858
120.52054775243
715.502738681771
1000
169.103794193213
1000
0
0
830.904471024405
0
-1000
-1000
-1000
0
0
0
836.138999480858
836.138999480858
163.861000519142
0
0
0
0
0
0
0
0
0
0
0
-1000
414.102411957148
1000
1000
0
500
1000
2.51237987714407
5
0
0
0
0
0
0
331.927513280012
0
0
0
0
-0.00951253212224401
0
0
0
0
-0.00951253212224401
0
413.109250170112
0
-0.00951253212224401
0.00951253212224401
-0.00951253212224401
0
0
0
0
-1000
0
0
-0.00951253212224401
-0.00951253212224401
0.00951253212224401
-0.00951253212224401
0.00951253212224401
-0.00951253212224401
-0.00951253212224401
-0.00951253212224401
-0.00951253212224401
-0.00951253212224401
-0.00951253212224401
-0.00951253212224401
-0.00951253212224401
-0.00951253212224401
-0.00951253212224401
-0.00951253212224401
-0.199763174566215
-0.0603341227395049
-0.273485298513265
-0.275863431543826
-0.140309848802531
0.00951253212224401
0.00951253212224401
-0.664659555496087
0.00951253212224401
0.00951253212224401
0.00951253212224401
0.00951253212224401
-4.55412475350442
-0.068965857885928
-0.511298601568342
-2.57551807208631
-0.0297552894246564
0.00951253212224401
0.00951253212224401
0.090369055160977
0.00951253212224401
0.00951253212224401
-0.00951253212224401
0
0
0
0
0
0
0
0
0
0
0
0
0
0
0
0
0
0
0
0
0
0
0
0
0
0
0
0
0
0
0
0
0
0
0
0
0.000880796975707199
0
0
0
0
0
0
0
0
0
0
0
0
0
0
0
0
0
0
0
0
0
0
0
0
0
0
0
0
0
0
0
0
0
0
0
0
0
0
0
1000
0
0
0
0
0
0
7.86836140111621
0
0
0
0
0
0
0
0
0
0
0
0
0
0
0
0
0
0
0
0
0
0
0
0
0
0
0
0
0
0
0
0
0
0
0
0
0
0
0
0
0
0
0
0
0
0
0
0
0
0
0
0
0
0
0
0
0
0
0
0
0
0
7.86836140111621
7.86836140111621
7.86836140111621
7.85884886899401
0
0
0
0
0
0
0
0
0
0
0
0
0
0
0
0
0
0
0
0
0
0
0
0
0
0
0
0
0.00951253212220244
81.946538344256
0.00951253212220244
0
0
0
0.594533257637653
3.6932405964451
0
0.00951253212220244
0
0
0
0
0
0
0
0
0
0
0
0
0
0
0
0
0
0
0
0
0
0
0
0
0
0
0
0
0
0
0
0
0
0
0
0
0
0
0
0
0
0
0
0
0
0
0
0
0
0
0
0
0
0
0
0
0
0
0
0
0
0
0
0
0
0
0
0
0
0
0
0
0
0
0
0
0
0
0
0
0
0
0
0
0
0
0
0
0
0
0
0
0
0
0
0
0
0
0
0
0
0
0
0
0
0
0
0
0
0
0
0
0
0
0
0
0
0
0
0
0
0
0
0
0
0
0
0
0
0
0
0
0
0
0
0
0
0
0
0
0
0
0
0
0
0
0
0
0
0
0
0
0
0
0
0
0
0
0
0
0
0
0
0
0
0
0
0
0
0
0
0
0
0
0
0
0
0
0
0
0
0
0
0
0
0
0
0
0
0
0
0
0
0
-1000
0
0
0
0
0
0
0
0
0
0
0
0
0
0
0
0
0
0
0
0
0
0
0
0
0
0
0
0
0
0
0
0
0
0
0
0
0
0
0
0
0
0
0
0
0
0
0
0
0
0
0
0
0
0
0
0
0
0
0
0
0
0
0
0
0
0
0
0
0
0
0
0
0
0
0
0
0
0
0
0
0
0
0
0
0
0
0
0
0
0
0
0
0
0
0
0
0
0
1000
1000
0
0
0
0
0
0
0
0
0
0
0
0
0
0
0
0
0
0
0
0
0
-1000
0
-1000
0
0
0
0
0
0
0
0
0
0
0
1000
1000
0
0
0
0
0
0
0
0
0
0
0
0
0
0
0
0
0
0
0
0
0
0
0
0
0
0
0
0
0
0
0
0
0
0
0
0
0
0
0
0
0
0
0
0
0
0
0
0
0
0
0
0
0
0
0
0
0
0
0
0
0
0
0
0
0
0
0
0
0
0
0
0
0
0
0
0
0
0
0
0
0
0
0
-998.086654259763
-91.1527025539874
0
0
0.00951253212224401
0
-917.718144898436
0
81.9370258121339
0
0
917.718144898436
-0.00951253212224401
-240.915537881607
0
0
0
0.000880796975707199
-0.00951253212224401
0
-1000
999.990487467878
0
0
0
0
0
0
0
0
0
0
0
0
0
-1000
0.000880796975707199
0
0
0
0.00353857300308391
0
0
0
0
0
0
0
-0.00353857300308391
0
0
0
0
0
331.927513280012
1000
-998.086654259763
-81.9275132800117
-81.9275132800117
0
-158.847297446013
1000
-0.0212314380183898
0
0
0.00951253212224401
-0.00951253212224401
0
0
82.2818551015637
-82.2818551015637
-1000
0
-81.9370258121338
-81.9370258121338
0
0
-1000
0
-82.2818551015637
-917.718144898436
0
0
-586.90026236201
-413.09973763799
-1000
0
0
0
0
0
-1000
0
0
0
0
0
-1000
1000
-1000
0
0
0
-1000
0
0
0
-1000
0
0
0
0
0
0
0
0
0
0
0
0
0
0
0
0
0
0
0
-1000
1000
-1000
0
-1000
0
-1000
0
-1000
0
0
0
0
0
0
0
0
0
568.141575041547
0
1000
0
1000
0
-1000
0
-1000
0
-1000
0
0
0
0
0
0
0
0
0
-250
-750
250
-250
0
0
0
0
0
0
0
0
0
0
0
0
0
0
0
0
0
0
0
0
0
0
0
0
0
0
0
0
0
0
0
0
0.000880796975707199
-0.000880796975707199
0
0
0
0
0
0
0
0
0
0
0
0
0
0
0
0
0
0
0
0
0
0
0
0
0
0
0
0
0
0
0
0
0
0
0
0
0.000880796975707199
-0.000880796975707199
0
0
0
0
0
0
-0.00353857300308391
-0.00353857300308391
0
0
0
0
0
0
0
0
0
0
0
0
0
0
0
0
0.00353857300308391
0.00353857300308391
0
0
0
0
0
0
0
0
0
0
0
0
0
0
0
0
0
0
0
0
0
0
0
0
0
0
0
0
0
0
0
0
0
0
0
0
0
0
0
0
0
0
0
0
0
0.00353857300306777
0
0
0
0
0
0
0
0
10.8129149644409
0
0
0
0
0
0
0
0
0
0
0
0
0
0
0
0
0
0
0
0
0
0
0
0
0
0
0
0
0
0
0
0
0
0
0
0
0
0
0
0
0
0
0
0
0
0
0
0
0
0
0
0
0
0
0
0
0
0
0
0
0
0
0
0
0
82.2818551015637
82.2818551015637
82.2818551015637
0
0
0
0
81.9275132800116
81.9275132800116
0
0
0
0
0
0
0
0
0
0
0
0
0
0
0
0
0
0
0
0
0
0
0
0
0
0
0
0
0
0
0
0
0
0
0
0
0
0
0
0
0
0
0
0
0
0
0
0
0
0
0
0
0
0
0
0
0
0
0
0
0
0
0
0
0
0
0
0
0
0
0
0
0
0
0
0
0
0
0
0
0
0
0
0
81.9370258121338
81.9370258121338
81.9370258121338
81.9370258121338
-81.9370258121338
0
0
0
0
0
0
0
0
0
0
0
0
0
0
0
0
0
0
0
0
0
0
0
0
0
0
0
0
0
0
0
0
0
0
0
0
0
0
0
0
0
0
0
0
0
0
0
0
0
0
0
0
0
0
0
0
0
0
0
0
0
0
0
0
0
0
0
0
0
0
0
0
0
0
0
0
0
0
0
0
0.00353857300306777
0.00353857300306777
0.00353857300306777
0.00353857300306777
0.00353857300306777
0
0
0
0
0
0
0
0
0
0
0
0
0
0
0
0
0
0
0
0
0
0
0
0
0
0
0
0
0
0
0
0
0
0
0
0
0
0
0
0
0
0
0
0
0
0
0
0
0
14.484538312424
14.484538312424
-14.4845383124241
4.81992276713419
-2.40819209706558
2.40819209706556
2.40819209706556
2.40819209706556
2.40819209706556
2.40819209706556
2.40819209706556
2.40819209706556
2.40819209706556
2.40819209706556
2.40819209706556
0
2.40819209706556
2.40819209706558
2.40819209706556
2.40819209706556
2.40819209706556
2.40819209706556
2.40819209706556
2.40819209706556
0
0
0
2.40819209706556
2.40819209706556
0
2.40113546452611
0
0
0
0
0
0
0
0
0
0
0
0
0
0
0
0
14.484538312424
14.484538312424
4.81992276713419
4.81992276713419
0
0
0
0
0
0
0
0
0
0
0
0
0
0
0
0
0
0
0
0
0
0
0
0
0
0
0
0
0
0
0
0
0
0
0
0
0
0
0
0
0
0
0
0
0
0
0
0
0
0
0
0
0
0
0
0
0
0
0
0
0
0
0
0
0
0
0
0
0
0
0
0
0
0
0
0
0
0
0
0
0
0
0
0
0
0
0
0
0
0
0
0
0
0
0
0
0
0
0
0
0
0
0
0
0
0
0
0
0
0
0
0
0
0
0
0
0
0
0
0
0
0
0
0
0
0
0
0
0
0
0
0
0
0
0
0
0
0
0
0
0
0
0
0
0
0
0
0
0
0
0
0
0
0
0
0
0
0
0
0
0
0
0
0
0
0
0
0
0
0
0
0
0
0
0
0
0
0
0
0
0
0
0
0
0
0
0
0
0
0
0
0
1.15897325964922
0.0247289840881055
0.0247289840881055
0
0
0
0
-0.0247289840881422
0.0247289840881055
0
0
0
1.13424427556111
0
0
0
0
0
0
0
0
0
0
0
0
0
0
0
0
0
0
0
0
0
0
0
0
0
0
0
0
0
0
0
0
0
0
0
0
0
0
0
0
0
0
0
0
0
0
0
0
0
0
0
0
0
0
0
0
0
0
0
0
0
0
0
0
0
0
0
0
0
0
0
0
0
0
0
0
0
0
0
0
0
0
0
0
0
0
0
0
0
0
0
0
0
0
0
0
0
0
0
0
0
0
0
0
0
0
0
0
0
0
0
0
0
0
0
0
0
0
0
0
0
0
0
0.00353857300306777
0
0
0
0
0
0
0
1.52576088178942
0
0
0
0.956672870118276
0.956672870118276
0.956672870118276
0
0
0
9.50811830795417
0
0
1.30833522948982
0
0
9.50811830795417
0.00353857300306777
0
0
0
0
-1.30833522948978
1.30833522948982
0
0
0
0
0.359224990755875
0
10.6670915676034
0
0
0
0.238616063384646
0
0.217425652299608
0
10.6670915676034
10.6670915676034
0
0
0
0
0
0
0
0
0
0
0
0
0
0
-10.8129149644409
0
0
0
0
0
0
0
0
0
0
0
0
0
0
0
0
0
0
0
0
0
0
0
0
0
0
0
0
0
0
0
0
0
0
0
0
0
0
0
0
0
0
0
0
0
0
0
0
0
0
0
0
0
0
0
0
0
0
0
0
0
0
0
0
0
0
0
0
0
0
0
0
0
0
0
0
0
0
0
0
0
0
0
0
0
0
0
0
0
0
0
0
0
0
0
0
0
0
0
0
0
0
0
0
0
0
0
0
0
0
0
0
0
0
0
0
0
1000
0
0
1000
1000
0
0
0
0
0
0
0
0
0
0
0
0
0
0
0
0
0
0
0
0
0
0
0
0
0
0
0
0
0
0
0
0
0
0
0
0
0
0
0
0
0
0
0
0
0
0
0
0
0
0
0
0
0
0
0
0
0
0
0
0
0
0
0
0
0
0
0
0
0
0
0
0
0
0
0
0
0
0
0
0
0
0
0
0
0
0
0
0
0
0
0
0
0
0
0
0
0
0
0
0
0
0
0
0
0
0
0
0
0
0
0
0
0
0
0
0
0
0
0
0
0
0
0
0
0
0
0
0
0
0
0
0
0
0
0
0
0
0
0
0
0
0
0
0
0
0
0
0
0
0
0
0
0
0
0
0
0
0
0
0
0
0
0
0
0
0
0
0
0
0
0
0
0
0
0
0
0
0
0
0
0
0
0
0
0
0
0
0
0
0
0
0
0
0
0
0
0
0
0
0
0
0
0
0
0
0
0
0
0
0
0
0
0
0
0
0
0
0
0
0
0
0
0
0
0
0
0
0
0
0
0
0
0
0
0
0
0
0
0
0
0
0
0
0
0
0
0
0
0
0
0
0
0
0
0
0
0
0
0
0
0
0
0
0
0
0
0
0
0
0
0
0
0
0
0
0
0
0
0
0
0
507.459362822498
0
507.459362822498
0
0
0
0
0
0
0
0
0
0
0
0
0
0
0
0
0
0
0
0
0
0
0
0
0
0
0
0
1000
0
0
0
0
0
0
0
0
0
0
0
0
0
0
0
0
0
0
0
0
0
0
0
0
0
0
0
0
0
0
0
0
0
0
0
0
0
0
0
0
0
0
0
0
0
0
0
0
0
0
0
0
0
0
0
0
0
0
0
0
0
0
0
0
0
0
0
0
0
0
0
0
0
0
0
0
0
0
0
0.161171743556394
0.161171743556394
0
0
0
0.161171743556338
0
0.161171743556394
0
0
0
0
0.0247956528548299
0
999.991168952592
0
0
0
0
0
0
0
0
0
0
0
0.975295678956648
0
0
0
0
0
0
0.975295678956648
0
0.975295678956648
0.975295678956627
0
0
0
0
0
0
0
0
0
0
0
0
0
0
0
0
0
0
0
0
0
0
0
0
0
0
0
0
0
0
0
0
0
0
0
0
0
522.192793633327
522.192793633327
0
0
0
0
0
0
0
0
0
0
0
0
0
0
0
0
0
0
0
0
0
0
0
0
0
0
0
0
0
0
0
0
0
0
0
0
0
0
0
0
0
0
0
0
0
0
0
0
1000
-990.42805318573
1000
0
0
0
-1000
-1000
1000
162.224640612563
0
0
0
-970.145110156242
970.145110156242
0
0
0
0
0
0
0
0
0
0
0
0
0
0
0
0
0
0
0
0
0
0
0
0
0
0
0
0
0
0
0
0
0
0
0
0
0
0
0
0
1000
0
0
0
0
0
0
0
0
0
0
0
0
0
0
0
-999.996461426997
-1000
1000
-1000
1000
999.996461426997
-1000
0
0
0
0
0
0
0.00353857300308391
0
0
0
0
0
0
0
0
0
0
0
0
0
0
0
0
0
0
0
0
0.0141235218122444
0
0.00353857300306777
0.0211904110850377
1000
0.00176415813486277
0.00176415813486277
1000
0
0.0123593636773816
0.00176415813486277
0.0264931422230049
-0.00176415813484709
0.00176415813486277
0.00176415813486277
0.00176415813486277
0.00176415813486277
0.00176415813486277
-0.00176415813484709
-0.00352831626969419
-0.005302731137931
0.00176415813486277
0.00176415813486277
0.00176415813484709
0.00176415813486277
-0.005302731137931
-0.00176415813484709
0.00353857300308391
0.00176415813486277
0.00176415813486277
0.00353857300306777
0.00353857300306777
-0.00353857300308391
-0.00353857300308391
0.00353857300308391
0.00353857300308391
0.00176415813486277
0.00176415813486277
0.00176415813486277
0.00176415813486277
0.0388730193670881
-0.005302731137931
-999.975271015912
0
0
0
0
0
0
-1000
0
0
0
0.00353857300306777
0
0
0
0
0.00176928650153388
0.00353857300308391
0.00353857300308391
0
0
0.00353857300306777
0.00353857300306777
0
0
0
0
0.00705663253945108
0.00176415813486277
0.00529247440458831
0.00176415813486277
-0.00176415813484709
0.00176415813486277
0.00176415813486277
0.00176415813486277
0.00176415813486277
0.00176415813486277
0.00176415813486277
0.00352831626972554
0.00176415813486277
0.00176415813486277
0.00176415813486277
0.00176415813486277
0.00176415813486277
0
0.00176415813486277
0.00353857300306777
0.00353857300306777
0.00353857300306777
0.00353857300306777
0.00353857300306777
0.00353857300306777
0.00353857300306777
0.00353857300306777
0.00353857300306777
0.00353857300306777
0.00353857300306777
0.00353857300306777
0.00353857300306777
0.00353857300306777
0
0
0
0
0
0
0
0
0
0
0
0
-0.00353857300308391
0
0
0
0
0
0
0
0
0
0
0
0
0
0
0
0
0
0
0
0
0
0
0
0
0
0
0
0
0
0
0
0
0
0
0
0
0
0
0
0
0
0
0
0
0
0
0
0
0
0
0
0
0
0
0
0
0
0
0
0
0
0
0
0
0
365.481492040426
500
0
0
0
0
0
0.00353857300306777
0
0
0
0
0
0
0
0
0
0
0
0
0
0
0
0
0
0
0
0
0
0
0
-1000
0
0
0
-331.927513280012
0
0
0
0
0
0.00951253212220244
0
0
0
0
0.00951253212220244
0
0
0
0.00951253212220244
0.00951253212220244
0.00951253212220244
0
0
0
0
0
0
0
0
0.00951253212220244
0.00951253212220244
0
0.00951253212220244
0.00951253212220244
0
0.00951253212220244
0.00951253212220244
0.00951253212220244
0.00951253212220244
0.00951253212220244
0.00951253212220244
0
0.00951253212220244
0.00951253212220244
0.00951253212220244
0
0.00951253212220244
0
0.00951253212220244
0.00951253212220244
0.199763174566251
0.0603341227395289
0.27348529851332
0.275863431543871
0.140309848802486
0.00951253212220244
0.00951253212220244
0.664659555496138
0.00951253212220244
0.00951253212220244
0.00951253212220244
0.00951253212220244
4.55412475350442
0.0689658578859677
0.511298601568381
0
0.0297552894246408
0
0.00951253212220244
0.00951253212220244
0.0903690551609232
0.00951253212220244
0.00951253212220244
0.00951253212220244
0
-1000
0
0
-1.13424427556106
1000
0
0
0
0
0
-1000
-1000
-1000
0
0.975295678956648
-1000
1000
1000
0
520.884458403837
-8.72613812012048
-1000
-1000
0
0
1000
0
0
0
0
0
-346.987381667764
1000
-10.6670915676034
0
0
0
-991.112690136323
1000
-0.00353857300308391
0
0
-0.956672870118268
0
712.998088322481
0
0
0
1.1465933825051
-8.88023271767111
1000
577.353792703569
-577.353792703569
-1000
0
1000
0
0
-1000
0
0
1000
0
1000
-450.157250624642
0
758.519625956339
0
0
-1000
1000
1000
1000
0
0
0
0
0
0
0
0
0
0
0
0
0
0
1000
0
0
0
0
0
0
0
842.724960685833
1000
0
0
0
1000
0
0
0
0
0
0
0
0
0
-1000
-1000
-1000
-1000
1000
-1000
-1000
-282.338281362922
-1000
-145.071016648163
-1000
-1000
1000
-1000
1000
-792.394359469754
1000
-1000
1000
-226.199508047592
1000
-1000
-1000
-1000
-1000
1000
1000
1000
1000
1000
1000
1000
-1000
-1000
-1000
-1000
-1000
-1000
-969.207059940776
-1000
-1000
1000
-1000
-1000
-1000
-1000
-1000
-1000
-1000
-17.1575019976246
-1000
1000
-1000
1000
-1000
-1000
-1000
-1000
-800.50196976243
189.217240582019
-1000
-1000
-1000
-1000
-1000
-1000
-1000
-727.754339972189
-1000
-1000
1000
-1000
-1000
1000
1000
-986.953772806162
-1000
-1000
-1000
-1000
-1000
-1000
1000
-1000
-1000
1000
-1000
1000
-1000
1000
1000
1000
-1000
-1000
1000
1000
1000
1000
-1000
-1000
1000
-1000
1000
-1000
-1000
-1000
-1000
-1000
979.413949832597
1000
1000
1000
1000
1000
1000
1000
-1000
1000
-1000
-1000
-1000
-33.9207821756022
0
1000
976.580010136502
-1000
-1000
-1000
0
0
0
0
0
0
0
0
0
0
0
0
0
0
0
0
0
0
0
0
0
0
0
0
0
0
0
0
0
0
0
0
0
0
0
0
0
0
0
0
0
0
0
0
0
0
0
0
0
0
220.658982996428
0
0
0
0
0
0
0
0
0
0
0
0
0
0
0
0
0
0
0
0
0
0
0
0
0
0
0
0
0
0
0
0
0
0
0
0
0
0
0
0
0
0
0
0
0
0
0
0
0
0
0
0
0
0
0
0
0
0
0
0
0
0
0
0
0
0
0
0
0
0
0
0
0
0
0
0
0
0
0
0
0
0
0
0
0
0
0
0
0
0
0
0
0
0
0
0
0
0
0
0
0
0
0
0
0
0
0
0
0
0
0
0
0
0
0
0
0
0
0
0
0
0
0
0
0
0
0
0
0
0
0
0
0
0
0
0
0
0
0
0
0
0
0
0
0
26.0107381384111
0
0
0
0
0
0
0
0
0
0
0
0
0
0
0
0
0
0
0
0
0
0
0
0
0
0
0
0
0
0
0
0
0
0
0
0
0
0
0
0
0
0
0
0
0
0
0
0
0
0
0
0
0
0
0
0
0
0
0
0
0
0
0
0
0
0
0
0
0
0
0
0
0
0
0
0
0
0
0
0
0
0
0
0
0
0
0
0
0
0
0
0
0
0
0
0
0
0
0
0
0
0
0
0
0
0
0
0
0
0
0
0
0
0
0
0
0
0
0
0
0
0
0
0
0
0
0
0
1000
1000
-1000
1000
1000
1000
973.245936852095
-1000
-1000
-1000
1000
-1000
1000
1000
1000
409.798441696768
-1000
-1000
1000
-1000
1000
1000
-1000
997.591807902934
-1000
-1000
-1000
-1000
436.601973069583
-1000
-1000
-1000
-1000
-1000
590.201558303232
-1000
1000
-1000
-1000
-1000
-1000
1000
-1000
-1000
-1000
1000
-1000
-973.245936852095
-590.201558303232
-409.798441696768
-1000
-1000
-1000
973.245936852095
-1000
0
0
0
0
0
1000
0
0
0
0
-1000
0
0
0
1000
0
-1000
-422.485035552875
-951.536656780221
0
0
0
0
0
0
1000
0
0
0
0
0
0
0
0
0
-0.00353857300308391
0.00353857300306777
0
0
-0.00353857300308391
-0.00353857300308391
0
0
0
0
0
0
0
0
0
0
0
0
0
0
0
0
0
0
0
0
105.368099309254
0
0
0
0
0
0
0
0
0
0.00353857300306777
0
0
-1000
162.214024893554
1000
1000
1000
0
0
0
0
-0.00353857300308391
0.35922499075582
0
0
0
0
0
0
0
0
0
0
0
0
0
0
0
0
-1000
0
0
-1000
0
0
0.00353857300306777
0
0
0
0
-654.040045530617
0
0
0
0
0
0
0
-1000
1000
0
0
0
0
66.8421952643656
994.241738975529
0
0
0
0
0
0
0
0
0
2.57551807208631
0
0
0
0
0
0
0
0
0
0
0
0
0
0
0
0
0
0
0
0
0.00353857300306777
0
0
0
0
1000
0
-998.086654259763
0
0
1.91334574023655
0
0
0
0
0.00529247440458831
1000
0
0
0
0
0
0
0
0
0
0
0
0
0
0.00353857300308391
667.043470505263
-120.636260799086
-1000
621.904161400744
0
0
637.467013209538
-330.47733852655
1000
0
0
0
0
0
8.89084843668036
-8.88730986367682
0
1000
0
0
0
0
1000
0
0
-62.7877942546412
0
0
-1000
0
-1000
1000
0
0
0
0
0
0
0
0
0
0
0
-1000
1000
0
0
0
0
0
0
0
0
0
0
0
0
1000
0
667.616392879218
0
0
0
0
0
0
0
0
0
0
0.956672870118276
0
0.00353857300306777
-0.00353857300308391
0.00353857300306777
0.00353857300306777
0
0
0.00353857300308391
0
0
0
0.956672870118268
0
0
-0.0106157190092517
-1000
-1000
-1000
1000
-1000
1000
0
0
-667.616392879218
-341.270916984458
-1000
-1000
0
0
0
0
0
0
0
0
0
0
0
0
0
0
0
0
0
0
0
0
0
0
0
0
0
1000
0
0
0
0
0
0.00176415813486277
0
62.7877942546411
0
0
0
0
0
0
0.00353857300306777
0
0
0
0
0
0
0
0
0
0
-1000
0
250
0
0
0
0
0
0
0
0
0
0
0
1000
0
0
0
1000
0
0
0
0
0
0
0
0
0
0
0
0
0
0
0
0
0
0
0
0
0
0
0
0
0
0
0
2.28212316864517
0
0
0
0
0
0
0
0
0
0
0
0
0
0
0
0
0
0
0
0
0
0
0
0
0
0
0
0
0
0
0
0
0
0
0
0
0
0
0
0
0
0
0
0
0
0
0
0
0
0
0
0
0
0
0
0
0
0
0
0
0
0
0
0
0
0
0
0
0
0
0
0
0
0
0
0
0
0
0
0
0
0
0
0
0
0
0
0
0
0
0
0
0
0
0
0
0
0
0
0
0
0
0
0
0
0
0
0
0
0
-999.987650893056
0
0.00176415813484709
0
0.0194159962168214
0
0
-0.0123491069440433
0
1000
0.0158876799471273
0
0
0
0
0
0
0
0
0
0
0
0
0
0
0
0
0
0
0
0
0.00353857300308391
0.00353857300306777
0.00353857300306777
-1000
-1000
0
-158.847297446013
-1000
0
0
0
0
0
0
-1000
0
0
0
0
0
0
0
0
0
0
0
-1000
0.00951253212224401
1000
1000
-1000
-1000
-999.990487467878
-1000
-1000
-1000
0
0
0
0
0
0
0
0
0
0
-1000
0
1000
0.387584858447128
0.00353857300306777
0.00353857300306777
0.00353857300306777
0.00353857300306777
0.00353857300306777
0
0
0
0
1000
654.54559918541
0
0
0
0
0.00951253212220244
0
0
0
0
0
0
0
0
0
1000
0
0
0
0
0
0
1000
-999.990487467878
0
1000
0
0
-1000
0
0
0
0
0
0
0
0
0
250
0
0
0
0
0
0
0
0
0
0
0
0
0
0
0
0
0
0
0
0
0
0
0
0
0
0
0
0
0
0
0
0
0
0
0
0
0
1000
0
0
0
0
0
0
0
0
0
-1000
0
0
0
0
0
0
0
71.2466726157782
1000
568.141575041547
-1000
-1000
-1000
1000
0
0.0211904110850377
0
0
0
0
0
-1000
-1000
0
0
0
0
0
999.978768561982
3.96446676054811
0
0
0
0
0.569088011671149
0.569088011671149
-1000
-999.985886734921
0
0
0
0
0
0
0
0
-1000
0
0
999.996461426997
0
0
0
0
1000
0.00353857300306777
0
0
0
0
0
0
0
0
162.217563466557
-1000
0
0
1000
0
0
0
-1000
0
0
0
-917.718144898436
0
0
-1000
0
0
0
-1000
-1000
0
0
0
0
-81.9370258121338
0
1000
81.9275132800117
0
0
-89.9312924830468
89.9312924830468
-1000
1000
-1000
0
0
0
0
0.00826521761825916
-1000
0
0
-1000
0
0
0
0.00951253212220244
0.000880796975763605
0
0
0
0
0
0
0
0
658.729083015542
0
1000
0
0
0
0
0
0
0
0
0
-1000
1000
0
-1000
1000
-1000
-1000
0
0
0
0
0
0
0
0
0
-1000
0
0
-1000
0.00176415813486277
0.00176415813486277
0
153.337330748886
-507.459362822498
-507.459362822498
413.09973763799
0
0
0
0
0
0
0
0
0
0
0
0
0
0
0
0
0
0
0
0
0
0
0
0
0
0.00353857300308391
0
0
0
0
0
0
0
0
0
0
0
0
0
0
0
0
0
0
0
0
0
0
0
0
0
0
0
0
0
0
0
0
0
0
0
0
0
0
0
0
0
0
0
0
0
0
-1000
0
-1000
0
0
0
0
0
0
-1000
0
0
0
0
0
0
0
0
0
0
0
-1000
0
0
0
0
0
0
0
0
0
0
0
0
0
1000
0
0
0
1.91334574023676
0
0
0
0
0
0
0
0
0
0
0
0
0
0
0
81.9275132800116
0
0
0
0
0
0
0
0
0
0
0
0
0
0
0
0
0
0
0
0
0
0
0
0
81.9275132800116
0
0
0
0
0
0
0
0
0
0
0
0
0
0
0
0
0
0
0
0
0
0
0
0
0
0
0
0
0
0
0
0
0
0
0
0
0
0
0
0
0
0
0
0
0
0
0
0
0
0
0
0
0
0
0
0
0
0
0
0
0
0
0
0
0
0
0
0
0
0
0
0
0
0
0
0
0
0
0
0
0
0
0
0
0
0
0
0
0
0
0
0
0
0
0
0
0
0
0
0
0
0
0
0
0
0
0
0
0
0
0
0
0
0
0
0
0
0
0
0
0
0
0
0
0
0
0
0
0
0
0
0
0
0
0
0
0
0
0
0
0
0
0
0
0
-1000
0
0
0
0
0
0
0
0
0
0
0
0
0
0
0
0
0
0
0
0
0
445.717003908718
0
0
112.383670575385
0
-54.2857511638215
0
732.427705131324
-1000
267.733466612233
0
0
0
0
-1000
0
0
0
0
1000
0.0212314380184066
0
0
0
0
654.015275519597
0
0
0
0
0
0
0
0
0
0
0
0
0
0
0
0
0
0
0
0
0
0
0
0
0
0
0
0
0
0
0
0
0
0
0
0
0
0
0
0
0
0
0
0
0
0
0
0
0
0
0
0
0
0
0
0
0
0
0
0
0
0
0
0
0
0
0
0
0
0
0
0
0
0
0
0
0
0
0
0
0
0
0
0
0
0
0
0
0
0
0
0
0
0
0
0
0
0
0
0
0
0
0
0
0
0
0
0
0
0
0
0
0
0
0
0
0
0
0
0
0
0
0
0
0
0
0
0
0
0
0
0
0
0
0
0
0
0
0
0
0
0
0
0
0
0
0
0
0
0
0
0
0
0
0
0
0
0
0
0
0
0
0
0
0
0
0
0
0
0
0
0
0
0
0
0
0
0
0
0
0
0
0
0
0
0
0
0
0
0
0
0
0
0
0
0
0
0
0
0
0
0
0
0
0
0
0
0
0
0
0
0
0
0
0
0
0
0
0
0
0
0
0
0
0
0
0
0
0
0
0
0
0
0
0
0
0
0
0
0
0
0
0
0
0
0
0
0
0
0
0
0
0
0
0
0
0
0
0
0
0
0
0
0
0
0
0
0
0
0
0
0
0
0
0
0
0
0
0
0
0
0
0
0
0
413.09973763799
0
0
0
0
0
0
0
0
0
0
0
-1000
0
0
0.975295678956648
0
0.00353857300308391
27.1600545690626
-1000
0
0
0
0
0
0
0
0
0
0
0
0
0
0
0
0
0
0
0
0
0
0
0
0
0
0
0
0
0
0
0
0
0
0
0
0
0
0
0
0
0
0
0
0
0
0
0
0
0
0
0
0
0
0
0
0
0
0
0
0
0
0
0
0
0
0
0
0
0
0
0
0
0
0
0
0
0
0
0
0
0
0
0
0
0
0
0
0
0
0
0
0
0
0
0
0
0
0
0
0
0
0
0
0
0
0
0
0
0
0
0
0
0
0
0
0
0
0
0
0
0
0
0
0
0
0
0
0
0
0
0
0
0
0
0
0
0
0
0
0
0
0
0
0
0
0
0
0
0
0
0
0
0
0
0
1000
0
0
-26.7540631479051
837.785975106446
0
0
0
0
0
0
0
1000
0.00353857300308391
0
0
-837.785975106446
1000
0
0
0
0
0
0
0
0
0
0
0
0
0
0
0
499.997065719536
0
499.997065719536
0
0
1000
0
0
0
0
0
0
0
0
0
0
0
0
0
0
0
0
0
0
0
0
0
0
0
0
0
0
0
0
0
0
0
0
0
0
0
0
0
0
0
0
0
0
0
0
0
0
0
0
0
0
0
0
0
0
0
0
0
0
0
0
0
0
0
0
0
0
0
0
0
0
0
0
0
0
0
0
0
0
0
0
0
0
0
0
0
0
0
0
0
0
0
0
0
0
0
0
0
0
0
0
0
0
0
0
0
0
0
0
0
0
0
0
0
0
0
0
0
0
0
0
0
0
0
0
0
0
0
0
0
0
0
0
0
0
0
0
0
0
0
0
0
0
0
0
0
0
0
0
0
0
0
0
0
0
0
0
0
0
0
0
0
0
0
0
0
0
0
0
0
0
0
0
0
0
0
0
0
0
0
500
85.4727778518784
0
0
-0.956672870118268
0
0
456.210951784401
18.9065784608355
41.3260880913832
0.102567333422254
85.4727778518784
0
0
0
0
0
0
0
0
0
0
0
0
0
0
0
0
0
0
0
0
0
0
0
0
0
1000
-1000
0
-1000
0
-0.00353857300308391
0
1000
-642.564571539483
0
693.150834016522
0
-1000
-250
0
500
0
0
0
0
-23.7813303055061
0
0.00353857300308391
0
0
0
0
0
0
0
0
0
0
0
0
0
0
0
0
0
0
0
0
331.927513280012
0
0
0
0
1.1465933825051
-4.55412475350442
-0.199763174566215
0
-10.5007923121037
-20.5860501674026
-41.9823438060911
-32.9214130887634
-10.2807896555518
9.74746761321671
-26.0107381384112
-4.51219341557862
-30.7929400592237
1000
-1000
0
0
0
0
-1000
7.4168706210653
-17.1575019976246
-176.812700471022
-13.0462271938381
989.907378664889
-23.4199898634985
137.267264714759
-23.5601737664533
796.498519001197
0
0
-991.119767282329
994.241738975529
0
502.266497079115
0
0
1000
-1000
0
0
0
-10.6670915676034
0.35922499075582
0
1000
-1000
0
0
0
0
0
0
0
0
0
0
-0.00353857300308391
-0.00353857300308391
0
0
0
0
0
0
0
0
0
0
0
0
105.368099309254
0
0
0
0
0
590.201558303232
0
1000
0
0
-1000
1000
0
-0.00353857300308391
-0.00353857300308391
-0.975295678956627
0
0
0
-0.00353857300308391
0
-0.00353857300308391
0
0
0
-0.00353857300308391
0
0
0
-0.00353857300308391
0
0
0
0
0
1000
0
0
0
0
0
-26.7540631479051
0
0
0
0
0
162.214024893554
0
0
0
0
0
0
0
-1000
0
0
0
-565.806219027483
0
991.119767282329
0
0
-0.00353857300308391
-1000
0
0
0
-1000
0
0
0
0
0
0
0
0
0
-654.040045530617
-0.956672870118268
-951.536656780221
-422.485035552875
-1000
0
0
0
0
0
712.998088322481
0
0
0
2.40819209706558
0
0
0
0
0
0
-577.353792703569
0
500
-1000
0
1000
-997.733502920885
1000
0
0
520.884458403837
0
0
0
0
0
0
0
0
0
0
-1000
-1000
0
0
0
0
0
-0.0494682249097878
0
0
0
0
837.782436533443
-991.112690136323
1000
0
0
0
0
0
-8.72613812012048
-502.266497079115
577.353792703569
-346.987381667764
0
0
0
0
0
0
0
0
0
0
0
1000
0
-0.0297552894246564
-0.00951253212224401
-2.57551807208631
0
-0.140309848802531
-0.664659555496087
-0.090369055160977
-0.511298601568342
-0.273485298513265
0
0
0
0
0
-0.00951253212224401
-1000
-0.00951253212224401
-0.00951253212224401
0
-0.068965857885928
0
-0.00951253212224401
0
0
0
-3.96446676054813
0
0
-0.00951253212224401
-0.0603341227395049
0
-0.00951253212224401
-0.00951253212224401
-0.00951253212224401
-0.00951253212224401
-0.275863431543826
0
0
0
0
0
-1000
1000
0
0
-1000
1000
-0.00353857300308391
0
1000
-1000
0
0
0
-1000
0
0
0
0
0
0
0
0
0
0
0
0
0
0
0
0
0
0
0
1000
-1000
-153.337330748886
153.337330748886
153.337330748886
0
-502.266497079115
-1000
-0.00951253212224401
-0.00951253212224401
0
0
0
0
1000
267.572294868676
-267.733466612233
1000
0.0212314380183898
0
0
0
0
654.015275519597
1000
-1000
0
0
0
0
0
0
0
0
0
0
0
0
0
0
0
0
0
0
0
0
0
0
0
0
0
0
0
0
0
0
0
0
0
0
0
0
0
0
0
0
0
0
0
0
0
0
0
0
0
0
0
0
0
0
0
0
0
0
0
0
0
0
0
0
0
0
0
0
0
0
0
-0.00951253212224401
0
0
0
0
0
0
0
0
0
0
0
0
0
0
0
0
0
0
0
0
0
0
0
0
0
0
0
0
0
0
0
0
0
0
0
0
0
0
0
0
0
0
0
0
0
0
0
0
0
0
0
0
0
0
0
0
0
0
0
0
0
0
0
0
0
0
0
0
0
0
0
0
0
0
0
0
0
0
0
0
0
0
0
0
0
0
0
0
0
0
0
0
0
0
0
0
0
0
0
0
0
0
0
0
0
0
0
0
0
0
0
0
0
0
0
0
0
0
0
0
0
0
0
0
0
0
0
0
0
0
0
0
0
0
0
0
0
0
0
0
0
0
0
0
0
0
0
0
0
0
0
0
0
0
0
0
0
0
0
0
0
0
0
0
0
0
0
0
0
0
0
0
0
0
0
0
0
0
0
0
0
0
0
0
0
0
0
0
0
0
0
0
0
0
0
0
0
0
0
0
0
0
0
0
0
0
0
0
0
0
0
0
0
0
0
0
0
0
0
0
0
0
0
0
0
0
0
0
0
0
0
0
0
0
0
0
0
0
0
0
0
0
0
0
0
0
0
0
0
0
0
0
0
0
0
0
0
26.7540631479051
0
1000
0
0
1000
-27.1600545690627
0
0
0
0
0
0
0
0
0
0
0
0
0
0
0
0
0
0
0
0
0
0
0
1000
0
-1000
0
-1000
-0.00353857300308391
0
0
0
0
0
0
0
0
998.865755724439
0
0
0
0
0
-1000
0
0
0
0
0
0
0
0
0
0
0
0
0
0
0
0
0
0
0
0
0
0
0
0
0
0
0
0
0
0
0
0
0
0
0
0
0
0
0
0
0
0
0
0
0
0
0
0
0
0
0
0
0
0
0
0
0
0
0
0
0
0
0
0
0
0
0
0
0
0
0
-0.00951253212224401
-0.00951253212224401
-0.00951253212224401
-0.00951253212224401
0
-0.00951253212224401
0
0
-0.00951253212224401
-0.00951253212224401
-0.00951253212224401
-0.00951253212224401
0
-0.00951253212224401
-0.00951253212224401
-0.00951253212224401
-0.00951253212224401
-0.00951253212224401
-0.00951253212224401
-0.00951253212224401
0
-0.00951253212224401
-0.00951253212224401
-0.00951253212224401
0
-1000
85.4727778518784
0
0
0
0
0
0
0
0
0
0
0
0
0
