0
0
0
0
0
0
0
0
-1000
0
791.227171645738
52.0553989608521
0
0
1000
0
999.848822136153
-999.848822136153
999.965303441084
0
0.034696558915652
0
-1000
-51.8373063048108
0
1000
50.6018945488581
0
-400.063404674854
0.00740575983473689
0
0
0
0
0
0.0191079675470184
0
0
0
20.8210108310501
0
0
0
0
0
465.456820963282
0
465.456820963282
0
465.456820963282
0
465.456820963282
0
465.456820963282
0
465.456820963282
0
0
465.456820963282
0
0
0
0
0
0
400.063404674854
0
0
0
0
0
0
0
0
0
0
0
0
0
0
0
-1000
0
258.197746742974
0
0
0
0
0
0
0
0
0
0
0
0
0
0
0
0
0
0
0
0
0
0
208.772828354262
0
0
0
0
0
0
436.605021105833
0
0
0
0
0
0
0
0
0
0
0
0
0
0
0
0
1000
0
0
-1000
0
0
0
0
-1000
0
0
0
-8.68637809559448
0
0
0
0
-1000
0
0
0.00529597941670138
0
0
0
-204.838748497149
-307.253166094449
1000
-102.419374248574
0
0
0
-1000
-102.419374248574
-102.419374248574
1000
-1000
0
0
1000
0
0
0.0052959794167009
0
0
-250.041852888571
593.811896661117
0
0
0
0
0
-2.33420600339275
0
0
0
0
0
0
0
-2.89001473750113
-1000
0
0
0
0
0
0
0
0
339.389314842547
0
0
0
0
0
-2.33668432902959
0
-999.997521674363
615.490712809668
0
0
0
1000
0
0
0
0
0
0
-41.7818870245744
0
0
-1000
999.315705330885
0
0.273717867646006
0
0
0
0
0.410576801469009
0
-1000
330.824024098248
330.824024098248
0
-1000
330.824024098248
0
0
0
0
0
0
0
0
0
0
0
-1000
0
1000
-1000
-1.65662613589984
-1000
1000
-1000
1000
-1000
589.463280372861
-0.573716751228289
1000
-1.28357687421351
0
999.438245334684
1000
1000
-1000
1000
0
0
1000
0
0.106568002383788
0
-0.106568002383824
0
0.0010579656906767
0
0
0
0
0
0
0
0
0
0
3.2419369779314
0
0
0
0
0
0
1000
0
1000
0.278674518919388
0
0
1000
0
-0.106568002383824
0
-0.410576801469006
0
0
0.410576801469006
1.28357687421351
0
0
0
0
0
0
-0.151177863846783
0
0
0
996.773212844721
0.410576801469006
0
-1000
-0.573716751228289
0
0.00212208234467709
0
0
0
0
0
0
0
0
0
0
0
0
0
0
0
1.36858933823003
0
5.76140230775489
0
0
0
0
0
0
0
0
1000
-1000
1000
590.961646835814
-1000
1000
1000
-1000
-1000
-1000
1000
405.795358220564
1000
-1000
-1000
0
0
0
0
0
0
-1000
0
0
-1000
-1000
-1000
1000
0
0.0458395415463428
1000
0
0
0
0
0
0
0
0.573716751228241
0
1000
1000
1000
-405.475800811371
-1000
-1000
-1000
401.604923220964
-1000
1000
1000
1000
3.59715972276206
0
-1000
0
1000
-1000
-1000
-1000
-1000
-1000
1000
1000
0
0
0
-1000
1000
0
0
0
-596.295303168123
0
0
339.389314842548
1000
-154.908784171592
0
0
0
-17.4619082535185
0
0
0
0
0
0
0
435.611212525463
0
0
0
435.611212525463
0
0
0
0.00212208234467128
0
757.853915062083
-40.085266667272
-717.768648394811
0
500.712256572354
217.056391822457
0
0
0
0
0
0
0
0
0
0
0
0
0
0
0
0
0
0
0
0
1000
0
0
0
0
0
0
-1000
1000
0
0
0
0
0
0
0
0
0
0
0
0.00212208234472655
-1000
0
0
0
1000
0.0619581409207512
0.0619581409207512
0
0.410576801469006
0
0
0
0
0
0
0
0
0
0
0.0169766587573703
0
0
0
0
0
0
0
0
0
0
0
0
0
0
0
0
0
0
0
0
0
0
0
0
0
0
0
0
0
0
0
0
0
0
0
0
0
1000
0
0
0
0
0
0
-1000
0
0
0
0
0
0
0
0
0
0
0
0
0
0
0
0
0
0
0
0
0
0
0
0
0
0
0
-1000
0
0
0
0
0
0
0
0
0
0
0
0
1000
0
0
0
0
0
0
0
0
0
0
0
0
0
0
0
0
0
0
0
0
0
0
0
0
0
0
0
0
0
0
0
0
0
-1000
0
0
0
0
0
0
0
0
0
0
0
0
19.1975317238902
0
19.1975317238902
0
0
0
0
0
0
0
0
0
0
0
0
0
0
0
0
0
0
0
0
0
-1000
0
0.00247832563683229
0
0
0
0
0.448576940266644
0.448576940266644
0
0
0
0
0
0
0
0
0
0
0
0
0
0
0
0
0
0
0
0
0
0.00212208234467128
0
0
0
0
0
1000
0
0
0
-1000
0
0
1000
0
0
0
0
1.28872933115279
0
0
1.28872933115279
0
0
0
0
0
0
0
0
0
0
1.28872933115279
0
1.28872933115279
0
0
0
7.68787120441043
21.9145367784084
14.0077937959364
10.2596145966331
15.2115885752747
5.00669192315697
11.7096401262906
21.42207527777
19.7258189977933
6.23784567475295
12.0926657378983
24.9240237267541
19.6711010532779
6.07369184120682
10.0681017908293
13.9530758514211
18.084280662332
14.6370501578633
2.68117928125346
18.2484344958781
0
0
0
0
0
0
0
0
0
0
0
0
0
0
0
0
0
0
0
0
0
0
0
0
0
0
0
0
0
0
0
0
0
0
0
0
0
0
0
0
0
0
0
0
0
0
0
0
0
0
0
0
0
0
0
0
0
0
0
0
0
0
0
0
0
0
0
0
0
0
0
0
0
0
0
0
0
0
0
0
0
0
0
0
0
0
0
0
0
0
0
0
0
-1000
0
0
0
0
0
1000
1000
0
0
0
0
0
0
194.885732374836
163.644270724501
0
-17.4619082535185
-358.619222822263
-358.619222822263
-1000
0
-187.043710323971
0
-111.849985664473
924.73688222267
1000
358.53495975061
1000
0
-194.885732374836
836.355729275499
0
-1000
-1000
-1000
0
812.973266334786
0
0
0
187.043710323971
0
0
0
0
0
0
0
0
0
0
0
1000
406.763942172456
1000
1000
0
500
250.004062967562
2.50742421272469
5
0
0
0
0
0
0
93.4466856124
0
0
0
0.152461181514582
0
5.06933428535933
-0.152461181514582
-0.152461181514582
0.152461181514582
0
241.902969511432
414.50988803867
270.923686655223
0
0
0
0.00052821397491698
-0.152461181514582
0
0
-1000
-0.152461181514582
0
0
0
0
0
0
0
0
0
0
0
0
0
0
0
0
0
-1.10534356598066
0.952882384466079
0
4.42137426392242
0
0
0
-5.37690694470814
0
0
0
0
0
1.10534356598066
0
0
0.00212208234472655
0
0
0
0
0
0
0
0
0
0
0
0
0
0
0
0
0
0
0
0
0
0
0
0
0
0
0
0
0
0
0
0
0
0
0
0
0
0
0
0
0
1.10534356598066
0.00052821397491698
0
0
0
0
0
0
0
0
0
0
0
0
0
0
0
0
0
0
0
0
0
0
0
0
0
0
0
0
0
0
0
0
0
0
0
0
0
0
0
1000
0
0
0
0
0
0
0
0
0
0
0
0
0
0
0
0
0
0
0
0
0
0
0
0
0
0
0
0
0
0
0
0
0
0
0
0
0
0
0
0
0
0
0
0
0
0
0
0
0
0
0
0
0
0
0
0
0
0
0
0
0
0
0
0
0
0
0
0
0
0
0
0
0
0
0
0
0
0
0
0
0
0
0
0
0
0
0
0
0
0
0
0
0
0
0
0
0
0
0
0
0
0.152461181514567
0.152461181514567
93.7516079754291
0
0
0
0
0
0
0
0
0
0
0
0
0
0
0
0
0
0
0
0
0
0
0
0
0
0
0
0
0
0
0
0
0
0
0
0
0
0
0
0
0
0
0
0
0
0
0
0
0
0
0
0
0
0
0
0
0
0
0
0
0
0
0
0
0
0
0
0
0
0
0
0
0
0
0
0
0
0
0
0
0
0
0
0
0
0
0
0
0
0
0
0
0
0
0
0
0
0
0
0
0
0
0
0
0
0
0
0
0
0
0
0
0
0
0
0
0
0
0
0
0
0
0
0
0
0
0
0
0
0
0
0
0
0
0
0
0
0
0
0
0
0
0
0
0
0
0
0
0
0
0
0
0
0
0
0
0
0
0
0
0
0
0
0
0
0
0
0
0
0
0
0
0
0
0
0
0
0
0
0
0
0
0
0
0
0
0
0
0
0
0
0
0
0
0
0
0
0
0
0
0
0
0
0
0
0
0
0
0
1000
0
0
0
0
0
0
0
0
0
0
0
0
0
0
0
0
0
0
0
0
0
0
0
0
0
0
0
0
0
0
0
0
0
0
0
0
0
0
0
0
0
0
0
0
0
0
0
0
0
0
0
0
0
0
0
0
0
0
0
0
0
0
0
0
0
0
0
0
0
0
0
0
0
0
0
0
0
0
0
0
0
0
0
0
0
0
0
0
0
0
0
0
0
0
0
0
0
0
0
0
0
0
0
0
0
0
0
0
0
0
0
0
0
0
0
0
0
0
0
0
1000
1000
0
0
0
0
0
0
0
0
0
0
0
0
0
0
0
0
0
0
0
0
0
0
0
0
0
-1000
0
-1000
0
0
0
0
0
0
0
0
0
0
0
1000
1000
0
0
0
0
0
0
0
0
0
0
0
0
0
0
0
0
0
0
0
0
0
0
0
0
0
0
0
0
0
0
0
0
0
0
0
0
0
0
0
0
0
0
0
0
0
0
0
0
0
0
0
0
0
0
0
0
0
0
0
0
0
0
0
0
0
0
0
0
0
0
0
0
0
0
0
0
0
0
0
0
0
0
0
-645.653134002425
27.3528202692098
0
0
0.152461181514582
0
1000
0
0
93.5991467939145
0
629.950448720959
-270.923686655223
406.162638350747
0
0
0
0.00052821397491698
0
0
-1000
1000
0
0
0
0
0
0
0
0
0
0
0
0
0
-1000
-0.952882384466079
0
-4.42137426392242
0
5.37690694470814
0
0
0
0
1.10534356598066
0
0
-0.00212208234472655
0
0
0
0
0
93.4466856124
1000
-645.653134002425
-93.4466856124
-93.4466856124
0
-27.3379656927973
-999.987267505932
-0.0127324940680182
0
0
0.152461181514582
-0.152461181514582
0
0
99.1258646238175
-99.1258646238176
-1000
0
0
0
-93.5991467939145
-93.5991467939145
-1000
0
-370.049551279041
-629.950448720959
-1000
0
-593.837361649253
-406.162638350747
-1000
0
0
0
0
0
-1000
0
0
0
0
0
-1000
1000
-1000
0
0
0
-1000
0
0
0
1000
0
0
0
0
0
0
0
0
0
0
0
0
0
0
0
0
0
0
0
-998.894656434019
998.894656434019
-1000
0.953410598440996
-1000
0
-1000
4.42137426392242
-1000
0
-5.37478486236341
-5.37478486236341
0
0
0
0
0
0
1000
0
1000
0
-1000
0
1000
0
-1000
0
-1000
0
0
0
0
0
0
0
0
0
0
-1000
0
0
0
0
0
0
0
0
0
0
0
0
0
0
0
0
0
0
0
0
0
0
0
0
0
0
0
0
0
0
0
0
0
0
0
0.00052821397491698
-0.00052821397491698
0
0
0
0
0
0
0
0
0
0
0
0
0
0
0
0
0
0
0
0
0
0
0
0
0
0
0
0
0
0
0
0
0
0
-1.10534356598066
1.10534356598066
0.00052821397491698
-0.00052821397491698
0
0
0
0
0
0
-0.00212208234472655
-0.00212208234472655
0
0
0
0
0
0
0
0
0
0
1.10534356598066
-1.10534356598066
0
0
0
0
0.00212208234472655
0.00212208234472655
0
0
0
0
0
0
0
0
0
0
0
0
0
0
0
0
0
0
0
0
0
0
0
0
0
0
0
0
0
0
0
0
0
0
0
0
0
0
0
0
0
0
0
0
0.695036301389154
0.00212208234467128
0
0
0
0
0
0
0
0
0.0874502958115165
0
0
0
0
0
0
0
0
0
0
0
0
0
0
0
0
0
0
0
0
0
0
0
0
0
0
0
0
0
0
0
0
0
0
0
0
0
0
0
0
0
0
0
0
0
0
0
0
0
0
0
0
0
0
0
0
0
0
0
0
0
0
0
0
0
99.1258646238176
99.1258646238176
99.1258646238176
0
0
0
0
0
0
0
0
0
0
0
0
0
0
0
0
0
0
0
0
0
0
0
0
0
0
0
0
0
0
0
0
0
0
0
0
0
0
0
0
0
0
0
0
0
0
0
0
0
0
0
0
0
0
0
0
0
0
0
0
0
0
0
0
0
0
0
0
0
0
0
0
0
0
0
0
0
0
0
0
0
0
0
0
0
0
0
0
0
0
0
0
0
0
0
0
0
0
0
0
0
0
0
0
0
0
0
0
0
0
0
0
0
0
0
0
93.5991467939146
93.5991467939146
93.5991467939146
93.5991467939146
-93.5991467939145
0
0
0
0
0
0
0
0
0
0
0
0
0
0
0
0
0
0
0
0
0
0
0
0
0
0
0
0
0
0
0
0
0
0
0
0
0
0
0
0
0
0
0
0
0
0
0
0
0
0
0
0
0
0
0.00212208234467128
0.00212208234467128
0.00212208234467128
0.00212208234467128
0.00212208234467128
0
0
0
0
0
0
0
0
0
0
0
0
0
0
0
0
0
0
0
0
0
0
0
0
0
0
0
0
0
0
0
0
0
0
0
0
0
0
0
0
0
0
0
0
0
0
0
0
0
8.68637809559449
8.68637809559449
-8.68637809559448
2.89050783972726
-1.4441928786913
1.4441928786913
1.4441928786913
1.4441928786913
1.4441928786913
1.4441928786913
1.4441928786913
1.4441928786913
1.4441928786913
1.4441928786913
1.4441928786913
0
1.4441928786913
1.4441928786913
1.4441928786913
1.4441928786913
1.4441928786913
1.4441928786913
1.4441928786913
1.4441928786913
0
0
0
1.4441928786913
1.4441928786913
0
1.43996101592859
0
0
0
0
0
0
0
0
0
0
0
0
0
0
0
0
8.68637809559449
8.68637809559449
2.89050783972726
2.89050783972726
0
0
0
0
0
0
0
0
0
0
0
0
0
0
0
0
0
0
0
0
0
0
0
0
0
0
0
0
0
0
0
0
0
0
0
0
0
0
0
0
0
0
0
0
0
0
0
0
0
0
0
0
0
0
0
0
0
0
0
0
0
0
0
0
0
0
0
0
0
0
0
0
0
0
0
0
0
0
0
0
0
0
0
0
0
0
0
0
0
0
0
0
0
0
0
0
0
0
0
0
0
0
0
0
0
0
0
0
0
0
0
0
0
0
0
0
0
0
0
0
0
0
0
0
0
0
0
0
0
0
0
0
0
0
0
0
0
0
0
0
0
0
0
0
0
0
0
0
0
0
0
0
0
0
0
0
0
0
0
0
0
0
0
0
0
0
0
0
0
0
0
0
0
0
0
0
0
0
0
0
0
0
0
0
0
0
0
0
0
0
0
0
0.695036301389154
379.700229521605
379.700229521605
0
2.16259053876179
2.16259053876179
0
-381.862820060366
0
2.16259053876179
0
379.005193220216
0
0
1000
0
2.16259053876179
0
2.16259053876179
2.16259053876179
0
0
0
0
0
0
0
0
0
0
0
0
0
0
0
0
0
0
0
0
0
0
0
0
0
0
0
0
0
0
0
0
0
0
0
0
381.862820060366
0
0
0
0
0
0
0
0
0
0
0
0
0
0
0
0
0
0
0
0
0
0
0
0
0
0
0
0
0
0
0
0
0
0
0
0
0
0
0
0
0
0
0
0
0
0
0
0
0
0
0
0
0
0
0
0
0
0
0
0
0
0
0
0
0
0
0
0
0
0
0
0
0
0
0
0
0
0.695036301389154
0.00212208234467128
0
0
0
0
0
0
0
0.914998850279033
0
0
0
0.573716751228241
0.573716751228241
0.573716751228241
0
0
0
0
0
0
0.784608679545342
0
0
0
0.00212208234467128
0
0
0
0
-0.784608679545386
0.784608679545342
0
0
0
0
0
0
0
0
0
0
0.143098060948447
0
0.130390170733691
0
0
0
0
0
0
0
0
0
0
6.39705515895205
6.39705515895205
6.39705515895205
0
0
0
0
-0.0874502958115499
0
0
0
0
0
0
0
0
0
0
0
0
0
0
0
0
0
0
0
0
0
0
0
0
0
0
0
0
0
0
0
0
0
0
0
0
0
0
0
0
0
0
0
0
0
0
0
0
0
0
0
0
0
0
0
0
0
0
0
0
0
0
0
0
0
0
0
0
0
0
0
0
0
0
0
0
0
0
0
0
0
0
0
0
0
0
0
0
0
0
0
0
0
0
0
0
0
0
0
0
0
0
0
0
0
0
0
0
0
0
0
0
0
0
0
0
0
0
0
0
0
0
0
0
0
0
0
0
0
0
0
0
0
0
0
0
0
0
0
0
0
0
0
0
0
0
0
0
0
0
0
0
0
0
0
0
0
0
0
0
0
0
0
0
0
0
0
0
0
0
0
0
0
0
0
0
0
0
0
0
0
0
0
0
0
0
0
0
0
0
0
0
0
0
0
0
0
0
0
0
0
0
0
0
0
0
0
0
0
0
0
0
0
0
0
0
0
0
0
0
0
0
0
0
0
0
0
0
0
0
0
0
0
0
0
0
0
0
0
0
0
0
0
0
0
0
0
0
0
0
0
0
0
0
0
0
0
0
0
0
0
0
0
0
0
0
0
0
0
0
0
0
0
0
0
0
0
0
0
0
0
0
0
0
0
0
0
0
0
0
0
0
0
0
0
0
0
0
0
0
0
0
0
0
0
0
0
0
0
0
0
0
0
0
0
0
0
0
0
0
0
0
0
0
0
0
0
0
0
0
0
0
0
0
0
0
0
0
0
0
0
0
0
0
0
0
0
0
0
0
0
0
0
0
0
0
0
0
0
0
0
0
0
0
0
0
0
0
0
0
0
0
0
0
0
0
0
0
0
0
0
0
0
0
0
0
0
0
0
0
0
0
0
0
0
0
0
0
0
0
0
0
0
0
0
0
0
0
0
0
0
0
0
0
0
0
0
0
0
0
0
0
0
0
0
0
0
0
0
0
0
0
0
0
1000
0
0
0
0
139.132574898128
0
0
0
0
0
0
0
0
0
0
0
0
0
0
0
0
0
0
0
0
0
0
0
0
0
0
0
0
0
0
0
0
0
0
0
0
0
0
0
0
0
0
0
0
0
0
0
0
0
0
0
0
0
0
0
0
0
0
0
0
0
0
0
0
0
0
0
0
0
0
0
0
0
0
0
0
0
0
0
-0.0966546998372451
0
0
0
0.0148699538217443
0
0
0
0
0
0
0
0
0
0
0
0
0
0.58488485029245
0
0
0
0
0
0
0.58488485029245
0.58488485029245
0.58488485029245
0.584884850292497
0
0
0
0
0
0
0
0
0
0
0
0
0
0
0
0
0
0
0
0
0
0
0
0
0
0
0
0
0
0
0
0
0
0
0
0
0
599.832534865475
599.832534865475
0
0
0
0
0
0
0
0
0
0
0
0
0
0
0
0
0
0
0
0
0
0
0
0
0
0
0
0
0
0
0
0
0
0
0
0
0
0
0
0
0
0
0
0
0
0
0
0
1000
-1000
0.410576801469006
0
0
0
-409.073879545237
1000
409.073879545237
0
0
0
0
0
-1000
0
0
0
0
0
0
0
0
0
0
0
0
0
0
0
0
0
0
0
0
0
0
0
0
0
0
0
0
0
0
0
0
0
0
0
0
0
0
0
0
-1000
0
0
0
0
0
0
0
0
0
0
0
0
0
0
-999.997877917655
-1000
1000
-1000
1000
999.997877917655
-1000
0
0
0
0
0
0
0.00212208234472655
0
0
0
0
0
0
0.00848832937868514
0.00212208234467128
0.00212208234467128
0.00212208234467128
0.00212208234467128
0
0.00212208234467128
0
0
0
0
0
0
0
0.00846987648873147
0
0.00212208234467128
0.0127078902147562
1000
0.0010579656906767
0.0010579656906767
0.00212208234472655
0
0.00741191079805478
0.0010579656906767
0.0158879382501592
-0.00105796569062022
0.0010579656906767
0.0010579656906767
0.0010579656906767
0.0010579656906767
0.0010579656906767
-0.00105796569062022
-0.00211593138135413
-0.00318004803534677
0.0010579656906767
0.0010579656906767
0.00105796569062022
0.0010579656906767
-0.00318004803534677
-0.00105796569062022
0.00212208234472655
0.0010579656906767
0.0010579656906767
0.00212208234467128
0.00212208234467128
-0.00212208234472655
-0.00212208234472655
0.00212208234472655
0.00212208234472655
0.0010579656906767
0.0010579656906767
0.0010579656906767
0.0010579656906767
0.0233121509747889
-0.00318004803534677
-999.985170027441
0
0
0
0
0
0
-883.95276071066
0
0
0
0.00212208234467128
0
0
0
0
0.00106104117233564
0.00212208234472655
0.00212208234472655
0
0.00212208234467128
0
0
0
0
0
-0.00212208234472655
0
0
0.00423186276270679
0.0010579656906767
0.0031738970720301
0.0010579656906767
-0.00105796569062022
0.0010579656906767
0.0010579656906767
0.0010579656906767
0.0010579656906767
0.0010579656906767
0.0010579656906767
0.0021159313813534
0.0010579656906767
0.0010579656906767
0.0010579656906767
0.0010579656906767
0.0010579656906767
0
0.0010579656906767
0.00212208234467128
0
0.00212208234467128
0
0.00212208234467128
0.00212208234467128
0.00212208234467128
0.00212208234467128
0.00212208234467128
0.00212208234467128
0
0.00212208234467128
0
0.00212208234467128
0.00212208234467128
0.00212208234467128
0.00212208234467128
0.00212208234467128
0
0
0
0
0
0
0
0
0
0
0
0
0
0
0
0
-0.00212208234472655
0.00212208234467128
0.00212208234467128
0
0
0
0
0
0
0
0
0
0
0
0
0
0
0
0
0
0
0
0
0
0
0
0
0
0
0
0
0
0
0
0
0
0
0
0
0
0
0
0
0
0
0
0
0
0
0
0
0
0
0
0
0
0
0
0
0
0
0
0
0
0
1000
0
0
0
0
0
0
0.00212208234467128
0
0
0
0
0
0
0
0
0
0
0
794.129145458816
0
0
0
0
0
0
0
0
0
0
0
-1000
0
0
0
-93.4466856124
0
0
0
0
0
0.152461181514567
0
0
0
0
0
0
0
0
0
0.152461181514567
0
0
157.287013770847
0
0
0
270.771225473709
0.152461181514567
0
0.152461181514567
0
0.152461181514567
0
57.0961842632305
0
0
0
9.52882384466045
0
58.8881313600016
0
0.152461181514567
0
0.304922363029134
0
0.152461181514567
0
0.152461181514567
0
0.152461181514567
0
0.152461181514567
0
0.152461181514567
0
0.152461181514567
0
0.152461181514567
0
0.152461181514567
0
0.152461181514567
0
0.152461181514567
0
0.152461181514567
0
0.152461181514567
0
0.152461181514567
0
0.152461181514567
0
0.152461181514567
0
0.152461181514567
0
0.152461181514567
0
4.30702837778652
0
0
0
4.38325896854381
0
0
0
2.24880242733987
0
0.152461181514567
0
0.152461181514567
0
15.9729590599705
0
0.152461181514567
0
0.152461181514567
0
0.152461181514567
0
0.152461181514567
0
72.990790650099
0
0
0
8.19478850640798
0
41.2788648950691
0
0.531492052956314
0
0.152461181514567
0
0.152461181514567
0
1.44838122438839
0
0.152461181514567
0
0.152461181514567
0
0.152461181514567
0
0
663.703147235278
0
0
379.005193220215
1000
0
0
0
0
0
-1000
-1000
1000
0
0.58488485029245
-1000
400.814682094376
297.607427817973
0
599.04792618593
996.758063022069
-913.045703515272
-1000
0
0
1000
0
0
0
0
818.145902340544
0
0
0
0
-1000
-2.33668432902959
-0.00212208234472655
0
0
0
-1.8572936254418
1000
0
0
0
0
465.464226723117
1000
1000
-1000
1000
-342.727400165757
0
1000
0
1000
-1000
0
0
1000
1000
-1000
285.851442418688
0
1000
0
0
-1000
842.247064053955
1000
1000
0
0
0
0
0
0
0
0
0
0
0
0
0
0
296.360388576825
0
0
0
0
0
0
0
0
0
0
0
0
1000
0
0
0
0
0
0
0
0
-1000
-1000
-255.991684651895
986.96785816588
-1000
-1000
-1000
-1000
-1000
-1000
-1000
-808.181896397081
1000
-943.10791292417
1000
-536.465026076296
-1000
-1000
-1000
-1000
-1000
6.05254534190021
1000
1000
1000
1000
1000
943.10791292417
1000
1000
1000
-1000
-1000
-1000
-1000
-1000
-1000
-1000
1000
1000
-1000
-987.654545047145
-1000
-1000
-1000
342.036935020474
-1000
-1000
-1000
1000
-1000
-1000
1000
-1000
-1000
1000
-1000
-1000
-1000
-1000
-1000
-1000
-1000
-1000
-1000
2.70596253762176
-1000
-1000
-1000
-1000
1000
-1000
1000
1000
1000
-334.21311214933
-1000
-35.4661674459861
-1000
-1000
-1000
-1000
-1000
1000
-1000
-1000
1000
1000
-1000
1000
1000
1000
1000
-1000
1000
1000
1000
1000
-1000
-10.2893545042751
-1000
1000
-1000
-1000
-1000
-1000
-1000
-1000
1000
1000
1000
1000
1000
826.648423549001
1000
1000
-1000
1000
1000
-1000
-1000
-980.257027503254
1000
959.914733332728
26.0402979867829
0
-1000
-1000
0
0
0
0
0
0
0
0
0
0
0
0
0
0
0
0
0
0
0
0
0
0
0
0
0
0
0
0
0
0
0
0
0
0
0
0
0
0
0
0
0
0
0
0
0
0
0
0
0
0
0
0
0
0
0
0
0
0
0
0
0
0
0
0
0
0
0
0
0
0
0
0
0
0
0
0
0
0
0
0
0
0
0
0
0
0
0
0
0
0
0
0
0
0
0
0
0
0
0
0
0
0
0
0
0
0
0
0
0
0
0
0
0
0
0
0
0
0
0
0
0
0
0
0
0
0
0
0
0
0
0
0
0
0
0
0
0
0
0
0
0
0
0
0
0
0
0
0
0
0
0
0
0
0
0
0
0
0
0
0
0
0
0
0
0
0
0
0
0
0
0
0
0
0
0
0
0
0
0
0
0
0
0
0
0
0
0
0
0
0
0
0
0
0
0
0
0
0
0
0
0
0
0
0
0
0
0
0
0
0
0
0
0
0
0
0
0
0
0
0
0
0
0
0
0
0
0
0
0
0
0
0
0
0
0
0
0
0
0
0
0
0
0
0
0
0
0
0
0
0
0
0
0
0
0
0
0
0
0
0
0
0
0
0
0
0
0
0
0
0
0
0
0
0
0
0
0
0
0
0
0
0
0
0
0
0
0
0
0
0
0
0
0
0
0
0
0
0
0
0
0
0
0
0
0
0
0
0
0
0
0
0
0
0
0
0
0
0
0
0
0.00212208234467128
0
0
0
0
1000
0
-0.0296660960819963
1000
1000
1000
1000
1000
-1000
0
1000
-1000
-1000
1000
0
1000
-1000
-1000
-1000
-1000
1000
1000
1000
-806.430258538321
-1000
-1000
-1000
-1000
1000
-1000
-1000
-1000
-1000
-1000
1000
-1000
-1000
-1000
-1000
-1000
-1000
1000
-1000
-1000
-1000
1000
-999.970333903918
1000
-1000
1000
-1000
-1000
999.970333903918
-999.970333903918
-1000
0
0
0
0
0
1000
0
1000
-1000
0
0
0
0
0
0
0
0
-1000
-1000
-0.278674518919388
0
0
0
0
0
0
996.922594487362
0
0
0
0
0
0
0
0
0
-0.00212208234472655
0.00212208234467128
0
0
-0.00212208234472655
-0.00212208234472655
0
0
0
0
0
0
0
0
0
0
0
0
0
0
0
0
0
0
0
0
0
0
0
0
0
0
0
0
0
0.00212208234467128
0
0
-1000
-19.1975317238902
1000
19.1954096415454
116.045117206995
0
0
0
0
0
-339.389314842547
0
0
0
0
0
0
0
0
0
0
0
0
0
0
0
0
0
0
0
-465.456820963282
465.456820963282
0.00212208234467128
0
0
0
194.984268244288
1000
0
0
0
0
0
0
-818.145902340544
0
1000
0
0
0
0
0
0
0
0
0
0
0
0
0
0
0
0
0
0
0
0
0
0
0
0
0
0
0
0
0
0
0
0
0
0
0
0.00212208234467128
0
0
0
0
0
1000
0
-645.653134002425
0
0
1.14743350245648
0
0
0
0
0.0031738970720301
1000
0
-717.768648394811
0
0
0
0
0
0
0
0
0
-0.0169766587573577
0
0.00212208234472655
0
-545.662933146234
111.780592546641
-646.800567504881
1000
0
0
0
-194.89068902611
1000
0
0
0
0
0
0.00212208234472655
0
0
1000
0
40.0852666672719
0
0
952.845843818602
0.0169766587573577
0
-791.227171645738
0
0
-1000
0.00212208234467128
-1000
1000
0
0
0
0
0
0
0
0
0
0
0
194.89068902611
0
0
0
0
0
0
0
0
0
0
0
0
999.994704020583
1000
0
998.902650203779
0
0
0
0
0
0
0
0
0
0
0.573716751228241
0
0.00212208234467128
-0.00212208234472655
0.00212208234467128
0.00212208234467128
0
0
0.00212208234472655
0
0
0
0.573716751228289
0
0
-0.00636624703406596
-1000
1.0973497962209
999.954160458454
0
-1000
-1000
0
0
-1000
1000
999.954160458454
-1000
0
0
0
0
0
0
0
0
0
0
0
0
0
0
0
0
0
0.0458395415463428
0
0
0
0
0
0
1000
0
0
0
0
0
0
0.0010579656906767
0
791.227171645739
0
0
0
0
0
0
0.00212208234467128
0
0
0
0
0
0
0
0
0
0
0
0
0
0
0
0
0
0
0
0
0
0
0
0
1000
0
0
0
0
0
0
0
0
0
0
0
0
0
0
0
0
0
0
0
0
0
0
0
0
0
0
0
0
0
0
0
0
1.36858933822998
0
0
0
0
0
0
0
0
0
0
0
0
0
0
0
0
0
0
0
0
0
0
0
0
0
0
0
0
0
0
0
0
0
0
0
0
0
0
0
0
0
0
0
0
0
0
0
0
0
0
0
0
0
0
0
0
0
0
0
0
0
0
0
0
0
0
0
0
0
0
0
0
0
0
0
0
0
0
0
0
0
0
0
0
0
0
0
0
0
0
0
0
0
0
0
0
0
0
0
0
0
0
0
0
0
0
0
0
0
0
0
0
0
0
-999.992594240165
0
0.00105796569062022
0
0.0116437735607633
0
0
-0.00740575983468261
0
1000
0
0
0
0
0.00952784217940916
0
0
0
0
0
0
0
0
0
0
0
0
0
0
0
0
0
0
0
0.00212208234467128
0.00212208234467128
0.00212208234467128
-1000
-1000
0
-27.3379656927973
-1000
0
0
0
0
0
0
1000
0
0
0
0
0
0
0
0
0
0
0
-1000
0
729.076313344777
-270.923686655223
-1000
-1000
-1000
-1000
-1000
1000
0
0
0
0
0
0
0
0
0
-999.994704020583
-1000
305.069015756904
1000
0.232434652177449
0.00212208234467128
0.00212208234467128
0.00212208234467128
0.00212208234467128
0.00212208234467128
0
0
0
1000
8.34724968792255
0
0
0
0
0
0
0
0
0
0
0
0
0
0
-1000
0
0
0
0
0
0
1000
-1000
0
1000
1000
1000
-1000
0
0
0
0
0
0
0
0
0
0
0
0
0
0
0
0
0
0
0
0
0
0
0
0
0
0
0
0
0
0.953410598440968
0
0
0
0
0
5.37478486236342
0
0
0
0
0
0
0
0
0
0
0.00212208234467128
-1000
0
0
0
0
0
0
0
0
-1000
0
0
0
0
0
0
0
0
1000
1000
-998.894656434019
-998.894656434019
-998.894656434019
1000
0
0.0127078902147562
0
0
0
0
0.106568002383824
-1000
-206.019197836102
0
0.0966546998372291
0
0
0
-1000
8.5591187651896
0
0
0
0
0.341282099050792
0.341282099050792
-1000
-999.991536274475
0
0
0
0
0
0
0.21542723860349
0
-1000
0
0
0
0
0
0
0
999.046589401559
0.00212208234467128
0
0
0
0
0
0
0
1000
-116.045117206995
0
0
995.578625736078
0
0
0
-1000
0
0
0
-629.950448720959
0
-1000
0
0
0
0
-1000
0
0
0
0
-93.5991467939145
0
1000
93.4466856124
0
0
0
0
0
0
-750
0
0
0
0
-1000
-1000
0
0
-1000
0
0
0
0
0.000528213974923612
1.10534356598061
0
0
0
0
0
0
0
0
998.902650203779
0
998.902650203779
0
0
0
0
0
0
0
0
0
0
1000
0
0
-1000
1000
-1000
-1000
1000
0
0
0
0
0
0
0
0
-1000
-139.132574898128
0
1000
0.0010579656906767
0.0010579656906767
0
-1000
0
0
406.162638350747
0
0
0
0
0
0
0
0
0
0
0
0
0
0
0
0
0
0
0
0
0
0
0
0
0
0.00212208234472655
0
0
0
0
0
0
0
0
0
0
0
0
0
0
0
0
0
0
0
0
0
0
0
0
0
0
0
0
0
0
0
0
0
0
0
0
0
0
0
0
0
0
0
0
0
0
-1000
0
-1000
0
0
0
0
0
0
-1000
0
0
0
0
0
0
0
0
0
0
0
900.874135376182
0
0
0
0
0
0
0
0
0
0
0
0
0
1000
0
0
0
354.346865997575
0
0
0
0
0
0
0
0
0
0
0
0
0
0
0
93.4466856124
0
0
0
0
0
0
0
0
0
0
0
0
0
0
0
0
0
0
0
0
0
0
0
93.4466856124
0
0
0
0
0
0
0
0
0
0
0
0
0
0
0
0
0
0
0
0
0
0
0
0
0
0
0
0
0
0
0
0
0
0
0
0
0
0
0
0
0
0
0
0
0
0
0
0
0
0
0
0
0
0
0
0
0
0
0
0
0
0
0
0
0
0
0
0
0
0
0
0
0
0
0
0
0
0
0
0
0
0
0
0
0
0
0
0
0
0
0
0
0
0
0
0
0
0
0
0
0
0
0
0
0
0
0
0
0
0
0
0
0
0
0
0
0
0
0
0
0
0
0
0
0
0
0
0
0
0
0
0
0
0
0
0
0
0
0
0
0
0
0
0
0
0
-1000
0
0
0
0
0
0
0
0
0
0
0
0
0
0
0
0
0
0
0
0
0
0
0
0
0
0
0
-602.419374248574
0
0
1000
-1000
0
0
-1000
0
0
663.703147235278
0
0
0
0
-0.0148545764126311
0.0127324940680182
0
0
0
0
0
0
0
0
0
0
0
0
0
0
0
0
0
-19.1975317238902
0
0
0
0
0
0
0
0
0
0
0
0
0
0
0
0
0
0
0
0
0
0
0
0
0
0
0
0
0
0
0
0
0
0
0
0
0
0
0
0
0
0
0
0
0
0
0
0
0
0
0
0
0
0
0
0
0
0
0
0
0
0
0
0
0
0
0
0
0
0
0
0
0
0
0
0
0
0
0
0
0
0
0
0
0
0
0
0
0
0
0
0
0
0
0
0
0
0
0
0
0
0
0
0
0
0
0
0
0
0
0
0
0
0
0
0
0
0
0
0
0
0
0
0
0
0
0
0
0
0
0
0
0
0
0
0
0
0
0
0
0
0
0
0
0
0
0
0
0
0
0
0
0
0
0
0
0
0
0
0
0
0
0
0
0
0
0
0
0
0
0
0
0
0
0
0
0
0
0
0
0
0
0
0
0
0
0
0
0
0
0
0
0
0
0
0
0
0
0
0
0
0
0
0
0
0
0
0
0
0
0
0
0
0
0
0
0
0
0
0
0
0
0
0
0
0
0
0
0
0
0
0
0
0
0
0
0
0
0
0
0
0
0
0
0
0
0
0
0
0
0
0
0
0
0
0
0
0
0
0
0
0
0
0
0
0
0
0
0
0
0
0
0
0
406.162638350747
0
0
0
0
0
0
0
0
0
0
0
-1000
0
0
0
0
0.00212208234472655
0.25278921495692
-1000
0
0
0
0
0
0
0
0
0
0
0
0
0
0
0
0
0
0
0
0
0
0
0
0
0
0
0
0
0
0
0
0
0
0
0
0
0
0
0
0
0
0
0
0
0
0
0
0
0
0
0
0
0
0
0
0
0
0
0
0
0
0
0
0
0
0
0
0
0
0
0
0
0
0
0
0
0
0
0
0
0
0
0
0
0
0
0
0
0
0
0
0
0
0
0
0
0
0
0
0
0
0
0
0
0
0
0
0
0
0
0
0
0
0
0
0
0
0
0
0
0
0
0
0
0
0
0
0
0
0
0
0
0
0
0
0
0
0
0
0
0
0
0
0
0
0
0
0
0
0
0
0
0
0
0
0
0
0
1000
0
0
0
0
0
0
0
1000
0.00212208234472655
0
0
-1000
1000
0
0
0
0
0
0
0
0
0
0
0
0
0
0
0
1000
0
-1000
0
0
0
0
0
0
0
0
0
0
0
0
0
0
0
0
0
0
0
0
0
0
0
0
0
0
0
0
0
0
0
0
0
0
0
0
0
0
0
0
0
0
0
0
0
0
0
0
0
0
0
0
0
0
0
0
0
0
0
0
0
0
0
0
0
0
0
0
0
0
0
0
0
0
0
0
0
0
0
0
0
0
0
0
0
0
0
0
0
0
0
0
0
0
0
0
0
0
0
0
0
0
0
0
0
0
0
0
0
0
0
0
0
0
0
0
0
0
0
0
0
0
0
0
0
0
0
0
0
0
0
0
0
0
0
0
0
0
0
0
0
0
0
0
0
0
0
0
0
0
0
0
0
0
0
0
0
0
0
0
0
0
0
0
0
0
0
0
0
0
0
0
0
0
0
0
0
0
0
0
500
51.2580276490649
-381.152953786418
0
0
-0.573716751228289
0
0
273.589722576884
11.3382757159731
24.7832563683229
0.0615096331788778
51.2580276490649
0
0
0
0
0
0
0
0
0
0
0
0
0
0
0
0
0
0
0
0
0
0
0
0
0
631.656945014794
-883.95276071066
0
-206.019197836102
-793.980802163898
845.091215828408
-976.636635800389
0
1000
0
194.974952097762
0
0
0
0
0
0
0
0
0
0
-0.0966546998372451
0.00212208234467128
0
0
0
0
0
0
0
0
0
0
0
0
0
0
0
0
0
0
93.4466856124
0
0
0
0
465.464226723117
-72.990790650099
-4.30702837778654
0
-6.297325490037
-12.3454549528552
-25.176812941711
-19.742972496746
13.0321418341206
-10.1895397470341
-15.5986405049542
-2.70596253762176
-18.4665271519194
-1000
-1000
0
0
0
0
-1000
412.695432189774
-10.2893545042751
-451.189518970849
-7.8238228711441
-6.05254534190021
-14.044968680489
-20.3136358072672
703.639611423175
-398.893974814992
0
794.129145458815
0
-793.980802163898
0
1000
-0.00212208234472655
0
999.893431997616
-1000
0
0
0
0
0
0
1000
40.085266667272
0
0
0
0
0
0
0
0
0
-0.00212208234472655
0
0
0
0
0
0
0
0
0
0
0
0
0
0
0
0
0
0
1000
0
0
0
0
1000
-1000
0
-0.00212208234472655
-0.00212208234472655
-0.584884850292497
1000
0
0
-0.00212208234472655
0
-0.00212208234472655
-339.389314842547
0
0
-0.00212208234472655
0
0
0
-0.00212208234472655
0
0
0
0
0
0
0
0
0
0
0
1000
0
0
0
0
0
-19.1975317238902
0
0
0
0
0
0
-599.185317905624
0
0
0
0
-806.430258538321
0
1000
0
0
-0.00212208234472655
0
0
0
0
0
0
0
0
0
0
0
0
0
0
1000
-1.8572936254418
-0.278674518919388
-1000
-1000
0
0
0
0
0
0
0
0
0
1.44419287869118
0
0
0
0
0
0
1000
0
0
0
0
-2.33668432902959
1000
297.607427817973
0
0
599.04792618593
657.272599834243
0
0
0
465.456820963282
0
0
0
0
-0.0966546998372451
-1000
-883.95276071066
0
0
0
0
0
-0.0296660960819963
0
0
0
0
-980.804590358455
-1000
1000
0
0
0
0
0
0
996.758063022069
-1000
-1000
0
0
0
-465.456820963282
0
0
0
0
0
0
0
0
1000
0
-0.53149205295631
-0.152461181514582
-41.2788648950691
0
-2.24880242733991
-15.9729590599705
-1.44838122438841
-8.19478850640803
-4.38325896854383
-0.152461181514582
0
0
157.287013770847
0
-0.152461181514582
0
-0.152461181514582
-0.152461181514582
-0.152461181514582
0
0
-0.152461181514582
-57.0961842632305
-58.8881313600016
0
-8.55911876518962
0
-0.215427238603525
-0.152461181514582
0
0
-0.152461181514582
-0.152461181514582
-0.152461181514582
-0.152461181514582
0
0
-9.52882384466045
0
0
0
-1000
1000
0
0
0
1000
-0.00212208234472655
-794.129145458816
750
-750
0
0
0
-1000
0
-1000
794.129145458815
0
0
0
0
0
0
0
0
0
0
0
0
0
0
0
0
-1000
1000
1000
-1000
-1000
0
-1000
1000
-0.152461181514582
-0.152461181514582
0
0
0
0
0
-1000
1000
0
-0.0148545764126311
0.0127324940680182
0
0
0
0
0
-1000
0
0
-19.1975317238902
0
0
0
0
0
0
0
0
0
0
0
0
0
0
0
0
0
0
0
0
0
0
0
0
0
0
0
0
0
0
0
0
0
0
0
0
0
0
0
0
0
0
0
0
0
0
0
0
0
0
0
0
0
0
0
0
0
0
0
0
0
0
0
0
0
0
0
0
0
0
-0.152461181514582
0
0
0
0
0
0
0
0
0
0
0
0
0
0
0
0
0
0
0
0
0
0
0
0
0
0
0
0
0
0
0
0
0
0
0
0
0
0
0
0
0
0
0
0
0
0
0
0
0
0
0
0
0
0
0
0
0
0
0
0
0
0
0
0
0
0
0
0
0
0
0
0
0
0
0
0
0
0
0
0
0
0
0
0
0
0
0
0
0
0
0
0
0
0
0
0
0
0
0
0
0
0
0
0
0
0
0
0
0
0
0
0
0
0
0
0
0
0
0
0
0
0
0
0
0
0
0
0
0
0
0
0
0
0
0
0
0
0
0
0
0
0
0
0
0
0
0
0
0
0
0
0
0
0
0
0
0
0
0
0
0
0
0
0
0
0
0
0
0
0
0
0
0
0
0
0
0
0
0
0
0
0
0
0
0
0
0
0
0
0
0
0
0
0
0
0
0
0
0
0
0
0
0
0
0
0
0
0
0
0
0
0
0
0
0
0
0
0
0
0
0
0
0
0
0
0
0
0
0
0
0
0
0
0
0
0
0
0
0
0
0
0
0
0
0
0
0
0
0
0
0
0
0
0
0
0
0
-1000
0
1000
0
0
0
-0.25278921495692
0
0
0
0
0
0
0
0
0
0
0
0
0
0
0
0
0
0
0
0
0
0
0
0
0
-1000
0
0
-0.00212208234472655
0
0
0
0
0
0
0
0
-620.994806779785
0
0
0
0
0
0
0
0
0
0
0
0
0
0
0
0
0
0
0
0
0
0
0
0
0
0
0
0
0
0
0
0
0
0
0
0
0
0
0
0
0
0
0
0
0
0
0
0
0
0
0
0
0
0
0
0
0
0
0
0
0
0
0
0
0
0
0
0
0
0
0
0
0
0
0
0
0
-0.152461181514582
-0.152461181514582
-0.152461181514582
-0.152461181514582
0
-0.152461181514582
-0.304922363029164
0
-0.152461181514582
-0.152461181514582
-0.152461181514582
-0.152461181514582
270.771225473709
-0.152461181514582
-0.152461181514582
-0.152461181514582
-0.152461181514582
-0.152461181514582
-0.152461181514582
-0.152461181514582
0
-0.152461181514582
-0.152461181514582
-0.152461181514582
0
-1000
51.2580276490648
0
1000
0
0
0
0
0
0
0
0
0
0
0
