0
0
0
0
0
0
0
214.379551700355
-1000
13.4513771786349
986.548622821365
0
0
199.348833513516
1000
0
999.763275098657
-999.763275098657
999.945669694774
0
0.0543303052263217
0
-1000
0.341504775708358
0
1000
-201.624832656354
0
-310.361370429947
0.0115964581165593
0
0
0
0
0
0.0299205956304745
0
0
0
32.6029989406587
0
0
0
0
0
0
0
0
0
0
0
0
0
0
0
0
0
0
0
0
0
0
0
0
0
310.361370429947
0
0
0
0
0
0
0
-1000
-1000
0
0
0
0
0
0
-1000
0
0
0
0
0
0
0
0
0
0
0
0
0
0
0
0
0
0
0
0
0
0
0
0
0
0
0
0
0
0
0
252.87853040392
0
0
0
0
0
0
0
0
0
0
0
0
0
0
0
0
1000
0
0
1000
0
0
0
0
1000
0
0
0
-13.6017399994092
0
0
0
0
-999.985412124428
0
0
0.00829281597870226
-204.046411975013
0
0
598.646021693546
1000
1000
401.346216834279
0
204.046411975013
0
-1000
401.346216834279
600.695050347795
1000
-800.651166486484
0
204.046411975013
1000
0
0
0.00829281597873432
0
0
540.692786827123
618.88735854875
0
0
0
0
0
-3.65506345841789
0
0
0
0
0
0
20.4556785634684
-24.981066316721
-1000
0
0
0
0
0
0
0
0
363.271892451048
0
0
0
0
0
-3.65894419450547
0
-999.996119263912
0
0
0
0
0
0
0
0
0
0
8.35334823796211
-363.120543743631
0
0
-1000
0
998.928483417386
0.428606633045587
0
0
0
0
0.642909949568381
0
3.65894419450547
329.40408095471
329.40408095471
0
-994.923547722305
329.40408095471
0
0
0
0
0
0
0
0
0
0
0
-1000
0
1000
-1000
-1000
1000
1000
-1000
8.35334823796211
-1000
-1000
-0.898365923936694
1000
0
0
-0.642909949568434
1000
-1000
-1000
1000
0
0
1000
0
0.16687165176656
0
-0.166871651766542
0
0.00165663687379418
0
0
0
0
0
0
0
0
991.409926860695
0
5.07645227769468
0
0
0
0
0
0
1000
0
1000
0.436368105220776
0
0
1000
635.273706364229
-0.166871651766542
0
-0.642909949568434
0
0
0.642909949568434
0
0
0
0
0
0
0
-1000
0
0
0
871.645022575717
0.642909949568434
0
-1000
-0.898365923936694
0
0.0033229053572101
0
2.00991468713073
0
0
0
0
0
0
0
0
0
-5.07645227769467
0
0
0
2.14303316522794
0
9.02160778170862
0
0
0
0
0
0
0
0
128.934932764745
-1000
1000
2.34624728841391
-1000
1000
1000
-1000
-1000
-1000
1000
992.575643797018
1000
-1000
0
0
-1000
0
0
0
0
-1000
0
0
-1000
-1000
1000
1000
0
991.718430530927
1000
-1000
0
0
0
0
0
0
0.898365923936706
-1000
1000
1000
0
-0.428606633045547
-1000
-1000
0
-1000
-1000
1000
1000
1000
1000
0
-1000
0
1000
-1000
-877.98357209778
-1000
1.28581989913675
-1000
1000
1000
0
0
0
-1000
1000
1.71830726826994
0
0
30.0575185944156
0
0
342.816213887579
1000
-90.7345908564123
0
0
0
-27.3430805502649
0
0
0
0
0
0
0
253.522732594461
0
0
0
253.522732594461
0
0
0
0.00332290535731972
0
926.136132078479
73.863867921521
-1000
0
1000
0
0
0
0
0
0
0
0
0
0
0
0
0
0
0
0
0
0
0
0
0
1000
0
0
0
0
0
0
-1000
1000
0
0
0
0
0
0
0
0
0
0
0
1000
1000
0
0
0
1000
0.0970184021898604
0.0970184021898604
0
0.642909949568434
0
0
0
0
0
0
0
0
0
0
0.0265832428585578
0
0
0
0
0
0
0
0
0
0
0
0
0
0
0
0
0
0
0
0
0
0
0
0
0
0
0
0
0
0
0
0
0
0
0
0
0
1000
0
0
0
0
0
0
-1000
0
0
0
0
0
0
0
0
0
0
0
0
0
0
0
0
0
0
0
0
0
0
0
0
0
0
0
-1000
0
0
0
0
0
0
0
0
0
0
0
0
1000
0
0
0
0
0
0
0
0
0
0
0
0
0
0
0
0
0
0
0
0
0
0
0
0
0
0
0
0
0
0
0
0
0
-1000
0
0
0
0
0
0
0
0
0
0
0
0
30.0608414997728
0
30.0608414997728
0
0
0
0
0
0
0
0
0
0
0
0
0
0
0
0
0
0
0
0
0
-1000
0
0.00388073608759441
0
0
0
0
0.702413231854588
0.702413231854588
0
0
0
0
0
0
0
0
0
0
0
0
0
0
0
0
0
0
0
0
0
1000
0
0
0
0
0
-1000
0
0
0
-1000
0
0
-1000
0
0
0
0
2.01798276554909
0
0
2.01798276554909
0
0
0
0
0
0
0
0
0
0
2.01798276554909
0
2.01798276554909
0
0
0
12.0382078837174
34.3153185582123
21.9343858948873
16.0652240441069
23.8193721827292
7.83982933352417
18.3357757090073
33.5441878040952
30.8880707621362
9.767656218817
18.9355440733207
39.027784277817
30.8023895672343
9.51061263411129
15.7653398619502
21.8487046999854
28.3176349150791
22.9197196362592
4.19837855019327
28.5746784997848
0
0
0
0
0
0
0
0
0
0
0
0
0
0
0
0
0
0
0
0
0
0
0
0
0
0
0
0
0
0
0
0
0
0
0
0
0
0
0
0
0
0
0
0
0
0
0
0
0
0
0
0
0
0
0
0
0
0
0
0
0
0
0
0
0
0
0
0
0
0
0
0
0
0
0
0
0
0
0
0
0
0
0
0
0
0
0
0
0
0
0
0
0
-1000
0
0
0
0
0
0
0
1000
1000
0
0
0
0
482.349299855622
0
0
-27.3430805502649
-482.489006354776
-482.489006354776
-1000
0
-236.866382457492
0
274.451121216679
488.573835715377
1000
482.357061327798
1000
0
-482.349299855622
1000
0
-1000
-1000
-1000
0
763.160200785367
0
0
0
236.866382457492
0
0
0
0
0
0
0
0
0
0
0
-1000
382.014330280544
1000
1000
0
500
250.006362079545
2.51162535294575
5
0
0
0
0
0
0
171.973590594466
0
0
0
0.112300024094111
0
3.73397580113033
-0.112300024094111
-0.112300024094111
0.112300024094111
0
539.107224463088
387.221192906116
0.112300024094111
0
0
0
-0.223772933702662
-0.112300024094111
0
0
-1000
0.112300024094111
0
0
0
0
0
0
0
0
0
0
0
0
0
0
0
0
0
0
0.701875150588421
0
3.25670069873024
0
0
0
-3.96272586916155
0
0
0
0
0
0
0
0
0.00332290535732227
0
0
0
0
0
0
0
0
0
0
0
0
0
0
0
0
0
0
0
0
0
0
0
0
0
0
0
0
0
0
0
0
0
0
0
0
0
0
0
0
0
0
0.000827114485673519
0
0
0
0
0
0
0
0
0
0
0
0
0
0
0
0
0
0
0
0
0
0
0
0
0
0
0
0
0
0
0
0
0
0
0
0
0
0
0
1000
0
0
0
0
0
0
0
0
0
0
0
0
0
0
0
0
0
0
0
0
0
0
0
0
0
0
0
0
0
0
0
0
0
0
0
0
0
0
0
0
0
0
0
0
0
0
0
0
0
0
0
0
0
0
0
0
0
0
0
0
0
0
0
0
0
0
0
0
0
0
0
0
0
0
0
0
0
0
0
0
0
0
0
0
0
0
0
0
0
0
0
0
0
0
0
0
0
0
0
0
0
0.112300024094144
118.603302717566
0.112300024094144
0
0.112300024094144
0.224600048188289
0
0
0
0
0
0
0
0
0
0
0
0
0
0
0
0
0
0
0
0
0
0
0
0
0
0
0
0
0
0
0
0
0
0
0
0
0
0
0
0
0
0
0
0
0
0
0
0
0
0
0
0
0
0
0
0
0
0
0
0
0
0
0
0
0
0
0
0
0
0
0
0
0
0
0
0
0
0
0
0
0
0
0
0
0
0
0
0
0
0
0
0
0
0
0
0
0
0
0
0
0
0
0
0
0
0
0
0
0
0
0
0
0
0
0
0
0
0
0
0
0
0
0
0
0
0
0
0
0
0
0
0
0
0
0
0
0
0
0
0
0
0
0
0
0
0
0
0
0
0
0
0
0
0
0
0
0
0
0
0
0
0
0
0
0
0
0
0
0
0
0
0
0
0
0
0
0
0
0
0
0
0
0
0
0
0
0
0
0
0
0
0
0
0
0
0
0
0
0
0
0
0
0
0
0
0
1000
0
0
0
0
0
0
0
0
0
0
0
0
0
0
0
0
0
0
0
0
0
0
0
0
0
0
0
0
0
0
0
0
0
0
0
0
0
0
0
0
0
0
0
0
0
0
0
0
0
0
0
0
0
0
0
0
0
0
0
0
0
0
0
0
0
0
0
0
0
0
0
0
0
0
0
0
0
0
0
0
0
0
0
0
0
0
0
0
0
0
0
0
0
0
0
0
0
0
0
0
0
0
0
0
0
0
0
0
0
0
0
0
0
0
0
0
0
0
0
0
1000
1000
0
0
0
0
0
0
0
0
0
0
0
0
0
0
0
0
0
0
0
0
0
0
0
0
0
-1000
0
-1000
0
0
0
0
0
0
0
0
0
0
0
1000
1000
0
0
0
0
0
0
0
0
0
0
0
0
0
0
0
0
0
0
0
0
0
0
0
0
0
0
0
0
0
0
0
0
0
0
0
0
0
0
0
0
0
0
0
0
0
0
0
0
0
0
0
0
0
0
0
0
0
0
0
0
0
0
0
0
0
0
0
0
0
0
0
0
0
0
0
0
0
0
0
0
0
0
0
0
42.830964235952
0
0
0.112300024094111
0
-877.438121433116
0
118.491002693472
0
0
877.438121433116
0
381.072766586962
0
0
0
0.000827114485673519
0
0
-1000
1000
0
0
0
0
0
0
0
0
0
0
0
0
0
385.032169550766
-0.701875150588421
0
-3.25670069873024
0
3.96272586916155
0
0
0
0
0
0
0
-0.00332290535732227
0
0
0
0
0
171.973590594466
1000
0
-118.378702669377
-118.378702669377
1000
0
-999.980062567856
-0.0199374321439336
0
0
0.112300024094111
-0.112300024094111
0
0
122.561878566884
-122.561878566884
-1000
0
-118.491002693472
-118.491002693472
0
0
-1000
0
-122.561878566884
-877.438121433116
-1000
0
-618.927233413038
-381.072766586962
-1000
0
0
0
0
0
-1000
0
0
0
0
0
-1000
1000
-1000
0
0
0
-1000
0
0
0
1000
0
0
0
0
0
0
0
0
0
0
0
0
0
0
0
0
0
0
0
385.032169550766
-385.032169550766
-1000
0.702702265074095
-1000
0
-1000
3.25670069873024
-1000
0
-3.95940296380422
-3.95940296380422
0
0
0
0
0
0
-1000
0
1000
0
-1000
0
1000
0
-1000
0
-1000
0
0
0
0
0
0
0
0
0
0
-785.620448299645
-214.379551700355
53.5948879250889
-53.5948879250888
0
0
0
0
0
0
0
0
0
0
0
0
0
0
0
0
0
0
0
0
0
0
0
0
0
0
0
0
0
0
0
0
0.000827114485673519
-0.000827114485673519
0
0
0
0
0
0
0
0
0
0
0
0
0
0
0
0
0
0
0
0
0
0
0
0
0
0
0
0
0
0
0
0
0
0
0
0
0.000827114485673519
-0.000827114485673519
0
0
0
0
0
0
-0.00332290535732227
-0.00332290535732227
0
0
0
0
0
0
0
0
0
0
0
0
0
0
0
0
0.00332290535732227
0.00332290535732227
0
0
0
0
0
0
0
0
0
0
0
0
0
0
0
0
0
0
0
0
0
0
0
0
0
0
0
0
0
0
0
0
0
0
0
0
0
0
0
0
0
0
0
0
1.0883365837415
0.00332290535731972
0
0
0
0
0
0
0
0
0.136935806087344
0
0
0
0
0
0
0
0
0
0
0
0
0
0
0
0
0
0
0
0
0
0
0
0
0
0
0
0
0
0
0
0
0
0
0
0
0
0
0
0
0
0
0
0
0
0
0
0
0
0
0
0
0
0
0
0
0
0
0
0
0
0
0
0
0
122.561878566884
122.561878566884
122.561878566884
0
0
0
0
0
0
0
0
0
0
0
0
0
0
0
0
0
0
0
0
0
0
0
0
0
0
0
0
0
0
0
0
0
0
0
0
0
0
0
0
0
0
0
0
0
0
0
0
0
0
0
0
0
0
0
0
0
0
0
0
0
0
0
0
0
0
0
0
0
0
0
0
0
0
0
0
0
0
0
0
0
0
0
0
0
0
0
0
0
0
118.491002693472
118.491002693472
118.491002693472
118.491002693472
-118.491002693472
0
0
0
0
0
0
0
0
0
0
0
0
0
0
0
0
0
0
0
0
0
0
0
0
0
0
0
0
0
0
0
0
0
0
0
0
0
0
0
0
0
0
0
0
0
0
0
0
0
0
0
0
0
0
0
0
0
0
0
0
0
0
0
0
0
0
0
0
0
0
0
0
0
0
0
0
0
0
0
0
0.00332290535731972
0.00332290535731972
0.00332290535731972
0.00332290535731972
0.00332290535731972
0
0
0
0
0
0
0
0
0
0
0
0
0
0
0
0
0
0
0
0
0
0
0
0
0
0
0
0
0
0
0
0
0
0
0
0
0
0
0
0
0
0
0
0
0
0
0
0
0
13.6017399994093
13.6017399994093
-13.6017399994092
4.52615988730268
-2.26141849097269
2.26141849097268
2.26141849097268
2.26141849097268
2.2547919434775
2.2547919434775
2.2547919434775
2.2547919434775
2.2547919434775
2.2547919434775
2.2547919434775
2.2547919434775
0
2.25479194347747
2.2547919434775
2.2547919434775
2.2547919434775
2.2547919434775
2.2547919434775
2.2547919434775
2.2547919434775
2.2547919434775
2.2547919434775
0
0.00662654749517672
0
0
0.00662654749517672
0.00662654749517672
0.00662654749517672
0.00662654749517672
0.00662654749517672
0.00662654749517672
0.00662654749517672
0.00662654749517672
0.00662654749517672
0.00662654749517672
0.00662654749517672
0.00662654749517672
0.00662654749517672
0.00662654749517672
0.00662654749517672
0.00662654749517672
13.6017399994093
13.6017399994093
4.52615988730268
4.52615988730268
0
0
0
0
0
0
0
0
0
0
0
0
0
0
0
0
0
0
0
0
0
0
0
0
0
0
0
0
0
0
0
0
0
0
0
0
0
0
0
0
0
0
0
0
0
0
0
0
0
0
0
0
0
0
0
0
0
0
0
0
0
0
0
0
0
0
0
0
0
0
0
0
0
0
0
0
0
0
0
0
0
0
0
0
0
0
0
0
0
0
0
0
0
0
0
0
0
0
0
0
0
0
0
0
0
0
0
0
0
0
0
0
0
0
0
0
0
0
0
0
0
0
0
0
0
0
0
0
0
0
0
0
0
0
0
0
0
0
0
0
0
0
0
0
0
0
0
0
0
0
0
0
0
0
0
0
0
0
0
0
0
0
0
0
0
0
0
0
0
0
0
0
0
0
0
0
0
0
0
0
0
0
0
0
0
0
0
0
0
0
0
0
1.0883365837415
278.475282701691
278.475282701691
0
3.38633592847389
3.38633592847389
0
-281.861618630165
0
3.38633592847389
0
277.386946117949
0
0
1000
0
3.38633592847389
0
3.38633592847389
3.38633592847389
0
0
0
0
0
0
0
0
0
0
0
0
0
0
0
0
0
0
0
0
0
0
0
0
0
0
0
0
0
0
0
0
0
0
0
0
281.861618630165
0
0
0
0
0
0
0
0
0
0
0
0
0
0
0
0
0
0
0
0
0
0
0
0
0
0
0
0
0
0
0
0
0
0
0
0
0
0
0
0
0
0
0
0
0
0
0
0
0
0
0
0
0
0
0
0
0
0
0
0
0
0
0
0
0
0
0
0
0
0
0
0
0
0
0
0
0
1.0883365837415
0.00332290535731972
0
0
0
0
0
0
0
1.43276936880814
0
0
0
0.898365923936706
0.898365923936706
0.898365923936706
0
0
0
0
0
0
1.22859529518617
0
0
0
0.00332290535731972
0
0
0
0
-1.22859529518621
1.22859529518617
0
0
0
0
0.337331078158051
0
0
0
0
0
0.224072979326971
0
0.204174073621979
0
0
0
0
0
0
0
0
0
0
10.016957594567
10.016957594567
10.016957594567
0
0
0
0
-0.136935806087308
0
0
0
0
0
0
0
0
0
0
0
0
0
0
0
0
0
0
0
0
0
0
0
0
0
0
0
0
0
0
0
0
0
0
0
0
0
0
0
0
0
0
0
0
0
0
0
0
0
0
0
0
0
0
0
0
0
0
0
0
0
0
0
0
0
0
0
0
0
0
0
0
0
0
0
0
0
0
0
0
0
0
0
0
0
0
0
0
0
0
0
0
0
0
0
0
0
0
0
0
0
0
0
0
0
0
0
0
0
0
0
0
0
0
0
0
0
0
0
0
0
0
0
0
0
0
0
0
0
0
0
0
0
0
0
0
0
0
0
0
0
0
0
0
0
0
0
0
0
0
0
0
0
0
0
0
0
0
0
0
0
0
0
0
0
0
0
0
0
0
0
0
0
0
0
0
0
0
0
0
0
0
0
0
0
0
0
0
0
0
0
0
0
0
0
0
0
0
0
0
0
0
0
0
0
0
0
0
0
0
0
0
0
0
0
0
0
0
0
0
0
0
0
0
0
0
0
0
0
0
0
0
0
0
0
0
0
0
0
0
0
0
0
0
0
0
0
0
0
0
0
0
0
0
0
0
0
0
0
0
0
0
0
0
0
0
0
0
0
0
0
0
0
0
0
0
0
0
0
0
0
0
0
0
0
0
0
0
0
0
0
0
0
0
0
0
0
0
0
0
0
0
0
0
0
0
0
0
0
0
0
0
0
0
0
0
0
0
0
0
0
0
0
0
0
0
0
0
0
0
0
0
0
0
0
0
0
0
0
0
0
0
0
0
0
0
0
0
0
0
0
0
0
0
0
0
0
0
0
0
0
0
0
0
0
0
0
0
0
0
0
0
0
0
0
0
0
0
0
0
0
0
0
0
0
0
0
0
0
0
0
0
0
0
0
0
0
0
0
0
0
0
0
0
0
0
0
0
0
0
0
0
0
0
0
0
0
0
0
0
0
0
0
0
0
0
0
0
0
0
0
0
0
0
1000
0
0
0
0
0
0
0
0
0
0
0
0
0
0
0
0
0
0
0
0
0
0
0
0
0
0
0
0
0
0
0
0
0
0
0
0
0
0
0
0
0
0
0
0
0
0
0
0
0
0
0
0
0
0
0
0
0
0
0
0
0
0
0
0
0
0
0
0
0
0
0
0
0
0
0
0
0
0
0
0
0
0
0
0
-0.151348707416219
0
0
0
0.0232844165255639
0
0
0
0
0
0
0
0
0
0
0
0
0
0.915853716672814
0
0
0
0
0
0
0.915853716672814
0.915853716672814
0.915853716672814
0.915853716672814
0
0
0
0
0
0
0
0
0
0
0
0
0
0
0
0
0
0
0
0
0
0
0
0
0
0
0
0
0
0
0
0
0
0
0
0
0
485.429272429508
485.429272429508
0
0
0
0
0
0
0
0
0
0
0
0
0
0
0
0
0
0
0
0
0
0
0
0
0
0
0
0
0
0
0
0
0
0
0
0
0
0
0
0
0
0
0
0
0
0
0
0
1000
-1000
0.642909949568434
0
0
0
-211.444306588354
1000
211.444306588354
0
0
0
0
-980.098771429178
-19.9012285708224
0
0
0
0
0
0
0
0
0
0
0
0
0
0
0
0
0
0
0
0
0
0
0
0
0
0
0
0
0
0
0
0
0
0
0
0
0
0
0
0
-1000
0
0
0
0
0
0
0
0
0
0
0
0
0
0
-999.996677094643
999.996677094643
1000
999.996677094643
1000
-1000
-1000
0
0
0
0
0
0
0.00332290535732227
0
0
0
0
0
0
0.0132916214292789
0.00332290535731972
0.00332290535731972
0.00332290535731972
0.00332290535731972
0
0.00332290535731972
0
0
0
0
0
0
0
0.0132627266000848
0
0.00332290535731972
0.0198989057049929
1000
0.00165663687379418
0.00165663687379418
0.00332290535732227
0
0.0116060897262906
0.00165663687379418
0.0248784479360794
-0.00165663687380402
0.00165663687379418
0.00165663687379418
0.00165663687379418
0.00165663687379418
0.00165663687379418
-0.00165663687380402
-0.00331327374760804
-0.00497954223112629
0.00165663687379418
0.00165663687379418
0.00165663687380402
0.00165663687379418
-0.00497954223112629
-0.00165663687380402
0.00332290535732227
0.00165663687379418
0.00165663687379418
0.00332290535731972
0.00332290535731972
-0.00332290535732227
-0.00332290535732227
0.00332290535732227
0.00332290535732227
0.00165663687379418
0.00165663687379418
0.00165663687379418
0.00165663687379418
0.0365038008818601
-0.00497954223112629
-999.976778188938
0
0
0
0
0
0
-1000
0
0
0
0.00332290535731972
0
0
0
0
0.00166145267865986
0.00332290535732227
0.00332290535732227
0
0
0.00332290535731972
0.00332290535731972
0
0
0
0
0
0
0.00662654749517672
0.00165663687379418
0.00496991062138254
0.00165663687379418
-0.00165663687380402
0.00165663687379418
0.00165663687379418
0.00165663687379418
0.00165663687379418
0.00165663687379418
0.00165663687379418
0.00331327374758836
0.00165663687379418
0.00165663687379418
0.00165663687379418
0.00165663687379418
0.00165663687379418
0
0.00165663687379418
0.00332290535731972
0
0.00332290535731972
0
0.00332290535731972
0.00332290535731972
0.00332290535731972
0.00332290535731972
0.00332290535731972
0.00332290535731972
0
0.00332290535731972
0
0.00332290535731972
0.00332290535731972
0.00332290535731972
0.00332290535731972
0.00332290535731972
0
0
0
0
0
0
0
0
0
0
0
0
0
0
0
0
-0.00332290535732227
0.00332290535731972
0.00332290535731972
0
0
0
0
0
0
0
0
0
0
0
0
0
0
0
0
0
0
0
0
0
0
0
0
0
0
0
0
0
0
0
0
0
0
0
0
0
0
0
0
0
0
0
0
0
0
0
0
0
0
0
0
0
0
0
0
0
0
0
0
0
0
1000
107.189775850178
0
0
0
0
0
0.00332290535731972
0
0
0
0
0
0
0
0
0
0
0
0
0
0
0
0
0
0
0
0
0
0
0
-1000
0
0
0
-171.973590594466
0
0
0
0
0
0.112300024094144
0
0
0
0
0
0
0
0
0
0.112300024094144
0
0
476.780711090837
0
0
0
0
0.112300024094144
0
0.112300024094144
0
0.112300024094144
0
42.2801319569597
0
0
0
7.01875150588403
0
43.3758843063633
0
0.112300024094144
0
0
0
0.112300024094144
0
0.112300024094144
0
0.112300024094144
0
0.112300024094144
0
0.112300024094144
0
0.112300024094144
0
0.112300024094144
0
0.112300024094144
0
0.112300024094144
0
0.112300024094144
0
0.112300024094144
0
0.112300024094144
0
0.112300024094144
0
0.112300024094144
0
0.112300024094144
0
0.112300024094144
0
0.112300024094144
0
2.35830050597703
0
0
0
3.22862569270665
0
0
0
1.65642535538863
0
0.112300024094144
0
0.112300024094144
0
11.7675775437046
0
0.112300024094144
0
0.112300024094144
0
0.112300024094144
0
0.112300024094144
0
53.7636365350716
0
0.814175174682547
0
6.03612629506026
0
30.4052315234896
0
0.389727178972186
0
0.112300024094144
0
0.112300024094144
0
1.06685022889437
0
0.112300024094144
0
0.112300024094144
0
0.112300024094144
0
0
-1000
0
0
277.386946117949
0
0
0
0
0
0
-30.0608414997728
-1000
-1000
931.018238777985
0.915853716672814
-1000
1000
0.151348707416219
0
484.200677134321
1000
-1000
-1000
0
0
1000
0
0
0
0
1000
0
0
0
0
-1000
1000
-0.00332290535732227
0
0
0
-638.181986975297
666.513138300008
-5.07645227769467
0
0
0
0.0115964581165144
1000
1000
-364.726293635771
-3.65894419450547
-636.879456256369
0
1000
136.632189656416
1000
-1000
0
0
1000
0
-1000
-1000
0
1000
0
0
-589.640886810624
1000
1000
1000
0
0
0
0
0
0
0
0
0
0
0
0
0
0
1000
0
0
0
0
0
0
0
1000
0
0
0
0
1000
0
0
0
0
0
0
0
0
-1000
35.8273191539392
-1000
979.59335836958
-1000
-1000
-1000
-1000
-1000
-1000
-1000
-1000
1000
1000
1000
-1000
-1000
-1000
4.23718591106922
-1000
93.4689488682695
-1000
119.933461877521
1000
1000
1000
1000
1000
1000
1000
1000
-1000
-1000
-313.743656490142
-1000
-1000
-1000
-1000
-1000
-1000
-1000
1000
-1000
-1000
-1000
-767.474201840323
-1000
-1000
-1000
1000
-1000
-1000
1000
541.393324380875
-1000
-1000
1000
-1000
-1000
-1000
-1000
-1000
-1000
-1000
-1000
-1000
-1000
-1000
-1000
-1000
1000
-1000
1000
1000
1000
-1000
-967.203687283082
-1000
-1000
-1000
-1000
-1000
-1000
1000
-1000
-1000
1000
1000
-1000
-1000
1000
1000
22.1242369622046
-935.601950358388
1000
1000
1000
1000
-1000
-80.5098425187699
1000
-1000
-1000
-1000
-1000
-1000
-1000
-1000
1000
1000
1000
1000
1000
1000
1000
1000
1000
1000
1000
-1000
-1000
894.282741257358
-1000
978.007403063799
1000
-1000
-904.143535142278
0
0
0
0
0
0
0
0
0
0
0
0
0
0
0
0
0
0
0
0
0
0
0
0
0
0
0
0
0
0
0
0
0
0
0
0
0
0
0
0
0
0
0
0
0
0
0
0
0
0
0
0
0
0
0
0
0
0
0
0
0
0
0
0
0
0
0
0
0
0
0
0
0
0
0
0
0
0
0
0
0
0
0
0
0
0
0
0
0
0
0
0
0
0
0
0
0
0
0
0
0
0
0
0
0
0
0
0
0
0
0
0
0
0
0
0
0
0
0
0
0
0
0
0
0
0
0
0
0
0
0
0
0
0
0
0
0
0
0
0
0
0
0
0
0
0
0
0
0
0
0
0
0
0
0
0
0
0
0
0
0
0
0
0
0
0
0
0
0
0
0
0
0
0
0
0
0
0
0
0
0
0
0
0
0
0
0
0
0
0
0
0
0
0
0
439.275296464869
24.4254452382458
0
0
0
0
0
0
0
0
0
0
0
0
0
0
0
0
0
0
0
0
0
0
0
0
0
0
0
0
0
0
0
0
0
0
0
0
0
0
0
0
0
0
0
0
0
0
0
0
0
0
0
0
0
0
0
0
0
0
0
0
0
0
0
0
0
0
0
0
0
0
0
0
0
0
0
0
0
0
0
0
0
0
0
0
0
0
0
0
0
0
0
0
0
0
0
0
0
0
0
0
0
0
0
0
0
0
0
0
0
0
0
0
0
0
0
0
0
0
0
0
0
0
0
0
0.00332290535731972
0
0
0
0
1000
-1000
-1000
1000
1000
1000
1000
1000
-1000
-0.0145878755720332
1000
-1000
-1000
1000
0
1000
-1000
-1000
-783.420070937979
-1000
1000
1000
1000
-1000
-1000
-1000
-1000
-1000
1000
-1000
-1000
-2.24683061540065
-1000
-1000
1000
-997.753169384599
-1000
-1000
-1000
-1000
-1000
1000
-1000
-1000
-1000
1000
-1000
1000
-1000
997.799622638334
-1000
-1000
1000
-1000
-1000
0
0
0
0
0
0
0
0
0
0
0
0
0
0
0
0
0
-1000
-994.923547722305
-0.436368105220822
0
0
0
0
0
0
0
0
0
0
0
0
0
0
0
0
-0.00332290535732227
0.00332290535731972
0
0
-0.00332290535732227
-0.00332290535732227
0
0
0
0
0
0
0
0
0
0
0
0
0
0
0
0
0
0
0
0
0
0
0
0
0
0
0
0
0
0.00332290535731972
0
0
1000
-1000
1000
0
1000
0
0
0
0
0.337331078158059
-342.816213887579
0
0
0
0
0
0
0
0
0
0
0
0
0
0
0
0
0
0
0
0
0
0.00332290535731972
0
0
0
0
735.495205623198
0
0
0
0
0
0
-1000
0
137.796650792263
0
0
0
0
0
0
0
0
0
0
0
0
0
0
0
0
0
0
0
0
0
0
0
0
0
0
0
0
0
0
0
68.9817612220148
0
0
0
0.00332290535731972
0
0
0
0
0
1000
0
0
0
0
1.79673184787341
0
0
0
0
0.00496991062138254
1000
0
-1000
0
0
0
0
0
0
0
0
0
-0.0265832428585782
0
0.00332290535732227
0
-601.373911696302
-274.559781827131
-1.79673184787339
1000
0
0
117.981477115966
1000
482.357061327798
0
0
0
0
0
0.00332290535720858
0
0
1000
0
0
0
0
926.162715321337
0.0265832428585782
0
-986.548622821365
0
0
-1000
0.00332290535731972
-1000
1000
0
0
0
0
0
0
0
0
0
0
0
-1000
0
0
0
73.8638679215211
0
0
0
0
0
0
0
926.136132078479
0
1000
0
998.28169273173
0
0
0
0
0
0
0
0
0
0
0.898365923936706
0
0.00332290535731972
-0.00332290535732227
0.00332290535731972
0.00332290535731972
0
0
0.00332290535732227
0
0
0
0.898365923936694
0
0
-0.00996871607196681
-1000
1.71830726827
-1000
-0.071778768888521
-1000
1000
0
0
-1000
1000
-1000
-8.28156946907359
0
0
0
0
0
0
0
0
0
0
0
0
0
0
0
0
0
991.718430530926
0
0
0
0
0
0
8.35334823796211
0
0
0
0
0
0
0.00165663687379418
0
986.548622821365
0
0
0
0
0
0
0.00332290535731972
0
0
0
0
0
0
0
0
0
0
-214.379551700355
0
53.5948879250888
0
0
0
0
0
0
0
0
0
0
0
946.405112074911
0
0
0
0
214.379551700355
0
0
0
0
0
0
0
0
0
0
0
0
0
0
0
0
0
0
0
0
0
0
0
0
0
0
0
2.14303316522796
0
0
0
0
0
0
0
0
0
0
0
0
0
0
0
0
0
0
0
0
0
0
0
0
0
0
0
0
0
0
0
0
0
0
0
0
0
0
0
0
0
0
0
0
0
0
0
0
0
0
0
0
0
0
0
0
0
0
0
0
0
0
0
0
0
0
0
0
0
0
0
0
0
0
0
0
0
0
0
0
0
0
0
0
0
0
0
0
0
0
0
0
0
0
0
0
0
0
0
0
0
0
0
0
0
0
0
0
0
0
0
0
0
0
-999.988403541883
0
0.00165663687380402
0
0.0182326372214447
0
0
-0.0115964581165144
0
1000
0
0
0
0
0.0149193634738367
0
0
0
0
0
0
0
0
0
0
0
0
0
0
0
0
0
0
0
0.00332290535731972
0.00332290535731972
0.00332290535731972
1000
-1000
0
-1000
-1000
0
0
0
0
0
0
1000
1000
0
0
0
0
0
0
0
0
0
0
-1000
0
1000
0
-1000
-1000
-1000
-1000
-1000
1000
0
0
0
0
0
0
0
0
0
0
-1000
0
1000
0.363962479065266
0.00332290535731972
0.00332290535731972
0.00332290535731972
0.00332290535731972
0.00332290535731972
92.9329465748981
0
0
1000
6.14842631915441
0
0
0
0
0
0
0
0
0
0
0
0
0
0
-1000
0
0
0
0
0
0
1000
-1000
0
1000
0.00332290535731972
0.00332290535731972
-1000
0
0
0
0
0
0
0
0
0
53.5948879250888
0
0
0
0
0
0
0
0
0
0
0
0
0
0
0
0
0
0
0
0.702702265074083
0
0
0
0
0
3.95940296380427
0
0
0
0
0
0
0
0
0
0
0.00332290535731972
-666.513138300008
0
0
0
0
0
0
0
0
-1000
0
0
0
0
0
0
0
0
1000
-1000
385.032169550766
385.032169550766
385.032169550766
1000
0
0.0198989057049929
0
0
0
0
-999.833128348233
-1000
0
0
0.151348707416183
0
0
0
-1000
13.7397994932986
0
0
0
0
0.534403444871439
0.534403444871439
-983.159183213325
-999.98674690501
0
0
0
0
0
0
0
0
-1000
0
0
0
0
0
0
0
999.297297734926
0.00332290535731972
0
0
0
0
0
0
0
969.942481405585
-1000
0
0
996.74329930127
0
0
0
-1000
0
0
0
-877.438121433116
0
0
0
0
0
-1000
-1000
0
0
0
0
-118.491002693472
0
1000
118.378702669377
0
0
0
0
0
0
-750
0
0
0
0
-1000
-1000
0
0
1000
0
0
0
0
0.000827114485680669
0
0
0
0
0
0
0
0
0
998.28169273173
0
1000
0
0
0
0
0
0
0
0
0
0
-635.49247076119
0
0
-1000
1000
-1000
-1000
1000
0
0
0
0
0
0
0
0
-1000
0
0
1000
0.00165663687379418
0.00165663687379418
0
303.429343105577
0
0
381.072766586962
0
0
0
0
0
0
0
0
0
0
0
0
0
0
0
0
0
0
0
0
0
0
0
0
0
0.00332290535732227
0
0
0
0
0
0
0
0
0
0
0
0
0
0
0
0
0
0
0
0
0
0
0
0
0
0
0
0
0
0
0
0
0
0
0
0
0
0
0
0
0
0
0
0
0
0
-1000
0
-1000
0
0
0
0
0
0
-1000
0
0
0
0
0
0
0
0
0
0
0
-1000
0
0
0
0
0
0
0
0
0
0
0
0
0
1000
0
0
0
1000
0
0
0
53.5948879250889
-53.5948879250888
-53.5948879250888
0
0
0
0
0
0
0
0
0
118.378702669377
0
0
0
0
0
0
0
0
0
0
0
0
0
0
0
0
0
0
0
0
0
0
0
118.378702669377
0
0
0
0
0
0
0
0
0
0
0
0
0
0
0
0
0
0
0
0
0
0
0
0
0
0
0
0
0
0
0
0
0
0
0
0
0
0
0
0
0
0
0
0
0
0
0
0
0
0
0
0
0
0
0
0
0
0
0
0
0
0
0
0
0
0
0
0
0
0
0
0
0
0
0
0
0
0
0
0
0
0
0
0
0
0
0
0
0
0
0
0
0
0
0
0
0
0
0
0
0
0
0
0
0
0
0
0
0
0
0
0
0
0
0
0
0
0
0
0
0
0
0
0
0
0
0
0
0
0
0
0
0
0
0
0
0
0
0
0
0
0
0
0
0
0
-1000
0
0
0
0
0
0
0
0
0
0
0
0
0
0
0
0
0
0
0
0
0
0
0
0
0
0
0
-98.6537831657208
0
0
1000
-1000
0
0
-137.796650792263
0
-1000
-1000
0
0
0
0
171.548587464403
0.0199374321439336
0
0
0
0
0
0
0
0
0
0
0
0
0
0
0
0
0
-30.0608414997729
0
0
0
0
0
0
0
0
0
0
0
0
0
0
0
0
0
0
0
0
0
0
0
0
0
0
0
0
0
0
0
0
0
0
0
0
0
0
0
0
0
0
0
0
0
0
0
0
0
0
0
0
0
0
0
0
0
0
0
0
0
0
0
0
0
0
0
0
0
0
0
0
0
0
0
0
0
0
0
0
0
0
0
0
0
0
0
0
0
0
0
0
0
0
0
0
0
0
0
0
0
0
0
0
0
0
0
0
0
0
0
0
0
0
0
0
0
0
0
0
0
0
0
0
0
0
0
0
0
0
0
0
0
0
0
0
0
0
0
0
0
0
0
0
0
0
0
0
0
0
0
0
0
0
0
0
0
0
0
0
0
0
0
0
0
0
0
0
0
0
0
0
0
0
0
0
0
0
0
0
0
0
0
0
0
0
0
0
0
0
0
0
0
0
0
0
0
0
0
0
0
0
0
0
0
0
0
0
0
0
0
0
0
0
0
0
0
0
0
0
0
0
0
0
0
0
0
0
0
0
0
0
0
0
0
0
0
0
0
0
0
0
0
0
0
0
0
0
0
0
0
0
0
0
0
0
0
0
0
0
0
0
0
0
0
0
0
0
0
0
0
0
0
0
381.072766586962
0
0
0
0
0
0
0
0
0
0
0
-1000
0
0
0
0
0.00332290535732227
-16.4449817057408
-983.159183213325
0
0
0
0
0
0
0
0
0
0
0
0
0
0
0
0
0
0
0
0
0
0
0
0
0
0
0
0
0
0
0
0
0
0
0
0
0
0
0
0
0
0
0
0
0
0
0
0
0
0
0
0
0
0
0
0
0
0
0
0
0
0
0
0
0
0
0
0
0
0
0
0
0
0
0
0
0
0
0
0
0
0
0
0
0
0
0
0
0
0
0
0
0
0
0
0
0
0
0
0
0
0
0
0
0
0
0
0
0
0
0
0
0
0
0
0
0
0
0
0
0
0
0
0
0
0
0
0
0
0
0
0
0
0
0
0
0
0
0
0
0
0
0
0
0
0
0
0
0
0
0
0
0
0
0
969.939158500227
0
0
999.985412124428
0
0
0
0
0
0
0
1000
0.00332290535732227
0
0
-1000
1000
0
0
0
0
0
0
0
0
0
0
0
0
0
0
0
0
1000
-1000
0
0
0
0
0
0
0
0
0
0
0
0
0
0
0
0
0
0
0
0
0
0
0
0
0
106.370669746949
0
0
0
0
0
0
0
0
0
0
0
0
0
0
0
0
0
0
0
0
0
0
0
0
0
0
0
0
0
0
0
0
0
0
0
0
0
0
0
0
0
0
0
0
0
0
0
0
0
0
0
0
0
0
0
0
0
0
0
0
0
0
0
0
0
0
0
0
0
0
0
0
0
0
0
0
0
0
0
0
0
0
0
0
0
0
0
0
0
0
0
0
0
0
0
0
0
0
0
0
0
0
0
0
0
0
0
0
0
0
0
0
0
0
0
0
0
0
0
0
0
0
0
0
0
0
0
0
0
0
0
0
0
0
0
0
0
0
0
0
0
0
0
0
0
0
0
0
0
0
0
0
0
942.968656049176
500
80.2634144280126
-280.750060235361
0
0
-0.898365923936694
0
0
428.405974509517
17.7542672714764
38.8073608759441
0.0963160973136151
80.2634144280126
0
0
0
0
0
0
0
0
0
0
0
0
0
0
0
0
0
0
0
0
0
0
0
0
0
492.538160437756
-1000
0
0
-1000
909.265409143588
-763.190106933583
0
983.159183213325
0
0
0
0
107.189775850178
53.5948879250889
0
0
0
0
0
0
-0.151348707416219
0.00332290535731972
0
0
0
0
0
0
0
0
0
0
0
0
0
0
0
0
0
0
171.973590594466
0
0
0
0
0.0115964581165144
-53.7636365350717
-2.35830050597701
0
-9.8607938849193
-19.3313791542553
-39.4236193587517
-30.9149309137745
20.4066416304205
-32.7963127169178
-24.4254452382459
-4.23718591106922
-28.9161832754933
1000
-1000
0
0
0
0
-1000
217.63959665686
-16.111792877158
-277.916337336203
-12.2510905378048
-9.47749996248956
-21.9925969362013
-31.8085155461138
977.875763037795
-308.867526221198
0
0
-1000
-1000
0
1000
-0.00332290535732227
0
999.833128348233
-1000
0
0
0
0
0.337331078158059
0
1000
-73.8638679215211
0
0
0
0
0
0
0
0
0
-0.00332290535732227
0
0
0
0
0
0
0
0
0
0
0
0
0
0
0
0
0
0
783.420070937979
0
214.379551700355
0
0
-1000
-1000
0
-0.00332290535732227
-0.00332290535732227
-0.915853716672814
1000
0
0
-0.00332290535732227
0
-0.00332290535732227
-342.816213887579
0
0
-0.00332290535732227
0
0
0
-0.00332290535732227
0
0
0
0
0
0
0
0
0
0
0
999.985412124428
0
0
0
0
0
-30.0608414997728
0
0
0
0
0
0
0
0
0
0
0
-1000
0
1000
0
0
-0.00332290535732227
0
0
0
0
0
0
0
0
0
0
0
0
106.370669746949
0
828.428152198096
-638.181986975297
-0.436368105220822
-994.923547722305
-1000
0
0
0
0
0
-5.07645227769467
0
0
0
2.26141849097269
0
0
0
0
0
0
-3.65894419450547
0
0
0
0
1000
1000
0.151348707416219
0
0
484.200677134321
363.120543743632
0
0
0
0
0
0
0
0
-0.151348707416219
-1000
-1000
0
0
0
0
0
-0.0464532537343985
0
0
0
0
-969.942481405585
-1000
1000
0
0
0
0
0
0
1000
-1000
-364.726293635771
0
0
0
0
0
0
0
0
0
0
0
0
1000
0
-0.38972717897218
-0.112300024094111
-30.4052315234896
0
-1.65642535538859
-11.7675775437046
-1.0668502288944
-6.03612629506028
-3.2286256927066
-0.112300024094111
0
0
476.780711090837
0
-0.112300024094111
-969.939158500227
-0.112300024094111
-0.112300024094111
-0.112300024094111
-0.814175174682532
0
-0.112300024094111
-42.2801319569596
-43.3758843063633
0
-13.7397994932986
0
0
-0.112300024094111
0
0
-0.112300024094111
-0.112300024094111
-0.112300024094111
-0.112300024094111
0
0
-7.01875150588398
0
0
0
0
0
0
0
-1000
1000
-0.00332290535732227
0
750
-750
0
0
0
-1000
0
0
0
0
0
0
0
0
0
0
0
0
0
0
0
0
0
0
0
-1000
1000
-303.429343105577
303.429343105577
303.429343105577
0
-1000
1000
-0.112300024094111
-0.112300024094111
0
0
0
0
969.939158500227
-1000
1000
0
171.548587464403
0.0199374321439336
0
0
0
0
0
-1000
0
0
-1000
0
0
0
0
0
0
0
0
0
0
0
0
0
0
0
0
0
0
0
0
0
0
0
0
0
0
0
0
0
0
0
0
0
0
0
0
0
0
0
0
0
0
0
0
0
0
0
0
0
0
0
0
0
0
0
0
0
0
0
0
0
0
0
0
0
0
0
0
0
0
-0.112300024094111
0
0
0
0
0
0
0
0
0
0
0
0
0
0
0
0
0
0
0
0
0
0
0
0
0
0
0
0
0
0
0
0
0
0
0
0
0
0
0
0
0
0
0
0
0
0
0
0
0
0
0
0
0
0
0
0
0
0
0
0
0
0
0
0
0
0
0
0
0
0
0
0
0
0
0
0
0
0
0
0
0
0
0
0
0
0
0
0
0
0
0
0
0
0
0
0
0
0
0
0
0
0
0
0
0
0
0
0
0
0
0
0
0
0
0
0
0
0
0
0
0
0
0
0
0
0
0
0
0
0
0
0
0
0
0
0
0
0
0
0
0
0
0
0
0
0
0
0
0
0
0
0
0
0
0
0
0
0
0
0
0
0
0
0
0
0
0
0
0
0
0
0
0
0
0
0
0
0
0
0
0
0
0
0
0
0
0
0
0
0
0
0
0
0
0
0
0
0
0
0
0
0
0
0
0
0
0
0
0
0
0
0
0
0
0
0
0
0
0
0
0
0
0
0
0
0
0
0
0
0
0
0
0
0
0
0
0
0
0
0
0
0
0
0
0
0
0
0
0
0
0
0
0
0
0
0
0
-999.985412124428
1000
1000
0
0
0
16.4449817057408
0
0
0
0
0
0
0
0
0
0
0
0
0
0
0
0
0
0
0
0
0
0
0
969.939158500227
0
-1000
0
0
-0.00332290535732227
0
0
0
0
0
0
0
106.370669746949
-722.613053882051
-106.370669746949
-106.370669746949
0
0
0
0
0
0
0
0
0
0
0
0
0
0
0
0
0
0
0
0
0
0
0
0
0
0
0
0
0
0
0
0
0
0
0
0
0
0
0
0
0
0
0
0
0
0
0
0
0
0
0
0
0
0
0
0
0
0
0
0
0
0
0
0
0
0
0
0
0
0
0
0
0
0
0
-0.112300024094111
-0.112300024094111
-0.112300024094111
-0.112300024094111
0
-0.112300024094111
0
0
-0.112300024094111
-0.112300024094111
-0.112300024094111
-0.112300024094111
0
-0.112300024094111
-0.112300024094111
-0.112300024094111
-0.112300024094111
-0.112300024094111
-0.112300024094111
-0.112300024094111
0
-0.112300024094111
-0.112300024094111
-0.112300024094111
0
-1000
80.2634144280125
0
1000
0
0
0
0
0
0
0
0
0
0
0
