0
0
0
0
0
0
0
0
-1000
0
1000
0
0
194.964434113721
221.597163847884
0
999.744083994166
-999.744083994166
999.941265178989
0
0.0587348210110251
0
-1000
0.369190303497817
0
1000
-208.253971337192
0
-35.6476353637059
0.0304667902989971
0
0
0
0
0
0.032346235155104
0
0
0
35.246098825053
0
0
0
0
0
0
0
0
0
0
0
0
0
0
0
0
0
0
0
0
0
0
0
0
0
0
0
0
35.6476353637061
0
0
0
0
13.8372244615207
13.8372244615207
0
0
0
35.647635363706
0
0
-1000
0
0
0
0
0
0
0
0
0
0
0
0
0
0
0
0
0
0
0
0
0.0035922907221989
0
0
0
0
0
0
0
0
0
0
0
0
0
0
0
0
0
0
0
0
0
0
0
0
0
0
998.31766691247
0
0
1000
0
0
0
0
1000
0
0
0
0
-14.7044225313271
0
0
0
0
-1000
0
0
0
-210.871866216541
0
0
596.370450802009
1000
1000
403.621158509275
0
0
0
-1000
403.621158509275
598.585592622997
1000
-805.035565886279
0
0
1000
0
0
0
0
0
1000
812.170751495591
0
0
0
0
0
-3.95137662341176
0
0
0
0
0
0
0
745.583637569202
-1000
0
0
0
0
0
0
0
0
0
0
0
0
0
0
-3.95557196776974
0
-999.995804655642
0
0
0
0
0
0
0
0
0
0
0.463353440979279
0
0
0
-1000
0
0.699225505826849
0
0.463353440979279
0.47174412969514
0
0
0.695030161468918
0
-1000
0
0
0
745.583637569202
0
0
0
0
0
0
0
0
0
0
0
0
-1000
0
-1000
-1000
-1000
-13.8372244615207
1000
-1000
0
-1000
1000
-0.971195753917186
1000
-2.64460104452928
0
-552.758900922085
998.073183762326
1000
1000
2.32935323797019
0
0
1000
0
0.180399807391006
0
-0.180399807391041
0
0.00179093914266148
0
0
0
0
0
0
0
0
329.747437465918
0
491.951119047911
0
0
0
0
0
0
-253.632518521291
0
1000
0
0
0
1000
0
-0.180399807391041
0
-0.695030161468935
0
0
0.695030161468935
2.64460104452922
0
0
0
0
0
0
0
447.936129239384
0
0
0
427.856133455113
0.695030161468935
0
-1000
-0.971195753917186
0
1000
0.00359229072220415
0
0
0
0
0
0
0
0
0
0
0
0
-491.951119047911
0
0
0
2.31676720489639
0
9.75298254046272
0
0
0
0
0
0
0
0
64.2603949618999
-1000
1000
1000
-1000
1000
1000
-491.952909987054
-1000
-1000
1000
-1000
1000
-1000
0
0
-1000
0
0
0
0
-1000
0
0
-1000
-998.073183762326
-1000
1000
0
0.00839068871584914
1000
1000
0
0
0
0
0
0
0.971195753917153
-1000
1000
1000
0
1000
-1000
-1000
0
0.00839068871584914
-1000
1000
1000
1000
-1000
0
-1000
0
1000
-1000
-1000
-1000
555.380747321228
-1000
1000
1000
0
0
0
-1000
1000
0
0
0
1000
0
0
0
-903.091406610484
1000
0
0
0
67.5124488967417
0
0
0
0
0
0
0
0
0
0
0
97.0722118194758
0
0
0
0
0.0035922907221989
0
1000
-96.9121856802385
-903.087814319761
0
0
903.087814319761
0
0
0
0
0
0
0
0
0
0
0
0
0
0
0
0
0
0
0
0
0
1000
0
0
0
0
0
-1000
1000
0
0
0
0
0
0
0
0
0
0
0
1000
1000
0.104883608948285
0.104883608948285
0
-999.304969838531
0
0
0
0
0
0
0
0
0
0
0
0
0
0
0
0
-376.640469634903
0
0
0
0
0
0
0
0
0
0
0
0
0
0
0
0
0
0
0
0
0
0
0
0
0
0
0
0
0
0
0
0
0
0.163618429959541
0
0
0
1000
0
0
0
0
0
0
-1000
0
0
0
0
0
0
0
0
0
0
0
0
0
0
0
0
0
0
0
0
0
0
0
0
0
0
0
-671.212005414598
0
0
0.163618429959541
0
0
0
0
0
0
0
0
0
982.751004366695
0
0
0
0
0
0
0
0
0
0
0
0
0
0
0
0
0
0
0
0
0
0
0
0
0
0
0
0
0
0
0
0
0
0
0
0
0
0
0
0
0
0
0
0
0
0
0
0
0.0107768721665967
0.0107768721665967
0
0.0107768721665967
0
0
0
0
0
0
0
0
0
0
0
0
0
0
0
0
0
0
0
0
0
0
-1000
0
0.00419534435793036
0
0
0
0
0.759357328785395
0.759357328785395
0
34.3584689509868
0
0
0
0
0
0
0
0
0
0
0
0
0
0
0
0
0
0
0
0
0
0
0
0
-1000
0
0
0
-1000
0
0
-1000
0
0
0
0
2.18157906612379
0
0
2.18157906612379
0
0
0
0
0
0
0
0
0
0
2.18157906612379
0
2.18157906612379
0
0
0
13.0141360774299
37.0972348684035
23.7125895788047
17.3676193204136
25.7503902457333
8.47539822836185
19.8222428510321
36.2635891410237
33.3921427467153
10.5595125468115
20.4706339723275
42.1917365357248
33.2995154436731
10.2816306376849
17.0434237597659
23.6199622757625
30.6133236554491
24.7778035637901
4.5387378490681
30.8912055645757
0
0
0
0
0
0
0
0
0
0
0
0
0
0
0
0
0
0
0
0
0
0
0
0
0
0
0
0
0
0
0
0
0
0
0
0
0
0
0
0
0
0
0
0
0
0
0
0
0
0
0
0
0
0
0
0
0
0
0
0
0
0
0
0
0
0
0
0
0
0
0
0
0
0
0
0
0
0
0
0
0
0
0
0
0
0
249.513328123562
0
0
0
0
0
0
-1000
0
0
0
0
0
0
1000
1000
0
0
0
0
0
443.544593599745
0
67.5124488967417
-443.69562599663
-443.69562599663
-1000
0
-623.359530365097
376.640469634903
-623.477000007119
1000
1000
443.55298428846
1000
0
0
556.455406400255
0
-1000
-1000
-1000
0
0
0
376.640469634903
376.640469634903
623.359530365097
0
0
0
0
0
0
0
0
0
0
0
-999.996407709278
188.804036549049
1000
1000
0
500
250.001489412325
2.51256781130926
5
0
0
0
0
0
0
0
0
311.676732858798
0
0
-0.00965693822274716
0
0
0
0
-0.00965693822274716
293.070072155639
187.786141015743
0
-0.0193138764454943
0
-0.00965693822274716
0
0
-0.603558638919935
0
-1000
-0.00965693822274716
0
-0.00965693822274716
-0.00965693822274716
0.00965693822274716
-0.00965693822274716
0.00965693822274716
-0.00965693822274716
-0.00965693822274716
-0.00965693822274716
-0.00965693822274716
-0.00965693822274716
-0.00965693822274716
-0.00965693822274716
-0.00965693822274716
-0.00965693822274716
-0.00965693822274716
-0.00965693822274716
-0.268528288660946
0
-0.277636973903213
-0.280051208458872
-0.142439838785094
0.00965693822274716
0.00965693822274716
-0.656819280900777
0.00965693822274716
0.00965693822274716
0.00965693822274716
0.00965693822274716
-4.6232591741267
-0.0700128021146611
-0.519060429471097
-2.6146160238012
-0.0481372093577193
0.00965693822274716
0.00965693822274716
0.0917409131158138
0.00965693822274716
0.00965693822274716
-0.00965693822274716
0
0
0
0
0
0
0
0
0
0
0
0
0
0
0
0
0
0
0
0
0
0
0
0
0
0
0
0
0
0
0
0
0
0
0
0
0.00537672209179618
0
0
0
0
0
0
0
0
0
0
0
0
0
0
0
0
0
0
0
0
0
0
0
0
0
0
0
0
0
0
0
0
0
0
0
0
0
0
0
0
0
0
0
0
0
0
7.37010984550987
0
0
0
0
0
0
0
0
0
0
0
0
0
0
0
0
0
0
0
0
0
0
0
0
0
0
0
0
0
0
0
0
0
0
0
0
0
0
0
0
0
0
0
0
0
0
0
0
0
0
0
0
0
0
0
0
0
0
0
0
0
0
7.37010984550987
7.37010984550987
7.37010984550987
7.35079596906444
0
0
0
0
0
0
0
0
0
0
0
0
0
0
0
0
0
0
0
0
0
0
0
0
0
0
0
0
0.00965693822271907
0.00965693822271907
311.696046735244
0
0
0
0
0
0
0.00965693822271907
0
0
0.00965693822271907
0
0
0
0
0
0
0
0
0
0
0
0
0
0
0
0
0
0
0
0
0
0.0657325859838071
0
0
0
0
0
0
0
0
0
0
0
0
0
0
0
0
0
0
0
0
0
0
0
0
0
0
0
0
0
0
0
0
0
0
0
0
0
0
0
0
0
0
0
0
0
0
0
0
0
0
0
0
0
0
0
0
0
0
0
0
0
0
0
0
0
0
0
0
0
0
0
0
0
0
0
0
0
0
0
0
0
0
0
0
0
0
0
0
0
0
0
0
0
0
0
0
0
0
0
0
0
0
0
0
0
0
0
0
0
0
0
0
0
0
0
0
0
0
0
0
0
0
0
0
0
0
0
0
0
0
0
0
0
0
0
0
0
0
0
0
0
0
0
0
0
0
0
0
0
0
0
0
0
0
0
0
0
0
0
0
0
0
0
0
0
0
0
0
0
0
0
-1000
0
0
0
0
0
0
0
0
0
0
0
0
0
0
0
0
0
0
0
0
0
0
0
0
0
0
0
0
0
0
0
0
0
0
0
0
0
0
0
0
0
0
0
0
0
0
0
0
0
0
0
0
0
0
0
0
0
-0.00448255407513898
0
0
0.00448255407513898
0
0.00448255407509167
0
0.00448255407509167
0
0
0
0
0
0
0
0
0
0
0
0
0
0
0
0
0
0
0
0
0
0
0
0
0
0
0
0
0
0
0
0
0
0
0
0
0
0
0
0
0
0
1000
1000
0
0
0
0
0
0
0
0
0
0
0
0
0
0
0
0
0
0
0
0
0
-1000
0
-1000
0
0
0
0
0
0
0
1000
1000
0
0
0
0
0
0
0
0
0
0
0
0
0
0
0
0
0
0
0
0
0
0
0
0
0
0
0
0
0
0
0
0
0
0
0
0
0
0
0
0
0
0
0
0
0
0
0
0
0
0
0
0
0
0
0
0
0
0
0
0
0
0
0
0
0
0
0
0
0
0
0
0
0
0
0
0
0
0
0
0
0
0
0
690.265658649036
53.6733471943307
0
0
0.00965693822274716
0
-687.963546192405
0
0
311.686389797021
0
306.353604467759
-0.00965693822274716
187.786141015743
0
0
0
0.00537672209179618
0
0
-1000
999.990343061777
0
0
0
0
0
0
0
0
0
0
0
0
0
-1000
0.00537672209179618
0
0
0
-0.014337925578161
0
0
0
0
0
0
0
0.014337925578161
0
0
0
0
0
0
-1000
690.265658649036
0
0
0
-491.721911920396
1000
-0.0215537443332323
0
0
0.00965693822274716
-0.00965693822274716
0
0
312.036453807595
-312.036453807595
1000
0
0
0
-311.686389797021
-311.686389797021
-1000
0
-693.646395532241
-306.353604467759
-1000
0
-812.213858984257
-187.786141015743
-1000
0
0
0
0
0
-1000
0
0
0
0
0
-1000
1000
-1000
0
0
0
-1000
0
0
0
-1000
0
0
0
0
0
0
0
0
0
0
0
0
0
0
0
0
0
0
0
-1000
1000
-1000
0
-1000
0
-1000
0
-1000
0
0
0
0
0
0
0
0
0
-1000
0
1000
0
-1000
0
-1000
0
680.608231107046
0
-1000
0
0
0
0
0
0
0
0
0
-1000
0
0
0
0
0
0
0
0
0
0
0
0
0
0
0
0
0
0
0
0
0
0
0
0
0
0
0
0
0
0
0
0
0
0
0
0.00537672209179618
-0.00537672209179618
0
0
0
0
0
0
0
0
0
0
0
0
0
0
0
0
0
0
0
0
0
0
0
0
0
0
0
0
0
0
0
0
0
0
0
0
0.00537672209179618
-0.00537672209179618
0
0
0
0
0
0
0.014337925578161
0.014337925578161
0
0
0
0
0
0
0
0
0
0
0
0
0
0
0
0
-0.014337925578161
-0.014337925578161
0
0
0
0
0
0
0
0
0
0
0
0
0
0
0
0
0
0
0
0
0
0
0
0
0
0
0
0
0
0
0
0
0
0
0
0
923.025461679502
0
0
0
0
0
0
0
0
0.0035922907221989
0
0
0
0
0
0
0
0
10.9770616779735
0
0
0
0
0
0
0
0
0
0
0
0
0
0
0
0
0
0
0
0
0
0
0
0
0
0
0
0
0
0
0
0
0
0
0
0
0
0
0
0
0
0
0
0
0
0
0
0
0
0
0
0
0
0
0
0
0
312.036453807595
312.036453807595
312.036453807595
0
0
0
0
311.676732858798
311.676732858798
0
0
0
0
0
0
0
0
0
0
0
0
0
0
0
0
0
0
0
0
0
0
0
0
0
0
0
0
0
0
0
0
0
0
0
0
0
0
0
0
0
0
0
0
0
0
0
0
0
0
0
0
0
0
0
0
0
0
0
0
0
0
0
0
0
0
0
0
0
0
0
0
0
0
0
0
0
0
0
0
0
0
0
0
0
0
0
0
0
0
0
0
0
0
0
0
0
0
0
0
0
0
0
0
0
0
311.686389797021
311.686389797021
311.686389797021
311.686389797021
-311.686389797021
0
0
0
0
0
0
0
0
0
0
0
0
0
0
0
0
0
0
0
0
0
0
0
0
0
0
0
0
0
0
0
0
0
0
0
0
0
0
0
0
0
0
0
0
0
0
0
0
0
0
0
0
0
0
0.0035922907221989
0.0035922907221989
0.0035922907221989
0.0035922907221989
0.0035922907221989
0
0
0
0
0
0
0
0
0
0
0
0
0
0
0
0
0
0
0
0
0
0
0
0
0
0
0
0
0
0
0
0
0
0
0
0
0
0
0
0
0
0
0
0
0
0
0
0
14.7044225313271
14.7044225313271
-14.7044225313271
4.8930921654239
-2.44474993735082
2.44474993735085
2.44474993735085
2.44474993735085
0
0
0
0
0
0
0
0
0
0
0
0
0
0
0
0
0
0
0
0
0
2.44474993735085
2.43758618078021
2.44474993735085
2.44474993735085
2.44474993735085
2.44474993735085
2.44474993735085
2.44474993735085
2.44474993735085
2.44474993735085
2.44474993735085
2.44474993735085
2.44474993735085
2.44474993735085
2.44474993735085
2.44474993735085
2.44474993735085
2.44474993735085
14.7044225313271
14.7044225313271
4.8930921654239
4.8930921654239
0
0
0
0
0
0
0
0
0
0
0
0
0
0
0
0
0
0
0
0
0
0
0
0
0
0
0
0
0
0
0
0
0
0
0
0
0
0
0
0
0
0
0
0
0
0
0
0
0
0
0
0
0
0
0
0
0
0
0
0
0
0
0
0
0
0
0
0
0
0
0
0
0
0
0
0
0
0
0
0
0
0
0
0
0
0
0
0
0
0
0
0
0
0
0
0
0
0
0
0
0
0
0
0
0
0
0
0
0
0
0
0
0
0
0
0
0
0
0
0
0
0
0
0
0
0
0
0
0
0
0
0
0
0
0
0
0
0
0
0
0
0
0
0
0
0
0
0
0
0
0
0
0
0
0
0
0
0
0
0
0
0
0
0
0
0
0
0
0
0
0
0
0
0
0
0
0
0
0
0
0
0
0
0
0
0
0
0
0
0
0
0
1.17656718804588
0.0251043853078886
0.0251043853078886
0
0
0
0
-0.0251043853079409
0.0251043853078886
0
0
0
1.15146280273799
0
0
0
0
0
0
0
0
0
0
0
0
0
0
0
0
0
0
0
0
0
0
0
0
0
0
0
0
0
0
0
0
0
0
0
0
0
0
0
0
0
0
0
0
0
0
0
0
0
0
0
0
0
0
0
0
0
0
0
0
0
0
0
0
0
0
0
0
0
0
0
0
0
0
0
0
0
0
0
0
0
0
0
0
0
0
0
0
0
0
0
0
0
0
0
0
0
0
0
0
0
0
0
0
0
0
0
0
0
0
0
0
0
0
0
0
0
0
0
0
0
0
0.0035922907221989
0
0
0
0
0
0
0
1.54892287235404
0
0
0
0.971195753917153
0.971195753917153
0.971195753917153
0
0
0
9.65245740405012
0
0
1.32819656464559
0
0
9.65245740405012
0.0035922907221989
0
0
0
0
-1.32819656464562
1.32819656464559
0
0
0
0
0
0
10.829024592096
0
0
0
0.242238402294133
0
0.220726307708444
0
10.829024592096
10.829024592096
0
0
0
0
0
0
0
0
0
0
0
0
0
0
-10.9770616779736
0
0
0
0
0
0
0
0
0
0
0
0
0
0
0
0
0
0
0
0
0
0
0
0
0
0
0
0
0
0
0
0
0
0
0
0
0
0
0
0
0
0
0
0
0
0
0
0
0
0
0
0
0
0
0
0
0
0
0
0
0
0
0
0
0
0
0
0
0
0
0
0
0
0
0
0
0
0
0
0
0
0
0
0
0
0
0
0
0
0
0
0
0
0
0
0
0
0
0
0
0
0
0
0
0
0
0
0
0
0
0
0
0
0
0
0
1000
0
0
1000
1000
0
0
0
0
0
0
0
0
0
0
0
0
0
0
0
0
0
0
0
0
0
0
0
0
0
0
0
0
0
0
0
0
0
0
0
0
0
0
0
0
0
0
0
0
0
0
0
0
0
0
0
0
0
0
0
0
0
0
0
0
0
0
0
0
0
0
0
0
0
0
0
0
0
0
0
0
0
0
0
0
0
0
0
0
0
0
0
0
0
0
0
0
0
0
0
0
0
0
0
0
0
0
0
0
0
0
0
0
0
0
0
0
0
0
0
0
0
0
0
0
0
0
0
0
0
0
0
0
0
0
0
0
0
0
0
0
0
0
0
0
0
0
0
0
0
0
0
0
0
0
0
0
0
0
0
0
0
0
0
0
0
0
0
0
0
0
0
0
0
0
0
0
0
0
0
0
0
0
0
0
0
0
0
0
0
0
0
0
0
0
0
0
0
0
0
0
0
0
0
0
0
0
0
0
0
0
0
0
0
0
0
0
0
0
0
0
0
0
0
0
0
0
0
0
0
0
0
0
0
0
0
0
0
0
0
0
0
0
0
0
0
0
0
0
0
0
0
0
0
0
0
0
0
0
0
0
0
0
0
0
0
0
0
0
0
0
0
0
0
0
0
0
0
0
0
0
0
0
0
0
0
0
0
0
0
0
0
0
0
0
0
0
0
0
0
0
0
0
0
0
0
0
0
0
0
0
0
0
0
0
0
0
1000
0
0
0
0
243.007031595055
0
0
0
0
0
0
0
0
0
0
0
0
0
0
0
0
0
0
0
0
0
0
0
0
0
0
0
0
0
0
0
0
0
0
0
0
0
0
0
0
0
0
0
0
0
0
0
0
0
0
0
0
0
0
0
0
0
0
0
0
0
0
0
0
0
0
0
0
0
0
0
0
0
3.72999238852526
0.163618429959541
0.163618429959541
0
0
0
0.16361842995957
0
0.163618429959541
-249.513328123562
0
0
0
0.0251720661450605
0
0
0
0
0
0
0
249.513328123562
0
0
0
0
0
0.990101268471565
0
0
0
0
0
0
0.990101268471565
0.990101268471565
0.990101268471565
0.990101268471562
0
0
0
0
0
0
0
0
0
0
0
0
0
0
0
0
0
0
0
0
0
0
0
0
0
0
0
0
0
0
0
0
0
0
0
0
0
753.286413199495
753.286413199495
0
0
0
0
0
0
0
0
0
0
0
0
0
0
0
0
0
0
0
0
0
0
0
0
0
0
0
0
0
0
0
0
0
0
0
0
0
0
0
0
0
0
0
0
0
0
0
0
1000
193.064087658086
-1000
0
0
0
-1000
152.074840856414
1000
0
0
0
0
-1000
192.369057496617
0
0
0
0
0
0
0
0
0
0
0
0
0
0
0
0
0
0
0
0
0
0
0
0
0
0
0
0
0
0
0
0
0
0
0
0
0
0
0
0
-152.074840856414
0
0
0
0
0
0
0
0
0
0
0
0
0
0
0
0
0
-999.996407709278
-1000
1000
-1000
1000
999.996407709278
-1000
0
0
0
0
0
0
0.00359229072216749
0
0
0
0
0
0
0
0
0
0
0
0
0
0
0
0
0
0
0
0
0
0.0143379255781678
0
0.0035922907221989
0.0215120945856897
1000
0.00179093914266148
0.00179093914266148
0.00359229072216749
0
0.0125469864355063
0.00179093914266148
0.0268953244506024
-0.00179093914266559
0.00179093914266148
0.00179093914266148
0.00179093914266148
0.00179093914266148
0.00179093914266148
-0.00179093914266559
-0.00358187828533119
-0.00538322986483308
0.00179093914266148
0.00179093914266148
0.00179093914266559
0.00179093914266148
-0.00538322986483308
-0.00179093914266559
0.00359229072216749
0.00179093914266148
0.00179093914266148
0.0035922907221989
0.0035922907221989
-0.00359229072216749
-0.00359229072216749
0.00359229072216749
0.00359229072216749
0.00179093914266148
0.00179093914266148
0.00179093914266148
0.00179093914266148
0.0394631357597746
-0.00538322986483308
-999.974895614692
0
0
0
0
0
0
-1000
0
0
0
0.0035922907221989
0
0
0
0
0.00179614536109945
0.00359229072216749
0.00359229072216749
0
0.0035922907221989
0
0
0
0
0
-0.00359229072216749
0
0
0.00716375657064593
0.00179093914266148
0.00537281742798445
0.00179093914266148
-0.00179093914266559
0.00179093914266148
0.00179093914266148
0.00179093914266148
0.00179093914266148
0.00179093914266148
0.00179093914266148
0.00358187828532296
0.00179093914266148
0.00179093914266148
0.00179093914266148
0.00179093914266148
0.00179093914266148
0
0.00179093914266148
0.0035922907221989
0
0.0035922907221989
0
0.0035922907221989
0.0035922907221989
0.0035922907221989
0.0035922907221989
0.0035922907221989
0.0035922907221989
0
0.0035922907221989
0
0.0035922907221989
0.0035922907221989
0.0035922907221989
0.0035922907221989
0.0035922907221989
0
0
0
0
0
0
0
0
0
0
0
0
0
0
0
0
-0.00359229072216749
0
0
0
0
0
0
0
0
0
0
0
0
0
0
0
0
0
0
0
0
0
0
0
0
0
0
0
0
0
0
0
0
0
0
0
0
0
0
0
0
0
0
0
0
0
0
0
0
0
0
0
0
0
0
0
0
0
0
0
0
0
0
0
0
76.4681442138439
0
0
0
0
0
0
0.0035922907221989
0
0
0
0
0
0
0
0
0
0
0
0
0
0
0
0
0
0
0
0
0
-1000
0
0
0
0
0
-311.676732858798
0
0
0
0.00965693822271907
0
0
0
0
0
0
0
0
0
0.00965693822271907
0
0
293.070072155639
0
0
0
0
0.0193138764454381
0
0
0
0.00965693822271907
0
0
0
0
0
0.603558638919942
0
0
0
0
0
0.00965693822271907
0
0
0
0.00965693822271907
0
0.00965693822271907
0
0.00965693822271907
0
0.00965693822271907
0
0.00965693822271907
0
0.00965693822271907
0
0.00965693822271907
0
0.00965693822271907
0
0.00965693822271907
0
0.00965693822271907
0
0.00965693822271907
0
0.00965693822271907
0
0.00965693822271907
0
0.00965693822271907
0
0.00965693822271907
0
0.00965693822271907
0
0.268528288660907
0
0
0
0.277636973903173
0
0.280051208458853
0
0.142439838785106
0
0.00965693822271907
0
0.00965693822271907
0
0.656819280900807
0
0.00965693822271907
0
0.00965693822271907
0
0.00965693822271907
0
0.00965693822271907
0
4.62325917412675
0
0.0700128021147132
0
0.51906042947115
0
0
0
0.0481372093576845
0
0.00965693822271907
0
0.00965693822271907
0
0.0917409131158311
0
0.00965693822271907
0
0.00965693822271907
0
0.00965693822271907
0
0
-1000
0
-1.15146280273802
0
0
0
0
0
0
-1000
-1000
0
0
0.990101268471565
-1000
1000
0
0
751.95821663485
1000
-1000
-1000
0
0
1000
0
0
0
0
486.463122714017
1000
-10.8290245920959
0
0
0
253.632518521291
-3.95557196776974
-0.00359229072216749
0
0
-3.61579679844635
0
-491.951119047911
0
0
0
524.751333388189
0.00718458144444867
-253.632518521291
-1000
1000
-1000
0
1000
33.4211804300531
0
-639.762766991828
0
0
1000
887.287643312964
1000
-1000
0
1000
1000
0
-1000
0
1000
937.523534875337
0
0
0
0
0
-1000
0
0
0
0
0
0
0
0
0
1000
0
0
0
0
0
0
0
0
0
0
0
0
1000
0
0
0
0
0
0
0
0
-1000
-1000
-1000
-1000
1000
-1000
-1000
-1000
939.270355655252
-1000
-1000
-1000
1000
-1000
-1000
-1000
-38.6285355590478
1000
-1000
1000
1000
-1000
-1000
-1000
-1000
1000
1000
1000
1000
1000
-1000
1000
-1000
-1000
-1000
-1000
-1000
-1000
1000
-1000
-1000
1000
-784.998169798509
-1000
-1000
-1000
-1000
1000
-1000
-1000
-1000
1000
-1000
-31.1443926442449
-1000
-1000
-1000
-1000
225.43868858042
1000
-1000
-1000
-1000
-1000
-1000
-1000
-1000
1000
-1000
-96.6501616980025
-1000
-1000
-1000
1000
1000
-1000
-1000
-1000
-1000
-1000
-1000
-430.182466006011
569.817533993989
-1000
-1000
1000
944.559748424515
1000
-1000
-571.078238452863
1000
1000
-1000
-1000
1000
1000
1000
-10.2458335474084
-1000
-1000
-1000
-1000
1000
-1000
1000
-968.739604131927
-1000
-1000
1000
1000
1000
1000
1000
1000
1000
1000
-1000
-1000
-1000
-1000
-1000
1000
-1000
965.564279444424
1000
-989.339799188598
-1000
10.6602008114019
0
0
0
0
0
0
0
0
0
0
0
0
0
0
0
0
0
0
0
0
0
0
0
0
0
0
0
0
0
0
26.3711753937614
0
0
0
0
0
0
0
0
0
0
0
0
0
0
0
0
0
0
0
0
0
0
0
0
0
0
0
0
0
0
0
0
0
0
0
0
0
0
0
0
0
0
0
0
0
0
0
0
0
0
0
0
0
0
0
0
0
430.182466006011
0
0
0
0
0
0
0
0
0
0
0
0
0
0
0
0
0
0
0
0
0
0
0
0
0
0
0
0
0
0
0
0
0
0
0
0
0
0
0
0
0
0
0
0
0
0
0
0
0
0
0
0
0
0
0
0
0
0
0
0
0
0
0
0
0
0
0
0
0
0
0
0
0
0
0
0
0
0
0
0
0
0
0
0
0
0
0
0
0
0
0
0
0
0
0
0
0
0
0
0
0
0
0
0
0
0
0
0
0
0
0
0
0
0
0
0
0
885.509824727815
0
0
0
0
0
0
0
0
0
0
0
0
0
0
0
0
0
0
0
0
0
0
0
0
0
0
0
0
0
0
0
0
0
0
0
0
0
0
0
0
0
0
0
0
0
0
0
0
0
0
0
0
0
0
0
0
0
0
0
0
0
0
0
0
0
0
0
0
0
0
0
0
0
0
0
0
0
0
0
0
0
0
0
0
0
0
0
0
0
0
0
0
0
0
0
0
0
0
0
0
0
0
0
0
0
0
0
0
0
0
0
0
0
0
0
0
0
0
1000
1000
-1000
1000
1000
1000
1000
16.5023492868354
-1000
-1000
0.0502191830528318
-1000
1000
1000
1000
-1000
-1000
-1000
983.497650713165
-1000
1000
1000
-1000
-1000
-1000
-1000
-1000
1000
1000
-1000
-16.5525684698882
1000
-0.0502191830528318
-1000
-1000
-999.949780816947
1000
-1000
-985.179983800695
-1000
-1000
1000
-1000
-1000
-1000
1000
-1000
-1000
-1000
-1000
-1000
-1000
-1000
1000
-1000
0
0
0
0
0
0
0
0
0
0
0
0
0
0
0
0
-1000
745.583637569202
0
0
0
0
0
1000
0
1000
0
0
0
0
0
0
0
0
0
-0.00359229072216749
0.0035922907221989
0
0
-0.00359229072216749
-0.00359229072216749
0
0
0
0
0
0
0
0
0
0
0
0
0
0
0
0
0
0
0
0
0
0
0
0
0
0.0035922907221989
0
0
1000
-0.0107768721666162
1000
-807.623757921939
192.365465205895
0
0
0
0
-0.00359229072216749
0
0
0
0
0
249.513328123562
0
0
0
0
0
0
0
0
0
0
0
0
13.0024823722419
0
0
0
0.0035922907221989
0
0
0
0
180.326004452456
0
0
0
0
0
-1000
0
55.9151521887011
0
0
0
0
0
0
0
0
0
0
0
0
0
0
2.61461602380119
0
0
0
0
0
0
0
0
0
0
0
0
0
0
0
0
0
0
0.0035922907221989
0
0
0
0
1000
0
690.265658649036
0
-311.676732858798
0
1.94239150783431
0
0
0
0
1000
0
-903.087814319761
0
0
0
0
0
0
0
0
0
0
0
0.00359229072216749
-1000
623.359530365097
0
1000
998.31766691247
0
0
67.0551563617274
-1000
1000
0
0
0
0
0
0.00359229072216749
0
0
1000
0
0
0
0
1000
0
0
-1000
0
0
-1000
0
-1000
1000
0
0
0
0
0
0
0
0
0
0
0
0
1000
0
435.275182242145
338.362996561906
0
0
0
0
0
435.275182242145
226.361821195949
887.998824634043
0
1000
0
0
0
0
0
0
0
0
0
0
0
0
0.971195753917153
0
0.0035922907221989
-0.00359229072216749
0.0035922907221989
0.0035922907221989
0
0
0.00359229072216749
0
0
0
0.971195753917186
0
0
-0.0107768721666162
-1000
-998.081574451042
-1000
998.081574451042
-1000
999.991609311284
0
0
1000
-1000
-1000
-1000
0
0
0
0
0
0
0
0
0
0
0
0
0
0
1.92681623767405
0
0
0
0
0.00839068871586072
0
0
0
0
0
0
0
0
0
0
0
0.00179093914266148
0
1000
0
0
0
0
0
0
0.0035922907221989
0
0
0
0
0
0
0
0
0
0
0
0
0
0
0
0
0
0
0
0
0
0
0
0
1000
0
0
0
0
0
0
0
0
0
0
0
0
0
0
0
0
0
0
0
0
0
0
0
0
0
0
0
0
0
0
0
2.31676720489645
0
0
0
0
0
0
0
0
0
0
0
0
0
0
0
0
0
0
0
0
0
0
0
0
0
0
0
0
0
0
0
0
0
0
0
0
0
0
0
0
0
0
0
0
0
0
0
0
0
0
0
0
0
0
0
0
0
0
0
0
0
0
0
0
0
0
0
0
0
0
0
0
0
0
0
0
0
0
0
0
0
0
0
0
0
0
0
0
0
0
0
0
0
0
0
0
0
0
0
0
0
0
0
0
0
0
0
0
0
0
0
0
-999.969533209701
0
0.00179093914266559
0
0.0286758511563221
0
0
-0.0304667902989877
0
1000
0
0
0
0
0.0161288647208266
0
0
0
0
0
0
0
0
0
0
0
0
0
0
0
0
0
0
0.0035922907221989
0.0035922907221989
0.0035922907221989
1000
-1000
0
-491.721911920396
680.608231107046
0
0
0
0
0
0
-1000
1000
0
0
0
0
0
0
0
0
0
0
-1000
0
618.390058275354
-381.609941724646
-1000
-1000
-1000
-1000
-1000
-1000
0
0
0
0
0
0
0
0
0
0
-1000
0
1000
0.393468635480269
0.0035922907221989
0.0035922907221989
0.0035922907221989
0.0035922907221989
0.0035922907221989
0
0
0
1000
0.528717367693869
0
0
0
0
0
0
0.00965693822271907
0
0
0
0
0
0
0
-1000
0
0
0
0
0
0
0
1000
-999.990343061777
0
1000
1000
1000
-1000
0
0
0
0
0
0
0
0
0
0
0
0
0
0
0
0
0
0
0
0
0
0
0
0
0
0
0
0
0
0
0
0
0
0
0
0
0
0
0
0
0
0
0
0
0
0
0
192.369057496617
0
0
0
0
0
0
0
0
-1000
0
0
0
0
0
0
1.68233308753008
1000
-1000
-1000
-1000
-1000
1000
0
0.0215120945856897
0
0
0
0
-68.9176345609429
-1000
0
0
249.513328123562
0
0
0
999.978446255667
3.65997156189251
0
0
0
0
0.577727118436883
0.577727118436883
0
-999.967742270558
0
0
0
0
0
0
0.364678247518298
0
-1000
0
0
0
0
0
0
0
1000
0.0035922907221989
0
0
0
0
0
0
0
0
-1000
-192.365465205895
0
0
1000
0
0
761.784701897576
1000
0
0.00537281742798445
0
0
-306.353604467759
0
-1000
0
0
0
-1000
-1000
0
3.72999238852524
0
0
-311.686389797021
0
0
0
-1000
1000
0
0
-660.532766888875
660.532766888875
-750
0
0
0
0
-1000
-1000
0
0
-999.991609311284
0
0
0
0
0.00537672209181292
0
0
0
0
0
0
0
0
0
0
0
0
0
0
0
0
0
0
0
0
1000
933.087485346442
0
-1000
933.087485346442
-1000
-1000
66.9125146535578
0
0
0
0
0
0
0
0
-1000
-243.007031595055
0
1000
0.00179093914266148
0.00179093914266148
0
-1000
42.6196616602338
0
0
187.786141015743
0
0
0
0
0
0
0
0
0
0
0
0
0
0
0
0
0
0
0
0
0
0
0
0
0
-0.014337925578161
0
0
0
0
0
0
0
0
0
0
0
0
0
0
0
0
0
0
0
0
0
0
0
0
0
0
0
0
0
0
0
0
0
0
0
0
0
0
0
0
0
0
0
0
0
0
-1000
0
-1000
0
0
0
0
0
0
-1000
0
0
0
0
0
0
0
0
0
0
0
-1000
0
0
0
0
0
0
0
0
0
0
0
0
0
1000
0
0
0
-309.734341350964
0
0
0
0
0
0
0
0
0
0
0
0
0
0
0
0
0
0
0
0
0
0
0
0
0
0
0
0
0
0
0
0
0
0
0
0
0
0
0
0
0
311.676732858798
0
0
0
0
0
0
0
0
0
0
0
0
0
0
0
0
0
0
0
0
0
0
0
0
0
0
0
0
0
0
0
0
0
0
0
0
0
0
0
0
0
0
0
0
0
0
0
0
0
0
0
0
0
0
0
0
0
0
0
0
0
0
0
0
0
0
0
0
0
0
0
0
0
0
0
0
0
0
0
0
0
0
0
0
0
0
0
0
0
0
0
0
0
0
0
0
0
0
0
0
0
0
0
0
0
0
0
0
0
0
0
0
0
0
0
0
0
0
0
0
0
0
0
0
0
0
0
0
0
0
0
0
0
0
0
0
0
0
0
0
0
0
0
0
0
0
-1000
0
0
0
0
0
0
0
0
0
0
0
0
0
0
0
0
0
0
0
0
0
0
0
0
0
70.2906220721803
70.2906220721803
0
-96.3788414907251
0
1000
-328.787994585402
-671.048386984639
0
-55.9151521887011
0
-13.002482372242
-1000
0
0
0
0
438.048564726065
0.0215537443332323
0
0
0
0
0
0
0
0
0
0
0
0
0
0
0
0
0
0
0
0
0
0
0
0
0
0
0
0
0
0
0
0
761.784701897576
0
0
0
0
0
0
0
0
0
0
0
0
0
0
0
0
0
0
0
0
0
0
0
0
0
0
0
0
0
0
0
0
0
0
0
0
0
0
0
0
0
0
0
0
0
0
0
0
0
0
0
0
0
0
0
0
0
0
0
0
0
0
0
0
0
0
0
0
0
0
0
0
0
0
0
0
0
0
0
0
0
0
0
0
0
0
0
0
0
0
0
0
0
0
0
0
0
0
0
0
0
0
0
0
0
0
0
0
0
0
0
0
0
0
0
0
0
0
0
0
0
0
0
0
0
0
0
0
0
0
0
0
0
0
0
0
0
0
0
0
0
0
0
0
0
0
0
0
0
0
0
0
0
0
0
0
0
0
0
0
0
0
0
0
0
0
0
0
0
0
0
0
0
0
0
0
0
0
0
0
0
0
0
0
0
0
0
0
0
0
0
0
0
0
0
0
0
0
0
0
0
0
0
0
0
0
0
0
0
0
0
0
0
0
0
0
0
0
0
0
0
0
0
0
0
0
0
0
0
0
0
0
0
0
0
0
0
0
0
0
0
0
0
0
0
0
0
0
0
0
0
0
0
0
0
0
0
187.786141015743
0
0
0
0
0
0
0
0
0
0
0
-1000
0
0
0
0
0.00359229072216749
-982.323079242187
0
0
0
0
0
0
0
0
0
0
0
0
0
0
0
0
0
0
0
0
0
0
0
0
0
0
0
0
0
0
0
0
0
0
0
0
0
0
0
0
0
0
0
0
0
0
0
0
0
0
0
0
0
0
0
0
0
0
0
0
0
0
0
0
0
0
0
0
0
0
0
0
0
0
0
0
0
0
0
0
0
0
0
0
0
0
0
0
0
0
0
0
0
0
0
0
0
0
0
0
0
0
0
0
0
0
0
0
0
0
0
0
0
0
0
0
0
0
0
0
0
0
0
0
0
0
0
0
0
0
0
0
0
0
0
0
0
0
0
0
0
0
0
0
0
0
0
0
0
0
0
0
0
0
0
0
1000
0
1000
0
0
0
0
0
0
0
0
1000
0.00359229072216749
0
0
0
618.399715213577
0
0
0
0
0
0
0
0
0
0
0
0
0
0
0
0
0
0
0
0
1000
0
0
0
0
0
0
0
0
0
0
0
0
0
0
0
0
0
0
0
0
0
0
99.5970376909984
0
0
0
0
0
0
0
0
0
0
0
0
0
0
0
0
0
0
0
0
0
0
0
0
0
0
0
0
0
0
0
0
0
0
0
0
0
0
0
0
0
0
0
0
0
0
0
0
0
0
0
0
0
0
0
0
0
0
0
0
0
0
0
0
0
0
0
0
0
0
0
0
0
0
0
0
0
0
0
0
0
0
0
0
0
0
0
0
0
0
0
0
0
0
0
0
0
0
0
0
0
0
0
0
0
0
0
0
0
0
0
0
0
0
0
0
0
0
0
0
0
0
0
0
0
0
0
1000
500
86.7703072994904
0
0
-0.971195753917186
0
0
463.13651521103
19.1935919746473
41.9534435793036
0.104124368759389
86.7703072994904
0
0
0
0
0
0
0
0
0
0
0
0
0
0
0
0
0
0
0
735.548285669958
-1000
0
0
-1000
96.9085933895162
0
0
0
17.2647661366562
-820.188655525369
0
0
0
0
0
-24.1423455567976
0
-0.00448255407513898
0
0
0.0035922907221989
0
0
0
0
0
0
0
0
0
0
0
0
0
0
0
0
0
0
311.676732858798
0
0
524.751333388189
-4.6232591741267
-0.268528288660946
0
-10.6602008114019
-20.8985590968364
-1000
-33.421180430053
-10.4368583789283
-1000
-26.405597174667
-4.58069129264743
-31.2603958680735
-1000
-1000
0
0
0
0
-1000
-38.6285355590478
-114.490175272185
-26.3711753937614
-13.2442769634804
24.1126354035782
-23.7755197441738
-1000
879.169982594586
967.483454688837
0
0
0
-1000
0
1000
0
0
68.917634560943
-1000
0
0
0
-10.8290245920959
0
0
1000
96.9121856802385
0
0
0
0
0
0
0
0
0
-0.00359229072216749
-0.00359229072216749
0
0
0
0
0
0
0
0
0
0
0
0
0
0
0
0
1000
0
-1.68233308753008
0
0
0
1000
249.513328123562
-0.00359229072216749
-0.00359229072216749
-0.990101268471562
807.630942503383
0
0
-0.00359229072216749
0
-0.00359229072216749
0
0
0
-0.00359229072216749
0
0
0
-0.00359229072216749
0
0
0
0
0
0
0
0
0
0
0
1000
0
0
0
0
0
-0.0107768721666162
0
0
0
0
0
0
0
-999.992815418556
0
0
0
-983.447431530112
0
1000
0
0
-0.00359229072216749
0
0
0
0
-34.3584689509868
0
0
0
0
0
0
0
99.5970376909984
0
180.326004452456
-3.61579679844635
0
745.583637569202
-1000
0
0
0
0
0
-491.951119047911
0
0
-14.8200161993053
0
0
0
0
0
0
1000
0
0
0
0
-3.95557196776974
1000
0
0
0
751.95821663485
0
0
0
0
0
0
0
0
0
0
-1000
-1000
0
0
0
0
0
-0.0502191830528318
0
0
0
192.376242078061
253.632518521291
-253.632518521291
0
-761.784701897576
0
1000
0
1000
-1000
-1000
-513.536877285983
0
0
0
0
0
0
0
0
0
1000
0
-0.0481372093577193
-0.00965693822274716
-2.6146160238012
-1000
-0.142439838785094
-0.656819280900777
-0.0917409131158138
-0.519060429471097
-0.277636973903213
0
0
0
293.070072155639
0
-0.00965693822274716
-1000
-0.0193138764454943
-0.00965693822274716
0
-0.0700128021146611
0
-0.00965693822274716
0
0
0
-3.65997156189246
0
-0.364678247518327
-0.00965693822274716
0
0
-0.00965693822274716
-0.00965693822274716
-0.00965693822274716
-0.00965693822274716
-0.280051208458872
0
-0.603558638919935
0
0
0
-1000
1000
0
0
-1000
1000
-0.00359229072216749
0
750
-750
0
0
0
-1000
0
0
0
0
0
0
0
0
0
0
0
0
0
0
0
0
0
0
-1000
1000
1000
-1000
-42.6196616602338
42.6196616602338
0
-1000
-1000
0
-0.00965693822274716
-0.00965693822274716
0
0
0
0
1000
-671.212005414598
671.048386984639
438.048564726065
0.0215537443332323
0
0
0
0
0
1000
-1000
0
0
0
0
0
0
0
0
0
0
0
0
0
0
0
0
0
0
0
0
0
0
0
0
0
0
0
0
0
0
0
0
0
0
0
0
0
0
0
0
0
0
0
0
0
0
0
0
0
0
0
0
0
0
0
0
0
0
0
0
0
0
0
0
0
0
0
0
0
-0.00965693822274716
0
0
0
0
0
0
0
0
0
0
0
0
0
0
0
0
0
0
0
0
0
0
0
0
0
0
0
0
0
0
0
0
0
0
0
0
0
0
0
0
0
0
0
0
0
0
0
0
0
0
0
0
0
0
0
0
0
0
0
0
0
0
0
0
0
0
0
0
0
0
0
0
0
0
0
0
0
0
0
0
0
0
0
0
0
0
0
0
0
0
0
0
0
0
0
0
0
0
0
0
0
0
0
0
0
0
0
0
0
0
0
0
0
0
0
0
0
0
0
0
0
0
0
0
0
0
0
0
0
0
0
0
0
0
0
0
0
0
0
0
0
0
0
0
0
0
0
0
0
0
0
0
0
0
0
0
0
0
0
0
0
0
0
0
0
0
0
0
0
0
0
0
0
0
0
0
0
0
0
0
0
0
0
0
0
0
0
0
0
0
0
0
0
0
0
0
0
0
0
0
0
0
0
0
0
0
0
0
0
0
0
0
0
0
0
0
0
0
0
0
0
0
0
0
0
0
0
0
0
0
0
0
0
0
0
0
0
0
0
0
0
0
0
0
0
0
0
0
0
0
0
0
0
0
0
0
0
-1000
0
1000
0
0
982.323079242187
0
0
0
0
0
0
0
0
0
0
0
0
0
0
0
0
0
0
0
0
0
0
0
1000
0
-618.399715213577
0
-1000
-0.00359229072216749
0
0
0
0
0
0
0
99.5970376909984
998.848537197262
-99.5970376909984
-99.5970376909984
0
0
0
-1000
0
0
0
0
0
0
0
0
0
0
0
0
0
0
0
0
0
0
0
0
0
0
0
0
0
0
0
0
0
0
0
0
0
0
0
0
0
0
0
0
0
0
0
0
0
0
0
0
0
0
0
0
0
0
0
0
-923.025461679502
923.025461679502
923.025461679502
0
0
-0.00965693822274716
-0.00965693822274716
-0.00965693822274716
0
-0.00965693822274716
-0.00965693822274716
0
-0.00965693822274716
-0.00965693822274716
-0.00965693822274716
-0.00965693822274716
0
-0.00965693822274716
-0.00965693822274716
-0.00965693822274716
-0.00965693822274716
-0.00965693822274716
-0.00965693822274716
-0.00965693822274716
0
-0.00965693822274716
-0.00965693822274716
-0.00965693822274716
-1000
86.7703072994905
0
0
0
0
0
0
0
0
0
0
0
