0
0
0
0
0
0
0
0
-1000
0
566.88928532791
0
0
199.305776670725
1000
0
999.747622224816
-999.747622224816
999.942077231925
0
0.0579227680749462
0
-1000
0.364085970756832
0
1000
-201.732270870236
0
-35.1795373768516
0.0300455640810682
0
0
0
0
0
0
0.0318990242029523
0
0
0
34.7587950835325
0
0
0
0
0
0
0
0
0
0
0
0
0
0
0
0
0
0
0
0
0
0
0
0
0
0
0
0
0
35.1795373768516
0
0
0
0
1000
1000
0
0
0
35.1795373768516
0
-1000
0
0
0
0
0
0
0
0
0
0
0
0
0
0
0
0
0
0
0
0
0
0
0
433.11071467209
0
0
0
0
0
0
0
0
0
0
0
0
0
0
0
0
0
0
0
0
0
0
0
0
0
0
998.34092642871
0
0
1000
0
0
0
0
0
0
1000
0
0
0
0
-14.5011228653987
0
0
0
0
1000
0
0
0
1000
0
0
598.556493082515
1000
1000
401.435232236331
0
204.313971390148
0
-1000
401.435232236331
600.741008907056
1000
-800.694223329275
0
0
1000
0
0
0
0
0
1000
743.05087848443
0
0
0
0
0
-3.89674587910417
0
0
0
0
0
0
0.0724034600936824
333.134104482684
-1000
0
0
0
0
0
0
0
0
0.0724034600937102
0
0
0
0
0
-3.90088321968096
0
-999.995862659423
0
0
0
0
0
0
0
0
0
0
0
-0.0724034600937102
0
0
-1000
998.861174543947
0
0.456947232265065
0
0
0
0
0.68187822378788
0
-995.937760497825
329.144268440602
329.144268440602
1000
0
329.144268440602
-1000
0
0
0
0
0
0
0
0
0
0
-1000
0
-1000
0
-1000
-1000
1000
-455.717237301776
1.90490861512887
-1000
1000
-0.957768244478984
1000
0
0
166.023592876954
1.83192626963694
0
-1000
1000
0
0
1000
0
0.17790564480162
0
-0.177905644801626
0
0.00176617806628289
0
0
0
0
2.14281553891772
0
0
0
833.038608499465
0
0
0
0
0
0
0
0
1000
0
1000
0.465221913418614
0
0
1000
0
-0.177905644801626
0
-0.681878223787862
0
0
0.681878223787862
0
0
0
-0.00354262460973587
0
0
0
0
-833.290986274649
0
0
0
-4.41041703473945
0.681878223787862
0
1000
-0.957768244478984
0
0
0
0
0
0
0
0
0.00354262460969533
0
0
0
0
0
0
0
0
0
0
2.28473616132525
0
9.61814024468008
0
0
0
0
0
0
0
0
-610.227887211829
-1000
1000
1.52497496133549
-1000
1000
-1000
-382.14362946749
0
-166.02773021753
1000
-999.543052767735
1000
-453.812328686647
1000
0
-1000
0
0
0
0
-1000
0
1000
-1000
-1.83192626963694
0
0
0
0
1000
-1000
0
0
0
0
0
0
0.957768244478965
-1000
0
1000
-1000
1000
-1000
-1000
-1000
-1000
1000
1000
1000
1000
-0.456947232265065
0
-1000
-1000
1000
-1000
-1000
1000
-1000
-1000
1000
1000
0
0
0
0
0
0
0
0
666.865895517316
0
0
0
-460.64197112427
1000
0
0
-289.358535406853
260.20745836854
0
0
0
0
0
539.35802887573
0
0
0
0
0
0
0
0
0
0
0.00354262460969533
0
1000
0
-1000
0
1000
0
0
0
0
0
0
0
0
0
0
0
0
0
0
0
0
0
0
0
0
0
0
0
0
0
0
0
0
0
0
0
0
0
0
0
0
0
0
0
0
0
0.00354262460973587
-1000
0.103433514419521
0.103433514419521
0
-160.929166711264
0
0
0
0
0
0
0
0
0
0
0
0
0
0
-514.873724398668
0
0
0
0
0
0
0
0
0
0
0
0
0
0
0
0
0
0
0
0
0
0
0
0
0
0
0
0
0
0
0
0
0
0
0.161356282494493
0
0
0
-1000
0
0
0
0
0
0
1000
0
0
0
0
0
0
0
0
0
0
0
0
0
0
0
0
0
0
0
0
0
0
0
0
0
-479.392507015028
0
0
0.161356282494493
0
0
0
0
0
0
0
0
0
1000
0
0
0
0
0
0
0
0
0
0
0
0
0
0
0
0
0
0
0
0
0
0
0
0
0
0
0
0
0
0
0
0
0
0
0
0
0
0
0
0
0
0
0
0
0
0
0
32.0485434984357
0
32.0485434984357
0
0
0
0
0
0
0
0
0
0
0
0
0
0
0
0
0
0
0
0
0
1000
0
0.00413734057678187
0
0
0
0
0.748858644397518
0.748858644397518
0
0
0
0
0
0
0
0
0
0
0
0
0
0
0
0
0
0
0
0
0
0
0
0
0
0
-0.00354262460973587
0
0
0
1000
0
0
-1000
0
0
0
0
2.15141709992657
0
0
2.15141709992657
0
0
0
0
0
0
0
0
0
2.15141709992657
0
2.15141709992657
0
0
0
12.834205888995
36.5843377832206
23.3847452496991
17.1274989621819
25.3943717945951
8.35821949354478
19.5481854821703
35.7622178330358
32.9304713379551
10.4135193690066
20.1876121100918
41.6084041454606
32.8391246768235
10.1394793856117
16.8077856482212
23.2933985885674
30.190071504006
24.4352318527129
4.47598639545021
30.4641114874009
0
0
0
0
0
0
0
0
0
0
0
0
0
0
0
0
0
0
0
0
0
0
0
0
0
0
0
0
0
0
0
0
0
0
0
0
0
0
0
0
0
0
0
0
0
0
0
0
0
0
0
0
0
0
0
0
0
0
0
0
0
0
0
0
0
0
0
0
0
0
0
0
0
0
0
0
0
0
0
0
0
0
0
0
0
0
0
0
0
0
0
0
0
0
-1000
0
0
0
0
0
1000
1000
-1000
-1000
0
0
0
0
0
485.122732976722
0
260.20745836854
-774.630212644339
-485.271677237486
-1000
0
-485.126275601332
514.873724398668
-206.579120922151
721.336999784669
1000
485.131007657875
1000
0
0
514.877267023278
0
-1000
-1000
-1000
0
0
0
514.873724398668
514.873724398668
485.126275601332
0
0
0
0
0
0
0
0
0
0
0
-1000
257.913975009269
1000
1000
0
500
250.001468820083
2.51239405189537
5
0
0
0
0
0
0
242.564187063095
0
0
0
0
-0.00144409975087001
0
0
0
0
-0.00144409975087001
17.6777534669203
256.910152644864
0
-0.00288819950174002
0
-0.00144409975087001
-0.536957071584425
0
-0.0902562344310809
0
-1000
-0.559227628535268
0.00144409975087001
-0.00144409975087001
-0.00144409975087001
0.00144409975087001
-0.00144409975087001
0.00144409975087001
-0.00144409975087001
-0.00144409975087001
-0.00144409975087001
-0.00144409975087001
-0.00144409975087001
-0.00144409975087001
-0.00144409975087001
-0.00144409975087001
-0.00144409975087001
-0.00144409975087001
-0.00144409975087001
-0.0303260947688386
-0.014328008320831
-0.0415178678383654
-0.0418788927760261
-0.0213004713257305
0.00144409975087001
0.00144409975087001
-0.0862252396800613
0.00144409975087001
0.00144409975087001
0.00144409975087001
0.00144409975087001
-0.691362755742375
-0.0104697231939781
-0.0776203616107978
-0.390990007555615
-0.0191940421354957
0.00144409975087001
0.00144409975087001
0.0137189476334925
0.00144409975087001
0.00144409975087001
-0.00144409975087001
0
0
0
0
0
0
0
0
0
0
0
0
0
0
0
0
0
0
0
0
0
0
0
0
0
0
0
0
0
0
0
0
0
0
0
0
0.00530238487772294
0
0
0
0
0
0
0
0
0
0
0
0
0
0
0
0
0
0
0
0
0
0
0
0
0
0
0
0
0
0
0
0
0
0
0
0
0
0
0
1000
0
0
0
0
0
0
0
0
0
0
0
0
0
0
0
0
0
0
0
0
0
0
0
0
0
0
0
0
0
0
0
0
0
0
0
0
0
0
0
0
0
0
0
0
0
0
0
0
0
0
0
0
0
0
0
0
0
0
0
0
0
0
0
0
0
0
0
0
0
0
0
0
0
0
0
0
0
0
0
0
0
0
0
0
0
0
0
0
0
0
0
0
0
0
0
0
0
0
0
0
0
0.00144409975089794
242.567075262597
0.00144409975089794
0
0
0
0
0
0
0.00144409975089794
0
0
0.00144409975089794
0
0
0
0
0
0
0
0
0
0
0
0
0
0
0
0
0
0
0
0
0
0
0
0
0
0
0
0
0
0
0
0
0
0
0
0
0
0
0
0
0
0
0
0
0
0
0
0
0
0
0
0
0
0
0
0
0
0
0
0
0
0
0
0
0
0
0
0
0
0
0
0
0
0
0
0
0
0
0
0
0
0
0
0
0
0
0
0
0
0
0
0
0
0
0
0
0
0
0
0
0
0
0
0
0
0
0
0
0
0
0
0
0
0
0
0
0
0
0
0
0
0
0
0
0
0
0
0
0
0
0
0
0
0
0
0
0
0
0
0
0
0
0
0
0
0
0
0
0
0
0
0
0
0
0
0
0
0
0
0
0
0
0
0
0
0
0
0
0
0
0
0
0
0
0
0
0
0
0
0
0
0
0
0
0
0
0
0
0
0
0
0
0
0
0
-1000
0
0
0
0
0
0
0
0
0
0
0
0
0
0
0
0
0
0
0
0
0
0
0
0
0
0
0
0
0
0
0
0
0
0
0
0
0
0
0
0
0
0
0
0
0
0
0
0
0
0
0
0
0
0
0
0
0
-0.00442057940426821
0
0
0.00442057940426821
0
0.004420579404272
0
0.004420579404272
0
0
0
0
0
0
0
0
0
0
0
0
0
0
0
0
0
0
0
0
0
0
0
0
0
0
0
0
0
0
0
0
0
0
0
0
0
0
0
0
0
0
0
0
0
0
0
0
0
0
0
1000
1000
0
0
0
0
0
0
0
0
0
0
0
0
0
0
0
0
0
0
0
0
0
0
0
0
0
-1000
0
-1000
0
0
0
0
0
0
0
0
0
0
0
1000
1000
0
0
0
0
0
0
0
0
0
0
0
0
0
0
0
0
0
0
0
0
0
0
0
0
0
0
0
0
0
0
0
0
0
0
0
0
0
0
0
0
0
0
0
0
0
0
0
0
0
0
0
0
0
0
0
0
0
0
0
0
0
0
0
0
0
0
0
0
0
0
0
0
0
0
0
0
0
0
0
0
0
0
0
0
1000
45.663060377276
0
0
0.00144409975087001
0
-757.382020221184
0
242.565631162846
0
0
19.7433508529463
-0.00144409975087001
256.910152644864
0
0
0
0.00530238487772294
0.557783528784284
0
-999.442216471216
999.998555900249
0
0
0
0
0
0
0
0
0
0
0
0
0
-1000
0.00530238487772294
0
0
0
-0.014139693007337
0
0
0
0
0
0
0
0.014139693007337
0
0
0
0
0
242.564187063095
-1000
1000
-242.564187063095
-242.564187063095
514.941979046585
-485.058020953415
1000
-0.0212557476581878
0
0
0.00144409975087001
-0.00144409975087001
0
0
242.617979778816
-242.617979778816
1000
0
-242.565631162846
-242.565631162846
0
0
-1000
0
-242.619423878567
-757.380576121433
-1000
0
-743.089847355136
-256.910152644864
-1000
0
0
0
0
0
-1000
0
-0.557783528784284
0
0
0
-999.442216471216
999.442216471216
-1000
0
0
0
-256.932852492273
0
0
0
-1000
0
0
0
0
0
0
0
0
0
0
0
0
0
0
0
0
0
0
0
-1000
1000
-1000
0
-1000
0
-1000
0
-1000
0
0
0
0
0
0
0
0
0
-1000
0
1000
0
1000
0
-1000
0
-1000
0
-1000
0
0
0
0
0
0
0
0
0
-1000
0
0
0
0
0
0
0
0
0
0
0
0
0
0
0
0
0
0
0
0
0
0
0
0
0
0
0
0
0
0
0
0
0
0
0
0.00530238487772294
-0.00530238487772294
0
0
0
0
0
0
0
0
0
0
0
0
0
0
0
0
0
0
0
0
0
0
0
0
0
0
0
0
0
0
0
0
0
0
0
0
0.00530238487772294
-0.00530238487772294
0
0
0
0
0
0
0.014139693007337
0.014139693007337
0
0
0
0
0
0
0
0
0
0
0
0
0
0
0
0
-0.014139693007337
-0.014139693007337
0
0
0
0
0
0
0
0
0
0
0
0
0
0
0
0
0
0
0
0
0
0
0
0
0
0
0
0
0
0
0
0
0
0
0
0
0
0
0
0
0
0
0
0
1.16030026455653
0.00354262460969533
0
0
0
0
0
0
0
0
0.145990362176546
0
0
0
0
0
0
0
0
0
0
0
0
0
0
0
0
0
0
0
0
0
0
0
0
0
0
0
0
0
0
0
0
0
0
0
0
0
0
0
0
0
0
0
0
0
0
0
0
0
0
0
0
0
0
0
0
0
0
0
0
0
0
0
0
242.617979778816
242.617979778816
242.617979778816
0
0
0
0
0
0
0
0
0
0
0
0
0
0
0
0
0
0
0
0
0
0
0
0
0
0
0
0
0
0
0
0
0
0
0
0
0
0
0
0
0
0
0
0
0
0
0
0
0
0
0
0
0
0
0
0
0
0
0
0
0
0
0
0
0
0
0
0
0
0
0
0
0
0
0
0
0
0
0
0
0
0
0
0
0
0
0
0
0
0
242.565631162846
242.565631162846
242.565631162846
242.565631162846
-242.565631162846
0
0
0
0
0
0
0
0
0
0
0
0
0
0
0
0
0
0
0
0
0
0
0
0
0
0
0
0
0
0
0
0
0
0
0
0
0
0
0
0
0
0
0
0
0
0
0
0
0
0
0
0
0
0
0
0
0
0
0
0
0
0
0
0
0
0
0
0
0
0
0
0
0
0
0
0
0
0
0
0
0.00354262460969533
0.00354262460969533
0.00354262460969533
0.00354262460969533
0.00354262460969533
0
0
0
0
0
0
0
0
0
0
0
0
0
0
0
0
0
0
0
0
0
0
0
0
0
0
0
0
0
0
0
0
0
0
0
0
0
0
0
0
0
0
0
0
0
0
0
0
0
14.5011228653986
14.5011228653986
-14.5011228653987
4.82544149771026
-2.41094943655025
2.41094943655028
2.41094943655028
2.41094943655028
0
0
0
0
0
0
0
0
0
0
0
0
0
0
0
0
0
0
0
0
0
2.41094943655028
2.40388472428515
2.41094943655028
2.41094943655028
2.41094943655028
2.41094943655028
2.41094943655028
2.41094943655028
2.41094943655028
2.41094943655028
2.41094943655028
2.41094943655028
2.41094943655028
2.41094943655028
2.41094943655028
2.41094943655028
2.41094943655028
2.41094943655028
14.5011228653986
14.5011228653986
4.82544149771026
4.82544149771026
0
0
0
0
0
0
0
0
0
0
0
0
0
0
0
0
0
0
0
0
0
0
0
0
0
0
0
0
0
0
0
0
0
0
0
0
0
0
0
0
0
0
0
0
0
0
0
0
0
0
0
0
0
0
0
0
0
0
0
0
0
0
0
0
0
0
0
0
0
0
0
0
0
0
0
0
0
0
0
0
0
0
0
0
0
0
0
0
0
0
0
0
0
0
0
0
0
0
0
0
0
0
0
0
0
0
0
0
0
0
0
0
0
0
0
0
0
0
0
0
0
0
0
0
0
0
0
0
0
0
0
0
0
0
0
0
0
0
0
0
0
0
0
0
0
0
0
0
0
0
0
0
0
0
0
0
0
0
0
0
0
0
0
0
0
0
0
0
0
0
0
0
0
0
0
0
0
0
0
0
0
0
0
0
0
0
0
0
0
0
0
0
1.16030026455653
1.18505756291588
1.18505756291588
0
0
0
0
-1.18505756291586
1.18505756291588
0
0
0.0247572983593491
0
0
1000
0
0
0
0
0
0
0
0
0
0
0
0
0
0
0
0
0
0
0
0
0
0
0
0
0
0
0
0
0
0
0
0
0
0
0
0
0
0
0
0
0
0
0
0
0
0
0
0
0
0
0
0
0
0
0
0
0
0
0
0
0
0
0
0
0
0
0
0
0
0
0
0
0
0
0
0
0
0
0
0
0
0
0
0
0
0
0
0
0
0
0
0
0
0
0
0
0
0
0
0
0
0
0
0
0
0
0
0
0
0
0
0
0
0
0
0
0
0
0
0
1.16030026455653
0.00354262460969533
0
0
0
0
0
0
0
1.52750785236072
0
0
0
0.957768244478965
0.957768244478965
0.957768244478965
0
0
0
0
0
0
1.30983325134277
0
0
0
0.00354262460969533
0
0
0
0
-1.30983325134275
1.30983325134277
0
0
0
0
774.399816947155
0
0
774.040180649821
0
0
0.2388892747676
0
0.217674601017947
0
0
0
0
0
0
0
0
0
0
10.6793052082022
10.6793052082022
10.6793052082022
0
0
0
0
-0.145990362176576
0
0
0
0
0
0
0
0
0
0
0
0
0
0
0
0
0
0
0
0
0
0
0
0
0
0
0
0
0
0
0
0
0
0
0
0
0
0
0
0
0
0
0
0
0
0
0
0
0
0
0
0
0
0
0
0
0
0
0
0
0
0
0
0
0
0
0
0
0
0
0
0
0
0
0
0
0
0
0
0
0
0
0
0
0
0
0
0
0
0
0
0
0
0
0
0
0
0
0
0
0
0
0
0
0
0
0
0
0
0
0
0
0
0
0
0
0
0
0
0
0
0
0
0
0
0
0
0
0
0
0
0
0
0
0
0
0
0
0
0
0
0
0
0
0
0
0
0
0
0
0
0
0
0
0
0
0
0
0
0
0
0
0
0
0
0
0
0
0
0
0
0
0
0
0
0
0
0
0
0
0
0
0
0
0
0
0
0
0
0
0
0
0
0
0
0
0
0
0
0
0
0
0
0
0
0
0
0
0
0
0
0
0
0
0
0
0
0
0
0
0
0
0
0
0
0
0
0
0
0
0
0
0
0
0
0
0
0
0
0
0
0
0
0
0
0
0
0
0
0
0
0
0
0
0
0
0
0
0
0
0
0
0
0
0
0
0
0
0
0
0
0
0
0
0
0
0
0
0
0
0
0
0
0
0
0
0
0
0
0
0
0
0
0
0
0
0
0
0
0
0
0
0
0
0
0
0
0
0
0
0
0
0
0
0
0
0
0
0
0
0
0
0
0
0
0
0
0
0
0
0
0
0
0
0
0
0
0
0
0
0
0
0
0
0
0
0
0
0
0
0
0
0
0
0
0
0
0
0
0
0
0
0
0
0
0
0
0
0
0
0
0
0
0
0
0
0
0
0
0
0
0
0
0
0
0
0
0
0
0
0
0
0
0
0
0
0
0
0
0
0
0
0
0
0
0
0
0
0
0
0
0
0
0
0
0
0
0
0
0
0
0
0
0
0
0
0
0
0
0
0
0
1000
0
0
0
0
0
0
0
0
0
0
0
0
0
0
0
0
0
0
0
0
0
0
0
0
0
0
0
0
0
0
0
0
0
0
0
0
0
0
0
0
0
0
0
0
0
0
0
0
-507.459316293613
0
0
0
0
0
0
0
0
0
0
0
0
0
0
0
0
0
0
0
0
0
0
0
0
0
0
0
0
0
0
0.161356282494493
0.161356282494493
0
0
0
0
0.161356282494467
0
0.161356282494493
0
0
0
0
0
0.0248240434606908
0
0
0
0
0
1000
0
0
0
0
0
0
0
0.976412376120976
0
0
0
0
0
0
0.976412376120976
0
0.976412376120976
0.976412376120948
0
0
0
0
0
0
0
0
0
0
0
0
0
0
0
0
0
0
0
0
0
0
0
0
0
0
0
0
0
0
0
0
0
0
0
0
0
760.315089386425
760.315089386425
0
0
0
0
0
0
0
0
0
0
0
0
0
0
0
0
0
0
0
0
0
0
0
0
0
0
0
0
0
0
0
0
0
0
0
0
0
0
0
0
0
0
0
0
0
0
0
0
1000
476.290832400804
-1000
0
0
0
781.569968034918
-695.145921318428
-781.569968034918
838.388955064948
0
0
0
-1000
475.608954177017
0
0
0
0
0
0
0
0
0
0
0
0
0
0
0
0
0
0
0
0
0
0
0
0
0
0
0
0
0
0
0
0
0
0
0
0
0
0
0
0
695.145921318428
0
0
0
0
0
0
0
0
0
0
0
0
0
0
0
0
0
-999.99645737539
-1000
1000
-1000
1000
999.99645737539
-1000
0
0
0
0
0
0
0.00354262460973587
0
0
0
0
0
0
0
0
0
0
0
0
0
0
0
0
0
0
0
0
0
0.0141396930073927
0
0.00354262460969533
0.0212146737496538
1000
0.00176617806628289
0.00176617806628289
0.00354262460973587
0
0.0123735149411098
0.00176617806628289
0.0265234764255874
-0.00176617806630475
0.00176617806628289
0.00176617806628289
0.00176617806628289
0.00176617806628289
0.00176617806628289
-0.00176617806630475
-0.00353235613260949
-0.00530880267592693
0.00176617806628289
0.00176617806628289
0.00176617806630475
0.00176617806628289
-0.00530880267592693
-0.00176617806630475
0.00354262460973587
0.00176617806628289
0.00176617806628289
0.00354262460969533
0.00354262460969533
-0.00354262460973587
-0.00354262460973587
0.00354262460973587
0.00354262460973587
0.00176617806628289
0.00176617806628289
0.00176617806628289
0.00176617806628289
0.0389175283210079
-0.00530880267592693
-999.975242701641
0
0
0
0
0
0
-1000
0
0
0
0.00354262460969533
0
0
0
0
0.00177131230484767
0.00354262460973587
0.00354262460973587
0
0.00354262460969533
0
0
0
0
0
-0.00354262460973587
0
0
0.00706471226513156
0.00176617806628289
0.00529853419884867
0.00176617806628289
-0.00176617806630475
0.00176617806628289
0.00176617806628289
0.00176617806628289
0.00176617806628289
0.00176617806628289
0.00176617806628289
0.00353235613256578
0.00176617806628289
0.00176617806628289
0.00176617806628289
0.00176617806628289
0.00176617806628289
0
0.00176617806628289
0.00354262460969533
0
0.00354262460969533
0
0.00354262460969533
0.00354262460969533
0.00354262460969533
0.00354262460969533
0.00354262460969533
0.00354262460969533
0
0.00354262460969533
0
0.00354262460969533
0.00354262460969533
0.00354262460969533
0.00354262460969533
0.00354262460969533
0
0
0
0
0
0
0
0
0
0
0
0
0
0
0
0
-0.00354262460973587
0.00354262460969533
0.00354262460969533
0
0
0
0
0
0
0
0
0
0
0
0
0
0
0
0
0
0
0
0
0
0
0
0
0
0
0
0
0
0
0
0
0
0
0
0
0
0
0
0
0
0
0
0
0
0
0
0
0
0
0
0
0
0
0
0
0
0
0
0
0
0
0
1000
0
0
0
0
0
0
0.00354262460969533
0
0
0
0
0
0
0
0
0
0
0
1000
1000
0
0
0
0
0
0
0
0
0
0
539.346019036021
0
0
0
-242.564187063095
0
0
0
0
0
0.00144409975089794
0
0
0
0
0
0
0
0
0
0.00144409975089794
0
0
17.6777534669203
0
0
0
0
0.00288819950179588
0
0
0
0.00144409975089794
0
0.536957071584404
0
0
0
0.0902562344311213
0
0
0
0.00144409975087001
0
0.559227628535227
0
0.00144409975089794
0
0.00144409975089794
0
0.00144409975089794
0
0.00144409975089794
0
0.00144409975089794
0
0.00144409975089794
0
0.00144409975089794
0
0.00144409975089794
0
0.00144409975089794
0
0.00144409975089794
0
0.00144409975089794
0
0.00144409975089794
0
0.00144409975089794
0
0.00144409975089794
0
0.00144409975089794
0
0.00144409975089794
0
0.00144409975089794
0
0.0303260947688567
0
0.0143280083208844
0
0.0415178678383158
0
0.0418788927760403
0
0.0213004713257446
0
0.00144409975089794
0
0.00144409975089794
0
0.0862252396800142
0
0.00144409975089794
0
0.00144409975089794
0
0.00144409975089794
0
0.00144409975089794
0
0.691362755742389
0
0.0104697231940101
0
0.0776203616107643
0
0.390990007555617
0
0.0191940421355355
0
0.00144409975089794
0
0.00144409975089794
0
0.0137189476335304
0
0.00144409975089794
0
0.00144409975089794
0
0.00144409975089794
0
-1000
0
0
0.0247572983593045
0
0
0
0
0
0
-193.659588433488
-1000
-1000
0
0
-1000
1000
1000
0
759.005256135082
1000
-914.705766327431
-1000
0
0
1000
0
0
0
0
0
-5.40857804542043
1000
0
0
0
0
-1000
0.161356282494467
-0.00354262460973587
0
0
-3.1005837833967
0
0
0
0
0
0.0300455640810924
365.18264798112
999.99645737539
-1000
995.937760497824
-999.927596539906
0
1000
66.9187284547503
1000
-1000
0
0
1000
1000
617.95294976515
-1000
0
1000
1000
0
-1000
0
1000
1000
0
0
0
0
0
-338.034668875516
0
0
0
0
0
0
0
0
0
0
0
1000
0
0
0
0
0
0
0
0
0
0
1000
0
0
0
0
0
0
0
0
0
1000
386.796684207102
-1000
978.244017488517
968.932748942638
-1000
-1000
-1000
-1000
-1000
-1000
1000
1000
-1000
1000
-1000
-1000
-1000
-1000
1000
1000
-1000
-1000
-38.0944670937459
-1000
1000
1000
1000
1000
-1000
1000
1000
-982.989484663516
-1000
-1000
-1000
-1000
-1000
-969.171802541842
-1000
-1000
1000
-1000
-1000
-1000
-1000
-1000
-600.281683811689
-1000
-1000
-1000
-1000
1000
1000
-1000
-1000
-1000
-1000
-1000
-1000
-1000
1000
-1000
-1000
-1000
-1000
-1000
-10.1041772169472
-1000
-1000
1000
-1000
-1000
1000
1000
-1000
-1000
-1000
-1000
-1000
-1000
-1000
-1000
-1000
-1000
1000
-1000
1000
-1000
768.939272046429
1000
1000
-1000
-1000
1000
1000
1000
1000
78.8587639123682
-1000
-1000
-1000
-1000
1000
-17.1771470491033
-1000
-1000
-1000
1000
1000
1000
1000
1000
-1000
1000
1000
-1000
794.979792042933
1000
-33.9596209012002
-1000
-1000
0
1000
10.5128155428494
-1000
-1000
-1000
0
0
0
0
0
0
0
0
0
0
0
0
0
0
0
0
0
0
0
0
0
0
0
0
0
0
0
0
0
0
0
0
0
0
0
0
0
0
0
0
0
0
0
0
0
0
0
0
0
0
0
0
0
0
0
0
0
0
0
0
0
0
0
0
0
0
0
0
0
0
0
0
0
0
0
0
0
0
0
0
0
0
0
0
0
0
0
0
0
184.410587108144
0
0
0
0
0
0
0
0
0
0
0
0
0
0
0
244.121892858322
0
0
0
0
0
0
0
0
0
0
0
0
0
0
0
0
0
0
0
0
0
0
0
0
0
0
0
0
0
0
0
0
0
0
0
0
0
0
0
0
0
0
0
0
0
0
0
0
0
0
0
0
0
0
0
0
0
0
0
0
0
0
0
0
0
0
0
0
0
0
0
0
0
0
0
0
0
0
0
0
0
0
0
0
0
0
0
0
0
0
0
0
0
0
0
0
0
0
0
0
0
0
0
0
0
0
0
0
0
0
0
0
0
0
0
0
0
0
0
0
0
0
0
0
0
0
0
0
0
0
0
0
0
0
0
0
0
0
0
0
0
0
0
0
0
0
0
0
0
0
0
0
0
0
0
0
0
0
0
0
0
0
0
0
0
0
0
0
0
0
0
0
0
0
0
0
0
0
0
0
0
0
0
0
0
0
0
0
0
0
0
0
0
0
0
0
0
0
0
0
0
0
0
0
0
0
0
0
0
0
0
0
0
0
0
0
0
0
0
1000
1000
997.58905056345
1000
1000
1000
1000
1.65907357128958
-1000
-1000
-1000
-1000
998.34092642871
1000
1000
-1000
-1000
-1000
998.34092642871
-1000
1000
1000
459.951629963914
-1000
-1000
-1000
-1000
-1000
1000
-1000
-1000
-1000
1000
-1000
-537.637420599535
-1000
-997.58905056345
-1000
-1000
-1000
-1000
1000
-1000
-1000
-1000
1000
-1000
997.58905056345
-1000
-1000
-1000
-999.950475134804
-1000
1000
-1000
0
0
0
0
0
0
0
0
0
0
0
0
0
0
0
0
-1000
-1000
-0.465221913418645
0
0
0
0
0
1000
1000
0
0
0
246.294193157154
0
0
0
0
0
-0.00354262460973587
0.00354262460969533
0
0
-0.00354262460973587
-0.00354262460973587
0
0
0.0889528224008131
0
0
0
0
0
0
0
0
0
0
0
0
0
0
0
0
0
0
0
0
0
0
0.00354262460969533
0
0
1000
0
1000
-1000
1000
0
0
0
0
-0.00354262460973587
774.399816947155
0
0
0
0
0
0
0
0
0
0
0
0
0
0
0
0
0
0
0
0
0.00354262460969533
0
0
0
0
-1000
0
0
0
0
0
-1000
0
1000
0
0
0
0
0
0
0
0
0
0
0
0
0
0
0
0
0
0
0
0
0
0
0
0
0
0
0
0
0
0
0
0.976412376120976
0.00354262460969533
0
0
0
0
0
1000
0
1000
0
0
1.91553648895793
0
0
0
0
1000
0
-1000
0
289.358535406853
289.358535406853
0
0
0
0
0
0
0
0
0.00354262460973587
-1000
206.463275386001
998.084463511042
998.34092642871
0
0
539.50224107995
1000
1000
0
0
0
0
0
0
0.00354262460973587
0
1000
0
0
0
0
921.28039962393
0
0
-566.88928532791
0
0
-1000
0
-1000
1000
0
0
0
0
0
279.74575283428
0
0
0
0
0
-1000
0
0
0
0
0
0
0
0
0
0
0
0
0
1000
0
0
0
0
0
0
0
0
0
0
0
0
0.957768244478965
0
0.00354262460969533
-0.00354262460973587
0.00354262460969533
0.00354262460969533
0
0
0.00354262460973587
0
0
0
0.957768244478984
0
0
-0.0106278738290939
-1000
-1000
1000
998.095091384871
-1000
-1000
0
0
1000
-1000
1.83192626963694
-1000
0
998.168073730363
0
0
0
0
0
0
0
0
0
0
0
0
0
0
0
0
0
0
0
0
0
998.171616354973
1.90490861512887
0
0
0
0
0
0
0.00176617806628289
0
566.88928532791
0
0
0
0
0
0
0.00354262460969533
0
0
0
0
0
0
0
0
0
0
0
0
0
0
0
0
0
0
0
0
0
0
0
0
1000
0
0
0
0
0
0
0
0
0
0
0
0
0
0
0
0
0
0
0
0
0
0
0
0
0
0
0
0
0
0
0
2.28473616132521
0
0
0
0
0
0
0
0
0
0
0
0
0
0
0
0
0
0
0
0
0
0
0
0
0
0
0
0
0
0
0
0
0
0
0
0
0
0
0
0
0
0
0
0
0
0
0
0
0
0
0
0
0
0
0
0
0
0
0
0
0
0
0
0
0
0
0
0
0
0
0
0
0
0
0
0
0
0
0
0
0
0
0
0
0
0
0
0
0
0
0
0
0
0
0
0
0
0
0
0
0
0
0
0
0
0
0
0
0
0
0
0
0
0
-999.969954435919
0
0.00176617806630475
0
0.0282793860147876
0
0
-0.0300455640810924
0
1000
0
0
0
0
0.0159058710736417
0
0
0
0
0
0
0
0
0
0
0
0
0
0
0
0
0
0
0
0
0.00354262460969533
0.00354262460969533
0.00354262460969533
1000
-1000
0
-1000
-1000
0
0
0
0
0
0
-1000
0
0
0
0
0
0
0
0
0
0
0
-1000
0
999.998555900249
-0.00144409975087001
-1000
-1000
-1000
-999.442216471216
-1000
-1000
0
0
0
0
0
0
0
0
0
0
-1000
0
1000
0.388028636597209
0.00354262460969533
0.00354262460969533
0.00354262460969533
0.00354262460969533
0.00354262460969533
822.943015783106
0
0
1000
0.0790644613616622
0
0
0
0
0
0
0
0
0
0
0
0
0
0
1000
0
0
0
0
0
0
0
1000
-999.998555900249
0
1000
0
0
-999.998555900249
0
0
0
0
0
0
0
0
0
0
0
0
0
0
0
0
0
0
0
0
0
0
0
0
0
0
0
0
0
0
0
0
0
0
0
0
0
0
0
0
0
0
0
0
0
0
0
0
475.608954177017
0
0
0
0
0
0
0
0
0
0
-1000
0
0
0
0
0
0
1.65907357128958
256.932852492273
-1000
-1000
-1000
-1000
1000
0
0.0212146737496538
0
0
0
0
-999.822094355198
-1000
-1000
0
0
0
0
999.978744252342
14.6483112165736
0
0
0
0
0.569739607881756
0.569739607881756
-1000
0
-999.968188257853
0
0
0
0
0
0
0
0
-1000
0
0
0
0
0
0
0
1000
0.00354262460969533
0
0
0
0
0
0
0
0
-669.264999985895
-1000
0
0
1000
0
0
0
1000
0
0.00529853419884867
0
0
-757.380576121433
0
-1000
0
0
0
-390.969577959181
-1000
0
0
0
0
-242.565631162846
0
1000
242.564187063095
0
0
0
0
0
0
-1000
0
0
0
0
-1000
-1000
0
0
279.754027515433
0
0
0
0
0.00530238487777225
0
0
0
0
0
0
0
0
0
998.171616354973
0
998.171616354973
0
0
0
0
0
0
0
0
0
-1000
0
0
-1000
1000
-1000
-1000
1000
0
0
0
0
0
0
0
0
-1000
0
0
1000
0.00176617806628289
0.00176617806628289
0
1000
-507.459316293613
0
256.910152644864
0
0
0
0
0
0
0
0
0
0
0
0
0
0
0
0
0
0
0
0
0
0
0
0
0
-0.014139693007337
0
0
0
0
0
0
0
0
0
0
0
0
0
0
0
0
0
0
0
0
0
0
0
0
0
0
0
0
0
0
0
0
0
0
0
0
507.459316293613
0
0
0
0
0
0
0
0
0
-1000
0
-1000
0
0
0
0
0
-1000
0
0
0
0
0
0
0
0
0
0
0
-1000
0
0
0
0
0
0
0
0
0
0
0
0
0
1000
0
0
0
0
0
0
0
0
0
0
0
0
0
0
0
0
0
0
0
242.564187063095
0
0
0
0
0
0
0
0
0
0
0
0
0
0
0
0
0
0
0
0
0
0
0
242.564187063095
0
0
0
0
0
0
0
0
0
0
0
0
0
0
0
0
0
0
0
0
0
0
0
0
0
0
0
0
0
0
0
0
0
0
0
0
0
0
0
0
0
0
0
0
0
0
0
0
0
0
0
0
0
0
0
0
0
0
0
0
0
0
0
0
0
0
0
0
0
0
0
0
0
0
0
0
0
0
0
0
0
0
0
0
0
0
0
0
0
0
0
0
0
0
0
0
0
0
0
0
0
0
0
0
0
0
0
0
0
0
0
0
0
0
0
0
0
0
0
0
0
0
0
0
0
0
0
0
0
0
0
0
0
0
0
0
0
0
0
0
0
0
0
0
-1000
0
0
0
0
0
0
0
0
0
0
0
0
0
0
0
0
0
0
0
0
0
0
401.437990463383
0
0
68.1046571300493
0
-98.5647677636687
0
1000
-520.607492984972
-479.231150732534
0
-1000
0
0
-1000
0
0
0
0
439.394960576139
0.021255747658172
0
0
0
737.637225268487
0
0
0
0
0
0
0
0
0
0
0
-32.0485434984357
0
0
0
0
0
0
0
0
0
0
0
0
0
0
0
0
0
0
0
0
0
0
0
0
0
0
0
0
0
0
0
0
0
0
0
0
0
0
0
0
0
0
0
0
0
0
0
0
0
0
0
0
0
0
0
0
0
0
0
0
0
0
0
0
0
0
0
0
0
0
0
0
0
0
0
0
0
0
0
0
0
0
0
0
0
0
0
0
0
0
0
0
0
0
0
0
0
0
0
0
0
0
0
0
0
0
0
0
0
0
0
0
0
0
0
0
0
0
0
0
0
0
0
0
0
0
0
0
0
0
0
0
0
0
0
0
0
0
0
0
0
0
0
0
0
0
0
0
0
0
0
0
0
0
0
0
0
0
0
0
0
0
0
0
0
0
0
0
0
0
0
0
0
0
0
0
0
0
0
0
0
0
0
0
0
0
0
0
0
0
0
0
0
0
0
0
0
0
0
0
0
0
0
0
0
0
0
0
0
0
0
0
0
0
0
0
0
0
0
0
0
0
0
0
0
0
0
0
0
0
0
0
0
0
0
0
0
0
0
0
0
0
0
0
0
0
0
0
0
0
0
0
0
0
0
0
0
0
0
0
0
0
0
0
0
0
0
0
0
0
0
0
0
0
0
256.910152644864
0
0
0
0
0
0
0
0
0
0
0
-1000
0
0
0.976412376120976
0
0.00354262460973587
0.422008738831778
-1000
0
0
0
0
0
0
0
0
0
0
0
0
0
0
0
0
0
0
0
0
0
0
0
0
0
0
0
0
0
0
0
0
0
0
0
0
0
0
0
0
0
0
0
0
0
0
0
0
0
0
0
0
0
0
0
0
0
0
0
0
0
0
0
0
0
0
0
0
0
0
0
0
0
0
0
0
0
0
0
0
0
0
0
0
0
0
0
0
0
0
0
0
0
0
0
0
0
0
0
0
0
0
0
0
0
0
0
0
0
0
0
0
0
0
0
0
0
0
0
0
0
0
0
0
0
0
0
0
0
0
0
0
0
0
0
0
0
0
0
0
0
0
0
0
0
0
0
0
0
0
0
0
0
0
0
967.951456501564
0
-1000
1000
0
0
0
0
0
0
0
1000
0.00354262460973587
0
0
-1000
1000
0
0
0
0
0
0
0
0
0
0
0
0
0
0
0
0
0
0
0
0
0
0
0
0
0
0.0247572983593491
0
0
0
0
0
0
0
0
0
0
0
0
0
0
0
0
0
0
0
0
0
0
0
0
0
0
0
0
0
0
0
0
0
0
0
0
0
0
0
0
0
0
0
0
0
0
0
0
0
0
0
0
0
0
0
0
0
0
0
0
0
0
0
0
0
0
0
0
0
0
0
0
0
0
0
0
0
0
0
0
0
0
0
0
0
0
0
0
0
0
0
0
0
0
0
0
0
0
0
0
0
0
0
0
0
0
0
0
0
0
0
0
0
0
0
0
0
0
0
0
0
0
0
0
0
710.637921968537
500
85.5706427462641
-3.61024937724483
0
0
-0.957768244478984
0
0
456.733305658185
18.9282261754736
41.3734057678187
0.102684771295517
85.5706427462641
0
0
0
0
0
0
0
0
0
0
0
0
0
0
0
0
0
0
0
0
1000
-1000
0
-999.911047177599
-0.08895282240087
0
460.63842849966
1000
539.35802887573
0
-1000
0
0
0
0
0
0
0
-0.00442057940426821
0.00354262460969533
0
0
0
0
0
0
0
0
0
0
0
0
0
0
0
0
0
0
0
242.564187063095
0
0
0
0
0.0548028624403969
-0.691362755742375
-0.0303260947688386
-10.5128155428494
-20.6096208489236
-42.0304128842924
-32.9591075535501
21.7559825114831
-17.0105153364835
-26.0405199965043
-4.51735980121805
-30.8281974581578
-717.416991475487
-1000
0
0
0
0
-1000
-38.0944670937459
-17.1771470491033
-565.364602998257
-13.0611649047509
-10.1041772169472
-23.4468053583507
-195.498024917625
976.412850230481
-646.012509345465
0
0
-390.969577959181
-0.08895282240087
0
1000
0
0
999.822094355198
-1000
0
0
0
0
774.399816947155
0
1000
0
0
0
0
0
0
0
0
0
0
-0.00354262460973587
-0.00354262460973587
0
0
0
0
0
0
0
0
0
0
0
0
0
0
0
0
1000
0
-1.65907357128958
0
0
-1000
-1000
1000
-0.00354262460973587
-0.00354262460973587
-0.976412376120948
524.391045822983
0
0
-0.00354262460973587
0
-0.00354262460973587
0
0
0
-0.00354262460973587
0
0
0
-0.00354262460973587
0
0
0
0
0
0
0
0
0
0
0
-1000
0
0
0
0
0
806.340411566512
0
0
0
0
0
0
0
-634.81735201888
0
0
0
-540.048370036086
0
1000
0
0
-0.00354262460973587
0
0
0
0
0
0
0
0
0
0
0
0
0
0
-177.056984216894
-3.1005837833967
-0.465221913418645
-1000
-1000
0
0
0
0
0
0
0
2.41094943655025
0
0
0
0
0
0
995.937760497824
0
0
0
0
0.161356282494467
1000
1000
0
0
759.005256135082
0.0724034600937102
0
0
0
0
0
0
-1000
0
1000
-1000
-1000
0
0
0
0
-0.0495248651958491
0
0
0
0
0
-330.735000014105
-1000
999.99645737539
0
0
0
0
0
0
1000
-1000
-1000
-5.40857804542043
0
0
0
0
0
0
0
0
0
1000
0
-0.0191940421354957
-0.00144409975087001
-0.390990007555615
-338.034668875516
-0.0213004713257305
-0.0862252396800613
-0.0137189476334925
-0.0776203616107978
-0.0415178678383654
-0.00144409975087001
0
0
17.6777534669203
0
-0.00144409975087001
-967.951456501564
-0.00288819950174002
-0.00144409975087001
-0.00144409975087001
-0.0104697231939781
0
-0.00144409975087001
-0.536957071584425
0
0
-14.6483112165736
0
0
0
-0.00144409975087001
-0.014328008320831
0
-0.00144409975087001
-0.00144409975087001
-0.00144409975087001
-0.00144409975087001
-0.0418788927760261
0
-0.0902562344310809
0
0
0
-1000
1000
0
0
-390.969577959181
1000
-0.00354262460973587
-1000
1000
-1000
1000
0
0
-1000
0
-609.030422040819
0
0
0
0
0
0
0
0
0
0
0
0
0
0
0
-1000
1000
-1000
1000
1000
0.0247572983593045
-1000
-1000
0
-0.00144409975087001
-0.00144409975087001
0
0
0
0
967.951456501564
-479.392507015028
479.231150732534
439.394960576139
0.0212557476581878
0
0
0
737.637225268487
0
1000
-1000
0
0
0
0
0
0
0
0
0
0
0
0
0
0
0
0
0
0
0
0
0
0
0
0
0
0
0
0
0
0
0
0
0
0
0
0
0
0
0
0
0
0
0
0
0
0
0
0
0
0
0
0
0
0
0
0
0
0
0
0
0
0
0
0
0
0
0
0
0
0
0
-0.00144409975087001
0
0
0
0
0
0
0
0
0
0
0
0
0
0
0
0
0
0
0
0
0
0
0
0
0
0
0
0
0
0
0
0
0
0
0
0
0
0
0
0
0
0
0
0
0
0
0
0
0
0
0
0
0
0
0
0
0
0
0
0
0
0
0
0
0
0
0
0
0
0
0
0
0
0
0
0
0
0
0
0
0
0
0
0
0
0
0
0
0
0
0
0
0
0
0
0
0
0
0
0
0
0
0
0
0
0
0
0
0
0
0
0
0
0
0
0
0
0
0
0
0
0
0
0
0
0
0
0
0
0
0
0
0
0
0
0
0
0
0
0
0
0
0
0
0
0
0
0
0
0
0
0
0
0
0
0
0
0
0
0
0
0
0
0
0
0
0
0
0
0
0
0
0
0
0
0
0
0
0
0
0
0
0
0
0
0
0
0
0
0
0
0
0
0
0
0
0
0
0
0
0
0
0
0
0
0
0
0
0
0
0
0
0
0
0
0
0
0
0
0
0
0
0
0
0
0
0
0
0
0
0
0
0
0
0
0
0
0
0
0
0
0
0
0
0
0
0
0
0
0
0
0
0
0
0
0
0
1000
0
1000
0
0
-0.422008738831778
0
0
0
0
0
0
0
0
0
0
0
0
0
0
0
0
0
0
0
0
0
0
0
967.951456501564
0
-1000
0
-1000
-0.00354262460973587
0
0
0
0
0
0
0
0
-1000
0
0
0
0
0
0
0
0
0
0
0
0
0
0
0
0
0
0
0
0
0
0
0
0
0
0
0
0
0
0
0
0
0
0
0
0
0
0
0
0
0
0
0
0
0
0
0
0
0
0
0
0
0
0
0
0
-0.00144409975087001
-0.00144409975087001
-0.00144409975087001
0
-0.00144409975087001
-0.559227628535268
0
-0.00144409975087001
-0.00144409975087001
-0.00144409975087001
-0.00144409975087001
0
-0.00144409975087001
-0.00144409975087001
-0.00144409975087001
-0.00144409975087001
-0.00144409975087001
-0.00144409975087001
-0.00144409975087001
0
-0.00144409975087001
-0.00144409975087001
-0.00144409975087001
0
-1000
85.5706427462642
0
1000
0
0
0
0
0
0
0
0
0
