0
0
0
0
0
0
0
738.351489112419
-1000
0
0
52.1068715158156
0
0
0
0
999.830109816418
-999.830109816418
999.961008810325
0
0.0389911896744611
0
-1000
-51.8617840378619
0
1000
50.4734569066466
0
-23.6790113621273
0.106459774274922
0
0
0
0
0
0.0190883445624508
0
0
0
23.3981699597667
0
0
0
0
0
465.456820963282
0
465.456820963282
0
465.456820963282
0
465.456820963282
0
465.456820963282
0
465.456820963282
0
0
465.456820963282
0
0
0
0
0
0
23.6790113621273
0
0
0
0
0
0
0
0
0
0
0
0
0
0
0
-1000
0
258.197746742974
0
0
0
0
0
0
0
0
0
0
0
0
0.00238474701214757
0.00238474701211544
0
0
0
0.00238474701211544
-0.00238474701211544
0
0
0
-0.00238474701211544
1000
0
0
0
0
0
0
0
0
0
0
0
0
0
0
0
0
0
0
0
0
0
0
0
0
1000
0
0
-1000
0
0
0
0
0
0
-1000
0
0
0
0
-9.7615506117703
0
0
0
0
-999.956192658207
0
0
0
1000
0
0
-897.692609905259
-1000
1000
-102.312960264695
0
693.066689375869
0
-1000
-102.312960264695
-102.312960264695
1000
-1000
0
0
1000
0
0
0
0
0
1000
-1000
0
0
0
0
0
-2.62312666909736
0
0
0
0
0
0
1000
-749.380397652221
-1000
0
0
0
0
0
0
0
0
1000
0
999.830109816418
0
0
0
-2.62591175407408
0
1000
0
0
0
0
1000
0
0
0
0
0
0
-752.006309406295
0
0
-1000
999.233390239472
0
0.307597803016136
0
0
0
0
0.459011957512075
0
2.62591175407408
0
0
0
-1000
0
0
0
0
0
0
0
0
0
0
0
0
-1000
0
-1000
1000
1000
-1000
1000
-492.476374035931
1000
-1000
-1000
-0.644729603328642
999.692402196984
0
0
-0.461396704524191
999.950871331421
1000
-1000
1000
0
0
1000
0
0.119758654000131
0
-0.119758654000179
0
0.00118891735098372
0
0
0
0
0
0
0
0
1000
0
0
0
0
0
0
0
0
1000
0
1000
0.313167972969609
0
0
-1000
0
-0.119758654000179
0
-0.459011957512075
0
0
0.459011957512075
0
0
0
-0.00238474701222913
0
0
0
0
-1000
0
0
0
464.864060604439
0.459011957512075
0
-1000
-0.644729603328642
0
0
0
0
1.44245397608111
0
0
0
0.00238474701222913
0
0
0
0
0
0
0
0
0
0
1.53798901508068
0
6.47453053539582
0
0
0
0
0
0
0
0
-462.76282602651
754.804660617911
-999.997214915023
-998.316170456532
-1000
1000
1000
-1.68501846081938
-1000
-1000
1000
-1000
1000
1000
0
0
-1000
0
0
0
0
-1000
0
0
-1000
-999.950871331421
-1000
1000
0
0
1000
1000
0
0
0
0
0
0
0.644729603328607
-1000
1000
507.523625964069
0
1000
-1000
492.168776232914
0
-1000
-1000
1000
1000
1000
-1000
0
-1000
0
1000
-1000
-978.229494759385
-1000
509.739245450859
-1000
1000
1000
0
0
0
-1000
1000
0
0
0
749.380397652221
0
0
0
-988.551615869962
1000
0
0
0
-19.6232882472916
0
0
0
0
0
0
0
0.462324106139704
0
0
0
0.462324106139704
0
0
0
0.00238474701214757
0
947.009250915121
0
-947.009250915121
0
947.009250915121
0
0
0
0
0
0
0
0
0
0
0
0
0
0
0
0
0
0
0
0
0
0
1000
0
0
0
0
0
-1000
1000
0
0
0
0
0
0
0
0
0
0
1000
0.00238474701211544
1000
0.0696271244187301
0.0696271244187301
0
22.0303689336313
0
0
0
0
0
0
0
0
0
0
0
0
0
0
0
0
-491.047332102568
0
0
0
0
0
0
0
0
0
0
0
0
0
0
0
0
0
0
0
0
0
0
0
0
0
0
0
0
0
0
0
0.108618314093206
0
0
0
1000
0
0
0
0
0
0
-1000
0
0
0
0
0
0
0
0
0
0
0
0
0
0
0
0
0
0
0
0
0
0
0
0
0
0
0
0
-733.543577432462
0
0
0.108618314093206
0
0
0
0
0
0
0
0
0
1000
0
0
0
0
0
0
0
0
0
0
0
0
0
0
0
0
0
0
0
0
0
0
0
0
0
0
0
0
0
0
0
0
0
-1000
0
0
0
0
0
0
0
0
0
0
0
0
0
21.5737417231313
0
21.5737417231313
0
0
0
0
0
0
0
0
0
0
0
0
0
0
0
0
0
0
0
0
0
-1000
0
0.00278508497674722
0
0
0
0
0.504100380791247
0.504100380791247
0
0
0
0
0
0
0
0
0
0
0
0
0
0
0
0
0
0
0
0
0
1000
0
0
0
0
0
-0.00238474701211544
0
0
0
-1000
0
0
1000
0
0
0
0
1.44824418790856
0
0
1.44824418790856
0
0
0
0
0
0
0
0
0
0
1.44824418790856
0
1.44824418790856
0
0
0
8.6394516831688
24.6270491039794
15.7416343835673
11.5295173707769
17.0944310884052
5.62640447693911
13.1590224925133
24.0736322701821
22.167418731547
7.00994656143233
13.589457807689
28.0090408660739
22.1059279722362
6.8254742834999
11.314299713189
15.6801436242565
20.3226959522227
16.4487781156417
3.01304720622969
20.5071682301551
0
0
0
0
0
0
0
0
0
0
0
0
0
0
0
0
0
0
0
0
0
0
0
0
0
0
0
0
0
0
0
0
0
0
0
0
0
0
0
0
0
0
0
0
0
0
0
0
0
0
0
0
0
0
0
0
0
0
0
0
0
0
0
0
0
0
0
0
0
0
0
0
0
0
0
0
0
0
0
0
0
0
0
0
0
0
0
0
0
0
0
0
0
0
-1000
0
0
0
0
0
-245.195339382089
-245.195339382089
1000
1000
0
0
0
0
471.020206533648
0
0
-19.6232882472916
-471.120469592811
-471.120469592811
-1000
0
-508.952667897432
0
-509.030650276781
1000
1000
471.025776703601
1000
0
-471.020206533648
1000
0
-1000
-1000
-1000
0
0
491.047332102568
0
491.047332102568
508.952667897432
0
0
0
0
0
0
0
0
0
0
0
-1000
245.844838479442
1000
1000
0
500
250.000988748369
2.50834315838743
5
0
0
0
0
0
0
105.478784158917
0
254.477040268386
0
0
-0.000972107673192113
0
0
0
0
-0.000972107673192113
96.3607703202388
245.169107164955
0
-0.000972107673192113
0.000972107673192113
-0.000972107673192113
-0.339898498428965
0
-0.0607567295722902
0
-1000
-0.376448696429748
0.000972107673192113
-0.000972107673192113
-0.000972107673192113
0.000972107673192113
-0.000972107673192113
0.000972107673192113
-0.000972107673192113
-0.000972107673192113
-0.000972107673192113
-0.000972107673192113
-0.000972107673192113
-0.000972107673192113
-0.000972107673192113
-0.000972107673192113
-0.000972107673192113
-0.000972107673192113
-0.000972107673192113
-0.0204142611362386
-0.0312036057985097
-0.0279480956032785
0
-0.0143385881790437
0.000972107673192113
0.000972107673192113
0
0.000972107673192113
0.000972107673192113
0.000972107673192113
0.000972107673192113
-0.465396548523586
-0.00704778063038702
-0.0522507874321718
-0.263198152507016
-0.0991549826619575
0.000972107673192113
0.000972107673192113
105.488019181812
0.000972107673192113
0.000972107673192113
-0.000972107673192113
0
0
0
0
0
0
0
0
0
0
0
0
0
0
0
0
0
0
0
0
0
0
0
0
0
0
0
0
0
0
0
0
0
0
0
0
0.0251279328412011
0
0
0
0
0
0
0
0
0
0
0
0
0
0
0
0
0
0
0
0
0
0
0
0
0
0
0
0
0
0
0
0
0
0
0
0
0
0
0
0
0
0
0
0
0
0
0
0
0
0
0
0
0
0
0
0
0
0
0
0
0
0
0
0
0
0
0
0
0
0
0
0
0
0
0
0
0
0
0
0
0
0
0
0
0
0
0
0
0
0
0
0
0
0
0
0
0
0
0
0
0
0
0
0
0
0
0
0
0
0.000972107673156226
0.000972107673156226
0.000972107673156226
0
0
0
0
0
0
0
0
0
0
0
0
0
0
0
0
0
0
0
0
0
0
0
0
0
0
0
0
0
0.000972107673156226
132.435738140073
0.000972107673156226
0
0
0
0
0
0
0.000972107673156226
0
0
0
0
0
0
0
0
0
0
0
0
0
0
0
0
0
0
0
0
0
0
0
0
0
0
0
0
0
0
0
0
0
0
0
0
0
0
0
0
0
0
0
0
0
0
0
0
0
0
0
0
0
0
0
0
0
0
0
0
0
0
0
0
0
0
0
0
0
0
0
0
0
0
0
0
0
0
0
0
0
0
0
0
0
0
0
0
0
0
0
0
0
0
0
0
0
0
0
0
0
0
0
0
0
0
0
0
0
0
0
0
0
0
0
0
0
0
0
0
0
0
0
0
0
0
0
0
0
0
0
0
0
0
0
0
0
0
0
0
0
0
0
0
0
0
0
0
0
0
0
0
0
0
0
0
0
0
0
0
0
0
0
0
0
0
0
0
0
0
0
0
0
0
0
0
0
0
0
0
0
0
0
0
0
0
0
0
0
0
-1000
0
0
0
0
0
0
0
0
0
0
0
0
0
0
0
0
0
0
0
0
0
0
0
0
0
0
0
0
0
0
0
0
0
0
0
0
0
0
0
0
0
0
0
0
0
0
0
0
0
0
0
0
0
0
0
0
0
0
0
0
0
0
0
0
0
0
0
0
0
0
0
0
0
0
0
0
0
0
0
0
0
0
0
0
0
0
0
0
0
0
1000
1000
0
0
0
0
0
0
0
0
0
0
0
0
0
0
0
0
0
0
-1000
0
-1000
0
0
0
0
0
0
0
1000
1000
0
0
0
0
0
0
0
0
0
0
0
0
0
0
0
0
0
0
0
0
0
0
0
0
0
0
0
0
0
0
0
0
0
0
0
0
0
0
0
0
0
0
0
0
0
0
0
0
0
0
0
0
0
0
0
0
0
0
0
0
0
0
0
0
0
0
0
0
0
0
0
0
0
0
0
0
0
0
0
0
0
0
0
746.812418938271
-74.7393458580708
0
0
0.000972107673192113
0
1000
0
132.4347660324
0
0
97.7522163666815
-0.000972107673192113
245.169107164955
0
0
0
0.0251279328412011
0.375476588756555
0
-999.624523411243
999.999027892327
0
0
0
0
0
0
0
0
0
0
0
0
0
-1000
0.0251279328412011
0
-0.0281911225215481
0
-0.0675614832844076
0
0
0
0
0
0
0
0.095752605805842
0
0
0
0
0
105.478784158917
-1000
746.812418938271
0
0
0
-292.387949188427
1000
-0.01430848207292
0
0
0.000972107673192113
-0.000972107673192113
0
0
132.470004935552
-132.470004935552
1000
0
-132.4347660324
-132.4347660324
0
0
1000
0
-902.247783633318
-97.7522163666815
-1000
0
-754.830892835045
-245.169107164955
-1000
0
0
0
0
0
-1000
0
-0.375476588756555
0
0
0
-999.624523411243
999.624523411243
-1000
0
0
0
-1000
0
0
0
-1000
0
0
0
0
0
0
0
0
0
0
0
0
0
0
0
0
0
0
0
-1000
1000
-1000
0
-1000
0
-1000
0.0281911225215481
-1000
0
-0.0281911225215481
-0.0281911225215481
0
0
0
0
0
0
-1000
0
-1000
0
691.709250435542
0
-1000
0
-1000
0
-1000
0
0
0
0
0
0
0
0
0
0
-367.127295046498
-632.872704953502
105.478784158917
-105.478784158917
0
0
0
0
0
0
0
0
0
0
0
0
0
0
0
0
0
0
0
0
0
0
0
0
0
0
0
0
0
0
0
0
0.0251279328412011
-0.0251279328412011
0
0
0
0
0
0
0
0
0
0
0
0
0
0
0
0
0
0
0
0
0
0
0
0
0
0
0
0
0
0
0
0
0
0
0
0
0.0251279328412011
-0.0251279328412011
0
0
0
0
0
0
0.095752605805842
0.095752605805842
0
0
0
0
0
0
0
0
0
0
0
0
0
0
0
0
-0.095752605805842
-0.095752605805842
0
0
0
0
0
0
0
0
0
0
0
0
0
0
0
0
0
0
0
0
0
0
0
0
0
0
0
0
0
0
0
0
0
0
0
0
1000
0
0
0
0
0
0
0
0.781065705218254
0.00238474701214757
0
0
0
0
0
0
0
0
0.0982746179344136
0
0
0
0
0
0
0
0
0
0
0
0
0
0
0
0
0
0
0
0
0
0
0
0
0
0
0
0
0
0
0
0
0
0
0
0
0
0
0
0
0
0
0
0
0
0
0
0
0
0
0
254.513251279211
254.513251279211
254.513251279211
0
0
0
0
254.477040268386
254.477040268386
0
0
0
0
0
0
0
0
0
0
0
0
0
0
0
0
0
0
0
0
0
0
0
0
0
0
0
0
0
0
0
0
0
0
0
0
0
0
0
0
0
0
0
0
0
0
0
0
0
0
0
0
0
0
0
0
0
0
0
0
0
0
0
0
0
0
0
0
0
0
0
0
0
0
0
0
0
0
0
0
0
0
0
0
132.4347660324
132.4347660324
132.4347660324
132.4347660324
-132.4347660324
0
0
0
0
0
0
0
0
0
0
0
0
0
0
0
0
0
0
0
0
0
0
0
0
0
0
0
0
0
0
0
0
0
0
0
0
0
0
0
0
0
0
0
0
0
0
0
0
0
0
0
0
0
0
0
0
0
0
0
0
0
0
0
0
0
0
0
0
0
0
0
0
0
0
0
0
0.00238474701214757
0.00238474701214757
0.00238474701214757
0.00238474701214757
0.00238474701214757
0
0
0
0
0
0
0
0
0
0
0
0
0
0
0
0
0
0
0
0
0
0
0
0
0.0327124509393453
0.0327124509393453
0
0
0
0
0
0
0
0
0
0
0
0
0
0
0
0.00595149906509872
0
0.0267609518742465
0
0
9.76155061177036
9.76155061177036
-9.7615506117703
3.24828579422844
-1.6229505236081
1.62295052360815
1.62295052360815
1.62295052360815
1.62295052360815
1.62295052360815
1.62295052360815
1.62295052360815
1.62295052360815
1.62295052360815
1.62295052360815
1.62295052360815
0
1.6229505236081
1.62295052360815
1.62295052360815
1.62295052360815
1.62295052360815
1.62295052360815
1.62295052360815
0
0
0
1.62295052360815
0
1.62295052360815
1.61819485420421
0
0
0
0
0
0
0
0
0
0
0
0
0
0
0
0
9.76155061177036
9.76155061177036
3.24828579422844
3.24828579422844
0
0
0
0
0
0
0
0
0
0
0
0
0
0
0
0
0
0
0
0
0
0
0
0
0
0
0
0
0
0
0
0
0
0
0
0
0
0
0
0
0
0
0
0
0
0
0
0
0
0
0
0
0
0
0
0
0
0
0
0
0
0
0
0
0
0
0
0
0
0
0
0
0
0
0
0
0
0
0
0
0
0
0
0
0
0
0
0
0
0
0
0
0
0
0
0
0
0
0
0
0
0
0
0
0
0
0
0
0
0
0
0
0
0
0
0
0
0
0
0
0
0
0
0
0
0
0
0
0
0
0
0
0
0
0
0
0
0
0
0
0
0
0
0
0
0
0
0
0
0
0
0
0
0
0
0
0
0
0
0
0
0
0
0
0
0
0
0
0
0
0
0
0
0
0
0
0
0
0
0
0
0
0
0
0
0
0
0
0
0
0
0
0.781065705218254
0.797731285062566
0.797731285062566
0
0
0
0
-0.797731285062582
0
0
0
0.0166655798443124
0
0
1000
0
0
0
0
0
0
0
0
0
0
0
0
0
0
0
0
0
0
0
0
0
0
0
0
0
0
0
0
0
0
0
0
0
0
0
0
0
0
0
0
0
0
0
0.797731285062566
0
0
0
0
0
0
0
0
0
0
0
0
0
0
0
0
0
0
0
0
0
0
0
0
0
0
0
0
0
0
0
0
0
0
0
0
0
0
0
0
0
0
0
0
0
0
0
0
0
0
0
0
0
0
0
0
0
0
0
0
0
0
0
0
0
0
0
0
0
0
0
0
0
0
0
0
0
0
0.781065705218254
0.00238474701214757
0
0
0
0
0
0
0
1.02825452546677
0
0
0
0.644729603328607
0.644729603328607
0.644729603328607
0
0
0
0
0
0
0.881725070164815
0
0
0
0.00238474701214757
0
0
0
0
-0.881725070164862
0.881725070164815
0
0
0
0
0.242092143542362
0
0
0
0
0
0.160810288134121
0
0.146529455301956
0
0
0
0
0
0
0
0
0
0
7.18886249403163
7.18886249403163
7.18886249403163
0
0
0
0
-0.0982746179344076
0
0
0
0
0
0
0
0
0
0
0
0
0
0
0
0
0
0
0
0
0
0
0
0
0
0
0
0
0
0
0
0
0
0
0
0
0
0
0
0
0
0
0
0
0
0
0
0
0
0
0
0
0
0
0
0
0
0
0
0
0
0
0
0
0
0
0
0
0
0
0
0
0
0
0
0
0
0
0
0
0
0
0
0
0
0
0
0
0
0
0
0
0
0
0
0
0
0
0
0
0
0
0
0
0
0
0
0
0
0
0
0
0
0
0
0
0
1000
0
0
1000
1000
0
0
0
0
0
0
0
0
0
0
0
0
0
0
0
0
0
0
0
0
0
0
0
0
0
0
0
0
0
0
0
0
0
0
0
0
0
0
0
0
0
0
0
0
0
0
0
0
0
0
0
0
0
0
0
0
0
0
0
0
0
0
0
0
0
0
0
0
0
0
0
0
0
0
0
0
0
0
0
0
0
0
0
0
0
0
0
0
0
0
0
0
0
0
0
0
0
0
0
0
0
0
0
0
0
0
0
0
0
0
0
0
0
0
0
0
0
0
0
0
0
0
0
0
0
0
0
0
0
0
0
0
0
0
0
0
0
0
0
0
0
0
0
0
0
0
0
0
0
0
0
0
0
0
0
0
0
0
0
0
0
0
0
0
0
0
0
0
0
0
0
0
0
0
0
0
0
0
0
0
0
0
0
0
0
0
0
0
0
0
0
0
0
0
0
0
343.418760762651
0
0
0
0
0
0
0
0
0
0
0
0
0
0
0
0
0
0
0
0
0
0
0
0
0
0
0
0
0
0
0
0
0
0
0
0
0
0
0
0
0
0
0
0
0
0
0
0
0
0
0
0
0
0
0
0
0
0
0
0
0
0
0
0
0
0
0
0
0
0
0
0
0
0
0
0
0
0
0
0
0
0
0
0
267.894461154419
0
267.894461154419
0
0
0
0
0
0
0
0
0
0
0
0
0
0
0
0
0
0
0
0
0
0
0
0
0
0
0
0
1000
0
0
0
0
0
0
0
0
0
0
0
0
0
0
0
0
0
0
0
0
0
0
0
0
0
0
0
0
0
0
0
0
0
0
0
0
0
0
0
0
0
0
0
0
0
0
0
0
0
0
0
0
0
0
0
0
0
0
0
0
0
0
0
0
0
0
0
0
0
0
0
0
0
0
0
0
0
0.108618314093206
0.108618314093206
0
0
0
0.108618314093178
0
0.108618314093206
-247.885072279612
0
0
0
0.016710509860548
0
0
0
0
0
0
247.885072279612
0
0
0
0
0
0
0.657280054512679
0
0
0
0
0
0
0.657280054512679
0.657280054512679
0.657280054512679
0.657280054512626
0
0
0
0
0
0
0
0
0
0
0
0
0
0
0
0
0
0
0
0
0
0
0
0
0
0
0
0
0
0
0
0
0
0
0
0
0
283.039221173636
283.039221173636
0
0
0
0
0
0
0
0
0
0
0
0
0
0
0
0
0
0
0
0
0
0
0
0
0
0
0
0
0
0
0
0
0
0
0
0
0
0
0
0
0
0
0
0
0
0
0
0
1000
1000
-999.540988042488
0
0
0
-1000
1000
1000
0
21.5713569761192
0
0
-1000
1000
0
0
0
0
0
0
0
0
0
0
0
0
0
0
0
0
0
0
0
0
0
0
0
0
0
0
0
0
0
0
0
0
0
0
0
0
0
0
0
0
-1000
0
0
8.31315896124454
0
0
0
0
0.000972107673156226
0.000972107673156226
0
0
0
0
0
0
0
0
-999.997615252988
999.997615252988
1000
999.997615252988
1000
-1000
-1000
0
0
0
0
0
0
0.00238474701211544
0
0
0
0
0
0
0
0
0
0
0
0
0
0
0
0
0
0
0
0
0
0.00951825111804986
0
0.00238474701214757
0.0142808328321649
1000
0.00118891735098372
0.00118891735098372
997.076401132835
0
0.00832933376706615
0.00118891735098372
0.0178544971953408
-0.00118891735098714
0.00118891735098372
0.00118891735098372
0.00118891735098372
0.00118891735098372
0.00118891735098372
-0.00118891735098714
-0.00237783470197428
0.00118891735098372
0.00118891735098372
0.00118891735098714
0.00118891735098372
-999.970235592364
-0.00357366436310258
999.969046675013
0.00238474701211544
0.00118891735098372
0.00118891735098372
0.00238474701214757
0.00238474701214757
-0.00238474701211544
-0.00238474701211544
0.00238474701211544
0.00238474701211544
0.00118891735098372
0.00118891735098372
0.00118891735098372
0.00118891735098372
-0.00357366436310258
-999.983334420156
0
0
0
0
0
0
-1000
0
0
0
0.00238474701214757
0
0
0
0
0.00119237350607378
0.00238474701211544
0.00238474701211544
0
0.00238474701214757
0
0
0
0
0
-0.00238474701211544
0
0
0.00475566940393486
0.00118891735098372
0.00356675205295115
0.00118891735098372
-0.00118891735098714
0.00118891735098372
0.00118891735098372
0.00118891735098372
0.00118891735098372
0.00118891735098372
0.00118891735098372
0.00237783470196743
0.00118891735098372
0.00118891735098372
0.00118891735098372
0.00118891735098372
0.00118891735098372
0
0.00118891735098372
0.00238474701214757
0.00238474701214757
0.00238474701214757
0.00238474701214757
0.00238474701214757
0.00238474701214757
0.00238474701214757
0.00238474701214757
0.00238474701214757
0.00238474701214757
0.00238474701214757
0.00238474701214757
0.00238474701214757
0.00238474701214757
0
0
0
0
0
0
0
0
0
0
0
0
-0.00238474701211544
0
0
0
0
0
0
0
0
0
0
0
0
0
0
0
0
0
0
0
0
0
0
0
0
0
0
0
0
0
0
0
0
0
0
0
0
0
0
0
0
0
0
0
0
0
0
0
0
0
0
0
0
0
0
0
0
0
0
0
0
0
0
0
0
669.706281432412
105.478784158917
0
0
0
0
0
0.00238474701214757
0
0
0
0
0
0
0
0
0
0
0
0
0
0
0
0
0
0
0
0
0
0
0
0
0
-105.478784158917
0
-254.477040268386
0
0
0
0.000972107673156226
0
0
0
0
0
0
0
0
0
0.000972107673156226
0
0
96.3607703202388
0
0
0
0
0.000972107673156226
0
0.000972107673156226
0
0.000972107673156226
0
0.339898498428934
0
0
0
0.0607567295722641
0
0
0
0
0
0.376448696429748
0
0.000972107673156226
0
0.000972107673156226
0
0.000972107673156226
0
0.000972107673156226
0
0.000972107673156226
0
0.000972107673156226
0
0.000972107673156226
0
0.000972107673156226
0
0.000972107673156226
0
0.000972107673156226
0
0.000972107673156226
0
0.000972107673156226
0
0.000972107673156226
0
0.000972107673156226
0
0.000972107673156226
0
0.000972107673156226
0
0.000972107673156226
0
0.0204142611362807
0
0.0312036057984547
0
0.0279480956032415
0
0
0
0.0143385881790543
0
0.000972107673156226
0
0.000972107673156226
0
0
0
0.000972107673156226
0
0.000972107673156226
0
0.000972107673156226
0
0.000972107673156226
0
0.465396548523543
0
0.00704778063038264
0
0.0522507874321471
0
0.263198152507048
0
0.099154982661935
0
0.000972107673156226
0
0.000972107673156226
0
105.488019181812
0
0.000972107673156226
0
0.000972107673156226
0
0.000972107673156226
0
0
663.703147235278
0
0
0.0166655798443571
0
0
0
0
0
0
1000
-1000
1000
0
0.657280054512679
-1000
1000
247.993690593705
0
282.157496103471
-1000
-443.452093142076
-1000
0
0
1000
0
0
0
0
-3.64082897704861
818.145902340544
0
0
0
0
-1000
1000
-0.00238474701211544
0
0
0
-2.08718357940973
0
0
0
0
0
465.563280737557
272.19334407091
999.997615252988
1000
-2.62591175407408
-247.993690593705
0
968.826641779663
1000
0
-1000
0
0
1000
1000
-1000
-997.229292628427
0
255.319177105268
0
0
-1000
842.247064053955
1000
1000
0
0
0
0
0
-501.754791031762
0
0
0
0
0
0
0
0
0
0
0
221.215863755126
0
0
0
0
0
0
0
0
0
0
1000
0
0
0
0
0
368.661910019824
0
0
-1000
-1000
-1000
-1000
1000
-1000
1000
-1000
-1000
-1000
1.23994344870766
1000
1000
-1000
-1000
-1000
-1000
-1000
-1000
1000
-1000
-1000
-1000
1000
1000
1000
1000
1000
1000
-324.403396551996
1000
1000
-1000
-1000
-1000
-1000
306.43453230464
-1000
-1000
-1000
-1000
1000
-1000
-1000
-1000
-1000
-1000
766.341022060316
-1000
-1000
-1000
-1000
-1000
1000
-1000
-1000
-1000
-6.80171033712679
-1000
19.4064473488628
-1000
-1000
-1000
-1000
-1000
-1000
-1000
-1000
-1000
269.605938937628
-1000
-1000
-1000
1000
1000
-2.7707073715726
-1000
-1000
-1000
1000
1000
-1000
1000
-1000
-1000
-1000
1000
1000
-1000
1000
1000
1000
-1000
-1000
1000
1000
1000
1000
-1000
-1000
-1000
-1000
-1000
-1000
-1.23994344870766
-1000
-1000
-1000
1000
1000
1000
1000
1000
-979.247744291891
1000
1000
-1000
0
1000
8.31315896124454
-1000
-1000
0
1000
-24.0965696194631
-1000
-1000
-1000
0
0
0
0
0
0
0
0
0
0
0
0
0
0
0
0
0
0
0
0
0
0
0
0
0
0
0
0
0
0
0
0
0
0
0
0
0
0
0
0
0
0
0
0
0
0
0
0
0
0
0
0
0
0
0
0
0
0
0
0
0
0
0
0
0
0
0
0
0
0
0
0
0
0
0
0
0
0
0
0
0
0
0
0
0
0
0
0
0
0
0
0
0
0
0
0
0
0
0
0
0
0
0
0
0
0
0
0
0
0
0
0
0
0
0
0
0
0
0
0
0
0
0
0
0
0
0
0
0
0
0
0
0
0
0
0
0
0
0
0
0
0
0
0
0
0
0
0
0
0
0
0
0
0
0
0
0
0
0
0
0
0
0
0
0
0
0
0
0
0
0
0
0
0
0
0
0
0
0
0
0
0
0
0
0
0
0
0
0
0
0
0
0
0
0
0
974.818718985648
0
0
0
0
0
0
0
0
0
0
0
0
0
0
0
0
0
0
0
0
0
0
0
0
0
0
0
0
0
0
0
0
0
0
0
0
0
0
0
0
0
0
0
0
0
0
0
0
0
0
0
0
0
0
0
0
0
0
0
0
0
0
0
0
0
0
0
0
0
0
0
0
0
0
0
0
0
0
0
0
0
0
0
0
0
0
0
0
0
0
0
0
0
0
0
0
0
0
0
0
0
0
0
0
0
0
0
0
0
0
0
0
0
0
0
0
0
0
0
0
0
0
0
0
0
0
0
0
-1000
1000
-1.6229505236081
1000
-1.6229505236081
1000
-1000
1000
-1000
-1000
-0.0438073417926717
-1000
1000
1000
1000
1000
-1000
-1000
739.930632294235
-1000
1000
1000
1000
0
-1000
-1000
-1000
-1000
1000
-1000
1000
-1000
-1000
-1000
0
1000
1000
-1000
-1000
-1000
-1000
1000
0.0438073417926717
-1000
-1000
1000
-1000
1000
-1000
0
-1000
-1000
-1000
-1000
-1000
0
0
0
0
0
0
0
0
0
0
0
0
0
0
0
-1000
-1000
-0.313167972969609
0
0
0
0
1000
1000
602.240656769581
0
0
0
0
0
0
0
0
0
-0.00238474701211544
0.00238474701214757
0
0
-0.00238474701211544
-0.00238474701211544
0
0
0
0
0
0
0
0
0
0
0
0
0
0
0
0
0
0
0
0
0
11.094678337991
0
0
0
0.00238474701214757
0
0
1000
-0.00238474701211544
1000
-1000
999.997615252988
0
0
0
0
-0.00238474701211544
0.242092143542322
0
0
0
0
247.885072279612
0
0
0
0
0
0
0
0
0
0
0
0
0
0
-465.456820963282
465.456820963282
0.00238474701214757
0
0
0
0
-1000
0
0
0
0
0
0
-818.145902340544
-0.00238474701211544
1000
0
0
0
0
0
0
0
0
0
0
0
0
0
0
0
0
0
0
0
0
0
0
0
0
0
0
0
0
0
0
0
699.076359349085
0
0
0
0.00238474701214757
0
0
0
0
0
1000
0
746.812418938271
0
-254.477040268386
0
1.28945920665721
0
0
0
0
0.00356675205295115
1000
0
-947.009250915121
0
0
0
0
0
0
0
0
0
0
0
0
0.00238474701211544
-980.073137490243
508.952667897432
1000
1000
0
0
0
-999.905307110791
1000
0
0
0
0
0
0
0.00238474701222913
0
1000
0
0
0
0
947.009250915121
0
0
0
0
0
-1000
0
-1000
1000
0
0
0
0
0
0
0
0
0
0
0
-0.0946928892094547
1000
0
744.04148333111
0
0
0
0
744.04148333111
0
744.04148333111
0
1000
0
1000
0
998.766823702959
0
0
0
0
0
0
0
0
0
0
0.644729603328607
0
0.00238474701214757
-0.00238474701211544
0.00238474701214757
0.00238474701214757
0
0
0.00238474701211544
0
0
0
0.644729603328642
0
0
-0.00715424103646001
1.28230496562082
-1000
-1000
-998.766823702959
1000
-1.28468971263305
0
0
1000
-1000
-999.997615252988
-1000
0
0
0
0
0
0
0
0
0
0
0
0
0
0
0.0515134155916712
0
0
0
0
0
0
0
0
0
1000
0
0
0
0
0
0
0.00118891735098372
0
0
0
0
0
0
0
0
0.00238474701214757
0
0
0
0
0
0
0
0
0
0
-738.351489112419
0
0
0
0
0
0
0
0
0
0
0
0
0
1000
0
0
0
738.351489112419
0
0
0
0
0
0
0
0
0
0
0
0
0
0
0
0
0
0
0
0
0
0
0
0
0
0
0
1.53798901508071
0
0
0
0
0
0
0
0
0
0
0
0
0
0
0
0
0
0
0
0
0
0
0
0
0
0
0
0
0
0
0
0
0
0
0
0
0
0
0
0
0
0
0
0
0
0
0
0
0
0
0
0
0
0
0
0
0
0
0
0
0
0
0
0
0
0
0
0
0
0
0
0
0
0
0
0
0
0
0
0
0
0
0
0
0
0
0
0
0
0
0
0
0
0
0
0
0
0
0
0
0
0
0
0
0
0
0
0
0
-999.893540225725
0
0.00118891735098714
0
0.0621536795799784
0
0
-0.106459774274867
0
1000
0.0107071684690254
0
0
0
0
0
0
0
0
0
0
0
0
0
0
0
0
0
0
0
0.00238474701214757
0.00238474701214757
0.00238474701214757
1000
1000
0
-292.387949188427
-1000
0
0
0
0
0
-1000
1000
0
0
0
0
0
0
0
0
0
0
-1000
0
352.265467645892
-647.734532354108
-1000
-1000
-1000
-999.624523411243
-1000
-1000
0
0
0
0
0
0
0
0
0
-744.04148333111
-1000
0
1000
0.261204681190444
0.00238474701214757
0.00238474701214757
0.00238474701214757
0.00238474701214757
0.00238474701214757
352.24974652448
0
0
1000
0.0532228951053034
0
0
0
0
0
0
0
0
0
0
0
0
0
0
691.709250435542
0
0
0
0
0
0
1000
-999.999027892327
0
1000
1000
1000
-1000
0
0
0
0
0
0
0
0
0
0
0
0
0
0
0
0
0
0
0
0
0
0
0
105.478784158917
0
0
0
0
0
0
105.478784158917
0
0
0
105.478784158917
0.0281911225215305
0
0
0
0
0
0
0
0
0
0
0
1000
0
0
0
0
0
0
0
0
0
-1000
0
0
0
0
0
0
0
0
1000
-1000
-1000
-1000
-1000
-1000
0
0.0142808328321649
0
0
0
0
-300.923640650915
-1000
-1000
11.094678337991
247.885072279612
0
0
0
999.985691517927
9.86063166589246
0
0
0
0
0.383524922138164
0.383524922138164
-11.4507688770497
-999.892351308374
0
0
0
0
0
0
0
0
1000
0
0
997.074016385823
0
0
0
0
1000
0.00238474701214757
0
0
0
0
0
0
0
0
-1000
-999.997615252988
0
0
999.971808877478
0
0
0
1000
0
0
0
-97.7522163666815
0
-1000
0
0
0
-1000
-1000
0
0
0
0
-132.4347660324
0
0
0
0
0
0
-231.433243699294
231.433243699294
0
0
-750
0
0
0
0
-1000
-1000
0
0
-528.879530407189
0
0
0
0
0.0251279328412283
0
0
0
0
0
0
0
0
998.769208449971
0
998.769208449971
0
0
0
0
0
0
0
0
0
0
1000
1000
0
-1000
1000
-1000
-1000
0
0
0
0
0
0
0
0
-1000
0
0
722.969322305218
0.00118891735098372
0.00118891735098372
0
1000
-267.894461154419
-267.894461154419
245.169107164955
0
0
0
0
0
0
0
0
0
0
0
0
0
0
0
0
0
0
0
0
0
0
0
0
0
-0.095752605805842
0
0
0
0
0
0
0
0
0
0
0
0
0
0
0
0
0
0
0
0
0
0
0
0
0
0
0
0
0
0
0
0
0
0
0
0
0
0
0
0
0
0
0
0
0
-1000
0
-1000
0
0
0
0
0
0
-1000
0
0
0
0
0
0
0
0
0
0
0
867.529995064448
0
0
0
0
0
0
0
0
0
0
0
0
0
1000
0
0
0
-253.187581061729
0
0
0
0
0
0
0
0
0
0
0
0
0
0
0
0
0
0
0
0
0
0
0
0
0
0
0
0
0
0
0
0
0
0
0
0
0
0
0
0
254.477040268386
0
0
0
0
0
0
0
0
0
0
0
122.043246343659
0
0
0
0
0
0
0
0
0
0
0
0
0
0
0
0
0
0
0
0
0
0
0
0
0
0
0
0
0
0
0
0
0
0
0
0
0
0
0
0
0
0
0
0
0
0
0
0
0
0
0
0
0
0
0
0
0
0
0
0
0
0
0
0
0
0
0
0
0
0
0
0
0
0
0
0
0
0
0
0
0
0
0
0
0
0
0
0
0
0
0
0
0
0
0
0
0
0
0
0
0
0
0
0
0
0
0
0
0
0
0
0
0
0
0
0
0
0
0
0
0
0
0
0
0
0
0
0
0
0
0
0
0
-1000
0
0
0
0
0
0
0
0
0
0
0
0
0
0
0
0
0
0
0
0
0
0
564.35556312529
0
0
231.022229791956
0
-602.312960264695
0
783.496896131749
-49.9533186992867
-733.434959118369
0
-1000
0
-699.076359349085
663.703147235278
0
0
0
0
1000
0.01430848207292
0
0
0
0
0
0
0
0
0
0
0
0
0
0
0
0
0
-21.5737417231313
0
0
0
0
0
0
0
0
0
0
0
0
0
0
0
0
0
0
0
0
0
0
0
0
0
0
0
0
0
0
0
0
0
0
0
0
0
0
0
0
0
0
0
0
0
0
0
0
0
0
0
0
0
0
0
0
0
0
0
0
0
0
0
0
0
0
0
0
0
0
0
0
0
0
0
0
0
0
0
0
0
0
0
0
0
0
0
0
0
0
0
0
0
0
0
0
0
0
0
0
0
0
0
0
0
0
0
0
0
0
0
0
0
0
0
0
0
0
0
0
0
-986.126463524683
0
0
0
0
0
0
0
0
0
0
0
0
0
0
0
0
0
0
0
0
0
0
0
0
-988.437061609502
0
0
0
0
0
0
0
0
0
0
0
0
0
0
0
0
0
0
0
0
0
0
0
0
0
0
0
0
0
0
0
0
0
0
0
0
0
0
0
0
0
0
0
0
0
0
0
0
0
0
0
0
0
0
0
0
0
0
0
0
0
0
0
0
0
0
0
0
0
0
0
0
0
0
0
0
0
0
0
0
0
0
0
0
0
0
0
0
0
0
0
0
0
0
0
0
0
0
0
0
0
0
0
0
0
0
0
0
0
0
0
0
-986.126463524683
-988.437061609502
0
0
0
0
0
0
0
0
0
0
0
0
0
0
0
0
0
245.169107164955
0
0
0
0
0
0
0
0
0
0
0
-1000
0
0
0
0
0.00238474701211544
-988.265152455322
-11.4507688770497
0
0
0
0
0
0
0
0
0
0
0
0
0
0
0
0
0
0
0
0
0
0
0
0
0
0
0
0
0
0
0
0
0
0
0
0
0
0
0
0
0
0
0
0
0
0
0
0
0
0
0
0
0
0
0
0
0
0
0
0
0
0
0
0
0
0
0
0
0
0
0
0
0
0
0
0
0
0
0
0
0
0
0
0
0
0
0
0
0
0
0
0
0
0
0
0
0
0
0
0
0
0
0
0
0
0
0
0
0
0
0
0
0
0
0
0
0
0
0
0
0
0
0
0
0
0
0
0
0
0
0
0
0
0
0
0
0
0
0
0
0
0
0
0
0
0
0
0
0
0
0
0
0
0
0
0
978.426258276869
0
0
999.956192658207
0
0
0
0
0
0
0
0
1000
0.00238474701211544
0
0
-1000
352.266439753566
0
0
0
0
0
999.966661928001
0
0
0
0
0
0
0
0
0
0
1000
-1000
0
0
0
0
0
0
0
0
0
0
0
0
0
0
0
0
0
0
0
0
0
0
0
0
0
0
0
0
0
0
0
0
0
0
0
0
0
0
0
0
0
0
0
0
0
0
0
0
0
0
0
0
0
0
0
0
0
0
0
0
0
0
0
0
0
0
0
0
0
0
0
0
0
0
0
0
0
0
0
0
0
0
0
0
0
0
0
0
0
0
0
0
0
0
0
0
0
0
0
0
0
0
0
0
0
0
0
0
0
0
0
0
0
0
0
0
0
0
0
0
0
0
0
0
0
0
0
0
0
0
0
0
0
0
0
0
0
0
0
0
0
0
0
0
0
0
0
0
0
0
0
0
0
0
0
0
0
0
0
0
0
0
0
500.462697708678
500
57.6025848344824
0
0
-0.644729603328642
0
0
307.45379655405
12.7416917653875
27.8508497674722
0.0691231018013788
57.6025848344824
0
0
0
0
0
0
0
0
0
0
0
0
0
0
0
0
0
0
0
0
0
0
0
0
0
760.421847727352
-1000
0
-988.905321662009
-11.094678337991
11.4483841300375
-491.04971684958
0
11.4507688770496
0
0
0
-105.478784158917
527.393920794585
105.478784158917
0
105.478784158917
-2.43026918289058
0
999.996433247947
0.00238474701214757
0
0
0
0
0
0
0
0
0
0
0
0
0
0
0
0
105.478784158917
0
254.477040268386
0
0
465.563280737557
-0.465396548523586
-0.0204142611362386
0
-7.07678860087424
-1000
-28.2931195337022
-1000
-973.79184231401
-1000
-17.5293910866199
-3.0408980559971
-20.7522557081089
1000
-1000
0
0
0
0
-1000
-25.1812810143524
-1000
-17.9688642473554
-997.229292628427
-6.80171033712679
-15.7834106582186
-1.23994344870766
-54.9950972671677
-44.1782822779016
0
0
-1000
-11.094678337991
0
1000
0
0
669.585550670739
-1000
0
0
0
0
0.242092143542322
0
1000
0
0
0
0
0
0
0
0
0
0
-0.00238474701211544
8.31077421423242
-8.31315896124454
0
-343.418760762651
343.418760762651
0
0
0
0
0
0
0
0
0
0
0
0
260.069367705765
0
738.351489112419
0
0
1000
-1000
247.885072279612
-0.00238474701211544
-0.00238474701211544
-0.657280054512626
0
0
0
-0.00238474701211544
0
-0.00238474701211544
0
0
0
-0.00238474701211544
0
0
0
-0.00238474701211544
0
0
0
0
0
-0.00238474701211544
0
0
0
0
0
999.956192658207
0
0
0
0
0
-0.00238474701211544
0
0
0
0
0
0
0
-727.80665592909
0
0
0
-1000
0
1000
0
0
-0.00238474701211544
0
0
0
0
0
0
0
0
0
0
0
0
0
0
-647.75025347552
-2.08718357940973
-0.313167972969609
-1000
-1000
0
0
0
0
0
0
0
0
1.6229505236081
343.418760762651
0
0
0
0
0
-2.62591175407408
0
0
0
0
1000
1000
247.993690593705
0
0
282.157496103471
752.006309406295
0
0
0
465.456820963282
0
0
0
0
0
-1000
-1000
0
0
0
0
0
-1000
0
0
0
0
0
-1000
999.997615252988
0
0
0
0
0
0
-1000
-1000
1000
-3.64082897704861
0
0
-465.456820963282
0
0
0
0
0
0
0
0
1000
0
-0.0991549826619575
-0.000972107673192113
-0.263198152507016
-501.754791031762
-0.0143385881790437
0
-105.488019181812
-0.0522507874321718
-0.0279480956032785
0
0
0
96.3607703202388
0
-0.000972107673192113
-978.426258276869
-0.000972107673192113
-0.000972107673192113
-0.000972107673192113
-0.00704778063038702
0
-0.000972107673192113
-0.339898498428965
0
0
-9.86063166589247
0
0
-0.000972107673192113
-0.0312036057985097
0
-0.000972107673192113
-0.000972107673192113
-0.000972107673192113
-0.000972107673192113
0
0
-0.0607567295722902
0
0
0
-1000
1000
0
0
-1000
1000
-0.00238474701211544
0
750
-750
0
0
0
-1000
0
0
0
0
0
0
0
0
0
0
0
0
0
0
0
0
0
0
0
-722.969322305218
722.969322305218
-1000
1000
1000
0
-1000
-1000
0
0
0
-0.000972107673192113
-0.000972107673192113
0
0
0
0
978.426258276869
-733.543577432462
733.434959118369
1000
0.01430848207292
0
0
0
0
0
1000
0
-1000
0
0
0
0
0
0
0
0
0
0
0
0
0
0
0
0
0
0
0
0
0
0
0
0
0
0
0
0
0
0
0
0
0
0
0
0
0
0
0
0
0
0
0
0
0
0
0
0
0
0
0
0
0
0
0
0
0
0
0
0
0
0
0
0
0
0
0
0
0
0
-0.000972107673192113
0
0
0
0
0
0
0
0
0
0
0
0
0
0
0
0
0
0
0
0
0
0
0
0
0
0
0
0
0
0
0
0
0
0
0
0
0
0
0
0
0
0
0
0
0
0
0
0
0
0
0
0
0
0
0
0
0
0
0
0
0
0
0
0
0
0
0
0
0
0
0
0
0
0
0
0
0
0
0
0
0
0
0
0
0
0
0
0
0
0
0
0
0
0
0
0
0
0
0
0
0
0
0
0
0
0
0
0
0
986.126463524683
0
0
0
0
0
0
0
0
0
0
0
0
0
0
0
0
0
0
0
0
0
0
0
0
988.437061609502
0
0
0
0
0
0
0
0
0
0
0
0
0
0
0
0
0
0
0
0
0
0
0
0
0
0
0
0
0
0
0
0
0
0
0
0
0
0
0
0
0
0
0
0
0
0
0
0
0
0
0
0
0
0
0
0
0
0
0
0
0
0
0
0
0
0
0
0
0
0
0
0
0
0
0
0
0
0
0
0
0
0
0
0
0
0
0
0
0
0
0
0
0
0
0
0
0
0
0
0
0
0
0
0
0
0
0
0
0
0
0
0
0
0
0
0
0
0
0
0
0
0
-999.956192658207
0
1000
0
0
0
988.265152455322
0
0
0
0
0
0
0
0
0
0
0
0
0
0
0
0
0
0
999.966661928001
0
0
0
0
0
978.426258276869
0
-352.266439753566
0
0
-0.00238474701211544
0
0
0
0
0
0
0
0
-999.983334420156
0
0
0
0
0
0
0
0
0
0
0
0
0
0
0
0
0
0
0
0
0
0
0
0
0
0
0
0
0
0
0
0
0
0
0
0
0
0
0
0
0
0
0
0
0
0
0
0
0
0
0
0
0
0
0
0
0
0
0
0
0
0
0
0
0
0
0
0
0
0
-1000
1000
1000
0
-0.000972107673192113
-0.000972107673192113
-0.000972107673192113
-0.000972107673192113
0
-0.000972107673192113
-0.376448696429748
0
-0.000972107673192113
-0.000972107673192113
-0.000972107673192113
-0.000972107673192113
0
-0.000972107673192113
-0.000972107673192113
-0.000972107673192113
-0.000972107673192113
-0.000972107673192113
-0.000972107673192113
-0.000972107673192113
0
-0.000972107673192113
-0.000972107673192113
-0.000972107673192113
0
-1000
57.6025848344823
0
1000
0
0
0
0
0
0
0
0
0
0
0
