0
0
0
0
0
0
0
286.313226031702
-1000
0
0
0
0
199.292697767587
0
0
999.742867523647
-999.742867523647
999.940985989034
0
0.0590140109663659
0
-1000
0.37094521178858
0
1000
-201.764906193719
0
-35.8386970970665
0.0125961653189844
0
0
0
0
0
0.028890623362438
0
0
0
35.4136375454835
0
0
0
0
0
0
0
0
0
0
0
0
0
0
0
0
0
0
0
0
0
360.931261309007
0
0
0
0
0
0
35.8386970970664
0
0
0
0
1000
1000
0
0
0
0
35.8386970970665
0
-1000
0
0
0
0
0
0
0
0
0
0
0
0
0
0
0.00360936630818074
0.00360936630818287
0
0
0
0.00360936630818287
-0.00360936630818287
0
0
0
-0.00360936630818287
1000
0
0
0
0
0
0
0
0
0
0
0
0
0
0
0
0
0
0
0
0
0
0
0
0
711.321031822239
0
0
1000
0
0
0
0
0
0
1000
0
0
0
0
-14.7743184976239
0
0
0
0
-1000
0
0
0.00900772287345977
1000
0
0
-145.781804344437
255.688897693633
1000
401.462271465075
0
948.706347274587
0
-1000
401.462271465075
600.754969232662
1000
-800.707302232413
0
948.706347274587
1000
0
0
0.00900772287343443
0
0
1000
-1000
0
0
0
0
0
-3.97015908744311
0
0
0
0
0
0
3.97437437394058
744.311102306367
-1000
0
0
0
0
0
0
0
0
1000
996.025625626059
0
0
0
0
-1000
0
-999.995784713502
0
0
0
0
0
0
0
0
0
0
0
-1000
0
0
-1000
998.758143468358
0
0
0.465555944098676
0
0.698333916148014
0.0779666713956431
0
0
1000
0
0
0
-1000
0
1000
0
0
0
0
0
0
0
0
0
0
-1000
0
-946.457430907519
1000
159.087055400912
-1000
1000
-1000
1000
-1000
1000
-0.975812233451734
999.534444055901
0.698333916148044
0
-1000
1000
1000
1000
1000
0
0
1000
0
0.181257319396695
0
-0.18125731939665
0
0.00179945218842634
0
0
0
0
0
0
0
0
999.044533607498
0
497.347695092932
0
0
0
0
0
0
-348.989009477473
0
1000
0.396019845698106
651.010990522527
0
1000
0
-0.18125731939665
0
-0.698333916148044
0
0
0.698333916148044
0
0
0
0
0
0
0
0
0.698333916148044
0
0
0
1000
0.698333916148044
0
-1000
-0.975812233451734
0
0
0.00360936630848604
0
2.26115203900395
0
0
0
0
0
0
0
0
0
0
348.989009477473
0
0
0
2.32777972049338
0
9.79934234394966
0
0
0
0
0
0
0
0
53.7069652658872
846.487888001943
1000
-664.408578234776
-1000
1000
-1000
-1000
0
166.593527745557
1000
-1000
1000
0.465555944098696
1000
0
-1000
0
0
0
0
-1000
0
1000
-1000
-1000
-1000
1000
0
0
1000
0
0
0
0
0
0
0
0.97581223345171
-1000
1000
1000
-1000
1000
-1000
-1000
-1000
-667.344680029753
1000
0
1000
1000
-1000
0
-333.04290924295
-1000
1000
-1000
-1000
1000
-5.56628189685421
-1000
1000
1000
0
0
0
0
0
0
0
0
-744.311102306367
0
0
0
1000
-348.309987850643
0
0
0
-29.7002722279166
0
0
0
0
0
0
0
0.675412260521966
0
0
0
0.675412260521966
0
0
0
0.00360936630818074
0
785.827685010612
214.172314989388
-1000
0
0
1000
0
0
0
0
0
0
0
0
428.971897233372
356.85578777724
0
0
0
0
0
0
0
0
0
0
0
1000
0
0
0
0
0
-1000
1000
0
0
0
0
0
0
0
0
0
0
0
1000
999.996390633692
0.105382162439923
0.105382162439923
0
-999.301666083852
0
0
0
0
0
0
0
0
0
0
0
0
0
0
0
0
0
0
0
0
0
0
0
0
0
0
0
0
0
0
0
0
0
0
0
0
0
0
0
0
0
0
0
0
0
0
0
0
0.164396173406301
0
0
0
1000
0
1000
0
1000
0
0
-1000
0
0
0
0
0
0
0
0
0
0
0
0
0
0
0
0
0
0
0
0
0
0
0
0
0
0
0
0
-825.344883145082
0
0
0.164396173406301
0
0
0
0
0
0
0
0
0
1000
0
0
0
0
0
0
0
0
0
0
0
0
0
0
0
0
0
0
0
0
0
0
0
0
0
0
0
0
0
0
0
0
0
-1000
0
0
0
0
0
0
0
0
0
0
0
0
0
32.6523258526867
0
32.6523258526867
0
0
0
0
0
0
0
0
0
0
0
0
0
0
0
0
0
0
0
0
0
-1000
0
0.00421528649759756
0
0
0
0
0.762966856065158
0.762966856065158
0
34.5217884137328
0
0
0
0
0
0
0
0
0
0
0
0
0
0
0
0
0
0
0
0
0
0
0
0
0
-1000
0
0
0
-999.996390633692
0
0
-1000
0
0
0
0
2.19194897875073
0
0
2.19194897875073
0
0
0
0
0
0
0
0
0
0
2.19194897875073
0
2.19194897875073
0
0
0
13.0759974402078
37.2735727744002
23.8253049444356
17.4501745198503
25.872792088098
8.51568516568694
19.9164658519891
36.4359643974474
33.5508688768322
10.609706108069
20.5679390340636
42.3922906335563
33.457801279393
10.3305033157514
17.1244379288131
23.7322373469964
30.7588409536561
24.8955823149864
4.56031227452088
31.0380437459737
0
0
0
0
0
0
0
0
0
0
0
0
0
0
0
0
0
0
0
0
0
0
0
0
0
0
0
0
0
0
0
0
0
0
0
0
0
0
0
0
0
0
0
0
0
0
0
0
0
0
0
0
0
0
0
0
0
0
0
0
0
0
0
0
0
0
0
0
0
0
300.784913523677
0
0
0
0
0
0
0
0
0
0
0
0
0
0
0
0
0
0
0
0
0
0
0
-1000
0
0
0
0
0
-153.512111998057
-153.512111998057
1000
1000
0
0
0
0
0
277.69937555842
0
-29.7002722279166
-277.851125872334
-277.851125872334
-1000
0
-691.989135671511
0
-692.107163693444
1000
277.707806131416
1000
1000
0
0
722.30062444158
0
-1000
-1000
-1000
0
308.010864328489
0
0
0
691.989135671512
0
0
0
0
0
0
0
0
0
0
0
-1000
154.491533597816
1000
1000
0
500
250.001496492094
2.51262755111297
5
0
0
0
0
0
0
35.7891532539627
0
345.99563686589
0
0
-0.00147130604023005
0
0
0
0
-0.00147130604023005
274.226006865301
153.468799602358
0
-0.00147130604023005
0.00147130604023005
-0.00147130604023005
-0.55304830579712
0
-0.0919566275149464
0.568291958042222
-1000
-0.00147130604023005
0.00147130604023005
-0.00147130604023005
-0.00147130604023005
0.00147130604023005
-0.00147130604023005
0.00147130604023005
-0.00147130604023005
-0.00147130604023005
-0.00147130604023005
-0.00147130604023005
-0.00147130604023005
-0.00147130604023005
-0.00147130604023005
-0.00147130604023005
-0.00147130604023005
-0.00147130604023005
-0.00147130604023005
-0.0308974268450584
-0.0100940811042847
-0.0423000486568981
-0.0426678751668987
-0.0217017640935637
0.00147130604023005
35.7906245600029
-0.10586513610474
0.00147130604023005
0.00147130604023005
0.00147130604023005
0.00147130604023005
-0.704387766764285
-0.0106669687917247
-0.0790826996628766
-0.398356110394616
-0.00154020483262229
0.00147130604023005
0.00147130604023005
0.0139774073822991
0.00147130604023005
0.00147130604023005
-0.00147130604023005
0
0
0
0
0
0
0
0
0
0
0
0
0
0
0
0
0
0
0
0
0
0
0
0
0
0
0
0
0
0
0
0
0
0
0
0
0.000898418352790031
0
0
0
0
0
0
0
0
0
0
0
0
0
0
0
0
0
0
0
0
0
0
0
0
0
0
0
0
0
0
0
0
0
0
0
0
0
0
0
0
0
0
0
0
0
0
0
0
0
0
0
0
0
0
0
0
0
0
0
0
0
0
0
0
0
0
0
0
0
0
0
0
0
0
0
0
0
0
0
0
0
0
0
0
0
0
0
0
0
0
0
0
0
0
0
0
0
0
0
0
0
0
0
0
0
0
0
0
0
0
0
0
0
0
0
0
0
0
0
0
0
0
0
0
0
0
0
0
0
0
0
0
0
0
0
0
0
0
0
0
0
0.00147130604023876
0.00147130604023876
345.99857947797
0
0
0
0
0
0.00147130604023876
0.00147130604023876
0
0
0
0
0
0
0
0
0
0
0
0
0
0
0
0
0
0
0
0
0
0
0
0
0
0
0
0
0
0
0
0
0
0
0
0
0
0
0
0
0
0
0
0
0
0
0
0
0
0
0
0
0
0
0
0
0
0
0
0
0
0
0
0
0
0
0
0
0
0
0
0
0
0
0
0
0
0
0
0
0
0
0
0
0
0
0
0
0
0
0
0
0
0
0
0
0
0
0
0
0
0
0
0
0
0
0
0
0
0
0
0
0
0
0
0
0
0
0
0
0
0
0
0
0
0
0
0
0
0
0
0
0
0
0
0
0
0
0
0
0
0
0
0
0
0
0
0
0
0
0
0
0
0
0
0
0
0
0
0
0
0
0
0
0
0
0
0
0
0
0
0
0
0
0
0
0
0
0
0
0
0
0
0
0
0
0
0
0
0
-1000
0
0
0
0
0
0
0
0
0
0
0
0
0
0
0
0
0
0
0
0
0
0
0
0
0
0
0
0
0
0
0
0
0
0
0
0
0
0
0
0
0
0
0
0
0
0
0
0
0
0
0
0
0
0
0
0
0
0
0
0
0
0
0
0
0
0
0
0
0
0
0
0
0
0
0
0
0
0
0
0
0
0
0
0
0
0
0
0
0
0
1000
1000
0
0
0
0
0
0
0
0
0
0
0
0
0
0
0
0
0
0
-1000
0
-1000
0
0
0
0
0
0
0
1000
1000
0
0
0
0
0
0
0
0
0
0
0
0
0
0
0
0
0
0
0
0
0
0
0
0
0
0
0
0
0
0
0
0
0
0
0
0
0
0
0
0
0
0
0
0
0
0
0
0
0
0
0
0
0
0
0
0
0
0
0
0
0
0
0
0
0
0
0
0
0
0
0
0
0
0
0
0
0
0
0
0
0
0
0
0
10.7341817906547
0
0
0.00147130604023005
0
1000
0
0
345.99710817193
0
276.330519319425
-0.00147130604023005
153.468799602358
0
0
0
0.000898418352790031
0
0
-1000
1000
0
0
0
0
0
0
0
0
0
0
0
0
0
-1000
0.000898418352790031
0
0
0
0.00360936630818287
0
0
0
0
0
0
0
-0.00360936630818287
0
0
0
0
0
35.7891532539627
1000
0
0
0
0
-760.210109012915
-999.978343802151
-0.0216561978490972
0
0
0.00147130604023005
-0.00147130604023005
0
0
346.050443015889
-346.050443015889
-1000
0
0
0
-345.99710817193
-345.99710817193
-1000
0
-641.122910278976
-358.877089721024
-1000
0
-846.531200397642
-153.468799602358
-791.248624121639
0
0
0
0
0
-1000
0
1000
0
0
0
-1000
1000
-1000
0
0
0
-1000
0
0
0
1000
0
0
0
0
0
0
0
0
0
0
0
0
0
0
0
0
0
0
0
-1000
1000
-1000
0
-1000
0
-1000
0
-1000
0
0
0
0
0
0
0
0
0
-1000
0
-1000
0
-1000
0
1000
0
1000
0
-1000
0
0
0
0
0
0
0
0
0
0
-749.475927222261
-250.524072777739
35.7891532539627
-35.7891532539628
0
0
0
0
0
0
0
0
0
0
0
0
0
0
0
0
0
0
0
0
0
0
0
0
0
0
0
0
0
0
0
0
0.000898418352790031
-0.000898418352790031
0
0
0
0
0
0
0
0
0
0
0
0
0
0
0
0
0
0
0
0
0
0
0
0
0
0
0
0
0
0
0
0
0
0
0
0
0.000898418352790031
-0.000898418352790031
0
0
0
0
0
0
-0.00360936630818287
-0.00360936630818287
0
0
0
0
0
0
0
0
0
0
0
0
0
0
0
0
0.00360936630818287
0.00360936630818287
0
0
0
0
0
0
0
0
0
0
0
0
0
0
0
0
0
0
0
0
0
0
0
0
0
0
0
0
0
0
0
0
0
0
0
0
1000
0
0
0
0
0
0
0
1.18215987965593
0.00360936630818074
0
0
0
0
0
0
0
0
0.148740765001474
0
0
0
0
0
0
0
0
0
0
0
0
0
0
0
0
0
0
0
0
0
0
0
0
0
0
0
0
0
0
0
0
0
0
0
0
0
0
0
0
0
0
0
0
0
0
0
0
0
0
0
346.050443015889
346.050443015889
346.050443015889
0
0
0
0
345.99563686589
345.99563686589
0
0
0
0
0
0
0
0
0
0
0
0
0
0
0
0
0
0
0
0
0
0
0
0
0
0
0
0
0
0
0
0
0
0
0
0
0
0
0
0
0
0
0
0
0
0
0
0
0
0
0
0
0
0
0
0
0
0
0
0
0
0
0
0
0
0
0
0
0
0
0
0
0
0
0
0
0
0
0
0
0
0
0
0
0
0
0
0
0
0
0
0
0
0
0
0
0
0
0
0
0
0
0
0
0
0
345.99710817193
345.99710817193
345.99710817193
345.99710817193
-345.99710817193
0
0
0
0
0
0
0
0
0
0
0
0
0
0
0
0
0
0
0
0
0
0
0
0
0
0
0
0
0
0
0
0
0
0
0
0
0
0
0
0
0
0
0
0
0
0
0
0
0
0
0
0
0
0
0.00360936630818074
0.00360936630818074
0.00360936630818074
0.00360936630818074
0.00360936630818074
0
0
0
0
0
0
0
0
0
0
0
0
0
0
0
0
0
0
0
0
0
0
0
0
0
0
0
0
0
0
0
0
0
0
0
0
0
0
0
0
0
0
0
0
0
0
14.7743184976239
14.7743184976239
-14.7743184976239
4.9163509778222
-2.45637080575705
2.45637080575701
2.45637080575701
2.45637080575701
2.45637080575701
2.45637080575701
2.45637080575701
2.45637080575701
2.45637080575701
2.45637080575701
2.45637080575701
0
2.45637080575701
2.45637080575705
2.45637080575701
2.45637080575701
2.45637080575701
2.45637080575701
2.45637080575701
2.45637080575701
0
0
0
2.45637080575701
2.45637080575701
0
2.4491729970033
0
0
0
0
0
0
0
0
0
0
0
0
0
0
0
0
14.7743184976239
14.7743184976239
4.9163509778222
4.9163509778222
0
0
0
0
0
0
0
0
0
0
0
0
0
0
0
0
0
0
0
0
0
0
0
0
0
0
0
0
0
0
0
0
0
0
0
0
0
0
0
0
0
0
0
0
0
0
0
0
0
0
0
0
0
0
0
0
0
0
0
0
0
0
0
0
0
0
0
0
0
0
0
0
0
0
0
0
0
0
0
0
0
0
0
0
0
0
0
0
0
0
0
0
0
0
0
0
0
0
0
0
0
0
0
0
0
0
0
0
0
0
0
0
0
0
0
0
0
0
0
0
0
0
0
0
0
0
0
0
0
0
0
0
0
0
0
0
0
0
0
0
0
0
0
0
0
0
0
0
0
0
0
0
0
0
0
0
0
0
0
0
0
0
0
0
0
0
0
0
0
0
0
0
0
0
0
0
0
0
0
0
0
0
0
0
0
0
0
0
0
0
0
0
1.18215987965593
1.20738359608788
1.20738359608788
0
0
0
0
-1.20738359608788
0
0
0
0.025223716431953
0
0
1000
0
0
0
0
0
0
0
0
0
0
0
0
0
0
0
0
0
0
0
0
0
0
0
0
0
0
0
0
0
0
0
0
0
0
0
0
0
0
0
0
0
0
0
1.20738359608788
0
0
0
0
0
0
0
0
0
0
0
0
0
0
0
0
0
0
0
0
0
0
0
0
0
0
0
0
0
0
0
0
0
0
0
0
0
0
0
0
0
0
0
0
0
0
0
0
0
0
0
0
0
0
0
0
0
0
0
0
0
0
0
0
0
0
0
0
0
0
0
0
0
0
0
0
0
0
1.18215987965593
0.00360936630818074
0
0
0
0
0
0
0
1.55628551856824
0
0
0
0.97581223345171
0.97581223345171
0.97581223345171
0
0
0
0
0
0
1.33451001096558
0
0
0
0.00360936630818074
0
0
0
0
-1.33451001096557
1.33451001096558
0
0
0
0
0
0
0
14.5578681130672
0
0
0.243389857726434
0
0.221775507602661
0
0
0
0
0
0
0
0
0
0
10.880499251254
10.880499251254
10.880499251254
0
0
0
0
-0.148740765001435
0
0
0
0
0
0
0
0
0
0
0
0
0
0
0
0
0
0
0
0
0
0
0
0
0
0
0
0
0
0
0
0
0
0
0
0
0
0
0
0
0
0
0
0
0
0
0
0
0
0
0
0
0
0
0
0
0
0
0
0
0
0
0
0
0
0
0
0
0
0
0
0
0
0
0
0
0
0
0
0
0
0
0
0
0
0
0
0
0
0
0
0
0
0
0
0
0
0
0
0
0
0
0
0
0
0
0
0
0
0
0
0
0
0
0
0
0
320.433308700069
0
0
320.433308700069
320.433308700069
0
0
0
0
0
0
0
0
0
0
0
0
0
0
0
0
0
0
0
0
0
0
0
0
0
0
0
0
0
0
0
0
0
0
0
0
0
0
0
0
0
0
0
0
0
0
0
0
0
0
0
0
0
0
0
0
0
0
0
0
0
0
0
0
0
0
0
0
0
0
0
0
0
0
0
0
0
0
0
0
0
0
0
0
0
0
0
0
0
0
0
0
0
0
0
0
0
0
0
0
0
0
0
0
0
0
0
0
0
0
0
0
0
0
0
0
0
0
0
0
0
0
0
0
0
0
0
0
0
0
0
0
0
0
0
0
0
0
0
0
0
0
0
0
0
0
0
0
0
0
0
0
0
0
0
0
0
0
0
0
0
0
0
0
0
0
0
0
0
0
0
0
0
0
0
0
0
0
0
0
0
0
0
0
0
0
0
0
0
0
0
0
0
0
0
0
0
0
0
0
0
0
0
0
0
0
0
0
0
0
0
0
0
0
0
0
0
0
0
0
0
0
0
0
0
0
0
0
0
0
0
0
0
0
0
0
0
0
0
0
0
0
0
0
0
0
0
0
0
0
0
0
0
0
0
0
0
0
0
0
0
0
0
0
0
0
0
0
0
0
0
0
0
0
0
0
0
0
0
0
0
0
0
0
0
0
0
0
0
0
0
0
0
0
0
0
0
0
0
0
0
0
0
0
0
0
0
0
0
0
0
0
1000
0
0
0
0
22.9736367565784
0
0
0
0
0
0
0
0
0
0
0
0
0
0
0
0
0
0
0
0
0
0
0
0
0
0
0
0
0
0
0
0
0
0
0
0
0
0
0
0
0
0
0
0
0
0
0
0
0
0
0
0
0
0
0
0
0
0
0
0
0
0
0
0
0
0
0
0
0
0
0
0
0.164396173406301
0.164396173406301
0
0
0
0.164396173406317
0.164396173406301
0
-246.799011040028
0
0
0
0.0252917189855819
0
0
0
0
0
0
246.799011040028
0
0
0
0
0
0
0.994807613433014
0
0
0
0
0
0
0.994807613433014
0.994807613433014
0.994807613433014
0.994807613433068
0
0
0
0
0
0
0
0
0
0
0
0
0
0
0
0
0
0
0
0
0
0
0
0
0
0
0
0
0
0
0
0
0
0
0
0
0
15.2779632896214
15.2779632896214
0
0
0
0
0
0
0
0
0
0
0
0
0
0
0
0
0
0
0
0
0
0
0
0
0
0
0
0
0
0
0
0
0
0
0
0
0
0
0
0
0
0
0
0
0
0
0
0
1000
348.587182184563
-1000
0
0
0
-1000
1000
1000
0
0
0
0
-1000
347.888848268415
0
0
0
0
0
0
0
0
0
0
0
0
0
0
0
0
0
0
0
0
0
0
0
0
0
0
0
0
0
0
0
0
0
0
0
0
0
0
0
0
-1000
0
0
12.5821463310048
0
0
0
0
0
0
0
0
0
0
0
0
0
0
-999.996390633692
999.996390633692
1000
999.996390633692
1000
-1000
-1000
0
0
0
0
0
0
0.00360936630818287
0
0
0
0
0
0
0
0
0
0
0
0
0
0
0
0
0
87.4367827789767
0
0
0
0.0144060794387388
0
0.00360936630818074
0.0216143501237722
1000
0.00179945218842634
0.00179945218842634
0.00360936630818287
0
0.0126066272503125
0.00179945218842634
0.0270231686203503
-0.00179945218837929
0.00179945218842634
0.00179945218842634
0.00179945218842634
0.00179945218842634
0.00179945218842634
-0.00179945218837929
-0.00359890437687227
0.00179945218842634
0.00179945218842634
0.00179945218837929
0.00179945218842634
-999.954950923701
-0.00540881849656216
999.953151471513
0.00360936630818287
0.00179945218842634
0.00179945218842634
0.00360936630818074
0.00360936630818074
-0.00360936630818287
-0.00360936630818287
0.00360936630818287
0.00360936630818287
0.00179945218842634
0.00179945218842634
0.00179945218842634
0.00179945218842634
-0.00540881849656216
-999.974776283568
0
0
0
0
0
0
-380.537564754793
0
0
0
0.00360936630818074
0
0
0
0
0.00180468315409037
0.00360936630818287
0.00360936630818287
0
0
0
0
0.00360936630818074
0.00360936630818074
0
0
0
0
0.00719780875370537
0.00179945218842634
0.00539835656527903
0.00179945218842634
-0.00179945218837929
0.00179945218842634
0.00179945218842634
0.00179945218842634
0.00179945218842634
0.00179945218842634
0.00179945218842634
0.00359890437685268
0.00179945218842634
0.00179945218842634
0.00179945218842634
0.00179945218842634
0.00179945218842634
0
0.00179945218842634
0.00360936630818074
0.00360936630818074
0.00360936630818074
0.00360936630818074
0.00360936630818074
0.00360936630818074
0.00360936630818074
0.00360936630818074
0.00360936630818074
0.00360936630818074
0.00360936630818074
0.00360936630818074
0.00360936630818074
0.00360936630818074
0
0
0
0
0
0
0
0
0
0
0
0
-0.00360936630818287
0
0
0
0
0
0
0
0
0
0
0
0
0
0
0
0
0
0
0
0
0
0
0
0
0
0
0
0
0
0
0
0
0
0
0
0
0
0
0
0
0
0
0
0
0
0
0
0
0
0
0
0
0
0
0
0
0
0
0
0
0
0
0
0
1000
35.7891532539628
0
0
0
0
0
0.00360936630818074
0
0
0
0
0
0
0
0
0
0
0
0
0
0
0
0
0
0
0
0
0
-134.109738196868
0
0
0
-35.7891532539628
0
-345.99563686589
0
0
0
0.00147130604023876
0
0
0
0
0
0
0
0
0
0.00147130604023876
0
0
274.226006865301
0
0
0
0
0.00147130604023876
0
0.00147130604023876
0
0.00147130604023876
0
0.553048305797097
0
0
0
0.0919566275149227
0
0.568291958042222
0
0
0
0.00147130604023876
0
0.00147130604023876
0
0.00147130604023876
0
0.00147130604023876
0
0.00147130604023876
0
0.00147130604023876
0
0.00147130604023876
0
0.00147130604023876
0
0.00147130604023876
0
0.00147130604023876
0
0.00147130604023876
0
0.00147130604023876
0
0.00147130604023876
0
0.00147130604023876
0
0.00147130604023876
0
0.00147130604023876
0
0.00147130604023876
0
0.00147130604023876
0
0.030897426845014
0
0.0100940811042894
0
0.0423000486568644
0
0.0426678751669241
0
0.0217017640935217
0
0.00147130604023876
0
35.790624560003
0
0.105865136104775
0
0.00147130604023876
0
0.00147130604023876
0
0.00147130604023876
0
0.00147130604023876
0
0.704387766764308
0
0.010666968791731
0
0.0790826996628335
0
0.398356110394645
0
0.00154020483265492
0
0.00147130604023876
0
0.00147130604023876
0
0.0139774073822682
0
0.00147130604023876
0
0.00147130604023876
0
0.00147130604023876
0
0
-1000
0
0
0.025223716431924
0
0
0
0
0
0
-32.6523258526867
-1000
-278.137477381987
0
0.994807613433014
-223.040181207255
1000
-1000
0
13.9434532786559
153.663295429595
1000
-1000
0
0
1000
0
0
0
0
491.833612130612
-1000
0
0
0
0
348.989009477473
1000
0
0
0
0
-3.23696427245568
1000
1000
-0.00360936630818287
0
0
0.0125961653189961
1000
-348.989009477473
-1000
-1000
776.959818792745
0
751.228277784702
1000
0
-1000
0
0
1000
1000
-226.176354760742
1000
0
1000
0
0
-1000
1000
-1000
1000
0
0
0
0
0
-1000
0
0
0
0
0
0
0
0
0
0
0
1000
0
0
0
0
0
863.873792560045
0
0
0
0
1000
0
0
0
0
0
0
0
0
927.420646525229
-1000
33.8532692582144
-1000
1000
-1000
-4.19352568043519
-1000
-1000
1000
-863.239114533717
-1000
1000
-1000
-1000
-1000
-1000
-1000
-1000
1000
1000
-1000
-1000
34.4426133892696
-1000
1000
1000
1000
1000
-1000
1000
1000
27.6255230348684
1000
-1000
-1000
-1000
54.9618595435356
-1000
-1000
-1000
1000
-1000
-1000
-1000
-1000
-1000
-1000
-1000
-1000
-1000
-1000
-1000
1000
-178.587243591527
-1000
-1000
-1000
-1000
-1000
-1000
-1000
26.5311134760543
-1000
808.277254990181
-1000
-1000
-1000
131.832866998607
-1000
-1000
-1000
-1000
1000
1000
-1000
-10.2945360676731
-1000
-1000
-1000
1000
-1000
1000
-1000
-1000
-1000
1000
1000
-1000
-1000
1000
1000
-1000
-1000
1000
1000
1000
1000
-1000
-1000
-1000
-1000
-1000
-1000
1000
-968.591011042238
-1000
-1000
1000
1000
1000
1000
-191.722745009819
1000
1000
1000
-1000
-1000
1000
-1000
1000
1000
1000
-356.85578777724
1000
761.939150768713
-1000
-238.060849231287
0
0
0
0
0
0
0
0
0
0
0
0
0
0
0
0
0
0
0
0
0
0
0
0
0
0
0
0
0
0
0
0
0
0
0
0
0
0
0
0
0
0
0
0
0
0
0
0
0
0
0
0
0
0
0
0
0
0
0
0
0
0
0
0
0
0
0
0
0
0
0
0
0
0
0
0
0
0
0
0
0
0
0
0
0
0
0
0
0
0
0
0
0
0
0
0
0
0
0
0
0
0
0
0
0
0
0
0
0
0
0
0
0
0
0
0
0
0
0
0
0
0
0
0
0
0
0
0
0
0
0
0
0
0
0
0
0
0
0
0
0
0
0
0
0
0
0
0
0
0
0
0
0
0
0
0
0
0
0
0
0
0
0
0
0
0
0
0
0
0
0
0
0
0
0
0
0
0
0
0
0
0
0
0
0
0
0
0
0
0
0
0
0
0
0
0
0
0
0
0
0
0
0
0
0
0
0
0
0
0
0
0
0
0
0
0
0
0
0
0
0
0
0
0
0
0
0
0
0
0
0
0
0
0
0
0
0
0
0
0
0
0
0
0
0
0
0
0
0
0
0
0
0
0
0
0
0
0
0
0
0
0
0
0
0
0
0
0
0
0
0
0
0
0
0
0
0
0
0
0
0
0
0
0
0
0
0
0
0
0
0
0
0
0
0
0
0
0
0
0
0
0
0
0
0
0
0
0
0
0
0
0
0
0
0
0
0
0
0
0
0
0
0
0
0
-1000
0
-1000
1000
1000
1000
-865.890261803132
1000
-1000
-1000
1000
-1000
1000
1000
1000
1000
0
-1000
-1000
-1000
1000
1000
-1000
1000
-1000
-1000
-1000
-1000
1000
-1000
-134.109738196868
-1000
-1000
-1000
-1000
1000
1000
0
997.634257853941
-1000
-1000
1000
-1000
-1000
0
1000
-1000
-134.109738196868
-1000
-1000
-1000
-1000
134.109738196868
-1000
-1000
0
0
0
0
0
0
0
0
0
0
0
0
0
0
0
-1000
-1000
-651.407010368225
1000
0
0
0
0
1000
1000
0
0
0
0
0
0
0
0
0
-0.00360936630818287
0.00360936630818074
0
0
-0.00360936630818287
-0.00360936630818287
0
0
0
0
0
0
0
0
0
0
0
0
0
0
0
0
0
0
0
0
0
0
0
0
0
0.00360936630818074
0
0
-1000
-1000
1000
-619.462435245207
-1000
0
0
0
0
-0.00360936630818287
0
0
0
0
0
246.799011040028
0
0
0
0
0
0
0
0
0
0
0
0
0
0
0
-360.931261309007
0.00360936630818074
0
0
0
0.0906286596983476
-377.642831922803
0
0
0
0
0
0
1000
-0.00360936630818287
1000
0
0
0
12.5821463310048
0
0
0
0
0
0
0
0
0
0
0
0
0
0
0
0
0
0
0
0
0
0
0
0
0
0
0
0
0
0
0
0.00360936630818074
0
0
0
0
0
1000
0
0
0
-345.99563686589
0
1.95162446690342
0
0
0
0
0.00539835656527903
1000
0
-1000
0
0
0
0
0
0
0
0
0
0
0
0
0.00360936630818287
-969.840261543845
691.989135671512
344.044012398987
711.321031822239
0
0
0
1000
1000
0
0
0
0
0
0.00360936630852393
0
0
1000
0
0
0
0
919.961748505559
0
0
0
0
0
-1000
0
-1000
1000
0
0
0
0
0
0
0
0
0
0
143.717062377387
-143.717062377387
-856.282937622613
0
0
214.172314989388
0
0
0
0
0
0
0
785.827685010612
0
1000
0
998.055594265712
0
0
0
0
0
0
0
0
0
0
0.97581223345171
0
0.00360936630818074
-0.00360936630818287
0.00360936630818074
0.00360936630818074
0
0
0.00360936630818287
1000
0
0
0.975812233451734
0
0
-0.0108280989245486
-1000
-998.055594265712
-1000
-1000
0
1000
0
0
1000
-1000
-1000
-1000
0
0
0
0
0
0
0
0
0
0
0
0
0
0
0
0
0
0
0
0
0
0
0
0
1000
0
0
0
0
0
0
0.00179945218842634
0
0
0
0
0
0
0
0
0.00360936630818074
0
0
0
0
0
0
0
0
35.7891532539627
0
-286.313226031702
0
0
0
0
0
0
0
0
0
0
0
0
0
1000
0
0
0
286.313226031702
0
0
0
0
0
0
0
0
0
0
0
0
0
0
0
0
0
0
0
0
0
0
0
0
0
0
0
2.32777972049337
0
0
0
0
0
0
0
0
0
0
0
0
0
0
0
0
0
0
0
0
0
0
0
0
0
0
0
0
0
0
0
0
0
0
0
0
0
0
0
0
0
0
0
0
0
0
0
0
0
0
0
0
0
0
0
0
0
0
0
0
0
0
0
0
0
0
0
0
0
0
0
0
0
0
0
0
0
0
0
0
0
0
0
0
0
0
0
0
0
0
0
0
0
0
0
0
0
0
0
0
0
0
0
0
0
0
0
0
0
-999.987403834681
0
0.00179945218837929
0
0.0198044360040512
0
0
-0.0125961653189961
0
1000
0.016205531627179
0
0
0
0
0
0
0
0
0
0
0
0
0
0
0
0
0
0
0
0.00360936630818074
0.00360936630818074
0.00360936630818074
-1000
-1000
0
-760.210109012915
1000
0
0
0
0
0
1000
1000
0
0
0
0
0
0
0
0
0
1000
-1000
0
704.927532736912
-295.072467263088
-1000
-1000
-1000
-1000
0
1000
0
0
0
0
0
0
0
0
0
0
-1000
0
1000
0.395338948335179
0.00360936630818074
0.00360936630818074
0.00360936630818074
0.00360936630818074
0.00360936630818074
0
0
0
1000
0.0805540057030723
0
0
0
0
0
0
0
0
0
0
0
0
0
0
-1000
0
0
0
0
0
0
1000
-1000
0
1000
1000
1000
-1000
0
0
0
0
0
0
0
0
0
0
0
0
0
0
0
0
0
0
0
0
0
0
0
35.7891532539628
0
0
0
0
0
0
35.7891532539628
0
0
0
0
0
35.7891532539628
0
0
0
0
0
35.7891532539628
0
0
0
0
-652.111151731585
0
0
0
0
0
0
0
0
0
-791.248624121639
0
0
0
0
0
0
0
288.678968177761
1000
-1000
-1000
-1000
-1000
-1000
0
0.0216143501237722
0
0
0
0
-999.818742680603
-1000
-1000
0
246.799011040028
0
0
0
-1000
0
0
0
0
0
0.580473285116531
0.580473285116531
-1000
-999.985604382493
0
0
0
0
0
0
14.9242798212803
0
-1000
0
0
0
0
0
0
0
1000
0.00360936630818074
0
0
0
0
0
0
0
0
-1000
1000
0
0
1000
0
0
0
-1000
0
0
0
-358.877089721024
0
0
0
0
0
-1000
-1000
0
0
0
0
-345.99710817193
0
0
0
0
-126.779927533648
126.779927533648
0
0
0
0
-839.21394694431
1000
0
0
0
-1000
-1000
0
0
866.017686818967
0
0
0
0
0.000898418352797164
0
0
0
0
0
0
0
0
998.055594265712
0
998.055594265712
0
0
0
0
0
0
0
0
0
0
-1000
143.717062377387
-1000
-1000
1000
0
-1000
1000
0
0
0
0
0
0
0
-1000
-22.9736367565785
0
1000
0.00179945218842634
0.00179945218842634
0
1000
0
0
153.468799602358
0
0
0
0
0
0
0
0
0
0
0
0
0
0
0
0
0
0
0
0
0
0
0
0
0
0.00360936630818287
0
0
0
0
0
0
0
0
0
0
0
0
0
0
0
0
0
0
0
0
0
0
0
0
0
0
0
0
0
0
0
0
0
0
0
0
0
0
0
0
0
0
0
0
0
-1000
0
-1000
0
0
0
0
0
0
-1000
0
0
0
0
0
0
0
0
0
0
0
653.949556984111
0
0
0
0
0
0
0
0
0
0
0
0
0
1000
0
0
0
1000
0
0
0
0
0
0
0
0
0
0
0
0
0
0
0
0
0
0
0
0
0
0
0
0
0
0
0
0
0
0
0
0
0
0
0
0
0
0
0
0
345.99563686589
0
0
0
0
0
0
0
0
0
0
0
0
0
0
0
0
0
0
0
0
0
0
0
0
0
0
0
0
0
0
0
0
0
0
0
0
0
0
0
0
0
0
0
0
0
0
0
0
0
0
0
0
0
0
0
0
0
0
0
0
0
0
0
0
0
0
0
0
0
0
0
0
0
0
0
0
0
0
0
0
0
0
0
0
0
0
0
0
0
0
0
0
0
0
0
0
0
0
0
0
0
0
0
0
0
0
0
0
0
0
0
0
0
0
0
0
0
0
0
0
0
0
0
0
0
0
0
0
0
0
0
0
0
0
0
0
0
0
0
0
0
0
0
0
0
-1000
0
0
0
0
0
0
0
0
0
0
0
0
0
0
0
0
0
0
0
0
0
0
649.568782424862
0
0
0
0
-98.5377285349251
0
1000
-174.655116854918
-825.180486971676
0
-1000
0
0
-1000
0
0
0
0
1000
0.0216561978490972
0
0
0
82.5465704015991
0
0
0
0
0
0
0
0
0
0
0
0
0
-32.6523258526867
0
0
0
0
0
0
0
0
0
0
0
0
0
0
0
0
0
0
0
0
0
0
0
0
0
0
0
0
0
0
0
0
0
0
0
0
0
0
0
0
0
0
0
0
0
0
0
0
0
0
0
0
0
0
0
0
0
0
0
0
0
0
0
0
0
0
0
0
0
0
0
0
0
0
0
0
0
0
0
0
0
0
0
0
0
0
0
0
0
0
0
0
0
0
0
0
0
0
0
0
0
0
0
0
0
0
0
0
0
0
0
0
0
0
0
0
0
0
0
0
0
-979.002101743181
0
0
0
0
0
0
0
0
0
0
0
0
0
0
0
0
0
0
0
0
0
0
0
0
-982.499242042178
0
0
0
0
0
0
0
0
0
0
0
0
0
0
0
0
0
0
0
0
0
0
0
0
0
0
0
0
0
0
0
0
0
0
0
0
0
0
0
0
0
0
0
0
0
0
0
0
0
0
0
0
0
0
0
0
0
0
0
0
0
0
0
0
0
0
0
0
0
0
0
0
0
0
0
0
0
0
0
0
0
0
0
0
0
0
0
0
0
0
0
0
0
0
0
0
0
0
0
0
0
0
0
0
0
0
0
0
0
0
0
0
-979.002101743181
-982.499242042178
0
0
0
0
0
0
0
0
0
0
0
0
0
0
0
0
0
153.468799602358
0
0
0
0
0
0
0
0
0
0
0
-1000
0
0
0
0
0.00360936630818287
0.429959222754974
-1000
0
0
0
0
0
0
0
0
0
0
0
0
0
0
0
0
0
0
0
0
0
0
0
0
0
0
0
0
0
0
0
0
0
0
0
0
0
0
0
0
0
0
0
0
0
0
0
0
0
0
0
0
0
0
0
0
0
0
0
0
0
0
0
0
0
0
0
0
0
0
0
0
0
0
0
0
0
0
0
0
0
0
0
0
0
0
0
0
0
0
0
0
0
0
0
0
0
0
0
0
0
0
0
0
0
0
0
0
0
0
0
0
0
0
0
0
0
0
0
0
0
0
0
0
0
0
0
0
0
0
0
0
0
0
0
0
0
0
0
0
0
0
0
0
0
0
0
0
0
0
0
0
0
0
0
0
0
0
0
1000
1000
0
0
0
0
0
0
0
1000
0.00360936630818287
0
428.971897233372
-1000
704.929004042953
0
0
0
0
0
999.949542105205
0
0
0
0
0
0
0
0
0
0
1000
-1000
0
0
0
0
0
0
0
0
0
0
0
0
0
0
0
0
0
0
0
0
0
0
0
0
0
0
0
0
0
0
0
0
0
0
0
0
0
0
0
0
0
0
0
0
0
0
0
0
0
0
0
0
0
0
0
0
0
0
0
0
0
0
0
0
0
0
0
0
0
0
0
0
0
0
0
0
0
0
0
0
0
0
0
0
0
0
0
0
0
0
0
0
0
0
0
0
0
0
0
0
0
0
0
0
0
0
0
0
0
0
0
0
0
0
0
0
0
0
0
0
0
0
0
0
0
0
0
0
0
0
0
0
0
0
0
0
0
0
0
0
0
0
0
0
0
0
0
0
0
0
0
0
0
0
0
0
0
0
0
0
0
0
0
785.822286654047
500
87.1827610671678
0
0
-0.975812233451734
0
0
465.337987196008
19.2848267480575
42.1528649759756
0.104619313280601
87.1827610671678
0
0
0
0
0
0
0
0
0
0
0
0
0
0
0
0
0
0
0
0
0
0
0
0
0
515.5150869285
-380.537564754793
0
-1000
0
651.690012149357
-585.713849253217
0
1000
0
134.134063494947
0
-35.7891532539628
214.734919523777
35.7891532539627
0
0
-3.67826510059695
0
999.994601643435
0.00360936630818074
0
0
0
0
0
0
0
0
0
0
0
0
0
0
0
0
35.7891532539627
0
345.99563686589
0
0
0.0125961653189961
-0.704387766764285
-0.0308974268450584
0
-10.7108729840113
-1000
-42.8222498563113
-1000
-960.333385105654
-17.3309869671954
-26.5311134760543
-4.60246513949687
-31.4089889577623
1000
-1000
0
0
0
0
-1000
-38.1367400855015
-1000
-27.3363365086672
-995.806474319565
24.2272523460597
-23.8885342418996
-1000
-3.03362443150729
966.146730741786
0
0
-1000
0
0
1000
174.873565557953
0
999.818742680603
-1000
0
0
0
0
0
0
1000
-1000
0
-174.873565557953
0
0
0
0
0
0
0
-0.00360936630818287
12.5785369646966
-12.5821463310048
0
0
0
0
0
0
0
0
0
0
0
300.784913523677
-300.784913523677
0
0
1000
0
-2.36574214605866
0
0
-278.137477381987
-1000
246.799011040028
-0.00360936630818287
0
-0.994807613433068
652.111151731585
0
0
-0.00360936630818287
0
-0.00360936630818287
0
0
-87.4367827789767
-0.00360936630818287
0
0
0
-0.00360936630818287
0
0
0
0
0
-0.00360936630818287
0
0
0
0
0
1000
0
0
0
0
0
-32.6523258526867
0
0
0
0
0
0
0
776.959818792745
0
0
0
-865.890261803132
0
1000
0
0
-0.00360936630818287
0
0
0
0
-34.5217884137328
0
0
0
0
0
0
0
0
0
-377.642831922803
-3.23696427245568
-651.407010368225
-1000
-1000
87.4367827789767
0
0
1000
1000
0
0
0
2.45637080575705
300.784913523677
0
0
0
0
0
-1000
0
0
0
0
1000
1000
-1000
0
0
13.9434532786559
1000
0
0
0
-360.931261309007
0
0
0
0
0
-1000
-380.537564754793
0
0
0
0
-0.00360936630818287
-1000
0
0
0
0
380.537564754793
348.989009477473
-348.989009477473
0
0
0
0
0
0
153.663295429595
-1000
-1000
491.833612130612
0
0
0
0
0
0
0
0
0
0
0
1000
0
-0.00154020483262229
-0.00147130604023005
-0.398356110394616
-1000
-0.0217017640935637
-0.10586513610474
-0.0139774073822991
-0.0790826996628766
-0.0423000486568981
0
0
0
274.226006865301
0
-0.00147130604023005
0
-0.00147130604023005
-0.00147130604023005
-0.00147130604023005
-0.0106669687917247
0
-0.00147130604023005
-0.55304830579712
-0.568291958042209
0
0
0
-14.9242798212803
-0.00147130604023005
-0.0100940811042847
0
-35.790624560003
-0.00147130604023005
-0.00147130604023005
-0.00147130604023005
-0.0426678751668987
0
-0.0919566275149464
0
0
0
0
0
0
0
-1000
1000
-0.00360936630818287
0
839.21394694431
-839.21394694431
0
0
0
-1000
0
0
0
0
0
0
0
0
0
0
0
0
0
0
0
0
0
0
0
-1000
1000
-1000
1000
1000
0
-1000
-1000
0
0
0
-0.00147130604023005
-0.00147130604023005
0
0
0
0
0
-825.344883145082
825.180486971676
1000
0.0216561978490972
0
0
0
82.5465704015992
0
1000
0
-32.6523258526867
0
0
0
0
0
0
0
0
0
0
0
0
0
0
0
0
0
0
0
0
0
0
0
0
0
0
0
0
0
0
0
0
0
0
0
0
0
0
0
0
0
0
0
0
0
0
0
0
0
0
0
0
0
0
0
0
0
0
0
0
0
0
0
0
0
0
0
0
0
0
-0.00147130604023005
0
0
0
0
0
0
0
0
0
0
0
0
0
0
0
0
0
0
0
0
0
0
0
0
0
0
0
0
0
0
0
0
0
0
0
0
0
0
0
0
0
0
0
0
0
0
0
0
0
0
0
0
0
0
0
0
0
0
0
0
0
0
0
0
0
0
0
0
0
0
0
0
0
0
0
0
0
0
0
0
0
0
0
0
0
0
0
0
0
0
0
0
0
0
0
0
0
0
0
0
0
0
0
0
0
0
0
0
0
979.002101743181
0
0
0
0
0
0
0
0
0
0
0
0
0
0
0
0
0
0
0
0
0
0
0
0
982.499242042179
0
0
0
0
0
0
0
0
0
0
0
0
0
0
0
0
0
0
0
0
0
0
0
0
0
0
0
0
0
0
0
0
0
0
0
0
0
0
0
0
0
0
0
0
0
0
0
0
0
0
0
0
0
0
0
0
0
0
0
0
0
0
0
0
0
0
0
0
0
0
0
0
0
0
0
0
0
0
0
0
0
0
0
0
0
0
0
0
0
0
0
0
0
0
0
0
0
0
0
0
0
0
0
0
0
0
0
0
0
0
0
0
0
0
0
0
0
0
0
0
0
0
-1000
1000
1000
0
0
785.827685010612
-0.429959222754974
0
0
0
0
0
0
0
0
0
0
0
0
0
0
0
0
0
0
999.949542105205
0
0
0
0
0
0
0
-704.929004042953
0
-1000
-0.00360936630818287
0
0
0
0
0
0
0
0
-999.974776283568
0
0
0
0
0
0
0
0
0
0
0
0
0
0
0
0
0
0
0
0
0
0
0
0
0
0
0
0
0
0
0
0
0
0
0
0
0
0
0
0
0
0
0
0
0
0
0
0
0
0
0
0
0
0
0
0
0
0
0
0
0
0
0
0
0
0
0
0
0
0
-1000
1000
1000
0
-0.00147130604023005
-0.00147130604023005
-0.00147130604023005
-0.00147130604023005
0
-0.00147130604023005
-0.00147130604023005
0
-0.00147130604023005
-0.00147130604023005
-0.00147130604023005
-0.00147130604023005
0
-0.00147130604023005
-0.00147130604023005
-0.00147130604023005
-0.00147130604023005
-0.00147130604023005
-0.00147130604023005
-0.00147130604023005
0
-0.00147130604023005
-0.00147130604023005
-0.00147130604023005
0
-1000
87.1827610671678
0
1000
0
0
0
0
0
0
0
0
0
0
0
