0
0
0
0
0
0
0
941.792426825888
-1000
0
1000
0
0
37.0499819403495
1000
0
999.824957541545
-999.824957541545
999.95982632101
0
0.0401736789896486
0
-1000
0.252520267934983
0
1000
-38.7329332612408
0
-470.237542827645
0.00857481628072747
0
0
0
0
0
0
445.877254195705
0
0
0
24.1077683640054
0
0
0
0
0
465.456820963282
0
465.456820963282
0
465.456820963282
0
465.456820963282
0
465.456820963282
0
465.456820963282
0
0
465.456820963282
0
0
0
0
0
0
0
0
0
470.237542827645
0
0
0
0
-618.896384952156
-618.896384952156
0
0
0
0
470.237542827645
0
-1000
0
1000
0
0
0
0
0
0
0
0
0
0
0
0
0
0
0
0
0
0
0
0
0
0.00245706944921178
0
0
0
0
0
0
0
0
515.095515530978
0
0
0
215.190167757299
0
215.190167757299
0
0
0
0
0
0
0
0
0
0
0
0
0
484.692849933638
0
0
1000
0
0
0
0
1000
0
0
0
0
-10.0575900348927
0
0
0
0
87.4159156897454
0
0
0.00613199071238069
0
0
0
152.116783715039
228.180914669556
1000
76.0583918575194
0
0
0
-1000
76.0583918575194
113.108373797869
1000
-962.95001805965
0
0
1000
0
0
0.00613199071233339
0
0
1000
500.337055326889
0
0
0
0
0
-2.70267846745173
0
0
0
0
0
0
0
748.832841416172
-1000
0
0
0
572.176913624862
97.9489183744364
0
0
0
0
0
427.648043916683
0
0
0
-2.70554801595108
0
-832.61259364489
0
0
0
0
0
258.197746742974
0
0
0
0
0
0
0
0
-1000
998.88501868064
0
0
0.316926349246157
0
0
0.322665446244678
0.475389523869235
0
-1000
0
0
478.819307753448
-22.9862439142711
0
-478.819307753448
0
0
0
0
0
0
0
0
0
0
0
0
-1000
0
-1000
618.896384952156
1000
-1000
999.730410221333
-1000
-1000
-0.664282375980179
1000
0
0
-0.475389523869239
1000
1000
-1000
1000
0
0
1000
0
0.123390585468206
0
-0.123390585468201
0
0.00122497375438964
0
0
0
0
1.80886485375791
0
0
0
0
0
498.19444833228
0
0
0
0
0
0
1000
0
1000
0
0
0
1000
0
-0.123390585468201
0
-0.475389523869239
0
0
0.475389523869239
0
0
0
0
0
0
0
0
-1000
0
0
0
-1000
0.475389523869239
0
1000
-0.664282375980179
0
0
0.00245706944925435
0
0
0
0
0
0
0
0
0
0
0
0
-498.19444833228
0
0
0
1.58463174623078
0
6.67088420510637
0
0
0
0
0
0
0
0
928.256463275648
-1000
832.615463193389
1000
0
1000
1000
-498.512599655281
-1000
-1000
1000
-999.683073650754
1000
-1000
-1000
0
-1000
0
0
0
0
-1000
0
0
-1000
-1000
-1000
1000
0
0
1000
1000
0
0
0
0
0
0
0.664282375980232
0.0473365705796596
1000
1000
1000
1000
-1000
-1000
0
0.00573909699846809
-1000
1000
1000
0
-1000
0
-1000
0
-379.368719854408
-1000
375.262557382616
-1000
-1000
-1000
1000
1000
0
0
0
-1000
1000
0
0
0
228.180914669556
0
0
0
-1000
963.254470154076
0
0
0
-20.218405474414
0
0
0
0
0
0
0
0
36.7430727764745
124.202622599723
0
0
0
124.202622599723
0
0
0
0.00245706944921178
0
1000
0
-1000
0
1000
0
0
0
0
0
0
0
0
0
0
0
0
0
0
0
0
0
0
0
0
0
0
1000
0
0
0
0
0
-1000
1000
0
0
0
0
0
0
0
0
0
0
0
0
1000
1000
0.0717387124815332
0.0717387124815332
0
-977.296599947938
0
0
0
0
0
0
0
0
0
0
0
0
1000
0
0
0
0
0
0
0
0
0
0
0
0
0
0
0
0
0
0
0
0
0
0
0
0
0
0
0
0
0
0
0
0
0
0
0
0
0
0
0
0
0.111912391471164
0
0
0
-1000
0
1000
0
1000
0
0
1000
0
0
0
0
0
0
0
0
0
0
0
0
0
0
0
0
0
0
0
0
0
0
0
0
-397.642243007319
0
0
0.111912391471164
0
0
0
0
0
0
0
0
0
608.630762017868
0
0
0
0
0
0
0
0
0
0
0
0
0
0
0
0
0
0
0
0
0
0
0
0
0
0
0
0
0
0
0
0
0
-1000
0
0
0
0
0
0
0
0
0
0
0
0
0
0
0
0
0
0
0
0
0
0
0
0
0
0
0
0
0
0
0
0
0
0
0
0
0
1000
0
0.00286954849926061
0
0
0
0
0.519388278366171
0.519388278366171
0
1.27263318626899
0
0
0
0
0
0
0
0
0
0
0
0
0
0
0
0
0
0
0
0
0
0
0
0
-1000
0
0
0
-1000
0
0
-1000
0
0
0
0
447.347295107367
0
0
447.347295107367
0
0
0
0
0
0
0
0
0
0
447.347295107367
0
447.347295107367
0
0
0
8.90146111118881
25.3739158365204
16.2190323449419
11.879174080768
17.6128554370853
5.79703695141478
13.5580973508499
24.8037154806435
22.8396920326232
7.22253784110693
14.0015865165319
28.858473566879
22.7763364375258
7.03247105581465
11.657429497927
16.1556767498445
20.9390241797004
16.9476216885623
3.10442415977403
21.1290909649926
0
0
0
0
0
0
0
0
0
0
0
0
0
0
0
0
0
0
0
0
0
0
0
0
0
0
0
0
0
0
0
0
0
0
0
0
0
0
0
0
0
0
0
0
0
0
0
0
0
0
0
0
0
0
0
0
0
0
0
0
0
0
0
0
0
0
0
0
0
0
0
0
0
0
0
0
0
0
0
0
0
0
0
0
0
0
0
0
0
0
0
0
0
0
-1000
0
977.771989471808
0
0
1000
-1000
-1000
1000
1000
0
0
0
0
464.267537392766
0
0
-20.218405474414
-464.37084113874
-464.37084113874
-1000
0
-0.00245706944917856
0
-0.0828044274285276
1000
1000
464.273276489765
1000
0
-464.267537392766
1000
0
-1000
-1000
-1000
0
999.997542930551
0
0
0
0.00245706944917856
0
0
0
0
0
0
0
0
0
0
0
0.00245706944917856
500.329684118541
1000
1000
0
500
250.001018734229
2.50859618210202
5
0
0
0
0
0
0
117.72601306245
0
0
0
0
-0.000994720470657739
0
0
0
0
-0.000994720470657739
998.548708270737
499.633459839721
0
-0.00198944094120179
0
-0.000994720470657739
-0.372905940081296
0
-0.0621700294134371
0
-1000
-0.000994720470657739
0.000994720470657739
-0.000994720470657739
-0.000994720470657739
0.000994720470657739
-0.000994720470657739
0.000994720470657739
-0.000994720470657739
-0.000994720470657739
-0.000994720470657739
-0.000994720470657739
-0.000994720470657739
-0.000994720470657739
-0.000994720470657739
-0.000994720470657739
-0.000994720470657739
-0.000994720470657739
-0.000994720470657739
-0.020889129882903
-0.00682859957601067
-0.028598213530131
0
-0.0146721269416048
0.000994720470657739
117.725048073707
-0.100437035804816
0.000994720470657739
0.000994720470657739
0.000994720470657739
0.000994720470657739
-0.476222425306901
-0.00721172341195597
-0.0534662252955513
-0.269320567418958
-0.001024452197953
0.000994720470657739
0.000994720470657739
0.00944984447085062
0.000994720470657739
0.000994720470657739
-0.000994720470657739
0
0
0
0
0
0
0
0
0
0
0
0
0
0
0
0
0
0
0
0
0
0
0
0
0
0
0
0
0
0
0
0
0
0
0
0
0.000611596634598754
0
0
0
0
0
0
0
0
0
0
0
0
0
0
0
0
0
0
0
0
0
0
0
0
0
0
0
0
0
0
0
0
0
0
0
0
0
0
0
0
0
0
0
0
0
0
0
0
0
0
0
0
0
0
0
0
0
0
0
0
0
0
0
0
0
0
0
0
0
0
0
0
0
0
0
0
0
0
0
0
0
0
0
0
0
0
0
0
0
0
0
0
0
0
0
0
0
0
0
0
0
0
0
0
0
0
0
0
0
0
0
0
0
0
0
0
0
0
0
0
0
0
0
0
0
0
0
0
0
0
0
0
0
0
0
0
0
0
0
0
0
0.000994720470614924
0.000994720470614924
0.000994720470614924
0
0.000994720470614924
0
0
0
0
0.000994720470614924
0
0
0.000994720470614924
0
0
0
0
0
0
0
0
0
0
0
0
0
0
0
0
0
0
0
0
0
0
0
0
0
0
0
0
0
0
0
0
0
0
0
0
0
0
0
0
0
0
0
0
0
0
0
0
0
0
0
0
0
0
0
0
0
0
0
0
0
0
0
0
0
0
0
0
0
0
0
0
0
0
0
0
0
0
0
0
0
0
0
0
0
0
0
0
0
0
0
0
0
0
0
0
0
0
0
0
0
0
0
0
0
0
0
0
0
0
0
0
0
0
0
0
0
0
0
0
0
0
0
0
0
0
0
0
0
0
0
0
0
0
0
0
0
0
0
0
0
0
0
0
0
0
0
0
0
0
0
0
0
0
0
0
0
0
0
0
0
0
0
0
0
0
0
0
0
0
0
0
0
0
916.728335547285
0
0
0
0
0
-916.728335547285
0
0
0
0
0
0
0
0
0
0
0
0
-1000
0
0
0
0
0
0
0
0
0
0
0
0
0
0
0
0
0
0
0
0
0
0
0
0
0
0
916.728335547285
0
0
0
0
0
0
0
0
0
0
0
0
0
0
0
0
0
0
0
0
0
0
0
0
0
0
0
0
0
0
0
0
0
0
0
0
0
0
0
0
0
0
0
0
0
0
0
0
0
0
0
0
0
0
0
0
0
0
0
0
0
0
0
0
0
0
0
0
0
0
0
0
0
0
0
0
0
0
0
1000
1000
0
0
0
0
0
0
0
0
0
0
0
0
0
0
0
0
0
0
0
0
0
-1000
0
-1000
0
0
0
0
0
0
0
1000
1000
0
0
0
0
0
0
0
0
0
0
0
0
0
0
0
0
0
0
0
0
0
0
0
0
0
0
0
0
0
0
0
0
0
0
0
0
0
0
0
0
0
0
0
0
0
0
0
0
0
0
0
0
0
0
0
0
0
0
0
0
0
0
0
0
0
0
0
0
0
0
0
0
0
0
0
0
0
0
0
0
0
0
0
0
477.525804309043
0
0
0.000994720470657739
0
1000
0
0
0
0
999.960986953256
0
499.633459839721
0
0
0
0.000611596634598754
0
0
-1000
999.999005279529
0
0
0
0
0
0
0
0
0
0
0
0
0
-1000
0.000611596634598754
0
-0.0288468936478239
0
0.0313039630970025
0
0
0
0
0
0
0
-0.00245706944917856
0
0
0
0
0
117.72601306245
-1000
0
-0.00195970921390654
-0.00195970921390654
0
464.283822002989
1000
-0.0147424166952987
0
0
0.000994720470657739
-0.000994720470657739
0
0
0.0360586170597799
-0.0360586170597799
1000
0
0
0
0
0
1000
0
-0.0390130467443441
-999.960986953256
-1000
0
-500.366540160279
-499.633459839721
-1000
0
0
0
0
0
-1000
0
0
0
0
0
-1000
1000
-1000
0
0
0
-1000
0
0
0
-1000
0
0
0
0
0
0
0
0
0
0
0
0
0
0
0
0
0
0
0
-1000
1000
-1000
0
-1000
0
-1000
0.0288468936478239
-1000
0
-0.0288468936478239
-0.0288468936478239
0
0
0
0
0
0
-1000
0
1000
0
-1000
0
-1000
0
-964.606772852925
0
-1000
0
0
0
0
0
0
0
0
0
-58.207573174112
-941.792426825888
117.724053353236
-117.724053353236
0
0
0
0
0
0
0
0
0
0
0
0
0
0
0
0
0
0
0
0
0
0
0
0
0
0
0
0
0
0
0
0
0.000611596634598754
-0.000611596634598754
0
0
0
0
0
0
0
0
0
0
0
0
0
0
0
0
0
0
0
0
0
0
0
0
0
0
0
0
0
0
0
0
0
0
0
0
0.000611596634598754
-0.000611596634598754
0
0
0
0
0
0
-0.00245706944917856
-0.00245706944917856
0
0
0
0
0
0
0
0
0
0
0
0
0
0
0
0
0.00245706944917856
0.00245706944917856
0
0
0
0
0
0
0
0
0
0
0
0
0
0
0
0
0
0
0
0
0
0
0
0
0
0
0
0
0
0
0
0
0
0
0
0
225.183970520864
0
0
0
0
0
0
0
0.804753155090677
0.00245706944921178
0
0
0
0
0
0
0
0
0.101255001108967
0
0
0
0
0
0
0
0
0
0
0
0
0
0
0
0
0
0
0
0
0
0
0
0
0
0
0
0
0
0
0
0
0
0
0
0
0
0
0
0
0
0
0
0
0
0
0
0
0
0
0
0
0
0
0
0
0
0
0
0
0
0
0
0
0
0.0390130467443553
0.0390130467443553
0.0390130467443553
0
0.00295442968456427
0.00295442968456427
0
0.00195970921390654
0.00195970921390654
0
0
0
0
0
0
0
0
0
0
0
0
0
0
0
0
0
0
0
0
0
0
0
0
0
0
0
0
0
0
0
0
0
0
0
0
0
0
0
0
0
0
0
0
0
0
0
0
0
0
0
0
0
0
0
0
0
0
0
0
0
0
0
0
0
0
0
0
0
0
0
0
0
0
0
0
0
0
0
0
0
0
0
0
0
0
0
0
0
0
0
0
0
0
0
0
0
0
0
0
0
0
0
0
0
0
0
0
0
0
0
0
0
0
0
0
0
0
0
0
0
0
0
0
0
0
0
0
0
0
0
0
0
0
0
0
0
0
0
0
0
0
0
0
0
0
0
0
0
0
0
0
0
0
0
0
0
0
0
0
0
0
0
0
0
0
0
0
0
0.00245706944921178
0.00245706944921178
0.00245706944921178
0.00245706944921178
0.00245706944921178
0
0
0
0
0
0
0
0
0
0
0
0
0
0
0
0
0
0
0
0
0
0
0
0
0
0
0
0
0
0
0
0
0
0
0
0
0
0
0
0
0
0
0
0
0
0
0
0
10.0575900348927
10.0575900348927
-10.0575900348927
3.34679684958273
-1.67216989006681
1.67216989006676
1.67216989006676
1.67216989006676
1.67216989006676
1.67216989006676
1.67216989006676
1.67216989006676
1.67216989006676
1.67216989006676
1.67216989006676
0
1.67216989006676
1.67216989006681
1.67216989006676
1.67216989006676
1.67216989006676
1.67216989006676
1.67216989006676
1.67216989006676
0
0
0
1.67216989006676
0
1.67216989006676
1.6672699950492
0
0
0
0
0
0
0
0
0
0
0
0
0
0
0
0
10.0575900348927
10.0575900348927
3.34679684958273
3.34679684958273
0
0
0
0
0
0
0
0
0
0
0
0
0
0
0
0
0
0
0
0
0
0
0
0
0
0
0
0
0
0
0
0
0
0
0
0
0
0
0
0
0
0
0
0
0
0
0
0
0
0
0
0
0
0
0
0
0
0
0
0
0
0
0
0
0
0
0
0
0
0
0
0
0
0
0
0
0
0
0
0
0
0
0
0
0
0
0
0
0
0
0
0
0
0
0
0
0
0
0
0
0
0
0
0
0
0
0
0
0
0
0
0
0
0
0
0
0
0
0
0
0
0
0
0
0
0
0
0
0
0
0
0
0
0
0
0
0
0
0
0
0
0
0
0
0
0
0
0
0
0
0
0
0
0
0
0
0
0
0
0
0
0
0
0
0
0
0
0
0
0
0
0
0
0
0
0
0
0
0
0
0
0
0
0
0
0
0
0
0
0
0
0
0.804753155090677
0.804753155090677
0.804753155090677
0
0.0171709983827524
0.0171709983827524
0
-0.821924153473446
0.821924153473429
0.0171709983827524
0
0
0
0
1000
0
0.0171709983827524
0
0.0171709983827524
0.0171709983827524
0
0
0
0
0
0
0
0
0
0
0
0
0
0
0
0
0
0
0
0
0
0
0
0
0
0
0
0
0
0
0
0
0
0
0
0
0
0
0
0
0
0
0
0
0
0
0
0
0
0
0
0
0
0
0
0
0
0
0
0
0
0
0
0
0
0
0
0
0
0
0
0
0
0
0
0
0
0
0
0
0
0
0
0
0
0
0
0
0
0
0
0
0
0
0
0
0
0
0
0
0
0
0
0
0
0
0
0
0
0
0
0
0
0
0
0.804753155090677
0.00245706944921178
0
0
0
0
0
0
0
1.05943849291709
0
0
0
0.664282375980232
0.664282375980232
0.664282375980232
0
0
0
0
0
0
0.908465225648856
0
0
0
0.00245706944921178
0
0
0
0
-0.908465225648911
0.908465225648856
0
0
0
0
0.249434093747518
0
0
0
0
0
0.165687196201775
0
0.150973267268235
0
0
0
0
0
0
0
0
0
0
7.40687977328156
7.40687977328156
7.40687977328156
0
0
0
0
-0.101255001108939
0
0
0
0
0
0
0
0
0
0
0
0
0
0
0
0
0
0
0
0
0
0
0
0
0
0
0
0
0
0
0
0
0
0
0
0
0
0
0
0
0
0
0
0
0
0
0
0
0
0
0
0
0
0
0
0
0
0
0
0
0
0
0
0
0
0
0
0
0
0
0
0
0
0
0
0
0
0
0
0
0
0
0
0
0
0
0
0
0
0
0
0
0
0
0
0
0
0
0
0
0
0
0
0
0
0
0
0
0
0
0
0
0
0
0
0
0
0
1000
0
0
1000
1000
0
0
0
0
0
0
0
0
0
0
0
0
0
0
0
0
0
0
0
0
0
0
0
0
0
0
0
0
0
0
0
0
0
0
0
0
0
0
0
0
0
0
0
0
0
0
0
0
0
0
0
0
0
0
0
0
0
0
0
0
0
0
0
0
0
0
0
0
0
0
0
0
0
0
0
0
0
0
0
0
0
0
0
0
0
0
0
0
0
0
0
0
0
0
0
0
0
0
0
0
0
0
0
0
0
0
0
0
0
0
0
0
0
0
0
0
0
0
0
0
0
0
0
0
0
0
0
0
0
0
0
0
0
0
0
0
0
0
0
0
0
0
0
0
0
0
0
0
0
0
0
0
0
0
0
0
0
0
0
0
0
0
0
0
0
0
0
0
0
0
0
0
0
0
0
0
0
0
0
0
0
0
0
0
0
0
0
0
0
0
0
0
0
0
0
0
0
0
0
0
0
0
0
0
0
0
0
0
0
0
0
0
0
0
0
0
0
0
0
0
0
0
0
0
0
0
0
0
0
0
0
0
0
0
0
0
0
0
0
0
0
0
0
0
0
0
0
0
0
0
0
0
0
0
0
0
0
0
0
0
0
0
0
0
0
0
0
0
0
0
0
0
0
0
0
0
0
0
0
0
507.471782872006
0
507.471782872006
0
0
0
0
0
0
0
0
0
0
0
0
0
0
0
0
0
0
0
0
0
0
0
0
0
0
0
0
1000
0
0
0
0
0
0
0
0
0
0
0
0
0
0
0
0
0
0
0
0
0
0
0
0
0
0
0
0
0
0
0
0
0
0
0
0
0
0
0
0
0
0
0
0
0
0
0
0
0
0
0
0
0
0
0
0
0
0
0
0
0
0
0
0
0
0
0
0
0
0
0
0
0
0
0
0
0
0
0
0.111912391471164
0.111912391471164
0
0
0
0
0.111912391471151
0.111912391471164
0
-247.82093267647
0
0
0
0
0.0172172909955637
0
1000
0
0
0
0
247.82093267647
0
0
0
0
0
0
0.677213445825504
0
0
0
0
0
0
0.677213445825504
0.677213445825504
0.677213445825504
0.677213445825487
0
0
0
0
0
0
0
0
0
0
0
0
0
0
0
0
0
0
0
0
0
0
0
0
0
0
0
0
0
0
0
0
0
0
0
0
0
529.641969964603
529.641969964603
0
0
0
0
0
0
0
0
0
0
0
0
0
0
0
0
0
0
0
0
0
0
0
0
0
0
0
0
0
0
0
0
0
0
0
0
0
0
0
0
0
0
0
0
0
0
0
0
1000
1000
-999.524610476131
0
0
0
-1000
1000
1000
22.2280105281923
0
0
0
1000
-1000
0
0
0
0
0
0
0
0
0
0
0
0
0
0
0
0
0
0
0
0
0
0
0
0
0
0
0
0
0
0
0
0
0
0
0
0
0
0
0
0
-1000
0
0
0
0
0
0
0
0
0
0
0
0
0
0
0
0
0
-999.997542930551
999.997542930551
1000
999.997542930551
1000
-1000
-1000
0
0
0
0
0
0
0.00245706944917856
0
0
0
0
0
0
0
0
0
0
0
0
0
0
0
0
0
0
0
0
0
0.00980691197554961
0
0.00245706944921178
0.0147139289335407
1000
0.00122497375438964
0.00122497375438964
0.00245706944917856
0
0.00858193822115997
0.00122497375438964
0.0183959721371564
-0.00122497375434705
0.00122497375438964
0.00122497375438964
0.00122497375438964
0.00122497375438964
0.00122497375438964
-0.00122497375434705
-0.00244994750880778
-0.0036820432036393
0.00122497375438964
0.00122497375438964
0.00122497375434705
0.00122497375438964
-0.0036820432036393
-0.00122497375434705
0.00245706944917856
0.00122497375438964
0.00122497375438964
0.00245706944921178
0.00245706944921178
-0.00245706944917856
-0.00245706944917856
0.00245706944917856
0.00245706944917856
0.00122497375438964
0.00122497375438964
0.00122497375438964
0.00122497375438964
0.0269921542391103
-0.0036820432036393
-999.982829001617
0
0
0
0
0
0
-1000
0
0
0
0.00245706944921178
0
0
0
0
0.00122853472460589
0.00245706944917856
0.00245706944917856
0
0.00245706944921178
0
0
0
0
0
-0.00245706944917856
0
0
0.00489989501755855
0.00122497375438964
0.00367492126316892
0.00122497375438964
-0.00122497375434705
0.00122497375438964
0.00122497375438964
0.00122497375438964
0.00122497375438964
0.00122497375438964
0.00122497375438964
0.00244994750877928
0.00122497375438964
0.00122497375438964
0.00122497375438964
0.00122497375438964
0.00122497375438964
0
0.00122497375438964
0.00245706944921178
0
0.00245706944921178
0
0.00245706944921178
0.00245706944921178
0.00245706944921178
0.00245706944921178
0.00245706944921178
0.00245706944921178
0
0.00245706944921178
0
0.00245706944921178
0.00245706944921178
0.00245706944921178
0.00245706944921178
0.00245706944921178
0
0
0
0
0
0
0
0
0
0
0
0
0
0
0
0
-0.00245706944917856
0
0
0
0
0
0
0
0
0
0
0
0
0
0
0
0
0
0
0
0
0
0
0
0
0
0
0
0
0
0
0
0
0
0
0
0
0
0
0
0
0
0
0
0
0
0
0
0
0
0
0
0
0
0
0
0
0
0
0
0
0
0
0
0
0
994.358861731158
117.724053353236
1000
0
0
0
0
0.00245706944921178
0
0
0
0
0
0
0
0
0
0
0
0
0
0
0
0
0
0
0
0
0
0
0
-340.707181841142
0
0
0
-117.72601306245
0
0
0
0
0
0.000994720470614924
0
0
0
0
0
0
0
0
0
0.000994720470614924
0
0
998.548708270737
0
0
0
0
0.00198944094122985
0
0
0
0.000994720470614924
0
0.372905940081263
0
0
0
0.0621700294134327
0
0
0
0.000994720470657739
0
0.000994720470614924
0
0.000994720470614924
0
0.000994720470614924
0
0.000994720470614924
0
0.000994720470614924
0
0.000994720470614924
0
0.000994720470614924
0
0.000994720470614924
0
0.000994720470614924
0
0.000994720470614924
0
0.000994720470614924
0
0.000994720470614924
0
0.000994720470614924
0
0.000994720470614924
0
0.000994720470614924
0
0.000994720470614924
0
0.000994720470614924
0
0.000994720470614924
0
0.0208891298829134
0
0.00682859957598403
0
0.0285982135301791
0
0
0
0.0146721269415701
0
0.000994720470614924
0
117.725048073707
0
0.100437035804782
0
0.000994720470614924
0
0.000994720470614924
0
0.000994720470614924
0
0.000994720470614924
0
0.476222425306895
0
0.0072117234119582
0
0.0534662252955522
0
0.269320567418991
0
0.00102445219794046
0
0.000994720470614924
0
0.000994720470614924
0
0.00944984447084178
0
0.000994720470614924
0
0.000994720470614924
0
0.000994720470614924
0
0
663.703147235278
0
0
0
916.728335547285
0
0
0
0
-1000
-1000
1000
0
0.677213445825504
-1000
1000
478.819307753448
0
528.733504738954
1000
1000
-1000
0
0
1000
0
0
0
0
0
494.440746538028
982.742620238798
0
0
0
0
-1000
-2.70554801595108
-0.00245706944917856
0
0
-2.47314722973817
0
-498.19444833228
0
0
0
465.465395779563
771.816628260994
1000
-1000
1000
-1000
0
953.586964078476
0
0
-1000
0
0
1000
1000
-1000
1000
0
1000
0
0
-1000
842.247064053955
1000
1000
0
0
0
0
-1000
-1000
0
0
0
0
0
0
0
0
0
0
0
1000
0
0
0
0
0
1000
0
0
0
0
1000
0
0
0
0
0
0
354.468010946595
0
0
-1000
-1000
-1000
-1000
1000
-1000
-1000
-1000
-1000
-1000
-998.727366813731
1000
1000
-1000
-1000
-1000
-1000
-1000
-1000
1000
-365.755161736625
-1000
-573.206589478877
1000
1000
1000
1000
1000
1000
1000
411.792872562859
1000
-1000
-1000
-1000
-1000
-1000
-1000
-1000
-1000
-1000
1000
-1000
-1000
-1000
-1000
-1000
-1000
-1000
-1000
-1000
-1000
-1000
197.48692671928
362.0624261033
-1000
-1000
-1000
-1000
-1000
-13.1862418490281
-1000
-970.594439739756
-1000
-1000
-1000
-1000
-756.459637074382
-1000
-1000
-1000
-1000
-1000
1000
1000
-1000
-1000
-1000
-1000
1000
-1000
-620.428799392258
1000
-1000
374.814035536223
1000
1000
1000
1000
1000
1000
1000
374.637615120056
1000
1000
1000
1000
1000
-1000
-1000
-1000
-1000
1000
-1000
-1000
-1000
-1000
-1000
1000
1000
1000
1000
1000
-978.618388767072
1000
1000
-1000
-211.781207182737
-1000
-1000
-1000
-977.140446655996
1000
1000
-16.2620755724308
0
-1000
-1000
0
0
0
0
0
0
0
0
0
0
0
0
0
0
0
0
0
0
0
0
0
0
0
0
0
0
0
0
0
0
0
0
0
0
0
0
0
0
0
0
0
0
0
0
0
0
0
0
0
0
0
0
0
0
0
0
0
0
0
0
0
0
0
0
0
0
0
0
0
0
0
0
0
0
0
0
0
0
0
0
0
0
0
0
0
0
0
0
0
0
0
0
0
0
0
0
0
0
0
0
0
0
0
0
0
0
0
0
0
0
0
0
0
0
0
0
0
0
0
0
0
0
0
0
0
0
0
0
0
0
0
0
0
0
0
0
0
0
0
0
0
0
0
0
0
0
0
0
0
0
0
0
0
0
0
0
0
0
0
0
0
0
0
0
0
0
0
0
0
0
0
0
0
0
0
0
0
0
0
0
0
0
0
0
0
0
0
0
0
0
0
0
0
0
0
0
0
0
0
0
0
0
0
0
0
0
0
0
0
0
0
0
0
0
0
0
0
0
0
0
0
0
0
0
0
0
0
0
0
0
0
0
0
0
0
0
0
0
0
0
0
0
0
0
0
0
0
0
0
0
0
0
0
0
0
0
0
0
0
0
0
0
0
0
0
0
0
0
0
0
0
0
0
0
0
0
0
0
0
0
0
0
0
0
0
0
0
0
0
0
0
0
0
0
0
0
0
0
0
0
0
0
0
0
0
0
0
0
0
0
0
0
0
0
0
0
0
0
0
0
0
0
0
0
0
1000
1000
-1000
1000
1000
1000
-1000
914.256254200322
-1000
-1000
998.327830109933
-1000
1000
1000
1000
-1000
-1000
-1000
85.7437457996784
-1000
1000
1000
-1000
-1.67216989006681
-998.327830109933
-1000
-1000
-1000
1000
-1000
-1000
0
-1000
-1000
-1000
-1000
-1000
-1000
-1000
-1000
-1000
1000
-1000
-1000
-1000
1000
-1000
1000
340.741530959847
-1000
-1000
-999.965650881294
-1000
1000
-1000
0
0
0
0
0
0
0
916.728335547285
0
0
0
-916.728335547285
0
0
0
0
0
0
-1000
-501.80555166772
0
0
0
0
0
641.721799573236
0
1000
0
0
0
848.018897438111
0
0
0
0
0
-0.00245706944917856
0.00245706944921178
0
0
-0.00245706944917856
-0.00245706944917856
0
0
0
360.232539800905
0
0
0
0
0
0
0
0
0
0
0
0
0
0
0
0
0
445.855129887751
0
0
0
0
0
0.00245706944921178
0
0
0.00245706944929225
1000
-1000
999.997542930551
1000
0
0
0
0
-0.00245706944917856
0.249434093747482
0
0
0
0
247.82093267647
0
0
0
0
0
0
0
0
0
0
1000
0
0
0
1000
0
-1000
-465.456820963282
465.456820963282
0.00245706944921178
0
0
0
0
0
0
0
0
0
0
0
-982.742620238798
0
0
0
0
0
0
0
0
0
0
0
0
0
0
0
0
0
0
0
0
0
0
0
0
0
0
0
0
0
0
0
0
0
0
0
0
0.00245706944921178
0
0
0
1000
0
0
0
0
1.32856475196046
0
0
0
0
0.00367492126316892
1000
0
-1000
0
0
0
0
0
0
0
0
0
0
0
0.00245706944917856
1000
0.00245706944917856
0
-1.32856475196036
447.949777157164
0
0
0
1000
1000
0
0
0
0
0
0.00245706944929225
0
0
1000
0
0
36.7430727764744
0
1000
0
0
-1000
0
0
-1000
0
-1000
1000
0
0
0
0
0
0
0
0
0
0
0.100021718424073
0
-1000
0
0
0
0
0
0
0
0
0
0
1000
0
1000
0
998.406759608271
0
0
0
0
0
0
0
0
0
0
0.664282375980232
0
0.00245706944921178
-0.00245706944917856
0.00245706944921178
0.00245706944921178
0
0
0.00245706944917856
520.462375840572
0
0
0.664282375980179
0
0
-0.00737120834764937
-1000
-1000
-1000
1000
-1.59324039172861
1.59324039172861
0
0
-998.137169829605
-1000
-1.59324039172861
-1000
0
0
0
0
0
0
0
0
0
0
0
0
0
0
0
0
0
0
0
0
0
0
0
0
0
999.730410221333
0
0
0
0
0
0.00122497375438964
0
1000
0
0
0
0
0
0
0.00245706944921178
0
0
0
0
0
0
0
0
0
117.724053353236
0
-941.792426825888
0
0
0
0
0
0
0
0
0
0
0
0
0
1000
0
0
0
0
941.792426825888
0
0
0
0
0
0
0
0
0
0
0
0
0
0
0
0
0
0
0
0
0
0
0
0
0
0
0
1.5846317462308
0
0
0
0
0
0
0
0
0
0
0
0
0
0
0
0
0
0
0
0
0
0
0
0
0
0
0
0
0
0
0
0
0
0
0
0
0
0
0
0
0
0
0
0
0
0
0
0
0
0
0
0
0
0
0
0
0
0
0
0
0
0
0
0
0
0
0
0
0
0
0
0
0
0
0
0
0
0
0
0
0
0
0
0
0
0
0
0
0
0
0
0
0
0
0
0
0
0
0
0
0
0
0
0
0
0
0
0
0
0
0
0
-999.991425183719
0
0.00122497375434705
0
0.0134818332387567
0
0
-0.00857481628077039
0
1000
0
0
0
0
0.011031885729949
0
0
0
0
0
0
0
0
0
0
0
0
0
0
0
0
0
0
0.00245706944921178
0.00245706944921178
0.00245706944921178
0.00245706944929225
-1000
0
464.283822002989
-964.606772852925
0
0
0
0
0
0
-1000
1000
0
0
0
0
0
0
0
0
0
0
-1000
0
1000
0
-1000
-1000
-1000
-1000
-1000
-1000
0
0
0
0
0
0
0
0
0
0
-1000
0
1000
0.269126259043375
0.00245706944921178
0.00245706944921178
0.00245706944921178
0.00245706944921178
0.00245706944921178
1000
0
0
0
1000
0.0544609457661671
0
0
0
0
0
0
0
0
0
0
0
0
0
0
-1000
0
0
0
0
0
0
1000
-999.999005279529
0
1000
0
0
-999.999005279529
0
0
0
0
0
0
0
0
0
0
0
0
0
0
0
0
0
0
0
0
0
0
0
117.724053353236
0
0
0
0
0
0
117.724053353236
0
0
0
0
0.0288468936478328
117.724053353236
0
0
0
0
0
117.724053353236
0
0
0
0
-1000
0
0
0
0
0
0
0
0
0
-1000
0
0
0
0
0
0
0
515.307150066362
1000
-1000
-1000
-1000
-1000
1000
0
0.0147139289335407
0
0
0
0
-639.767460199095
-1000
-1000
0
247.82093267647
0
0
0
999.985257583305
10.1596759290521
0
0
0
0
0.395156116936858
0.395156116936858
0
-999.990200209965
0
0
0
0
0
0
0
0
1000
0
0
0
0
0
0
0
1000
0.00245706944921178
0
0
0
0
0
0
0
0
1000
-1000
0
0
999.971153106352
0
0
0
1000
0
0
0
-999.960986953256
0
-1000
0
0
0
-1000
-1000
0
0
0
0
0
0
0
0.00195970921390654
0
0
0
0
-964.822676692535
964.822676692535
-750
0
0
0
0
-535.726723510235
-1000
0
0
-1000
0
0
0
0
0.000611596634640756
0
0
0
0
0
0
0
0
998.406759608271
0
998.406759608271
0
0
0
0
0
0
0
0
0
-0.00245706944917856
0.100021718424046
0
-1000
1000
-1000
0.100021718424046
1000
0
0
0
0
0
0
0
0
-1000
0
0
1000
0.00122497375438964
0.00122497375438964
0
29.1511675138036
-1000
1000
-507.471782872006
-507.471782872006
499.633459839721
0
0
0
0
0
0
0
0
0
0
0
0
0
0
0
0
0
0
0
0
0
0
0
0
0
0.00245706944917856
0
0
0
0
0
0
0
0
0
0
0
0
0
0
0
0
0
0
0
0
0
0
0
0
0
0
0
0
0
0
0
0
0
0
0
0
0
0
0
0
0
0
0
0
0
0
-1000
0
-1000
0
0
0
0
0
-1000
0
0
0
0
0
0
0
0
0
0
0
999.96394138294
0
0
0
0
0
0
0
0
0
0
0
0
0
1000
0
0
0
-1000
0
0
0
0
0
0
0
0
0
0
0
0
0
0
0
0.00195970921390654
0
0
0
0
0
0
0
0
0
0
0
0
0
0
0
0
0
0
0
0
0
0
0
0
0.00195970921390654
0
0
0
0
0
0
0
0
0
0
0
0
0
0
0.00295442968456427
0
0
0
0
0
0
0
0
0
0
0
0
0
0
0
0
0
0
0
0
0
0
0
0
0
0
0
0
0
0
0
0
0
0
0
0
0
0
0
0
0
0
0
0
0
0
0
0
0
0
0
0
0
0
0
0
0
0
0
0
0
0
0
0
0
0
0
0
0
0
0
0
0
0
0
0
0
0
0
0
0
0
0
0
0
0
0
0
0
0
0
0
0
0
0
0
0
0
0
0
0
0
0
0
0
0
0
0
0
0
0
0
0
0
0
0
0
0
0
0
0
0
0
1000
0
0
0
0
-1000
0
0
0
0
0
0
0
0
0
0
0
0.384210781775014
0
0
0
0
0
0
0
0
0
0
0
0
0
0
0
-423.941608142481
0
-1000
1000
397.642243007319
-397.530330615848
0
0
0
-1000
663.703147235278
0
0
0
0
-0.0171994861444773
0.0147424166952707
0
0
0
0
0
0
0
0
0
0
0
0
0
0
0
0
0
0
0
0
0
0
0
0
0
0
0
0
0
0
0
0
0
0
0
0
0
0
0
0
0
0
0
0
0
0
0
0
0
0
0
0
0
0
0
0
0
0
0
0
0
0
0
0
0
0
0
0
0
0
0
0
0
0
0
0
0
0
0
0
0
0
0
0
0
0
0
0
0
0
0
0
0
0
0
0
0
0
0
0
0
0
0
0
0
0
0
0
0
0
0
0
0
0
0
0
0
0
0
0
0
0
0
0
0
0
0
0
0
0
0
0
0
0
0
0
0
0
0
0
0
0
0
0
0
0
0
0
0
0
0
0
0
0
0
0
0
0
0
0
0
0
0
0
0
0
0
0
0
0
0
0
0
0
0
0
0
0
0
0
0
0
0
0
0
0
0
0
0
0
0
0
0
0
0
0
0
0
0
0
0
0
0
0
0
0
0
0
0
0
0
0
0
0
0
0
0
0
0
0
0
0
0
0
0
0
0
0
0
0
0
0
0
0
0
0
0
0
0
0
0
0
0
0
0
0
0
0
0
0
0
0
0
0
0
0
0
0
0
0
0
0
0
0
0
0
0
0
0
0
0
0
0
0
0
0
0
0
0
0
0
0
0
0
0
0
0
0
0
499.633459839721
0
0
0
0
0
0
0
0
0
0
0
-1000
0
0
0
0
0.00245706944917856
-608.338068070943
0
0
0
0
0
0
0
0
0
0
0
916.728335547285
0
0
0
0
0
0
0
0
0
0
0
0
0
0
0
0
0
0
0
0
0
0
0
0
0
0
0
0
0
0
0
0
0
0
0
0
0
0
0
0
0
0
0
0
0
0
0
0
0
0
0
0
0
0
0
0
0
0
0
0
0
0
0
0
0
0
0
0
0
0
0
0
0
0
0
0
0
0
0
0
0
0
0
0
0
0
0
0
0
0
0
0
0
0
0
0
0
0
0
0
0
0
0
0
0
0
0
0
0
0
0
0
0
0
0
0
0
0
0
0
0
0
0
0
0
0
0
0
0
0
0
0
0
0
0
0
0
0
0
0
0
0
0
0
0
0
0
0
-87.4159156897454
1000
0
0
0
0
0
0
0
1000
0.00245706944917856
0
0
-1000
1000
0
0
0
0
0
0
0
0
0
0
0
0
0
0
0
1000
0
-1000
0
0
0
0
0
0
0
0
0
0
0
0
0
0
0
0
0
0
0
0
0
0
0
0
0
0
0
0
0
0
0
0
0
0
0
0
0
0
0
0
0
0
0
0
0
0
0
0
0
0
0
0
0
0
0
0
0
0
0
0
0
0
0
0
0
0
0
0
0
0
0
0
0
0
0
0
0
0
0
0
0
0
0
0
0
0
0
0
0
0
0
0
0
0
0
0
0
0
0
0
0
0
0
0
0
0
0
0
0
0
0
0
0
0
0
0
0
0
0
0
0
0
0
0
0
0
0
0
0
0
0
0
0
0
0
0
0
0
0
0
0
0
0
0
0
0
0
0
0
0
0
0
0
0
0
0
0
0
0
999.996325078737
500
59.3495036041492
0
0
-0.664282375980179
0
0
316.777975487146
13.1281101972378
28.6954849926061
0.071219404324979
59.3495036041492
0
0
0
0
0
0
0
0
0
0
0
0
0
0
0
0
0
0
0
0
0
0
0
0
0
0
1000
-1000
0
-639.767460199095
-360.232539800905
-36.7455298459236
-1000
0
0
0
0
0
706.344320119416
117.724053353236
-117.724053353236
0
0
-2.48680117653726
0
0
0
0
0
0.00245706944921178
0
0
0
0
0
0
0
0
0
0
0
0
0
0
0
0
0
117.72601306245
0
0
0
0
465.465395779563
-0.476222425306901
-0.020889129882903
0
-7.29140700508913
-14.2942804634565
-1000
-22.8595533440044
-7.13864435028722
-620.428799392258
-18.0610065062756
-3.13311964476668
-21.3816112329276
1000
-1000
0
0
0
0
-1000
61.0382487844977
-11.9136086627591
-588.207127437141
-9.05887379959813
-5.73535323183376
-16.2620755724308
-1000
983.640585306708
954.494175842608
0
0
-902.051081625564
-360.232539800905
0
0
0
0
994.235471145689
-1000
0
0
0
0
0.249434093747482
0
1000
0
0
0
0
0
0
0
0
0
0
-0.00245706944917856
-0.00245706944917856
0
0
0
0
0
0
0
0
0
0
0
445.855129887751
-445.855129887751
0
0
0
0
1000
0
426.485276759526
0
0
1000
-1000
247.82093267647
-0.00245706944917856
-0.00245706944917856
-0.677213445825487
0
0
0
-0.00245706944917856
0
-0.00245706944917856
-97.9489183744364
0
0
-0.00245706944917856
0
0
0
-0.00245706944917856
0
0
0
0
0
0
0
0
0
0
0
-87.4159156897452
0
0
0
0
0
1000
0
0
0
0
0
0
0
-228.183371739006
0
0
0
-1000
0
1000
0
0
-0.00245706944917856
0
0
0
0
-1.27263318626899
0
0
0
0
0
0
0
0
0
1000
-2.47314722973817
0
-501.80555166772
-1000
0
0
0
0
0
-498.19444833228
0
0
1.67216989006681
0
0
0
0
0
0
1000
0
0
0
0
-2.70554801595108
-1000
478.819307753448
97.9489183744363
0
528.733504738954
0
916.728335547285
0
0
0
465.456820963282
0
-1000
0
0
0
-1000
-1000
0
0
0
0
0
-0.0343491187057907
0
0
0
0
-0.00245706944929225
-1000
1000
0
0
0
0
0
0
1000
0
-1000
494.440746538028
0
0
-465.456820963282
0
0
0
0
0
0
0
0
1000
0
-0.001024452197953
-0.000994720470657739
-0.269320567418958
-1000
-0.0146721269416048
-0.100437035804816
-0.00944984447085062
-0.0534662252955513
-0.028598213530131
-0.000994720470657739
0
0
998.548708270737
0
-0.000994720470657739
0
-0.00198944094120179
-0.000994720470657739
-0.000994720470657739
-0.00721172341195597
0
-0.000994720470657739
-0.372905940081296
-0.384210781774982
0
-10.1596759290521
0
0
-0.000994720470657739
-0.00682859957601067
0
-117.725048073707
-0.000994720470657739
-0.000994720470657739
-0.000994720470657739
0
0
-0.0621700294134371
0
0
0
-1000
1000
0
0
-1000
1000
-0.00245706944917856
0
750
-750
0
0
0
-1000
0
0
0
0
0
0
0
0
0
0
0
0
0
0
0
0
0
0
-1000
1000
-29.1511675138037
29.1511675138036
1000
-1000
-1000
1000
1000
0
0
-1000
0
-0.000994720470657739
-0.000994720470657739
0
0
0
0
0
-397.642243007319
397.530330615848
-0.0171994861444773
0.0147424166952987
0
0
0
0
0
1000
0
0
0
-916.728335547285
0
0
0
0
0
0
0
0
0
0
0
0
0
0
0
0
0
0
0
0
0
0
0
0
0
0
0
0
0
0
0
0
0
0
0
0
0
0
0
0
0
0
0
0
0
0
0
0
0
0
0
0
0
0
0
0
0
0
0
0
0
0
0
0
0
0
0
-0.000994720470657739
0
0
0
0
0
0
0
0
0
0
0
0
0
0
0
0
0
0
0
0
0
0
0
0
0
0
0
0
0
0
0
0
0
0
0
0
0
0
0
0
0
0
0
0
0
0
0
0
0
0
0
0
0
0
0
0
0
0
0
0
0
0
0
0
0
0
0
0
0
0
0
0
0
0
0
0
0
0
0
0
0
0
0
0
0
0
0
0
0
0
0
0
0
0
0
0
0
0
0
0
0
0
0
0
0
0
0
0
0
0
0
0
0
0
0
0
0
0
0
0
0
0
0
0
0
0
0
0
0
0
0
0
0
0
0
0
0
0
0
0
0
0
0
0
0
0
0
0
0
0
0
0
0
0
0
0
0
0
0
0
0
0
0
0
0
0
0
0
0
0
0
0
0
0
0
0
0
0
0
0
0
0
0
0
0
0
0
0
0
0
0
0
0
0
0
0
0
0
0
0
0
0
0
0
0
0
0
0
0
0
0
0
0
0
0
0
0
0
0
0
0
0
0
0
0
0
0
0
0
0
0
0
0
0
0
0
0
0
0
0
0
0
0
0
0
0
0
0
0
0
0
0
0
0
0
0
0
87.4159156897454
0
1000
0
0
0
608.338068070943
0
0
0
0
0
0
0
0
0
0
0
0
0
0
0
0
0
0
0
0
0
0
0
0
0
-1000
0
-1000
-0.00245706944917856
0
0
0
0
0
0
0
0
-1000
0
0
0
0
0
0
0
0
0
0
0
0
0
0
0
0
0
0
0
0
0
0
0
0
0
0
0
0
0
0
0
0
0
0
0
0
0
0
0
0
0
0
0
0
0
0
0
0
0
0
0
0
0
0
0
0
0
0
0
0
0
0
0
0
0
0
0
0
0
-225.183970520864
225.183970520864
225.183970520864
0
0
-0.000994720470657739
-0.000994720470657739
-0.000994720470657739
0
-0.000994720470657739
-0.000994720470657739
0
-0.000994720470657739
-0.000994720470657739
-0.000994720470657739
-0.000994720470657739
0
-0.000994720470657739
-0.000994720470657739
-0.000994720470657739
-0.000994720470657739
-0.000994720470657739
-0.000994720470657739
-0.000994720470657739
0
-0.000994720470657739
-0.000994720470657739
-0.000994720470657739
0
-1000
59.349503604149
0
1000
0
0
0
0
0
0
0
0
0
0
0
