0
0
0
0
0
0
0
1000
-989.148445113011
6.08151542092128
993.918484579079
52.153385435292
0
0
999.813200157786
0
999.813200157786
-999.813200157786
999.957127905066
0
0.0428720949342778
0
-1000
-51.883903695705
0
1000
50.3573923718332
0
-522.102963115321
0.0176555254601015
0
0
0
0
0
0.0209882624011242
0
0
0
25.7270571167139
0
0
0
0
0
465.456820963282
0
465.456820963282
0
465.456820963282
0
465.456820963282
0
465.456820963282
0
465.456820963282
0
0
465.456820963282
0
0
0
0
0
0
522.102963115321
0
0
0
0
0
0
0
-814.618934408608
-814.618934408608
0
0
0
0
0
-1000
0
1000
0
0
0
0
0
0
0
0
0
0
0
0
0.00262210774158532
0.00262210774155847
0
0
0
0.00262210774155847
-0.00262210774155847
0
0
0
-0.00262210774155847
0
0
0
0
0
0
0
383.67511625442
0
0
0
0
0
0
0
0
0
0
0
0
0
0
0
0
0
0
611.0870587804
0
0
1000
0
0
0
0
1000
0
0
0
-10.733145821598
0
0
0
0
-1000
0
0
0
0
0
0
-204.433595455152
-306.644268597737
1000
-102.216797727576
0
0
0
-1000
-102.216797727576
-102.216797727576
1000
-1000
0
0
1000
0
0
0
0
0
1000
619.5865400405
0
0
0
0
0
-2.88421401144979
0
0
0
0
0
0
816.354788170634
-813.348082459372
-1000
0
0
0
0
0
0
0
0
816.354788170634
0
0
0
0
0
-2.8872763039451
0
-999.996937707505
0
0
0
0
258.197746742974
0
0
0
0
0
0
-1000
0
0
-1000
0
663.930040797345
0
0.338213897103034
0
0
0
335.731745305551
0
-300.063953047967
0
0
0
-1000
0
0
0
0
0
0
0
0
0
0
0
0
0
0
-1000
0
-1.01464169130907
556.421187665634
0
-132.946688489615
671.409909676146
-1000
-1000
-0.708901395202815
1000
0
6.57769344202836
-0.50732084565459
0
-1000
-1000
1000
0
0
1000
1.58602556929357
0.131678577298139
0
-0.131678577298089
0
0.00130725371464543
0
0
0
0
0
0
0
0
1000
659.183716705709
0
0
0
0
0
0
0
1000
0
1000
0.344338482093645
0
0
1000
0
-0.131678577298089
0
-0.50732084565459
328.646731017869
0
0.50732084565459
0
0
0
0
6.57769344202836
0
0
-1000
0
0
0
-2.40108812662527
329.154051863523
0
-1000
-0.708901395202815
0
6.58031554976988
0
0
0
0
0
0
0
0
0
0
0
0
0
0
0
1.69106948551517
0
7.11895918246835
0
0
0
0
6.57769344202836
0
0
0
-458.338526231606
-1000
1000
-1000
1000
1000
-1000
460.859043765548
-1000
-1000
1000
-999.661786102897
0
538.801435083634
1000
6.57769344202836
-1000
0
0
0
0
-1000
6.57769344202836
-1000
1000
0
1000
1000
0
0
-1000
0
0
0
0
0
0
0
0.708901395202822
-1000
-1000
1000
1000
1000
-1000
-1000
1000
-815.222548677596
-1000
1000
1000
-1000
-1000
0
-185.115665219507
0
1000
1000
-1000
0
1000
-1000
1000
0
0
0
0
-1000
1000
0
0
0
-6.58031554976992
0
0
0
-813.755084729163
1000
0
0
0
-21.5764505695918
0
0
0
0
0
0
0
0
611.0870587804
371.595582076813
0
0
0
371.595582076813
0
0
0
0
0
929.147054508009
-797.331974051237
-131.815080456772
0
0
131.815080456772
0
0
0
0
0
0
0
0
0
0
0
0
0
0
0
0
0
0
0
0
0
0
0
0
0
0
0
0
0
0
0
0
0
0
0
0
0
0
0
0
0
0.00262210774155847
-1000
0.0765573123826471
0.0765573123826471
0
-999.492679154345
0
0
0
0
0
0
0
0
0
0
0
0
189.958575385371
0
0
0
0
0
0
0
0
0
0
0
0
0
0
0
0
0
0
0
0
0
0
0
0
0
0
0
0
0
0
0
0
0
0
0
0
0
0.1194294073169
0
0
886.241324545811
1000
0
0
0
0
0
0
-1000
0
0
0
0
0
0
0
0
0
0
0
0
0
0
0
0
0
0
0
0
0
0
0
0
0
0
0
216.503103868251
0
0
0.1194294073169
0
0
0
0
0
0
0
0
0
987.409503160431
0
0
0
0
0
0
0
0
0
0
0
0
0
0
0
0
0
0
0
0
0.00262210774158532
0
0
0
0
0
0
0
0
0
-1000
0
0
0
0
0
0
0
0
0
0
0
0
0
0
0
0
0
0
0
0
0
0
0
0
0
0
0
0
0
0
0
0
0
0
0
0
0
-1000
0
0.00306229249530556
0
0
0
1000
0.554274941650306
0.554274941650306
0
25.0791526611895
0
0
0
0
0
0
0
0
0
0
0
0
0
0
0
0
0
0
0
0
0
0
0
0
0
0
-0.00262210774155847
0
0
0
1000
0
0
-1000
0
0
0
0
1.59239209755889
0
0
1.59239209755889
0
0
0
0
0
0
0
0
0
0
1.59239209755889
0
1.59239209755889
0
0
0
9.4993611591062
27.0782501368116
17.3084445318946
12.6770833973837
18.7958889838543
6.18641669792326
14.4687778508806
26.4697501337372
24.3738056787031
7.70766670560931
14.9420556310496
30.7968612667109
24.3061945672504
7.50483337125117
12.4404445072992
17.2408334204419
22.3454723351217
18.0859723136008
3.31294446118295
22.5483056694799
0
0
0
0
0
0
0
0
0
0
0
0
0
0
0
0
0
0
0
0
0
0
0
0
0
0
0
0
0
0
0
0
0
0
0
0
0
0
0
0
0
0
0
0
0
0
0
0
0
0
0
0
0
0
0
0
0
0
0
0
0
0
0
0
0
0
0
0
0
0
0
1000
0
0
0
0
0
0
0
0
0
0
0
0
0
0
0
0
0
0
0
0
0
0
-1000
0
166.237537095342
0
0
189.958575385371
-1000
-1000
1000
1000
104.239011262707
0
245.03138369686
0
0
0
0
-21.5764505695918
-349.380637489398
-349.380637489398
-1000
0
-245.034005804602
0
-245.11974999447
1000
104.245135847698
1000
754.96861630314
0
0
1000
0
-1000
-754.96861630314
-1000
0
754.965994195398
0
0
0
245.034005804602
0
0
0
0
0
0
0
0
0
0
0
-1000
374.547290020416
1000
1000
0
500
655.021799468652
2.5091735769394
5
0
0
0
0
0
0
250
0
122.41856610167
0
0.199495709003486
0
6.63323232436437
-0.199495709003486
-0.199495709003486
0.199495709003486
0
112.08408954293
384.72669129251
0.199495709003486
0
0
0
0
-0.199495709003486
0
0
-1000
-0.199495709003486
0
0
0
0
0
0
0
0
0
0
0
0
0
0
0
0
0
0
1.2468481812715
0
5.78537556109973
0
0
0
-7.01783635119784
0
0
0
0
0
0
0
0
-0.0143873911733863
0
0
0
0
0
0
0
0
0
0
0
0
0
0
0
0
0
0
0
0
0
0
0
0
0
0
0
0
0
0
0
0
0
0
0
0
0
0
0
0
0
0
0
0
0
0
0
0
0
0
0
0
0
0
0
0
0
0
0
0
0
0
0
0
0
0
0
0
0
0
0
0
0
0
0
0
0
0
0
0
0
0
0
0
0
0
0
0
0
0
0
0
0
0
0
0
0
0
0
0
0
0
0
0
0
0
0
0
0
0
0
0
0
0
0
0
0
0
0
0
0
0
0
0
0
0
0
0
0
0
0
0
0
0
0
0
0
0
0
0
0
0
0
0
0
0
0
0
0
0
0
0
0
0
0
0
0
0
0
0
0
0
0
0
0
0
0
0
0
0
0
0
0
0
0
0
0
0
0
0
0
0
0
0
0.199495709003438
0.199495709003438
122.817557519677
0
0.199495709003438
0
0
0
0
0
0
0
0
0
0
0
0
0
0
0
0
0
0
0
0
0
0
0
0
0
0
0
0
0
0
0
0
0
0
0
0
0
0
0
0
0
0
0
0
0
0
0
0
0
0
0
0
0
0
0
0
0
0
0
0
0
0
0
0
0
0
0
0
0
0
0
0
0
0
0
0
0
0
0
0
0
0
0
0
0
0
0
0
0
0
0
0
0
0
0
0
0
0
0
0
0
0
0
0
0
0
0
0
0
0
0
0
0
0
0
0
0
0
0
0
0
0
0
0
0
0
0
0
0
0
0
0
0
0
0
0
0
0
0
0
0
0
0
0
0
0
0
0
0
0
0
0
0
0
0
0
0
0
0
0
0
0
0
0
0
0
0
0
0
0
0
0
0
0
0
0
0
0
0
0
0
0
0
0
0
0
0
0
0
0
0
0
0
0
0
0
0
-1000
0
0
0
0
0
0
0
0
0
0
0
0
0
0
0
0
0
0
0
0
0
0
0
0
0
0
0
0
0
0
0
0
0
0
0
0
0
0
0
0
0
0
0
0
0
0
0
0
0
0
0
0
0
0
0
0
0
0
0
0
0
0
0
0
0
0
0
0
0
0
0
0
0
0
0
0
0
0
0
0
0
0
0
0
0
0
0
0
0
0
0
1000
1000
0
0
0
0
0
0
0
0
0
0
0
0
0
0
0
0
0
0
-1000
0
-1000
0
0
0
0
0
0
0
1000
1000
0
0
0
0
0
0
0
0
0
0
0
0
0
0
0
0
0
0
0
0
0
0
0
0
0
0
0
0
0
0
0
0
0
0
0
0
0
0
0
0
0
0
0
0
0
0
0
0
0
0
0
0
0
0
0
0
0
0
0
0
0
0
0
0
0
0
0
0
0
0
0
0
0
0
0
0
0
0
0
0
0
0
0
-1000
33.7979541473435
0
0
0.199495709003486
0
1000
0
0
122.618061810673
0
620.150218737952
0
373.804301224572
0
0
0
0
0
0
1000
1000
0
0
0
0
0
0
0
0
0
0
0
0
0
-1000
-1.2468481812715
0
-5.78537556109973
0
7.01783635119784
0
0
0
0
0
0
0
0.0143873911733863
0
0
0
0
0
250
0
-1000
0
0
0
-33.7979541473435
-999.984267353551
-0.0157326464494645
0
0
0.199495709003486
-0.199495709003486
0
0
129.849781262048
-129.849781262048
-1000
0
0
0
-122.618061810673
-122.618061810673
-1000
0
-129.849781262048
-870.150218737952
-1000
0
788.438780338859
-373.804301224572
-1000
0
0
0
0
0
-1000
0
0
0
0
0
1000
-1000
-1000
0
0
0
-1000
0
0
0
1000
0
0
0
0
0
0
0
0
0
0
0
0
0
0
0
0
0
0
0
-1000
1000
-1000
1.2468481812715
-1000
0
-1000
5.78537556109973
-1000
0
-7.03222374237123
-7.03222374237123
0
0
0
0
0
0
1000
0
-1000
0
-1000
0
1000
0
-1000
0
-1000
0
0
0
0
0
0
0
0
0
0
-1000
250
-250
0
0
0
0
0
0
0
0
0
0
0
0
0
0
0
0
0
0
0
0
0
0
0
0
0
0
0
0
0
0
0
0
0
0
0
0
0
0
0
0
0
0
0
0
0
0
0
0
0
0
0
0
0
0
0
0
0
0
0
0
0
0
0
0
0
0
0
0
0
0
0
0
0
0
0
0
0
0
0.0143873911733863
0.0143873911733863
0
0
0
0
0
0
0
0
0
0
0
0
0
0
0
0
-0.0143873911733863
-0.0143873911733863
0
0
0
0
0
0
0
0
0
0
0
0
0
0
0
0
0
0
0
0
0
0
0
0
0
0
0
0
0
0
0
0
0
0
0
0
1000
0
0
0
0
0
0
0
0
0.858807421461126
0.00262210774158532
0
0
0
0
0
0
0
0
0.10805617332763
0
0
0
0
0
0
0
0
0
0
0
0
0
0
0
0
0
0
0
0
0
0
0
0
0
0
0
0
0
0
0
0
0
0
0
0
0
0
0
0
0
0
0
0
0
0
0
0
0
0
0
0
0
0
0
0
0
0
0
0
0
0
0
0
0
129.849781262048
129.849781262048
129.849781262048
0
0
0
0
0
0
0
0
0
0
0
0
0
0
0
0
0
0
0
0
0
0
0
0
0
0
0
0
0
0
0
0
0
0
0
0
0
0
0
0
0
0
0
0
0
0
0
0
0
0
0
0
0
0
0
0
0
0
0
0
0
0
0
0
0
0
0
0
0
0
0
0
0
0
0
0
0
0
0
0
0
0
0
0
0
0
0
0
0
0
0
0
0
0
0
0
0
0
0
0
0
0
0
0
0
0
0
0
0
0
0
0
0
0
0
0
122.618061810673
122.618061810673
122.618061810673
122.618061810673
-122.618061810673
0
0
0
0
0
0
0
0
0
0
0
0
0
0
0
0
0
0
0
0
0
0
0
0
0
0
0
0
0
0
0
0
0
0
0
0
0
0
0
0
0
0
0
0
0
0
0
0
0
0
0
0
0
0
0.00262210774158532
0.00262210774158532
0.00262210774158532
0.00262210774158532
0.00262210774158532
0
0
0
0
0
0
0
1000
1000
0
0
0
0
0
0
0
0
0
0
0
0
0
0
0
0
0
0
0
0
0
0
0
0
0
0
0
0
0
0
0
0
0
0
0
0
0
0
0
0
10.733145821598
10.733145821598
-10.733145821598
3.57159702246896
-1.78448745736364
1.78448745736369
1.78448745736369
1.78448745736369
1.78448745736369
1.78448745736369
1.78448745736369
1.78448745736369
1.78448745736369
1.78448745736369
1.78448745736369
1.78448745736369
0
1.78448745736364
1.78448745736369
1.78448745736369
1.78448745736369
1.78448745736369
1.78448745736369
1.78448745736369
0
0
0
1.78448745736369
0
1.78448745736369
1.77925844250511
0
0
0
0
0
0
0
0
0
0
0
0
0
0
0
0
10.733145821598
10.733145821598
3.57159702246896
3.57159702246896
0
0
0
0
0
0
0
0
0
0
0
0
0
0
0
0
0
0
0
0
0
0
0
0
0
0
0
0
0
0
0
0
0
0
0
0
0
0
0
0
0
0
0
0
0
0
0
0
0
0
0
0
0
0
0
0
0
0
0
0
0
0
0
0
0
0
0
0
0
0
0
0
0
0
0
0
0
0
0
0
0
0
0
0
0
0
0
0
0
0
0
0
0
0
0
0
0
0
0
0
0
0
0
0
0
0
0
0
0
0
0
0
0
0
0
0
0
0
0
0
0
0
0
0
0
0
0
0
0
0
0
0
0
0
0
0
0
0
0
0
0
0
0
0
0
0
0
0
0
0
0
0
0
0
0
0
0
0
0
0
0
0
0
0
0
0
0
0
0
0
0
0
0
0
0
0
0
0
0
0
0
0
0
0
0
0
0
0
0
0
0
0
0.858807421461126
496.94424341808
496.94424341808
0
2.66365611546165
2.66365611546165
0
-499.607899533542
0
2.66365611546165
0
496.085435996619
0
0
1000
0
2.66365611546165
0
2.66365611546165
2.66365611546165
0
0
0
0
0
0
0
0
0
0
0
0
0
0
0
0
0
0
0
0
0
0
0
0
0
0
0
0
0
0
0
0
0
0
0
0
0
0
499.607899533542
0
0
0
0
0
0
0
0
0
0
0
0
0
0
0
0
0
0
0
0
0
0
0
0
0
0
0
0
0
0
0
0
0
0
0
0
0
0
0
0
0
0
0
0
0
0
0
0
0
0
0
0
0
0
0
0
0
0
0
0
0
0
0
0
0
0
0
0
0
0
0
0
0
0
0
0
0
0
0.858807421461126
0.00262210774158532
0
0
0
0
0
0
0
1.13059965598553
0
0
0
0.708901395202822
0.708901395202822
0.708901395202822
0
0
0
0
0
0
0.969485702530341
0
0
0
0.00262210774158532
0
0
0
0
-0.969485702530392
0.969485702530341
0
0
0
0
0
0
0
0
0
0
0.168311449198031
0
0.161113953455187
0
0
0
0
0
0
0
0
0
0
7.90439065560142
7.90439065560142
7.90439065560142
0
0
0
0
-0.108056173327668
0
0
0
0
0
0
0
0
0
0
0
0
0
0
0
0
0
0
0
0
0
0
0
0
0
0
0
0
0
0
0
0
0
0
0
0
0
0
0
0
0
0
0
0
0
0
0
0
0
0
0
0
0
0
0
0
0
0
0
0
0
0
0
0
0
0
0
0
0
0
0
0
0
0
0
0
0
0
0
0
0
0
0
0
0
0
0
0
0
0
0
0
0
0
0
0
0
0
0
0
0
0
0
0
0
0
0
0
0
0
0
0
0
0
0
0
0
0
0
0
0
0
0
0
0
0
0
0
0
0
0
0
0
0
0
0
0
0
0
0
0
0
0
0
0
0
0
0
0
0
0
0
0
0
0
0
0
0
0
0
0
0
0
0
0
0
0
0
0
0
0
0
0
0
0
0
0
0
0
0
0
0
0
0
0
0
0
0
0
0
0
0
0
0
0
0
0
0
0
0
0
0
0
0
0
0
0
0
0
0
0
0
0
0
0
0
0
0
0
0
0
0
0
0
0
0
0
0
0
0
0
0
0
0
0
0
0
0
0
0
0
0
0
0
0
0
0
0
0
0
0
0
0
0
0
0
0
0
0
0
0
0
0
0
0
0
0
0
0
0
0
0
0
0
0
0
0
0
0
0
0
0
0
0
0
0
0
0
0
0
0
0
0
0
0
0
0
0
0
0
0
0
0
0
0
0
0
0
0
0
0
0
0
0
0
0
0
0
0
0
0
0
0
0
0
0
0
0
0
0
0
0
0
0
0
0
0
0
0
0
0
0
0
0
0
0
0
0
0
0
0
0
0
0
0
0
0
0
0
0
0
0
0
0
0
0
0
0
0
0
0
0
0
0
0
0
0
0
0
0
0
0
0
0
0
0
0
0
0
0
0
0
0
0
0
0
0
0
0
0
0
0
0
0
0
0
0
0
0
0
0
0
0
0
0
0
0
0
0
0
0
0
0
0
0
0
0
0
0
0
0
0
0
1000
0
0
0
0
338.606030526842
0
0
0
0
0
0
0
0
0
0
0
0
0
0
0
0
0
0
0
0
0
0
0
0
0
0
0
0
0
0
0
0
0
0
0
0
0
0
0
0
0
0
0
0
0
0
0
0
0
0
0
0
0
0
0
0
0
0
0
0
0
0
0
0
0
0
0
0
0
0
0
0
0
0
0
0.1194294073169
0.1194294073169
0
0
0
0.119429407316943
0
0.1194294073169
0
0
0
0
0.0183737549718169
0
0
0
0
0
0
0
0
0
0
0
0
0
0.722701028892118
0
0
0
0
0
0
0.722701028892118
0.722701028892118
0.722701028892118
0.722701028892061
0
0
0
0
0
0
0
0
0
0
0
0
0
0
0
0
0
0
0
0
0
0
0
0
0
0
0
0
0
0
0
0
0
0
0
0
0
477.759951951902
477.759951951902
0
0
0
0
0
0
0
0
0
0
0
0
0
0
0
0
0
0
0
0
0
0
0
0
0
0
0
0
0
0
0
0
0
0
0
0
0
0
0
0
0
0
0
0
0
0
0
0
1000
-1000
166.747480048738
0
0
0
-1000
1000
1000
0
0
0
0
-1000
166.240159203084
0
0
0
0
0
0
0
0
0
0
0
0
0
0
0
0
0
0
0
0
0
0
0
0
0
0
0
0
0
0
0
0
0
0
0
0
0
0
0
0
-1000
0
0
0
0
0
0
0
0
0
0
0
0
0
0
0
0
0
-999.997377892258
999.997377892259
1000
999.997377892259
1000
-1000
-1000
0
0
0
0
0
0
0.00262210774155847
0
0
0
0
0
0
0
0
0
0
0
0
0
0
0
0
0
500
0
0
0
0
0.00196088057202815
0.00262210774158532
0.00719749574284433
1000
0.00130725371464543
0.00130725371464543
866.925150409356
0
0.000653626857229028
0.00130725371464543
0.0111268571990477
-0.00130725371468543
0.00130725371464543
0.00130725371464543
0.00130725371464543
0.00130725371464543
0.00130725371464543
-0.00130725371468543
-0.00261450742925717
0.00130725371464543
0.00130725371464543
0.00130725371468543
0.00130725371464543
-999.96727305526
-0.0039293614562439
999.965965801546
0.00262210774155847
0.00130725371464543
0.00130725371464543
0.00262210774158532
0.00262210774158532
-0.00262210774155847
-0.00262210774155847
0.00262210774155847
0.00262210774155847
0.00130725371464543
0.00130725371464543
0.00130725371464543
0.00130725371464543
-0.0039293614562439
-999.990180396516
0
0
0
0
0
0
-113.758675454189
0
0
0
0.00262210774158532
0
0
0
0
0.00131105387079266
0.00262210774155847
0.00262210774155847
0
0.00262210774158532
0
0
0
0
0
-0.00262210774155847
0
0
0.00522901485858173
0.00130725371464543
0.0039217611439363
0.00130725371464543
-0.00130725371468543
0.00130725371464543
0.00130725371464543
0.00130725371464543
0.00130725371464543
0.00130725371464543
0.00130725371464543
0.00261450742929087
0.00130725371464543
0.00130725371464543
0.00130725371464543
0.00130725371464543
0.00130725371464543
0
0.00130725371464543
0.00262210774158532
0.00262210774158532
0.00262210774158532
0.00262210774158532
0.00262210774158532
0.00262210774158532
0.00262210774158532
0.00262210774158532
0.00262210774158532
0.00262210774158532
0.00262210774158532
0.00262210774158532
0.00262210774158532
0.00262210774158532
0
0
0
0
0
0
0
0
0
0
0
0
-0.00262210774155847
0
0
0
0
0
0
0
0
0
0
0
0
0
0
0
0
0
0
0
0
0
0
0
0
0
0
0
0
0
0
0
0
0
0
0
0
0
0
0
0
0
0
0
0
0
0
0
0
0
0
0
0
0
0
0
0
0
0
0
0
0
0
0
1000
500
189.958575385371
0
0
0
0
0.00262210774158532
0
0
0
0
0
0
0
0
0
0
1000
0
0
0
0
0
0
0
0
0
0
436.66041482216
0
0
0
0
-621.93861366739
0
0
0
-250
0
-122.41856610167
0
0
0
0.199495709003438
0
0
0
0
0
0
0
0
0
0.199495709003438
0
0
1.36397104602186
0
0
0
0
0.199495709003438
0
0.199495709003438
0
0.199495709003438
0
74.7111430217877
0
0
0
12.4684818127149
0
77.0552176025781
0
0.199495709003438
0
0.398991418006877
0
0.199495709003438
0
0.199495709003438
0
0.199495709003438
0
0.199495709003438
0
0.199495709003438
0
0.199495709003438
0
0.199495709003438
0
0.199495709003438
0
0.199495709003438
0
0.199495709003438
0
0.199495709003438
0
0.199495709003438
0
0.199495709003438
0
0.199495709003438
0
0.199495709003438
0
0.199495709003438
0
0.199495709003438
0
4.18940988907221
0
0
0
5.73550163384886
0
0
0
2.94256170780072
0
0.199495709003438
0
0.199495709003438
0
20.8827881269368
0
0.199495709003438
0
0.199495709003438
0
0.199495709003438
0
0.199495709003438
0
95.5085706853962
0
1.44634389027493
0
10.7228943589348
0
1000
0
0.712622372685429
0
0.199495709003438
0
0.199495709003438
0
1.89520923553267
0
0.199495709003438
0
0.199495709003438
0
0.199495709003438
0
0
663.703147235278
0
0
496.085435996619
1000
0
0
0
0
166.237537095342
-1000
1000
0
0.722701028892118
-1000
180.071601990858
-183.645211829366
0
476.790466249372
1000
-1000
-1000
0
0
0
1000
0
0
0
0
-340.816283294291
1000
0
0
0
0
-1000
697.048770648088
-0.00262210774155847
0
0
0
-0.708901395202815
0
328.646731017869
0
0
0
465.474476488742
1000
1000
-993.422306557972
300.063953047967
0
0
1000
24.3950010496143
0
-1000
0
0
1000
1000
-1000
1000
0
855.012337682075
0
0
-1000
842.247064053955
1000
227.803566593584
0
0
0
0
-189.958575385371
0
0
0
0
0
0
0
0
0
448.579941949524
0
1000
0
0
0
0
0
0
0
0
0
0
1000
0
0
0
0
0
0
0
0
-1000
-437.114193063741
1000
-1000
1000
-1000
-1000
462.193345724931
-1000
-1000
-1000
1000
1000
-1000
-1000
-1000
-1000
7.61813819357747
-881.198515647662
1000
-1000
-1000
-1000
605.892913852899
1000
1000
1000
1000
1000
-1000
-1000
1000
-1000
-1000
-1000
-1000
46.2695945508758
-1000
-1000
1000
-1000
1000
-1000
-1000
-1000
-1000
-1000
-1000
-1000
-1000
-1000
-1000
-479.339396917468
1000
-1000
-1000
-1000
-1000
-1000
-1000
-1000
-1000
-1000
-1000
-1000
-1000
-1000
-1000
113.878447216693
-1000
-12.7138309073274
-1000
-1000
1000
1000
0
-1000
-1000
-1000
1000
-1000
-1000
1000
-1000
530.327950144127
1000
-1000
1000
-1000
1000
479.339396917468
1000
-1000
1000
1000
1000
1000
1000
-1000
-1000
-1000
-1000
1000
-1000
-1000
-977.182212590933
177.027077747824
-1000
984.745590534429
1000
1000
1000
1000
1000
1000
1000
-1000
-1000
-1000
-1000
-1000
-1000
1000
974.864459355179
7.78116172549664
0
-1000
-1000
0
0
0
0
0
0
0
0
0
0
0
0
0
0
0
0
0
0
0
0
0
0
0
0
0
0
0
0
0
0
0
0
0
0
0
0
0
0
0
0
0
0
0
0
0
0
0
0
0
0
0
0
0
0
0
0
0
0
0
0
0
0
0
0
0
0
0
0
0
0
0
0
0
0
0
0
0
0
0
0
0
0
0
0
0
0
0
0
0
0
0
0
0
0
0
0
0
0
0
0
0
0
0
0
0
0
0
0
0
0
0
0
0
0
0
0
0
0
0
0
0
0
0
0
0
0
0
0
0
0
0
0
0
0
0
0
0
0
0
0
0
0
0
0
0
0
0
0
0
0
0
0
0
0
0
0
0
0
0
0
0
0
0
0
0
0
0
0
0
0
0
0
0
0
0
0
0
0
0
0
0
0
0
0
0
0
0
0
0
0
0
0
0
0
0
0
0
0
0
0
0
0
0
0
0
0
0
0
0
0
0
0
0
0
0
0
0
0
0
0
0
0
0
0
0
0
0
0
0
0
0
0
0
0
0
0
0
0
0
0
0
0
0
0
0
0
0
0
0
0
0
0
0
0
0
0
0
0
0
0
0
0
0
0
0
0
0
0
0
0
0
0
0
0
0
0
0
0
0
0
0
0
0
0
0
0
0
0
0
0
0
0
0
0
0
0
0
0
0
0
0
0
0
0
0
0
0
0
0
0
0
0
0
0
0
0
0
0
0
0
0
0
0
0
0
-1000
1000
1000
1000
1000
1000
1000
1000
-1000
-1000
1000
-1000
0
1000
1000
0
-1000
-1000
1000
-1000
1000
1000
-1000
0
-1000
-1000
-1000
-1000
1000
-1000
-1000
-1000
1000
-1000
-1000
-1000
1000
-1000
-1000
-1000
0
1000
-1000
-1000
1000
1000
1000
1000
-378.06138633261
-1000
-1000
-1000
-1000
-1000
-1000
0
0
0
0
0
0
-1000
1000
0
0
0
0
0
0
0
0
0
0
0
-1000
-1000
-0.34433848209369
0
0
0
0
1000
0
1000
0
0
0
0
0
0
0
0
0
-0.00262210774155847
0.00262210774158532
0
0
-0.00262210774155847
-0.00262210774155847
0
0
0
0
0
0
0
0
0
0
0
0
0
0
0
0
0
0
0
0
0
0
0
0
0
0.00262210774158532
0
0
-381.613727778747
-1000
1000
1000
1000
0
0
0
0
-0.00262210774155847
0
0
0
0
0
0
0
0
0
0
0
0
0
0
0
1000
0
0
0
3.4372963374293
0
-1000
-465.456820963282
465.456820963282
0.00262210774158532
0
0
0
1.7844874573637
-147.621199792743
0
0
0
0
0
-1000
-0.00262210774155847
1000
0
0
0
0
0
0
0
0
0
0
0
0
0
0
54.013463212681
0
0
0
0
0
0
0
0
0
0
0
0
0
0
0
0
0
0
0
0
0.00262210774158532
0
0
0
0
1000
0
-1000
0
-122.41856610167
0
1.41780279040564
0
0
0
1000
0
0.0039217611439363
1000
0
-131.815080456772
0
0
0
0
0
0
0
0
0
0
0
0.00262210774155847
-490.065389501462
245.034005804602
0
-878.999236688736
0
0
0
104.349253792538
261.209108458132
1000
0
0
0
0
0
6.58031554976992
0
0
1000
-1000
1000
611.0870587804
0
929.147054508009
0
0
1000
-993.918484579079
0
0
-1000
0
-1000
1000
0
0
0
0
0
0
0
0
0
0
738.790891541868
-1000
738.790891541868
0
0
999.996078238856
0
0
0
0
797.328052290093
0
0
0
0
1000
0
669.997351101224
0
0
0
0
0
0
0
0
0
0
0.708901395202822
0
0.00262210774158532
-0.00262210774155847
0.00262210774158532
0.00262210774158532
0
0
0.00262210774155847
0
0
-6.57769344202836
0.708901395202815
0
0
-0.00786632322478908
-1000
-1000
-1000
1000
-1000
993.422306557972
0
0
-341.40726077737
-336.580342340804
-993.422306557972
-1000
0
0
0
0
0
0
0
0
0
0
0
0
0
0
0
0
0
0
0
0
0
0
0
0
0
671.409909676146
0
0
0
0
0
0.00130725371464543
0
993.918484579079
0
0
0
0
0
0
0.00262210774158532
0
0
0
0
0
0
0
0
0
0
0
-1000
0
0
0
0
0
0
0
0
0
0
0
0
0
1000
0
0
0
0
1000
0
0
0
0
0
0
0
0
0
0
0
0
0
0
0
0
0
0
0
0
0
0
0
0
0
0
0
1.69106948551519
0
0
0
0
0
0
0
-1000
0
0
0
0
0
0
0
0
0
0
0
0
0
0
0
0
0
0
0
0
0
0
0
0
0
0
0
0
0
0
0
0
0
0
0
0
0
0
0
0
0
0
0
0
0
0
0
0
0
0
0
0
0
0
0
0
0
0
0
0
0
0
0
0
0
0
0
0
0
0
0
0
0
0
0
0
0
0
0
0
0
0
0
0
0
0
0
0
0
0
0
0
0
0
0
0
0
0
0
0
0
0
0
0.0176555254600999
0
0.00130725371468543
0
0.0143873911733863
0
0
-0.0176555254600999
-0.0307356629185733
0
0
0.00326813428671358
0
0
0
0
0
0
0
0
0
0
0
0
0
0
0
0
0
0
0
0.00262210774158532
0.00262210774158532
0.00262210774158532
-381.613727778747
-1000
0
-33.7979541473435
-1000
0
0
0
0
0
0
1000
999.996078238856
0
0
0
0
0
0
0
0
0
0
-1000
0
1000
0
414.634479114287
-1000
1000
1000
1000
1000
0
0
0
0
0
0
0
0
0
797.328052290093
-1000
0
1000
0.287203134420116
0.00262210774158532
0.00262210774158532
0.00262210774158532
0.00262210774158532
0.00262210774158532
147.602845038552
0
0
1000
10.9223900679383
0
0
0
0
0
0
0
0
0
0
0
0
0
0
-1000
0
0
0
0
0
0
0
1000
-1000
0
1000
0
0
-1000
0
0
0
0
0
0
0
0
0
250
0
0
0
0
0
0
0
0
0
0
0
0
0
0
0
0
0
0
0
1.24684818127149
0
0
0
0
0
7.03222374237121
0
0
0
0
0
0
0
0
0
0
0
166.240159203084
0
0
0
0
0
0
0
0
-1000
0
0
0
0
0
0
388.9129412196
1000
1000
-1000
-1000
-1000
-1000
0
0.00719749574284433
0
0
0
0
-999.868321422702
-1000
-1000
0
0
0
0
0
-1000
10.5759004271007
0
0
0
0
0.421698260782706
0.421698260782706
0
-0.0117728837439017
0
0
0
0
0
0
0.266188270925961
0
-1000
0
0
866.922528301615
0
0
0
0
998.753151818728
0.00262210774158532
0
0
0
0
0
0
0
1000
-1000
0
0
994.2146244389
0
0
0
-1000
0
0
0
-870.150218737952
0
-1000
-250
0
0
0
-1000
0
0
0
0
-122.618061810673
0
0
0
0
-1000
1000
-1000
1000
-1000
1000
-1000
0
0
0
0
-1000
-1000
0
0
1000
0
0
0
0
0
0
0
0
0
0
0
0
0
663.419657659196
0
669.997351101224
0
0
0
0
0
0
0
0
0
-1000
738.790891541868
0
-1000
1000
-1000
-1000
1000
0
0
0
0
0
0
0
-1000
-338.606030526842
0
-1000
0.00130725371464543
0.00130725371464543
0
-1000
0
0
373.804301224572
0
0
0
0
0
0
0
0
0
0
0
0
0
0
0
0
0
0
0
0
0
0
0
0
0
-0.0143873911733863
0
0
0
0
0
0
0
0
0
0
0
0
0
0
0
0
0
0
0
0
0
0
0
0
0
0
0
0
0
0
0
0
0
0
0
0
0
0
0
0
0
0
0
0
0
-1000
0
-1000
0
0
0
0
0
0
-1000
0
0
0
0
0
0
0
0
0
0
0
870.150218737952
0
0
0
0
0
0
0
0
0
0
0
0
0
1000
0
0
0
-1000
0
0
0
0
0
0
0
0
0
0
0
0
0
0
0
0
0
0
0
0
0
0
0
0
0
0
0
0
0
0
0
0
0
0
0
0
0
0
0
0
122.41856610167
0
0
0
0
0
0
0
0
0
0
0
0
0
0
0
0
0
0
0
0
0
0
0
0
0
0
0
0
0
0
0
0
0
0
0
0
0
0
0
0
0
0
0
0
0
0
0
0
0
0
0
0
0
0
0
0
0
0
0
0
0
0
0
0
0
0
0
0
0
0
0
0
0
0
0
0
0
0
0
0
0
0
0
0
0
0
0
0
0
0
0
0
0
0
0
0
0
0
0
0
0
0
0
0
0
0
0
0
0
0
0
0
0
0
0
0
0
0
0
0
0
0
0
0
0
0
0
0
0
0
0
0
0
0
0
0
0
0
0
0
0
0
0
0
1000
0
0
0
0
-1000
0
0
0
0
0
0
0
0
0
0
0
0
0
0
0
0
0
0
0
0
0
0
0
0
0
0
0
-602.216797727576
0
783.496896131749
-1000
216.622533275568
0
-1000
0
-3.4372963374293
663.703147235278
0
0
0
0
1000
0.0157326464494645
0
0
0
0
0
0
0
0
0
0
0
0
0
0
0
0
0
0
0
0
0
0
0
0
0
0
0
0
0
0
0
0
0
0
0
0
0
0
0
0
0
0
0
0
0
0
0
0
0
0
0
0
0
0
0
0
0
0
0
0
0
0
0
0
0
0
0
0
0
0
0
0
0
0
0
0
0
0
0
0
0
0
0
0
0
0
0
0
0
0
0
0
0
0
0
0
0
0
0
0
0
0
0
0
0
0
0
0
0
0
0
0
0
0
0
0
0
0
0
0
0
0
0
0
0
0
0
0
0
0
0
0
0
0
0
0
0
0
0
0
0
0
0
0
0
0
0
0
0
0
0
0
0
0
0
0
0
0
0
0
0
0
0
0
0
0
0
0
0
0
0
0
0
0
0
0
0
0
0
0
0
0
0
0
0
0
0
0
0
0
0
0
0
0
0
0
0
0
0
0
0
0
0
0
0
0
0
0
0
0
0
0
0
0
0
0
0
0
0
0
0
0
0
0
0
0
0
0
0
0
0
0
0
0
0
0
0
0
0
0
0
0
0
0
0
0
0
0
0
0
0
0
0
0
0
0
0
0
0
0
0
0
0
0
0
0
0
0
0
0
0
0
0
0
0
0
0
0
0
0
0
0
0
0
0
0
0
0
373.804301224572
0
0
0
0
0
0
0
0
0
0
0
-1000
0
0
0
0
0.00262210774155847
-987.09714932591
0
0
0
0
0
0
0
0
0
0
0
0
0
0
0
0
0
0
0
0
0
0
0
0
0
0
0
0
0
0
0
0
0
0
0
0
0
0
0
0
0
0
0
0
0
0
0
0
0
0
0
0
0
0
0
0
0
0
0
0
0
0
0
0
0
0
0
0
0
0
0
0
0
0
0
0
0
0
0
0
0
0
0
0
0
0
0
0
0
0
0
0
0
0
0
0
0
0
0
0
0
0
0
0
0
0
0
0
0
0
0
0
0
0
0
0
0
0
0
0
0
0
0
0
0
0
0
0
0
0
0
0
0
0
0
0
0
0
0
0
0
0
0
0
0
0
0
0
0
0
0
0
0
0
0
0
0
0
1000
0
0
1000
495.372403232936
0
0
0
0
0
0
0
1000
0.00262210774155847
0
0
-495.372403232936
0
1000
0
0
0
0
0
0
999.963343693804
0
0
0
0
0
0
0
0
0
0
1000
-1000
0
0
0
0
0
0
0
0
0
0
0
0
0
0
0
0
0
0
0
0
0
0
0
0
0
0
0
0
0
0
0
0
0
0
0
0
0
0
0
0
0
0
0
0
0
0
0
0
0
0
0
0
0
0
0
0
0
0
0
0
0
0
0
0
0
0
0
0
0
0
0
0
0
0
0
0
0
0
0
0
0
0
0
0
0
0
0
0
0
0
0
0
0
0
0
0
0
0
0
0
0
0
0
0
0
0
0
0
0
0
0
0
0
0
0
0
0
0
0
0
0
0
0
0
0
0
0
0
0
0
0
0
0
0
0
0
0
0
0
0
0
0
0
0
0
0
0
1000
500
63.335935787085
-498.739272508596
0
0
-0.708901395202815
0
0
0
338.055557263566
14.0099089961032
30.6229249530556
0.076003122944502
63.335935787085
0
0
0
0
0
0
0
0
0
0
0
0
0
0
0
0
0
0
0
831.136142964152
-1000
0
-1000
0
186.244915270837
0
0
0
0
-1000
500
0
-250
0
0
0
0
999.987573489399
0.00262210774155847
0
0.00850474945758346
0
0
0
0
0
0
0
0
0
0
0
0
0
0
0
0
0
0
0
250
0
122.41856610167
0
0
465.474476488742
-95.5085706853962
-4.18940988907218
0
-7.78116172549664
-15.2544094655708
-31.1092151012321
-24.3950010496143
-7.61813819357747
-1000
-19.2741418017794
-3.3435673861361
-22.8177874090668
-1000
-1000
0
0
0
0
0
0
0
-1000
-267.687463601185
-12.7138309073274
-390.844598512866
-9.66734706159434
17.6004485302473
-17.3543789193242
-1000
114.356824269163
479.339396917468
0
0
0
0
0
0
1000
0
999.868321422702
-1000
0
0
0
0
0
0
1000
797.331974051237
0
0
0
-1000
0
0
0
0
0
0
0
-0.00262210774155847
-0.00262210774155847
0
0
0
0
0
0
0
0
0
0
0
0
1000
-1000
0
0
1000
0
621.93861366739
0
0
1000
-1000
0
-0.00262210774155847
-0.00262210774155847
-0.722701028892061
833.759840796916
0
0
-0.00262210774155847
0
-0.00262210774155847
0
0
-500
-0.00262210774155847
0
0
0
-0.00262210774155847
0
0
0
0
0
-0.00262210774155847
0
0
0
0
0
1000
0
0
0
0
0
166.237537095342
0
0
0
0
0
0
-819.928398009142
0
0
0
0
-1000
0
1000
0
0
-0.00262210774155847
0
0
0
0
974.920847338811
0
0
0
0
0
0
0
0
0
-0.0183547541906819
-0.708901395202815
-0.34433848209369
-1000
-1000
500
0
0
0
0
328.646731017869
0
0
1.78448745736364
1000
0
0
0
0
0
300.063953047967
0
0
-1000
0
697.048770648088
-1000
-183.645211829366
0
0
476.790466249372
1000
0
0
0
0
465.456820963282
0
-189.958575385371
0
0
0
-1000
-113.758675454189
0
0
0
0
0
-1000
0
0
0
0
-1000
1000
0
0
0
0
0
659.183716705709
1000
0
-993.422306557972
-1000
0
0
-465.456820963282
0
0
0
0
0
0
0
1000
0
-0.712622372685473
-0.199495709003486
-54.0134632126809
0
-2.94256170780068
-20.8827881269368
-1.89520923553266
-10.7228943589348
-5.7355016338488
-0.199495709003486
0
0
1.3639710460219
0
-0.199495709003486
-1000
-0.199495709003486
-0.199495709003486
-0.199495709003486
-1.44634389027487
0
-0.199495709003486
-74.7111430217877
-77.0552176025781
0
-10.5759004271007
0
-0.266188270925909
-0.199495709003486
0
-436.66041482216
-0.199495709003486
-0.199495709003486
-0.199495709003486
-0.199495709003486
0
0
-12.4684818127149
0
0
0
-1000
1000
0
0
0
1000
-0.00262210774155847
0
1000
-1000
1000
0
0
-1000
0
-1000
-1000
0
0
0
0
0
0
0
0
0
0
0
0
0
0
0
1000
-1000
1000
-1000
-1000
0
0
-1000
-0.199495709003486
-0.199495709003486
0
0
0
0
1000
216.503103868251
-216.622533275568
1000
0.0157326464494645
0
0
0
0
0
1000
-1000
0
0
0
0
0
0
0
0
0
0
0
0
0
0
0
0
0
0
0
0
0
0
0
0
0
0
0
0
0
0
0
0
0
0
0
0
0
0
0
0
0
0
0
0
0
0
0
0
0
0
0
0
0
0
0
0
0
0
0
0
0
0
0
0
0
0
0
0
0
0
-0.199495709003486
0
0
0
0
0
0
0
0
0
0
0
0
0
0
0
0
0
0
0
0
0
0
0
0
0
0
0
0
0
0
0
0
0
0
0
0
0
0
0
0
0
0
0
0
0
0
0
0
0
0
0
0
0
0
0
0
0
0
0
0
0
0
0
0
0
0
0
0
0
0
0
0
0
0
0
0
0
0
0
0
0
0
0
0
0
0
0
0
0
0
0
0
0
0
0
0
0
0
0
0
0
0
0
0
0
0
0
0
0
0
0
0
0
0
0
0
0
0
0
0
0
0
0
0
0
0
0
0
0
0
0
0
0
0
0
0
0
0
0
0
0
0
0
0
0
0
0
0
0
0
0
0
0
0
0
0
0
0
0
0
0
0
0
0
0
0
0
0
0
0
0
0
0
0
0
0
0
0
0
0
0
0
0
0
0
0
0
0
0
0
0
0
0
0
0
0
0
0
0
0
0
0
0
0
0
0
0
0
0
0
0
0
0
0
0
0
0
0
0
0
0
0
0
0
0
0
0
0
0
0
0
0
0
0
0
0
0
0
0
0
0
0
0
0
0
0
0
0
0
0
0
0
0
0
0
0
0
-1000
659.183716705709
1000
0
0
0
987.097149325909
0
0
0
0
0
0
0
0
0
0
0
0
0
0
0
0
0
0
0
999.963343693804
0
0
0
0
0
1000
0
-1000
0
-1000
-0.00262210774155847
0
0
0
0
0
0
0
0
-503.914564003381
0
0
0
0
0
0
0
0
0
0
0
0
0
0
0
0
0
0
0
0
0
0
0
0
0
0
0
0
0
0
0
0
0
0
0
0
0
0
0
0
0
0
0
0
0
0
0
0
0
0
0
0
0
0
0
0
0
0
0
0
0
0
-1000
1000
1000
0
436.66041482216
436.66041482216
0
0
-0.199495709003486
-0.199495709003486
-0.199495709003486
-0.199495709003486
0
-0.199495709003486
-0.398991418006858
0
-0.199495709003486
-0.199495709003486
-0.199495709003486
-0.199495709003486
0
-0.199495709003486
-0.199495709003486
-0.199495709003486
-0.199495709003486
-0.199495709003486
-0.199495709003486
-0.199495709003486
0
-0.199495709003486
-0.199495709003486
-0.199495709003486
0
-1000
63.335935787085
0
1000
0
0
0
0
0
0
0
0
0
