0
0
0
0
0
0
0
1000
-1000
816.851756931193
183.148243068807
52.1624914729474
0
0
0.10268602676896
0
999.809889751139
-999.809889751139
999.956368139606
0
0.043631860394404
0
-1000
-51.888234064754
0
1000
50.33467039879
0
-412.315148853643
0.0179684109965195
0
0
0
0
0
0
0.0240287855190219
0
0
0
26.1829837379331
0
0
0
0
0
465.456820963282
0
465.456820963282
0
465.456820963282
0
465.456820963282
0
465.456820963282
0
465.456820963282
0
0
465.456820963282
0
0
0
0
0
0
412.315148853643
0
0
0
0
0
0
0
-997.771556069645
-997.771556069645
0
0
0
0
0
0
-1000
0
1000
0
0
0
0
0
0
0
0
0
0
0
0
0
0
0
0
0
0
0
0
0.00266857589057221
0
0
0
0
0
0
0
0
0
0
0.292796275630292
1000
0
0
0
0
0
0
0
0
0
0
0
0
0
0
0
395.621371252973
0
0
-1000
0
0
0
0
-1000
0
0
0
0
-10.9233551754038
0
0
0
0
-1000
0
0
0
0
0
0
-204.39594394378
-306.587682792757
1000
-102.19797197189
0
0
0
-1000
-102.19797197189
-102.19797197189
1000
-1000
0
0
1000
0
0
0
0
0
-72.5130171191687
-1000
0
0
0
0
0
-2.93532712334388
0
0
0
0
0
0
1000
-749.306653544968
-1000
0
0
0
0
0
0
0
0
1000
0
0
0
0
0
-2.93844368480063
0
584.562460720585
0
0
0
0
258.197746742974
0
0
0
0
0
0
-306.585014216866
0
0
-1000
0
998.789040225038
0
0.344207614870908
0.344207614870908
0
0.00623312291348629
0.516311422306362
0
-1000
0
0
0
-1000
0
0
0
0
0
0
0
0
0
0
0
0
-1000
0
-0.121545896813018
1000
-1000
739.57380932667
1000
-1000
1000
-1000
-1000
-0.721464317437835
1000
-1.9645733414618
0
-1000
1000
0
-0.51631142230633
1000
0
0
1000
0
0.134012142639955
0
-0.134012142639904
0
0.00133042044399542
0
0
0
0
0
364.597233766021
0
0
1000
0
0
0
0
0
0
0
0
1000
0
1000
0
0
0
1000
0
-0.134012142639904
0
-0.51631142230633
0
0
0.51631142230633
1.96457334146184
0
0
0
0
0
0
-1000
0
0
0
-1000
0.51631142230633
0
-1000
-0.721464317437835
0
0.00266857589065239
0
0
0
0
0
0
0
0
0
0
0
0
0
0
0
1.72103807435454
0
7.2451190845487
0
0
0
0
0
0
0
0
1000
595.293158643761
-584.559344159128
-1000
-1000
414.585039506164
-1000
1000
-1000
-414.930577541479
1000
-1000
1000
0.344207614870925
1000
0
0
0
0
0
0
-1000
0
1000
-1000
-1000
0
-1000
0
0
1000
-1000
0
0
0
0
0
0
0.721464317437811
-1000
-1000
1000
-1000
1000
-1000
0.00623312291349976
-1000
-1000
1000
1000
1000
1000
-1000
0
-1000
0
1000
-1000
-4.40821277863347
1000
1000
-1000
1000
1000
0
0
0
0
0
0
0
0
-0.00266857589065239
0
0
0
-1000
1000
0
0
0
-22.0803673750348
0.121545896812982
0
0
0
0
0
0
0
0
0
0
0
0
0
0
0
0.00266857589057221
0
664.980082037601
-262.789793490688
-402.190288546913
0
271.991328543524
130.198960003388
0
0
0
0
0
0
0
0
0
0
0
0
0
0
0
0
0
0
0
0
1000
0
0
0
0
0
0
-1000
1000
0
0
0
0
0
0
0
0
0
0
0
0
1000
999.997331424109
0.0779140364186333
0.0779140364186333
0
-999.483688577694
0
0
0
0
0
0
0
0
0
0
0
0
1000
0
0
0
0
-810.143152757588
0
0
0
0
0
0
0
0
0
0
0
0
0
0
0
0
0
0
0
0
0
0
0
0
0
0
0
0
0
0
0
0
0
0
0.121545896812982
0
0
0
-1000
0
988.947347281068
0
988.947347281068
0
0
1000
0
0
0
0
0
0
0
0
0
0
0
0
0
0
0
0
0
0
0
0
0
0
0
0
0
0
0
124.45349513546
0
0
0.121545896812982
0
0
0
0
0
0
0
0
0
987.186378430016
0
0
0
0
0
0
0
0
0
0
0
0
0
0
0
0
0
0
0
0
0
0
0
0
0
0
0
0
0
0
0
0
0
0
-1000
0
0
0
0
0
0
0
0
0
0
0
0
0
0
0
0
0
0
0
0
0
0
0
0
0
0
0
0
0
0
0
0
0
0
0
0
0
0
1000
0
0.00311656145674315
0
0
0
0
0.564097623670509
0.564097623670509
0
25.5235973282955
0
0
0
0
0
0
0
0
0
0
0
0
0
0
0
0
0
0
0
0
0
0
0
0
-1000
0
0
0
-999.997331424109
0
0
1000
0
0
0
0
1.62061195750644
0
0
1.62061195750644
0
0
0
0
0
0
0
0
0
0
1.62061195750644
0
1.62061195750644
0
0
0
9.66770577844467
27.5581221656021
17.6151792119704
12.9017425868924
19.1289836754991
6.29605038240347
14.7251888725065
26.9388385214312
24.8057504137317
7.84425949283055
15.2068539290838
31.3426333244238
24.7369411199349
7.63783161144028
12.6609100586037
17.5463699181736
22.7414715998289
18.4064860906331
3.3716553960412
22.9478994812192
0
0
0
0
0
0
0
0
0
0
0
0
0
0
0
0
0
0
0
0
0
0
0
0
0
0
0
0
0
0
0
0
0
0
0
0
0
0
0
0
0
0
0
0
0
0
0
0
0
0
0
0
0
0
0
0
0
0
0
0
0
0
0
0
0
0
0
0
0
0
0
0
0
0
0
0
0
0
0
0
0
0
0
0
0
0
0
0
0
0
0
0
0
0
-1000
0
975.858585108391
0
0
1000
1000
1000
-404.99963763187
-404.99963763187
787.439633592508
0
0
0
0
0
0
-22.0803673750348
-787.844626080581
-787.551829804951
-1000
0
-189.856847242412
810.143152757588
-189.822565066388
1000
1000
787.445866715421
1000
0
0
1000
0
-1000
-1000
-1000
0
0
0
810.143152757588
810.143152757588
189.856847242412
0
0
0
0
0
0
0
0
0
0
0
-1000
405.430974249567
1000
1000
0
500
0
2.50933614811571
5
0
0
0
0
0
0
250
0
94.8520509599764
0
0.15662412987308
0.0012102315250786
5.20775231828065
-0.15662412987308
-0.15662412987308
0.15662412987308
0.0012102315250786
254.658229138073
413.249989556105
0.15662412987308
0.0012102315250786
-0.0012102315250786
0.0012102315250786
0.457141749954076
-0.15662412987308
0.0756394703186061
0
-999.998789768475
0.15662412987308
-0.15662412987308
0.0012102315250786
0.0012102315250786
-0.0012102315250786
0.0012102315250786
-0.0024204630501572
0.0012102315250786
0.0012102315250786
0.0012102315250786
0.0012102315250786
0.0012102315250786
0.0012102315250786
0.0012102315250786
0.0012102315250786
0.0012102315250786
0.0012102315250786
0.0012102315250786
0.0254148620271053
0.00365390322701842
0.0347941563466065
0.0350967142278478
0.0178509149951651
-0.0012102315250786
-0.0012102315250786
0.0987534508808494
-0.0012102315250786
-0.0012102315250786
-0.0012102315250786
-0.0012102315250786
0.579398342640729
0.0087741785569051
0.0650499444740262
0.327670185420288
-0.0104065495486338
-0.0012102315250786
-0.0012102315250786
-0.0114971994884172
-0.0012102315250786
-0.0012102315250786
0.0012102315250786
0
0
0
0
0
0
0
0
0
0
0
0
0
0
0
0
0
0
0
0
0
0
0
0
0
0
0
0
0
0
0
0
0
0
0
0
0.00391004380492177
0
0
0
0
0
0
0
0
0
0
0
0
0
0
0
0
0
0
0
0
0
0
0
0
0
0
0
0
0
0
0
0
0
0
0
0
0
0
0
0
0
0
0
0
0
0
0.00121023152509803
0
0
0
0
0
0
0
0
0
0
0
0
0
0
0
0
0
0
0
0
0
0
0
0
0
0
0
0
0
0
0
0
0
0
0
0
0
0
0
0
0
0
0
0
0
0
0
0
0
0
0.00121023152509803
0.00121023152509803
0.00121023152509803
0.00121023152509803
0
0
0
0
0
0
0
0
0
0
0
0
0
0
0
0
0
0
0
0
0
0
0
0
0
0
0
0
0
0
0
0
0
0
0
0
0
0
0
0
0.155413898348005
0.155413898348005
95.1628787566723
8.50891093455329
0.155413898348005
0
0
0
0
0
0.155413898348005
0
0
0
0
0
0
0
0
0
0
0
0
0
0
0
0
0
0
0
0
0
0
0
0
0
0
0
0
0
0
0
0
0
0
0
0
0
0
0
0
0
0
0
0
0
0
0
0
0
0
0
0
0
0
0
0
0
0
0
0
0
0
0
0
0
0
0
0
0
0
0
0
0
0
0
0
0
0
0
0
0
0
0
0
0
0
0
0
0
0
0
0
0
0
0
0
0
0
0
0
0
0
0
0
0
0
0
0
0
0
0
0
0
0
0
0
0
0
0
0
0
0
0
0
0
0
0
0
0
0
0
0
0
0
0
0
0
0
0
0
0
0
0
0
0
0
0
0
0
0
0
0
0
0
0
0
0
0
0
0
0
0
0
0
0
0
0
0
0
0
0
0
0
0
0
0
0
0
0
0
0
0
0
0
0
0
0
0
0
0
0
0
0
0
0
0
-1000
0
0
0
0
0
0
0
0
0
0
0
0
0
0
0
0
0
0
0
0
0
0
0
0
0
0
0
0
0
0
0
0
0
0
0
0
0
0
0
0
0
0
0
0
0
0
0
0
0
0
0
0
0
0
0
0
0
0
0
0
0
0
0
0
0
0
0
0
0
0
0
0
0
0
0
0
0
0
0
0
0
0
0
0
0
0
0
0
0
0
0
0
0
0
0
0
0
0
0
0
0
0
0
0
0
0
0
0
1000
1000
0
0
0
0
0
0
0
0
0
0
0
0
0
0
0
0
0
0
-1000
0
-1000
0
0
0
0
0
0
0
1000
1000
0
0
0
0
0
0
0
0
0
0
0
0
0
0
0
0
0
0
0
0
0
0
0
0
0
0
0
0
0
0
0
0
0
0
0
0
0
0
0
0
0
0
0
0
0
0
0
0
0
0
0
0
0
0
0
0
0
0
0
0
0
0
0
0
0
0
0
0
0
0
0
0
0
0
0
0
0
0
0
0
0
0
0
403.505929396849
34.3981208381563
0
0
0.155413898348002
0
-899.35878132656
0
0
95.0074648583243
0
649.35878132656
0
404.674818445552
0
0
0
0.00391004380492177
-0.312038028221082
0
0
1000
0
0
0
0
0
0
0
0
0
0
0
0
0
-1000
0.00391004380492177
0
0
0
-0.0146423598865795
0
0
0
0
0
0
0
0.0146423598865795
0
0
0
0
0
250
-1000
403.505929396849
0
0
0
497.037752433758
1000
-0.0160114553434596
0
0
0.155413898348002
-0.155413898348002
0
0
100.64121867344
-100.64121867344
1000
0
0
0
-95.0074648583243
-95.0074648583243
1000
0
1000
-899.35878132656
-1000
0
-595.325181554448
-404.674818445552
-1000
0
0
0
0
0
-1000
0
-1000
0
0
0
0
0
-1000
0
0
0
-1000
0
0
0
-1000
0
0
0
0
0
0
0
0
0
0
0
0
0
0
0
0
0
0
0
-1000
1000
-1000
0
-1000
0
-1000
0
-1000
0
0
0
0
0
0
0
0
0
-1000
0
-1000
0
-1000
0
-1000
0
-1000
0
-1000
0
0
0
0
0
0
0
0
0
0
-1000
250
-250
0
0
0
0
0
0
0
0
0
0
0
0
0
0
0
0
0
0
0
0
0
0
0
0
0
0
0
0
0
0
0
0
0.00391004380492177
-0.00391004380492177
0
0
0
0
0
0
0
0
0
0
0
0
0
0
0
0
0
0
0
0
0
0
0
0
0
0
0
0
0
0
0
0
0
0
0
0
0.00391004380492177
-0.00391004380492177
0
0
0
0
0
0
0.0146423598865795
0.0146423598865795
0
0
0
0
0
0
0
0
0
0
0
0
0
0
0
0
-0.0146423598865795
-0.0146423598865795
0
0
0
0
0
0
0
0
0
0
0
0
0
0
0
0
0
0
0
0
0
0
0
0
0
0
0
0
0
0
0
0
0
0
0
0
208.90931710864
0
0
0
0
0
0
0
0.874026930018533
0.00266857589057221
0
0
0
0
0
0
0
0
0.109971110033513
0
0
0
0
0
0
0
0
0
0
0
0
0
0
0
0
0
0
0
0
0
0
0
0
0
0
0
0
0
0
0
0
0
0
0
0
0
0
0
0
0
0
0
0
0
0
0
0
0
0
100.641218673439
100.641218673439
100.641218673439
0
0
0
0
94.8520509599763
94.8520509599763
0
0
0
0
0
0
0
0
0
0
0
0
0
0
0
0
0
0
0
0
0
0
0
0
0
0
0
0
0
0
0
0
0
0
0
0
0
0
0
0
0
0
0
0
0
0
0
0
0
0
0
0
0
0
0
0
0
0
0
0
0
0
0
0
0
0
0
0
0
0
0
0
0
0
0
0
0
0
0
0
0
0
0
0
0
0
0
0
0
0
0
0
0
0
0
0
0
0
0
0
0
0
0
0
0
0
95.0074648583243
95.0074648583243
95.0074648583243
95.0074648583243
-95.0074648583243
0
0
0
0
0
0
0
0
0
0
0
0
0
0
0
0
0
0
0
0
0
0
0
0
0
0
0
0
0
0
0
0
0
0
0
0
0
0
0
0
0
0
0
0
0
0
0
0
0
0
0
0
0
0
0.00266857589057221
0.00266857589057221
0.00266857589057221
0.00266857589057221
0.00266857589057221
0
0
0
0
0
0
0
0
0
0
0
0
0
0
0
0
0
0
0
0
0
0
0
0
0
0
0
0
0
0
0
0
0
0
0
0
0
0
0
0
0
0
0
0
0
0
0
0
10.9233551754037
10.9233551754037
-10.9233551754038
3.63489171472325
-1.81611156941631
1.81611156941634
1.81611156941634
1.81611156941634
1.81611156941634
1.81611156941634
1.81611156941634
1.81611156941634
1.81611156941634
1.81611156941634
1.81611156941634
0
1.81611156941634
1.81611156941631
1.81611156941634
1.81611156941634
1.81611156941634
1.81611156941634
1.81611156941634
1.81611156941634
0
0
0
1.81611156941634
0
1.81611156941634
1.81078988764035
0
0
0
0
0
0
0
0
0
0
0
0
0
0
0
0
10.9233551754037
10.9233551754037
3.63489171472325
3.63489171472325
0
0
0
0
0
0
0
0
0
0
0
0
0
0
0
0
0
0
0
0
0
0
0
0
0
0
0
0
0
0
0
0
0
0
0
0
0
0
0
0
0
0
0
0
0
0
0
0
0
0
0
0
0
0
0
0
0
0
0
0
0
0
0
0
0
0
0
0
0
0
0
0
0
0
0
0
0
0
0
0
0
0
0
0
0
0
0
0
0
0
0
0
0
0
0
0
0
0
0
0
0
0
0
0
0
0
0
0
0
0
0
0
0
0
0
0
0
0
0
0
0
0
0
0
0
0
0
0
0
0
0
0
0
0
0
0
0
0
0
0
0
0
0
0
0
0
0
0
0
0
0
0
0
0
0
0
0
0
0
0
0
0
0
0
0
0
0
0
0
0
0
0
0
0
0
0
0
0
0
0
0
0
0
0
0
0
0
0
0
0
0
0
0.874026930018533
386.707905852016
386.707905852016
0
5.73643938409543
5.73643938409543
0
-392.444345236112
0
5.73643938409543
0
385.833878921998
0
0
1000
0
5.73643938409543
0
5.73643938409543
5.73643938409543
0
0
0
0
0
0
0
0
0
0
0
0
0
0
0
0
0
0
0
0
0
0
0
0
0
0
0
0
0
0
0
0
0
0
0
0
0
0
392.444345236112
0
0
0
0
0
0
0
0
0
0
0
0
0
0
0
0
0
0
0
0
0
0
0
0
0
0
0
0
0
0
0
0
0
0
0
0
0
0
0
0
0
0
0
0
0
0
0
0
0
0
0
0
0
0
0
0
0
0
0
0
0
0
0
0
0
0
0
0
0
0
0
0
0
0
0
0
0
0
0.874026930018533
0.00266857589057221
0
0
0
0
0
0
0
1.15063577899667
0
0
0
0.721464317437811
0.721464317437811
0.721464317437811
0
0
0
0
0
0
0.986666615942619
0
0
0
0.00266857589057221
0
0
0
0
-0.986666615942568
0.986666615942619
0
0
0
0
0
0
0
0
0
0
0.171294210498604
0
0.163969163054048
0
0
0
0
0
0
0
0
0
0
8.04446972131251
8.04446972131251
8.04446972131251
0
0
0
0
-0.109971110033484
0
0
0
0
0
0
0
0
0
0
0
0
0
0
0
0
0
0
0
0
0
0
0
0
0
0
0
0
0
0
0
0
0
0
0
0
0
0
0
0
0
0
0
0
0
0
0
0
0
0
0
0
0
0
0
0
0
0
0
0
0
0
0
0
0
0
0
0
0
0
0
0
0
0
0
0
0
0
0
0
0
0
0
0
0
0
0
0
0
0
0
0
0
0
0
0
0
0
0
0
0
0
0
0
0
0
0
0
0
0
0
0
0
0
0
0
0
0
1000
0
0
1000
1000
0
0
0
0
0
0
0
0
0
0
0
0
0
0
0
0
0
0
0
0
0
0
0
0
0
0
0
0
0
0
0
0
0
0
0
0
0
0
0
0
0
0
0
0
0
0
0
0
0
0
0
0
0
0
0
0
0
0
0
0
0
0
0
0
0
0
0
0
0
0
0
0
0
0
0
0
0
0
0
0
0
0
0
0
0
0
0
0
0
0
0
0
0
0
0
0
0
0
0
0
0
0
0
0
0
0
0
0
0
0
0
0
0
0
0
0
0
0
0
0
0
0
0
0
0
0
0
0
0
0
0
0
0
0
0
0
0
0
0
0
0
0
0
0
0
0
0
0
0
0
0
0
0
0
0
0
0
0
0
0
0
0
0
0
0
0
0
0
0
0
0
0
0
0
0
0
0
0
0
0
0
0
0
0
0
0
0
0
0
0
0
0
0
0
0
0
0
0
0
0
0
0
0
0
0
0
0
0
0
0
0
0
0
0
0
0
0
0
0
0
0
0
0
0
0
0
0
0
0
0
0
0
0
0
0
0
0
0
0
0
0
0
0
0
0
0
0
0
0
0
0
0
0
0
0
0
0
0
0
0
0
0
0
0
0
0
0
0
0
0
0
0
0
0
0
0
0
0
0
0
0
0
0
0
0
0
0
0
0
0
0
0
0
0
0
0
0
0
0
0
0
0
0
0
0
0
0
0
0
0
0
0
0
0
0
0
0
507.469353919773
0
0
0
0
0
0
0
0
0
0
0
0
0
0
0
0
0
0
0
0
0
0
0
0
0
0
0
0
0
0
0
0
0
0
0
0
0
0
0
0
0
0
0
0
0
0
0
0
0
0
0
0
0
0
0
0
0
0
0
0
0
0
0
0
0
0
0
0
0
0
0
0
0
0
0.121545896812982
0.121545896812982
0
0
0
0.121545896813018
0
0.121545896812982
-247.633356873418
0
0
0
0.0186993687404531
0
0
0
0
0
0
247.633356873418
0
0
0
0
0
0
0.735508503791152
0
0
0
0
0
0
0.735508503791152
0.735508503791152
0.735508503791152
0.735508503791152
0
0
0
0
0
0
0
0
0
0
0
0
0
0
0
0
0
0
0
0
0
0
0
0
0
0
0
0
0
0
0
0
0
0
0
0
0
587.545336838547
587.545336838547
0
0
0
0
0
0
0
0
0
0
0
0
0
0
0
0
0
0
0
0
0
0
0
0
0
0
0
0
0
0
0
0
0
0
0
0
0
0
0
0
0
0
0
0
0
0
0
0
-999.997331424109
849.081414936372
-1000
0
0
0
1000
-1000
-1000
0
0
0
0
-1000
848.565103514065
0
0
0
0
0
0
0
0
0
0
0
0
0
0
0
0
0
0
0
0
0
0
0
0
0
0
0
0
0
0
0
0
0
0
0
0
0
0
0
0
1000
0
0
0
0
0
0
0
0
0
0
0
0
0
0
0
0
0
1000
999.997331424109
1000
999.997331424109
1000
-1000
-1000
0
0
0
0
0
0
0.0026685758905387
0
0
0
0
0
0
0
0
0
0
0
0
0
0
0
0
0
0
0
0
0
0
0.00199563066599313
0.00266857589057221
0.00732504744455618
1000
0.00133042044399542
0.00133042044399542
0.0026685758905387
0
0.00066521022199771
0.00133042044399542
0.0113240437791582
-0.0013304204439919
0.00133042044399542
0.00133042044399542
0.00133042044399542
0.00133042044399542
0.00133042044399542
-0.0013304204439919
-0.0026608408879838
0.00133042044399542
0.00133042044399542
0.0013304204439919
0.00133042044399542
543.566098030944
-0.0039989963345306
-543.567428451388
0.0026685758905387
0.00133042044399542
0.00133042044399542
0.00266857589057221
0.00266857589057221
-0.0026685758905387
-0.0026685758905387
0.0026685758905387
0.0026685758905387
0.00133042044399542
0.00133042044399542
0.00133042044399542
0.00133042044399542
-0.0039989963345306
-999.990006376665
0
0
0
0
0
0
-975.858585108391
0
0
0
0.00266857589057221
0
0
0
0
0.0013342879452861
0.0026685758905387
0.0026685758905387
0
0
0.00266857589057221
0.00266857589057221
0
0
0
0
0
0
0.00532168177598168
0.00133042044399542
0.00399126133198626
0.00133042044399542
-0.0013304204439919
0.00133042044399542
0.00133042044399542
0.00133042044399542
0.00133042044399542
0.00133042044399542
0.00133042044399542
0.00266084088799084
0.00133042044399542
0.00133042044399542
0.00133042044399542
0.00133042044399542
0.00133042044399542
0
0.00133042044399542
0.00266857589057221
0.00266857589057221
0.00266857589057221
0.00266857589057221
0.00266857589057221
0.00266857589057221
0.00266857589057221
0.00266857589057221
0.00266857589057221
0.00266857589057221
0.00266857589057221
0.00266857589057221
0.00266857589057221
0.00266857589057221
0
0
0
0
0
0
0
0
0
0
0
0
-0.0026685758905387
0
0
0
0
0
0
0
0
0
0
0
0
0
0
0
0
0
0
0
0
0
0
0
0
0
0
0
0
0
0
0
0
0
0
0
0
0
0
0
0
0
0
0
0
0
0
0
0
0
0
0
0
0
0
0
0
0
0
0
0
0
0
0
0
0
1000
500
500.002212855322
499.997787144678
0
0
0
0.00266857589057221
0
0
0
0
0
0
0
0
0
0
0
0
0
0
0
0
0
0
0
0
0
0
0
-1000
0
0
0
-250
0
-94.8520509599763
0
0
0
0.155413898348005
0
0
0
0
0
0
0
0
0
0.155413898348005
0
0
167.7318370585
0
0
0
0
0.155413898348005
0
0.155413898348005
0
0.155413898348005
0
58.1985948875231
0
0
0
9.71336864675033
0
60.4960701634861
0
0.155413898348002
0
0
0
0
0
0.155413898348005
0
0.155413898348005
0
0.155413898348005
0
0.155413898348005
0
0.154203666822907
0
0.155413898348005
0
0.155413898348005
0
0.155413898348005
0
0.155413898348005
0
0.155413898348005
0
0.155413898348005
0
0.155413898348005
0
0.155413898348005
0
0.155413898348005
0
0.155413898348005
0
0.155413898348005
0
3.26369186530811
0
0.975246908479915
0
4.46814957750515
0
4.50700305209215
0
2.29235500063308
0
0.155413898348005
0
0.155413898348005
0
10.7866235752998
0
0.155413898348005
0
0.155413898348005
0
0.155413898348005
0
0.155413898348005
0
74.4044038341075
0
1.12675076302304
0
8.35349703620528
0
42.0783129777224
0
0.558591004104549
0
0.155413898348005
0
0.155413898348005
0
1.47643203430605
0
0.155413898348005
0
0.155413898348005
0
0.155413898348005
0
0
663.703147235278
0
385.833878921998
0
0
0
0
0
-1000
-1000
1000
0
0.735508503791152
-1000
250.690677879141
693.414985783134
0
586.558670222604
1000
-1000
-1000
0
0
1000
0
0
0
0
0
-4.07682335220716
1000
0
0
0
0
-1000
-2.93844368480063
-0.0026685758905387
0
0
-2.68603765889964
1000
0
0
0
0
465.474789374279
1000
1000
-1000
1000
-693.414985783134
0
1000
50.4083060037944
0
-1000
0
0
1000
1000
-1000
1000
0
1000
0
0
-1000
842.247064053955
1000
1000
0
0
0
0
-1000
-501.960974953802
0
0
0
0
0
0
0
0
0
631.102100432361
0
712.285163286209
0
0
0
0
0
0
1000
0
0
0
1000
0
0
0
0
0
0
0
0
0
-1000
1000
-1000
1000
1000
-1000
-1000
-1000
-1000
-1000
-974.476402671704
1000
1000
-1000
-1000
-1000
-589.155440795047
-1000
-833.55939930445
1000
-990.161331327001
-615.819495670816
-1000
1000
1000
1000
1000
1000
1000
-1000
-1000
1000
-1000
-1000
-980.409858693518
1000
-1000
-1000
-1000
-1000
-1000
1000
1000
-1000
-1000
-1000
-1000
-1000
-1000
-1000
-1000
-1000
-1000
1000
-1000
-1000
-1000
356.979123705552
-1000
-1000
-1000
-1000
-650.774020679787
-1000
-1000
0
-1000
-1000
-1000
-1000
-38.4627386526688
-1000
-1000
1000
1000
-1000
-1000
-1000
-1000
1000
-1000
-1000
1000
-1000
-1000
1000
1000
1000
-1000
1000
1000
1000
1000
1000
1000
1000
1000
1000
-1000
-1000
1000
-123.710131325803
1000
-1000
-1000
-1000
-1000
-1000
984.475256802328
1000
1000
1000
1000
-976.777843110587
1000
1000
-1000
-1000
-1000
-1000
-1000
-25.5809846016139
0
1000
982.338072366178
-1000
-1000
-1000
0
0
0
0
0
0
0
0
0
0
0
0
0
0
0
0
0
0
0
0
0
0
0
0
0
0
0
0
0
0
0
0
0
0
0
0
0
0
0
0
0
0
0
0
0
0
0
0
0
0
0
0
0
0
0
0
0
0
0
0
0
0
0
0
0
0
0
0
0
0
0
0
0
0
0
0
0
0
0
0
0
0
0
0
0
0
0
0
0
0
0
0
0
0
0
0
0
0
0
0
0
0
0
0
0
0
0
0
0
0
0
0
0
0
0
0
0
0
0
0
0
0
0
0
0
0
0
0
0
0
0
0
0
0
0
0
0
0
0
0
0
0
0
0
0
0
0
0
0
0
0
0
0
0
0
0
0
0
0
0
0
0
0
0
0
0
0
0
0
0
0
0
0
0
0
0
0
0
0
0
0
0
0
0
0
0
0
0
0
0
0
0
0
0
0
0
0
0
0
0
0
0
0
0
0
0
0
0
0
0
0
0
0
0
0
0
0
0
0
0
0
0
0
0
0
0
0
0
0
0
0
0
0
0
0
0
0
0
0
0
0
0
0
0
0
0
0
0
0
0
0
0
0
0
0
0
0
0
0
0
0
0
0
0
0
0
0
0
0
0
0
0
0
0
0
0
0
0
0
0
0
0
0
0
0
0
0
0
0
0
0
0
0
0
0
0
0
0
0
0
0
0
0
0
0
0
0
262.789793490688
0
0
0
0
0
0
0
0
0
0
0
0
0
0
0
0
0
-1000
1000
1000
1000
1000
1000
542.575846241304
1000
-1000
-1000
604.378628747027
-1000
853.045525011669
1000
1000
396.578316121497
-1000
-1000
1000
-1000
1000
1000
-1000
-182.512006854551
-1000
-542.575846241304
-1000
-1000
1000
-1000
-1000
-1000
-1000
-1000
-853.045525011669
456.467208890172
1000
-1000
-1000
-1000
-1000
1000
-604.378628747027
-1000
-1000
1000
1000
1000
-1000
-1000
-1000
-1000
-1000
-1000
-1000
0
0
0
0
0
0
0
0
0
0
0
0
0
0
0
0
0
-1000
-1000
0
0
0
0
0
0
0
1000
0
0
0
0
0
0
0
0
0
-0.0026685758905387
0.00266857589057221
0
0
-0.0026685758905387
-0.0026685758905387
0
0
0
0
0
0
0
0
0
0
0
0
0
0
0
0
0
0
0
0
0
0
0
0
0
0
0
0
0
0.00266857589057221
0
0
1000
975.858585108391
1000
-1000
1000
0
0
0
0
-0.0026685758905387
0
0
0
0
0
247.633356873418
0
0
0
0
0
0
0
0
0
1000
0
0
0
638.472987055566
0
-465.456820963282
465.456820963282
0.00266857589057221
0
0
0
819.304104714866
531.41719324068
0
0
0
0
0
0
-1000
0
1000
0
0
0
0
0
0
0
0
0
0
0
0
0
0
0
0
0
0
0
0
0
0
0
0
0
0
0
0
0
0
0
0
0
0
0.00266857589057221
0
0
0
0
0
1000
0
403.505929396849
0
-94.8520509599763
0
1.44292863487562
0
0
0
0
0.00399126133198626
1000
0
-402.190288546913
0
0
0
0
0
0
0
0
0
0
0
0.0026685758905387
-1000
189.856847242412
0
496.91505172195
395.621371252973
0
0
0
-0.29279627563028
1000
0
0
0
0
0
0.00266857589065239
0
0
1000
0
1000
0
0
927.767206952398
0
0
-183.148243068807
0
0
-1000
0
-1000
1000
0
0
0
0
0
0
0
0
0
22.2985266770069
0
-1000
1000
0
131.392901114678
868.60310762399
0
0
0
0
0
131.392901114678
0
0
0
1000
0
998.269612241275
0
0
0
0
0
0
0
0
0
0
0.721464317437811
0
0.00266857589057221
-0.0026685758905387
0.00266857589057221
0.00266857589057221
0
0
0.0026685758905387
460.472592084548
0
0
0.721464317437835
0
0
-0.0080057276717298
-1000
-1000
-1000
1000
-1000
1000
0
0
-998.269612241275
-1.73038775872476
-1000
-1000
0
0
0
0
0
0
0
0
0
0
0
0
0
0
0
0
0
0
0
0
0
0
0
0
0
1000
0
0
0
0
0
0.00133042044399542
0
183.148243068807
0
0
0
0
0
0
0
0.00266857589057221
0
0
0
0
0
0
0
0
0
0
-1000
0
0
0
0
0
0
0
0
0
0
0
0
0
1000
0
0
0
0
1000
0
0
0
0
0
0
0
0
0
0
0
0
0
0
0
0
0
0
0
0
0
0
0
0
0
0
0
1.72103807435451
0
0
0
0
0
0
0
0
0
0
0
0
0
0
0
0
0
0
0
0
0
0
0
0
0
0
0
0
0
0
0
0
0
0
0
0
0
0
0
0
0
0
0
0
0
0
0
0
0
0
0
0
0
0
0
0
0
0
0
0
0
0
0
0
0
0
0
0
0
0
0
0
0
0
0
0
0
0
0
0
0
0
0
0
0
0
0
0
0
0
0
0
0
0
0
0
0
0
0
0
0
0
0
0
0
0
0
0
0
0
0
-999.982031589003
0
0.0013304204439919
0
0.0146423598865795
0
0
-0.0179684109965592
0
1000
0.00332605110997974
0
0
0
0
0
0
0
0
0
0
0
0
0
0
0
0
0
0
0.00266857589057221
0.00266857589057221
0.00266857589057221
1000
-1000
0
497.037752433758
-1000
0
0
0
0
0
0
-1000
868.60310762399
0
0
0
0
0
0
0
0
0
0
100.64121867344
0
1000
0
-1000
-1000
0.312038028221082
0
-1000
-1000
0
0
0
0
0
0
0
0
0
0
-1000
0
1000
0.292292855878955
0.00266857589057221
0.00266857589057221
0.00266857589057221
0.00266857589057221
0.00266857589057221
0
0
0
0
1000
0
0
0
0
0
0
0
0
0
0
0
0
0
0
0
-1000
0
0
0
0
0
0
1000
-1000
0
1000
1000
1000
-1000
0
0
0
0
0
0
0
0
0
250
0
0
0
0
0
0
0
0
0
0
0
0
0
0
0
0
0
0
0
0
0
0
0
0
0
0
0
0
0
0
0
0
0
0
0
0
0
-864.562854731982
0
0
0
0
0
0
0
0
0
-1000
0
0
0
0
0
0
0
604.378628747027
1000
-1000
-1000
-1000
-1000
-1000
0
0.00732504744455618
0
0
0
0
0.135222374165096
-1000
-1000
0
247.633356873418
0
0
0
999.983988544657
10.7633231286636
0
0
0
0
0.429171461558856
0.429171461558856
0
-999.980701168559
0
0
0
0
0
0
0.27090557374147
0
1000
0
0
0
0
0
0
0
1000
0.00266857589057221
0
0
0
0
0
0
0
0
-872.703849829784
-1000
0
0
1000
0
0
0
1000
0
0
0
-899.35878132656
0
-1000
-250
0
0
-1000
-1000
0
0
0
0
-95.0074648583243
0
0
0
-1000
1000
-1000
1000
-1000
1000
-750
0
0
0
0
-1000
-1000
0
0
787.445866715421
0
0
0
0
0.00391004380488189
0
0
0
0
0
0
0
0
998.269612241275
0
998.269612241275
0
0
0
0
0
0
0
0
0
737.611634450362
0
0
-1000
22.2985266770069
-1000
-1000
1000
0
0
0
0
0
0
0
0
0
-507.469353919773
0
1000
0.00133042044399542
0.00133042044399542
0
-1000
0
0
404.674818445552
0
0
0
0
0
0
0
0
0
0
0
0
0
0
0
0
0
0
0
0
0
0
0
0
0
-0.0146423598865795
0
0
0
0
0
0
0
0
0
0
0
0
0
0
0
0
0
0
0
0
0
0
0
0
0
0
0
0
0
0
0
0
0
0
0
0
0
0
0
0
0
0
0
0
0
-1000
0
-1000
0
0
0
0
0
0
-1000
0
0
0
0
0
0
0
0
0
0
0
-1000
0
0
0
0
0
0
0
0
0
0
0
0
0
1000
0
0
0
-596.494070603151
0
0
0
0
0
0
0
0
0
0
0
0
0
0
0
0
0
0
0
0
0
0
0
0
0
0
0
0
0
0
0
0
0
0
0
0
0
0
0
0
94.8520509599763
0
0
0
0
0
0
0
0
0
0
0
0
0
0
0
0
0
0
0
0
0
0
0
0
0
0
0
0
0
0
0
0
0
0
0
0
0
0
0
0
0
0
0
0
0
0
0
0
0
0
0
0
0
0
0
0
0
0
0
0
0
0
0
0
0
0
0
0
0
0
0
0
0
0
0
0
0
0
0
0
0
0
0
0
0
0
0
0
0
0
0
0
0
0
0
0
0
0
0
0
0
0
0
0
0
0
0
0
0
0
0
0
0
0
0
0
0
0
0
0
0
0
0
0
0
0
0
0
0
0
0
0
0
0
0
0
1000
0
0
0
0
-1000
713.127958246047
0
0
0
0
0
0
0
0
0
0
0
0
0
0
0
0
0
0
0
0
0
0
0
0
0
0
-602.19797197189
0
0
783.496896131749
-907.950391267209
124.575041032273
0
-1000
0
-638.472987055566
663.703147235278
0
0
0
0
468.564126728086
0.0160114553434332
0
0
0
0
0
0
0
0
0
0
0
0
0
0
0
0
0
0
0
0
0
0
0
0
0
0
0
0
0
0
0
0
0
0
0
0
0
0
0
0
0
0
0
0
0
0
0
0
0
0
0
0
0
0
0
0
0
0
0
0
0
0
0
0
0
0
0
0
0
0
0
0
0
0
0
0
0
0
0
0
0
0
0
0
0
0
0
0
0
0
0
0
0
0
0
0
0
0
0
0
0
0
0
0
0
0
0
0
0
0
0
0
0
0
0
0
0
0
0
0
0
0
0
0
0
0
0
0
0
0
0
0
0
0
0
0
0
0
0
0
0
0
0
0
0
0
0
0
0
0
0
0
0
0
0
0
0
0
0
0
0
0
0
0
0
0
0
0
0
0
0
0
0
0
0
0
0
0
0
0
0
0
0
0
0
0
0
0
0
0
0
0
0
0
0
0
0
0
0
0
0
0
0
0
0
0
0
0
0
0
0
0
0
0
0
0
0
0
0
0
0
0
0
0
0
0
0
0
0
0
0
0
0
0
0
0
0
0
0
0
0
0
0
0
0
0
0
0
0
0
0
0
0
0
0
0
0
0
0
0
0
0
0
0
0
0
0
0
0
0
0
0
0
0
0
0
0
0
0
0
0
0
0
0
0
0
0
0
0
0
0
0
404.674818445552
0
0
0
0
0
0
0
0
0
0
0
0
-1000
0
0
0
0
0.0026685758905387
-986.868489161428
0
0
0
0
0
0
0
0
0
0
0
0
0
0
0
0
0
0
0
0
0
0
0
0
0
0
0
0
0
0
0
0
0
0
0
0
0
0
0
0
0
0
0
0
0
0
0
0
0
0
0
0
0
0
0
0
0
0
0
0
0
0
0
0
0
0
0
0
0
0
0
0
0
0
0
0
0
0
0
0
0
0
0
0
0
0
0
0
0
0
0
0
0
0
0
0
0
0
0
0
0
0
0
0
0
0
0
0
0
0
0
0
0
0
0
0
0
0
0
0
0
0
0
0
0
0
0
0
0
0
0
0
0
0
0
0
0
0
0
0
0
0
0
0
0
0
0
0
0
0
0
0
0
0
0
0
0
0
1000
0
0
0
0
0
0
0
0
1000
0.0026685758905387
0
0
0
1000
0
0
0
0
0
0
-543.570097027278
0
0
0
0
0
0
0
0
0
1000
0
-1000
0
0
0
0
0
0
0
0
0
0
0
0
0
0
0
0
0
0
0
0
0
0
0
0
0
0
0
0
0
0
0
0
0
0
0
0
0
0
0
0
0
0
0
0
0
0
0
0
0
0
0
0
0
0
0
0
0
0
0
0
0
0
0
0
0
0
0
0
0
0
0
0
0
0
0
0
0
0
0
0
0
0
0
0
0
0
0
0
0
0
0
0
0
0
0
0
0
0
0
0
0
0
0
0
0
0
0
0
0
0
0
0
0
0
0
0
0
0
0
0
0
0
0
0
0
0
0
0
0
0
0
0
0
0
0
0
0
0
0
0
0
0
0
0
0
0
0
0
0
0
0
0
0
0
0
1000
500
64.4583548447393
-391.560324682758
3.02557881274504
0
0
-0.721464317437835
0
0
344.046468983796
14.2581880916563
31.1656145674315
0.0773500258136872
64.4583548447393
0
0
0
0
0
0
0
0
0
0
0
0
0
0
0
0
0
0
0
1000
-975.858585108391
0
-1000
1000
0
-810.438617609109
0
0
0
262.787124914797
0
500
0
-250
0
0
0
0
0
-543.545437839049
0
0.00865546788872962
0.00266857589057221
0
0
0
0
0
0
0
0
0
0
0
0
0
0
0
0
0
250
0
94.8520509599764
0
0
465.474789374279
-74.4044038341075
-3.26369186530815
0
-7.91905696779247
-15.5247431976716
-31.6605225930116
-24.8273214021805
-7.75314438533974
-1000
-19.6157119358495
-3.40282101060848
-23.2221568894126
-1000
-1000
0
0
0
0
-1000
-28.6956670973132
-12.9391413243733
-19.5901413064825
-9.83866867299935
17.9123580111461
-17.6619276338214
-1000
384.42264276531
589.155440795047
0
0
-635.402766233979
1000
0
1000
0
0
999.864777625835
-1000
0
0
0
0
0
0
1000
262.789793490688
0
0
0
0
0
0
0
0
0
-0.0026685758905387
-0.0026685758905387
0
0
0
0
0
0
0
0
0
0
0
0
0
0
0
0
0
0
603.421683878503
0
395.621371252973
0
0
1000
-1000
247.633356873418
-0.0026685758905387
-0.0026685758905387
-0.735508503791152
151.434896485935
0
0
-0.0026685758905387
0
-0.0026685758905387
0
0
0
-0.0026685758905387
0
0
0
-0.0026685758905387
0
0
0
0
0
0
0
0
0
0
0
1000
0
0
0
0
0
975.858585108391
0
0
0
0
0
0
-749.309322120859
0
0
0
0
-725.087853095855
0
1000
0
0
-0.0026685758905387
0
0
0
0
-25.5235973282955
0
0
0
0
0
0
0
364.597233766021
0
531.41719324068
-2.68603765889964
0
-1000
-1000
0
0
0
0
0
0
0
0
1.81611156941631
0
0
0
0
0
0
1000
0
0
0
0
-2.93844368480063
1000
693.414985783134
0
0
586.558670222604
306.585014216866
0
0
0
465.456820963282
0
-1000
0
0
0
-1000
-975.858585108391
0
0
0
0
0
543.532791109828
0
0
0
0
-127.296150170216
-1000
1000
0
0
0
0
0
0
1000
-1000
-1000
-4.07682335220716
0
0
-465.456820963282
0
0
0
0
0
0
0
1000
0
-0.558591004104528
-0.155413898348002
-42.0783129777224
-501.960974953802
-2.29235500063305
-10.7866235752998
-1.47643203430607
-8.35349703620523
-4.46814957750519
-0.155413898348002
0
0
167.7318370585
0
-0.155413898348002
0
-0.155413898348002
-0.155413898348002
0
-1.12675076302298
0
-0.155413898348002
-58.1985948875231
-60.4960701634861
0
-10.7633231286636
0
-0.270905573741516
-0.155413898348002
-0.975246908479903
0
-0.155413898348002
-0.155413898348002
-0.155413898348002
-0.155413898348002
-4.50700305209216
0
-9.71336864675038
0
0
0
-1000
1000
0
0
-1000
1000
-0.0026685758905387
0
750
-750
0
0
0
-1000
-364.597233766021
0
0
0
0
0
0
0
0
0
0
0
0
0
0
0
0
0
-1000
1000
1000
-1000
-1000
0
-1000
-1000
0
0
0
-0.155413898348002
-0.155413898348002
0
0
0
0
0
124.45349513546
-124.575041032273
468.564126728086
0.0160114553434596
0
0
0
0
0
1000
0
0
0
0
0
0
0
0
0
0
0
0
0
0
0
0
0
0
0
0
0
0
0
0
0
0
0
0
0
0
0
0
0
0
0
0
0
0
0
0
0
0
0
0
0
0
0
0
0
0
0
0
0
0
0
0
0
0
0
0
0
0
0
0
0
0
0
0
0
0
-0.155413898348002
0
0
0
0
0
0
0
0
0
0
0
0
0
0
0
0
0
0
0
0
0
0
0
0
0
0
0
0
0
0
0
0
0
0
0
0
0
0
0
0
0
0
0
0
0
0
0
0
0
0
0
0
0
0
0
0
0
0
0
0
0
0
0
0
0
0
0
0
0
0
0
0
0
0
0
0
0
0
0
0
0
0
0
0
0
0
0
0
0
0
0
0
0
0
0
0
0
0
0
0
0
0
0
0
0
0
0
0
0
0
0
0
0
0
0
0
0
0
0
0
0
0
0
0
0
0
0
0
0
0
0
0
0
0
0
0
0
0
0
0
0
0
0
0
0
0
0
0
0
0
0
0
0
0
0
0
0
0
0
0
0
0
0
0
0
0
0
0
0
0
0
0
0
0
0
0
0
0
0
0
0
0
0
0
0
0
0
0
0
0
0
0
0
0
0
0
0
0
0
0
0
0
0
0
0
0
0
0
0
0
0
0
0
0
0
0
0
0
0
0
0
0
0
0
0
0
0
0
0
0
0
0
0
0
0
0
0
0
0
0
0
0
0
0
0
0
0
0
0
0
0
0
0
0
0
0
0
-1000
0
0
0
0
0
986.868489161428
0
0
0
0
0
0
0
0
0
0
0
0
0
0
0
0
0
0
-543.570097027278
0
0
0
0
0
0
0
-1000
0
-1000
-0.0026685758905387
0
0
0
0
0
0
0
0
-614.166121078002
0
0
0
0
0
0
0
0
0
0
0
0
0
0
0
0
0
0
0
0
0
0
0
0
0
0
0
0
0
0
0
0
0
0
0
0
0
0
0
0
0
0
0
0
0
0
0
0
0
0
0
0
0
0
0
0
0
0
0
0
0
0
0
-208.90931710864
208.90931710864
208.90931710864
0
-0.155413898348002
-0.155413898348002
-0.155413898348002
-0.155413898348002
0
-0.155413898348002
0
0
-0.155413898348002
-0.155413898348002
-0.155413898348002
-0.155413898348002
0
-0.155413898348002
-0.154203666822923
-0.155413898348002
-0.155413898348002
-0.155413898348002
-0.155413898348002
-0.155413898348002
0
-0.155413898348002
-0.155413898348002
-0.155413898348002
-1000
64.4583548447392
0
1000
0
0
0
0
0
0
0
0
0
