0
0
0
0
0
0
0
673.228177307694
-1000
1000
0
0
0
182.059044937212
1000
0
999.744250278832
-999.744250278832
999.941303342683
0
0.0586966573172216
0
-1000
0.368950417422525
0
913.812717911467
-184.517958819343
0
-306.847982163084
0.024172374344436
0
0
0
0
0
0.0323252177791607
0
0
0
35.2231972259646
0
0
0
0
0
0
0
0
0
0
0
0
0
0
0
0
0
0
0
0
0
0
0
0
0
0
0
0
306.847982163084
0
0
0
0
-1000
-1000
0
0
0
306.847982163084
0
-30.415833557986
-969.584166442014
0
0
0
0
0
0
0
0
0
0
0
0
0
0
0
0
0
0
0
0
0
0
0
0
0
0
0
0
0
0
0
0
0
0
0
0
0
0
0
0
0
0
0
0
0
0
0
1000
0
0
-1000
0
0
0
0
-1000
0
0
0
-14.6948681465622
0
0
0
0
-1000
0
0
0
1000
0
0
633.012119642225
1000
1000
366.979495121015
0
100.946870599806
0
-1000
366.979495121015
549.038540058227
1000
-817.940955062788
0
0
1000
0
0
0
0
0
-331.801515504586
-1000
0
0
0
0
0
-3.94880916640818
0
0
0
0
0
0
27.5840661729922
-32.4731448018385
-1000
0
0
0
999.744250278832
0
0
0
329.088299564055
934.1772511115
892.103161969288
0
0
0
0
-896.056163754076
0
-999.99580738162
1000
0
0
0
0
0
0
0
0
0
0
352.988172682832
0
0
-1000
0
14.8074769856747
0
0.463052371212828
0.471437607972431
0
0
0.694578556819242
0
896.056163754076
0
0
0
-1000
0
287.165423794331
0
0
0
0
0
0
0
0
0
0
-1000
0
-1000
1000
-1000
1000
1000
-1000
8.02132765582826
864.127259351609
990.393694137505
-0.970564707176209
-13.9431812974957
-2.64288268150767
0
-1000
1000
1000
-0.694578556819238
16.4365455216792
0
0
1000
0
0.180282590331466
0
-0.180282590331444
0
0.00178977545727206
0
0
0
0
0
0
0
0
0
0
5.48443043877273
0
0
0
0
0
0
-0.163512116812171
0
1000
0
0
0
-281.517481238746
0
-0.180282590331444
0
-0.694578556819238
0
0
0.694578556819238
2.64288268150773
0
0
0
0
0
0
-1000
0
0
0
-1000
0.694578556819238
0
-1000
-0.970564707176209
0
0.00358995658579412
0
0
0
0
0
0
0
0
0
0
0
712.998088322481
0
0
0
2.31526185606414
0
9.74664541653968
0
0
0
0
0
0
0
0
1000
591.429458606055
1000
-6.60006060902947
0
1000
-1000
-999.58073816202
-1000
-999.305421443181
1000
-1000
1000
1000
1000
0
-1000
0
0
0
0
-1000
0
1000
-1000
-1000
-1000
1000
0
8.02132765582826
1000
0
0
0
0
0
0
0
0.970564707176264
-1000
1000
-991.515619972959
-1000
1000
-1000
-1000
-1000
-8.47599479028145
1000
0
1000
0
-1000
1000
1000
-1000
1000
-1000
1000
1000
1000
-1000
-5.93023887842708
1000
0
0
0
0
0
985.891294189524
0
0
32.4731448018385
0
0
343.578322533274
-0.0089592829576759
1000
0
0
0
-29.5405560924132
0
0
0
0
0
0
0
0
0.695974651046839
0
0
0
0.695974651046839
0
0
0
0.00358995658580732
0
1000
0
-1000
0
0
1000
0
0
0
1000
0
0
0
0
0
0
0
0
0
0
0
0
0
0
0
0
0
0
0
0
-578.695413429996
0
0
0
0
0
0
0
0
0
0
0
0
0
1000
1000
999.996410043414
0.104815459495057
0.104815459495057
0
-999.305421443181
0
0
0
0
0
0
0
0
0
0
0
0
0
0
0
0
0
0
0
0
0
0
0
0
0
0
0
0
0
0
0
0
0
0
0
0
0
0
0
0
0
0
0
0
0
0
0
0.16351211681226
0
0
0
-1000
0
0
0
0
0
0
1000
0
0
0
0
0
0
0
0
0
0
0
0
0
0
0
0
0
0
0
0
0
0
0
0
-103.239159877428
0
0
0.16351211681226
0
0
0
0
0
0
0
0
0
1000
0
0
0
0
0
0
0
0
0
0
0
0
0
0
0
0
0
0
0
0
0
0
0
0
0
0
0
0
0
0
0
0
0
0
0
0
0
0
0
0
0
0
0
0
32.4767347584243
0
32.4767347584243
0
0
0
0
0
0
0
0
0
0
0
0
0
0
0
0
0
0
0
0
0
1000
0
0.00419261837980154
0
0
0
0
0.758863926744079
0.758863926744079
0
988.93262776547
0
0
0
0
0
0
0
0
0
0
0
0
0
0
0
0
0
0
0
1000
0
0
0
0
0
-1000
0
0
0
-999.996410043414
0
0
1000
0
0
0
0
2.1801615574968
0
79.6078379237152
81.787999481212
0
0
0
0
0
0
0
0
0
2.1801615574968
0
2.1801615574968
0
0
0
13.0056799776951
37.0731304702271
23.6971820234161
17.3563344898067
25.7336586035534
8.46989123102566
19.8093630976994
36.2400264147163
33.3704457790683
10.5526513698025
20.4573329186521
42.1643219205704
33.2778786617893
10.2749500179656
17.0323495793303
23.6046149061371
30.5934322606992
24.7617038721242
4.53578874666948
30.8711336125361
0
0
0
0
0
0
0
0
0
0
0
0
0
0
0
0
0
0
0
0
0
0
0
0
0
0
0
0
0
0
0
0
0
0
0
0
0
0
0
0
0
0
0
0
0
0
0
0
0
0
0
0
0
0
0
0
0
0
0
0
0
0
0
0
0
0
0
0
0
0
0
0
0
0
0
0
0
0
0
0
0
0
0
0
0
0
0
0
0
0
0
0
-1000
0
0
0
0
0
1000
1000
-408.570541393945
-408.570541393945
787.973931607339
0
0
0
0
0
0
-29.5405560924132
-788.124865869012
-788.124865869012
-1000
0
-181.877582635176
0
-181.994975949811
1000
1000
787.982316844099
1000
0
0
1000
0
-1000
-1000
-1000
0
818.122417364824
0
0
0
181.877582635176
0
0
0
0
0
0
0
0
0
0
0
-1000
409.544696057707
1000
1000
0
500
250.00148844456
2.51255964521469
5
0
0
0
0
0
0
614.337417063844
0
0
0
0.109942762438664
0
3.65559685108599
0
0
0.109942762438664
0
61.0182331534656
408.527461914915
0.109942762438664
0
0
0
41.1735645332844
-0.109942762438664
6.87142265241732
0
-999.890057237561
-0.109942762438664
-0.109942762438664
0
0
0
0
0
0
0
0
0
0
0
0
0
0
0
0
0
-0.00526006682355273
0
0
0
0
0
0.0196979357012879
0
0
0
0
0
0
0
0
-0.0196979357012879
0
0
0
0
0
0
0
0
0
0
0
0
0
0
0
0
0
0
0
0
0
0
0
0
0
0
0
0
0
0
0
0
0
0
0
0
0
0
0
0
0
0
0.00526006682355273
0
0
0
0
0
0
0
0
0
0
0
0
0
0
0
0
0
0
0
0
0
0
0
0
0
0
0
0
0
0
0
0
0
0
0
0
0
0
0
0
0
0
0
0
0
0
0
0
0
0
0
0
0
0
0
0
0
0
0
0
0
0
0
0
0
0
0
0
0
0
0
0
0
0
0
0
0
0
0
0
0
0
0
0
0
0
0
0
0
0
0
0
0
0
0
0
0
0
0
0
0
0
0
0
0
0
0
0
0
48.2596126437556
48.2596126437556
48.2596126437556
48.0397271188782
0
0
0
0
0
0
0
0
0
0
0
0
0
0
0
0
0
0
0
0
0
0
0
0
0
0
0
0
6.8714226524173
0
0
0
0
0
0
0
0
0
0
0
0
0
0
0
0
0
0
0
0
0
0
0
0
0
0
0
0
0
0
0
0
0
0
0
0
0
0
0
0
0
0
0
0
0
0
0
0
0
0
0
0
0
0
0
0
0
0
0
0
0
0
0
0
0
0
0
0
0
0
0
0
0
0
0
0
0
0
0
0
0
0
0
0
0
0
0
0
0
0
0
0
0
0
0
0
0
0
0
0
0
0
0
0
0
0
0
0
0
0
0
0
0
0
0
0
0
0
0
0
0
0
0
0
0
0
0
0
0
0
0
0
0
0
0
0
0
0
0
0
0
0
0
0
0
0
0
0
0
0
0
0
0
0
0
0
0
0
0
0
0
0
0
0
0
0
0
0
0
0
0
0
0
0
0
0
0
0
0
0
0
0
0
0
0
0
0
0
0
0
0
0
0
0
0
0
0
0
0
0
0
0
0
0
0
0
0
0
1000
0
0
0
0
0
0
0
0
0
0
0
0
0
0
0
0
0
0
0
0
0
0
0
0
0
0
0
0
0
0
0
0
0
0
0
0
0
0
0
0
0
0
0
0
0
0
0
0
0
0
0
0
0
0
0
0
0
0
0
0
0
0
0
0
0
0
0
0
0
0
0
0
0
0
0
0
0
0
0
0
0
0
0
0
0
0
0
0
0
0
0
0
0
0
0
0
0
0
0
0
0
0
0
0
0
0
0
0
0
0
0
0
0
0
0
0
0
0
0
1000
1000
0
0
0
0
0
0
0
0
0
0
0
0
0
0
0
0
0
0
0
0
0
0
0
0
0
-1000
0
-1000
0
0
0
0
0
0
0
0
0
0
0
1000
1000
0
0
0
0
0
0
0
0
0
0
0
0
0
0
0
0
0
0
0
0
0
0
0
0
0
0
0
0
0
0
0
0
0
0
0
0
0
0
0
0
0
0
0
0
0
0
0
0
0
0
0
0
0
0
0
0
0
0
0
0
0
0
0
0
0
0
0
0
0
0
0
0
0
0
0
0
0
0
0
0
0
0
0
0
0
0
1000
504.921132980771
0
0
0.109942762438664
0
1000
0
0
-0.109942762438664
0
549.984202124677
-0.109942762438664
408.527461914915
0
0
0
0.00526006682355273
0
0
-1000
999.890057237561
0
0
0
0
0
0
0
0
0
0
0
0
0
-1000
0.00526006682355273
0
0
0
-0.0196979357012879
0
0
0
0
0
0
0
0.0196979357012879
0
0
0
0
0
614.337417063844
0
1000
-446.030372736921
-446.030372736921
0
-1000
1000
-0.0215397395148784
0
0
0.109942762438664
-0.109942762438664
0
0
3.65559685108599
-3.65559685108599
1000
0
0
0
0.109942762438664
0.109942762438664
-1000
0
-450.015797875323
-549.984202124677
-1000
-0.109942762438664
-591.472538085085
-408.527461914915
-1000
0
0
0
0
0
-1000
0
0
0
0
0
-1000
1000
-408.658944416869
0
0
0
-1000
0
0
0
-1000
0
0
0
0
0
0
0
0
0
0
0
0
0
0
0
0
0
0
0
-1000
1000
-1000
0
-1000
0
-1000
0
-1000
0
0
0
0
0
0
0
0
0
-1000
0
-1000
0
1000
0
-1000
0
1000
0
-1000
0
0
0
0
0
0
0
0
0
0
-495.078867019229
-504.921132980771
168.307044326923
-168.307044326923
0
0
0
0
0
0
0
0
0
0
0
0
0
0
0
0
0
0
0
0
0
0
0
0
0
0
0
0
0
0
0
0
0.00526006682355273
-0.00526006682355273
0
0
0
0
0
0
0
0
0
0
0
0
0
0
0
0
0
0
0
0
0
0
0
0
0
0
0
0
0
0
0
0
0
0
0
0
0.00526006682355273
-0.00526006682355273
0
0
0
0
0
0
0.0196979357012879
0.0196979357012879
0
0
0
0
0
0
0
0
0
0
0
0
0
0
0
0
-0.0196979357012879
-0.0196979357012879
0
0
0
0
0
0
0
0
0
0
0
0
0
0
0
0
0
0
0
0
0
0
0
0
0
0
0
0
0
0
0
0
0
0
0
0
0
0
0
0
0
0
0
0
1.17580269861472
0.00358995658580732
0
0
0
0
0
0
0
0
0.147940896906139
0
0
0
0
0
0
0
0
0
0
0
0
0
0
0
0
0
0
0
0
0
0
0
0
0
0
0
0
0
0
0
0
0
0
0
0
0
0
0
0
0
0
0
0
0
0
0
0
0
0
0
0
0
0
0
0
0
0
0
0
0
0
0
0
0
0
0
0
0
0
0
0
0
0
0
0
0
0
0
0
0
0
0
0
0
0
0
0
0
0
0
0
0
0
0
0
0
0
0
0
0
0
0
0
0
0
449.795912350445
449.795912350445
449.795912350445
0
446.140315499359
446.140315499359
446.140315499359
0
264.259142907597
264.259142907597
264.259142907597
0
446.030372736921
446.030372736921
446.030372736921
0
0
0
0
0
0
0
0
0
0
0
0
0
0
0
0
0
0
0
0
0
0
0
0
0
0
0
0
0
0
0
0
0
0
0
0
0
0
0
0
0
0
0
0
0
0
0
0
0
0
0
0
0
0
0
0
0
0
0
0
0
0
0
0
0
0
0
0
0
0
0
0
0
0
0
0
0
0
0
0
0
0
0
0
0
0
0
0
0
0
0
0
0
0
0
0
0
0
0
0
0
0
0
0
0
0.109942762438677
0.109942762438677
0.109942762438677
0.109942762438677
0
0
0
0
0
0
0
0
0
0
0
0
0
0
0
0
0
0
0
0
0
0
0
0
0
0
0
0
0
0
0
0
0
0
0
0
0
0
0
0
0
0
0
0
0
0
0
0
0
0
0
0
0
0
0
0
0
0
0
0.00358995658580732
0.00358995658580732
0.00358995658580732
0.00358995658580732
0.00358995658580732
0
0
0
0
0
0
0
0
0
0
0
0
0
0
0
0
0
0
0
0
0
0
0
0
0
0
0
0
0
0
0
0
0
0
0
0
0
0
0
0
0
0
0
0
0
0
0
0
0
0
0
0
14.6948681465621
14.6948681465621
-14.6948681465622
4.88991281682049
-2.44316143011736
2.44316143011734
2.44316143011734
2.44316143011734
2.43600232828825
2.43600232828825
2.43600232828825
2.43600232828825
2.43600232828825
2.43600232828825
2.43600232828825
0
2.43600232828825
2.43600232828828
2.43600232828825
2.43600232828825
2.43600232828825
2.43600232828825
2.43600232828825
2.43600232828825
2.43600232828825
2.43600232828825
2.43600232828825
0
0
0.00715910182908822
0
0.00715910182908822
0.00715910182908822
0.00715910182908822
0.00715910182908822
0.00715910182908822
0.00715910182908822
0.00715910182908822
0.00715910182908822
0.00715910182908822
0.00715910182908822
0.00715910182908822
0.00715910182908822
0.00715910182908822
0.00715910182908822
0.00715910182908822
0.00715910182908822
14.6948681465621
14.6948681465621
4.88991281682049
4.88991281682049
0
0
0
0
0
0
0
0
0
0
0
0
0
0
0
0
0
0
0
0
0
0
0
0
0
0
0
0
0
0
0
0
0
0
0
0
0
0
0
0
0
0
0
0
0
0
0
0
0
0
0
0
0
0
0
0
0
0
0
0
0
0
0
0
0
0
0
0
0
0
0
0
0
0
0
0
0
0
0
0
0
0
0
0
0
0
0
0
0
0
0
0
0
0
0
0
0
0
0
0
0
0
0
0
0
0
0
0
0
0
0
0
0
0
0
0
0
0
0
0
0
0
0
0
0
0
0
0
0
0
0
0
0
0
0
0
0
0
0
0
0
0
0
0
0
0
0
0
0
0
0
0
0
0
0
0
0
0
0
0
0
0
0
0
0
0
0
0
0
0
0
0
0
0
0
0
0
0
0
0
0
0
0
0
0
0
0
0
0
0
0
0
1.17580269861472
272.399312000533
272.399312000533
0
3.6468409220462
3.6468409220462
0
-276.046152922579
276.046152922579
3.6468409220462
0
271.223509301918
0
0
271.223509301918
0
3.6468409220462
0
3.6468409220462
3.6468409220462
0
0
0
0
0
0
0
0
0
0
0
0
0
0
0
0
0
0
0
0
0
0
0
0
0
0
0
0
0
0
0
0
0
0
0
0
0
0
0
0
0
0
0
0
0
0
0
0
0
0
0
0
0
0
0
0
0
0
0
0
0
0
0
0
0
0
0
0
0
0
0
0
0
0
0
0
0
0
0
0
0
0
0
0
0
0
0
0
0
0
0
0
0
0
0
0
0
0
0
0
0
0
0
0
0
0
0
0
0
0
0
0
0
0
0
1.17580269861472
0.00358995658580732
0
0
0
0
0
0
0
1.54791644010127
0
0
0
0.970564707176264
0.970564707176264
0.970564707176264
0
0
0
0
0
0
1.32733355210667
0
0
0
0.00358995658580732
0
0
0
0
-1.32733355210667
1.32733355210667
0
0
0
0
0
0
0
0
0
0
0.230437058680865
0
0.220582887994605
0
0
0
0
0
0
0
0
0
0
10.8219882962223
10.8219882962223
10.8219882962223
0
0
0
0
-0.147940896906107
0
0
0
0
0
0
0
0
0
0
0
0
0
0
0
0
0
0
0
0
0
0
0
0
0
0
0
0
0
0
0
0
0
0
0
0
0
0
0
0
0
0
0
0
0
0
0
0
0
0
0
0
0
0
0
0
0
0
0
0
0
0
0
0
0
0
0
0
0
0
0
0
0
0
0
0
0
0
0
0
0
0
0
0
0
0
0
0
0
0
0
0
0
0
0
0
0
0
0
0
0
0
0
0
0
0
0
0
0
0
0
0
0
0
0
0
0
0
0
0
0
0
0
0
0
0
0
0
0
0
0
0
0
0
0
0
0
0
0
0
0
0
0
0
0
0
0
0
0
0
0
0
0
0
0
0
0
0
0
0
0
0
0
0
0
0
0
0
0
0
0
0
0
0
0
0
0
0
0
0
0
0
0
0
0
0
0
0
0
0
0
0
0
0
0
0
0
0
0
0
0
0
0
0
0
0
0
0
0
0
0
0
0
0
0
0
0
0
0
0
0
0
0
0
0
0
0
0
0
0
0
0
0
0
0
0
0
0
0
0
0
0
0
0
0
0
0
0
0
0
0
0
0
0
0
0
0
0
0
0
0
0
0
0
0
0
0
0
0
0
0
0
0
0
0
0
0
0
0
0
0
0
0
0
0
0
0
0
0
0
0
0
0
0
0
0
0
0
0
0
0
0
0
0
0
0
0
0
0
0
0
0
0
0
0
0
0
0
0
0
0
0
0
0
0
0
0
0
0
0
0
0
0
0
0
0
0
0
0
0
0
0
0
0
0
0
0
0
0
0
0
0
0
0
0
0
0
0
0
0
0
0
0
0
0
0
0
0
0
0
0
0
0
0
0
0
0
0
0
0
0
0
0
0
0
0
0
0
0
0
0
0
0
0
0
0
0
0
0
0
0
0
0
0
0
0
0
0
0
0
0
0
0
0
0
0
0
0
0
0
0
0
0
0
0
0
0
0
0
0
0
0
0
0
0
1000
0
0
0
0
507.458772730455
0
0
0
0
0
0
0
0
0
0
0
0
0
0
0
0
0
0
0
0
0
0
0
0
0
0
0
0
0
0
0
0
0
0
0
0
0
0
0
0
0
0
0
0
0
0
0
0
0
0
0
0
0
0
0
0
0
0
0
0
0
0
0
0
0
0
0
0
0
0
0
0
0
0
0
0.16351211681226
0.16351211681226
0
0
0
0.163512116812285
0.16351211681226
0
0
0
0
0
0.0251557102788093
0
0
0
0
0
0
0
0
0
0
0
0
0
0.989457937636416
0
0
0
0
0
0
0.989457937636416
0.989457937636416
0.989457937636416
0.989457937636416
0
0
0
0
0
0
0
0
0
0
0
0
0
0
0
0
0
0
0
0
0
0
0
0
0
0
0
0
0
0
0
0
0
0
0
0
0
505.83018065742
505.83018065742
0
0
0
0
0
0
0
0
0
0
0
0
0
0
0
0
0
0
0
0
0
0
0
0
0
0
0
0
0
0
0
0
0
0
0
0
0
0
0
0
0
0
0
0
0
0
0
0
1000
-1000
645.062717031493
0
0
0
-1000
-1000
1000
0
0
0
0
-1000
644.368138474674
0
0
0
0
0
0
0
0
0
0
0
0
0
0
0
0
0
0
0
0
0
0
0
0
0
0
0
0
0
0
0
0
0
0
0
0
0
0
0
0
1000
0
0
0
0
0
0
0
48.2596126437556
48.2596126437556
0
0
0
0
0
0
0
0
-999.996410043414
999.996410043414
1000
999.996410043414
1000
-1000
-1000
0
0
0
0
0
0
0.00358995658575623
0
0
0
0
0
0
0
0
0
0
0
0
0
0
0
0
0
500
0
0
0
0
0.00268466318590808
0.00358995658580732
0.00985417068625951
1000
0.00178977545727206
0.00178977545727206
0.00358995658575623
0
0.000894887728636027
0.00178977545727206
0.0152339027292817
-0.00178977545726866
0.00178977545727206
0.00178977545727206
0.00178977545727206
0.00178977545727206
0.00178977545727206
-0.00178977545726866
-0.00357955091453732
0.00178977545727206
0.00178977545727206
0.00178977545726866
0.00178977545727206
-999.955193179541
-0.00537973204302489
999.953403404083
0.00358995658575623
0.00178977545727206
0.00178977545727206
0.00358995658580732
0.00358995658580732
-0.00358995658575623
-0.00358995658575623
0.00358995658575623
0.00358995658575623
0.00178977545727206
0.00178977545727206
0.00178977545727206
0.00178977545727206
-0.00537973204302489
-999.986555872728
0
0
0
0
0
0
-1000
0
0
0
0.00358995658580732
0
0
0
0
0.00179497829290366
0.00358995658575623
0.00358995658575623
0
0.00358995658580732
0
0
0
0
0
-0.00358995658575623
0.00715910182908822
0.00178977545727206
0.00536932637181617
0.00178977545727206
-0.00178977545726866
0.00178977545727206
0.00178977545727206
0.00178977545727206
0.00178977545727206
0.00178977545727206
0.00178977545727206
0.00357955091454411
0.00178977545727206
0.00178977545727206
0.00178977545727206
0.00178977545727206
0.00178977545727206
0
0.00178977545727206
0.00358995658580732
0.00358995658580732
0.00358995658580732
0.00358995658580732
0.00358995658580732
0.00358995658580732
0.00358995658580732
0.00358995658580732
0.00358995658580732
0.00358995658580732
0.00358995658580732
0.00358995658580732
0.00358995658580732
0.00358995658580732
0
0
0
0
0
0
0
0
0
0
0
0
-0.00358995658575623
0.00358995658580732
0.00358995658580732
0
0
0
0
0
0
0
0
0
0
0
0
0
0
0
0
0
0
0
0
0
0
0
0
0
0
0
0
0
0
0
0
0
0
0
0
0
0
0
0
0
0
0
0
0
0
0
0
0
0
0
0
0
0
0
0
0
0
0
0
0
48.4398952340871
336.614088653847
0
0
0
0
0
0.00358995658580732
0
0
0
0
0
0
0
0
0
0
0
0
0
0
0
0
0
0
0
0
0
0
0
0
0
-997.622785378653
0
0
0
-614.337417063844
0
0
0
0
0
0.109942762438677
0
0.109942762438677
0.109942762438677
0
0.109942762438677
0
6.01936624351754
0
0.109942762438677
0.109942762438677
0.109942762438677
0
0
0
0
42.4653919919389
0
0.219885524877354
0
0.109942762438677
0.109942762438677
0
0.109942762438677
0.109942762438677
0
0.109942762438677
0.109942762438677
0.109942762438677
0.109942762438677
0.109942762438677
0.109942762438677
0
0.109942762438677
0.109942762438677
0.109942762438677
0
0.109942762438677
0
0.109942762438677
0.109942762438677
2.30879801121221
0.692402332065283
3.16085442011196
3.18834011072163
1.62165574597048
0.109942762438677
0.109942762438677
7.62132405378678
0.109942762438677
0.109942762438677
0.109942762438677
0.109942762438677
52.6350975175165
0.797085027680407
5.90942348107888
1000
0.404497604236625
0
0.109942762438677
0.109942762438677
1.04445624316743
0.109942762438677
0.109942762438677
0.109942762438677
0
-1000
0
271.223509301918
970.232997069728
0
0
0
0
79.520916716333
-1000
-30.415833557986
0
0
0
1000
1000
0
504.502847105313
-1000
-1000
-1000
0
0
1000
1000
0
0
0
0
1000
0
0
0
0
0.163512116812171
1000
-0.00358995658575623
-578.695413429996
0
0
0
-3.61344738868399
0
712.998088322481
0
0
0
0
-969.55999406767
-1000
-0.163512116812171
281.517481238746
-896.056163754076
976.100126881223
0
1000
478.464122463921
0
-1000
0
0
1000
847.006400970877
-1000
1000
0
1000
0
0
-1000
1000
1000
1000
0
0
0
0
0
0
0
0
0
0
0
0
0
0
0
1000
0
0
0
0
0
0
1000
0
0
0
0
1000
0
0
0
0
0
0
1000
0
0
-1000
-1000
-1000
-1000
1000
-1000
-1000
-1000
-1000
-1000
-1000
-968.759915970041
1000
934.423771869391
-1000
-879.942963593066
-1000
-1000
1000
1000
-1000
-90.4665149076694
-197.754276864925
1000
17.4066459103643
1000
1000
-887.150352072512
1000
1000
-1000
1000
-1000
-986.76432867321
-1000
-1000
1000
-1000
-1000
-1000
-1000
1000
-1000
1000
-1000
-1000
-1000
-542.376062460316
-1000
-1000
-1000
-1000
1000
1000
-977.953342139594
-1000
-1000
-1000
-1000
-1000
-1000
-1000
-1000
-1000
-1000
-1000
-1000
879.455409309445
-1000
-1000
-1000
-1000
-1000
-1000
-1000
-1000
-982.756842793688
-1000
-1000
1000
-1000
-1000
-1000
-1000
-1000
1000
1000
1000
-1000
1000
1000
1000
-976.097709188897
1000
1000
1000
1000
1000
-1000
-1000
-1000
1000
1000
-1000
-1000
1000
-1000
1000
1000
1000
1000
1000
1000
1000
1000
1000
-973.611560196513
1000
-979.115020006608
-1000
-1000
-1000
554.935342130883
1000
1000
-445.064657869117
-1000
-1000
0
0
0
0
0
0
0
0
0
0
0
0
0
0
0
0
0
0
0
0
0
0
0
0
0
0
0
0
0
0
0
0
0
0
0
0
0
0
0
0
0
0
0
0
0
0
0
0
0
0
0
0
0
0
0
0
0
0
0
0
0
0
0
0
0
0
0
0
0
0
0
0
0
0
0
0
0
0
0
0
0
0
0
0
0
0
0
0
0
0
0
0
0
0
0
0
0
0
0
0
0
0
0
0
0
0
0
0
0
0
0
0
0
0
0
0
0
0
0
0
0
0
0
0
0
0
0
0
0
0
0
0
0
0
0
0
0
0
0
0
0
0
0
0
0
0
0
0
0
0
0
0
0
0
0
0
0
0
0
0
0
0
0
0
0
0
0
0
0
0
0
0
0
0
0
0
0
0
0
0
0
0
0
0
0
0
0
0
0
0
0
0
0
0
0
0
0
0
0
0
0
0
0
0
0
0
0
0
0
0
0
0
0
0
0
0
0
0
0
0
0
0
0
0
0
0
0
0
0
0
0
0
0
0
0
0
0
0
0
0
0
0
0
0
0
0
0
0
0
0
0
0
0
0
0
0
0
0
0
0
0
0
0
0
0
0
0
0
0
0
0
0
0
0
0
0
0
0
0
0
0
0
0
0
0
0
0
0
0
0
0
0
0
0
0
0
0
0
0
0
0
0
0
0
0
0
0
0
0
0
0
0
0
0
0
0
0
0
0
0
0
0
0
0
0
1000
1000
1000
1000
1000
1000
1000
1000
-1000
-1000
2.37721462134732
-1000
997.622785378653
1000
-1000
1000
-1000
-1000
-324.394608070959
-1000
1000
1000
0
-1000
-1000
1000
-1000
1000
1000
1000
-1000
-1000
-1000
-1000
-1000
1000
1000
-1000
-1000
-1000
-1000
1000
997.622785378653
-1000
0
1000
-1000
-1000
-1000
-1000
-1000
-1000
-1000
-1000
-1000
0
0
0
0
-970.232997069728
970.232997069728
0
0
0
0
0
0
0
0
0
0
0
0
0
0
-1000
-1000
0
287.165423794331
0
0
0
0
0
1000
0
0
0
0
0
0
0
0
0
-0.00358995658575623
0.00358995658580732
0
0
-0.00358995658575623
-0.00358995658575623
0
0
0
0
0
0
0
0
0
0
0
0
0
0
0
0
0
0
0
0
0
0
0
0
0
0
0
0.00358995658580732
0
0
54.5692115869251
-1000
1000
1000
1000
0
0
0
0
-0.00358995658575623
0
-343.578322533274
0
0
0
0
0
0
0
0
0
0
0
0
0
0
0
0
0
0
0
0
0.00358995658580732
0
0
0
2.4431614301173
-0.025129696100521
0
0
0.239302690593894
0
0
0
-1000
0
0
502.443161430117
0
0
0
0
0
0
0
0
0
0
0
0
0
0
0
0
0
0
0
0
0
0
0
0
0
0
0
0
0
0
0
497.556838569883
0
0
0
0.989457937636416
0.00358995658580732
0
0
0
0
1000
0
1000
0
0
1.94112941435253
0
0
0
0
0
0.00536932637181617
0
0
-1000
0
0
0
0
0
0
0
0
0
0
0
0
0.00358995658575623
-560.394274680335
181.877582635176
998.058870585649
1000
0
0
409.608173823854
0
787.982316844099
0
0
0
0
0
0.00358995658575623
0
0
1000
0
1000
0
0
1000
0
0
0
0
0
0
-1000
0
0
1000
0
0
0
0
0
0
0
0
0
0
0
-1000
1000
0
0
1000
0
0
0
0
0
0
0
0
0
1000
0
14.1087058104756
0
0
0
0
0
0
0
0
0
0
0.970564707176264
0
0.00358995658580732
-0.00358995658575623
0.00358995658580732
0.00358995658580732
0
0
0.00358995658575623
0
0
0
0.970564707176209
0
0
-0.0107698697573824
-1000
1000
-1000
-1000
1000
991.978672344172
0
0
977.869966533696
-977.869966533696
-1000
-1000
0
0
0
0
0
0
0
0
0
0
0
0
0
0
0
0
0
0
0
8.02132765582826
0
0
0
0
8.02132765582826
0
0
0
0
0
0
0.00178977545727206
0
0
0
0
0
0
0
0
0.00358995658580732
0
0
0
0
0
0
0
0
0
0
-673.228177307694
0
168.307044326924
0
0
0
0
0
0
0
0
0
0
0
1000
0
0
0
673.228177307694
0
0
0
0
0
0
0
0
0
0
0
0
0
0
0
0
0
0
0
0
0
0
0
0
0
0
0
2.31526185606413
0
0
0
0
0
0
0
0
0
0
0
0
0
0
0
0
0
0
0
0
0
0
0
0
0
0
0
0
0
0
0
0
0
0
0
0
0
0
0
0
0
0
0
0
0
0
0
0
0
0
0
0
0
0
0
0
0
0
0
0
0
0
0
0
0
0
0
0
0
0
0
0
0
0
0
0
0
0
0
0
0
0
0
0
0
0
0
0
0
0
0
0
0
0
0
0
0
0
0
0
0
0
0
0
0
0
0
0
0
0
0
-999.975827625656
0
0.00178977545726866
0
0.0196979357012879
0
0
-0.0241723743444027
0
1000
0.0044744386432285
0
0
0
0
0
0
0
0
0
0
0
0
0
0
0
0
0
0
0
0
0.00358995658580732
0.00358995658580732
0.00358995658580732
54.5692115869251
-888.002348525243
0
-1000
1000
0
0
0
0
0
0
-1000
1000
0
0
0
0
0
0
0
0
0
0
-1000
0
999.780114475123
-0.109942762438664
-1000
-1000
-1000
-1000
-1000
-1000
0
0
0
0
0
0
0
0
0
0
-1000
0
1000
0.393212974251253
0.00358995658580732
0.00358995658580732
0.00358995658580732
0.00358995658580732
0.00358995658580732
0
0
0
1000
0
0
0
0.109942762438677
0
0
0
0
0
0
0
1000
0
0
0
0
0
0
1000
-999.890057237561
0
408.658944416869
0
0
-1000
0
0
0
0
0
0
0
0
0
168.307044326924
0
0
0
0
0
0
0
0
0
0
0
0
0
0
0
0
0
0
0
0
0
0
0
0
0
0
0
0
0
0
0
0
0
0
0
0
0
644.368138474674
0
0
0
0
0
0
0
0
0
-1000
0
0
0
0
0
0
0
1000
-1000
-1000
-1000
-1000
-1000
0
0.00985417068625951
0
0
0
0
-1000
-1000
0
0
0
0
0
999.978460260485
14.4795817452405
0
0
0
0
0.577351732925011
0.577351732925011
-999.994630673628
-999.974037850198
0
0
0
0
0
0
0.364441293208478
0
-1000
0
0
0
0
0
0
0
1000
0.00358995658580732
0
0
0
0
0
0
0
0
323.158716723488
-1000
0
0
1000
0
0
0
1000
0
0
0
-549.984202124677
0
-1000
0
0
0
-1000
-1000
0
0
264.259142907597
446.14031549936
0
446.030372736921
-394.386498523522
394.386498523522
-1000
1000
-1000
1000
-750
0
0
0
0
-1000
-1000
0
0
1000
0
0
0
0
0.00526006682355246
0
0
0
0
0
0
0
0
14.1087058104756
0
1000
0
0
0
0
0
0
0
0
0
-621.483307954842
0
0
-1000
1000
-1000
-1000
1000
0
0
0
0
0
0
0
0
-1000
-507.458772730455
0
956.267037681766
0.00178977545727206
0.00178977545727206
0
-1000
42.59196899531
1000
0
0
408.527461914915
0
0
0
0
0
0
0
0
0
0
0
0
0
0
0
0
0
0
0
0
0
0
0
0
0
-0.0196979357012879
0
0
0
0
0
0
0
0
0
0
0
0
0
0
0
0
0
0
0
0
0
0
0
0
0
0
0
0
0
0
0
0
0
0
0
0
0
0
0
0
0
0
0
0
0
0
-1000
0
-1000
0
0
0
0
0
0
-1000
0
0
0
0
0
0
0
0
0
0
0
996.344403148914
0
0
0
0
0
0
0
0
0
0
0
0
0
1000
0
0
0
1000
0
0
0
0
0
0
0
0
0
0
0
0
0
0
0
0
0
0
0
0
0
0
0
0
0
0
0
0
0
0
0
0
0
0
0
0
0
0
0
0
0
0
181.771229829324
0
0
0
0
0
0
0
0
0
0
0
0
0
0
0
0
0
0
0
0
0
0
0
0
0
0
0
0
0
0
0
0
0
0
0
0
0
0
0
0
0
0
0
0
0
0
0
0
0
0
0
0
0
0
0
0
0
0
0
0
0
0
0
0
0
0
0
0
0
0
0
0
0
0
0
0
0
0
0
0
0
0
0
0
0
0
0
0
0
0
0
0
0
0
0
0
0
0
0
0
0
0
0
0
0
0
0
0
0
0
0
0
0
0
0
0
0
0
0
0
0
0
0
0
0
0
0
0
0
0
0
0
0
0
0
0
0
0
0
0
0
0
0
0
0
0
0
0
0
0
0
0
0
0
0
-1000
0
0
0
0
0
0
0
0
0
0
0
0
0
0
0
0
0
0
0
0
0
366.982290199935
0
0
33.6489568666019
0
-133.020504878985
0
801.209343277348
-697.970183399919
-103.075647760616
0
-1000
0
0
-1000
0
0
0
0
1000
0.0215397395148784
0
0
0
0
0
0
0
0
0
0
0
0
0
0
0
0
-32.4767347584243
0
0
0
0
0
0
0
0
0
0
0
0
0
0
0
0
0
0
0
0
0
0
0
0
0
0
0
0
0
0
0
0
0
0
0
0
0
0
0
0
0
0
0
0
0
0
0
0
0
0
0
0
0
0
0
0
0
0
0
0
0
0
0
0
0
0
0
0
0
0
0
0
0
0
0
0
0
0
0
0
0
0
0
0
0
0
0
0
0
0
0
0
0
0
0
0
0
0
0
0
-989.346725789082
0
0
0
0
0
0
0
0
0
0
0
0
0
0
0
0
0
0
0
0
0
0
0
0
0
0
0
0
0
0
0
0
0
0
0
0
0
0
0
0
0
0
0
0
0
0
0
0
0
0
0
0
0
0
0
0
0
0
0
0
0
0
0
0
0
0
0
0
0
0
0
0
0
0
0
0
0
0
0
0
0
0
0
0
0
0
0
0
0
0
0
0
0
0
0
0
0
0
0
0
0
0
0
0
0
0
0
0
0
0
0
0
0
0
0
0
0
0
0
0
0
0
0
0
0
0
0
0
0
0
0
0
0
0
0
0
0
0
0
0
0
0
0
0
0
0
0
0
0
0
0
0
0
0
0
0
0
0
-989.346725789082
0
0
0
0
0
0
0
0
0
0
0
0
0
408.527461914915
0
0
0
0
0
0
0
0
0
0
0
-1000
0
0
0
0
0.00358995658575623
0.422277748367947
-999.994630673628
0
0
0
0
0
0
0
0
0
0
0
0
0
0
0
0
0
0
0
0
0
0
0
0
0
0
0
0
0
0
0
0
0
0
0
0
0
0
0
0
0
0
0
0
0
0
0
0
0
0
0
0
0
0
0
0
0
0
0
0
0
0
0
0
0
0
0
0
0
0
0
0
0
0
0
0
0
0
0
0
0
0
0
0
0
0
0
0
0
0
0
0
0
0
0
0
0
0
0
0
0
0
0
0
0
0
0
0
0
0
0
0
0
0
0
0
0
0
0
0
0
0
0
0
0
0
0
0
0
0
0
0
0
0
0
0
0
0
0
0
0
0
0
0
0
0
0
0
0
0
0
0
0
0
0
0
0
1000
945.430788413075
0
0
0
0
0
0
0
1000
0.00358995658575623
0
0
-945.430788413075
0
0
1000
0
578.695413429996
0
0
0
0
999.949813447498
0
0
0
0
0
0
0
0
0
0
0
0
0
0
1000
0
0
0
0
0
0
0
0
0
0
0
0
0
0
0
0
0
0
0
0
0
0
0
0
0
0
0
0
0
0
0
0
0
0
0
0
0
0
0
0
0
0
0
0
0
0
0
0
0
0
0
0
0
0
0
0
0
0
0
0
0
0
0
0
0
0
0
0
0
0
0
0
0
0
0
0
0
0
0
0
0
0
0
0
0
0
0
0
0
0
0
0
0
0
0
0
0
0
0
0
0
0
0
0
0
0
0
0
0
0
0
0
0
0
0
0
0
0
0
0
0
0
0
0
0
0
0
0
0
0
0
0
0
0
0
0
0
0
0
0
0
0
0
0
0
0
0
0
0
0
0
0
0
0
0
0
0
0
0
0
0
0
0
0
0
0
0
0
0
0
500
86.7139271934135
-274.856906096692
0
0
-0.970564707176209
0
0
462.835586394845
19.1811206951831
41.9261837980154
0.104056712632096
86.7139271934135
0
0
0
0
0
0
0
0
0
0
0
0
0
0
0
0
0
0
0
0
0
0
0
0
0
1000
-1000
0
-1000
0
999.991040717042
0
999.994630673628
-1000
0
0
0
181.873992678591
-168.307044326924
0
336.614088653847
0
0
0
999.982986727485
0
0.0116439461435119
0
0.00358995658580732
0
0
0
0
0
0
0
0
0
0
0
0
0
0
0
0
0
614.337417063844
0
0
0
0
-969.55999406767
-52.6350975175166
-2.30879801121216
0
-1000
-20.8849799933919
-1000
-33.3994645948035
22.0466578604061
-17.2431572063124
-26.3884398034871
-4.57771493046744
-31.2400840299587
-582.474406880785
-1000
0
0
0
0
-1000
-37.9074615278079
-17.4066459103643
-106.821365080144
-13.2356713267902
-1000
-23.7600712991131
-45.4035163351804
976.097709188897
695.130358798845
0
0
-1000
0
0
1000
1000
0
1000
-1000
0
0
0
0
0
0
1000
0
0
0
0
0
-1000
0
0
0
0
0
0
0
0
0
-0.00358995658575623
-0.00358995658575623
0
0
0
0
0
0
0
0
0
0
0
0
0
0
0
0
324.394608070959
0
673.228177307694
0
0
-30.415833557986
728.776490698082
0
-0.00358995658575623
-0.00358995658575623
-0.989457937636416
355.631861525326
0
0
-0.00358995658575623
0
-0.00358995658575623
-343.578322533274
0
-500
-0.00358995658575623
0
0
0
-0.00358995658575623
0
0
0
0
0
0
0
0
0
0
0
1000
0
0
0
0
0
-32.4767347584243
0
0
0
0
0
0
0
0
-1000
0
0
0
-1000
0
1000
0
0
-0.00358995658575623
0
0
0
0
-988.93262776547
0
0
0
0
0
0
0
0
0
-0.025129696100521
-3.61344738868399
0
-1000
-1000
500
0
0
0
287.165423794331
712.998088322481
0
0
0
2.44316143011724
0
0
0
0
0
0
0
-896.056163754076
0
0
0
0
1000
1000
1000
0
0
504.502847105313
976.100126881223
0
0
0
0
0
0
0
0
0
-1000
-1000
0
0
0
0
0
0
-1000
0
0
0
0
676.841283276512
0.163512116812171
-0.163512116812171
0
0
0
0
0
0
-1000
-1000
281.517481238746
0
0
0
0
0
0
0
0
0
0
0
0
1000
0
0
-0.404497604236667
-0.109942762438664
-29.7670029302717
0
-1.62165574597043
-7.62132405378679
-1.04445624316747
-5.90942348107887
-3.16085442011195
0
0
0
0
-6.01936624351754
-0.109942762438664
0
-0.109942762438664
-0.109942762438664
0
-0.797085027680396
0
-0.109942762438664
0
-42.4653919919389
0
-14.4795817452405
0
-0.364441293208529
-0.109942762438664
-0.692402332065285
0
-0.109942762438664
-0.109942762438664
-0.109942762438664
-0.109942762438664
-3.18834011072158
0
0
0
0
0
-1000
1000
0
0
-1000
1000
-0.00358995658575623
0
750
-750
0
0
0
-1000
0
0
0
0
0
0
0
0
0
0
0
0
0
0
0
0
0
0
0
-956.267037681767
956.267037681766
1000
-1000
-42.59196899531
42.59196899531
-1000
1000
1000
0
-1000
1000
-0.109942762438664
-0.109942762438664
0
0
0
0
0
-103.239159877428
103.075647760616
1000
0.0215397395148784
0
0
0
0
0
-1000
0
-32.4767347584243
0
0
0
0
0
0
0
0
0
0
0
0
0
0
0
0
0
0
0
0
0
0
0
0
0
0
0
0
0
0
0
0
0
0
0
0
0
0
0
0
0
0
0
0
0
0
0
0
0
0
0
0
0
0
0
0
0
0
0
0
0
0
0
0
0
0
0
0
0
-0.109942762438664
0
-0.109942762438664
0
0
0
0
0
0
0
0
0
0
0
0
0
0
0
0
0
0
0
0
0
0
0
0
0
0
0
0
0
0
0
0
0
0
0
0
0
0
0
0
0
0
0
0
0
0
0
0
0
0
0
0
0
0
0
0
0
0
0
0
0
0
0
0
0
0
0
0
0
0
0
0
0
0
0
0
0
0
0
0
0
0
0
0
0
0
989.346725789082
0
0
0
0
0
0
0
0
0
0
0
0
0
0
0
0
0
0
0
0
0
0
0
0
0
0
0
0
0
0
0
0
0
0
0
0
0
0
0
0
0
0
0
0
0
0
0
0
0
0
0
0
0
0
0
0
0
0
0
0
0
0
0
0
0
0
0
0
0
0
0
0
0
0
0
0
0
0
0
0
0
0
0
0
0
0
0
0
0
0
0
0
0
0
0
0
0
0
0
0
0
0
0
0
0
0
0
0
0
0
0
0
0
0
0
0
0
0
0
0
0
0
0
0
0
0
0
0
0
0
0
0
0
0
0
0
0
0
0
0
0
0
0
0
0
0
0
0
0
0
0
0
0
0
0
0
0
0
0
0
0
0
0
0
0
0
0
0
-1000
0
1000
0
0
-578.695413429996
-0.422277748367947
0
0
0
0
0
0
0
0
0
0
0
0
0
0
0
0
0
0
0
999.949813447498
0
0
0
0
0
0
0
0
0
-1000
0
-1000
-0.00358995658575623
0
578.695413429996
0
0
0
0
0
0
1000
0
0
0
0
0
-1000
0
0
0
0
0
0
0
0
0
0
0
0
0
0
0
0
0
0
0
0
0
0
0
0
0
0
0
0
0
0
0
0
0
0
0
0
0
0
0
0
0
0
0
0
0
0
0
0
0
0
0
0
0
0
0
0
0
0
0
0
0
0
0
0
0
0
0
0
0
0
0
-0.109942762438664
-0.109942762438664
-0.109942762438664
-0.109942762438664
0
-0.109942762438664
-0.219885524877327
-0.109942762438664
-0.109942762438664
-0.109942762438664
-0.109942762438664
-0.109942762438664
0
-0.109942762438664
-0.109942762438664
-0.109942762438664
-0.109942762438664
-0.109942762438664
-0.109942762438664
-0.109942762438664
0
-0.109942762438664
-0.109942762438664
-0.109942762438664
-1000
0
0
86.7139271934136
0
271.223509301918
0
0
0
0
0
0
0
0
0
0
0
