0
0
0
0
0
0
0
9.59413362295254
-1000
0
1000
52.0937350577887
0
0
1000
0
999.834885441078
-999.834885441078
999.962104855329
0
0.0378951446705761
0
-1000
-51.8555370055736
0
1000
50.5062358448051
0
-37.1088180922311
0.00808847762151698
8.65012044499986
8.65012044499986
0
0
0
0.0208694815043542
0
14.0931076445745
14.0931076445745
22.7404458046802
14.0931076445745
14.0931076445745
14.0931076445745
14.0931076445745
14.0931076445745
465.456820963282
0
465.456820963282
0
465.456820963282
0
465.456820963282
0
465.456820963282
0
465.456820963282
0
0
465.456820963282
0
0
0
0
0
0
0
0
178.039894537976
0
0
0
0
0
0
0
0
0
0
178.039894537976
0
-1000
0
0
0
0
0
0
0
0
0
0
0
0
0
0
0
0
0
0
0
0
0
0
0.00231771161081674
0
0
0
0
0
0
0
0
0
0
10.6795588381598
0
0
0
0
0
0
0
0
0
0
0
0
0
0
0
1000
0
0
-1000
0
0
0
0
0
0
-1000
0
0
0
0
-9.48715275760048
0
0
0
0
-1000
0
0
0.00578420202003831
-73.7664290588419
0
0
-278.446666022833
-380.781370912733
1000
-102.340118481996
0
73.766429058842
0
-1000
-102.340118481996
-102.340118481996
1000
-1000
0
0
1000
0
0
0.00578420202009511
0
0
1000
892.56754323675
329.19079089331
0
0
0
0
-2.54939039933424
0
0
0
0
0
0
0
2.65766224125014
-1000
0
0
0
0
0
0
0
0
266.510756339846
266.510756339846
10.514444279238
0
0
0
-269.062853535228
0
739.646597273671
352.813437793289
0
0
0
1000
258.197746742974
0
0
0
0
0
352.813437793289
0
0
-1000
57.9001146947979
0
0.298951207772006
0
0
0.448426811658022
0
0
0
269.062853535228
0
0
0
-1000
0
0
0
0
0
0
0
0
0
0
0
0
-1000
0
346.597431544478
-10.6795588381598
-1000
-1000
1000
-1000
69.37711692235
-1000
-1000
-0.626606210159935
1000
0.44842681165801
0
-0.44842681165801
1000
1000
-1000
58.6474927142279
0
0
1000
0
0.116392230059627
0
-0.11639223005966
0
0.00115549680307385
0
0
0
0
0
0
0
1.40190649632935
1000
0
0
0
0
0
0
0
0
1000
0
1000
0.304364799867813
0
0
-1000
0
-0.11639223005966
0
-0.44842681165801
0
0
0.44842681165801
0
0
0
0
0
0
0
0
-1000
0
0
0
-179.247347269492
0.44842681165801
0
-1000
-0.626606210159935
0
168.771643109172
0.00231771161081674
0
0
0
0
0
0
0
0
0
0
0
0
0
0
0
0
1.49475603886007
6.29253103999521
0
0
0
0
0
0
0
0
0
-469.827591745813
-1000
-739.643890477624
-998.516454071598
-1000
1000
-1000
-1.78365263297746
-1000
-1000
1000
-999.701048792228
1000
1000
1000
0
0
0
0
0
0
-1000
0
1000
-1000
-1000
-1000
1000
0
0
1000
0
0
0
0
0
0
0
0.626606210159922
-1000
1000
-930.62288307765
-1000
1000
-1000
-69.676068130122
-1000
-1000
1000
-1000
1000
1000
1000
0
-1000
0
1000
-1000
-822.23619865891
1000
1000
-1000
1000
1000
0
0
0
0
0
0
0
0
-2.65766224125014
0
0
0
-553.729178293599
1000
0
0
0
-19.071676274874
0
0
0
0
0
0
0
8.65012044499986
0
0
0
0
0
0
0
0
0.00231771161081674
0
1000
-454.923259863012
-545.076740136988
0
545.076740136988
0
0
0
0
0
0
0
0
0
454.923259863012
0
0
0
0
0
0
0
0
0
0
0
0
1000
0
0
0
0
0
-1000
1000
0
0
0
0
0
0
0
0
0
0
0
0.00231771161077177
-1000
0.0676699011974051
0.0676699011974051
0
-977.383817687517
0
0
0
0
0
0
0
0
0
0
0
0
0
0
0
0
-224.148593316493
0
0
0
0
0
0
0
0
0
0
0
0
0
0
0
0
0
0
0
0
0
0
0
0
0
0
0
0
0
0
0
0
0
0
0
0
0
0
0
0.105565045868031
0
0
0
1000
0
0
0
0
0
0
-1000
0
0
0
0
0
0
0
0
0
0
0
0
0
0
0
0
0
0
0
0
0
0
0
0
0
0
0
0
-846.457769695539
0
0
0.105565045868031
0
0
0
0
0
0
0
0
0
988.871113017889
0
0
0
0
0
0
0
0
0
0
0
0
0
0
0
0
0
0
0
0
0
0
0
0
0
0
0
0
0
0
0
0
0
-1000
0
0
0
0
0
0
0
0
0
0
0
0
0
20.96730237034
0
20.96730237034
0
0
0
0
0
0
0
0
0
0
0
0
0
0
0
0
0
0
0
0
0
-1000
0
0.0027067960478983
0
0
0
0
0.489930084669592
0.489930084669592
0
0
0
0
0
0
0
0
0
0
0
0
0
0
0
0
0
0
0
0
0
0
0
0
0
0
0
-0.00231771161077177
0
0
0
1000
0
0
1000
0
0
0
0
1.40753394490711
0
0
1.40753394490711
0
0
0
0
0
0
0
0
0
0
1.40753394490711
0
1.40753394490711
0
0
0
8.39659610649361
23.9347810722469
15.2991359662802
11.2054218503029
16.6139054633824
5.4682458629478
12.7891214718123
23.3969208234324
21.5442910775156
6.81289648498414
13.2074572208903
27.2217048150024
21.4845288276474
6.6336097353793
10.9962539757639
15.2393737164119
19.7514235814672
15.9864018397654
2.92835024354581
19.930710331072
0
0
0
0
0
0
0
0
0
0
0
0
0
0
0
0
0
0
0
0
0
0
0
0
0
0
0
0
0
0
0
0
0
0
0
0
0
0
0
0
0
0
0
0
0
0
0
0
0
0
0
0
0
0
0
0
0
0
0
0
0
0
0
0
0
0
0
0
0
0
0
0
0
0
0
0
0
0
0
0
0
0
0
0
0
0
0
0
0
0
0
0
0
0
-1000
0
0
0
0
-1000
-1000
1000
1000
0
0
0
0
0
185.354752331514
0
-19.071676274874
-196.131755827398
-185.452196989239
-1000
0
-784.501527128507
0
-688.079983584213
903.502666166365
1000
185.36016592361
1000
0
0
814.645247668486
0
-1000
-1000
-1000
0
0
215.498472871493
0
215.498472871493
784.501527128507
0
0
0
0
0
0
0
0
0
0
0
-1000
108.061380685021
1000
1000
0
500
250.000960954585
2.50810863163552
5
0
0
0
0
0
0
1.19926670286907
0
392.251450029229
0
0
-0.000944781660109584
0
0
0
0
-0.000944781660109584
0
107.404644223921
0
-0.000944781660109584
0.000944781660109584
-0.000944781660109584
-0.354188604713954
0
-0.0590488537558258
0
-1000
-0.365866697870956
0.000944781660109584
-0.000944781660109584
-0.000944781660109584
0.000944781660109584
-0.000944781660109584
0.000944781660109584
-0.000944781660109584
-0.000944781660109584
-0.000944781660109584
-0.000944781660109584
-0.000944781660109584
-0.000944781660109584
-0.000944781660109584
-0.000944781660109584
-0.000944781660109584
-0.000944781660109584
-0.000944781660109584
-0.0198404148619602
-0.00648179402651294
-0.0271624727276958
-0.0273986681427232
-0.013935529486389
0.000944781660109584
1.20021148452918
-0.067980036987251
0.000944781660109584
0.000944781660109584
0.000944781660109584
0.000944781660109584
-0.452314219769505
-0.0068496670356808
-0.0507820142299806
-0.255799634470122
-0.00098902419949809
0.000944781660109584
0.000944781660109584
0.00897542577092736
0.000944781660109584
0.000944781660109584
-0.000944781660109584
0
0
0
0
0
0
0
0
0
0
0
0
0
0
0
0
0
0
0
0
0
0
0
0
0
0
0
0
0
0
0
0
0
0
0
0
0.000576908650941732
0
0
0
0
0
0
0
0
0
0
0
0
0
0
0
0
0
0
0
0
0
0
0
0
0
0
0
0
0
0
0
0
0
0
0
0
0
0
0
1000
0
0
0
0
0
0
0
0
0
0
0
0
0
0
0
0
0
0
0
0
0
0
0
0
0
0
0
0
0
0
0
0
0
0
0
0
0
0
0
0
0
0
0
0
0
0
0
0
0
0
0
0
0
0
0
0
0
0
0
0
0
0
0
0
0
0
0
0
0
0
0
0
0
0
0
0
0
0
0
0
0
0
0
0
0
0
0
0
0
0
0
0
0
0
0
0
0
0
0
0
0
0.000944781660092844
0.000944781660092844
392.253339592549
0
0
0
0
0
0
0.000944781660092844
0
0
0
0
0
0
0
0
0
0
0
0
0
0
0
0
0
0
0
0
0
0
0
0
0
0
0
0
0
0
0
0
0
0
0
0
0
0
0
0
0
0
0
0
0
0
0
0
0
0
0
0
0
0
0
0
0
0
0
0
0
0
0
0
0
0
0
0
0
0
0
0
0
0
0
0
0
0
0
0
0
0
0
0
0
0
0
0
0
0
0
0
0
0
0
0
0
0
0
0
0
0
0
0
0
0
0
0
0
0
0
0
0
0
0
0
0
0
0
0
0
0
0
0
0
0
0
0
0
0
0
0
0
0
0
0
0
0
0
0
0
0
0
0
0
0
0
0
0
0
0
0
0
0
0
0
0
0
0
0
0
0
0
0
0
0
0
0
0
0
0
0
0
0
0
0
0
0
0
0
0
0
0
0
0
0
0
0
0
0
0
0
0
0
0
0
0
0
0
0
1000
0
0
0
0
0
0
0
0
0
0
0
0
0
0
0
0
0
0
0
0
0
0
0
0
0
0
0
0
0
0
0
0
0
0
0
0
0
0
0
0
0
0
0
0
0
0
0
0
0
0
0
0
0
0
0
0
0
0
0
0
0
0
0
0
0
0
0
0
0
0
0
0
0
0
0
0
0
0
0
0
0
0
0
0
0
0
0
0
0
0
0
0
0
0
0
0
0
0
0
0
0
0
0
0
0
0
0
0
0
0
0
1000
1000
0
0
0
0
0
0
0
0
0
0
0
0
0
0
0
0
0
0
0
0
0
-1000
0
-1000
0
0
0
0
0
0
0
1000
1000
0
0
0
0
0
0
0
0
0
0
0
0
0
0
0
0
0
0
0
0
0
0
0
0
0
0
0
0
0
0
0
0
0
0
0
0
0
0
0
0
0
0
0
0
0
0
0
0
0
0
0
0
0
0
0
0
0
0
0
0
0
0
0
0
0
0
0
0
0
0
0
0
0
0
0
0
0
0
0
0
0
0
0
609.001762391092
28.6751391069354
0
0
0.000944781660109584
0
1000
0
0
392.252394810889
0
1.35138762141571
-0.000944781660109584
107.404644223921
0
0
0
0.000576908650941732
0.364921916210847
0
1000
999.99905521834
0
0
0
0
0
0
0
0
0
0
0
0
0
-1000
0.000576908650941732
0
0
0
0.00231771161077177
0
0
0
0
0
0
0
-0.00231771161077177
0
0
0
0
0
1.19926670286907
-1000
609.001762391092
0
0
0
-1000
1000
-0.013906269664858
0
0
0.000944781660109584
-0.000944781660109584
0
0
392.286643146067
-392.286643146067
-1000
0
0
0
-392.252394810889
-392.252394810889
-1000
0
1000
-1.35138762141571
-1000
0
-892.595355776079
-107.404644223921
-1000
0
0
0
0
0
-1000
0
-1000
0
0
0
1000
-1000
-1000
0
0
0
-1000
0
0
0
1000
0
0
0
0
0
0
0
0
0
0
0
0
0
0
0
0
0
0
0
-1000
1000
-1000
0
-1000
0
-1000
0
-1000
0
0
0
0
0
0
0
0
0
-1000
0
-1000
0
497.128382565335
0
-1000
0
-1000
0
-1000
0
0
0
0
0
0
0
0
0
0
-991.605133079917
-8.39486692008347
1.19926670286907
-1.19926670286907
0
0
0
0
0
0
0
0
0
0
0
0
0
0
0
0
0
0
0
0
0
0
0
0
0
0
0
0
0
0
0
0
0.000576908650941732
-0.000576908650941732
0
0
0
0
0
0
0
0
0
0
0
0
0
0
0
0
0
0
0
0
0
0
0
0
0
0
0
0
0
0
0
0
0
0
0
0
0.000576908650941732
-0.000576908650941732
0
0
0
0
0
0
-0.00231771161077177
-0.00231771161077177
0
0
0
0
0
0
0
0
0
0
0
0
0
0
0
0
0.00231771161077177
0.00231771161077177
0
0
0
0
0
0
0
0
0
0
0
0
0
0
0
0
0
0
0
0
0
0
0
0
0
0
0
0
0
0
0
0
0
0
0
0
0
0
0
0
0
0
0
0
0.759109894917059
0.00231771161081674
0
0
0
0
0
0
0
0
0.0955121117145465
0
0
0
0
0
0
0
0
0
0
0
0
0
0
0
0
0
0
0
0
0
0
0
0
0
0
0
0
0
0
0
0
0
0
0
0
0
0
0
0
0
0
0
0
0
0
0
0
0
0
0
0
0
0
0
0
392.286643146067
392.286643146067
392.286643146067
0
0
0
0
392.251450029229
392.251450029229
0
0
0
0
0
0
0
0
0
0
0
0
0
0
0
0
0
0
0
0
0
0
0
0
0
0
0
0
0
0
0
0
0
0
0
0
0
0
0
0
0
0
0
0
0
0
0
0
0
0
0
0
0
0
0
0
0
0
0
0
0
0
0
0
0
0
0
0
0
0
0
0
0
0
0
0
0
0
0
0
0
0
0
0
0
0
0
0
0
0
0
0
0
0
0
0
0
0
0
0
0
0
0
0
0
0
392.252394810889
392.252394810889
392.252394810889
392.252394810889
-392.252394810889
0
0
0
0
0
0
0
0
0
0
0
0
0
0
0
0
0
0
0
0
0
0
0
0
0
0
0
0
0
0
0
0
0
0
0
0
0
0
0
0
0
0
0
0
0
0
0
0
0
0
0
0
0
0
0.00231771161081674
0.00231771161081674
0.00231771161081674
0.00231771161081674
0.00231771161081674
0
0
0
0
0
0
0
0
0
0
0
0
0
0
0
0
0
0
0
0
0
0
0
0
0
0
0
0
0
0
0
0
0
0
0
0
0
0
0
0
0
0
0
0
0
0
0
0
0
9.48715275760053
9.48715275760053
-9.48715275760048
3.15697625877494
-1.57732927358211
1.57732927358206
1.57732927358206
1.57732927358206
0
0
0
0
0
0
0
0
0
0
0
0
0
0
0
0
0
0
0
0
1.57732927358206
0
1.57270728636976
1.57732927358206
1.57732927358206
1.57732927358206
1.57732927358206
1.57732927358206
1.57732927358206
1.57732927358206
1.57732927358206
1.57732927358206
1.57732927358206
1.57732927358206
1.57732927358206
1.57732927358206
1.57732927358206
1.57732927358206
1.57732927358206
9.48715275760053
9.48715275760053
3.15697625877494
3.15697625877494
0
0
0
0
0
0
0
0
0
0
0
0
0
0
0
0
0
0
0
0
0
0
0
0
0
0
0
0
0
0
0
0
0
0
0
0
0
0
0
0
0
0
0
0
0
0
0
0
0
0
0
0
0
0
0
0
0
0
0
0
0
0
0
0
0
0
0
0
0
0
0
0
0
0
0
0
0
0
0
0
0
0
0
0
0
0
0
0
0
0
0
0
0
0
0
0
0
0
0
0
0
0
0
0
0
0
0
0
0
0
0
0
0
0
0
0
0
0
0
0
0
0
0
0
0
0
0
0
0
0
0
0
0
0
0
0
0
0
0
0
0
0
0
0
0
0
0
0
0
0
0
0
0
0
0
0
0
0
0
0
0
0
0
0
0
0
0
0
0
0
0
0
0
0
0
0
0
0
0
0
0
0
0
0
0
0
0
0
0
0
0
0
0.759109894917059
0.775307004174101
0.775307004174101
0
0
0
0
-0.775307004174124
0
0
0
0.0161971092570411
0
0
1000
0
0
0
0
0
0
0
0
0
0
0
0
0
0
0
0
0
0
0
0
0
0
0
0
0
0
0
0
0
0
0
0
0
0
0
0
0
0
0
0
0
0
0
0.775307004174101
0
0
0
0
0
0
0
0
0
0
0
0
0
0
0
0
0
0
0
0
0
0
0
0
0
0
0
0
0
0
0
0
0
0
0
0
0
0
0
0
0
0
0
0
0
0
0
0
0
0
0
0
0
0
0
0
0
0
0
0
0
0
0
0
0
0
0
0
0
0
0
0
0
0
0
0
0
0
0.759109894917059
0.00231771161081674
0
0
0
0
0
0
0
0.999350220551496
0
0
0
0.626606210159922
0.626606210159922
0.626606210159922
0
0
0
0
0
0
0.856939718242423
0
0
0
0.00231771161081674
0
0
0
0
-0.856939718242415
0.856939718242423
0
0
0
0
0
0
0
9.34816171966799
0
0
0.156289899955297
0
0.142410502309073
0
0
0
0
0
0
0
0
0
0
6.98678307850253
6.98678307850253
6.98678307850253
0
0
0
0
-0.0955121117145836
0
0
0
0
0
0
0
0
0
0
0
0
0
0
0
0
0
0
0
0
0
0
0
0
0
0
0
0
0
0
0
0
0
0
0
0
0
0
0
0
0
0
0
0
0
0
0
0
0
0
0
0
0
0
0
0
0
0
0
0
0
0
0
0
0
0
0
0
0
0
0
0
0
0
0
0
0
0
0
0
0
0
0
0
0
0
0
0
0
0
0
0
0
0
0
0
0
0
0
0
0
0
0
0
0
0
0
0
0
0
0
0
0
0
0
0
0
0
0
0
0
0
0
0
0
0
0
0
0
0
0
0
0
0
0
0
0
0
0
0
0
0
0
0
0
0
0
0
0
0
0
0
0
0
0
0
0
0
0
0
0
0
0
0
0
0
0
0
0
0
0
0
0
0
0
0
0
0
0
0
0
0
0
0
0
0
0
0
0
0
0
0
0
0
0
0
0
0
0
0
0
0
0
0
0
0
0
0
0
0
0
0
0
0
0
0
0
0
0
0
0
0
0
0
0
0
0
0
0
0
0
0
0
0
0
0
0
0
0
0
0
0
0
0
0
0
0
0
0
0
0
0
0
0
0
0
0
0
0
0
0
0
0
0
0
0
0
0
0
0
0
0
0
0
0
0
0
0
0
0
0
0
0
0
0
0
0
0
0
0
0
0
0
0
0
0
0
0
0
0
0
0
0
0
0
0
0
0
0
0
0
0
0
0
0
0
0
0
0
0
0
0
0
0
0
0
0
0
0
0
0
0
0
0
0
0
0
0
0
0
0
0
0
0
0
0
0
0
0
0
0
0
0
0
0
0
0
0
0
0
0
0
0
0
0
0
0
0
0
0
0
0
0
0
0
0
0
0
0
0
0
0
0
0
0
0
0
0
0
0
0
0
0
0
0
0
0
0
0
0
0
0
0
0
0
0
0
0
0
0
0
0
0
0
0
0
0
0
0
0
0
0
0
0
0
0
0
0
0
0
0
0
1000
0
0
0
0
0
0
0
0
0
0
0
0
0
0
0
0
0
0
0
0
0
0
0
0
0
0
0
0
0
0
0
0
0
0
0
0
0
0
0
0
0
0
0
0
0
0
0
0
0
0
0
0
0
0
0
0
0
0
0
0
0
0
0
0
0
0
0
0
0
0
0
0
0
0
0
0
0
0
0
0.105565045868031
0.105565045868031
0
0
0
0.105565045868047
0.105565045868031
0
0
0
0
0
0.0162407762873877
0
0
0
0
0
0
0
0
0
0
0
0
0
0.63880386730388
0
0
0
0
0
0
0.63880386730388
0
0.63880386730388
0.638803867303864
0
0
0
0
0
0
0
0
0
0
0
0
0
0
0
0
0
0
0
0
0
0
0
0
0
0
0
0
0
0
0
0
0
0
0
0
0
889.011099325437
889.011099325437
0
0
0
0
0
0
0
0
0
0
0
0
0
0
0
0
0
0
0
0
0
0
0
0
0
0
0
0
0
0
0
0
0
0
0
0
0
0
0
0
0
0
0
0
0
0
0
0
0
1000
1.65119765375414
-1000
0
0
0
-1000
1000
1000
0
22.1677555008254
0
0
-996.144982587524
-2.6522465703797
0
0
0
0
0
0
0
0
0
0
0
0
0
0
0
0
0
0
0
0
0
0
0
0
0
0
0
0
0
0
0
0
0
0
0
0
0
0
0
0
-1000
0
0
0
0
0
0
0
0
0
0
0
0
0
0
0
0
0
-999.997682288389
-1000
1000
-1000
1000
999.997682288389
-1000
0
0
0
0
0
0
0.00231771161077177
0
0
0
0
0
0
0
0
0
0
0
0
0
0
0
0
0
500
0
0
0
0.00925069242925987
0
0.00231771161081674
0.0138793976462243
1000
0.00115549680307385
0.00115549680307385
0.00231771161077177
0
0.00809519562618601
0.00115549680307385
0.0173526060601377
-0.00115549680310778
0.00115549680307385
0.00115549680307385
0.00115549680307385
0.00115549680307385
0.00115549680307385
-0.00115549680310778
-0.00231099360610187
-0.00347320841387955
0.00115549680307385
0.00115549680307385
0.00115549680310778
0.00115549680307385
-0.00347320841387955
-0.00115549680310778
0.00231771161077177
0.00115549680307385
0.00115549680307385
0.00231771161081674
0.00231771161081674
-0.00231771161077177
-0.00231771161077177
0.00231771161077177
0.00231771161077177
0.00115549680307385
0.00115549680307385
0.00115549680307385
0.00115549680307385
0.0254612376955947
-0.00347320841387955
-999.983802890743
0
0
0
0
0
0
-1000
0
0
0
0.00231771161081674
0
0
0
0
0.00115885580540837
0.00231771161077177
0.00231771161077177
0
0
0.00231771161081674
0.00231771161081674
0
0
0
0
0.00462198721229542
0.00115549680307385
0.00346649040922156
0.00115549680307385
-0.00115549680310778
0.00115549680307385
0.00115549680307385
0.00115549680307385
0.00115549680307385
0.00115549680307385
0.00115549680307385
0.00231099360614771
0.00115549680307385
0.00115549680307385
0.00115549680307385
0.00115549680307385
0.00115549680307385
0
0.00115549680307385
0.00231771161081674
0
0.00231771161081674
0
0.00231771161081674
0.00231771161081674
0.00231771161081674
0.00231771161081674
0.00231771161081674
0.00231771161081674
0
0.00231771161081674
0
0.00231771161081674
0.00231771161081674
0.00231771161081674
0.00231771161081674
0.00231771161081674
0
0
0
0
0
0
0
0
0
0
0
0
0
0
0
0
-0.00231771161077177
0
0
0
0
0
0
0
0
0
0
0
0
0
0
0
0
0
0
0
0
0
0
0
0
0
0
0
0
0
0
0
0
0
0
0
0
0
0
0
0
0
0
0
0
0
0
0
0
0
0
0
0
0
0
0
0
0
0
0
0
0
0
0
0
1.19926670286907
0
0
0
0
0
0.00231771161081674
0
0
0
0
0
0
0
0
0
1000
0
0
0
0
0
0
0
0
0
0
0
-1000
0
0
0
-1.19926670286907
0
-392.251450029229
0
0
0
0.000944781660092844
0
0
0
0
0.000944781660092844
0
0
0
0.000944781660092844
0.000944781660092844
0.000944781660092844
0.35418860471391
0
0.0590488537558028
0
0
0.000944781660109584
0.365866697870954
0.000944781660092844
0.000944781660092844
0.000944781660092844
0
0.000944781660092844
0.000944781660092844
0
0.000944781660092844
0.000944781660092844
0.000944781660092844
0.000944781660092844
0.000944781660092844
0.000944781660092844
0
0.000944781660092844
0.000944781660092844
0.000944781660092844
0
0.000944781660092844
0
0.000944781660092844
0.000944781660092844
0.0198404148619497
0.00648179402653357
0.0271624727276693
0.0273986681426925
0.0139355294863695
0.000944781660092844
1.20021148452916
0.0679800369872694
0.000944781660092844
0.000944781660092844
0.000944781660092844
0.000944781660092844
0.452314219769449
0.00684966703567312
0.0507820142299904
1000
0.00098902419950821
0
0.000944781660092844
0.000944781660092844
0.00897542577088202
0.000944781660092844
0.000944781660092844
0.000944781660092844
663.703147235278
0
0.0161971092570639
1000
0
0
0
0
-1000
-1000
1000
0
0.63880386730388
1000
1000
619.324194133135
0
888.154159607195
-1000
1000
-1000
0
0
983.523622021426
0
0
0
0
0
-4.94270923386489
818.145902340544
0
0
0
0
-1000
1000
-0.00231771161077177
0
0
-0.626606210159935
1000
0
0
0
0
479.558017085478
-1000
1000
1000
-269.062853535228
1000
0
1000
439.876819779041
0
-1000
0
0
1000
0
1000
-1000
0
1000
0
0
-1000
842.247064053955
1000
1000
0
0
0
0
0
-335.004890833294
0
0
0
0
0
0
0
0
0
1000
0
0
0
61.1225909500563
0
0
0
0
0
0
0
0
1000
0
0
0
0
0
0
0
0
0
-1000
-1000
1000
-1000
1000
-1000
-1000
-1000
-1000
-1000
-1000
-1000
1000
-1000
-1000
-1000
-1000
-33.5728820747297
1000
1000
1000
-1000
-1000
-1000
-1000
1000
1000
1000
1000
-1000
-1000
1000
0
-991.454919195309
-1000
-1000
-27.0669824494698
-1000
-1000
-1000
1000
1000
-761.210131751036
1000
-1000
-1000
-6.61051379516073
-1000
-1000
-1000
-1000
-825.210425347605
1000
986.516449582224
156.603213554354
-1000
-1000
-1000
-1000
-1000
414.732422696859
-1000
-1000
-1000
-1000
-1000
-1000
-1000
-1000
-1000
-1000
-1000
-1000
-1000
1000
-1000
-1000
-1000
-1000
-1000
-1000
-1000
-1000
-1000
-1000
-1000
1000
1000
-1000
1000
1000
1000
-1000
-1000
1000
1000
1000
1000
-1000
-1000
-1000
-1000
-1000
-1000
574.029673900263
196.647250163291
-1000
1000
1000
1000
1000
1000
1000
1000
1000
1000
1000
1000
1000
-560.416478043987
-1000
-6.87785959013365
-851.019456231884
1000
1000
-1000
-1000
-1000
0
0
0
0
0
0
0
0
0
0
0
0
0
0
0
0
0
0
0
0
0
0
0
0
0
0
0
0
0
0
0
0
0
0
0
0
0
0
0
0
0
0
0
0
0
0
0
0
0
0
0
0
0
0
0
0
0
0
0
0
0
0
0
0
0
0
0
0
0
0
0
0
0
0
0
0
0
0
0
0
0
0
0
0
0
0
0
0
0
0
0
0
0
0
0
0
0
0
0
0
0
0
0
0
0
0
0
0
0
0
0
0
0
0
0
0
0
0
0
0
0
0
0
0
0
0
0
0
0
0
0
0
0
0
0
0
0
0
0
0
0
0
0
0
0
0
0
0
0
0
0
0
0
0
0
0
0
0
0
0
0
0
0
0
0
0
0
0
0
0
0
0
0
0
0
0
0
0
0
0
0
0
0
0
0
0
0
0
0
0
0
0
0
0
0
0
0
0
0
0
0
0
0
0
0
0
0
0
0
0
0
0
0
0
0
0
0
0
0
0
0
0
0
0
0
0
0
0
0
0
0
0
0
0
0
0
0
0
0
0
0
0
0
0
0
0
0
0
0
0
0
0
0
0
0
0
0
0
0
0
0
0
0
0
0
0
0
0
0
0
0
0
0
0
0
0
0
0
0
0
0
0
0
0
0
0
0
0
0
27.497798011888
0
0
0
0
0
0
0
0
0
0
0
0
0
0
823.521658219996
0
0
0
0
0
0
0
0
0
0
0
0
0
0
0
0
0
0
0
0
1000
-1000
-1000
1000
1000
1000
1000
0
-1000
-1000
1000
-1000
1000
1000
1000
1000
-1000
-1000
1000
-1000
1000
-1000
0
-1000
-1000
-1000
-1000
1000
1000
1000
-1000
1000
-1000
-1000
-1000
1000
1000
-1000
-990.438267313566
-1000
-1000
1000
-1000
-1000
-1000
1000
-1000
1000
-1000
-999.967599063481
-1000
-1000
-1000
-1000
-1000
0
0
0
0
0
-1000
1000
0
0
0
0
0
0
0
0
0
0
0
-1000
-1000
-0.304364799867813
0
0
0
0
120.039374811322
1000
0
0
0
0
0
0
0
0
0
0
-0.00231771161077177
0.00231771161081674
0
0
-0.00231771161077177
-0.00231771161077177
0
0
0
1000
0
0
0
0
0
0
0
0
0
0
0
0
0
0
0
0
0
0
0
0
0
0
0.00231771161081674
0
0
1000
1.20045313048536
998.797229157904
-1000
999.997682288389
0
0
0
0
-0.00231771161077177
0
0
0
0
0
0
0
0
0
0
0
0
0
0
0
0
0
0
0
0
0
-465.456820963282
465.456820963282
0.00231771161081674
0
0
0
0
-586.096976245281
0
0
0
0
0
0
-818.145902340544
0
999.88360776994
0
0
0
0
173.053372426734
0
0
0
0
0
0
0
0
0
0.255799634470138
0
0
0
0
0
0
0
0
0
0
0
0
0
0
0
0
0
0
0
0.00231771161081674
0
0
0
1000
0
609.001762391092
0
-392.251450029229
0
1.25321242031984
0
0
0
0
1000
0
-545.076740136988
0
0
0
0
0
0
0
0
0
0
0
0
0.00231771161077177
1000
-980.633282955905
1000
-311.995806705128
0
1000
0
0
-1000
-1000
0
-1000
1000
1000
1000
0
0
0
0
0.0920310656285892
1000
0
0
0
0
0
0.00231771161077177
0
0
1000
0
0
8.65012044499986
0
1000
0
0
-1000
0
0
-1000
0
-1000
1000
0
0
0
0
0
0
0
0
0
0
0
-999.994586407904
989.222996504116
545.076740136988
1000
0
0
0
0
0
0
454.923259863012
77.3002464313651
0
0
1000
0
0
0
57.448981087092
0
0
0
0
0
0
0
0
0
0
0.626606210159922
0
0.00231771161081674
-0.00231771161077177
0.00231771161081674
0.00231771161081674
0
0
-1000
1000
0.00231771161077177
0
0
0
0.626606210159935
0
0
-0.00695313483242899
-1000
-1000
-1000
1000
-1000
930.62288307765
0
0
873.173901990558
-942.551018912908
-930.62288307765
-1000
0
0
0
0
0
0
0
0
0
0
0
0
0
0
0
0
0
0
0
0
0
0
0
0
69.37711692235
0
0
0
0
0
0
0.00115549680307385
0
1000
0
0
0
0
0
0
0.00231771161081674
0
1000
0
0
0
0
0
0
0
0
1.19926670286907
0
-9.59413362295254
0
0
0
0
0
0
0
0
0
0
0
0
0
1000
0
0
0
9.59413362295254
0
0
0
0
0
0
0
0
0
0
0
0
0
0
0
0
0
0
0
0
0
0
0
0
0
0
0
1.49475603886003
0
0
0
0
0
0
0
0
0
0
0
0
0
0
0
0
0
0
0
0
0
0
0
0
0
0
0
0
0
0
0
0
0
0
0
0
0
0
0
0
0
0
0
0
0
0
0
0
0
0
0
0
0
0
0
0
0
0
0
0
0
0
0
0
0
0
0
0
0
0
0
0
0
0
0
0
0
0
0
0
0
0
0
0
0
0
0
0
0
0
0
0
0
0
0
0
0
0
0
0
0
0
0
0
0
0
0
0
0
0
0
-999.991911522378
0
0.00115549680310778
0
0.0127171828385144
0
0
-0.00808847762152709
0
1000
0
0
0
0
0.0104061892322989
0
0
0
0
0
0
0
0
0
0
0
0
0
0
0
0
0
0
0
0.00231771161081674
0.00231771161081674
0.00231771161081674
1000
-1000
0
-1000
-1000
0
0
0
0
0
0
1000
-77.3002464313651
0
0
0
0
0
0
0
0
0
0
998.648612378584
0
393.638030767483
-606.361969232517
-1000
-1000
999.635078083789
1000
0
-1000
0
0
0
0
0
0
0
0
0
0
-1000
0
1000
0.253862199768348
0.00231771161081674
0.00231771161081674
0.00231771161081674
0.00231771161081674
0.00231771161081674
0
0
0
1000
0.0517267958900832
0
0
0
0
0
0
0
0
0
0
0
0
0
0
497.128382565335
0
0
0
0
0
0
1000
-999.99905521834
0
1000
0
0
-999.99905521834
0
0
0
0
0
0
0
0
0
0
0
0
0
0
0
0
0
0
0
0
0
0
0
0
1.19926670286907
0
0
0
0
0
0
1.19926670286907
0
0
0
0
0
1.19926670286907
0
0
0
0
0
1.19926670286907
0
0
0
0
-1000
0
0
0
0
0
0
0
0
0
0
-1000
0
0
0
0
0
0
0
0
1000
-1000
-1000
-1000
-1000
-1000
0
0.0138793976462243
0
0
0
0
0.11639223005966
-1000
-1000
0
0
0
0
999.986093730335
0
0
0
0
0
0.372744010391574
0.372744010391574
0
0
-999.990756025575
0
0
0
0
0
0
9.58344863652646
0
-1000
0
0
0
0
0
0
0
1000
0.00231771161081674
0
0
0
0
0
0
0
0
-1000
-999.997682288389
0
0
1000
0
0
0
-1000
0
0.00346649040922156
0
0
-1.35138762141571
0
-1000
0
0
0
-1000
-1000
0
0
0
0
-392.252394810889
0
1000
0
-150.815083908148
150.815083908148
0
0
-1000
1000
-745.880905505357
0
0
0
0
-1000
-1000
0
0
-1000
0
0
0
0
0.000576908650953297
0
0
0
0
0
0
0
0
57.448981087092
0
57.448981087092
0
0
0
0
0
0
0
0
0
1000
0
1000
-1000
10.7770034958841
-1000
-1000
1000
0
0
0
0
0
0
0
0
-1000
0
0
1000
0.00115549680307385
0.00115549680307385
0
349.381625026616
0
0
107.404644223921
0
0
0
0
0
0
0
0
0
0
0
0
0
0
0
0
0
0
0
0
0
0
0
0
0
0.00231771161077177
0
0
0
0
0
0
0
0
0
0
0
0
0
0
0
0
0
0
0
0
0
0
0
0
0
0
0
0
0
0
0
0
0
0
0
0
0
0
0
0
0
0
0
0
0
0
-1000
0
-1000
0
0
0
0
0
0
-1000
0
0
0
0
0
0
0
0
0
0
0
607.713356853933
0
0
0
0
0
0
0
0
0
0
0
0
0
1000
0
0
0
-390.998237608908
0
0
0
0
0
0
0
0
0
0
0
0
0
0
0
0
0
0
0
0
0
0
0
0
0
0
0
0
0
0
0
0
0
0
0
0
0
0
0
0
0
392.251450029229
0
0
0
0
0
0
0
0
0
0
0
0
0
0
0
0
0
0
0
0
0
0
0
0
0
0
0
0
0
0
0
0
0
0
0
0
0
0
0
0
0
0
0
0
0
0
0
0
0
0
0
0
0
0
0
0
0
0
0
0
0
0
0
0
0
0
0
0
0
0
0
0
0
0
0
0
0
0
0
0
0
0
0
0
0
0
0
0
0
0
0
0
0
0
0
0
0
0
0
0
0
0
0
0
0
0
0
0
0
0
0
0
0
0
0
0
0
0
0
0
0
0
0
0
0
0
0
0
0
0
0
0
0
0
0
0
0
0
0
0
0
0
0
0
0
0
-1000
0
0
0
0
0
0
0
0
0
0
0
0
0
0
0
0
0
0
0
0
0
0
0
0
24.5888096862807
0
-602.340118481996
0
-153.542230304461
1000
-846.352204649671
0
-999.88360776994
0
0
663.703147235278
0
0
0
0
979.719727813148
0.0139062696649005
0
0
0
0
0
0
0
0
0
0
0
0
0
0
0
-20.96730237034
0
0
0
0
0
0
0
0
0
0
0
0
0
0
0
0
0
0
0
0
0
0
0
0
0
0
0
0
0
0
0
0
0
0
0
0
0
0
0
0
0
0
0
0
0
0
0
0
0
0
0
0
0
0
0
0
0
0
0
0
0
0
0
0
0
0
0
0
0
0
0
0
0
0
0
0
0
0
0
0
0
0
0
0
0
0
0
0
0
0
0
0
0
0
0
0
0
0
0
0
0
0
0
0
0
0
0
0
0
0
0
0
0
0
0
0
0
0
0
0
0
0
0
0
0
0
0
0
0
0
0
0
0
0
0
0
0
0
0
0
0
0
0
0
0
0
0
0
0
0
0
0
0
0
0
0
0
0
0
0
0
0
0
0
0
0
0
0
0
0
0
0
0
0
0
0
0
0
0
0
0
0
0
0
0
0
0
0
0
0
0
0
0
0
0
0
0
0
0
0
0
0
0
0
0
0
0
0
0
0
0
0
0
0
0
0
0
0
0
0
0
0
0
0
0
0
0
0
0
0
0
0
0
0
0
0
0
0
0
0
0
0
0
0
0
0
0
0
0
0
0
0
0
0
0
0
0
0
0
0
0
0
0
0
0
0
0
0
0
0
0
0
0
0
0
107.404644223921
0
0
0
0
0
0
0
0
0
0
0
-1000
0
0
0.63880386730388
0
0.00231771161077177
-988.595019821003
0
0
0
0
0
0
0
0
0
0
0
0
0
0
0
0
0
0
0
0
0
0
0
0
0
0
0
0
0
0
0
0
0
0
0
0
0
0
0
0
0
0
0
0
0
0
0
0
0
0
0
0
0
0
0
0
0
0
0
0
0
0
0
0
0
0
0
0
0
0
0
0
0
0
0
0
0
0
0
0
0
0
0
0
0
0
0
0
0
0
0
0
0
0
0
0
0
0
0
0
0
0
0
0
0
0
0
0
0
0
0
0
0
0
0
0
0
0
0
0
0
0
0
0
0
0
0
0
0
0
0
0
0
0
0
0
0
0
0
0
0
0
0
0
0
0
0
0
0
0
0
0
0
0
0
0
0
979.03269762966
0
0
1000
1000
0
0
0
0
0
0
0
1000
0.00231771161077177
0
454.923259863012
-1000
393.638975549143
0
0
0
0
0
0
0
0
0
0
0
0
0
0
0
1000
0
-1000
0
0
0
0
0
0
0
0
0
0
0
0
0
0
0
0
0
0
0
0
0
0
0
0
0
0
0
0
0
0
0
0
0
0
0
0
0
0
0
0
0
0
0
0
0
0
0
0
0
0
0
0
0
0
0
0
0
0
0
0
0
0
0
0
0
0
0
0
0
0
0
0
0
0
0
0
0
0
0
0
0
0
0
0
0
0
0
0
0
0
0
0
0
0
0
0
0
0
0
0
0
0
0
0
0
0
0
0
0
0
0
0
0
0
0
0
0
0
0
0
0
0
0
0
0
0
0
0
0
0
0
0
0
0
0
0
0
0
0
0
0
0
0
0
0
0
0
0
0
0
0
0
0
0
0
0
0
0
0
0
0
0
0
0
0
0
0
0
0
0
0
0
0
0
0
377.623013431647
500
55.9833722419503
0
0
-0.626606210159935
0
0
298.81124934141
12.3835219399194
27.067960478983
0.0671800466903403
55.9833722419503
0
0
0
0
0
0
0
0
0
0
0
0
0
0
0
0
0
0
0
0
0
0
0
0
0
492.526616734499
-1000
0
-1000
446.270821706401
0
0
0
11.1390619600159
-420.185222197778
-1.19926670286907
7.19560021721441
1.19926670286907
0
0
-2.36195415023212
0
0
0
0
0
0.00231771161081674
0
0
0
0
0
0
0
0
0
0
0
0
0
0
0
0
1.19926670286907
0
392.251450029229
0
0
479.558017085478
-0.452314219769505
-0.0198404148619602
-6.87785959013365
-13.483550417776
-27.497798011888
-21.5630259130364
14.2335411811885
-1000
-17.03663870635
-2.9554182040248
-20.1689083832871
-1000
-1000
0
0
0
0
-1000
-33.5728820747297
-11.2379034028777
-18.5219016447789
-8.54508080469088
-6.61051379516073
-15.3397379069987
-1000
529.645183901175
956.093770616368
0
938.877409049944
-831.228356890828
-826.946627573266
0
1000
1000
0
-0.11639223005966
-1000
0
0
0
0
0
0
1000
0
0
-1000
0
0
0
0
0
0
0
0
-0.00231771161077177
-0.00231771161077177
0
0
0
0
0
0
0
0
0
0
0
0
0
0
0
0
1000
0
9.59413362295254
0
0
1000
-1000
0
-0.00231771161077177
-0.00231771161077177
-0.638803867303864
998.797229157904
0
0
-0.00231771161077177
0
-0.00231771161077177
0
0
-500
-0.00231771161077177
0
0
0
-0.00231771161077177
0
0
0
0
0
0
0
0
0
0
0
1000
0
0
0
0
0
1.20045313048536
0
0
0
0
0
0
0
0
0
0
0
-1000
0
1000
0
0
-0.00231771161077177
0
0
0
0
0
0
0
0
0
0
0
0
0
0
-586.096976245281
-0.626606210159935
-0.304364799867813
-1000
-1000
500
0
0
0
0
0
0
0
0
-9.56173268643374
0
0
0
0
0
0
-269.062853535228
0
0
0
0
1000
1000
619.324194133135
0
0
888.154159607195
0
0
0
0
465.456820963282
0
0
0
0
0
-1000
-1000
0
0
0
0
0
-0.0324009365187976
0
0
0
0
0
-1000
1000
0
0
0
0
168.771643109172
0
-1000
-1000
1000
-173.714352343037
0
0
-465.456820963282
0
0
0
0
0
0
0
1000
0
-0.00098902419949809
-0.000944781660109584
-0.255799634470122
-335.004890833294
-0.013935529486389
-0.067980036987251
-0.00897542577092736
-0.0507820142299806
-0.0271624727276958
-0.000944781660109584
0
0
0
0
-0.000944781660109584
-979.03269762966
-0.000944781660109584
-0.000944781660109584
-0.000944781660109584
-0.0068496670356808
0
-0.000944781660109584
-0.354188604713954
0
0
0
0
0
-9.58344863652644
-0.000944781660109584
-0.00648179402651294
0
-1.20021148452918
-0.000944781660109584
-0.000944781660109584
-0.000944781660109584
-0.0273986681427232
0
-0.0590488537558258
0
0
0
-1000
1000
0
0
-1000
1000
-0.00231771161077177
-1000
745.880905505357
-745.880905505357
0
0
0
-1000
0
0
1000
0
0
0
0
0
0
0
0
0
0
0
0
0
0
0
0
-1000
1000
-349.381625026616
349.381625026616
349.381625026616
0
-1000
1000
0
-0.000944781660109584
-0.000944781660109584
0
0
0
0
979.03269762966
-846.457769695539
846.352204649671
979.719727813148
0.013906269664858
0
0
0
0
0
-1000
0
-1000
0
0
0
0
0
0
0
0
0
0
0
0
0
0
0
0
0
0
0
0
0
0
0
0
0
0
0
0
0
0
0
0
0
0
0
0
0
0
0
0
0
0
0
0
0
0
0
0
0
0
0
0
0
0
0
0
0
0
0
0
0
0
0
0
0
0
0
0
0
0
-0.000944781660109584
0
0
0
0
0
0
0
0
0
0
0
0
0
0
0
0
0
0
0
0
0
0
0
0
0
0
0
0
0
0
0
0
0
0
0
0
0
0
0
0
0
0
0
0
0
0
0
0
0
0
0
0
0
0
0
0
0
0
0
0
0
0
0
0
0
0
0
0
0
0
0
0
0
0
0
0
0
0
0
0
0
0
0
0
0
0
0
0
0
0
0
0
0
0
0
0
0
0
0
0
0
0
0
0
0
0
0
0
0
0
0
0
0
0
0
0
0
0
0
0
0
0
0
0
0
0
0
0
0
0
0
0
0
0
0
0
0
0
0
0
0
0
0
0
0
0
0
0
0
0
0
0
0
0
0
0
0
0
0
0
0
0
0
0
0
0
0
0
0
0
0
0
0
0
0
0
0
0
0
0
0
0
0
0
0
0
0
0
0
0
0
0
0
0
0
0
0
0
0
0
0
0
0
0
0
0
0
0
0
0
0
0
0
0
0
0
0
0
0
0
0
0
0
0
0
0
0
0
0
0
0
0
0
0
0
0
0
0
0
0
0
0
0
0
0
0
0
0
0
0
0
0
0
0
0
0
0
-1000
0
1000
0
0
454.923259863012
988.595019821003
0
0
0
0
0
0
0
0
0
0
0
0
0
0
0
0
0
0
0
0
0
0
0
979.03269762966
0
-393.638975549143
0
-1000
-0.00231771161077177
0
0
0
0
0
0
0
0
-999.983802890743
0
0
0
0
0
0
0
0
0
0
0
0
0
0
0
0
0
0
0
0
0
0
0
0
0
0
0
0
0
0
0
0
0
0
0
0
0
0
0
0
0
0
0
0
0
0
0
0
0
0
0
0
0
0
0
0
0
0
0
0
0
0
0
0
0
0
0
0
0
0
0
0
0
0
0
0
0
-0.000944781660109584
-0.000944781660109584
-0.000944781660109584
-0.000944781660109584
0
-0.000944781660109584
-0.365866697870956
0
-0.000944781660109584
-0.000944781660109584
-0.000944781660109584
-0.000944781660109584
0
-0.000944781660109584
-0.000944781660109584
-0.000944781660109584
-0.000944781660109584
-0.000944781660109584
-0.000944781660109584
-0.000944781660109584
0
-0.000944781660109584
-0.000944781660109584
-0.000944781660109584
-1000
55.9833722419503
0
1000
0
0
0
0
0
0
0
0
0
0
0
