0
0
0
0
0
0
0
31.2627884498529
-31.2627884498528
0
1000
52.1148185135778
0
0
0.093324863163951
0
999.827220766843
-999.827220766843
999.960345749767
0
0.0396542502327102
0
-1000
-51.8655632264008
0
1000
50.4536270447732
0
-536.086931905544
0
0
0
0
0
0
0.0218382499656518
0
0
0
23.7960650679966
0
0
0
0
0
465.456820963282
0
465.456820963282
0
465.456820963282
0
465.456820963282
0
465.456820963282
0
465.456820963282
0
0
465.456820963282
0
0
0
0
0
0
536.086931905544
0
0
0
0
0
0
0
1.71246372894427
1.71246372894427
0
0
0
0
0
0
-1000
0
258.197746742974
0
0
0
0
0
0
0
0
0
0
0
0
0
0
0
0
0
0
0
0.0024253005756156
0
0
0
0
0
0
0
0
473.176704871054
0
0.26610409632076
0
0
0
0
0
0
0
0
0
0
0
0
0
0
0
0
0
0
-1000
0
0
0
0
0
0
-1000
0
0
0
-9.92754962980644
0
0
0
0
213.610129829407
0
0
0
1000
0
0
-204.593061399225
-306.883927205947
1000
-102.296530699612
0
0
0
-1000
-102.296530699612
-102.296530699612
1000
-1000
0
0
1000
0
0
0
0
0
1000
-1000
330.465476132821
0
0
0
0
-2.66773397264694
0
0
0
0
0
0
596.540591668387
-593.759559837933
-406.240440162067
0
0
0
0
0
0
0
0
1000
403.459408331613
1000
0
0
0
-406.129974750705
0
-999.997167553555
352.406087842477
0
0
0
0
1000
0
0
0
0
0
1000
0
0
-1000
0.932820982021738
997.969039238266
0.312828624970708
0
0
0
0.318493517861096
0.466817636880478
0
406.129974750705
0
0
0
-1000
0
1000
0
0
0
0
0
0
0
0
0
0
-1000
0
-1000
1000
-1000
-1.71246372894427
0
999.998790864641
1000
-1000
-1000
-0.655693484509811
-654.245522184101
-1.78547699269848
0
-0.469242937456102
0.00242530057562362
1000
-1000
1000
0
0
1000
0
0.121795197143324
0
-0.121795197143342
0
0.00120913535943734
0
0
0
0
0
0
0
0
1000
0
0
0
0
0
0
0
0
-286.986098043349
0
1000
0
0
0
-713.013901956651
0
-0.121795197143342
0
-0.466817636880478
0
0
0.466817636880478
1.78547699269848
0
0
-0.00242530057562362
0
0
0
0
-1000
0
0
0
-884.219624316607
0.466817636880478
0
1000
-0.655693484509811
0
0
0
0
0
0
0
0
0.00242530057562362
0
0
0
0
0
0
286.986098043349
0
0
0
1.56414312485354
0
6.58463248065686
0
0
0
0
0
0
0
0
-115.35708164706
626.948416416632
1000
-1000
1000
1000
0
1000
-1000
-1000
0
-1000
-1000
-0.00120913535943146
1000
0
0
0
0
0
0
-1000
0
1000
1000
-0.00242530057562362
-1000
1000
0
0
-1000
-1000
0
0
0
0
0
0
0.655693484509765
1000
-1000
1000
1000
1000
0
0.00566489289042238
-1000
-1000
1000
1000
-1000
1000
-1000
-1000
-1000
1000
1000
-1000
-465.854029115265
1000
-1000
-1000
-653.93269355913
0
0
593.759559837933
0
1000
-1000
1.57021516361351
0
0
-1000
0
0
0
1000
-480.982802612542
0
0
0
-19.9569900032157
0
0
0
0
0
0
0
0
472.306997942852
0
96.3262952550757
0
472.306997942852
0
0
0
0.0024253005756156
0
732.619105213586
267.380894786414
-1000
0
1000
0
0
0
0
0
0
0
0
0
0
732.619105213586
0
0
0
0
0
0
0
0
0
0
0
1000
0
0
0
0
0
-1000
1000
0
0
0
0
0
0
0
0
0
0
1000
0.00242530057562362
1000
0.0708111611298818
0.0708111611298818
0
-946.76606789591
0
0
0
0
0
0
0
0
0
0
0
0
0
-969.173497242447
0
0
-746.770987154123
0
0
0
0
0
0
0
0
0
0
0
0
0
0
0
0
0
0
0
0
0
0
0
0
0
0
0
0
0
0
0
0
0
0
0
0
0
0
0.110465411362156
0
0
0
-1000
0
0
0
0
0
0
1000
0
0
0
0
0
0
0
0
0
0
0
0
0
0
0
0
0
0
0
0
0
0
0
0
0
-24.5856915136467
0
0
0.110465411362156
0
0
0
0
0
0
0
0
0
1000
0
0
0
0
0
0
0
0
0
0
0
0
0
0
0
0
0
0
0
0
0
0
0
0
0
0
0
0
0
0
0
0
0
0
-1000
0
0
0
0
0
0
0
0
0
0
0
0
0
21.9406117096563
0
21.9406117096563
0
0
0
0
0
0
0
0
0
0
0
0
0
0
0
0
0
0
0
0
0
0
1000
0
96.3291277015209
295.346379312879
0
0
409.307241374241
0.512672806580039
0.512672806580039
0
0
0
0
0
0
0
0
0
0
0
0
0
0
0
0
0
0
0
0
0
1000
0
0
0
0
0
-0.00242530057562362
0
0
0
-1000
0
0
1000
0
0
0
0
1.47287215150066
0
0
1.47287215150066
0
0
0
0
0
0
0
0
0
0
1.47287215150066
0
1.47287215150066
0
0
0
8.78636896637649
25.0458417867173
16.0093270846433
11.7255813608227
17.3851286309798
5.72208370408149
13.382796859819
24.4830138813978
22.5443844297418
7.12915346738022
13.8205518972897
28.4853456525587
22.4818479958174
6.94154416560705
11.5067038420874
15.9467906507189
20.6682914120102
16.7284960747737
3.064285262295
20.8559007137833
0
0
0
0
0
0
0
0
0
0
0
0
0
0
0
0
0
0
0
0
0
0
0
0
0
0
0
0
0
0
0
0
0
0
0
0
0
0
0
0
0
0
0
0
0
0
0
0
0
0
0
0
0
0
0
0
0
0
0
0
0
0
0
0
0
0
0
0
0
0
0
0
0
0
0
0
0
0
0
0
0
0
0
0
0
694.304111602129
694.304111602129
694.304111602129
0
0
0
0
0
0
0
0
-1000
0
0
0
0
-373.317687679688
-373.317687679688
1000
1000
0
0
0
0
0
252.96048344898
0
-19.9569900032157
-253.328555617328
-253.062451521007
-1000
0
-253.229012845877
0
-253.308321346342
1000
1000
252.966148341871
1000
0
0
747.03951655102
0
-1000
-1000
-1000
0
0
746.770987154123
0
746.770987154123
253.229012845877
0
0
0
0
0
0
0
0
0
0
0
-1000
373.712127669029
1000
1000
0
500
0
338.738834711522
5
0
0
0
0
0
0
276.536710153464
0
0
0
0.207392284516459
0.00160251604268069
6.89579346017285
-0.207392284516459
-0.207392284516459
0.207392284516459
0.00160251604268069
131.952481748616
384.379632854313
210.678912946513
0.00160251604268069
-0.00160251604268069
0.00160251604268069
0.603695850545819
-0.207392284516459
0.100157252664076
0
-999.998397483957
0.207392284516459
-0.207392284516459
0.00160251604268069
0.00160251604268069
-0.00160251604268069
0.00160251604268069
-0.00320503208524769
0.00160251604268069
0.00160251604268069
0.00160251604268069
0.00160251604268069
0.00160251604268069
0.00160251604268069
0.00160251604268069
0.00160251604268069
0.00160251604268069
0.00160251604268069
0.00160251604268069
0.0336528368951576
1.29620177822801
0.0460723362255067
6.01437625097788
0.0236371116287728
-0.00160251604268069
3.90624604018899
-7.13296054751277
-0.00160251604268069
-0.00160251604268069
-0.00160251604268069
-0.00160251604268069
-146.840808674272
1.50359406274447
0.0861352372911597
56.1514610328361
-0.00769871266140854
-0.00160251604268069
-0.00160251604268069
-0.015223902404955
-0.00160251604268069
-0.00160251604268069
0.00160251604268069
0
0
0
0
0
0
0
0
0
0
0
0
0
0
0
0
0
0
0
0
0
0
0
0
0
0
0
0
0
0
0
0
0
0
0
0
0.00355359258253429
0
0
0
0
0
0
0
0
0
0
0
0
0
0
0
0
0
0
0
0
0
0
0
0
0
0
0
0
0
0
0
0
0
0
0
0
0
0
0
0
0
0
0
0
0
0
0.00160251604262571
0
0
0
0
0
0
0
0
0
0
0
0
0
0
0
0
0
0
0
0
0
0
0
0
0
0
0
0
0
0
0
0
0
0
0
0
0
0
0
0
0
0
0
0
0
0
0
0
0
0
0.00160251604262571
0.00160251604262571
0.00160251604262571
0.00160251604262571
0
0
0
0
0
0
0
0
0
0
0
0
0
0
0
0
0
0
0
0
0
0
0
0
0
0
0
0
0
0
0
0
0
0
0
0
0
0
0
0
0.205789768473851
126.924403725937
0.205789768473851
0
210.677310430471
0
0
0
0
0
0
0
0
0
0
0
0
0
0
0
0
0
0
0
0
0
0
0
0
0
0
0
0
0
0
0
0
0
0
0
0
0
0
0
0
0
0
0
0
0
0
0
0
0
0
0
0
0
0
0
0
0
0
0
0
0
0
0
0
0
0
0
0
0
0
0
0
0
0
0
0
0
0
0
0
0
0
0
0
0
0
0
0
0
0
0
147.608013229679
0
0
0
0
0
0
0
0
0
0
0
0
0
0
0
0
0
0
0
0
0
0
0
0
0
0
0
0
0
0
0
0
0
0
0
0
0
0
0
0
0
0
0
0
0
0
0
0
0
0
0
0
0
0
0
0
0
0
0
0
0
0
0
0
0
0
0
0
0
0
0
0
0
0
0
0
0
0
0
0
0
0
0
0
0
0
0
0
0
0
0
0
0
0
0
0
0
0
0
0
0
0
0
0
0
0
-1000
0
0
0
0
0
0
0
0
0
0
0
0
0
0
0
0
0
0
0
0
0
0
0
0
0
0
0
0
0
0
0
0
0
0
0
0
0
0
0
0
0
0
0
0
0
0
0
0
0
0
0
0
0
0
0
0
0
0
0
0
0
0
0
0
0
0
0
0
0
0
0
0
0
0
0
0
0
0
0
0
0
0
0
0
0
0
0
0
0
0
0
0
0
0
0
0
0
0
0
0
0
0
0
0
0
0
0
0
0
0
0
0
0
0
0
0
1000
1000
0
0
0
0
0
0
0
0
0
0
0
0
0
0
0
0
0
0
0
0
0
0
0
0
0
-1000
0
-1000
0
0
0
0
0
0
0
0
0
0
0
1000
1000
0
0
0
0
0
0
0
0
0
0
0
0
0
0
0
0
0
0
0
0
0
0
0
0
0
0
0
0
0
0
0
0
0
0
0
0
0
0
0
0
0
0
0
0
0
0
0
0
0
0
0
0
0
0
0
0
0
0
0
0
0
0
0
0
0
0
0
0
0
0
0
0
0
0
0
0
0
0
0
0
0
0
0
1000
27.3549398936211
0
0
0.205789768473892
0
1000
0
126.718613957463
0
0
865.82150693536
0
373.024905277036
0
0
0
0.00355359258253429
-0.413182052990237
0
999.58681794701
1000
0
0
0
0
0
0
0
0
0
0
0
0
0
-1000
-1.28618605296163
0
-5.96790328574173
0
7.24433541247527
0
0
0
0
-146.116037408244
0
0
0.0133075188105067
0
0
0
0
0
276.536710153464
-1000
1000
-272.628861597233
-272.628861597233
0
-1000
-999.985448196546
-0.0145518034537417
0
0
0.205789768473892
-0.205789768473892
0
0
134.17849306464
-134.17849306464
-1000
0
-126.718613957463
-126.718613957463
0
0
-1000
0
-134.17849306464
-865.82150693536
-1000
0
-626.975094722964
-373.024905277036
-1000
0
0
0
0
0
-765.420307146932
0
-1000
0
0
0
999.58681794701
-999.58681794701
-1000
0
0
0
-1000
0
0
0
1000
0
0
0
0
0
0
0
0
0
0
0
0
0
0
0
0
0
0
0
-1000
1000
-1000
1.28973964554416
-1000
0
-1000
5.96790328574173
-1000
0
-7.25764293128577
-7.25764293128577
0
0
0
0
0
0
1000
0
-1000
146.116037408244
-1000
0
-1000
0
1000
0
-1000
0
0
0
0
0
0
0
0
0
0
-972.645060106379
-27.3549398936212
3.90784855623156
-3.90784855623156
0
0
0
0
0
0
0
0
0
0
0
0
0
0
0
0
0
0
0
0
0
0
0
0
0
0
0
0
0
0
0
0
0.00355359258253429
-0.00355359258253429
0
0
0
0
0
0
0
0
0
0
0
0
0
0
0
0
0
0
0
0
0
0
0
0
0
0
0
0
0
0
0
0
0
0
0
0
0.00355359258253429
-0.00355359258253429
0
0
0
0
0
0
0.0133075188105067
0.0133075188105067
0
0
0
0
0
0
0
0
0
0
0
0
0
0
0
0
-0.0133075188105067
-0.0133075188105067
0
0
0
0
0
0
0
0
0
0
0
0
0
0
0
0
0
0
0
0
0
0
0
0
0
0
0
0
0
0
0
0
0
0
0
0
0
0
0
0
0
0
0
0
0.794348035581988
0.0024253005756156
0
0
0
0
0
0
0
0
0.0999458165711659
0
0
0
0
0
0
0
0
0
0
0
0
0
0
0
0
0
0
0
0
0
0
0
0
0
0
0
0
0
0
0
0
0
0
0
0
0
0
0
0
0
0
0
0
0
0
0
0
0
0
0
0
0
0
0
0
0
0
0
0
0
0
0
0
0
134.17849306464
134.17849306464
134.17849306464
0
0
0
0
0
0
0
0
0
0
0
0
0
0
0
0
0
0
0
0
0
0
0
0
0
0
0
0
0
0
0
0
0
0
0
0
0
0
0
0
0
0
0
0
0
0
0
0
0
0
0
0
0
0
0
0
0
0
0
0
0
0
0
0
0
0
0
0
0
0
0
0
0
0
0
0
0
0
0
0
0
0
0
0
0
0
0
0
0
0
126.718613957463
126.718613957463
126.718613957463
126.718613957463
-126.718613957463
0
0
0
0
0
0
0
0
0
0
0
0
0
0
0
0
0
0
0
0
0
0
0
0
0
0
0
0
0
0
0
0
0
0
0
0
0
0
0
0
0
0
0
0
0
0
0
0
0
0
0
0
0
0
0
0
0
0
0
0
0
0
0
0
0
0
0
0
0
0
0
0
0
0
0
0
0
0
0
0
0.0024253005756156
0.0024253005756156
0.0024253005756156
0.0024253005756156
0.0024253005756156
0
0
0
0
0
0
0
0
0
0
0
0
0
0
0
0
0
0
0
0
0
0
0
0
0
0
0
0
0
0
0
0
0
0
0
0
0
0
0
0
0
0
0
0
0
0
0
0
0
0
9.92754962980639
9.92754962980639
-9.92754962980644
3.30352417525903
-1.65054943734174
1.65054943734171
1.65054943734171
1.65054943734171
1.65054943734171
1.65054943734171
1.65054943734171
1.65054943734171
1.65054943734171
1.65054943734171
1.65054943734171
0
1.65054943734171
1.65054943734174
1.65054943734171
1.65054943734171
1.65054943734171
1.65054943734171
1.65054943734171
1.65054943734171
1.64571289590396
1.64571289590396
1.64571289590396
0.00483654143774938
0
0.00483654143774938
0
0
0
0
0
0
0
0
0
0
0
0
0
0
0
0
0
9.92754962980639
9.92754962980639
3.30352417525903
3.30352417525903
0
0
0
0
0
0
0
0
0
0
0
0
0
0
0
0
0
0
0
0
0
0
0
0
0
0
0
0
0
0
0
0
0
0
0
0
0
0
0
0
0
0
0
0
0
0
0
0
0
0
0
0
0
0
0
0
0
0
0
0
0
0
0
0
0
0
0
0
0
0
0
0
0
0
0
0
0
0
0
0
0
0
0
0
0
0
0
0
0
0
0
0
0
0
0
0
0
0
0
0
0
0
0
0
0
0
0
0
0
0
0
0
0
0
0
0
0
0
0
0
0
0
0
0
0
0
0
0
0
0
0
0
0
0
0
0
0
0
0
0
0
0
0
0
0
0
0
0
0
0
0
0
0
0
0
0
0
0
0
0
0
0
0
0
0
0
0
0
0
0
0
0
0
0
0
0
0
0
0
0
0
0
0
0
0
0
0
0
0
0
0
0
0.794348035581988
512.814121335986
512.814121335986
0
6.47002056569687
6.47002056569687
0
-519.284141901683
519.284141901683
6.47002056569687
0
512.019773300404
0
0
0
0
6.47002056569687
0
6.47002056569687
6.47002056569687
0
0
0
0
0
0
0
0
0
0
0
0
0
0
0
0
0
0
0
0
0
0
0
0
0
0
0
0
0
0
0
0
0
0
0
0
0
0
0
0
0
0
0
0
0
0
0
0
0
0
0
0
0
0
0
0
0
0
0
0
0
0
0
0
0
0
0
0
0
0
0
0
0
0
0
0
0
0
0
0
0
0
0
0
0
0
0
0
0
0
0
0
0
0
0
0
0
0
0
0
0
0
0
0
0
0
0
0
0
0
0
0
0
0
0
0
0
0.794348035581988
0.0024253005756156
0
0
0
0
0
0
0
1.04574039920826
0
0
0
0.655693484509765
0.655693484509765
0.655693484509765
0
0
0
0
0
0
0.89671915272877
0
0
0
0.0024253005756156
0
0
0
0
-0.896719152728792
0.89671915272877
0
0
0
0
0.246209015922639
0
0
0
0
0
0.155678520813138
0
0.149021246479492
0
0
0
0
0
0
0
0
0
0
7.31111193597647
7.31111193597647
7.31111193597647
0
0
0
0
-0.0999458165712213
0
0
0
0
0
0
0
0
0
0
0
0
0
0
0
0
0
0
0
0
0
0
0
0
0
0
0
0
0
0
0
0
0
0
0
0
0
0
0
0
0
0
0
0
0
0
0
0
0
0
0
0
0
0
0
0
0
0
0
0
0
0
0
0
0
0
0
0
0
0
0
0
0
0
0
0
0
0
0
0
0
0
0
0
0
0
0
0
0
0
0
0
0
0
0
0
0
0
0
0
0
0
0
0
0
0
0
0
0
0
0
0
0
0
0
0
0
0
0
0
0
0
0
0
0
0
0
0
0
0
0
0
0
0
0
0
0
0
0
0
0
0
0
0
0
0
0
0
0
0
0
0
0
0
0
0
0
0
0
0
0
0
0
0
0
0
0
0
0
0
0
0
0
0
0
0
0
0
0
0
0
0
0
0
0
0
0
0
0
0
0
0
0
0
0
0
0
0
0
0
0
0
0
0
0
0
0
0
0
0
0
0
0
0
0
0
0
0
0
0
0
0
0
0
0
0
0
0
0
0
0
0
0
0
0
0
0
0
0
0
0
0
0
0
0
0
0
0
0
0
0
0
0
0
0
0
0
0
0
0
0
0
0
0
0
0
0
0
0
0
0
0
0
0
0
0
0
0
0
0
0
0
0
0
0
0
0
0
0
0
0
0
0
0
0
0
0
0
0
0
0
0
0
0
0
0
0
0
0
0
0
0
0
0
0
0
0
0
0
0
0
0
0
0
0
0
0
0
0
0
0
0
0
0
0
0
0
0
0
0
0
0
0
0
0
0
0
0
0
0
0
0
0
0
0
0
0
0
0
0
0
0
0
0
0
0
0
0
0
0
0
0
0
0
0
0
0
0
0
0
0
0
0
0
0
0
0
0
0
0
0
0
0
0
0
0
0
0
0
0
0
448.529577434459
0
448.529577434459
0
0
448.529577434459
0
0
0
448.529577434459
0
0
0
0
0
0
0
0
0
0
0
0
0
0
0
0
0
0
0
0
0
0
0
0
0
1000
0
0
0
0
0
0
0
0
0
0
0
0
0
0
0
0
0
0
0
0
0
0
0
0
0
0
0
0
0
0
0
0
0
0
0
0
0
0
0
0
0
0
0
-448.529577434459
0
0
0
448.529577434459
0
0
0
0
0
0
0
0
0
0
0
0
0
0
0
0
0
0
0
0
0
0
0
0
0
0
0
0
0
0
0
0.110465411362156
0.110465411362156
0
0
0
0.110465411362156
0.110465411362156
0
0
0
0
0
0.016994678670768
0
0
0
0
0
0
0
0
0
0
0
0
0
0.668457361065407
0
0
0
0
0
0
0.668457361065407
0.668457361065407
0.668457361065407
0.668457361065407
0
0
0
0
0
0
0
0
0
0
0
0
0
0
0
0
0
0
0
0
0
0
0
0
0
0
0
0
0
0
0
0
0
0
0
0
0
463.802602683094
463.802602683094
0
0
0
0
0
0
0
0
0
0
0
0
0
0
0
0
0
0
0
0
0
0
0
0
0
0
0
0
0
0
0
0
0
0
0
0
0
0
0
0
0
0
0
0
0
0
0
0
0
1000
-968.704254304991
-1000
969.173497242447
0
0
-1000
1000
1000
932.94466591141
88.9959457982461
0
0
-969.171071941871
-1000
969.173497242447
0
0
0
0
0
0
0
0
0
0
0
0
0
0
0
0
0
0
0
0
0
0
0
0
0
0
0
0
0
0
0
0
0
0
0
0
0
0
0
-1000
0
0
0
0
0
0
0
0
0
0
0
0
0
0
0
0
0
-999.997574699424
999.997574699424
1000
999.997574699424
1000
-1000
-1000
0
0
0
0
0
0
0.00242530057562362
0
0
0
0
0
0
0
0
0
0
0
0
0
0
0
0
0
0
0
0
0
0
0.00181370303915602
0.0024253005756156
0.00665727433364631
1000
0.00120913535943734
0.00120913535943734
0.00242530057562362
0
0.000604567679718672
0.00120913535943734
0.0102917102686947
-0.00120913535943146
0.00120913535943734
0.00120913535943734
0.00120913535943734
0.00120913535943734
0.00120913535943734
-0.00120913535943146
-0.00241827071886291
0.00120913535943734
0.00120913535943734
0.00120913535943146
0.00120913535943734
999.996365564065
-0.00363443593505508
-999.997574699424
0.00242530057562362
0.00120913535943734
0.00120913535943734
0.0024253005756156
0.0024253005756156
-0.00242530057562362
-0.00242530057562362
0.00242530057562362
0.00242530057562362
0.00120913535943734
0.00120913535943734
0.00120913535943734
0.00120913535943734
-0.00363443593505508
-999.990917425091
0
0
0
0
0
0
-1000
0
0
0
0.0024253005756156
0
0
0
0
0.0012126502878078
0.00242530057562362
0.00242530057562362
0
0
0.0024253005756156
0.0024253005756156
0
0
0
0
0
0
0.00483654143774938
0.00120913535943734
0.00362740607831203
0.00120913535943734
-0.00120913535943146
0.00120913535943734
0.00120913535943734
0.00120913535943734
0.00120913535943734
0.00120913535943734
0.00120913535943734
0.00241827071887469
0.00120913535943734
0.00120913535943734
0.00120913535943734
0.00120913535943734
0.00120913535943734
0
0.00120913535943734
0.0024253005756156
0
0.0024253005756156
0
0.0024253005756156
0.0024253005756156
0.0024253005756156
0.0024253005756156
0.0024253005756156
0.0024253005756156
0
0.0024253005756156
0
0.0024253005756156
0.0024253005756156
0.0024253005756156
0.0024253005756156
0.0024253005756156
0
0
0
0
0
0
0
0
0
0
0
0
0
0
0
0
-0.00242530057562362
0
0
0
0
0
0
0
0
0
0
0
0
0
0
0
0
0
0
0
0
0
0
0
0
0
0
0
0
0
0
0
0
0
0
0
0
0
0
0
0
0
0
0
0
0
0
0
0
0
0
0
0
0
0
0
0
0
0
0
0
0
0
0
1000
15.6313942249264
0
0
0
0
0
0.0024253005756156
0
0
0
0
0
0
0
0
0
0
0
0
0
0
0
0
0
0
0
0
0
-1000
0
0
0
-276.536710153464
0
0
0
0
0
0.205789768473851
0
0
0
0
0
0
0
0
0
0.205789768473851
0
0
16.8497638419718
0
0
0
210.471520661997
0.205789768473851
0
0.205789768473851
0
0.205789768473851
0
77.0647147008747
0
0
0
12.8618605296157
0
80.1052698944892
0
0.205789768473778
0
0
0
0
0
0.205789768473851
0
0.205789768473851
0
0.205789768473851
0
0.205789768473851
0
0.204187252431225
0
0.205789768473851
0
0.205789768473851
0
0.205789768473851
0
0.205789768473851
0
0.205789768473851
0
0.205789768473851
0
0.205789768473851
0
0.205789768473851
0
0.205789768473851
0
0.205789768473851
0
0.205789768473851
0
4.32158513795087
0
0
0
5.91645584362322
0
0
0
3.0353990849893
0
0.205789768473851
0
4.11363832470546
0
21.5467243214079
0
0.205789768473851
0
0.205789768473851
0
0.205789768473851
0
0.205789768473851
0
246.129864886535
0
0
0
11.0612000554695
0
0
0
0.733571708469031
0
0.205789768473851
0
0.205789768473851
0
1.95500280050159
0
0.205789768473851
0
0.205789768473851
0
0.205789768473851
0
0
663.703147235278
0
0
512.019773300404
0
0
0
0
0
0
-1000
-1000
1000
0
0.668457361065407
0
-593.759559837933
1000
0
462.905883530365
-1000
1000
-1000
0
0
1000
0
0
0
0
-3.70274270971879
818.145902340544
0
0
0
0
286.986098043349
1000
-0.00242530057562362
0
0
-2.44117047720829
0
286.986098043349
0
0
0
465.456820963282
1000
-286.988523343924
713.013901956651
-406.129974750705
-647.593912157523
0
1000
0
0
-1000
0
0
1000
1000
-1000
-1000
0
971.225744810032
0
0
-1000
842.247064053955
1000
1000
0
0
0
0
0
0
-336.551893878925
0
0
0
0
0
0
0
0
0
0
0
1000
0
0
0
0
0
0
0
0
0
0
1000
0
0
0
0
0
0
0
0
1000
1.25860387550176
-1000
-1000
1000
-1000
-1000
-1000
-1000
-1000
-1000
1000
1000
1000
1000
-1000
446.227313203638
-1000
1000
-1000
1000
-1000
-1000
-1000
1000
1000
1000
-1000
1000
492.371792661191
-1000
1000
-1000
-1000
-1000
1000
16.1478943483277
-1000
-1000
-1000
-1000
-1000
-1000
-819.904265583343
-1000
-8.88573892051625
-989.089890808444
-1000
-1000
-1000
-1000
-1000
1000
1000
-1000
-988.354506282098
-1000
-1000
-1000
-1000
1000
-154.50416263837
-1000
-1000
-1000
-1000
-1000
-1000
-1000
-1000
798.521649207805
-1000
-1000
-1000
1000
-1000
-1000
-1000
-1000
1000
-1000
-1000
-1000
-1000
-1000
-1000
1000
1000
-1000
1000
1000
1000
-1000
-1000
1000
1000
1000
1000
-1000
-1000
-1000
1000
-1000
-1000
-1000
-1000
-1000
1000
1000
1000
1000
1000
189.71878007403
1000
1000
175.60931863933
1000
-1000
-1000
-671.740122659401
-1000
-1000
694.304111602129
1000
-38.6158027240492
-1000
-732.619105213586
-1000
0
0
0
0
0
0
0
0
0
0
0
0
0
0
0
0
0
0
0
0
0
0
0
0
0
0
0
0
0
0
0
0
0
0
0
0
0
0
0
0
0
0
0
0
0
0
0
0
0
0
0
0
0
0
0
0
0
0
0
0
0
0
0
0
0
0
0
0
0
0
0
0
0
0
0
0
0
0
0
0
0
0
0
0
0
0
0
0
0
0
0
0
0
0
0
0
0
0
0
0
0
0
0
0
0
0
0
0
0
0
0
0
0
0
0
0
0
0
0
0
0
0
0
0
0
0
0
0
0
0
0
0
0
0
0
0
0
0
0
0
0
0
0
0
0
0
0
0
0
0
0
0
0
0
0
0
0
0
0
0
0
0
0
0
0
0
0
0
0
0
0
0
0
0
0
0
0
0
0
0
0
0
0
0
0
0
0
0
0
0
0
0
0
0
0
0
0
0
0
157.752935946045
0
0
0
0
0
0
0
0
0
0
0
0
0
0
0
0
0
0
0
0
0
0
0
0
0
0
0
0
0
0
0
0
0
0
0
0
0
0
0
0
0
0
0
0
0
0
0
0
0
0
0
0
0
0
0
0
0
0
0
0
0
0
0
0
0
0
0
0
0
0
0
0
0
0
0
0
0
0
0
0
0
0
0
0
0
0
0
0
0
0
0
0
0
0
0
0
0
0
0
0
0
0
0
0
0
0
0
0
0
0
0
0
0
0
0
0
0
0
0
0
0
0
0
0
0
-1000
1000
1000
1000
1000
1000
1000
0
-1000
-1000
1000
-1000
-213.610129829407
1000
1000
1000
-1000
-1000
1000
-1000
1000
1000
1000
-1000
-1000
-1000
-1000
-786.389870170593
0.0339049990614058
-998.349450562658
-1000
-1000
-1000
-1000
0
1000
1000
-1000
-1000
-1000
-1000
998.349450562658
-1000
-1000
-1000
1000
1000
1000
-1000
-1000
-1000
-1000
-1000
-1000
-1000
0
0
0
0
0
0
0
0
0
0
0
0
0
0
0
-1000
-1000
0
1000
0
0
0
1000
0
778.635581447757
0
0
0
0
0
0
313.193829692528
0
0
-0.00242530057562362
0.0024253005756156
0
0
-0.00242530057562362
-0.00242530057562362
0
0
0
0
0
0
0
0
0
0
0
0
0
0
0
0
0
0
0
0
0
0
0
0
0
0.0024253005756156
0
0
1000
1000
-0.00242530057562362
-999.997574699424
1000
0
0
0
0
-0.00242530057562362
0.246209015922659
0
0
0
0
0
0
0
0
0
0
0
0
0
0
0
0
0
696.330082078069
0
-465.456820963282
465.456820963282
0.0024253005756156
0
0
0
0
-0.0169771040281148
0
0
0
0
0
0
-818.145902340544
0
517.686207179093
0
0
0
0
0
1000
0
0
0
0
0
0
0
0
0
0
0
0
0
0
0
0
0
0
0
0
0
0
0
0
214.139686970349
0
0
0
0.0024253005756156
0
0
0
0
1000
0
1000
0
0
1.31138696901953
0
0
0
0
1000
0
-1000
0
0
0
380.228624532384
0
0
0
0
0
0
0
0
0
0.00242530057562362
0
-1000
1000
253.229012845877
0
1000
1000
0
-1000
-1000
0
-1000
1000
998.68861303098
0
0
0
0
0
-213.503179346415
1000
0
0
0
969.173497242447
0
0
0.00242530057562362
0
1000
0
0
0
969.173497242447
946.218587739138
-969.173497242447
0
-1000
0
0
-1000
0
-1000
1000
0
0
0
0
0
0
0
0
0
0
0
213.237075250095
0
0
0
0
0
0
0
267.380894786414
0
0
0
0
0
1000
0
0
0
998.427359535811
0
0
0
0
0
0
0
0
0
0
0.655693484509765
0
0.0024253005756156
-0.00242530057562362
0.0024253005756156
0.0024253005756156
0
0
-1000
1000
0.00242530057562362
127.691881657776
0
0
0.655693484509811
0
0
-0.00727590172687087
-1000
-998.427359535811
-1000
-1000
0.00242530057562362
1000
0
0
-1000
-1000
1000
1000
0
0
0
0
0
0
0
0
0
0
0
0
0
0
0
0
0
0
0
0
0
0
0
0
999.997574699424
0.00242530057562362
0
0
0
0
0
0.00120913535943734
0
1000
0
0
0
0
0
0
0.0024253005756156
-1000
1000
0
0
0
0
0
0
0
0
3.90784855623156
0
-31.2627884498528
0
0
0
0
0
0
0
0
0
0
0
0
0
1000
0
0
0
31.2627884498529
0
0
0
0
0
0
0
0
0
0
0
0
0
0
0
0
0
0
0
0
0
0
0
0
0
0
1.56414312485356
0
0
0
0
0
0
0
0
0
0
0
0
0
0
0
0
0
0
0
0
0
0
0
0
0
0
0
0
0
0
0
0
0
0
0
0
0
0
0
0
0
0
0
0
0
0
0
0
0
0
0
0
0
0
0
0
0
0
0
0
0
0
0
0
0
0
0
0
0
0
0
0
0
0
0
0
0
0
0
0
0
0
0
0
0
0
0
0
0
0
0
0
0
0
0
0
0
0
0
0
0
0
0
0
0
0
0
0
0
0
0
0
0
-1000
0
0.00120913535943146
0
-0.0163303572091991
0
0
0
0
1000
0
0
0
0
0.00302283839857864
0
0
0
0
0
0
0
0
0
0
0
0
0
0
0
0
0
0
0.0024253005756156
0.0024253005756156
0.0024253005756156
1000
-1000
0
-1000
1000
0
0
0
0
0
0
1000
0
0
0
0
0
0
0
0
0
0
0
-1000
0
1000
0
-1000
-765.420307146932
1000
999.58681794701
-0.413182052990237
-1000
0
0
0
0
0
0
0
0
0
-267.380894786414
-1000
0
1000
0.265646569811269
0.0024253005756156
0.0024253005756156
0.0024253005756156
0.0024253005756156
0.0024253005756156
0
0
0
1000
11.2669898239433
0
0
0
0
0.205789768473851
0
0
0
0
0
0
0
0
0
-1000
0
0
0
0
0
0
1000
-1000
0
1000
1000
1000
-1000
0
0
0
0
0
0
0
0
0
0
0
0
0
0
0
0
0
0
0
0
0
146.116037408243
0
3.90784855623161
0
0
0
0
0
1.2897396455441
3.90784855623161
0
0
0
0
7.25764293128578
3.90784855623161
0
0
0
0
0
3.90784855623161
0
0
0
0
0
-1000
0
0
0
0
0
0
0
0
0
-1000
0
0
0
0
0
0
0
1000
1000
1000
-1000
-1000
-1000
-853.883962591756
0
0.00665727433364631
0
0
0
0
-999.876602286814
-1000
-1000
0
0
0
0
-1000
10.0283155963307
0
0
0
0
0
0.390046914698497
0.390046914698497
-1000
-999.998790864641
0
0
0
0
0
0
0
0
-1000
0
0
0
0
0
0
0
998.710260354456
0.0024253005756156
0
0
0
0
0
0
0
0
0.00242530057562362
-1000
0
0
994.032096714258
0
0
0
-1000
0
0.00362740607831203
0
0
-865.82150693536
0
-1000
0
0
0
-1000
-1000
0
0
0
0
-126.718613957463
0
0
126.512824188989
-1000
1000
0
0
-72.0169531102052
72.0169531102052
-933.154776303396
0
0
0
0
-493.442431536795
-1000
0
0
-719.788978820409
0
0
0
0
0.00355359258253243
0
0
0
0
0
0
0
0
998.429784836386
0
1000
0
0
0
0
0
0
0
0
0
1000
0
-1000
-1000
1000
-1000
-1000
1000
0
0
0
0
0
0
0
0
-1000
0
0
1000
0.00120913535943734
0.00120913535943734
0
-1000
0
-448.529577434459
373.024905277036
0
0
0
0
0
0
0
0
0
0
0
0
0
0
0
0
0
0
0
0
0
0
0
0
0
-0.0133075188105067
0
0
0
0
0
0
0
0
0
0
0
0
0
0
0
0
0
0
0
0
0
0
0
0
0
0
0
0
0
0
0
0
0
0
0
0
0
0
0
0
0
0
0
0
0
0
-1000
0
-1000
0
0
0
0
0
0
-1000
0
0
0
0
0
0
0
0
0
0
0
865.82150693536
0
0
0
0
0
0
0
0
0
0
0
0
0
1000
0
0
0
0
0
0
0
0
0
0
0
0
0
0
0
0
0
0
0
0
126.512824188989
0
0
0
0
0
0
0
0
0
0
0
0
0
0
0
0
0
0
0
0
0
0
0
126.512824188989
0
0
0
0
0
0
0
0
0
0
0
0
0
0
0
0
0
0
0
0
0
0
0
0
0
0
0
0
0
0
0
0
0
0
0
0
0
0
0
0
0
0
0
0
0
0
0
0
0
0
0
0
0
0
0
0
0
0
0
0
0
0
0
0
0
0
0
0
0
0
0
0
0
0
0
0
0
0
0
0
0
0
0
0
0
0
0
0
0
0
0
0
0
0
0
0
0
0
0
0
0
0
0
0
0
0
0
0
0
0
0
0
0
0
0
0
0
0
0
0
0
0
0
0
0
0
0
0
0
0
0
0
0
0
0
0
0
0
0
0
0
0
0
0
0
0
0
0
0
-1000
0
0
0
0
0
0
0
0
0
0
0
0
0
0
0
0
0
0
0
0
0
0
333.333333333333
0
0
0
0
-602.296530699612
0
-975.414308486353
1000
-24.4752261022845
55.7175798142952
-517.686207179093
0
-910.469769048418
663.703147235278
0
0
0
0
1000
0.0145518034536936
0
0
0
0
0
0
0
0
0
0
0
0
0
0
0
-21.9406117096563
0
0
0
0
0
0
0
0
0
0
0
0
0
0
0
0
0
0
0
0
0
0
0
0
0
0
0
0
0
0
0
0
0
0
0
0
0
0
0
0
0
0
0
0
0
0
0
0
0
0
0
0
0
0
0
0
0
0
0
0
0
0
0
0
0
0
0
0
0
0
0
0
0
0
0
0
0
0
0
0
0
0
0
0
0
0
0
0
0
0
0
0
0
0
0
0
0
0
0
0
0
0
0
0
0
0
0
0
0
0
0
0
0
0
0
0
0
0
0
0
0
0
0
0
0
0
0
0
0
0
0
0
0
0
0
0
0
0
0
0
0
0
0
0
0
0
0
0
0
0
0
0
0
0
0
0
0
0
0
0
0
0
0
0
0
0
0
0
0
0
0
0
0
0
0
0
0
0
0
0
0
0
0
0
0
0
0
0
0
0
0
0
0
0
0
0
0
0
0
0
0
0
0
0
0
0
0
0
0
0
0
0
0
0
0
0
0
0
0
0
0
0
0
0
0
0
0
0
0
0
0
0
0
0
0
0
0
0
0
0
0
-982.172514704491
0
0
0
0
0
0
0
0
0
0
0
0
0
0
0
0
0
0
-982.172514704491
0
0
0
0
0
0
0
0
0
0
0
0
0
0
373.024905277036
0
0
0
0
0
0
0
0
0
0
0
0
-1000
0
0
0
0
0.00242530057562362
0.288909537409722
-1000
0
0
0
0
0
0
0
0
0
0
0
0
0
0
0
0
0
0
0
0
0
0
0
0
0
0
0
0
0
0
0
0
0
0
0
0
0
0
0
0
0
0
0
0
0
0
0
0
0
0
0
0
0
0
0
0
0
0
0
0
0
0
0
0
0
0
0
0
0
0
0
0
0
0
0
0
0
0
0
0
0
0
0
0
0
0
0
0
0
0
0
0
0
0
0
0
0
0
0
0
0
0
0
0
0
0
0
0
0
0
0
0
0
0
0
0
0
0
0
0
0
0
0
0
0
0
0
0
0
0
0
0
0
0
0
0
0
0
0
0
0
0
0
0
0
0
0
0
0
0
0
0
0
0
0
0
0
0
0
0
-213.610129829407
1000
0
0
0
0
0
0
0
1000
0.00242530057562362
0
0
-1000
1000
0
0
0
0
0
0
-1000
0
0
0
0
0
0
0
0
0
0
1000
-1000
0
0
1000
0
0
0
0
512.019773300404
0
0
0
0
0
0
0
0
0
0
0
0
0
0
0
0
0
0
0
1000
0
0
0
0
0
0
0
0
0
0
0
0
0
0
0
0
0
0
0
0
0
0
0
0
0
0
0
0
0
0
0
0
0
0
0
0
0
0
0
0
0
0
0
0
0
0
0
0
0
0
0
0
0
0
0
0
0
0
0
0
0
0
0
0
0
0
0
0
0
0
0
0
0
0
0
0
0
0
0
0
0
0
0
0
0
0
0
0
0
0
0
0
0
0
0
0
0
0
0
0
732.619105213586
500
58.5821395076233
-518.480711291192
4.00629010656428
0
0
-0.655693484509811
0
0
312.682169621939
12.9583692590863
28.3244644519359
0.0702985674091479
58.5821395076233
0
0
0
0
0
0
0
0
0
-448.529577434459
-1000
-305.695888397871
0
-969.173497242447
519.017197387458
-1000
1000
0
213.599482525552
0
-3.90784855623156
23.4470913373898
-7.81569711246323
0
0
0
0
0
0
-999.97758881671
0.0133075188105067
0
0.00786640969308365
0.0024253005756156
0
0
0
0
0
0
0
0
0
0
0
0
0
0
0
0
276.536710153464
0
0
0
0
977.476594263686
-246.129864886535
-4.32158513795082
0
-7.19713218206482
-14.1094614346995
-28.7742551899684
-22.5639889427281
14.8942670255772
-11.6454937179019
-1000
-3.09260972674701
-21.1051560009604
-1000
-1000
0
0
0
0
-1000
446.227313203638
-11.759570718165
-490.22170911498
-991.114261079484
-989.089890808444
-710.35592538345
-1.25860387550176
983.852105651672
-556.934801008001
0
409.307241374241
187.519119675866
1000
0
1000
0
0
999.876602286814
-1000
0
0
0
0
0.246209015922659
0
1000
-1000
0
0
0
0
0
0
0
0
0
-0.00242530057562362
-0.00242530057562362
0
0
0
0
0
0
0
0
0
0
0
0
0
0
0
0
1000
0
0
0
0
1000
1000
0
-0.00242530057562362
-0.00242530057562362
-0.668457361065407
999.997574699424
0
0
-0.00242530057562362
0
-0.00242530057562362
0
0
0
-0.00242530057562362
0
0
0
-0.00242530057562362
0
0
0
0
694.304111602129
0
0
0
0
0
0
-213.610129829407
0
0
0
0
0
1000
0
0
0
0
0
0
-1000
1000
0
0
0
-788.006514608873
0
1000
0
0
-0.00242530057562362
0
0
0
0
409.307241374241
0
0
0
0
0
0
0
1000
0
-0.0169771040281148
-2.44117047720829
0
-1000
-1000
0
0
0
0
1000
286.986098043349
0
0
1.65054943734174
0
0
0
0
0
0
-406.129974750705
0
295.346379312879
-1000
0
1000
704.653620687121
1000
0
0
462.905883530365
-647.593912157523
0
0
0
465.456820963282
0
0
0
0
0
-1000
-1000
0
0
0
0
0
0
999.966095000939
0
0
0
0
-1000
286.986098043349
-286.988523343924
0
0
0
0
0
0
-1000
-1000
713.013901956651
-3.70274270971879
0
0
-465.456820963282
0
0
0
0
0
0
1000
0
-0.733571708469071
-0.205789768473892
-55.7175798142952
-930.311453716858
-3.03539908498931
-21.5467243214079
-1.95500280050157
-11.0612000554695
-5.91645584362323
-0.205789768473778
0
0
16.8497638419718
0
-0.205789768473892
0
-0.205789768473892
-0.205789768473892
0
0
0
-0.205789768473892
-77.0647147008747
-80.1052698944892
0
-10.0283155963307
0
0
-0.205789768473892
0
0
-4.11363832470545
-0.205789768473892
-0.205789768473892
-0.205789768473892
0
0
-12.8618605296157
0
0
0
-1000
1000
0
0
-1000
1000
-0.00242530057562362
0
933.154776303396
-933.154776303396
0
0
0
-406.240440162067
0
0
0
0
0
0
0
0
0
0
0
0
0
0
0
0
0
0
-1000
1000
1000
-1000
-1000
512.019773300404
-1000
-1000
-0.205789768473892
-0.205789768473892
0
0
0
0
0
-24.5856915136467
24.4752261022845
1000
0.0145518034537417
0
0
0
0
0
1000
0
-21.9406117096563
0
0
0
0
0
0
0
0
0
0
0
0
0
0
0
0
0
0
0
0
0
0
0
0
0
0
0
0
0
0
0
0
0
0
0
0
0
0
0
0
0
0
0
0
0
0
0
0
0
0
0
0
0
0
0
0
0
0
0
0
0
0
0
0
0
0
0
0
0
0
0
-0.205789768473892
0
0
0
0
0
0
0
0
0
0
0
0
0
0
0
0
0
0
0
0
0
0
0
0
0
0
0
0
0
0
0
0
0
0
0
0
0
0
0
0
0
0
0
0
0
0
0
0
0
0
0
0
0
0
0
0
0
0
0
0
0
0
0
0
0
0
0
0
0
0
0
0
0
0
0
0
0
0
0
0
0
0
0
0
0
0
0
0
0
0
0
0
0
0
0
0
0
0
0
0
0
0
0
0
0
0
0
0
0
0
0
0
0
0
0
0
0
0
0
0
0
0
0
0
0
0
0
0
0
0
0
0
0
0
0
0
0
0
0
0
0
0
0
0
0
0
0
0
0
0
0
0
0
0
0
0
0
0
0
0
0
0
0
0
0
0
0
0
0
0
0
0
0
0
0
0
0
0
0
0
0
0
0
0
0
0
0
0
0
0
0
0
0
0
0
0
0
0
0
0
0
0
0
0
0
0
0
0
0
0
0
0
0
0
0
0
0
0
0
0
0
0
0
0
0
0
0
0
982.172514704491
0
0
0
0
0
0
0
0
0
0
0
0
0
0
0
0
0
0
0
0
0
0
0
0
0
0
0
0
213.610129829407
-593.759559837933
1000
0
732.619105213586
-0.288909537409722
0
0
0
0
0
0
0
0
0
0
0
0
0
0
0
0
0
0
-1000
0
0
0
0
0
0
0
-1000
0
-1000
-0.00242530057562362
0
0
0
0
0
0
0
1000
1000
-1000
-1000
0
0
0
-1000
0
0
0
0
0
0
0
0
0
0
0
0
0
0
0
0
0
0
0
0
0
0
0
0
0
0
0
0
0
0
0
0
0
0
0
0
0
0
0
0
0
0
0
0
0
0
0
0
-0.205789768473892
-0.205789768473892
-0.205789768473892
-0.205789768473892
0
-0.205789768473892
0
0
-0.205789768473892
-0.205789768473892
-0.205789768473892
-0.205789768473892
210.471520661997
-0.205789768473892
-0.204187252431211
-0.205789768473892
-0.205789768473892
-0.205789768473892
-0.205789768473892
-0.205789768473892
0
-0.205789768473892
-0.205789768473892
-0.205789768473892
0
-1000
58.5821395076232
0
0
0
0
0
0
0
