0
0
0
0
0
0
0
1000
-1000
1000
0
0
0
425.273299927886
1000
0
1000
-1000
999.946678133856
0
0.0533218661443039
0
-1000
0.33516601576423
0
1000
572.492946347864
0
-420.122023804267
0.01138121320805
0
0
0
0
0
0
387.789011684475
0
0
0
31.9978461040275
0
0
0
0
0
465.456820963282
0
465.456820963282
0
465.456820963282
0
465.456820963282
0
465.456820963282
0
465.456820963282
0
0
465.456820963282
0
0
0
0
0
0
420.122023804267
0
0
0
0
0
0
0
0
0
0
0
0
0
0
0
-1000
0
0
0
0
0
0
0
0
0
0
0
0
0
1000
0
-1000
0
1000
1000
-1000
0
0
0
0
0.0032612280371904
0
0
0
0
0
0
0
0
0
0
0
0
0
0
0
0
0
0
0
0
0
0
0
0
0
0
0
1000
0
0
1000
0
0
0
0
1000
0
0
0
-13.3492745265629
0
0
0
0
-675.986552357487
0
0
0.00813889084064039
0
0
0
706.291978467164
559.445585110195
1000
-146.854010766418
0
0
0
-1000
-146.854010766418
278.419289161468
614.617629102296
-189.344329174411
0
0
1000
0
0
0.00813889084065522
0
0
1000
500.444106786931
0
0
0
0
0
-3.5872208644297
0
0
0
0
0
0
3.59102956915433
247.256299115269
-1000
0
0
0
0
0
0
0
0
1000
996.408970430846
0
0
0
0
-1000
0
739.092513060177
0
0
0
0
1000
258.197746742974
0
0
0
0
1000
0
0
0
-1000
209.438755302763
0
0.420651152623109
0
0.42065115262311
0
0.00761740944918627
0.630976728934664
0
-193.298115774536
0
0
0
-1000
0
0
0
0
0
0
0
0
0
0
0
0
-1000
0
-676.547117929513
0
-1000
-1000
1000
-1.7568597795015
1.75685977950155
-1000
1000
-0.881691117787909
-1000
0
0
-1000
791.196030130896
0
-0.630976728934684
210.918651746393
0
0
1000
0
0.163774303157505
0
-0.163774303157538
0
0.00162588760115
0
0
0
0
2.40087669416753
0
0
0
0
0
0
0
0
0
0
0
0
1000
0
1000
0
0
0
1000
0
-0.163774303157538
0
-0.630976728934684
0
0
0.630976728934684
0
0
0
0
0
0
0
0
-1000
0
0
0
1000
0.630976728934684
0
-1000
-0.881691117787909
0
0
0.00326122803710405
0
0
0
0
0
0
0
0
0
0
0
0
0
0
0
0
2.10325576311555
0
8.85415534734785
0
0
0
0
0
0
0
0
326.422949401536
-1000
-739.088704355452
-0.00162588760110793
1000
1000
0
-1000
-1000
-1000
1000
-1000
1000
1000
-1000
0
-1000
0
0
0
0
-1000
0
-1000
-1000
-791.196030130896
0
1000
0
0
1000
1000
0
0
0
0
0
0
0.881691117787964
-1000
1000
-1000
1000
1000
-1000
997.282642393702
0
-1000
-1000
1000
1000
-1000
-1000
1000
2.72497501574753
-1000
1000
-1000
-5.38721314179998
-1000
1000
0
-1000
1000
0
0
0
-1000
1000
0
0
0
-247.256299115268
0
0
0
1000
0
0
0
0
-18.1293029371112
0
0
0
0
0
0
0
0
0
0
0
0
0
0
0
0.0032612280371904
0
1000
-0.00326122803721773
-999.996738771963
0
999.996738771963
0
0
0
0
1000
0
0
0
0
0
0
0
0
0
0
0
0
0
0
0
0
0
0
0
0
0
0
0
0
0
0
0
0
0
0
0
0
0
0
0
0
0.232330988200181
0
0
0.00326122803721773
1000
0.0952176181148161
0.0952176181148161
0
970.570520645146
0
0
0
0
0
0
0.232330988200181
0
0
0.148539484259136
0
60.5532785335754
0
0
0
0
-1000
-1000
0
0
0
0
0
0
0
0
0
0
0
0
0
0
0
0
0
0
0
0
0
0
0
0
0
0
0
0
0
0
0
0
0
0.148539484259136
0
0
587.245062829495
-1000
0
1000
0
1000
0
0
1000
0
0
0
0
0
0
0
0
0
0
0
0
0
0
0
0
0
0
0
0
0
0
0
0
999.851460515741
0
0
0.148539484259136
0
0
0
0
0
0
0
0
0
676.000869463665
0
0
0
0
0
0
0
0
0
0
0
0
0
0
0
0
0
0
0
0
0
0
0
0
0
0
0
0
0
0
0
0
0
0
-1000
0
0
0
0
0
0
0
0
0
0
0
0
0
0
0
0
0
0
0
0
0
0
0
0
0
0
0
0
0
0
0
0
0
0
0
0
0
0
0
1000
0
0.00380870472459314
236.696965112982
0
0
0
0.689375555151357
0.689375555151357
0
61.252475584178
0
0
0
0
0
0
0
0
0
0
0
0
0
0
0
0
0
0
0
0
0
0
0
0
0
0
-0.00326122803721773
0
0
0
-1000
0
0
-1000
0
0
0
0
389.740172909677
0
0
389.740172909677
0
0
0
0
0
0
0
0
0
389.740172909677
0
389.740172909677
0
0
0
11.8147635416173
33.6783829068877
21.5272559904201
15.7670331961085
23.3772545520968
7.69431219970094
17.9954405544918
32.9215653134745
30.3147491583846
9.58635618323395
18.5840764604799
38.3033793110795
30.230658314672
9.33408365209622
15.4727152431145
21.4431651467075
27.7920238470072
22.4943006931148
4.12045134191635
28.0442963781449
0
0
0
0
0
0
0
0
0
0
0
0
0
0
0
0
0
0
0
0
0
0
0
0
0
0
0
0
0
0
0
0
0
0
0
0
0
0
0
0
0
0
0
0
0
0
0
0
0
0
0
0
0
0
0
0
0
0
0
0
0
0
0
0
0
0
0
0
0
0
0
0
0
0
0
0
0
0
0
0
0
0
0
0
0
0
247.107759631009
0
0
247.107759631009
0
0
0
0
-1000
0
0
30.0571948557518
0
0
60.5532785335753
-1000
-1000
1000
1000
981.32169610586
0
0
0
0
0
0
-18.1293029371112
-981.458809475945
-981.458809475945
-1000
0
0.00326122803721773
0
103.025910038567
896.870707457182
981.329313515309
1000
1000
0.232330988200181
0
1000
0
-1000
-1000
-1000
0
0.0032612280371904
1000
0
1000
-0.00326122803721773
1000
1000
1000
0
0
0
1000
0
0
0
0
1000
500.440845558894
1000
1000
0
500
219.72471288247
2.51140957171272
5
0
0
0
0
0
0
603.069750846328
0
0
0
0
-0.00132027618872144
0
0
0
0
-0.00132027618872144
394.983323468392
499.516758476623
0
-0.00132027618872144
0.00132027618872144
-0.00132027618872144
0
0
0
0
-1000
0
0
-0.00132027618872144
-0.00132027618872144
0.00132027618872144
-0.00132027618872144
0.00132027618872144
-0.00132027618872144
-0.00132027618872144
-0.00132027618872144
-0.00132027618872144
-0.00132027618872144
-0.00132027618872144
-0.00132027618872144
-0.00132027618872144
-0.00132027618872144
-0.00132027618872144
-0.00132027618872144
-0.0277257999640597
-0.00906348837600035
-0.0379579404269634
-0.0382880094741722
-0.0194740737842949
0.00132027618872144
0.00132027618872144
-0.0950204231563703
0.00132027618872144
0.00132027618872144
0.00132027618872144
0.00132027618872144
-0.632082225371278
-0.0095720023685999
-0.0709648451461362
-0.357464778108124
-0.00135973862347782
0.00132027618872144
0.00132027618872144
0.0125426237932516
0.00132027618872144
0.00132027618872144
-0.00132027618872144
0
0
0
0
0
0
0
0
0
0
0
0
0
0
0
0
0
0
0
0
0
0
0
0
0
0
0
0
0
0
0
0
0
0
0
0
0.000811762196235577
0
0
0
0
0
0
0
0
0
0
0
0
0
0
0
0
0
0
0
0
0
0
0
0
0
0
0
0
0
0
0
0
0
0
0
0
0
0
0
1000
0
0
0
0
0
0
0
0
0
0
0
0
0
0
0
0
0
0
0
0
0
0
0
0
0
0
0
0
0
0
0
0
0
0
0
0
0
0
0
0
0
0
0
0
0
0
0
0
0
0
0
0
0
0
0
0
0
0
0
0
0
0
0
0
0
0
0
0
0
1.09138671495976
1.09138671495976
1.09138671495976
607.017623642846
0
0
0
0
0
0
0
0
0
0
0
0
0
0
0
0
0
0
0
0
0
0
0
0
0
0
0
0
0.00132027618876515
0.00132027618876515
0.00132027618876515
0
0.00132027618876515
0
0.0825172617978221
0.511276954099306
0
0.00132027618876515
0
0
0
0
0
0
0
0
0
0
0
0
0
0
0
0
0
0
0
0
0
0
0
0
0
0
0
0
0
0
0
0
0
0
0
0
0
0
0
0
0
0
0
0
0
0
0
0
0
0
0
0
0
0
0
0
0
0
0
0
0
0
0
0
0
0
0
0
0
0
0
0
0
0
0
0
0
0
0
0
0
0
0
0
0
0
0
0
0
0
0
0
0
0
0
0
0
0
0
0
0
0
0
0
0
0
0
0
0
0
0
0
0
0
0
0
0
0
0
0
0
0
0
0
0
0
0
0
0
0
0
0
0
0
0
0
0
0
0
0
0
0
0
0
0
0
0
0
0
0
0
0
0
0
0
0
0
0
0
0
0
0
0
0
0
0
0
0
0
0
0
0
0
0
0
0
0
0
0
0
0
0
0
0
0
0
0
0
0
0
0
0
0
0
0
0
0
0
-1000
0
0
0
0
0
0
0
0
0
0
0
0
0
0
0
0
0
0
0
287.33031210018
0
0
0
0
0
0
0
0
0
0
0
0
0
0
0
0
0
0
0
0
0
0
0
0
0
0
0
0
0
0
0
0
0
0
0
0
0
0
0
0
0
0
0
0
0
0
0
0
0
0
0
0
0
0
0
0
0
0
0
0
0
0
0
0
0
0
0
0
0
0
0
0
0
0
0
0
0
0
0
1000
1000
0
0
0
0
0
0
0
0
0
0
0
0
0
0
0
0
0
0
0
0
0
-1000
0
-1000
0
0
0
0
0
0
0
0
0
0
0
1000
1000
0
0
0
0
0
0
0
0
0
0
0
0
0
0
0
0
0
0
0
0
0
0
0
0
0
0
0
0
0
0
0
0
0
0
0
0
0
0
0
0
0
0
0
0
0
0
0
0
0
0
0
0
0
0
0
0
0
0
0
0
0
0
0
0
0
0
0
0
0
0
0
0
0
0
0
0
0
0
0
0
0
0
0
0
0
0
430.887000613774
0
0
0.00132027618872144
0
-999.952139988157
0
0
0
0
396.88106886564
0
499.516758476623
0
0
0
0.000811762196235577
-0.00132027618872144
0
0
999.998679723811
0
0
0
0
0
0
0
0
0
0
0
0
0
-1000
0.000811762196235577
0
0
0
0.00326122803721773
0
0
0
0
0
0
0
-0.00326122803721773
0
0
0
0
0
603.069750846328
-1000
0
-353.069750846328
-353.069750846328
569.112999386226
-430.887000613774
1000
-0.0195673682231927
0
0
0.00132027618872144
-0.00132027618872144
0
0
0.0478600118427721
-0.0478600118427721
1000
0
0
0
0
0
1000
0
1000
-646.88106886564
-1000
0
-500.483241523377
-499.516758476623
-1000
0
0
0
0
0
-1000
0
-1000
0
0
0
0
0
-1000
0
0
0
-1000
0
0
0
-853.582605289514
0
0
0
0
0
0
0
0
0
0
0
0
0
0
0
0
0
0
0
-1000
1000
-1000
0
-1000
0
-1000
0
-1000
0
0
0
0
0
0
0
0
0
-1000
0
-1000
0
1000
0
-1000
0
-1000
0
-1000
0
0
0
0
0
0
0
0
0
0
-1000
250
-250
0
0
0
0
0
0
0
0
0
0
0
0
0
0
0
0
0
0
0
0
0
0
0
0
0
0
0
0
0
0
0
0
0.000811762196235577
-0.000811762196235577
0
0
0
0
0
0
0
0
0
0
0
0
0
0
0
0
0
0
0
0
0
0
0
0
0
0
0
0
0
0
0
0
0
0
0
0
0.000811762196235577
-0.000811762196235577
0
0
0
0
0
0
-0.00326122803721773
-0.00326122803721773
0
0
0
0
0
0
0
0
0
0
0
0
0
0
0
0
0.00326122803721773
0.00326122803721773
0
0
0
0
0
0
0
0
0
0
0
0
0
0
0
0
0
0
0
0
0
0
0
0
0
0
0
0
0
0
0
0
0
0
0
0
0
0
0
0
0
0
0
0
1.06813568222139
0.0032612280371904
0
0
0
0
0
0
0
0
0.134394104581879
0
0
0
0
0
0
0
0
0
0
0
0
0
0
0
0
0
0
0
0
0
0
0
0
0
0
0
0
0
0
0
0
0
0
0
0
0
0
0
0
0
0
0
0
0
0
0
0
0
0
0
0
0
0
0
0
0
0
0
0
0
0
0
0
0
0
0
0
0
0
0
0
0
0
0
0
0
0
0
0
0
0
0
0
0
0
0
0
0
0
0
0
0
0
0
0
0
0
0
0
0
0
0
0
0
0
353.11893113436
353.11893113436
353.11893113436
0
353.071071122517
353.071071122517
353.071071122517
0
353.069750846328
353.069750846328
353.069750846328
0
0
0
0
0
0
0
0
0
0
0
0
0
0
0
0
0
0
0
0
0
0
0
0
0
0
0
0
0
0
0
0
0
0
0
0
0
0
0
0
0
0
0
0
0
0
0
0
0
0
0
0
0
0
0
0
0
0
0
0
0
0
0
0
0
0
0
0
0
0
0
0
0
0
0
0
0
0
0
0
0
0
0
0
0
0
0
0
0
0
0
0
0
0
0
0
0
0
0
0
0
0
0
0
0
0
0
0
0
0
0
0
0
0
0
0
0
0
0
0
0
0
0
0
0
0
0
0
0
0
0
0
0
0
0
0
0
0
0
0
0
0
0
0
0
0
0
0
0
0
0
0
0
0
0
0
0
0
0
0
0
0
0
0
0
0
0
0
0
0
0
0
0.0032612280371904
0.0032612280371904
0.0032612280371904
0.0032612280371904
0.0032612280371904
0
0
0
0
0
0
0
0
0
0
0
0
0
0
0
0
0
0
0
0
0
0
0
0
0
0
0
0
0
0
0
0
0
0
0
0
0
0
0
0
0
0
0
0
0
13.3492745265629
13.3492745265629
-13.3492745265629
4.4421486434342
-2.21944370769847
2.2194437076985
2.2194437076985
2.2194437076985
2.2194437076985
2.2194437076985
2.2194437076985
2.2194437076985
2.2194437076985
2.2194437076985
2.2194437076985
0
2.2194437076985
2.21944370769847
2.2194437076985
2.2194437076985
2.2194437076985
2.2194437076985
2.2194437076985
2.2194437076985
2.2129401572939
2.2129401572939
2.2129401572939
0.00650355040459998
0.00650355040459998
0
0
0
0
0
0
0
0
0
0
0
0
0
0
0
0
0
0
13.3492745265629
13.3492745265629
4.4421486434342
4.4421486434342
0
0
0
0
0
0
0
0
0
0
0
0
0
0
0
0
0
0
0
0
0
0
0
0
0
0
0
0
0
0
0
0
0
0
0
0
0
0
0
0
0
0
0
0
0
0
0
0
0
0
0
0
0
0
0
0
0
0
0
0
0
0
0
0
0
0
0
0
0
0
0
0
0
0
0
0
0
0
0
0
0
0
0
0
0
0
0
0
0
0
0
0
0
0
0
0
0
0
0
0
0
0
0
0
0
0
0
0
0
0
0
0
0
0
0
0
0
0
0
0
0
0
0
0
0
0
0
0
0
0
0
0
0
0
0
0
0
0
0
0
0
0
0
0
0
0
0
0
0
0
0
0
0
0
0
0
0
0
0
0
0
0
0
0
0
0
0
0
0
0
0
0
0
0
0
0
0
0
0
0
0
0
0
0
0
0
0
0
0
0
0
0
1.06813568222139
0
0
0
0.0227907849207712
0.0227907849207712
0
-1.09092646714214
1.09092646714216
0.0227907849207712
0
0
0
0
0
0
0.0227907849207712
0
0.0227907849207712
0.0227907849207712
0
0
0
0
0
0
0
0
0
0
0
0
0
0
0
0
0
0
0
0
0
0
0
0
0
0
0
0
0
0
0
0
0
0
0
0
0
0
0
0
0
0
0
0
0
0
0
0
0
0
0
0
0
0
0
0
0
0
0
0
0
0
0
0
0
0
0
0
0
0
0
0
0
0
0
0
0
0
0
0
0
0
0
0
0
0
0
0
0
0
0
0
0
0
0
0
0
0
0
0
0
0
0
0
0
0
0
0
0
0
0
0
0
0
0
1.06813568222139
0.0032612280371904
0
0
0
0
0
0
0
1.40617535979227
0
0
0
0.881691117787964
0.881691117787964
0.881691117787964
0
0
0
0
0
0
1.20579101484046
0
0
0
0.0032612280371904
0
0
0
0
-1.20579101484043
1.20579101484046
0
0
0
0
0
0.331069787311686
0
0
0
0
0.219913901835391
0
0.20038434495181
0
0
0
0
0
0
0
0
0
0
10.162099997904
10.162099997904
10.162099997904
0
0
0
0
-0.134394104581929
0
0
0
0
0
0
0
0
0
0
0
0
0
0
0
0
0
0
0
0
0
0
0
0
0
0
0
0
0
0
0
0
0
0
0
0
0
0
0
0
0
0
0
0
0
0
0
0
0
0
0
0
0
0
0
0
0
0
0
0
0
0
0
0
0
0
0
0
0
0
0
0
0
0
0
0
0
0
0
0
0
0
0
0
0
0
0
0
0
0
0
0
0
0
0
0
0
0
0
0
0
0
0
0
0
0
0
0
0
0
0
0
0
0
0
1000
0
0
1000
1000
0
0
0
0
0
0
0
0
0
0
0
0
0
0
0
0
0
0
0
0
0
0
0
0
0
0
0
0
0
0
0
0
0
0
0
0
0
0
0
0
0
0
0
0
0
0
0
0
0
0
0
0
0
0
0
0
0
0
0
0
0
0
0
0
0
0
0
0
0
0
0
0
0
0
0
0
0
0
0
0
0
0
0
0
0
0
0
0
0
0
0
0
0
0
0
0
0
0
0
0
0
0
0
0
0
0
0
0
0
0
0
0
0
0
0
0
0
0
0
0
0
0
0
0
0
0
0
0
0
0
0
0
0
0
0
0
0
0
0
0
0
0
0
0
0
0
0
0
0
0
0
0
0
0
0
0
0
0
0
0
0
0
0
0
0
0
0
0
0
0
0
0
0
0
0
0
0
0
0
0
0
0
0
0
0
0
0
0
0
0
0
0
0
0
0
0
0
0
0
0
0
0
0
0
0
0
0
0
0
0
0
0
0
0
0
0
0
0
0
0
0
0
0
0
0
0
0
0
0
0
0
0
0
0
0
0
0
0
0
0
0
0
0
0
0
0
0
0
0
0
0
0
0
0
0
0
0
0
0
0
0
0
0
0
0
0
0
0
0
0
0
0
0
0
0
0
0
0
0
0
0
507.462547868164
0
507.462547868164
0
0
0
0
0
0
0
0
0
0
0
0
0
0
0
0
0
0
0
0
0
0
0
0
0
0
0
0
0
0
1000
0
0
0
0
0
0
0
0
0
0
0
0
0
0
0
0
0
0
0
0
0
0
0
0
0
0
0
0
0
0
0
0
0
0
0
0
0
0
0
0
0
0
0
0
0
0
0
0
0
0
0
0
0
0
0
0
0
0
0
0
0
0
0
0
0
0
0
0
0
0
0
0
0
0
0
0
0
0
0
0.0722851213348576
0.148539484259136
0.148539484259136
0
0
0
0
0.148539484259118
0
0.148539484259136
-247.107759631009
0
0
0
0
0.0228522283475634
0
1000
0
0
0
0
0
0
247.107759631009
0
0
0
0
0.898854315004023
0
0
0
0
0
0
0.898854315004023
0.898854315004023
0.898854315004023
0.898854315003973
0
0
0
0
0
0
0
0
0
0
0
0
0
0
0
0
0
0
0
0
0
0
0
0
0
0
0
0
0
0
0
0
0
0
0
0
0
579.718055498266
579.718055498266
0
0
0
0
0
0
0
0
0
0
0
0
0
0
0
0
0
0
0
0
0
0
0
0
0
0
0
0
0
0
0
0
0
0
0
0
0
0
0
0
0
0
0
0
0
0
0
0
1000
1000
0.630976728934684
0
0
0
-1000
487.440557081589
1000
969.942805144248
0
0
0
1000
0
0
0
0
0
0
0
0
0
0
0
0
0
0
0
0
0
0
0
0
0
0
0
0
0
0
0
0
0
0
0
0
0
0
0
0
0
0
0
0
0
-487.440557081589
0
0
0
0
0
0
0
1.09138671495976
1.09138671495976
0
0
0
0
0
0
0
0
-999.996738771963
999.996738771963
1000
999.996738771963
1000
-1000
-1000
0
0
0
0
0
0
0.00326122803721773
0
0
0
0
0
0
0
0
0
0
0
0
0
0
0
0
0
0
0
0
0
0.0130165536440904
0
0.0032612280371904
0.0195295568835808
1000
0.00162588760115
0.00162588760115
0.00326122803721773
0
0.0113906660429404
0.00162588760115
0.024416672521894
-0.00162588760110793
0.00162588760115
0.00162588760115
0.00162588760115
0.00162588760115
0.00162588760115
-0.00162588760110793
-0.00325177520232955
-0.0407133598729388
0.00162588760115
0.00162588760115
0.00162588760110793
0.00162588760115
0.0358262442346131
-0.00488711563832567
-0.0374521318358347
0.00326122803721773
0.00162588760115
0.00162588760115
0.0032612280371904
0.0032612280371904
-0.00326122803721773
-0.00326122803721773
0.00326122803721773
0.00326122803721773
0.00162588760115
0.00162588760115
0.00162588760115
0.00162588760115
-0.00488711563832567
-999.977209215079
0
0
0
0
0
0
-412.754937170505
0
0
0
0.0032612280371904
0
0
0
0
0.0016306140185952
0.00326122803721773
0.00326122803721773
0
0.0032612280371904
0
0
0
0
0
-0.00326122803721773
0.00650355040459998
0.00162588760115
0.00487766280344999
0.00162588760115
-0.00162588760110793
0.00162588760115
0.00162588760115
0.00162588760115
0.00162588760115
0.00162588760115
0.00162588760115
0.00325177520229999
0.00162588760115
0.00162588760115
0.00162588760115
0.00162588760115
0.00162588760115
0
0.00162588760115
0.0032612280371904
0.0032612280371904
0.0032612280371904
0.0032612280371904
0.0032612280371904
0.0032612280371904
0.0032612280371904
0.0032612280371904
0.0032612280371904
0.0032612280371904
0.0032612280371904
0.0032612280371904
0.0032612280371904
0.0032612280371904
0
0
0
0
0
0
0
0
0
0
0
0
-0.00326122803721773
0
0
0
0
0
0
0
0
0
0
0
0
0
0
0
0
0
0
0
0
0
0
0
0
0
0
0
0
0
0
0
0
0
0
0
0
0
0
0
0
0
0
0
0
0
0
0
0
0
0
0
0
0
0
0
0
0
0
0
0
0
0
0
0
0
1.25516101811726
500
60.5532785335753
0
0
0
0
0.0032612280371904
0
0
0
0
0
0
0
0
0
0
0
0
1000
0
0
0
0
0
0
0
0
0
0
-1000
0
0
0
-603.069750846328
0
0
0
0
0
0.00132027618876515
0
0
0
0
0
0
0
0
0
0.00132027618876515
0
0
394.983323468392
0
0
0
0
0.00132027618876515
0
0.00132027618876515
0
0.00132027618876515
0
0
0
0
0
0
0
0
0
0
0
0
0
0
0
0.00132027618876515
0
0.00132027618876515
0
0.00132027618876515
0
0.00132027618876515
0
0.00132027618876515
0
0.00132027618876515
0
0.00132027618876515
0
0.00132027618876515
0
0.00132027618876515
0
0.00132027618876515
0
0.00132027618876515
0
0.00132027618876515
0
0.00132027618876515
0
0.00132027618876515
0
0.00132027618876515
0
0.00132027618876515
0
0.0277257999640682
0
0.00906348837599591
0
0.0379579404269982
0
0.0382880094741895
0
0.019474073784286
0
0.00132027618876515
0
0.00132027618876515
0
0.0950204231563686
0
0.00132027618876515
0
0.00132027618876515
0
0.00132027618876515
0
0.00132027618876515
0
0.632082225371317
0
0.00957200236854736
0
0.070964845146127
0
0.357464778108165
0
0.00135973862348764
0
0.00132027618876515
0
0.00132027618876515
0
0.012542623793269
0
0.00132027618876515
0
0.00132027618876515
0
0.00132027618876515
0
0
1000
0
0
0
0
0
0
0
0
-1000
-1000
1000
0
0.898854315004023
-752.746962112769
1000
1000
0
578.512264483425
1000
-1000
-1000
0
0
1000
0
0
0
0
-4.98222691206274
1000
0.331069787311662
0
0
0
-1000
-193.298115774536
-0.00326122803721773
0
0
-3.28256781195546
1000
0
0
0
0
465.46820217649
1000
1000
-1000
193.298115774536
-752.746962112769
0
1000
0
0
-1000
0
0
1000
1000
-1000
1000
0
1000
1000
0
-1000
369.941842355829
1000
999.996738771963
0
0
0
0
-60.5532785335753
-502.396479156607
0
0
0
0
0
0
0
0
0
0
0
0
8.70625550491624
0
0
0
0
1000
1000
0
0
0
1000
0
0
0
0
0
55.5705294311758
0
0
-1000
-1000
-1000
-1000
1000
-1000
703.683906063067
-1000
-1000
-518.112907248107
-1000
-1000
-1000
1000
1000
-48.4697732592325
-1000
-986.366455883932
-1000
1000
-1000
-1000
-1000
1000
1000
1000
1000
1000
1000
1000
1000
1000
-1000
-1000
-1000
-1000
-460.170248341702
-1000
-1000
-1000
-1000
1000
-1000
-1000
-1000
-1000
-1000
-1000
-1000
1000
-1000
-1000
-1000
1000
4.15853838916223
-1000
-1000
-1000
-1000
-1000
-1000
-1000
-1000
-1000
-1000
1000
-1000
-1000
-1000
-1000
-1000
-1000
-1000
1000
1000
-691.660211238284
-1000
-1000
-1000
1000
-1000
-1000
-1000
1000
1000
1000
-1000
1000
-1000
-1000
1000
1000
1000
-15.8127376528035
1000
1000
-259.777330816027
1000
-1000
-1000
-317.441762351403
1000
-259.777330816027
981.027435657611
-1000
1000
-1000
-1000
1000
1000
1000
1000
1000
345.821224745313
1000
1000
1000
-1000
1000
30.3411107516852
-1000
-1000
0
1000
-51.9254973129742
-1000
-1000
-1000
0
0
0
0
0
0
0
0
0
0
0
0
0
0
0
0
0
0
0
0
0
0
0
0
0
0
0
0
0
0
0
0
0
0
0
0
0
0
0
0
0
0
0
0
0
0
0
0
0
0
0
0
0
0
0
0
0
0
0
0
0
0
0
0
0
0
0
0
0
0
0
0
0
0
0
0
0
0
0
0
0
0
0
0
0
0
0
0
0
0
0
0
0
0
0
0
0
0
0
0
0
0
0
0
0
0
0
0
0
0
0
0
0
0
0
0
0
0
0
0
0
0
0
0
0
0
0
0
0
0
0
0
0
0
0
0
0
0
0
0
0
0
0
0
0
0
0
0
0
0
0
0
0
0
0
0
0
0
0
0
0
0
0
0
0
0
0
0
0
0
0
0
0
0
0
0
0
0
0
0
0
0
0
0
0
0
0
0
0
0
0
0
0
0
0
0
0
0
0
0
0
0
0
0
0
0
0
0
0
0
0
0
0
0
0
0
0
0
0
0
0
0
0
0
0
0
0
0
0
0
0
0
0
0
0
0
0
0
0
0
0
0
0
0
0
0
0
0
0
0
0
0
0
0
0
0
0
0
0
0
0
0
0
0
0
0
0
0
0
0
0
0
0
0
0
0
0
0
0
0
0
0
0
0
0
0
0
0
0
0
0
0
0
0
0
0
0
0
0
0
0
0
0
0
0
0
0
0
0
0
0
0
0
0
0
0
0
0
0
0
0
0
0
0
0
-998.472709405438
1000
-1000
1000
1000
1000
-1000
1000
-1000
999.353437909539
-1000
-1000
1000
1000
1000
-1000
1000
-1000
1000
-1000
1000
1000
-1000
-1000
1000
-1000
-1000
-1000
1000
-1000
-323.366885552052
0
-1000
-1000
1000
-1000
1000
-1000
-0.0455910226763763
-1000
-1000
998.472709405438
-1000
-1000
-1000
1000
-1000
-998.472709405438
-1000
-999.954408977324
-1000
-1000
-1000
1000
-1000
0
0
0
0
0
0
0
0
0
0
0
0
0
0
0
0
-1000
-1000
0
0
0
0
0
0
0
0
0
0
0
1000
0
0
61.6032624095984
0
0
-0.00326122803721773
0.0032612280371904
0
0
-0.00326122803721773
-0.00326122803721773
0
0
0
0
0
1000
0
0
0
0
0
0
0
0
0
0
0
0
0
0
387.759646452888
0
0
0
0
0
0
0.0032612280371904
0
0
-1000
1000
-213.795475380697
-1000
-626.550412551202
0
0
0
0
-0.00326122803721773
0
0
0
0
0
247.107759631009
0
0
0
0
0
0
472.214735284412
0
0
0
0
-1000
0
0
-465.456820963282
465.456820963282
0.0032612280371904
0
0
0
0
-0.0228285962607515
0
0
0
0
0
0
-1000
1000
1000
0
0
0
0
0
0
0
0
0
0
0
0
0
0
0
0
0
0
0
0
0
0
0
0
0
0
0
0
0
0
0
246.823474399138
0
0.0032612280371904
0
0
0
1000
0
0
0
0
1.76338223557593
0
0
0
0
1000
0
-999.996738771963
0
0
0
0
0
0
0
0
0
0
0
0.00326122803721773
0.00326122803721773
-103.132553770855
-1.76338223557593
1000
0
0
981.458809475945
0
1000
0
0
0
0
0
0.00326122803710405
0
0
1000
0
0.0032612280371904
0
0
1000
0
0
0
0
0
-1000
0
-234.753487396255
1000
0
0
0
0
0
0
234.753487396255
0
234.753487396255
0
0
-1000
1000
0
0
0
0
0
0
0
0
0
0
0
0
1000
0
208.803969869104
0
0
0
0
0
0
0
0
0
0
0.881691117787964
0
0.0032612280371904
-0.00326122803721773
0.0032612280371904
0.0032612280371904
0
0
0.00326122803721773
0
0
0
0.881691117787909
0
0
-0.00978368411153951
-1000
-1000
-1000
1000
-1000
1000
0
0
789.439170351394
-1000
-1000
-1000
0
0
0
0
0
0
0
0
0
0
0
0
0
0
0
0
0
0
0
0
0
0
0
208.803969869104
0
1.75685977950155
0
0
0
0
0
0.00162588760115
0
0
0
0
0
0
0
0
0.0032612280371904
0
0
0
0
0
0
0
0
0
0
0
-1000
0
0
0
0
0
0
0
0
0
0
0
0
0
1000
0
0
0
0
1000
0
0
0
0
0
0
0
0
0
0
0
0
0
0
0
0
0
0
0
0
0
0
0
0
0
0
0
2.1032557631155
0
0
0
0
0
0
0
0
0
0
0
0
0
0
0
0
0
0
0
0
0
0
0
0
0
0
0
0
0
0
0
0
0
0
0
0
0
0
0
0
0
0
0
0
0
0
0
0
0
0
0
0
0
0
0
0
0
0
0
0
0
0
0
0
0
0
0
0
0
0
0
0
0
0
0
0
0
0
0
0
0
0
0
0
0
0
0
0
0
0
0
0
0
0
0
0
0
0
0
0
0
0
0
0
0
0
0
0
0
0
-999.988618786792
0
0.00162588760110793
0
0.0178942164475302
0
0
-0.0113812132080966
0
1000
0.0146424412452006
0
0
0
0
0
0
0
0
0
0
0
0
0
0
0
0.0032612280371904
0.0032612280371904
0.0032612280371904
-1000
-1000
0
-1000
-1000
0
0
0
0
0
0
-853.582605289514
0
0
0
0
0
0
0
0
0
0
0
353.11893113436
0
1000
0
-1000
-1000
0.00132027618872144
0
-1000
-1000
0
0
0
0
0
0
0
0
0
0
-1000
0
1000
0.357206875783662
0.0032612280371904
0.0032612280371904
0.0032612280371904
0.0032612280371904
0.0032612280371904
0
0
0
1000
0
0
0
0.00132027618876515
605.927557204075
0
0.00132027618876515
0
0
0
0
0
0
0
0
1000
0
0
0
0
0
0
1000
-999.998679723811
0
1000
0
0
-1000
0
0
0
0
0
0
0
0
0
250
0
0
0
0
0
0
0
0
0
0
0
0
0
0
0
0
0
0
0
0
0
0
0
0
0
0
0
0
0
0
0
0
0
0
0
0
0
-1000
0
0
0
0
0
0
0
0
0
-1000
0
0
0
0
0
0
0
0
1000
-1000
-1000
-1000
-1000
-1000
0
0.0195295568835808
0
0
0
0
1000
-1000
0
0
247.107759631009
0
0
0
999.980432631777
13.484771461882
0
0
0
0
0.524484242004303
0.524484242004303
-1000
-999.986992899191
0
0
0
0
0
0
0
0
1000
0
0
0
0
0
0
0
1000
0.0032612280371904
0
0
0
0
0
0
0
0
-1000
626.550412551202
0
0
1000
0
0
0
1000
0
0.00487766280344999
0
0
0
0
-646.88106886564
0
-1000
-250
0
0
-1000
-1000
0.0722851213348922
0
0
0
353.069750846328
353.071071122517
1000
353.069750846328
-378.887681625847
378.887681625847
0
0
0
0
-1000
0
0
0
0
-1000
-1000
0
0
1000
0
0
0
0
0.000811762196213696
0
0
0
0
0
0
0
0
208.803969869104
0
208.803969869104
0
0
0
0
0
0
0
0
0
-1000
234.753487396255
234.753487396255
-1000
1000
-1000
-1000
1000
0
0
0
0
0
0
0
0
-1000
0
0
1000
0.00162588760115
0.00162588760115
0
38.691867192988
-1000
-1000
-507.462547868164
-507.462547868164
499.516758476623
0
0
0
0
0
0
0
0
0
0
0
0
0
0
0
0
0
0
0
0
0
0
0
0
0
0.00326122803721773
0
0
0
0
0
0
0
0
0
0
0
0
0
0
0
0
0
0
0
0
0
0
0
0
0
0
0
0
0
0
0
0
0
0
0
0
0
0
0
0
0
0
0
0
0
-1000
0
-1000
0
0
0
0
0
0
-1000
0
0
0
0
0
0
0
0
0
0
0
-1000
0
0
0
0
0
0
0
0
0
0
0
0
0
1000
0
0
0
-1000
0
0
0
0
0
0
0
0
0
0
0
0
0
0
0
353.069750846328
0
0
0
0
0
0
0
0
0
0
0
0
0
0
0
0
0
0
0
0
0
0
0
0
0
0
0
0
0
0
0
0
0
0
0
0
0
0
0
0
0
0
0
0
0
0
0
0
0
0
0
0
0
0
0
0
0
0
0
0
0
0
0
0
0
0
0
0
0
0
0
0
0
0
0
0
0
0
0
0
0
0
0
0
0
0
0
0
0
0
0
0
0
0
0
0
0
0
0
0
0
0
0
0
0
0
0
0
0
0
0
0
0
0
0
0
0
0
0
0
0
0
0
0
0
0
0
0
0
0
0
0
0
0
0
0
0
0
0
0
0
0
0
0
0
0
0
0
0
0
0
0
0
0
0
0
0
0
0
0
0
0
0
0
0
0
0
0
0
0
0
0
0
0
0
0
0
0
0
0
0
0
-234.663007569744
786.204524619303
0
0
0
0
0
0
0
0
0
0
0
0
0
0
0
0
0
0
0
0
0
0
0
0
0
0
-146.854010766418
0
0
0.148539484259118
-1000
1000
0
-1000
0
0
1000
0
0
0
0
1000
0.0195673682231424
0
0
0
0
0
0
0
0
0
0
0
0
0
0
0
0
0
0
0
0
0
0
0
0
0
0
0
0
0
0
0
0
0
0
0
0
0
0
0
0
0
0
0
0
0
0
0
0
0
0
0
0
0
0
0
0
0
0
0
0
0
0
0
0
0
0
0
0
0
0
0
0
0
0
0
0
0
0
0
0
0
0
0
0
0
0
0
0
0
0
0
0
0
0
0
0
0
0
0
0
0
0
0
0
0
0
0
0
0
0
0
0
0
0
0
0
0
0
0
0
0
0
0
0
0
0
0
0
0
0
0
0
0
0
0
0
0
0
0
0
0
0
0
0
0
0
0
0
0
0
0
0
0
0
0
0
0
0
0
0
0
0
0
0
0
0
0
0
0
0
0
0
0
0
0
0
0
0
0
0
0
0
0
0
0
0
0
0
0
0
0
0
0
0
0
0
0
0
0
0
0
0
0
0
0
0
0
0
0
0
0
0
0
0
0
0
0
0
0
0
0
0
0
0
0
0
0
0
0
0
0
0
0
0
0
0
0
0
0
0
0
0
0
0
0
0
0
0
0
0
0
0
0
0
0
0
0
0
0
0
0
0
0
0
0
0
0
0
0
0
0
0
0
0
0
0
0
0
0
0
0
0
0
0
0
0
0
0
0
499.516758476623
0
0
0
0
0
0
0
0
0
0
0
-1000
0
0
0
0
0.00326122803721773
324.387618418244
-1000
0
0
0
0
0
0
0
0
0
0
0
0
0
0
0
0
0
0
0
0
0
0
0
0
0
0
0
0
0
0
0
0
0
0
0
0
0
0
0
0
0
0
0
0
0
0
0
0
0
0
0
0
0
0
0
0
0
0
0
0
0
0
0
0
0
0
0
0
0
0
0
0
0
0
0
0
0
0
0
0
0
0
0
0
0
0
0
0
0
0
0
0
0
0
0
0
0
0
0
0
0
0
0
0
0
0
0
0
0
0
0
0
0
0
0
0
0
0
0
0
0
0
0
0
0
0
0
0
0
0
0
0
0
0
0
0
0
0
0
0
0
0
0
0
0
0
0
0
0
0
0
0
0
0
0
0
0
0
675.838012873228
0.00326122803710405
0
0
0
0
0
0
0
1000
0.00326122803721773
0
0
-1000
1000
0
0
0
0
0
0
1.0681356822214
0
0
0
0
0
0
0
0
0
0
0
1000
-1000
0
0
1000
0
0
0
0
0
0
0
0
0
0
0
0
0
0
0
0
0
0
0
0
0
0
0
0
0
0
0
0
0
0
0
0
0
0
0
0
0
0
0
0
0
0
0
0
0
0
0
0
0
0
0
0
0
0
0
0
0
0
0
0
0
0
0
0
0
0
0
0
0
0
0
0
0
0
0
0
0
0
0
0
0
0
0
0
0
0
0
0
0
0
0
0
0
0
0
0
0
0
0
0
0
0
0
0
0
0
0
0
0
0
0
0
0
0
0
0
0
0
0
0
0
0
0
0
0
0
0
0
0
0
0
0
0
0
0
0
0
0
0
0
0
0
0
0
0
0
0
0
0
0
0
0
0
0
500
78.7736240867246
-3.30069047191284
0
0
-0.881691117787909
0
0
420.454218562893
17.4247256479835
38.0870472459314
0.0945283489040695
78.7736240867246
0
0
0
0
0
0
0
0
0
0
0
0
0
0
0
0
0
0
0
0
1000
-1000
0
-1000
1000
0
1000
-1000
0
0
0
-0.00652245607443547
500
0
-250
0
0
0
0
0
0
0.0032612280371904
0
0
0
0
0
0
0
0
0
0
0
0
0
0
0
0
603.069750846328
0
0
0
0
465.46820217649
-0.632082225371278
-0.0277257999640597
0
-9.67776509662417
-18.9725643423884
-1000
-30.3411107516852
-9.47500572690615
308.339788761716
-24.1206176105161
-4.15853838916223
-28.3794623939091
-1000
-1000
0
0
0
0
-1000
-34.8362291431641
-15.8127376528035
-411.70047508247
-12.0236948247825
51.9508899906987
-21.584386561289
1000
978.283155589809
-1000
-8.70625550491627
-1000
-1000
-1000
0
1000
0
0
1000
-1000
0
0
0
0.331069787311662
0
0
1000
0.00326122803721773
0
0
0
0
0
0
0
0
0
-0.00326122803721773
-0.00326122803721773
0
0
0
0
0
0
0
0
0
0
0
0
387.759646452888
0
0
0
0
-1.5272905945618
0
1000
0
0
1000
1000
247.107759631009
-0.00326122803721773
-0.00326122803721773
-0.898854315003973
-1000
0
0
-0.00326122803721773
0
-0.00326122803721773
0
0
0
-0.00326122803721773
0
0
1000
-0.00326122803721773
0
0
0
0
0
1000
0
0
0
0
0
675.986552357487
0
0
0
0
0
1000
0
0
0
0
0
0
0
247.253037887231
0
0
0
-676.633114447948
0
1000
0
0
-0.00326122803721773
-1000
0
0
0
-61.252475584178
0
0
0
0
0
0
0
0
0
-0.0228285962607515
-3.28256781195546
0
-1000
-1000
0
0
0
0
0
0
0
0
2.2194437076987
0
0
0
0
0
0
193.298115774536
0
236.696965112982
-473.393930225964
0
-193.298115774536
763.303034887018
1000
0
0
578.512264483425
0
-287.33031210018
287.33031210018
0
465.456820963282
0
-60.5532785335753
0
0
0
-1000
-412.754937170505
0
0
0
0
-0.0455910226763763
0
0
0
0
0
-1000
1000
0
0
0
0
0
0
1000
-1000
-1000
-4.98222691206274
0
0
-465.456820963282
0
0
0
0
0
0
287.33031210018
1000
0
-0.00135973862347782
-0.00132027618872144
-0.357464778108124
-502.396479156607
-0.0194740737842949
-0.0950204231563703
-0.0125426237932516
-0.0709648451461362
-0.0379579404269634
0
0
0
394.983323468392
0
-0.00132027618872144
0
-0.00132027618872144
-0.00132027618872144
0
-0.0095720023685999
0
-0.00132027618872144
0
0
0
-13.484771461882
0
0
-0.00132027618872144
-0.00906348837600035
0
-0.00132027618872144
-0.00132027618872144
-0.00132027618872144
-0.00132027618872144
-0.0382880094741722
0
0
0
0
0
-1000
1000
0
0
-1000
1000
-0.00326122803721773
0
1000
-1000
1000
0
0
-1000
0
0
-1000
0
0
0
0
0
0
0
0
0
0
0
0
0
0
-1000
1000
-38.691867192988
38.691867192988
1000
-1000
1000
-1000
-1000
0
-1000
-1000
-0.00132027618872144
-0.00132027618872144
0
0
0
0
0
999.851460515741
-1000
1000
0.0195673682231927
0
0
0
0
0
1000
0
0
0
0
0
0
0
0
0
0
0
0
0
0
0
0
0
0
0
0
0
0
0
0
0
0
0
0
0
0
0
0
0
0
0
0
0
0
0
0
0
0
0
0
0
0
0
0
0
0
0
0
0
0
0
0
0
0
0
0
0
0
0
0
0
0
0
0
0
0
0
0
-0.00132027618872144
0
0
0
0
0
0
0
0
0
0
0
0
0
0
0
0
0
0
0
0
0
0
0
0
0
0
0
0
0
0
0
0
0
0
0
0
0
0
0
0
0
0
0
0
0
0
0
0
0
0
0
0
0
0
0
0
0
0
0
0
0
0
0
0
0
0
0
0
0
0
0
0
0
0
0
0
0
0
0
0
0
0
0
0
0
0
0
0
0
0
0
0
0
0
0
0
0
0
0
0
0
0
0
0
0
0
0
0
0
0
0
0
0
0
0
0
0
0
0
0
0
0
0
0
0
0
0
0
0
0
0
0
0
0
0
0
0
0
0
0
0
0
0
0
0
0
0
0
0
0
0
0
0
0
0
0
0
0
0
0
0
0
0
0
0
0
0
0
0
0
0
0
0
0
0
0
0
0
0
0
0
0
0
0
0
0
0
0
0
0
0
0
0
0
0
0
0
0
0
0
0
0
0
0
0
0
0
0
0
0
0
0
0
0
0
0
0
0
0
0
0
0
0
0
0
0
0
0
0
0
0
0
0
0
0
0
0
0
0
0
0
0
0
0
0
0
0
0
0
0
0
0
0
0
0
0
0
-675.838012873228
0
1000
0
0
0
-324.387618418244
0
0
0
0
0
0
0
0
0
0
0
0
0
0
0
0
0
0
0
0
0
0
0
0
0
-1000
0
-0.00326122803710405
-0.00326122803721773
-1.0681356822214
0
0
0
0
0
0
0
0
1000
0
0
0
0
0
0
-1000
0
0
0
0
0
0
0
0
0
0
0
0
0
0
0
0
0
0
0
0
0
0
0
0
0
0
0
0
0
0
0
0
0
0
0
0
0
0
0
0
0
0
0
0
0
0
0
0
0
0
0
0
0
0
0
0
0
0
0
0
0
0
0
-0.00132027618872144
-0.00132027618872144
-0.00132027618872144
-0.00132027618872144
0
-0.00132027618872144
0
0
-0.00132027618872144
-0.00132027618872144
-0.00132027618872144
-0.00132027618872144
0
-0.00132027618872144
-0.00132027618872144
-0.00132027618872144
-0.00132027618872144
-0.00132027618872144
-0.00132027618872144
-0.00132027618872144
0
-0.00132027618872144
-0.00132027618872144
-0.00132027618872144
0
-1000
78.7736240867246
0
0
0
0
0
0
0
0
0
0
0
