0
0
0
0
0
0
0
1000
-1000
660.667891879525
339.332108120475
55.0903421865931
0
0
797.125850626904
0
999.824624850512
-999.824624850512
999.959749965691
0
0.0402500343086045
0
-1000
-54.837341970939
0
1000
45.9832346823448
0
-445.84503894833
0.00859111383794826
0
0
0
0
0
0.0221663580876962
0
0
0
24.1535883234675
0
0
0
0
0
465.456820963282
0
465.456820963282
0
465.456820963282
0
465.456820963282
0
465.456820963282
0
465.456820963282
0
0
465.456820963282
0
0
0
0
0
0
0
0
445.84503894833
0
0
0
0
-990.846599902001
-990.846599902001
0
0
0
0
445.84503894833
0
-1000
0
0
0
0
0
0
0
0
0
0
0
0
0
0
0
0
0
0
0
0
0
0
0.00246173943030909
0
0
0
0
0
0
0
0
0
0
6.29574116677236
0
0
0
0
0
0
0
0
0
0
0
0
0
0
179.107139905869
0
0
1000
0
0
0
0
0
0
1000
0
0
0
-10.076705797112
0
0
0
0
-7.83693641855962
0
0
0.00614364536085835
1000
0
0
-201.595153267358
-302.386979896136
1000
-100.797576633679
0
0
0
-1000
-100.797576633679
-100.797576633679
1000
-1000
0
0
1000
0
0
0.00614364536090761
0
0
1000
541.747895683903
0
0
0
0
0
-2.70781526053668
0
0
0
0
0
0
0
746.973537395728
-1000
0
0
0
0
226.897969031791
0
0
0
0
0
208.994515390381
0
0
0
-2.71069026298721
0
-999.997124997549
753.133345526979
0
0
0
1000
258.197746742974
0
0
0
0
1000
450.741442151983
0
0
-1000
0
0.479168066140966
0
0.317528709126825
0
0
0.323278714028055
0.476293063690238
0
-1000
0
0
0
-1000
0
0
0
0
0
0
0
0
0
0
0
0
-1000
0
-1000
-6.29574116677236
-1000
-9.15340009799888
1000
962.598358030659
0
-1000
-1000
-0.66554493131423
1000
-1.81230283744117
0
-0.476293063690264
1000
1000
-1000
1.59626855298597
0
0
1000
0
0.123625105376428
0
-0.123625105376391
0
0.00122730197684975
0
0
0
0
0
0
0
0
0
0
494.484230497503
0
0
0
0
0
0
1000
0
1000
0
0
0
1000
0
-0.123625105376391
0
-0.476293063690264
0
0
0.476293063690264
1.81230283744113
0
0
0
0
0
0
-1000
0
0
0
-1000
0.476293063690264
0
-1000
-0.66554493131423
0
0.00246173943035066
0
0
0
0
0
0
0
0
0
0
0
0
0
0
0
1.58764354563413
0
6.68356309098411
0
0
0
0
0
0
0
0
465.452905894506
-1000
1000
-1000
-1000
1000
1000
534.659219201068
0
-1000
1000
-992.060563740333
1000
-37.0841132602144
-1000
0
-1000
0
0
0
0
-1000
0
0
-1000
-1000
-1000
1000
0
7.6219075505403
1000
1000
0
0
0
0
0
0
0.665544931314232
-1000
1000
1000
1000
1000
-1000
-1000
0
-1000
-1000
1000
1000
0
-1000
0
0.00575000490118782
-1000
1000
0
938.356684775802
-1000
50.1558174799741
-1000
1000
1000
0
0
0
-1000
1000
0
0
0
-753.128422048119
0
0
0
-124.408027096984
1000
0
0
0
-20.2568331922034
0
0
0
0
0
0
0
0
179.107139905869
5.1428651840759
0
0
0
5.1428651840759
0
0
0
0.00246173943030909
0
0
1000
0
-1000
0
1000
0
0
0
0
1000
0
0
0
0
0
0
0
0
0
0
0
0
0
0
0
0
0
0
0
0
0
0
0
0
0
0
0
0
0
0
0
0
0
0
0
0
0.00246173943025951
-1000
0.0718750612653594
0.0718750612653594
0
-58.7030087281802
0
0
0
0
0
0
0
0
0
0
0
0
0
0
0
0
0
0
0
0
0
0
0
0
0
0
0
0
0
0
0
0
0
0
0
0
0
0
0
0
0
0
0
0
0
0
0
0
0
0
0.112125095573964
0
0
0
-1000
0
979.554413756998
0
979.554413756998
0
0
1000
0
0
0
0
0
0
0
0
0
0
0
0
0
0
0
0
0
0
0
0
0
0
0
0
0
0
0
0
-728.564650253819
0
0
0.112125095573964
0
0
0
0
0
0
0
0
0
1000
0
0
0
0
0
0
0
0
0
0
0
0
0
0
0
0
0
0
0
0
0
0
0
0
0
0
0
0
0
0
0
0
0
0
0
0
0
0
0
0
0
0
0
0
0.00738521829092728
0.00738521829092728
0
0.00738521829092728
0
0
0
0
0
0
0
0
0
0
0
0
0
0
0
0
0
0
0
0
0
0
1000
0
0.00287500245061461
0
0
0
0
0.520375443561244
0.520375443561244
0
0
0
0
0
0
0
0
0
0
0
0
0
0
0
0
0
0
0
0
0
0
0
0
0
0
0
-0.00246173943025951
0
0
0
1000
0
0
-1000
0
0
0
0
1.4950012743196
0
0
1.4950012743196
0
0
0
0
0
0
0
0
0
0
1.4950012743196
0
1.4950012743196
0
0
0
8.91837949953192
25.4221422744664
16.2498587322432
11.9017520011547
17.6463309670454
5.8080549765635
13.5838662839846
24.850858178411
22.8831018475534
7.23626521670206
14.0281983586943
28.9133228614718
22.8196258368806
7.04583718468359
11.6795859637998
16.1863827215704
20.9788215273687
16.9798328549807
3.11032452296843
21.1692495593872
0
0
0
0
0
0
0
0
0
0
0
0
0
0
0
0
0
0
0
0
0
0
0
0
0
0
0
0
0
0
0
0
0
0
0
0
0
0
0
0
0
0
0
0
0
0
0
0
0
0
0
0
0
0
0
0
0
0
0
0
0
0
0
0
0
0
0
0
0
0
0
0
0
0
0
0
0
0
0
0
0
0
0
0
0
0
249.666491539664
0
0
0
0
0
0
-1000
0
0
0
0
0
1000
1000
-1000
-1000
0
0
0
0
0
890.207689067484
0
-20.2568331922034
-896.606930322479
-890.311189155706
-1000
0
-82.8228612182011
0
-82.9033612868183
1000
1000
890.213439072385
1000
0
0
109.792310932516
0
-1000
-1000
-1000
0
667.177138781799
0
0
0
82.8228612182011
0
0
0
0
0
0
0
0
0
0
0
-1000
458.920110986841
1000
1000
0
500
250.001020670467
2.50861252026778
5
0
0
0
0
0
0
41.3249115334663
0
0
0
0.175499890698916
0
5.83537136573943
-0.175499890698916
-0.175499890698916
0.175499890698916
0
520.131031886943
467.8311824587
0.175499890698916
0
0
0
0.000612759053865375
-0.175499890698916
0
0
-1000
-0.175499890698916
-0.175499890698916
0
0
0
0
0
0
0
0
0
0
0
0
0
0
0
0
0
-0.000612759053865375
0
0
0
0
0
-0.00246173943025951
0
0
0
0
0
0
0
0
0.00246173943025951
0
0
0
0
0
0
0
0
0
0
0
0
0
0
0
0
0
0
0
0
0
0
0
0
0
0
0
0
0
0
0
0
0
0
0
0
0
0
0
0
0
0
0.000612759053865375
0
0
0
0
0
0
0
0
0
0
0
0
0
0
0
0
0
0
0
0
0
0
0
0
0
0
0
0
0
0
0
0
0
0
0
0
0
0
0
0
0
0
0
0
0
0
0
0
0
0
0
0
0
0
0
0
0
0
0
0
0
0
0
0
0
0
0
0
0
0
0
0
0
0
0
0
0
0
0
0
0
0
0
0
0
0
0
0
0
0
0
0
0
0
0
0
0
0
0
0
0
0
0
0
0
0
0
0
0
0
0
0
0
0
0
0
0
0
0
0
0
0
0
0
0
0
0
0
0
0
0
0
0
0
0
0
0
0
0
0
0
0.175499890698931
0.175499890698931
0.175499890698931
0
0
0
0
0
0
0
0
0
0
0
0
0
0
0
0
0
0
0
0
0
0
0
0
0
0
0
0
0
0
0
0
0
0
0
0
0
0
0
0
0
0
0
0
0
0
0
0
0
0
0
0
0
0
0
0
0
0
0
0
0
0
0
0
0
0
0
0
0
0
0
0
0
0
0
0
0
0
0
0
0
0
0
0
0
0
0
0
0
0
0
0
0
0
0
0
0
0
0
0
0
0
0
0
0
0
0
0
0
0
0
0
0
0
0
0
0
0
0
0
0
0
0
0
0
0
0
0
0
0
0
0
0
0
0
0
0
0
0
0
0
0
0
0
0
0
0
0
0
0
0
0
0
0
0
0
0
0
0
0
0
0
0
0
0
0
0
0
0
0
0
0
0
0
0
0
0
0
0
0
0
0
0
0
0
0
0
0
0
0
0
0
0
0
0
0
0
0
0
0
0
0
0
0
0
0
0
0
0
0
0
1000
0
0
0
0
0
0
0
0
0
0
0
0
0
0
0
0
0
0
0
0
0
0
0
0
0
0
0
0
0
0
0
0
0
0
0
0
0
0
0
0
0
0
0
0
0
0
0
0
0
0
0
0
0
0
0
0
0
0
0
0
0
0
0
0
0
0
0
0
0
0
0
0
0
0
0
0
0
0
0
0
0
0
0
0
0
0
0
0
0
0
0
0
0
0
0
0
0
0
0
0
0
0
0
0
0
0
0
0
0
0
0
0
0
0
0
0
0
0
0
1000
1000
0
0
0
0
0
0
0
0
0
0
0
0
0
0
0
0
0
0
0
0
0
0
0
0
0
-1000
0
-1000
0
0
0
0
0
0
0
0
0
0
0
1000
1000
0
0
0
0
0
0
0
0
0
0
0
0
0
0
0
0
0
0
0
0
0
0
0
0
0
0
0
0
0
0
0
0
0
0
0
0
0
0
0
0
0
0
0
0
0
0
0
0
0
0
0
0
0
0
0
0
0
0
0
0
0
0
0
0
0
0
0
0
0
0
0
0
0
0
0
0
0
0
0
0
0
0
0
-748.668910137372
31.7308686705569
0
0
0.175499890698916
0
1000
0
0
0
0
951.9622176473
-0.175499890698916
458.222563442933
0
0
0
0.000612759053865375
0
0
-1000
1000
0
0
0
0
0
0
0
0
0
0
0
0
0
-1000
0.000612759053865375
0
0
0
0.00246173943025951
0
0
0
0
0
0
0
-0.00246173943025951
0
0
0
0
0
41.3249115334663
237.464290539503
-748.668910137372
-41.3249115334663
-41.3249115334663
0
718.286363505455
1000
-0.0147704365818981
0
0
0.175499890698916
-0.175499890698916
0
0
6.36187103783629
-6.36187103783629
1000
0
0
0
0
0
1000
0
-48.0377823527003
-951.9622176473
-1000
0
-541.777436557067
-458.222563442933
-1000
0
0
0
0
0
-1000
0
0
0
0
0
-1000
1000
-1000
0
0
0
-1000
0
0
0
-1000
0
0
0
0
0
0
0
0
0
0
0
0
0
0
0
0
0
0
0
-1000
1000
-1000
0
-1000
0
-1000
0
-1000
0
0
0
0
0
0
0
0
0
-1000
0
1000
0
-1000
0
-1000
0
-1000
0
-1000
0
0
0
0
0
0
0
0
0
0
-1000
0
0
0
0
0
0
0
0
0
0
0
0
0
0
0
0
0
0
0
0
0
0
0
0
0
0
0
0
0
0
0
0
0
0
0.000612759053865375
-0.000612759053865375
0
0
0
0
0
0
0
0
0
0
0
0
0
0
0
0
0
0
0
0
0
0
0
0
0
0
0
0
0
0
0
0
0
0
0
0
0.000612759053865375
-0.000612759053865375
0
0
0
0
0
0
-0.00246173943025951
-0.00246173943025951
0
0
0
0
0
0
0
0
0
0
0
0
0
0
0
0
0.00246173943025951
0.00246173943025951
0
0
0
0
0
0
0
0
0
0
0
0
0
0
0
0
0
0
0
0
0
0
0
0
0
0
0
0
0
0
0
0
0
0
0
0
0
0
0
0
0
0
0
0
0
0.00246173943030909
0
0
0
0
0
0
0
0
7.52240496422329
0
0
0
0
0
0
0
0
0
0
0
0
0
0
0
0
0
0
0
0
0
0
0
0
0
0
0
0
0
0
0
0
0
0
0
0
0
0
0
0
0
0
0
0
0
0
0
0
0
0
0
0
0
0
0
0
0
0
0
0
0
0
0
0
0
47.8622824620014
47.8622824620014
47.8622824620014
0
0
0
0
0
0
0
0
0
0
0
0
0
0
0
0
0
0
0
0
0
0
0
0
0
0
0
0
0
0
0
0
0
0
0
0
0
0
0
0
0
0
0
0
0
0
0
0
0
0
0
0
0
0
0
0
0
0
0
0
0
0
0
0
0
0
0
0
0
0
0
0
0
0
0
0
0
0
0
0
0
0
0
0
0
0
0
0
0
0
0
0
0
0
0
0
0
0
0
0
0
0
0
0
0
0
0
0
0
0
0
0
0
0
0
0
0
0
0
0
0
0
0
0
0
0
0
0
0
0
0
0
0
0
0
0
0
0
0
0
0
0
0
0
0
0
0
0
0
0
0
0
0
0
0
0
0
0
0
0
0
0
0
0
0
0
0
0
0
0
0
0
0
0
0
0.00246173943030909
0.00246173943030909
0.00246173943030909
0.00246173943030909
0.00246173943030909
0
0
0
0
0
0
0
0
0
0
0
0
0
0
0
0
0
0
0
0
0
0
0
0
0
0
0
0
0
0
0
0
0
0
0
0
0
0
0
0
0
0
0
0
0
0
0
0
0
10.076705797112
10.076705797112
-10.076705797112
3.35315787369995
-1.67534806713479
1.67534806713482
1.67534806713482
1.67534806713482
1.67534806713482
1.67534806713482
1.67534806713482
1.67534806713482
1.67534806713482
1.67534806713482
1.67534806713482
1.67534806713482
0
1.67534806713479
1.67534806713482
1.67534806713482
1.67534806713482
1.67534806713482
1.67534806713482
1.67534806713482
0
0
0
1.67534806713482
1.67534806713482
0
1.67043885922742
0
0
0
0
0
0
0
0
0
0
0
0
0
0
0
0
10.076705797112
10.076705797112
3.35315787369995
3.35315787369995
0
0
0
0
0
0
0
0
0
0
0
0
0
0
0
0
0
0
0
0
0
0
0
0
0
0
0
0
0
0
0
0
0
0
0
0
0
0
0
0
0
0
0
0
0
0
0
0
0
0
0
0
0
0
0
0
0
0
0
0
0
0
0
0
0
0
0
0
0
0
0
0
0
0
0
0
0
0
0
0
0
0
0
0
0
0
0
0
0
0
0
0
0
0
0
0
0
0
0
0
0
0
0
0
0
0
0
0
0
0
0
0
0
0
0
0
0
0
0
0
0
0
0
0
0
0
0
0
0
0
0
0
0
0
0
0
0
0
0
0
0
0
0
0
0
0
0
0
0
0
0
0
0
0
0
0
0
0
0
0
0
0
0
0
0
0
0
0
0
0
0
0
0
0
0
0
0
0
0
0
0
0
0
0
0
0
0
0
0
0
0
0
0.806282693469613
422.22256674459
422.22256674459
0
16.5443636368431
16.5443636368431
0
-438.766930381433
0
16.5443636368431
0
421.416284051121
0
0
0
0
16.5443636368431
0
16.5443636368431
16.5443636368431
0
0
0
0
0
0
0
0
0
0
0
0
0
0
0
0
0
0
0
0
0
0
0
0
0
0
0
0
0
0
0
0
0
0
0
0
0
0
438.766930381433
0
0
0
0
0
0
0
0
0
0
0
0
0
0
0
0
0
0
0
0
0
0
0
0
0
0
0
0
0
0
0
0
0
0
0
0
0
0
0
0
0
0
0
0
0
0
0
0
0
0
0
0
0
0
0
0
0
0
0
0
0
0
0
0
0
0
0
0
0
0
0
0
0
0
0
0
0
0
0
0.00246173943030909
0
0
0
0
0
0
0
1.06145209401301
0
0
0
0.665544931314232
0.665544931314232
0.665544931314232
0
0
0
6.61467482130291
0
0
0.910191882350689
0
0
6.61467482130291
0.00246173943030909
0
0
0
0
-0.910191882350659
0.910191882350689
0
0
0
0
0
0
7.42095751477253
0
0
0
0.166002106337742
0
0.151260211662325
0
7.42095751477253
7.42095751477253
0
0
0
0
0
0
0
0
0
0
0
0
0
0
-7.52240496422326
0
0
0
0
0
0
0
0
0
0
0
0
0
0
0
0
0
0
0
0
0
0
0
0
0
0
0
0
0
0
0
0
0
0
0
0
0
0
0
0
0
0
0
0
0
0
0
0
0
0
0
0
0
0
0
0
0
0
0
0
0
0
0
0
0
0
0
0
0
0
0
0
0
0
0
0
0
0
0
0
0
0
0
0
0
0
0
0
0
0
0
0
0
0
0
0
0
0
0
0
0
0
0
0
0
0
0
0
0
0
0
0
0
0
0
0
0
0
0
0
0
0
0
0
0
0
0
0
0
0
0
0
0
0
0
0
0
0
0
0
0
0
0
0
0
0
0
0
0
0
0
0
0
0
0
0
0
0
0
0
0
0
0
0
0
0
0
0
0
0
0
0
0
0
0
0
0
0
0
0
0
0
0
0
0
0
0
0
0
0
0
0
0
0
0
0
0
0
0
0
0
0
0
0
0
0
0
0
0
0
0
0
0
0
0
0
0
0
0
0
0
0
0
0
0
0
0
0
0
0
0
0
0
0
0
0
0
0
0
0
0
0
0
0
0
0
0
0
0
0
0
0
0
0
0
0
0
0
0
0
0
0
0
0
0
0
0
0
0
0
0
0
0
0
0
0
0
0
0
0
0
0
0
0
0
0
0
0
0
0
0
0
0
0
0
0
0
0
0
0
0
0
0
0
0
0
0
0
0
0
0
0
0
0
0
0
0
0
0
0
0
0
0
0
0
0
0
0
0
0
0
0
0
0
0
0
0
0
0
0
0
0
0
0
0
0
0
0
0
0
0
0
0
0
0
0
0
0
0
0
0
0
0
0
0
0
0
0
0
0
0
0
0
0
0
0
0
0
0
0
0
0
0
0
0
0
0
0
0
0
0
0
0
0
0
0
0
0
0
0
0
0
0
0
0
0
0
0
0
0
0
0
0
0
0
0
0
0
0
0
0
0
0
0
0
0
0
0
0
0
0
0
0
0
0
0
0
1000
0
0
0
0
0
0
0
0
0
0
0
0
0
0
0
0
0
0
0
0
0
0
0
0
0
0
0
0
0
0
0
0
0
0
0
0
0
0
0
0
0
0
0
0
0
0
0
0
0
0
0
0
0
0
0
0
0
0
0
0
0
0
0
0
0
0
0
0
0
0
0
0
0
0
0
0
0
0
0
0
0.112125095573964
0.112125095573964
0
0
0
0
0.112125095574015
0
0.112125095573964
-249.666491539664
0
0
0
0
0.0172500147036826
0
0
0
0
0
0
0
249.666491539664
0
0
0
0
0
0.678500578344938
0
0
0
0
0
0
0.678500578344938
0.678500578344938
0.678500578344938
0.678500578344938
0
0
0
0
0
0
0
0
0
0
0
0
0
0
0
0
0
0
0
0
0
0
0
0
0
0
0
0
0
0
0
0
0
0
0
0
0
554.034244842258
554.034244842258
0
0
0
0
0
0
0
0
0
0
0
0
0
0
0
0
0
0
0
0
0
0
0
0
0
0
0
0
0
0
0
0
0
0
0
0
0
0
0
0
0
0
0
0
0
0
0
0
1000
-1000
941.292067792959
0
0
0
1000
-1000
-1000
0
0
0
0
-1000
940.815774729269
0
0
0
0
0
0
0
0
0
0
0
0
0
0
0
0
0
0
0
0
0
0
0
0
0
0
0
0
0
0
0
0
0
0
0
0
0
0
0
0
1000
0
0
0
0
0
0
0
0
0
0
0
0
0
0
0
0
0
-999.99753826057
999.99753826057
1000
999.99753826057
1000
-1000
-1000
0
0
0
0
0
0
0.00246173943025951
0
0
0
0
0
0
0
0
0
0
0
0
0
0
0
0
0
0
0
0
0
0.0098255512914076
0
0.00246173943030909
0.0147418946754162
1000
0.00122730197684975
0.00122730197684975
0.00246173943025951
0
0.00859824931455785
0.00122730197684975
0.0184309360825762
-0.0012273019768827
0.00122730197684975
0.00122730197684975
0.00122730197684975
0.00122730197684975
0.00122730197684975
-0.0012273019768827
-0.00245460395365171
0.00122730197684975
0.00122730197684975
0.0012273019768827
0.00122730197684975
-0.00368904140714221
-0.00368904140714221
0.00246173943025951
0.00246173943025951
0.00122730197684975
0.00122730197684975
0.00246173943030909
0.00246173943030909
-0.00246173943025951
-0.00246173943025951
0.00246173943025951
0.00246173943025951
0.00122730197684975
0.00122730197684975
0.00122730197684975
0.00122730197684975
0.0307324977575263
-0.00368904140714221
-999.982796365894
0
0
0
0
0
0
-1000
0
0
0
0.00246173943030909
0
0
0
0
0.00123086971515455
0.00246173943025951
0.00246173943025951
0
0
0.00246173943030909
0.00246173943030909
0
0
0
0
0
0
0.00490920790739901
0.00122730197684975
0.00368190593054925
0.00122730197684975
-0.0012273019768827
0.00122730197684975
0.00122730197684975
0.00122730197684975
0.00122730197684975
0.00122730197684975
0.00122730197684975
0.0024546039536995
0.00122730197684975
0.00122730197684975
0.00122730197684975
0.00122730197684975
0.00122730197684975
0
0.00122730197684975
0.00246173943030909
0
0.00246173943030909
0
0.00246173943030909
0.00246173943030909
0.00246173943030909
0.00246173943030909
0.00246173943030909
0.00246173943030909
0
0.00246173943030909
0
0.00246173943030909
0.00246173943030909
0.00246173943030909
0.00246173943030909
0.00246173943030909
0
0
0
0
0
0
0
0
0
0
0
0
0
0
0
0
-0.00246173943025951
0
0
0
0
0
0
0
0
0
0
0
0
0
0
0
0
0
0
0
0
0
0
0
0
0
0
0
0
0
0
0
0
0
0
0
0
0
0
0
0
0
0
0
0
0
0
0
0
0
0
0
0
0
0
0
0
0
0
0
0
0
0
0
0.123625105376428
500
0
0
0
0
0
0.00246173943030909
0
0
0
0
0
0
0
0
0
0
0
0
0
0
0
0
0
0
0
0
0
0
0
-382.253309050061
0
0
0
-41.3249115334663
0
0
0
0
0
0.175499890698931
0
0
0
0
0
0
0
0
0
0.175499890698931
0
0
422.728592549036
0
0
0
0
0.175499890698931
0
0.175499890698931
0
0.175499890698931
0
65.7240963076958
0
0
0
10.9687431686832
0
67.7868327824621
0
0.175499890698931
0
0.350999781397862
0
0
0
0.175499890698931
0
0.175499890698931
0
0.175499890698931
0
0.175499890698931
0
0.175499890698931
0
0.175499890698931
0
0.175499890698931
0
0.175499890698931
0
0.175499890698931
0
0.175499890698931
0
0.175499890698931
0
0.175499890698931
0
0.175499890698931
0
0.175499890698931
0
0.175499890698931
0
0.175499890698931
0
3.68549770467755
0
1.09748707592217
0
5.04562185759427
0
5.089496830269
0
2.58862338780923
0
0.175499890698931
0
0.175499890698931
0
12.199704143006
0
0.175499890698931
0
0.175499890698931
0
0.175499890698931
0
0.175499890698931
0
84.0205726721133
0
1.27237420756725
0
9.43311912506755
0
47.5165954067356
0
0.61178787801595
0
0.175499890698931
0
0.175499890698931
0
1.66724896163985
0
0.175499890698931
0
0.175499890698931
0
0.175499890698931
0
0
663.703147235278
0
421.416284051121
1000
0
0
0
0
-687.985061421241
-1000
1000
0
0.678500578344938
-1000
993.845115347609
450.741442151983
0
553.124052959907
505.515769502498
-1000
-1000
0
0
1000
0
0
0
0
0
490.72339430319
1000
-7.42095751477257
0
0
0
-1000
-2.71069026298721
-0.00246173943025951
0
0
-2.4778477687554
0
0
0
0
0
465.46541207712
1000
1000
-1000
1000
-697.608096625004
0
1000
803.453179164364
0
-1000
0
0
1000
1000
-1000
1000
0
1000
0
0
-1000
842.247064053955
1000
1000
0
0
0
0
0
-1000
0
0
0
0
0
0
0
0
0
0
0
1000
0
0
0
0
0
285.770263322379
1000
0
0
0
1000
0
0
0
0
0
0
0
0
-707.497015219304
-1000
-1000
209.778373234519
-1000
-1000
-1000
-1000
1000
-1000
-1000
-1000
1000
-1000
1000
-492.93877767143
-1000
-1000
-1000
1000
1000
-1000
-1000
1000
-1000
1000
1000
1000
1000
-1000
-1000
-1000
-1000
43.5280217200916
-1000
-1000
-1000
-1000
-383.701218641614
1000
1000
1000
174.299401033037
-1000
-1000
-1000
-1000
1000
-1000
-1000
-1000
-1000
-788.990270798184
1000
-1000
-1000
-1000
-1000
-1000
28.3267599261262
-1000
-1000
-1000
1000
-1000
-718.292144600048
-1000
-7.0213060107227
-1000
-1000
1000
-1000
1000
1000
1000
-1000
-1000
-1000
-1000
-1000
-1000
-1000
-211.009729201816
1000
-1000
956.471978279908
1000
1000
-1000
-1000
1000
1000
-1000
-1000
1000
1000
1000
1000
-1000
-1000
-1000
-1000
-1000
985.678551391343
-11.9362520305621
-1000
-1000
-1000
1000
1000
1000
1000
1000
824.151730248136
1000
1000
-1000
-1000
1000
-23.5982490445193
-1000
-1000
-756.951929211897
1000
7.30526527551683
-1000
-1000
-1000
0
0
0
0
0
0
0
0
0
0
0
0
0
0
0
0
0
0
0
0
0
0
0
0
0
0
0
0
0
0
0
0
0
0
0
0
0
0
0
0
0
0
0
0
0
0
0
0
0
0
0
0
0
0
0
0
0
0
0
0
0
0
0
0
0
0
0
0
0
0
0
0
0
0
0
0
0
0
0
0
0
0
0
0
0
0
0
0
0
0
0
0
0
0
0
0
0
0
0
0
0
0
0
0
0
0
0
0
0
0
0
0
0
0
0
0
0
0
0
0
0
0
0
0
0
0
0
0
0
0
0
0
0
0
0
0
0
0
0
0
0
0
0
0
0
0
0
0
0
0
0
0
0
0
0
0
0
0
0
0
0
0
0
0
0
0
0
0
0
0
0
0
0
0
0
0
0
0
0
0
0
0
824.019808956623
0
0
0
0
0
0
0
0
0
0
0
0
0
0
0
0
0
0
0
0
0
0
0
0
0
1000
0
0
0
0
0
0
0
0
0
0
0
0
0
0
0
0
0
0
0
0
0
0
0
0
0
0
0
0
0
0
0
0
0
0
0
0
0
0
0
0
0
0
0
0
0
0
0
0
0
0
0
0
0
0
0
0
0
0
0
0
0
0
0
0
0
0
0
0
0
0
0
0
0
0
0
0
0
0
0
0
0
0
0
0
0
0
0
0
0
0
0
0
0
0
0
756.951929211897
0
0
0
0
0
0
0
0
0
0
0
0
0
0
0
0
0
0
0
0
1000
-1000
-1000
1000
1000
1000
1000
1000
-1000
-1000
-374.45078703519
-1000
382.287723453749
1000
1000
-806.331700937814
-1000
-1000
-193.668299062186
-1000
1000
1000
193.668299062186
-1000
-1000
-1000
-1000
-1000
1000
-1000
-1000
1000
-1000
-1000
1000
-1000
-1000
374.45078703519
372.775438968055
-1000
-1000
1000
-1000
-1000
-1000
1000
-1000
1000
-1000
-1000
-1000
-999.965585596312
-1000
1000
-1000
0
0
0
0
0
0
1000
0
0
0
0
0
-1000
0
0
0
0
1000
0
-1000
-1000
0
0
0
0
0
0
1000
0
0
0
0
0
0
0
0
0
0
-0.00246173943025951
0.00246173943030909
0
0
-0.00246173943025951
-0.00246173943025951
0
0
0
0
0
0
0
0
0
0
0
0
0
0
0
0
0
0
0
0
0
0
0
0
0
0
0
0
0
0
0
0
0
0.00246173943030909
0
0
-1000
-312.02232379705
1000
1000
628.79837441108
0
0
0
0
-0.00246173943025951
0
0
0
0
0
249.666491539664
0
0
0
0
0
0
0
0
0
0
0
0
0
0
0
-465.456820963282
465.456820963282
0.00246173943030909
0
0
0
0
1000
0
0
0
0
0
0
-1000
0
0
0
0
0
0
0
0
0
0
0
0
0
0
0
0
0
0
0
0
0
0
0
0
0
0
0
0
0
0
0
0
0
0
0
0
0.00246173943030909
0
0
0
0
1000
0
-748.668910137372
0
0
1.33108986262846
0
0
0
0
1000
0
-1000
0
0
0
0
0
0
0
0
0
0
0
0.00246173943025951
-177.612510653256
82.8228612182011
-1000
0
0
0
801.817280887423
993.704258833228
990.722215089015
0
0
0
0
0
0.0024617394303732
0
0
1000
0
0
179.107139905869
0
945.298425451685
0
0
-339.332108120475
0
0
-179.107139905869
0
-1000
1000
0
0
0
0
0
0
0
0
0
0
0
-1000
0
0
0
0
0
0
0
0
0
0
750
0
0
1000
0
0
0
0
0
0
0
0
0
0
0
0
0.665544931314232
0
0.00246173943030909
-0.00246173943025951
0.00246173943030909
0.00246173943030909
0
0
0.00246173943025951
0
0
0
0.66554493131423
250
0
-0.00738521829089223
-1000
-1000
992.37809244946
1000
-1000
-1000
0
0
1000
-1000
992.37809244946
-1000
0
0
0
0
0
0
0
0
0
0
0
0
0
0
0
0
0
7.62190755054024
0
0
0
0
0
0
0
0
0
0
0
0
0
0.00122730197684975
0
339.332108120475
0
0
0
0
0
0
0.00246173943030909
0
0
0
0
0
0
0
0
0
0
-1000
0
0
0
0
0
0
0
0
0
0
0
0
0
1000
0
0
0
1000
0
0
0
0
0
0
0
0
0
0
0
0
0
0
0
0
0
0
0
0
0
0
0
0
0
0
0
0
1.58764354563414
0
0
0
0
0
0
0
0
0
0
0
0
0
0
0
0
0
0
0
0
0
0
0
0
0
0
0
0
0
0
0
0
0
0
0
0
0
0
0
0
0
0
0
0
0
0
0
0
0
0
0
0
0
0
0
0
0
0
0
0
0
0
0
0
0
0
0
0
0
0
0
0
0
0
0
0
0
0
0
0
0
0
0
0
0
0
0
0
0
0
0
0
0
0
0
0
0
0
0
0
0
0
0
0
0
0
0
0
0
0
0
0
0
-999.991408886162
0
0.0012273019768827
0
0.0135074572219764
0
0
-0.00859111383795153
0
1000
0
0
0
0
0.011052853268211
0
0
0
0
0
0
0
0
0
0
0
0
0
0
0
0
0
0
0
0.00246173943030909
0.00246173943030909
0.00246173943030909
-1000
0
-1000
0
718.286363505455
-1000
0
0
0
0
0
0
0
-1000
-750
0
0
0
0
0
0
0
0
0
0
-1000
0
999.824500109301
-0.175499890698916
-1000
-1000
-1000
-1000
-1000
-1000
0
0
0
0
0
0
0
0
0
0
0
-1000
0
1000
0.26963776861545
0.00246173943030909
0.00246173943030909
0.00246173943030909
0.00246173943030909
0.00246173943030909
0
0
0
1000
9.60861901576646
0
0
0
0
0.175499890698931
0
0
0
0
0
0
0
0
0
-1000
0
0
0
0
0
0
0
0
1000
-1000
0
1000
0
0
-1000
0
0
0
0
0
0
0
0
0
0
0
0
0
0
0
0
0
0
0
0
0
0
0
0
0
0
0
0
0
0
0
0
0
0
0
0
0
0
0
0
0
0
0
0
0
0
0
940.815774729269
0
0
0
0
0
0
0
0
0
0
-1000
0
0
0
0
0
0
0
0
1000
-1000
-1000
-1000
-1000
1000
0
0.0147418946754162
0
0
0
0
0
-1000
117.427887287535
0
249.666491539664
0
0
0
0
999.985229563418
2.50812002827144
0
0
0
0
0.395907162698782
0.395907162698782
-1000
-999.990181584185
0
0
0
0
0
0
0.249908175789929
0
1000
0
0
0
0
0
0
0
1000
0.00246173943030909
0
0
0
0
0
0
0
0
1000
-628.79837441108
0
0
1000
0
0
0
1000
0
0.00368190593054925
0
0
-951.9622176473
0
-1000
0
0
0
-1000
-1000
0
0
0
0
0
0
0
0
41.3249115334663
0
0
0
0
-1000
1000
-750
0
0
0
0
-1000
-1000
0
0
9.28353491588655
0
0
0
0
0.000612759053848677
0
0
0
0
0
0
0
0
0
0
0
0
0
0
0
0
0
0
0
0
0
-1000
0
0
-1000
1000
-1000
-1000
1000
0
0
0
0
0
0
0
0
-1000
0
0
1000
0.00122730197684975
0.00122730197684975
0
-1000
0
0
458.222563442933
0
0
0
0
0
0
0
0
0
0
0
0
0
0
0
0
0
0
0
0
0
0
0
0
0
0.00246173943025951
0
0
0
0
0
0
0
0
0
0
0
0
0
0
0
0
0
0
0
0
0
0
0
0
0
0
0
0
0
0
0
0
0
0
0
0
0
0
0
0
0
0
0
0
0
0
-1000
0
-1000
0
0
0
0
0
0
-1000
0
0
0
0
0
0
0
0
0
0
0
993.638128962164
0
0
0
0
0
0
0
0
0
0
0
0
0
1000
250
0
0
-511.204619597869
0
0
0
0
0
0
0
0
0
0
0
0
0
0
0
41.3249115334663
0
0
0
0
0
0
0
0
0
0
0
0
250
0
0
0
0
0
0
0
0
0
0
41.3249115334663
0
250
-250
0
-250
0
0
0
0
0
0
0
0
41.5004114241651
0
0
0
0
0
0
0
0
0
0
0
0
0
0
0
0
0
0
0
0
0
0
0
0
0
0
0
0
0
0
0
0
0
0
0
0
0
0
0
0
0
0
0
0
0
0
0
0
0
0
0
0
0
0
0
0
0
0
0
0
0
0
0
0
0
0
0
0
0
-250
0
0
0
0
0
0
0
250
0
0
0
0
250
0
0
0
0
0
0
0
0
0
0
0
0
0
0
0
0
0
0
0
0
0
0
0
0
0
0
0
0
0
0
0
0
0
0
0
0
0
0
0
0
250
0
0
0
0
0
0
-1000
0
0
0
0
0
0
0
0
0
0
0
0.175499890698931
0
0
0
0
0
0
0
0
0
0
333.333333333333
0
0
0
0
-600.797576633679
0
-271.435349746181
1000
-728.452525158245
0
0
0
0
663.703147235278
0
0
0
0
249.982767823988
0.0147704365818546
0
0
0
0
0
0
0
0
0
0
0
0
0
0
0
0
0
0
0
0
0
0
0
0
0
0
0
0
0
0
0
0
0
0
0
0
0
0
0
0
0
0
0
0
0
0
0
0
0
0
0
0
0
0
0
0
0
0
0
0
0
0
0
0
0
0
0
0
0
0
0
0
0
0
0
0
0
0
0
0
0
0
0
0
0
0
0
0
0
0
0
0
0
0
0
0
0
0
0
0
0
0
0
0
0
0
0
0
0
0
0
0
0
0
0
0
0
0
0
0
0
0
0
0
0
0
0
0
0
0
0
0
0
0
0
0
0
0
0
0
0
0
0
0
0
0
0
0
0
0
0
0
0
0
0
0
0
0
0
0
0
0
0
0
0
0
0
0
0
0
0
0
0
0
0
0
0
0
0
0
0
0
0
0
0
0
0
0
0
0
0
0
0
0
0
0
0
0
0
0
0
0
0
0
0
0
0
0
0
0
0
0
0
0
0
0
0
0
0
0
0
0
0
0
0
0
0
0
0
0
0
0
0
0
0
0
0
0
0
0
0
0
0
0
0
0
0
0
0
0
0
0
0
0
0
0
0
0
-495.461954314352
0
0
0
0
0
0
0
0
0
0
0
0
0
0
0
-495.461954314352
0
0
0
0
0
0
0
250
0
0
0
0
0
0
458.222563442933
0
0
0
0
0
0
0
0
0
0
-1000
0
0
0
0
0.00246173943025951
0.293250249962739
-1000
0
0
0
0
0
0
0
0
0
0
0
0
0
0
0
0
0
0
0
0
0
0
0
0
0
0
0
0
0
0
0
0
0
0
0
0
0
0
0
0
0
0
0
0
0
0
0
0
0
0
0
0
0
0
0
0
0
0
0
0
0
0
0
0
0
0
0
0
0
0
0
0
0
0
0
0
0
0
0
0
0
0
0
0
0
0
0
0
0
0
0
0
0
0
0
0
0
0
0
0
0
0
0
0
0
0
0
0
0
0
0
0
0
0
0
0
0
0
0
0
0
0
0
0
0
0
0
0
0
0
0
0
0
0
0
0
0
0
0
0
0
0
0
0
0
0
0
0
0
0
0
0
0
0
0
1000
0
7.83693641855962
0
0
0
0
0
0
0
0
1000
0.00246173943025951
0
0
-940.82069820813
0
1000
0
0
0
0
0
0
0
0
0
0
0
0
0
0
0
0
0
0
0
0
1000
0
0
0
0
421.416284051121
0
0
0
0
0
0
0
0
0
0
0
0
0
0
0
0
0
0
0
0
0
0
0
0
0
0
0
0
0
0
0
0
0
0
0
0
0
0
0
0
0
0
0
0
0
0
0
0
0
0
0
0
0
0
0
0
0
0
0
0
0
0
0
0
0
0
0
0
0
0
0
0
0
0
0
0
0
0
0
0
0
0
0
0
0
0
0
0
0
0
0
0
0
0
0
0
0
0
0
0
0
0
0
0
0
0
0
0
0
0
0
0
0
0
0
0
0
0
0
0
0
0
0
0
0
0
0
0
0
0
0
0
0
0
0
0
0
0
0
0
0
0
0
0
0
0
0
0
0
0
0
0
0
0
0
0
0
0
0
0
0
0
0
0
0
0
0
0
0
0
0
0
0
500
59.4623050799298
-438.749726747328
0
0
-0.66554493131423
0
0
317.380053364125
13.1530618836805
28.7500245061461
0.0713547660959158
59.4623050799298
0
0
0
0
0
0
0
0
0
0
0
0
0
0
0
0
0
0
0
0
0
0
0
0
0
0
492.528270758327
-1000
0
117.427887287535
-1000
875.591972903016
0
1000
-1000
0
195.298425451685
0
-563.683030755486
0
500
0
0
0
0.00246173943030909
0
0
0
0
0
0
0
0
0
0
0
0
0
0
0
0
41.3249115334663
0
0
0
0
886.881696128241
-84.0205726721133
-3.68549770467757
0
-7.30526527551683
-14.3214486086571
-29.2065731114345
-22.9030009079485
-7.15221227535631
-507.282415398232
-18.0953338058192
-3.13907454747459
-21.4222497750411
-1000
-1000
0
0
0
0
-1000
-200.435792890734
-11.9362520305621
-23.2146102934698
-1000
-7.0213060107227
-16.2929837690025
-82.7246115461769
983.609492104436
-385.309130234852
0
0
-773.102030968209
-1000
0
1000
0
0
1000
-1000
0
0
0
-7.42095751477257
0
0
1000
0
0
0
0
0
0
0
0
0
0
0
0
0
0
0
-0.00246173943025951
-0.00246173943025951
0
0
0
0
0
0
0
0
0
0
0
0
0
0
0
0
0
1000
0
179.107139905869
0
0
1000
1000
249.666491539664
-0.00246173943025951
-0.00246173943025951
-0.678500578344938
59.1842252707311
0
0
-0.00246173943025951
0
-0.00246173943025951
-226.897969031791
0
0
-0.00246173943025951
0
0
0
-0.00246173943025951
0
0
0
0
0
0
0
0
0
0
0
7.83693641855962
0
0
0
0
0
-0.00738521829089223
0
0
0
0
0
0
-6.15488465239105
0
0
0
0
-806.331700937814
0
1000
0
0
-0.00246173943025951
0
0
0
0
0
0
0
0
0
0
0
0
0
0
1000
-2.4778477687554
0
-1000
-1000
0
0
0
0
0
0
0
0
0
1.67534806713479
0
0
0
0
0
0
1000
0
0
0
0
-2.71069026298721
1000
450.741442151983
226.897969031791
0
553.124052959907
302.391903374996
0
0
0
465.456820963282
0
0
0
0
0
-1000
-1000
0
0
0
0
-0.0344144036880607
0
0
0
0
0
-1000
1000
0
0
0
0
0
0
505.515769502498
-1000
-1000
490.72339430319
0
0
-465.456820963282
0
0
0
0
0
0
0
1000
0
-0.611787878016003
-0.175499890698916
-47.5165954067356
-1000
-2.58862338780921
-12.199704143006
-1.66724896163987
-9.43311912506749
-5.04562185759426
-0.175499890698916
0
0
422.728592549036
0
-0.175499890698916
-1000
-0.175499890698916
-0.175499890698916
0
-1.27237420756728
0
-0.175499890698916
-65.7240963076958
-67.9623326731611
0
-2.50812002827149
0
-0.249908175789983
-0.175499890698916
-1.09748707592212
0
-0.175499890698916
-0.175499890698916
-0.175499890698916
-0.175499890698916
-5.08949683026901
0
-10.9687431686832
0
0
0
-1000
1000
0
0
-1000
1000
-0.00246173943025951
0
750
-750
0
0
0
-1000
0
0
0
0
0
0
0
0
0
0
0
0
0
0
0
0
0
0
-1000
1000
1000
-1000
-1000
421.416284051121
-1000
1000
-250
-0.175499890698916
-0.175499890698916
0
0
0
0
1000
-728.564650253819
728.452525158245
249.982767823988
0.0147704365818981
0
0
0
0
0
-1000
-1000
0
0
0
0
0
0
0
0
0
0
0
0
0
0
0
0
0
0
0
0
0
0
0
0
0
0
0
0
0
0
0
0
0
0
0
0
0
0
0
0
0
0
0
0
0
0
0
0
0
0
0
0
0
0
0
0
0
0
0
0
0
0
0
0
0
0
0
0
0
-0.175499890698916
0
0
0
0
0
0
0
0
0
0
0
0
0
0
0
0
0
0
0
0
0
0
0
0
0
0
0
0
0
0
0
0
0
0
0
0
0
0
0
0
0
0
0
0
0
0
0
0
0
0
0
0
0
0
0
0
0
0
0
0
0
0
0
0
0
0
0
0
0
0
0
0
0
0
0
0
0
0
0
0
0
0
0
0
0
0
0
0
0
0
0
0
0
0
0
0
0
0
0
0
0
0
0
0
0
0
0
0
0
0
0
0
0
0
0
0
0
0
0
0
0
0
0
0
0
0
0
0
0
0
0
0
0
0
0
0
0
0
0
0
0
0
0
0
0
0
0
0
0
0
0
0
0
0
0
0
0
0
0
0
0
0
0
0
0
0
0
0
0
0
0
0
0
0
0
0
0
0
0
0
0
0
0
0
0
0
0
0
0
0
0
0
0
0
0
0
0
0
0
0
0
0
0
0
0
0
0
0
0
0
0
0
0
0
0
0
0
0
0
0
0
0
0
0
0
0
0
0
0
0
0
495.461954314352
0
0
0
0
0
0
0
0
0
0
0
0
0
0
0
0
0
0
0
0
0
0
0
0
0
-7.83693641855962
0
882.572112712465
0
0
-0.293250249962739
0
0
0
0
0
0
0
0
0
0
0
0
0
0
0
0
0
0
0
0
0
0
0
0
1000
0
-1000
0
-59.1793017918704
-0.00246173943025951
0
0
0
0
0
0
0
0
1000
0
0
0
0
0
-1000
0
0
0
0
0
0
0
0
0
0
0
0
0
0
0
0
0
0
0
0
0
0
0
0
0
0
0
0
0
0
0
0
0
0
0
0
0
0
0
0
0
0
0
0
0
0
0
0
0
0
0
0
0
0
0
0
0
0
0
0
0
0
0
0
0
0
0
0
0
0
0
0
-0.175499890698916
-0.175499890698916
-0.175499890698916
-0.175499890698916
0
-0.175499890698916
-0.350999781397832
0
-0.175499890698916
-0.175499890698916
-0.175499890698916
-0.175499890698916
0
-0.175499890698916
-0.175499890698916
-0.175499890698916
-0.175499890698916
-0.175499890698916
-0.175499890698916
-0.175499890698916
0
-0.175499890698916
-0.175499890698916
-0.175499890698916
-1000
59.4623050799298
0
0
0
0
0
0
0
0
0
0
0
0
0
