0
0
0
0
0
0
0
1000
-1000
0
1000
0
0
194.870539511164
1000
0
999.739312111085
-999.739312111085
999.940169992708
0
0.059830007291905
0
-1000
0.376074331549148
0
1000
-208.407877248808
0
-355.509952000672
0.0127703345450354
0
0
0
0
0
0.0329493723124189
0
0
0
35.9033076702199
0
0
0
0
0
0
0
0
0
0
0
0
0
0
0
0
0
0
0
0
0
500
0
0
355.509952000672
0
0
0
0
0
0
0
791.94022573674
791.94022573674
0
0
0
0
0
0
0
-1000
0
0
0
0
0
0
0
0
0
0
0
0
277.541195998482
0
-277.541195998482
0
277.541195998482
-277.541195998482
0
0
0
0
0
0
0
0
0
0
0
0
0
0
0
222.146464428029
0
0
0
0
0
0
0
0
0
0
0
0
0
625.399756472335
0
0
1000
0
0
0
0
0
0
1000
0
0
0
-14.9786054018521
0
0
0
0
-767.015126374314
0
0
0.0091322741223218
1000
0
0
596.302773188985
1000
1000
403.688679667116
0
0
0
-1000
403.688679667116
598.55921917828
1000
-805.129460488836
0
0
1000
0
0
0.00913227412229389
0
0
1000
568.423767927002
0
0
0
0
0
-4.02505512270841
0
0
0
0
0
0
0
745.501288811473
-1000
0
0
0
0
0
0
0
0
0
0
0
0
0
0
-4.02932869465781
0
1000
0
0
0
0
0
0
0
0
0
0
0
502.991201033584
0
0
-1000
0
998.820016845403
0
0.471993261838932
0
0
0
0.707989892758397
0
4.02932869465781
0
0
988.809836276722
-11.190163723278
0
-497.008798966416
0
0
0
0
0
0
0
0
0
0
-1000
0
-1000
-1000
-1000
-791.94022573674
1000
-0.471993261838975
1000
-1000
-1000
-0.98930494787453
1000
0
0
493.057615955699
999.920955270762
1000
-1000
1000
0
0
1000
0
0.183763593825137
0
-0.18376359382512
0
0.00182433350643362
0
0
0
0
2.21337262668058
0
0
0
283.8272418346
0
491.801037310306
0
0
0
0
0
0
1000
0
1000
0.480540405737775
0
0
1000
0
-0.18376359382512
0
-0.707989892758405
0
0
0.707989892758405
0
0
0
0
0
0
0
-506.234394151543
0
0
0
617.723808630182
0.707989892758405
0
-1000
-0.98930494787453
0
0.00365927360329958
0
0
0
0
0
0
0
0
0
0
0
-491.801037310306
0
0
0
2.35996630919466
0
9.93483944395055
0
0
0
0
0
0
0
0
384.656233302526
-1000
-999.995726428051
-1000
-1000
1000
-1000
-1000
-1000
-492.274854905651
1000
-999.528006738161
1000
1000
1000
0
0
0
0
0
0
-1000
0
1000
-1000
-999.920955270762
-1000
1000
0
0
1000
0
0
0
0
0
0
0
0.989304947874503
-1000
1000
1000
-1000
1000
-1000
-1000
-1000
-1000
1000
-1000
1000
1000
-1000
0
-0.471993261838975
0
-1000
-1000
365.681042633703
1000
1000
-1000
1000
1000
0
0
0
0
0
1.89224661930507
0
0
-507.020529728242
0
0
0
1000
-11.3568330293054
0
0
0
-30.1109427213916
0
0
0
0
0
0
0
0
64.2804317794285
0
0
0
0
0
0
0
0
0.00365927360302093
0
0
1000
-460.790626734184
-539.209373265816
0
0
539.209373265816
0
0
0
447.578542448902
0
0
0
0
0
1000
0
0
0
0
0
0
0
0
0
0
0
1000
0
0
0
0
0
-1000
1000
0
0
0
0
0
0
0
0
0
0
0
1000
-0.00365927360303431
0.106839298735508
0.106839298735508
0
-648.540747501562
0
0
0
0
0
0
0
0
0
0
0
0
0
0
0
0
-614.152746914678
0
0
0
0
0
0
0
0
0
0
0
0
0
0
0
0
0
0
0
0
0
0
0
0
0
0
0
0
0
0
0
0
0
0.166669306027446
0
0
0
-1000
0
1000
0
1000
0
0
1000
0
0
0
0
0
0
0
0
0
0
0
0
0
0
0
0
0
0
0
0
0
0
0
0
0
0
0
0
-4.83277347938679
0
0
0.166669306027446
0
0
0
0
0
0
0
0
0
1000
0
0
0
0
0
0
0
0
0
0
0
0
0
0
0
0
0
0
0
0
0
0
0
0
0
0
0
0
0
0
0
0
0
0
0
0
0
0
0
0
0
0
0
0
0.0109778208090628
0.0109778208090628
0
0.0109778208090628
0
0
0
0
0
0
0
0
0
0
0
0
0
0
0
0
0
0
0
0
0
0
1000
0
0.00427357194942179
500
0
0
0
0.773516522845343
0.773516522845343
0
0
0
0
0
0
0
0
0
0
0
0
0
0
0
0
0
0
0
0
0
0
0
0
0
0
0
-1000
0
0
0
0.00365927360303431
0
0
-1000
0
0
0
0
2.22225741369933
0
0
2.22225741369933
0
0
0
0
0
0
0
0
0
0
2.22225741369933
0
2.22225741369933
0
0
0
13.2568013830215
37.7889605259795
24.1547413099894
17.6914609204024
26.2305393913166
8.63343292915636
20.1918540638192
36.9397704018002
34.0147821962936
10.7564082396046
20.8523352715143
42.9784557292975
33.9204277380515
10.4733448648782
17.3612203165549
24.0603868517472
31.1841484490293
25.2398175797741
4.62336845386515
31.4672118237557
0
0
0
0
0
0
0
0
0
0
0
0
0
0
0
0
0
0
0
0
0
0
0
0
0
0
0
0
0
0
0
0
0
0
0
0
0
0
0
0
0
0
0
0
0
0
0
0
0
0
0
0
0
0
0
0
0
0
0
0
0
0
0
0
0
0
0
0
0
0
0
0
0
0
0
0
0
0
0
0
0
0
0
0
0
0
0
0
0
0
0
0
0
-1000
0
0
0
0
0
0
0
1000
1000
0
0
0
0
0
833.422136260621
0
-30.1109427213916
-833.5759848508
-833.5759848508
-1000
0
-135.847253085322
614.152746914678
-135.966913099905
1000
1000
833.430683404519
1000
0
0
166.577863739379
0
-1000
-1000
-1000
0
0
0
614.152746914678
614.152746914678
135.847253085322
0
0
0
0
0
0
0
0
0
0
0
-1000
432.569196294475
1000
1000
0
500
250.001517184333
2.5128021543155
5
0
0
0
0
0
0
67.8564635665473
0
0
0
0.137985225830107
0
4.58800875885015
-0.137985225830107
-0.137985225830107
0.137985225830107
0
598.914784008129
439.087011903958
0.137985225830107
0
0
0
0.00091084092946403
-0.137985225830107
0
0
-1000
-0.275970451660214
-0.137985225830107
0
0
0
0
0
0
0
0
0
0
0
0
0
0
0
0
0
-0.00091084092946403
0
0
0
0
0
-0.00365927360303431
0
0
0
0
0
0
0
0
0.00365927360303431
0
0
0
0
0
0
0
0
0
0
0
0
0
0
0
0
0
0
0
0
0
0
0
0
0
0
0
0
0
0
0
0
0
0
0
0
0
0
0
0
0
0
0.00091084092946403
0
0
0
0
0
0
0
0
0
0
0
0
0
0
0
0
0
0
0
0
0
0
0
0
0
0
0
0
0
0
0
0
0
0
0
0
0
0
0
0
0
0
0
0
0
0
0
0
0
0
0
0
0
0
0
0
0
0
0
0
0
0
0
0
0
0
0
0
0
0
0
0
0
0
0
0
0
0
0
0
0
0
0
0
0
0
0
0
0
0
0
0
0
0
0
0
0
0
0
0
0
0
0
0
0
0
0
0
0
0
0
0
0
0
0
0
0
0
0
0
0
0
0
0
0
0
0
0
0
0
0
0
0
0
0
0
0
0
0
0
0
0.137985225830079
68.1324340182075
0.137985225830079
7.55469111419684
0
0
0
0
0
0
0.137985225830079
0
0
0
0
0
0
0
0
0
0
0
0
0
0
0
0
0
0
0
0
0
0
0
0
0
0
0
0
0
0
0
0
0
0
0
0
0
0
0
0
0
0
0
0
0
0
0
0
0
0
0
0
0
0
0
0
0
0
0
0
0
0
0
0
0
0
0
0
0
0
0
0
0
0
0
0
0
0
0
0
0
0
0
0
0
0
0
0
0
0
0
0
0
0
0
0
0
0
0
0
0
0
0
0
0
0
0
0
0
0
0
0
0
0
0
0
0
0
0
0
0
0
0
0
0
0
0
0
0
0
0
0
0
0
0
0
0
0
0
0
0
0
0
0
0
0
0
0
0
0
0
0
0
0
0
0
0
0
0
0
0
0
0
0
0
0
0
0
0
0
0
0
0
0
0
0
0
0
0
0
0
0
0
0
0
0
0
0
0
0
0
0
0
0
0
0
0
0
0
0
0
0
0
1000
0
0
0
0
0
0
0
0
0
0
0
0
0
0
0
0
0
0
0
0
0
0
0
0
0
0
0
0
0
0
0
0
0
0
0
0
0
0
0
0
0
0
0
0
0
0
0
0
0
0
0
0
0
0
0
0
0
0
0
0
0
0
0
0
0
0
0
0
0
0
0
0
0
0
0
0
0
0
0
0
0
0
0
0
0
0
0
0
0
0
0
0
0
0
0
0
0
0
0
0
0
0
0
0
0
0
0
0
0
0
0
0
0
0
0
0
0
0
0
1000
1000
0
0
0
0
0
0
0
0
0
0
0
0
0
0
0
0
0
0
0
0
0
0
0
0
0
-1000
0
-1000
0
0
0
0
0
0
0
0
0
0
0
1000
1000
0
0
0
0
0
0
0
0
0
0
0
0
0
0
0
0
0
0
0
0
0
0
0
0
0
0
0
0
0
0
0
0
0
0
0
0
0
0
0
0
0
0
0
0
0
0
0
0
0
0
0
0
0
0
0
0
0
0
0
0
0
0
0
0
0
0
0
0
0
0
0
0
0
0
0
0
0
0
0
0
0
0
0
1000
47.1666207631542
0
0
0.137985225830107
0
-927.003586771282
0
67.9944487923774
0
0
926.865601545452
-0.137985225830107
431.532320789761
0
0
0
0.00091084092946403
0.137985225830107
0
-999.86201477417
1000
0
0
0
0
0
0
0
0
0
0
0
0
0
-1000
0.00091084092946403
0
0
0
0.00365927360303431
0
0
0
0
0
0
0
-0.00365927360303431
0
0
0
0
0
67.8564635665473
-125.321578538833
1000
-67.8564635665473
-67.8564635665473
0
556.853899328595
-999.978044358382
-0.0219556416180922
0
0
0.137985225830107
-0.137985225830107
0
0
72.9964132287178
-72.9964132287178
-1000
0
-67.9944487923774
-67.9944487923774
0
0
-1000
0
-73.1343984545479
-926.865601545452
-1000
0
-568.467679210239
-431.532320789761
-1000
0
0
0
0
0
-1000
0
1000
0
0
0
-999.86201477417
999.86201477417
-1000
0
0
0
-1000
0
0
0
1000
0
0
0
0
0
0
0
0
0
0
0
0
0
0
0
0
0
0
0
-1000
1000
-1000
0
-1000
0
-1000
0
-1000
0
0
0
0
0
0
0
0
0
-1000
0
-1000
0
-1000
0
-1000
0
1000
0
-1000
0
0
0
0
0
0
0
0
0
0
-1000
0
0
0
0
0
0
0
0
0
0
0
0
0
0
0
0
0
0
0
0
0
0
0
0
0
0
0
0
0
0
0
0
0
0
0.00091084092946403
-0.00091084092946403
0
0
0
0
0
0
0
0
0
0
0
0
0
0
0
0
0
0
0
0
0
0
0
0
0
0
0
0
0
0
0
0
0
0
0
0
0.00091084092946403
-0.00091084092946403
0
0
0
0
0
0
-0.00365927360303431
-0.00365927360303431
0
0
0
0
0
0
0
0
0
0
0
0
0
0
0
0
0.00365927360303431
0.00365927360303431
0
0
0
0
0
0
0
0
0
0
0
0
0
0
0
0
0
0
0
0
0
0
0
0
0
0
0
0
0
0
0
0
0
0
0
0
1000
0
0
0
0
0
0
0
0
0.00365927360302093
0
0
0
0
0
0
0
0
11.1817431113575
0
0
0
0
0
0
0
0
0
0
0
0
0
0
0
0
0
0
0
0
0
0
0
0
0
0
0
0
0
0
0
0
0
0
0
0
0
0
0
0
0
0
0
0
0
0
0
0
0
0
0
0
0
0
0
0
0
0
0
0
0
0
0
0
0
72.9964132287178
72.9964132287178
72.9964132287178
0
0
0
0
0
0
0
0
0
0
0
0
0
0
0
0
0
0
0
0
0
0
0
0
0
0
0
0
0
0
0
0
0
0
0
0
0
0
0
0
0
0
0
0
0
0
0
0
0
0
0
0
0
0
0
0
0
0
0
0
0
0
0
0
0
0
0
0
0
0
0
0
0
0
0
0
0
0
0
0
0
0
0
0
0
0
0
0
0
0
67.9944487923774
67.9944487923774
67.9944487923774
67.9944487923774
-67.9944487923774
0
0
0
0
0
0
0
0
0
0
0
0
0
0
0
0
0
0
0
0
0
0
0
0
0
0
0
0
0
0
0
0
0
0
0
0
0
0
0
0
0
0
0
0
0
0
0
0
0
0
0
0
0
0
0
0
0
0
0
0
0
0
0
0
0
0
0
0
0
0
0
0
0
0
0
0
0
0
0
0
0.00365927360302093
0.00365927360302093
0.00365927360302093
0.00365927360302093
0.00365927360302093
0
0
0
0
0
0
0
0
0
0
0
0
0
0
0
0
0
0
0
0
0
0
0
0
0
0
0
0
0
0
0
0
0
0
0
0
0
0
0
0
0
0
0
0
0
0
0
0
0
14.978605401852
14.978605401852
-14.9786054018521
4.9843301622103
-2.49033544430358
2.49033544430364
2.49033544430364
2.49033544430364
0
0
0
0
0
0
0
0
0
0
0
0
0
0
0
0
0
0
0
0
0
2.49033544430364
2.4830381102779
2.49033544430364
2.49033544430364
2.49033544430364
2.49033544430364
2.49033544430364
2.49033544430364
2.49033544430364
2.49033544430364
2.49033544430364
2.49033544430364
2.49033544430364
2.49033544430364
2.49033544430364
2.49033544430364
2.49033544430364
2.49033544430364
14.978605401852
14.978605401852
4.9843301622103
4.9843301622103
0
0
0
0
0
0
0
0
0
0
0
0
0
0
0
0
0
0
0
0
0
0
0
0
0
0
0
0
0
0
0
0
0
0
0
0
0
0
0
0
0
0
0
0
0
0
0
0
0
0
0
0
0
0
0
0
0
0
0
0
0
0
0
0
0
0
0
0
0
0
0
0
0
0
0
0
0
0
0
0
0
0
0
0
0
0
0
0
0
0
0
0
0
0
0
0
0
0
0
0
0
0
0
0
0
0
0
0
0
0
0
0
0
0
0
0
0
0
0
0
0
0
0
0
0
0
0
0
0
0
0
0
0
0
0
0
0
0
0
0
0
0
0
0
0
0
0
0
0
0
0
0
0
0
0
0
0
0
0
0
0
0
0
0
0
0
0
0
0
0
0
0
0
0
0
0
0
0
0
0
0
0
0
0
0
0
0
0
0
0
0
0
1.19850579653571
320.396126423126
320.396126423126
0
24.5925106409324
24.5925106409324
0
-344.988637064059
141.423278294487
24.5925106409324
0
319.19762062659
0
0
1000
0
24.5925106409324
0
24.5925106409324
24.5925106409324
0
0
0
0
0
0
0
0
0
0
0
0
0
0
0
0
0
0
0
0
0
0
0
0
0
0
0
0
0
0
0
0
0
0
0
0
0
0
203.565358769572
0
0
0
0
0
0
0
0
0
0
0
0
0
0
0
0
0
0
0
0
0
0
0
0
0
0
0
0
0
0
0
0
0
0
0
0
0
0
0
0
0
0
0
0
0
0
0
0
0
0
0
0
0
0
0
0
0
0
0
0
0
0
0
0
0
0
0
0
0
0
0
0
0
0
0
0
0
0
0
0.00365927360302093
0
0
0
0
0
0
0
1.57780453149155
0
0
0
0.989304947874503
0.989304947874503
0.989304947874503
0
0
0
9.83243988707683
0
0
1.35296249788371
0
0
9.83243988707683
0.00365927360302093
0
0
0
0
-1.35296249788371
1.35296249788371
0
0
0
0
0.371478142482521
0
11.0309456836125
0
0
0
0.246755248865352
0
0.224842033607842
0
11.0309456836125
11.0309456836125
0
0
0
0
0
0
0
0
0
0
0
0
0
0
-11.1817431113575
0
0
0
0
0
0
0
0
0
0
0
0
0
0
0
0
0
0
0
0
0
0
0
0
0
0
0
0
0
0
0
0
0
0
0
0
0
0
0
0
0
0
0
0
0
0
0
0
0
0
0
0
0
0
0
0
0
0
0
0
0
0
0
0
0
0
0
0
0
0
0
0
0
0
0
0
0
0
0
0
0
0
0
0
0
0
0
0
0
0
0
0
0
0
0
0
0
0
0
0
0
0
0
0
0
0
0
0
0
0
0
0
0
0
0
0
0
0
0
0
0
0
0
0
0
0
0
0
0
0
0
0
0
0
0
0
0
0
0
0
0
0
0
0
0
0
0
0
0
0
0
0
0
0
0
0
0
0
0
0
0
0
0
0
0
0
0
0
0
0
0
0
0
0
0
0
0
0
0
0
0
0
0
0
0
0
0
0
0
0
0
0
0
0
0
0
0
0
0
0
0
0
0
0
0
0
0
0
0
0
0
0
0
0
0
0
0
0
0
0
0
0
0
0
0
0
0
0
0
0
0
0
0
0
0
0
0
0
0
0
0
0
0
0
0
0
0
0
0
0
0
0
0
0
0
0
0
0
0
0
0
0
0
0
0
0
0
0
0
0
0
0
0
0
0
0
0
0
0
0
0
0
0
0
0
0
0
0
0
0
0
0
0
0
0
0
0
0
0
0
0
0
0
0
0
0
0
0
0
0
0
0
0
0
0
0
0
0
0
0
0
0
0
0
0
0
0
0
0
0
0
0
0
0
0
0
0
0
0
0
0
0
0
0
0
0
0
0
0
0
0
0
0
0
0
0
0
0
0
0
0
0
0
0
0
0
0
0
0
0
0
0
0
0
0
0
0
0
0
0
0
0
0
0
0
0
0
0
0
0
0
0
0
0
0
0
0
0
0
0
0
0
0
0
0
0
507.457976689811
0
507.457976689811
0
0
0
0
0
0
0
0
0
0
0
0
0
0
0
0
0
0
0
0
0
0
0
0
0
0
0
0
1000
0
0
0
0
0
0
0
0
0
0
0
0
0
0
0
0
0
0
0
0
0
0
0
0
0
0
0
0
0
0
0
0
0
0
0
0
0
0
0
0
0
0
0
0
0
0
0
0
0
0
0
0
0
0
0
0
0
0
0
0
0
0
0
0
0
0
0
0
0
0
0
0
0
0
0
0
0
0
0
0
0.166669306027446
0.166669306027446
0
0
0
0
0.166669306027416
0
0.166669306027446
-249.504253500482
0
0
0
0
0.0256414316965272
0
0
0
0
0
0
249.504253500482
0
0
0
0
0
0
1.00856298006346
0
0
0
0
0
0
1.00856298006346
1.00856298006346
1.00856298006346
1.00856298006352
0
0
0
0
0
0
0
0
0
0
0
0
0
0
0
0
0
0
0
0
0
0
0
0
0
0
0
0
0
0
0
0
0
0
0
0
0
433.236022213509
433.236022213509
0
0
0
0
0
0
0
0
0
0
0
0
0
0
0
0
0
0
0
0
0
0
0
0
0
0
0
0
0
0
0
0
0
0
0
0
0
0
0
0
0
0
0
0
0
0
0
0
1000
-1000
351.451933951232
0
0
0
-1000
-1000
1000
0
0
0
0
-1000
350.743944058474
0
0
0
0
0
0
0
0
0
0
0
0
0
0
0
0
0
0
0
0
0
0
0
0
0
0
0
0
0
0
0
0
0
0
0
0
0
0
0
0
1000
0
0
0
0
0
0
0
0
0
0
0
0
0
0
0
0
0
-999.996340726397
999.996340726397
1000
999.996340726397
1000
-1000
-1000
0
0
0
0
0
0
0.00365927360303431
0
0
0
0
0
0
0
0
0
0
0
0
0
0
0
0
0
500
0
0
0
0.0146052746416227
0
0.00365927360302093
0.0219132152575108
1000
0.00182433350643362
0.00182433350643362
0.00365927360303431
0
0.012780941135189
0.00182433350643362
0.0273968223670091
-0.00182433350641986
0.00182433350643362
0.00182433350643362
0.00182433350643362
0.00182433350643362
0.00182433350643362
-0.00182433350641986
-0.00364866701283972
0.00182433350643362
0.00182433350643362
0.00182433350641986
0.00182433350643362
-0.00548360710945417
-0.00548360710945417
0.00365927360303431
0.00365927360303431
0.00182433350643362
0.00182433350643362
0.00365927360302093
0.00365927360302093
-0.00365927360303431
-0.00365927360303431
0.00365927360303431
0.00365927360303431
0.00182433350643362
0.00182433350643362
0.00182433350643362
0.00182433350643362
0.0456825837919723
-0.00548360710945417
-999.974427511139
0
0
0
0
0
0
-1000
0
0
0
0.00365927360302093
0
0
0
0
0.00182963680151047
0.00365927360303431
0.00365927360303431
0
0
0.00365927360302093
0.00365927360302093
0
0
0
0
0
0
0.00729733402573449
0.00182433350643362
0.00547300051930087
0.00182433350643362
-0.00182433350641986
0.00182433350643362
0.00182433350643362
0.00182433350643362
0.00182433350643362
0.00182433350643362
0.00182433350643362
0.00364866701286725
0.00182433350643362
0.00182433350643362
0.00182433350643362
0.00182433350643362
0.00182433350643362
0
0.00182433350643362
0.00365927360302093
0
0.00365927360302093
0
0.00365927360302093
0.00365927360302093
0.00365927360302093
0.00365927360302093
0.00365927360302093
0.00365927360302093
0
0.00365927360302093
0
0.00365927360302093
0.00365927360302093
0.00365927360302093
0.00365927360302093
0.00365927360302093
0
0
0
0
0
0
0
0
0
0
0
0
0
0
0
0
-0.00365927360303431
0.00365927360302093
0.00365927360302093
0
0
0
0
0
0
0
0
0
0
0
0
0
0
0
0
0
0
0
0
0
0
0
0
0
0
0
0
0
0
0
0
0
0
0
0
0
0
0
0
0
0
0
0
0
0
0
0
0
0
0
0
0
0
0
0
0
0
0
0
0
552.605221144923
500
0
0
0
0
0
0.00365927360302093
0
0
0
0
0
0
0
0
0
0
0
0
0
0
0
0
0
0
0
0
0
0
0
-1000
0
0
0
-67.8564635665473
0
0
0
0
0
0.137985225830079
0
0
0
0
0
0
0
0
0
0.137985225830079
0
0
522.332983672435
0
0
0
0
0.137985225830079
0
0.137985225830079
0
0.137985225830079
0
51.6745562324352
0
0
0
8.62407661437995
0
53.2967934768681
0
0.137985225830079
0
0.413955677490238
0
0
0
0.137985225830079
0
0.137985225830079
0
0.137985225830079
0
0.137985225830079
0
0.137985225830079
0
0.137985225830079
0
0.137985225830079
0
0.137985225830079
0
0.137985225830079
0
0.137985225830079
0
0.137985225830079
0
0.137985225830079
0
0.137985225830079
0
0.137985225830079
0
0.137985225830079
0
0.137985225830079
0
2.89768974243166
0
0.863318502367443
0
3.96707524261478
0
4.0015715490723
0
2.03528208099367
0
0.137985225830079
0
0.137985225830079
0
9.59363246879352
0
0.137985225830079
0
0.137985225830079
0
0.137985225830079
0
0.137985225830079
0
66.0604268661504
0
1.00039288726807
0
7.41670588836676
0
37.3594998934939
0
0.479289016802256
0
0.137985225830079
0
0.137985225830079
0
1.31085964538575
0
0.137985225830079
0
0.137985225830079
0
0.137985225830079
0
0
-1000
0
319.19762062659
1000
0
0
0
0
-0.0109778208091029
-1000
1000
0
1.00856298006346
-492.972151724553
249.67092280651
1000
0
431.883059715625
1000
-504.714909555392
-1000
0
0
1000
0
0
0
0
0
486.210710226254
1000
-11.0309456836126
0
0
0
-1000
1000
-0.00365927360303431
0
0
-3.20267757455508
1000
-491.801037310306
0
0
0
-999.987229665455
1000
1000
-1000
-4.02932869465781
-995.963352758136
0
1000
69.0467140190698
0
-1000
0
0
1000
1000
-1000
0
0
1000
0
0
-1000
1000
1000
1000
0
0
0
0
0
-1000
0
0
0
0
0
0
0
0
0
1000
0
0
0
0
0
0
0
0
0
0
0
0
1000
0
0
0
0
0
0
0
0
1000
684.247864189827
1000
-1000
-1000
-1000
-1000
-1000
1000
1000
-1000
-1000
1000
-1000
1000
-145.811266472035
-1000
-1000
-1000
1000
1000
-1000
-1000
-1000
-957.817979594912
1000
1000
1000
1000
143.077969461272
-1000
-1000
-1000
-1000
-1000
-1000
-1000
-1000
-1000
1000
1000
1000
-1000
-1000
-1000
-1000
-10.4368802918123
-1000
-1000
-1000
31.8432861553049
-169.547956339106
-1000
1000
-1000
-1000
-1000
-1000
-1000
-1000
-1000
-1000
-10.6314670270068
1000
-1000
-1000
-1000
-1000
1000
-1000
1000
-1000
1000
1000
1000
-1000
-1000
-1000
-1000
-1000
-1000
1000
1000
1000
-1000
1000
1000
1000
0
1000
1000
1000
-1000
-1000
1000
1000
1000
1000
-1000
-1000
-1000
-1000
-1000
771.634373527382
24.4392766212927
-1000
-1000
-1000
1000
1000
1000
1000
1000
1000
1000
1000
-1000
-792.922613137737
1000
-1000
-1000
-1000
964.997647305515
999.924533838863
10.8589739663907
-35.0023526944849
-1000
-1000
0
0
0
0
0
0
0
0
0
0
0
0
0
0
0
0
0
0
0
0
0
0
0
0
0
0
0
0
0
0
0
0
0
0
0
0
0
0
0
0
0
0
0
0
0
0
0
0
0
0
0
0
0
0
0
0
0
0
0
0
0
0
0
0
0
0
0
0
0
0
0
0
0
0
0
0
0
0
0
0
0
0
0
0
0
0
0
0
0
0
0
0
0
0
0
0
0
0
0
0
0
0
0
0
0
0
0
0
0
0
0
0
0
0
0
0
0
0
0
0
0
0
0
0
0
0
0
0
0
0
0
0
0
0
0
0
0
0
0
0
0
0
0
0
0
0
0
0
0
0
0
0
0
0
0
0
0
0
0
0
0
0
0
0
0
0
0
0
0
0
0
0
0
0
0
0
0
0
0
0
0
0
0
0
0
0
0
0
0
0
0
0
0
0
0
0
0
0
0
0
0
0
0
0
0
0
0
0
0
0
0
0
0
0
0
0
0
0
0
0
0
0
0
0
0
0
0
0
0
0
0
0
0
0
0
0
0
0
0
0
0
0
0
0
0
0
0
0
0
0
0
0
0
0
0
0
0
0
0
0
0
0
0
0
0
0
0
0
0
0
0
0
0
0
0
0
0
0
0
0
0
0
0
0
0
0
0
0
0
0
0
0
460.715160573047
0
0
0
0
0
0
0
0
0
0
0
0
0
0
0
0
0
0
0
0
0
0
0
0
0
0
0
0
0
0
0
0
562.833027044625
-829.530700217713
-1000
1000
1000
1000
392.363727262338
1000
-1000
-1000
1000
-1000
374.651399111976
1000
1000
-1000
-1000
-1000
1000
-1000
1000
1000
167.978964337983
-1000
-1000
-1000
-1000
-1000
1000
-1000
-1000
997.509664555696
-1000
-1000
1000
-1000
-1000
-1000
-1000
-1000
-1000
1000
-1000
-1000
-1000
1000
-1000
1000
-1000
-374.600243527665
-1000
-1000
-374.651399111976
374.651399111976
-1000
0
0
0
0
0
0
1000
0
0
0
0
0
-1000
0
0
0
0
1000
0
-1000
-1000
-0.48054040573777
491.801037310306
0
0
0
0
0
1000
0
0
0
434.270393449552
0
0
0
0
0
-0.00365927360303431
0.00365927360302093
0
0
-0.00365927360303431
-0.00365927360303431
0
0
0
0
0
0
0
0
0
0
0
0
0
0
0
0
0
0
0
0
0
0
0
0
0
0
0
0
0
0
0
0
0
0.00365927360302093
0
0
-1000
-1000
1000
1000
0
0
0
0
0
-0.00365927360303431
0.371478142482488
0
0
0
0
249.504253500482
0
0
0
0
0
0
0
0
0
0
0
0
-277.541195998482
0
0
0
-500
0.00365927360302093
0
0
0
0
853.994905176527
0
0
0
0
0
0
-1000
277.541195998482
1000
0
0
0
0
0
0
0
0
0
0
0
0
0
0
0
0
0
0
0
0
0
0
0
0
0
0
0
0
0
0
0
0
0
0
0.00365927360302093
0
0
0
0
1000
0
1000
0
0
1.97860989574901
0
0
0
0
1000
0
-539.209373265816
0
0
0
0
0
0
0
0
0
0
0
0.00365927360303431
862.04223337247
135.847253085322
748.021390104251
561.119324692907
0
0
148.179741452983
999.991452856101
1000
0
0
0
0
0
0.00365927360326168
0
0
1000
0
0
64.2804317794283
0
918.688377281588
0
0
-1000
0
0
-1000
0
-316.714270144391
1000
0
0
0
0
0
0
0
0
0
0
0
0.00854714389879518
-1000
0
0
0
849.982809081527
0
0
389.192182347343
0
0
0
0
0
1000
0
998.107753380695
0
0
0
0
0
0
0
0
0
0
0.989304947874503
0
0.00365927360302093
-0.00365927360303431
0.00365927360302093
0.00365927360302093
0
0
0.00365927360303431
0
0
0
0.98930494787453
250
0
-0.0109778208091029
-1000
-998.107753380695
-1000
1000
-0.0790447292382623
-1000
0
0
-1000
-1000
1000
-1000
0
0
0
0
0
0
0
0
0
0
0
0
0
0
0.0790447292382623
0
0
0
0
0
0
0
0
0
1000
0
0
0
0
0
0
0.00182433350643362
0
1000
0
0
0
0
0
0
0.00365927360302093
0
0
0
0
0
0
0
0
0
0
-1000
0
0
0
0
0
0
0
0
0
0
0
0
0
1000
0
0
0
1000
0
0
0
0
0
0
0
0
0
0
0
0
0
0
0
0
0
0
0
0
0
0
0
0
0
0
0
0
2.35996630919465
0
0
0
0
0
0
0
0
0
0
0
0
0
0
0
0
0
0
0
0
0
0
0
0
0
0
0
0
0
0
0
0
0
0
0
0
0
0
0
0
0
0
0
0
0
0
0
0
0
0
0
0
0
0
0
0
0
0
0
0
0
0
0
0
0
0
0
0
0
0
0
0
0
0
0
0
0
0
0
0
0
0
0
0
0
0
0
0
0
0
0
0
0
0
0
0
0
0
0
0
0
0
0
0
0
0
0
0
0
0
0
0
0
-999.987229665455
0
0.00182433350641986
0
0.0200782751609268
0
0
-0.0127703345450527
0
1000
0
0
0
0
0.016429608148087
0
0
0
0
0
0
0
0
0
0
0
0
0
0
0
0
0
0
0
0.00365927360302093
0.00365927360302093
0.00365927360302093
-1000
0
-1000
0
556.853899328595
1000
0
0
0
0
0
0
0
1000
-849.982809081527
0
0
0
0
0
0
0
0
0
1000
-1000
0
999.86201477417
-0.137985225830107
-1000
-1000
-1000
-999.86201477417
0.137985225830107
-1000
0
0
0
0
0
0
0
0
0
0
-389.192182347343
-1000
0
1000
0.400805364257457
0.00365927360302093
0.00365927360302093
0.00365927360302093
0.00365927360302093
0.00365927360302093
0
0
0
1000
0
0
0
0
0
0
0
0
0
0
0
0
0
0
0
-1000
0
0
0
0
0
0
0
0
1000
-1000
0
1000
0
0
-1000
0
0
0
0
0
0
0
0
0
0
0
0
0
0
0
0
0
0
0
0
0
0
0
0
0
0
0
0
0
0
0
0
0
0
0
0
0
0
0
0
0
0
0
0
0
0
0
-649.256055941526
0
0
0
0
0
0
0
0
0
0
-1000
0
0
0
0
0
0
0
374.600243527665
1000
-1000
-1000
-1000
-1000
-1000
0
0.0219132152575108
0
0
0
0
-1000
-1000
0
0
249.504253500482
0
0
0
0
-1000
4.0996945815024
0
0
0
0
0.588499583617046
0.588499583617046
-510.82500857113
-999.985405331949
0
0
0
0
0
0
0
0
-1000
0
0
0
0
0
0
0
1000
0.00365927360302093
0
0
0
0
0
0
0
0
1000
0
0
0
1000
0
0
0
-1000
0
0.00547300051930087
0
0
-926.865601545452
0
-1000
0
0
0
-1000
-1000
0
0
0
0
-67.9944487923774
0
0
0
67.8564635665473
-84.1406016494251
84.1406016494251
0
0
0
0
-1000
1000
0
0
0
-1000
-1000
0
0
-1000
0
0
0
0
0.000910840929447602
0
0
0
0
0
0
0
0
998.107753380695
0
1000
0
0
0
0
0
0
0
0
0
0
-1000
0
0
-1000
1000
-1000
683.285729855609
1000
0
0
0
0
0
0
0
0
-1000
0
0
1000
0.00182433350643362
0.00182433350643362
0
1000
-507.457976689811
-507.457976689811
431.532320789761
0
0
0
0
0
0
0
0
0
0
0
0
0
0
0
0
0
0
0
0
0
0
0
0
0
0.00365927360303431
0
0
0
0
0
0
0
0
0
0
0
0
0
0
0
0
0
0
0
0
0
0
0
0
0
0
0
0
0
0
0
0
0
0
0
0
0
0
0
0
0
0
0
0
0
0
-1000
0
-1000
0
0
0
0
0
0
-1000
0
0
0
0
0
0
0
0
0
0
0
-1000
0
0
0
0
0
0
0
0
0
0
0
0
0
1000
250
0
0
874.678421461167
0
0
0
0
0
0
0
0
0
0
0
0
0
0
0
67.8564635665473
0
0
0
0
0
0
0
0
0
0
0
0
250
0
0
0
0
0
0
0
0
0
0
67.8564635665473
0
250
-250
0
-250
0
0
0
0
0
0
0
0
0
0
0
0
0
0
0
0
0
0
0
0
0
0
0
0
0
0
0
0
0
0
0
0
0
0
0
0
0
0
0
0
0
0
0
0
0
0
0
0
0
0
0
0
0
0
0
0
0
0
0
0
0
0
0
0
0
0
0
0
0
0
0
0
0
0
0
0
0
0
-250
0
0
0
0
0
0
0
250
0
0
0
0
250
0
0
0
0
0
0
0
0
0
0
0
0
0
0
0
0
0
0
0
0
0
0
0
0
0
0
0
0
0
0
0
0
0
0
0
0
0
0
0
0
250
0
0
0
0
0
0
-1000
0
0
0
0
0
0
0
0
0
0
0
0
0
0
0
0
0
0
0
0
0
0
403.691528715082
0
70.3581953817489
70.358195381749
0
-96.311320332884
0
-723.387239979857
728.220013459244
-4.66610417335937
0
-1000
0
0
-1000
0
0
0
0
395.979479908251
0.0219556416180922
0
0
0
0
0
0
0
0
0
0
0
0
0
0
0
0
0
0
0
0
0
0
0
0
0
0
0
0
0
0
0
0
0
0
0
0
0
0
0
0
0
0
0
0
0
0
0
0
0
0
0
0
0
0
0
0
0
0
0
0
0
0
0
0
0
0
0
0
0
0
0
0
0
0
0
0
0
0
0
0
0
0
0
0
0
0
0
0
0
0
0
0
0
0
0
0
0
0
0
0
0
0
0
0
0
0
0
0
0
0
0
0
0
0
0
0
0
0
0
0
0
0
0
0
0
0
0
0
0
0
0
0
0
0
0
0
0
0
0
0
0
0
0
0
0
0
0
0
0
0
0
0
0
0
0
0
0
0
0
0
0
0
0
0
0
0
0
0
0
0
0
0
0
0
0
0
0
0
0
0
0
0
0
0
0
0
0
0
0
0
0
0
0
0
0
0
0
0
0
0
0
0
0
0
0
0
0
0
0
0
0
0
0
0
0
0
0
0
0
0
0
0
0
0
0
0
0
0
0
0
0
0
0
0
0
0
0
0
0
0
0
0
0
0
0
0
0
0
0
0
0
0
0
0
0
0
0
0
-493.254383229053
0
0
0
0
0
0
0
0
0
0
0
0
0
0
0
-493.254383229053
0
0
0
0
0
0
0
250
0
0
0
0
0
0
431.532320789761
0
0
0
0
0
0
0
0
0
0
-1000
0
0
0
0
0.00365927360303431
-488.739087090029
-510.82500857113
0
0
0
0
0
0
0
0
0
0
0
0
0
0
0
0
0
0
0
0
0
0
0
0
0
0
0
0
0
0
0
0
0
0
0
0
0
0
0
0
0
0
0
0
0
0
0
0
0
0
0
0
0
0
0
0
0
0
0
0
0
0
0
0
0
0
0
0
0
0
0
0
0
0
0
0
0
0
0
0
0
0
0
0
0
0
0
0
0
0
0
0
0
0
0
0
0
0
0
0
0
0
0
0
0
0
0
0
0
0
0
0
0
0
0
0
0
0
0
0
0
0
0
0
0
0
0
0
0
0
0
0
0
0
0
0
0
0
0
0
0
0
0
0
0
0
0
0
0
0
0
0
0
0
0
1000
0
767.015126374314
649.24873739432
0
0
0
0
0
0
0
1000
0.00365927360303431
0
0
-1000
0
1000
0
0
0
0
0
0
0
0
0
0
0
0
0
0
0
0
0
0
0
0
0
0
0
0
0
319.19762062659
0
0
0
0
0
0
0
0
0
0
0
0
0
0
0
0
0
0
0
0
0
0
0
0
0
0
0
0
0
0
0
0
0
0
0
0
0
0
0
0
0
0
0
0
0
0
0
0
0
0
0
0
0
0
0
0
0
0
0
0
0
0
0
0
0
0
0
0
0
0
0
0
0
0
0
0
0
0
0
0
0
0
0
0
0
0
0
0
0
0
0
0
0
0
0
0
0
0
0
0
0
0
0
0
0
0
0
0
0
0
0
0
0
0
0
0
0
0
0
0
0
0
0
0
0
0
0
0
0
0
0
0
0
0
0
0
0
0
0
0
0
0
0
0
0
0
0
0
0
0
0
0
0
0
0
0
0
0
0
0
0
0
0
0
0
0
0
0
0
0
0
0
0
500
88.3882512806988
-344.963064575198
0
0
-0.98930494787453
0
0
471.77229121073
19.5514811832906
42.7357194942179
0.106065901536839
88.3882512806988
0
0
0
0
0
0
0
0
0
0
0
0
0
0
0
0
0
0
0
0
0
0
0
0
0
0
1000
-1000
0
0
-1000
988.643166970694
0
510.82500857113
-447.578542448902
0
168.688377281587
0
-1000
0
500
0
0
0
0.00365927360302093
0
0
0
0
0
0
0
0
0
0
0
0
0
0
0
0
67.8564635665473
0
0
0
0
-680.789609038865
-66.0604268661505
-2.89768974243168
0
-10.8589739663907
-21.2882396103553
-43.4143600681385
-34.0443613245848
-10.6314670270068
-1000
-26.8979634961497
-4.66610417335937
-31.8432861553048
526.831413876492
-1000
0
0
0
0
-1000
-103.629246066947
-17.7427437837955
-26.8628998768667
-1000
-10.4368802918123
-24.2188448892307
-684.247864189827
514.84556280566
295.383847197187
0
0
-1000
-1000
0
1000
1000
0
1000
-1000
0
0
0
-11.0309456836126
0.371478142482488
0
1000
-539.209373265816
0
0
0
0
0
-1000
0
0
0
0
0
0
0
0
-0.00365927360303431
-0.00365927360303431
0
0
0
0
0
0
0
0
0
0
0
0
0
0
0
0
0
437.166972955375
0
625.399756472335
0
0
1000
-1000
249.504253500482
-0.00365927360303431
-0.00365927360303431
-1.00856298006352
649.256055941526
0
0
-0.00365927360303431
0
-0.00365927360303431
0
0
-500
-0.00365927360303431
0
0
0
-0.00365927360303431
0
0
0
0
0
277.541195998482
0
0
0
0
0
767.015126374314
0
0
0
0
0
-0.0109778208091029
0
0
0
0
0
0
-750.32907719349
507.027848275447
0
0
0
-832.021035662017
0
1000
0
0
-0.00365927360303431
-277.541195998482
0
0
0
0
0
0
0
0
0
0
0
0
0
853.994905176527
-3.20267757455508
-0.48054040573777
-1000
-1000
500
0
0
0
491.801037310306
-491.801037310306
0
0
0
2.49033544430358
0
0
0
0
0
0
-4.02932869465781
0
500
-1000
0
1000
500
1000
0
0
431.883059715625
-502.991201033584
0
0
0
-500
0
0
0
0
0
-1000
-1000
0
0
0
0
-0.0511555843112319
0
0
0
0
0
-1000
1000
0
0
0
0
0
0
1000
-1000
-1000
486.210710226254
0
0
0
0
0
0
0
0
0
0
1000
0
-0.479289016802227
-0.137985225830107
-37.359499893494
-1000
-2.03528208099362
-9.59363246879354
-1.31085964538579
-7.41670588836678
-3.96707524261478
-0.137985225830107
0
0
522.332983672435
0
-0.137985225830107
-1000
-0.137985225830107
-0.137985225830107
0
-1.00039288726805
0
-0.137985225830107
-51.6745562324352
-53.2967934768681
0
-4.09969458150238
0
0
-0.137985225830107
-0.863318502367406
0
-0.137985225830107
-0.137985225830107
-0.137985225830107
-0.137985225830107
-4.00157154907231
0
-8.62407661437999
0
0
0
-1000
1000
0
0
-1000
1000
-0.00365927360303431
0
1000
-1000
0
0
0
-1000
0
0
0
0
0
0
0
0
0
0
0
0
0
0
0
0
0
0
-1000
1000
-1000
1000
1000
319.19762062659
-1000
1000
-250
-0.137985225830107
-0.137985225830107
0
0
0
0
1000
-4.83277347938679
4.66610417335937
395.979479908251
0.0219556416180922
0
0
0
0
0
-1000
-1000
0
0
0
0
0
0
0
0
0
0
0
0
0
0
0
0
0
0
0
0
0
0
0
0
0
0
0
0
0
0
0
0
0
0
0
0
0
0
0
0
0
0
0
0
0
0
0
0
0
0
0
0
0
0
0
0
0
0
0
0
0
0
0
0
0
0
0
0
0
-0.137985225830107
0
0
0
0
0
0
0
0
0
0
0
0
0
0
0
0
0
0
0
0
0
0
0
0
0
0
0
0
0
0
0
0
0
0
0
0
0
0
0
0
0
0
0
0
0
0
0
0
0
0
0
0
0
0
0
0
0
0
0
0
0
0
0
0
0
0
0
0
0
0
0
0
0
0
0
0
0
0
0
0
0
0
0
0
0
0
0
0
0
0
0
0
0
0
0
0
0
0
0
0
0
0
0
0
0
0
0
0
0
0
0
0
0
0
0
0
0
0
0
0
0
0
0
0
0
0
0
0
0
0
0
0
0
0
0
0
0
0
0
0
0
0
0
0
0
0
0
0
0
0
0
0
0
0
0
0
0
0
0
0
0
0
0
0
0
0
0
0
0
0
0
0
0
0
0
0
0
0
0
0
0
0
0
0
0
0
0
0
0
0
0
0
0
0
0
0
0
0
0
0
0
0
0
0
0
0
0
0
0
0
0
0
0
0
0
0
0
0
0
0
0
0
0
0
0
0
0
0
0
0
0
493.254383229053
0
0
0
0
0
0
0
0
0
0
0
0
0
0
0
0
0
0
0
0
0
0
0
0
0
-767.015126374314
0
1000
0
1000
488.739087090029
0
0
0
0
0
0
0
0
0
0
0
0
0
0
0
0
0
0
0
0
0
0
0
0
1000
0
-1000
0
-649.24873739432
-0.00365927360303431
0
0
0
0
0
0
0
0
-1000
0
0
0
0
0
0
0
0
0
0
0
0
0
0
0
0
0
0
0
0
0
0
0
0
0
0
0
0
0
0
0
0
0
0
0
0
0
0
0
0
0
0
0
0
0
0
0
0
0
0
0
0
0
0
0
0
0
0
0
0
0
0
0
0
0
0
0
0
0
0
0
0
0
0
-1000
1000
1000
0
-0.137985225830107
-0.137985225830107
-0.137985225830107
-0.137985225830107
0
-0.137985225830107
-0.413955677490208
0
-0.137985225830107
-0.137985225830107
-0.137985225830107
-0.137985225830107
0
-0.137985225830107
-0.137985225830107
-0.137985225830107
-0.137985225830107
-0.137985225830107
-0.137985225830107
-0.137985225830107
0
-0.137985225830107
-0.137985225830107
-0.137985225830107
-1000
88.3882512806988
0
1000
0
0
0
0
0
0
0
0
0
0
0
