0
0
0
0
0
0
0
1000
-554.232704477881
0
1000
0
0
199.289405151496
0
0
999.741670526818
-999.741670526818
999.94071126845
0
0.0592887315499666
0
-1000
0.372672026885539
0
1000
-201.773122141959
0
-433.557961612818
0.0244162015170168
0
0
0
0
0
0.0326512828293641
0
0
0
35.5784942467077
0
0
0
0
0
0
602.401439742087
0
0
0
0
0
0
0
0
0
0
0
0
0
0
0
0
0
0
433.557961612818
0
0
0
0
0
0
0
1.56093767801383
1.56093767801383
0
0
0
0
0
0
-1000
0
0
0
0
0
0
0
0
0
0
0
0
0
0
0
0
0
0
0
0
0
0
0
0
0
0
0
0
0
0
63.8445519686384
0
0
0
0
0
0
0
0
0
0
0
0
0
0
0
0
0
554.232704477881
0
0
1000
0
0
0
0
1000
0
0
0
-14.8430955445235
0
0
0
0
-1000
0
0
0
-204.415705605329
0
0
598.522451585695
1000
1000
401.469078595512
0
204.415705605329
0
-1000
401.469078595512
600.758483747008
1000
-800.710594848504
0
204.415705605329
1000
0
0
0
0
0
-211.348116974104
-1000
0
456.146223562989
0
0
0
-3.98864087513437
0
0
0
0
0
0
0
333.203517083449
-1000
0
0
0
0
0
0
0
329.045479832458
-329.045479832458
0
0
0
0
0
-3.99287578453072
0
760.195476255854
1000
0
0
0
0
0
0
0
0
0
999.741670526818
539.864526821023
0
0
-1000
998.830692028081
0
0.46772318876765
0
0
0.701584783151474
0
0
0
3.99287578453072
0
0
789.180953011435
-210.819046988565
0
-789.180953011435
0
0
0
0
0
0
0
0
0
0
-401.200934573737
0
-1000
1000
1000
-1.56093767801383
0
1000
1000
-1000
-1000
-0.980354810746007
999.453947191292
-1.49176369569898
0
-1000
0
1000
-0.701584783151475
1000
0
0
-0.00180782895438369
0
0.182101104046326
0
-0.182101104046296
0
0.00180782895433788
0
0
0
0
0
0
0
0
1000
0
0
0
0
0
0
0
0
287.001911677519
0
1000
0.476193007560482
0
0
1000
0
-0.182101104046296
0
-0.701584783151475
0
0
0.701584783151475
2.19334847885043
0
0
0
0
0
0
-1000
0
0
0
0.632884655228281
0.701584783151475
0
-1000
-0.980354810746007
0
0.00362616854213608
0
0
0
0
0
0
0
0
0
0
0
712.998088322481
0
0
0
2.33861594383825
0
9.84496000327412
0
0
0
0
0
0
0
0
1000
677.035588844357
-760.191241346458
-1000
1000
1000
-1000
-1000
-1000
1000
1000
-1000
0
1000
1000
0
-1000
0
0
0
0
-1000
0
1000
1000
0
-1000
1000
0
0.0783296199407459
-1000
0
0
0
0
0
0
0
0.980354810745964
-999.741670526818
-1000
1000
1000
1000
-1000
-232.532226091065
-1000
-767.935497097702
1000
1000
0
1000
-1000
-1000
-1000
1000
1000
-1000
-1000
1000
994.594360192594
-1000
1000
0
0
0
0
0
0
0
0
0
-543.857402605554
0
0
0
-105.480445027567
1000
0
0
0
-51.9145459068116
63.7898885619599
0
0
0
0
0
0
0
0
0
0
41.7138748654987
0
0
0
0
0
0
734.135057213249
-57.7361051553578
-676.398952057891
0
0
676.398952057891
0
0
0
0
0
0
0
0
0
0
0
0
0
0
0
0
0
0
0
0
0
0
0
0
0
0
0
0
0
0
0
0
0
0
0
0
0
0
0
0
0
-1000
-1000
0.10587273491069
0.10587273491069
0
-999.298415216848
0
0
0
0
0
0
0
0
0
0
0
0
0
0
0
0
0
0
0
0
0
0
0
0
0
0
0
0
0
0
0
0
0
0
0
0
0
0
0
0
0
0
0
0
0
0
0
0
0
0.165161466460622
0
0
0
1000
0
165.62471067535
0
165.62471067535
0
0
-1000
0
0
0
0
0
0
0
0
0
0
0
0
0
0
0
0
0
0
0
0
0
0
0
0
-526.203841954382
0
0
0.165161466460622
0
0
0
0
0
0
0
0
0
1000
0
0
0
0
0
0
0
0
0
0
0
0
0
0
0
0
0
0
0
0
0
0
0.00362616854213121
0
0
0
0
0
0
0
0
0
0
-1000
0
0
0
0
0
0
0
0
0
0
0
0
0
1000
0
1000
0
0
0
0
0
0
0
0
0
0
0
0
0
0
0
0
0
0
0
0
0
-1000
0
0.00423490939642619
0
0
0
0
0.76651860075314
0.76651860075314
0
988.820990983684
0
0
0
0
0
0
0
0
0
0
0
0
0
0
0
0
0
0
0
0
0
0
0
0
0
1000
0
0
0
1000
0
0
-1000
0
0
0
0
2.20215288614162
0
0
2.20215288614162
0
0
0
0
0
0
0
0
0
0
2.20215288614162
0
2.20215288614162
0
0
0
13.1368685043689
37.4470878007099
23.9362159225512
17.5314081463998
25.9932344783954
8.55532717544309
20.0091804977576
36.6055802096827
33.7070540628113
10.6590961530111
20.6636864018899
42.5896341903205
33.6135532193639
10.3785936226687
17.2041551943337
23.8427150791037
30.9020287593874
25.011475622197
4.58154132892581
31.1825312897297
0
0
0
0
0
0
0
0
0
0
0
0
0
0
0
0
0
0
0
0
0
0
0
0
0
0
0
0
0
0
0
0
0
0
0
0
0
0
0
0
0
0
0
0
0
0
0
0
0
0
0
0
0
0
0
0
0
0
0
0
0
0
0
0
0
0
0
0
0
0
0
0
0
0
0
0
0
0
0
0
0
0
0
0
0
0
0
0
0
0
0
0
0
0
-1000
0
0
967.195671836891
0
0
0
-322.964411155643
-322.964411155643
1000
1000
594.336784451687
0
0
0
0
0
0
-51.9145459068116
-594.489241189958
-594.489241189958
-1000
0
-353.079944372341
0
-289.408633273481
1000
594.34525427048
1000
1000
0
0
1000
0
-1000
-1000
-1000
0
646.920055627659
0
0
0
353.079944372341
0
0
0
0
0
0
0
0
0
0
0
0.00362616854215503
323.948392134931
1000
1000
0
500
750.001503458527
2.51268633458073
5
0
0
0
0
0
0
426.461536432244
0
0
0
0.160497676395835
0
5.33654774016247
-0.160497676395835
-0.160497676395835
0.160497676395835
0
89.0762103997042
331.708144915811
0.160497676395835
0
0
0
60.1063798102509
-0.160497676395835
10.0311047747415
0
-999.839502323604
0.160497676395835
-0.160497676395835
0
0
0
0
0
0
0
0
0
0
0
0
0
0
0
0
0
-0.00531312521172822
0
0
0
0
0
0.0198966291311535
0
0
0
0
0
0
0
0
-0.0198966291311535
0
0
0
0
0
0
0
0
0
0
0
0
0
0
0
0
0
0
0
0
0
0
0
0
0
0
0
0
0
0
0
0
0
0
0
0
0
0
0
0
0
0
0.00531312521172822
0
0
0
0
0
0
0
0
0
0
0
0
0
0
0
0
0
0
0
0
0
0
0
0
0
0
0
0
0
0
0
0
0
0
0
0
0
0
0
0
0
0
0
0
0
0
70.7741621653641
0
0
0
0
0
0
0
0
0
0
0
0
0
0
0
0
0
0
0
0
0
0
0
0
0
0
0
0
0
0
0
0
0
0
0
0
0
0
0
0
0
0
0
0
0
0
0
0
0
0
0
0
0
0
0
0
0
0
0
0
0
0
70.7741621653641
70.7741621653641
70.7741621653641
70.4531668125724
0
0
0
0
0
0
0
0
0
0
0
0
0
0
0
0
0
0
0
0
0
0
0
0
0
0
0
0
0.160497676395864
0.160497676395864
176.782531785035
8.78724778267355
0
0.320995352791727
10.0311047747415
0
0
0
0
0
0
0
0
0
0
0
0
0
0
0
0
0
0
0
0
0
0
0
0
0
0
0
0
0
0
0
0
0
0
0
0
0
0
0
0
0
0
0
0
0
0
0
0
0
0
0
0
0
0
0
0
0
0
0
0
0
0
0
0
0
0
0
0
0
0
0
0
0
0
0
0
0
0
0
0
0
0
0
0
0
0
0
0
0
0
0
0
0
0
0
0
0
0
0
0
0
0
0
0
0
0
0
0
0
0
0
0
0
0
0
0
0
0
0
0
0
0
0
0
0
0
0
0
0
0
0
0
0
0
0
0
0
0
0
0
0
0
0
0
0
0
0
0
0
0
0
0
0
0
0
0
0
0
0
0
0
0
0
0
0
0
0
0
0
0
0
0
0
0
0
0
0
0
0
0
0
0
0
0
0
0
0
0
0
0
0
0
0
0
0
0
-1000
0
0
0
0
0
0
0
0
0
0
0
0
0
0
0
0
0
0
1000
0
0
0
0
0
0
0
0
0
0
0
0
0
0
0
0
0
0
0
0
0
0
0
0
0
0
0
0
0
0
0
0
0
0
0
0
0
0
0
0
0
0
0
0
0
0
0
0
0
0
0
0
0
0
0
0
0
0
0
0
0
0
0
0
0
0
0
0
0
0
0
0
1000
1000
0
0
0
0
0
0
0
0
0
0
0
0
0
0
0
0
0
-1000
0
-1000
0
0
0
0
0
0
0
1000
1000
0
0
0
0
0
0
0
0
0
0
0
0
0
0
0
0
0
0
0
0
0
0
0
0
0
0
0
0
0
0
0
0
0
0
0
0
0
0
0
0
0
0
0
0
0
0
0
0
0
0
0
0
0
0
0
0
0
0
0
0
0
0
0
0
0
0
0
0
0
0
0
0
0
0
0
0
0
0
0
0
0
0
0
1000
117.514071503869
0
0
0.160497676395835
0
-817.55992512201
0
0
176.62203410864
0
817.399427445614
-0.160497676395835
322.920897133138
0
0
0
0.00531312521172822
0
0
-1000
999.839502323604
0
0
0
0
0
0
0
0
0
0
0
0
0
-1000
0.00531312521172822
0
0
0
-0.0198966291311535
0
0
0
0
0
0
0
0.0198966291311535
0
0
0
0
0
426.461536432244
0
1000
-176.461536432244
-176.461536432244
882.485928496131
-117.514071503869
1000
-0.0217570112528165
0
0
0.160497676395835
-0.160497676395835
0
0
182.44007487799
-182.44007487799
1000
0
0
0
-176.62203410864
-176.62203410864
-1000
0
-182.600572554386
-817.399427445614
-1000
0
-677.079102866862
-322.920897133138
-1000
0
0
0
0
0
-1000
0
0
0
0
0
-1000
1000
-1000
0
0
0
-1000
0
0
0
-1000
0
0
0
0
0
0
0
0
0
0
0
0
0
0
0
0
0
0
0
-1000
1000
-1000
0
-1000
0
-1000
0
-1000
0
0
0
0
0
0
0
0
0
-1000
0
-1000
0
1000
0
-1000
0
323.103151820786
0
-1000
0
0
0
0
0
0
0
0
0
0
0
-1000
250
-250
0
0
0
0
0
0
0
0
0
0
0
0
0
0
0
0
0
0
0
0
0
0
0
0
0
0
0
0
0
0
0
0
0.00531312521172822
-0.00531312521172822
0
0
0
0
0
0
0
0
0
0
0
0
0
0
0
0
0
0
0
0
0
0
0
0
0
0
0
0
0
0
0
0
0
0
0
0
0.00531312521172822
-0.00531312521172822
0
0
0
0
0
0
0.0198966291311535
0.0198966291311535
0
0
0
0
0
0
0
0
0
0
0
0
0
0
0
0
-0.0198966291311535
-0.0198966291311535
0
0
0
0
0
0
0
0
0
0
0
0
0
0
0
0
0
0
0
0
0
0
0
0
0
0
0
0
0
0
0
0
0
0
0
0
0
0
0
0
0
0
0
0
1.18766304147683
0.00362616854213121
0
0
0
0
0
0
0
0
0.149433179380657
0
0
0
0
0
0
0
0
0
0
0
0
0
0
0
0
0
0
0
0
0
0
0
0
0
0
0
0
0
0
0
0
0
0
0
0
0
0
0
0
0
0
0
0
0
0
0
0
0
0
0
0
0
0
0
0
0
0
0
0
0
0
0
0
182.44007487799
182.44007487799
182.44007487799
0
0
0
0
0
0
0
0
0
0
0
0
0
0
0
0
0
0
0
0
0
0
0
0
0
0
0
0
0
0
0
0
0
0
0
0
0
0
0
0
0
0
0
0
0
0
0
0
0
0
0
0
0
0
0
0
0
0
0
0
0
0
0
0
0
0
0
0
0
0
0
0
0
0
0
0
0
0
0
0
0
0
0
0
0
0
0
0
0
0
0
0
0
0
0
0
0
0
0
0
0
0
0
0
0
0
0
0
0
0
0
0
0
0
0
0
176.62203410864
176.62203410864
176.62203410864
176.62203410864
-176.62203410864
0
0
0
0
0
0
0
0
0
0
0
0
0
0
0
0
0
0
0
0
0
0
0
0
0
0
0
0
0
0
0
0
0
0
0
0
0
0
0
0
0
0
0
0
0
0
0
0
0
0
0
0
0
0
0.00362616854213121
0.00362616854213121
0.00362616854213121
0.00362616854213121
0.00362616854213121
0
0
0
0
0
0
0
0
0
0
0
0
0
0
0
0
0
0
0
0
0
0
0
0
0
0
0
0
0
0
0
0
0
0
0
0
0
0
0
0
0
0
0
0
0
14.8430955445235
14.8430955445235
-14.8430955445235
4.93923745490954
-2.46780564318374
2.4678056431837
2.4678056431837
2.4678056431837
0
0
0
0
0
0
0
0
0
0
0
0
0
0
0
0
0
0
0
0
2.4678056431837
0
2.46057432736635
2.4678056431837
2.4678056431837
2.4678056431837
2.4678056431837
2.4678056431837
2.4678056431837
2.4678056431837
2.4678056431837
2.4678056431837
2.4678056431837
2.4678056431837
2.4678056431837
2.4678056431837
2.4678056431837
2.4678056431837
2.4678056431837
14.8430955445235
14.8430955445235
4.93923745490954
4.93923745490954
0
0
0
0
0
0
0
0
0
0
0
0
0
0
0
0
0
0
0
0
0
0
0
0
0
0
0
0
0
0
0
0
0
0
0
0
0
0
0
0
0
0
0
0
0
0
0
0
0
0
0
0
0
0
0
0
0
0
0
0
0
0
0
0
0
0
0
0
0
0
0
0
0
0
0
0
0
0
0
0
0
0
0
0
0
0
0
0
0
0
0
0
0
0
0
0
0
0
0
0
0
0
0
0
0
0
0
0
0
0
0
0
0
0
0
0
0
0
0
0
0
0
0
0
0
0
0
0
0
0
0
0
0
0
0
0
0
0
0
0
0
0
0
0
0
0
0
0
0
0
0
0
0
0
0
0
0
0
0
0
0
0
0
0
0
0
0
0
0
0
0
0
0
0
0
0
0
0
0
0
0
0
0
0
0
0
0
0
0
0
0
0
1.18766304147683
398.761807097873
398.761807097873
0
3.68362667168769
3.68362667168769
0
-402.44543376956
0
3.68362667168769
0
397.574144056396
0
0
0
0
3.68362667168769
0
3.68362667168769
3.68362667168769
0
0
0
0
0
0
0
0
0
0
0
0
0
0
0
0
0
0
0
0
0
0
0
0
0
0
0
0
0
0
402.44543376956
0
0
0
0
0
0
0
0
0
0
0
0
0
0
0
0
0
0
0
0
0
0
0
0
0
0
0
0
0
0
0
0
0
0
0
0
0
0
0
0
0
0
0
0
0
0
0
0
0
0
0
0
0
0
0
0
0
0
0
0
0
0
0
0
0
0
0
0
0
0
0
0
0
0
0
0
0
0
1.18766304147683
0.00362616854213121
0
0
0
0
0
0
0
1.56353030093279
0
0
0
0.980354810745964
0.980354810745964
0.980354810745964
0
0
0
0
0
0
1.34072238939962
0
0
0
0.00362616854213121
0
0
0
0
-1.34072238939962
1.34072238939962
0
0
0
0
0.368117419054808
0
0
0
0
0
0.232761481415487
0
0.222807911533174
0
0
0
0
0
0
0
0
0
0
10.9311498858275
10.9311498858275
10.9311498858275
0
0
0
0
-0.149433179380708
0
0
0
0
0
0
0
0
0
0
0
0
0
0
0
0
0
0
0
0
0
0
0
0
0
0
0
0
0
0
0
0
0
0
0
0
0
0
0
0
0
0
0
0
0
0
0
0
0
0
0
0
0
0
0
0
0
0
0
0
0
0
0
0
0
0
0
0
0
0
0
0
0
0
0
0
0
0
0
0
0
0
0
0
0
0
0
0
0
0
0
0
0
0
0
0
0
0
0
0
0
0
0
0
0
0
0
0
0
0
0
0
0
0
0
0
0
1000
0
0
1000
1000
0
0
0
0
0
0
0
0
0
0
0
0
0
0
0
0
0
0
0
0
0
0
0
0
0
0
0
0
0
0
0
0
0
0
0
0
0
0
0
0
0
0
0
0
0
0
0
0
0
0
0
0
0
0
0
0
0
0
0
0
0
0
0
0
0
0
0
0
0
0
0
0
0
0
0
0
0
0
0
0
0
0
0
0
0
0
0
0
0
0
0
0
0
0
0
0
0
0
0
0
0
0
0
0
0
0
0
0
0
0
0
0
0
0
0
0
0
0
0
0
0
0
0
0
0
0
0
0
0
0
0
0
0
0
0
0
0
0
0
0
0
0
0
0
0
0
0
0
0
0
0
0
0
0
0
0
0
0
0
0
0
0
0
0
0
0
0
0
0
0
0
0
0
0
0
0
0
0
0
0
0
0
0
0
0
0
0
0
0
0
0
0
0
0
0
0
0
0
0
0
0
0
0
0
0
0
0
0
0
0
0
0
0
0
0
0
0
0
0
0
0
0
0
0
0
0
0
0
0
0
0
0
0
0
0
0
0
0
0
0
0
0
0
0
0
0
0
0
0
0
0
0
0
0
0
0
0
0
0
0
0
0
0
0
0
0
0
0
0
0
0
0
0
0
0
0
0
0
0
0
0
0
0
0
0
0
0
0
0
0
0
0
0
0
0
0
0
0
0
0
0
0
0
0
0
0
0
0
0
0
0
0
0
0
0
0
0
507.458356870249
0
0
0
0
0
0
0
0
0
0
0
0
0
0
0
0
0
0
0
0
0
0
0
0
0
0
0
0
0
0
0
0
0
0
0
0
0
0
0
0
0
0
0
0
0
0
0
0
0
0
0
0
0
0
0
0
0
0
0
0
0
0
0
0
0
0
0
0
0
0
0
0
0
0
0
0.165161466460622
0.165161466460622
0
0
0
0.165161466460631
0
0.165161466460622
0
0
0
0
0.0254094563785573
0
0
0
0
0
0
0
0
0
0
0
0
0
0.999438617556677
0
0
0
0
0
0
0.999438617556677
0
0.999438617556677
0.999438617556734
0
0
0
0
0
0
0
0
0
0
0
0
0
0
0
0
0
0
0
0
0
0
0
0
0
0
0
0
0
0
0
0
0
0
0
0
0
361.836755113875
361.836755113875
0
0
0
0
0
0
0
0
0
0
0
0
0
0
0
0
0
0
0
0
0
0
0
0
0
0
0
0
0
0
0
0
0
0
0
0
0
0
0
0
0
0
0
0
0
0
0
0
1000
-1000
0.701584783151475
0
0
0
1000
-925.654578841937
-1000
0
0
0
0
-1000
0
0
0
0
0
0
0
0
0
0
0
0
0
0
0
0
0
0
0
0
0
0
0
0
0
0
0
0
0
0
0
0
0
0
0
0
0
0
0
0
0
925.654578841937
0
0
1000
0
0
0
0
0
0
0
0
0
0
0
0
0
0
-999.996373831458
999.996373831458
1000
999.996373831458
1000
-1000
-1000
0
0
0
0
0
0
0.00362616854215503
0
0
0
0
0
0
0
0
0
0
0
0
0
0
0
0
0
0
0
0
0
0
0.00271174343150682
0.00362616854213121
0.0099535698823138
1000
0.00180782895433788
0.00180782895433788
0.00362616854215503
0
0.000903914477168941
0.00180782895433788
0.0153875673788203
-0.00180782895438369
0.00180782895433788
0.00180782895433788
0.00180782895433788
0.00180782895433788
0.00180782895433788
-0.00180782895438369
-0.0036156579086537
0.00180782895433788
0.00180782895433788
0.00180782895438369
0.00180782895433788
-999.954741212341
-0.00543399749642504
999.952933383386
0.00362616854215503
0.00180782895433788
0.00180782895433788
0.00362616854213121
0.00362616854213121
-0.00362616854215503
-0.00362616854215503
0.00362616854215503
0.00362616854215503
0.00180782895433788
0.00180782895433788
0.00180782895433788
0.00180782895433788
-0.00543399749642504
-999.986420261576
0
0
0
0
0
0
-1000
0
0
0
0.00362616854213121
0
0
0
0
0.00181308427106561
0.00362616854215503
0.00362616854215503
0
0.00362616854213121
0
0
0
0
0
-0.00362616854215503
0
0
0.00723131581735152
0.00180782895433788
0.00542348686301364
0.00180782895433788
-0.00180782895438369
0.00180782895433788
0.00180782895433788
0.00180782895433788
0.00180782895433788
0.00180782895433788
0.00180782895433788
0.00361565790867576
0.00180782895433788
0.00180782895433788
0.00180782895433788
0.00180782895433788
0.00180782895433788
0
0.00180782895433788
0.00362616854213121
0.00362616854213121
0.00362616854213121
0.00362616854213121
0.00362616854213121
0.00362616854213121
0.00362616854213121
0.00362616854213121
0.00362616854213121
0.00362616854213121
0.00362616854213121
0.00362616854213121
0.00362616854213121
0.00362616854213121
0
0
0
0
0
0
0
0
0
0
0
0
-0.00362616854215503
0.00362616854213121
0.00362616854213121
0
0
0
0
0
0
0
0
0
0
0
0
0
0
0
0
0
0
0
0
0
0
0
0
0
0
0
0
0
0
0
0
0
0
0
0
0
0
0
0
0
0
0
0
0
0
0
0
0
0
0
0
0
0
0
0
0
0
0
0
0
0
1000
500
0
0
0
0
0
0.00362616854213121
0
0
0
0
0
0
0
0
0
0
0
0
0
0
0
0
0
0
0
0
0
0
0
-227.069424591753
0
0
0
-426.461536432244
0
0
0
0
0
0.160497676395864
0
0
0
0
0.160497676395864
0
0
0
0.160497676395864
0.160497676395864
0.160497676395864
0
0
0
0
61.9922275079023
0
0
0
0.160497676395864
0.160497676395864
0
0.160497676395864
0.160497676395864
0
0.160497676395864
0.160497676395864
0.160497676395864
0.160497676395864
0.160497676395864
0.160497676395864
0
0.160497676395864
0.160497676395864
0.160497676395864
0
0.160497676395864
0
0.160497676395864
0.160497676395864
3.37045120431314
1.00842360268588
4.61430819638108
4.65443261548004
2.36734072683899
0.160497676395864
0.160497676395864
11.1346918803813
0.160497676395864
0.160497676395864
0.160497676395864
0.160497676395864
76.8382625745197
1.16360815387001
8.62675010627767
43.4547458841801
0.581638496516695
0
0.160497676395864
0.160497676395864
1.5247279257607
0.160497676395864
0.160497676395864
0.160497676395864
-1000
0
0
397.574144056396
0
0
0
0
0
-32.8043281631088
-1000
-1000
0
0.999438617556677
-456.146223562989
0.165161466460745
1000
0
360.496032724476
287.001911677519
-1000
-1000
0
0
1000
0
0
0
0
-5.53975198675266
-953.873268949684
0
0
0
0
-287.001911677519
1000
-0.00362616854215503
0
0
0
-3.17370328959635
1000
712.998088322481
0
0
0
0.0244162015170559
1000
287.001911677519
-1000
-3.99287578453072
333.034729448446
0
1000
1000
0
1000
0
0
1000
847.006400970877
-1000
-1000
0
-1000
1000
0
-1000
1000
1000
0
0
0
0
0
0
-338.14191193591
0
0
0
0
0
0
0
0
0
0
0
0
0
0
0
0
0
598.025802463712
0
0
0
0
1000
0
0
0
0
0
144.612498151312
0
0
-1000
1000
-1000
-1000
1000
-1000
-1000
-1000
-1000
-1000
-1000
1000
1000
-1000
965.317506599356
-1000
-1000
-1000
1000
1000
1000
-1000
-1000
-38.9928297304054
-1000
1000
1000
1000
1000
1000
-1000
1000
-1000
973.380125934421
-1000
-1000
-1000
-1000
-1000
-1000
-1000
-1000
-1000
1000
335.411019718201
-1000
-1000
-1000
-1000
-1000
-1000
-1000
1000
1000
-988.361548207404
-1000
-1000
-1000
-1000
-1000
-1000
-1000
-1000
-1000
-977.826262937068
-1000
-1000
-55.4646652975916
-1000
-1000
-1000
-1000
-1000
-477.588576560035
-1000
-1000
-1000
430.774563096862
-1000
-1000
-1000
1000
-1000
922.048122376098
-933.356325686093
1000
-1000
1000
-1000
973.34537953199
1000
1000
-1000
-1000
-1000
1000
1000
1000
1000
-1000
-1000
-1000
1000
-1000
1000
1000
-1000
477.588576560035
-1000
1000
1000
1000
1000
1000
1000
1000
-1000
1000
-1000
-1000
966.26363440814
-1000
1000
-23.9997395634975
1000
0
-1000
-1000
0
0
0
0
0
0
0
0
0
0
0
0
0
0
0
0
0
0
0
0
0
0
0
0
0
0
0
0
0
0
0
0
0
0
0
0
0
0
0
0
0
0
0
0
0
0
0
0
0
0
0
0
0
0
0
0
0
0
0
0
0
0
0
0
0
0
0
0
0
0
0
0
0
0
0
0
0
0
0
0
0
0
0
0
0
0
0
0
0
0
0
0
0
0
0
0
0
0
0
0
0
0
0
0
0
0
0
0
0
0
0
0
0
0
0
0
0
0
0
0
0
0
0
0
0
0
0
0
0
0
0
0
0
0
0
0
0
0
0
0
0
0
0
0
0
0
0
0
0
0
0
0
0
0
0
0
0
0
0
0
909.148694758729
0
0
0
0
0
0
0
0
0
0
0
0
0
0
0
0
0
0
0
0
0
0
0
0
0
0
0
0
0
0
31.5552033166152
0
0
0
0
0
0
0
0
0
0
0
0
0
0
0
0
0
0
0
0
0
0
0
0
0
0
0
0
0
0
0
0
0
0
0
0
0
0
0
0
0
0
0
0
0
0
0
0
0
0
0
0
0
0
0
0
0
0
0
0
0
0
0
0
0
0
0
0
0
0
0
0
0
0
0
0
0
0
0
0
0
0
0
0
0
0
0
0
0
0
0
0
0
0
0
0
0
0
0
0
0
0
0
0
0
0
0
0
0
0
0
0
0
0
0
0
0
0
0
0
0
0
0
0
0
0
0
0
0
0
0
0
0
-1000
1000
-1000
1000
1000
1000
-1000
1000
-1000
997.532194356816
775.398381051431
-1000
227.069424591753
1000
1000
937.853646699329
-1000
-1000
1000
-1000
1000
1000
1000
-1000
-1000
-1000
-1000
-1000
1000
-162.455265647898
-1000
-1000
-775.398381051431
-1000
-1000
1000
162.455265647898
-1000
-1000
-1000
-1000
1000
-1000
-1000
-1000
1000
1000
1000
-1000
0
-1000
-1000
-1000
-1000
-1000
0
0
0
0
0
0
0
0
0
0
0
0
0
0
0
0
0
-1000
-1000
-0.476193007560482
0
0
0
0
0
0
249.51036182018
0
0
0
0
0
0
0
0
0
-0.00362616854215503
0.00362616854213121
0
0
-0.00362616854215503
-0.00362616854215503
0
0
0
0
0
0
0
0
0
0
0
0
0
0
0
0
0
0
0
0
0
0
0
0
0
0.00362616854213121
0
0
1000
-1000
1000
-967.199298005433
32.8007019945667
0
0
0
0
-0.00362616854215503
0.368117419054784
0
0
0
0
0
0
0
0
0
0
0
0
0
0
0
0
0
0
0
-1000
0
0
0.00362616854213121
0
0
0
0
-0.0253831797949715
0
0
0
0
0
0
953.873268949684
0
784.431238579277
0
0
0
1000
0
0
0
0
0
0
0
0
0
0
0
0
0
0
0
0
0
0
0
0
0
0
0
0
0
0
0
0
0
0.00362616854213121
0
0
0
0
1000
0
1000
0
0
1.96070962149193
0
0
0
0
0
0
-676.398952057891
0
0
0
0
0
0
0
0
0
0
0
0.00362616854215503
-956.857814062037
353.079944372341
998.039290378508
490.388152509243
0
0
54.5559234689011
1000
1000
0
0
0
0
0
0.00362616854215503
0
0
1000
0
57.7361051553578
0
0
897.351607396174
0
0
-1000
0
0
-1000
0
-1000
1000
0
0
0
0
0
0
0
0
0
0
0
-1000
0
0
0
0
0
0
0
0
0
0
0
1000
0
1000
0
998.124872335533
0
0
0
0
0
0
0
0
0
0
0.980354810745964
0
0.00362616854213121
-0.00362616854215503
0.00362616854213121
0.00362616854213121
0
0
0.00362616854215503
0
0
0
0.980354810746007
0
0
-0.0108785056263514
-1000
-1000
-1000
1000
-1000
999.921670380059
0
0
-998.124872335533
-1.87512766446707
-1000
-1000
0
0
0
0
0
0
0
0
0
0
0
0
0
0
0
0
0
0.0783296199407459
0
0
0
0
0
0
0
1000
0
0
0
0
0
0.00180782895433788
0
1000
0
0
0
0
0
0
0.00362616854213121
0
0
0
0
0
0
0
0
0
0
0
-1000
0
250
0
0
0
0
0
0
0
0
0
0
0
1000
0
0
0
0
1000
0
0
0
0
0
0
0
0
0
0
0
0
0
0
0
0
0
0
0
0
0
0
0
0
0
0
0
2.33861594383825
0
0
0
0
0
0
0
0
0
0
0
0
0
0
0
0
0
0
0
0
0
0
0
0
0
0
0
0
0
0
0
0
0
0
0
0
0
0
0
0
0
0
0
0
0
0
0
0
0
0
0
0
0
0
0
0
0
0
0
0
0
0
0
0
0
0
0
0
0
0
0
0
0
0
0
0
0
0
0
0
0
0
0
0
0
0
0
0
0
0
0
0
0
0
0
0
0
0
0
0
0
0
0
0
0
0
0
0
0
-999.975583798483
0
0
0.00180782895438369
0
0.0198966291311535
0
0
-0.0244162015170559
0
1000
0.00451957238578871
0
0
0
0
0
0
0
0
0
0
0
0
0
0
0
0
0
0.00362616854213121
0.00362616854213121
0.00362616854213121
1000
-1000
0
-1000
323.103151820786
0
0
0
0
0
0
-1000
1000
0
0
0
0
0
0
0
0
0
0
-1000
0
999.839502323604
-0.160497676395835
-1000
-1000
-1000
-1000
-1000
-1000
0
0
0
0
0
0
0
0
0
0
-1000
0
1000
0.397179320559135
0.00362616854213121
0.00362616854213121
0.00362616854213121
0.00362616854213121
0.00362616854213121
0
0
0
1000
0
0
0
0
0
0
0
0.160497676395864
0
0
0
0
0
0
0
1000
0
0
0
0
0
0
1000
-999.839502323604
0
1000
0
0
-1000
0
0
0
0
0
0
0
0
0
0
250
0
0
0
0
0
0
0
0
0
0
0
0
0
0
0
0
0
0
0
0
0
0
0
0
0
0
0
0
0
0
0
0
0
0
0
0
0
-1000
0
0
0
0
0
0
0
0
0
-1000
0
0
0
0
0
0
0
445.767295522119
1000
-1000
-1000
-1000
-1000
-1000
0
0.0099535698823138
0
0
0
0
-784.431238579277
-1000
-1000
0
0
0
0
999.978242988747
14.993754964474
0
0
0
0
0.583175490186828
0.583175490186828
-1000
0
-999.973775969529
0
0
0
0
0
0
0
0
-1000
0
0
0
0
0
0
0
1000
0.00362616854213121
0
0
0
0
0
0
0
-1000
-32.8007019945668
0
0
1000
0
0
0
1000
0
0.00542348686301364
0
0
-817.399427445614
0
-1000
0
0
0
-1000
-1000
0
0
0
0
-176.62203410864
0
0
176.461536432244
-1000
1000
-1000
1000
0
0
-750
0
0
0
0
-1000
-1000
0
0
1000
0
0
0
0
0.00531312521172822
0
0
0
0
0
0
0
0
998.124872335533
0
998.124872335533
0
0
0
0
0
0
0
0
-559.43868049323
0
0
-1000
1000
-1000
-1000
1000
0
0
0
0
0
0
0
0
0
-507.458356870249
0
1000
0.00180782895433788
0.00180782895433788
0
43.021594948756
-1000
-1000
0
0
322.920897133138
0
0
0
0
0
0
0
0
0
0
0
0
0
0
0
0
0
0
0
0
0
0
0
0
0
-0.0198966291311535
0
0
0
0
0
0
0
0
0
0
0
0
0
0
0
0
0
0
0
0
0
0
0
0
0
0
0
0
0
0
0
0
0
0
0
0
0
0
0
0
0
0
0
0
0
-1000
0
-1000
0
0
0
0
0
-1000
0
0
0
0
0
0
0
0
0
0
0
-1000
0
0
0
0
0
0
0
0
0
0
0
0
0
1000
0
0
0
1000
0
0
0
0
0
0
0
0
0
0
0
0
0
0
0
176.461536432244
0
0
0
0
0
0
0
0
0
0
0
0
0
0
0
0
0
0
0
0
0
0
0
176.461536432244
0
0
0
0
0
0
0
0
0
0
0
0
0
0
0
0
0
0
0
0
0
0
0
0
0
0
0
0
0
0
0
0
0
0
0
0
0
0
0
0
0
0
0
0
0
0
0
0
0
0
0
0
0
0
0
0
0
0
0
0
0
0
0
0
0
0
0
0
0
0
0
0
0
0
0
0
0
0
0
0
0
0
0
0
0
0
0
0
0
0
0
0
0
0
0
0
0
0
0
0
0
0
0
0
0
0
0
0
0
0
0
0
0
0
0
0
0
0
0
0
0
0
0
0
0
0
0
0
0
0
0
0
0
0
0
0
0
0
0
0
0
0
0
0
0
0
-1000
0
0
0
0
0
0
0
0
0
0
0
0
0
0
0
0
0
0
0
0
0
0
0
0
0
0
-98.530921404488
0
0
1000
-473.796158045618
-526.038680487921
0
-784.431238579277
0
0
-1000
0
0
0
0
1000
0.0217570112527873
0
0
0
0
0
0
0
0
0
0
0
0
0
0
0
0
-1000
0
0
0
0
0
0
0
0
0
0
0
0
0
0
0
0
0
0
0
0
0
0
0
0
0
0
0
0
0
0
0
0
0
0
0
0
0
0
0
0
0
0
0
0
0
0
0
0
0
0
0
0
0
0
0
0
0
0
0
0
0
0
0
0
0
0
0
0
0
0
0
0
0
0
0
0
0
0
0
0
0
0
0
0
0
0
0
0
0
0
0
0
0
0
0
0
0
0
0
0
0
-989.239266021475
0
0
0
0
0
0
0
0
0
0
0
0
0
0
0
0
0
0
0
0
0
0
0
0
0
0
0
0
0
0
0
0
0
0
0
0
0
0
0
0
0
0
0
0
0
0
0
0
0
0
0
0
0
0
0
0
0
0
0
0
0
0
0
0
0
0
0
0
0
0
0
0
0
0
0
0
0
0
0
0
0
0
0
0
0
0
0
0
0
0
0
0
0
0
0
0
0
0
0
0
0
0
0
0
0
0
0
0
0
0
0
0
0
0
0
0
0
0
0
0
0
0
0
0
0
0
0
0
0
0
0
0
0
0
0
0
0
0
0
0
0
0
0
0
0
0
0
0
0
0
0
0
0
0
0
0
0
0
-989.239266021475
0
0
0
0
0
0
0
0
0
0
0
0
0
0
322.920897133138
0
0
0
0
0
0
0
0
0
0
0
-1000
0
0
0.999438617556677
0
0.00362616854215503
0.43196075843548
-1000
0
0
0
0
0
0
0
0
0
0
0
0
0
0
0
0
0
0
0
0
0
0
0
0
0
0
0
0
0
0
0
0
0
0
0
0
0
0
0
0
0
0
0
0
0
0
0
0
0
0
0
0
0
0
0
0
0
0
0
0
0
0
0
0
0
0
0
0
0
0
0
0
0
0
0
0
0
0
0
0
0
0
0
0
0
0
0
0
0
0
0
0
0
0
0
0
0
0
0
0
0
0
0
0
0
0
0
0
0
0
0
0
0
0
0
0
0
0
0
0
0
0
0
0
0
0
0
0
0
0
0
0
0
0
0
0
0
0
0
0
0
0
0
0
0
0
0
0
0
0
0
0
0
0
0
0
0
0
1000
1000
0
0
0
0
0
0
0
1000
0.00362616854215503
0
0
-1000
1000
0
0
0
0
0
0
999.949307214844
0
0
0
0
0
0
0
0
0
1000
0
-1000
0
0
1000
0
0
0
0
397.574144056396
0
0
0
0
0
0
0
0
0
0
0
0
433.108173661206
0
0
0
0
0
0
0
0
0
0
0
0
0
0
0
0
0
0
0
0
0
0
0
0
0
0
0
0
0
0
0
0
0
0
0
0
0
0
0
0
0
0
0
0
0
0
0
0
0
0
0
0
0
0
0
0
0
0
0
0
0
0
0
0
0
0
0
0
0
0
0
0
0
0
0
0
0
0
0
0
0
0
0
0
0
0
0
0
0
0
0
0
0
0
0
0
0
0
0
0
0
0
0
0
0
0
0
0
1000
500
87.5886121287733
0
0
-0.980354810746007
0
0
467.504217237328
19.3746010028847
42.3490939642619
0.105106334554528
87.5886121287733
0
0
0
0
0
0
0
0
0
1000
-1000
0
-1000
1000
894.519554972433
-710.768233764839
0
1000
0
99.3719982142867
0
0
500
-250
0
0
-401.244190989659
0
0
0
999.9828151143
0.00362616854215503
0
0
0.0117613988367349
0
0
0
0
0
0
0
0
0
0
0
0
0
0
0
0
0
0
426.461536432244
0
0
0
0
1000
-76.8382625745197
-3.3704512043131
-1000
-21.0956471603254
-1000
966.26363440814
989.464714729664
-17.4116657547586
-26.6546204680104
-4.6238904228901
-31.5552033166152
-1000
-1000
0
0
0
0
-1000
-38.9928297304054
-59.2961019246557
-26.6198740655788
-13.3691797803181
-1000
-23.9997395634975
-45.8615024169601
652.255558411641
568.072217490741
0
0
-543.853776437011
1000
0
401.200934573737
0
0
929.043736730589
-1000
0
0
0
0
0.368117419054784
0
1000
57.7361051553578
0
0
0
0
0
0
0
0
0
-0.00362616854215503
999.996373831458
-1000
0
0
0
0
0
0
0
0
0
0
0
0
0
0
0
62.1463533006713
0
1000
0
0
-1000
1000
0
-0.00362616854215503
-0.00362616854215503
-0.999438617556734
1000
0
0
-0.00362616854215503
0
-0.00362616854215503
0
0
0
-0.00362616854215503
0
0
0
-0.00362616854215503
0
0
0
0
0
0
0
0
0
0
0
1000
0
0
0
0
0
-32.8043281631088
0
0
0
0
0
0
-999.834838533539
1000
0
0
0
-837.544734352102
0
543.853776437011
0
0
-0.00362616854215503
0
0
0
0
-988.820990983684
0
0
0
0
0
0
0
0
0
-0.0253831797949715
-3.17370328959635
-0.476193007560482
-1000
-1000
0
0
0
0
712.998088322481
0
0
2.46780564318374
0
0
0
0
0
0
-3.99287578453072
0
0
0
0
1000
-598.799065426263
1000
0
0
360.496032724476
789.180953011435
0
-1000
1000
0
0
0
0
0
0
0
-1000
-1000
0
0
0
0
0
-1000
0
0
0
0
32.8007019945667
-287.001911677519
287.001911677519
0
0
0
0
0
0
287.001911677519
-401.200934573737
-1000
-5.53975198675266
0
0
-602.401439742087
0
0
0
0
0
1000
1000
0
-0.581638496516689
-0.160497676395835
-43.4547458841801
-338.14191193591
-2.36734072683896
-11.1346918803813
-1.52472792576066
-8.62675010627765
-4.6143081963811
0
0
0
0
0
-0.160497676395835
0
-0.160497676395835
-0.160497676395835
0
-1.16360815386997
0
-0.160497676395835
0
-61.9922275079023
0
-14.993754964474
0
0
0
-0.160497676395835
-1.00842360268587
0
-0.160497676395835
-0.160497676395835
-0.160497676395835
-0.160497676395835
-4.65443261548
0
0
0
0
0
-1000
1000
0
0
-1000
1000
-0.00362616854215503
0
750
-750
0
0
0
-1000
0
0
0
0
0
0
0
0
0
0
0
0
0
0
0
0
0
602.401439742087
-1000
1000
-43.021594948756
43.021594948756
1000
-1000
1000
-1000
-1000
397.574144056396
-401.200934573737
-1000
-0.160497676395835
-0.160497676395835
0
0
0
0
0
-526.203841954382
526.038680487921
1000
0.0217570112528165
0
0
0
0
0
1000
-1000
0
0
0
0
0
0
0
0
0
0
0
0
0
0
0
0
0
0
0
0
0
0
0
0
0
0
0
0
0
0
0
0
0
0
0
0
0
0
0
0
0
0
0
0
0
0
0
0
0
0
0
0
0
0
0
0
0
0
0
0
0
0
0
0
0
0
0
0
0
0
0
-0.160497676395835
0
0
0
0
0
0
0
0
0
0
0
0
0
0
0
0
0
0
0
0
0
0
0
0
0
0
0
0
0
0
0
0
0
0
0
0
0
0
0
0
0
0
0
0
0
0
0
0
0
0
0
0
0
0
0
0
0
0
0
0
0
0
0
0
0
0
0
0
0
0
0
0
0
0
0
0
0
0
0
0
0
0
0
0
0
0
0
0
989.239266021475
0
0
0
0
0
0
0
0
0
0
0
0
0
0
0
0
0
0
0
0
0
0
0
0
0
0
0
0
0
0
0
0
0
0
0
0
0
0
0
0
0
0
0
0
0
0
0
0
0
0
0
0
0
0
0
0
0
0
0
0
0
0
0
0
0
0
0
0
0
0
0
0
0
0
0
0
0
0
0
0
0
0
0
0
0
0
0
0
0
0
0
0
0
0
0
0
0
0
0
0
0
0
0
0
0
0
0
0
0
0
0
0
0
0
0
0
0
0
0
0
0
0
0
0
0
0
0
0
0
0
0
0
0
0
0
0
0
0
0
0
0
0
0
0
0
0
0
0
0
0
0
0
0
0
0
0
0
0
0
0
433.108173661205
0
0
0
0
0
0
0
-1000
0
0
0
0
0
-0.43196075843548
0
0
0
0
0
0
0
0
0
0
0
0
0
0
0
0
0
0
999.949307214844
0
0
0
0
0
0
0
-1000
0
-1000
-0.00362616854215503
0
0
0
0
0
0
0
-433.108173661206
1000
433.108173661205
0
0
0
0
-1000
0
0
0
0
0
0
0
0
0
0
0
0
0
0
0
0
0
0
0
0
0
0
0
0
0
0
0
0
0
0
0
0
0
0
0
0
0
0
0
0
0
0
0
0
0
0
0
0
-0.160497676395835
-0.160497676395835
-0.160497676395835
-0.160497676395835
0
-0.160497676395835
0
0
-0.160497676395835
-0.160497676395835
-0.160497676395835
-0.160497676395835
0
-0.160497676395835
-0.160497676395835
-0.160497676395835
-0.160497676395835
-0.160497676395835
-0.160497676395835
-0.160497676395835
0
-0.160497676395835
-0.160497676395835
-0.160497676395835
0
-1000
87.5886121287733
0
0
0
0
0
0
0
