0
0
0
0
0
0
0
451.924946020777
44.568207907678
499.853463299681
500.146536700319
0
0
33.0331397854001
1000
0
999.849581702931
-999.849581702931
999.965477767886
0
0.0345222321142402
0
-1000
0.216996887575192
0
1000
-34.479341318293
0
-446.384655060922
0.00736855088767237
0
0
0
0
0
425.451258875365
0
0
0
20.7163992979825
0
0
0
0
0
465.456820963282
0
465.456820963282
0
465.456820963282
0
465.456820963282
0
465.456820963282
0
465.456820963282
0
0
465.456820963282
0
0
0
0
0
0
446.384655060922
0
0
0
0
0
0
0
-1000
-1000
0
0
0
0
0
0
-1000
0
1000
0
0
0
0
0
0
0
0
0
0
0
1000
0
-1000
0
1000
-1000
0
0
0
0
0
0
0
0
0
0
0
0
0
982.232380220162
0
0
0
787.953667220752
0
0
0
0
0
0
0
0
0
0
0
0
0
484.750410929006
0
0
1000
0
0
0
0
0
0
1000
0
0
0
0
-8.64273490570531
0
0
0
0
102.247684449525
0
0
0.00526937069292849
1000
0
0
135.498409962096
203.252546690589
1000
67.749204981048
0
0
0
-1000
67.749204981048
100.782344766448
-840.317535643347
873.350675428747
0
0
1000
0
0
0.00526937069287214
0
0
1000
500.306531308923
0
0
0
0
0
-2.32247819293764
0
0
0
0
0
0
0
-2.87549436311815
-1000
0
0
0
0
0
0
0
0
339.427608232087
0.0687206111129138
211.895914482179
0
0
0
-2.39366467777302
0
-999.997534126278
0
0
0
0
258.197746742974
0
0
0
0
0
0
663.798040199619
0
0
-1000
999.041869082493
0
0.030813986439739
0.241528633578014
0.277274367462683
0
0
0.408513930026686
0
-1000
330.836631684314
330.836631684314
0
-1000
330.836631684314
3.22564843170665
0
0
0
0
0
0
0
0
0
0
-1000
0
1000
0
-789.879244295382
741.802253257026
1000
-1000
999.768334861312
-1000
-1000
-0.570834211596548
1000
0
0
-0.408513930026743
1000
1000
-1000
1000
0
0
1000
0
0.106032570065166
0
-0.106032570065167
0
0.00105265012681034
0
0
0
0
1.55440213381533
0
0
0
0
0
3.22564843170665
0
0
0
0
0
0
1000
0
1000
0
0
0
1000
0
-0.106032570065167
0
-0.408513930026743
0
0
0.408513930026743
0
0
0
0
0
0
0
0
-1000
0
0
0
-2.90590289565853
0.408513930026743
0
1000
-0.570834211596548
0
0
0.00211142031245496
0
0
0
0
0
0
0
0
0
0
0
0
-3.22564843170665
0
0
0
1.36171310008896
0
5.73245514794002
0
0
0
0
0
0
0
0
221.046488303447
-1000
1000
-786.767500869476
-1000
1000
1000
-216.459200212358
-1000
-1000
1000
1000
1000
-1000
0
0
-1000
0
0
0
0
-1000
0
0
-1000
-1000
-1000
1000
0
0
1000
1000
0
0
0
0
0
0
0.570834211596541
1000
1000
0.00986349488982796
0
999.995068252555
-1000
-1000
-1000
-1000
-1000
1000
1000
1000
1000
1000
-1000
-1000
1000
-1000
-1000
-1000
-1000
0
-1000
1000
0
0
0
-1000
1000
1.36911072125633
0
0
-791.382125193345
0
0
339.358887620974
-1000
999.980997217187
0
0
-17.374173944771
0
0
0
0
0
0
0
0
0
0
0
0
0
0
0
0
0
0.00211142031249748
0
0
0
0
0
0
0
0
0
0
0
0
0
0
0
0
0
0
0
0
0
0
0
0
0
0
0
0
0
0
0
0
0
0
0
0
0
0
0
0
0
0
0.00211142031253075
1000
1000
0.0616468430611121
0.0616468430611121
0
-979.379912578567
0
0
0
-0.0168913625000187
0
0
0
0
0
0
998.889503586691
0
0
0
0
0
0
0
0
0
0
0
0
0
0
0
0
0
0
0
0
0
0
0
0
0
0
0
0
0
0
0
0
0
0
0
0
0
0
0
0
0.0961690751753811
0
0
0
1000
0
0
0
0
0
0
-1000
0
0
0
0
0
0
0
0
0
0
0
0
0
0
0
0
0
0
0
0
0
0
0
0
0
0
0
0
741.243876034391
0
0
0.0961690751753811
0
0
0
0
0
0
0
0
0
-378.498117192041
0
0
0
0
0
0
0
0
0
0
0
0
0
0
0
0
0
0
0
0
0
0
0
0
0
0
0
0
0
0
0
0
0
0
0
0
0
0
0
0
0
0
0
0
0
0
0
0
0
0
0
0
0
0
0
0
0
0
0
0
0
0
0
0
0
0
0
0
0
0
0
0
-1000
0
0.00246587372244573
0
0
0
0
0.446323143762677
0.446323143762677
0
0
0
0
0
0
0
0
0
0
0
0
0
0
0
0
0
0
0
0
0
0
0.00211142031249748
0
0
0
0
0
-1000
0
0
0
-1000
0
0
-1000
0
0
0
0
426.714501248136
0
0
426.714501248136
0
0
0
0
0
0
0
0
0
426.714501248136
0
426.714501248136
0
0
0
7.64924483803247
21.8044310151744
13.937414082109
10.2080669546697
15.1351606047902
4.98153667387879
11.650807084263
21.3144438013502
19.6267100648449
6.20650470843915
12.0319082505706
24.7987973218775
19.5722670410866
6.04317563716444
10.0175163715158
13.8829710583507
17.9934193520977
14.5635088553287
2.66770816415367
18.1567484233724
0
0
0
0
0
0
0
0
0
0
0
0
0
0
0
0
0
0
0
0
0
0
0
0
0
0
0
0
0
0
0
0
0
0
0
0
0
0
0
0
0
0
0
0
0
0
0
0
0
0
0
0
0
0
0
0
0
0
0
0
0
0
0
0
0
0
0
0
0
0
0
0
0
0
0
0
0
0
0
0
0
0
0
0
0
0
0
0
0
0
0
0
0
-1000
0
979.788426508593
0
0
998.889503586691
-1000
-1000
1000
1000
0
0
0
0
0
0
0
-17.374173944771
-0.0887714540079969
-0.0887714540079969
-1000
0
-0.0358941453124544
0
-0.104938609540909
1000
1000
0.00493174744485714
1000
0
0
1000
0
-1000
-1000
-1000
0
999.980997217188
0
0
0
0.0358941453124544
0
0
0
0
0
0
0
0
0
0
0
-1000
500.266414322986
1000
1000
0
500
0
2.5073869110643
5
0
0
0
0
0
0
112.999811894103
0
0
0
0
-0.000854787807270441
0
0
0
0
-0.000854787807270441
478.773832586465
906.649040454755
0
-0.00170957561465457
0
-0.000854787807270441
0
0
-0.0534242379571879
0
-907.318839745213
-0.000854787807270441
0.000854787807270441
-0.000854787807270441
-0.000854787807270441
0.000854787807270441
-0.000854787807270441
0.000854787807270441
-0.000854787807270441
-0.000854787807270441
-0.000854787807270441
-0.000854787807270441
-0.000854787807270441
-0.000854787807270441
-0.000854787807270441
-0.000854787807270441
-0.000854787807270441
-0.000854787807270441
-0.000854787807270441
-0.0179505439535887
0
-0.024575149460361
0
-0.0126081201578927
0.000854787807270441
0.000854787807270441
-0.413478052583059
0.000854787807270441
0.000854787807270441
0.000854787807270441
0.000854787807270441
-0.409229662752296
-0.00619721160308018
-0.0459448446432589
-0.231433798830608
-0.000880337013086319
0.000854787807270441
0.000854787807270441
0.00812048416946709
0.000854787807270441
0.000854787807270441
-0.000854787807270441
0
0
0
0
0
0
0
0
0
0
0
0
0
0
0
0
0
0
0
0
0
0
0
0
0
0
0
0
0
0
0
0
0
0
0
0
0.321827609454203
0
0
0
0
0
0
0
0
0
0
0
0
0
0
0
0
0
0
0
0
0
0
0
0
0
0
0
0
0
0
0
0
0
0
0
0
0
0
0
0
0
0
0
0
0
0
0
0
0
0
0
0
0
0
0
0
0
0
0
0
0
0
0
0
0
0
0
0
0
0
0
0
0
0
0
0
0
0
0
0
0
0
0
0
0
0
0
0
0
0
0
0
0
0
0
0
0
0
0
0
0
0
0
0
0
0
0
0
0
0
0
0
92.6811602547866
0
0
0
0
0
0
0
0
0
0
0
0
0
0
0
0
0
0
0
0
0
0
0
0
0
0
0
0
0.000854787807315405
0.000854787807315405
0.0202849645234504
0
0.000854787807315405
0
0
0
92.6820150425939
0.000854787807315405
0
0
0.000854787807315405
0
0
0
0
0
0
0
0
0
0
0
0
0
0
0
0
0
0
0
0
0
0
0
0
0
0
0
0
0
0
0
0
0
0
0
0
0
0
0
0
0
0
0
0
0
0
0
0
0
0
0
0
0
0
0
0
0
0
0
0
0
0
0
0
0
0
0
0
0
0
0
0
0
0
0
0
0
0
0
0
0
0
0
0
0
0
0
0
0
0
0
0
0
0
0
0
0
0
0
0
0
0
0
0
0
0
0
0
0
0
0
0
0
0
0
0
0
0
0
0
0
0
0
0
0
0
0
0
0
0
0
0
0
0
0
0
0
0
0
0
0
0
0
0
0
0
0
0
0
0
0
0
0
0
0
0
0
0
0
0
0
0
0
0
0
0
0
0
0
0
0
0
0
0
0
0
0
0
0
0
0
0
0
0
0
0
0
0
0
-1000
0
0
0
0
0
0
0
0
0
0
0
0
0
0
0
0
0
0
0
0
0
0
0
0
0
0
0
0
0
0
0
0
0
0
0
0
0
0
0
0
0
0
0
0
0
0
0
0
0
0
0
0
0
0
0
0
0
0
0
0
0
0
0
0
0
0
0
0
0
0
0
0
0
0
0
0
0
0
0
0
0
0
0
0
0
0
0
0
0
0
0
0
0
0
0
0
0
0
0
0
0
0
0
0
0
0
0
0
0
0
0
0
0
0
0
0
0
1000
1000
0
0
0
0
0
0
0
0
0
0
0
0
0
0
0
0
0
0
0
0
0
0
0
0
0
-1000
0
-1000
0
0
0
0
0
0
0
0
0
0
0
1000
1000
0
0
0
0
0
0
0
0
0
0
0
0
0
0
0
0
0
0
0
0
0
0
0
0
0
0
0
0
0
0
0
0
0
0
0
0
0
0
0
0
0
0
0
0
0
0
0
0
0
0
0
0
0
0
0
0
0
0
0
0
0
0
0
0
0
0
0
0
0
0
0
0
0
0
0
0
0
0
0
0
0
0
0
1000
452.647637712696
0
0
0.000854787807270441
0
1000
0
0
0.0194301767161278
0
999.949583765269
0
499.668131647327
0
0
0
0.321827609454203
0
0
-1000
1000
0
0
0
0
0
0
0
0
0
0
0
0
0
-1000
-0.00534242379569605
0
-0.0247888464120933
0
0.354070299974637
0
0
0
0
0
0
0
-0.00211142031253075
0
0
0
0
0
112.999811894103
-1000
1000
-0.0185753889088573
-0.0185753889088573
0
-0.707911749731579
1000
-0.0126685218749572
0
0
0.000854787807270441
-0.000854787807270441
0
0
0.0504162347313013
-0.0504162347313013
1000
0
0
0
-0.0194301767161278
-0.0194301767161278
-499.259329201405
0
-0.0504162347313013
-999.949583765269
-1000
0
-500.331868352673
-499.668131647327
-1000
0
0
0
0
0
-1000
0
0
0
0
0
-1000
1000
-1000
0
0
0
-1000
0
0
0
-1000
0
0
0
0
0
0
0
0
0
0
0
0
0
0
0
0
0
0
0
-1000
1000
-1000
0.327170033250013
-1000
0
-1000
0.0247888464120933
-1000
0
-0.351958879662106
-0.351958879662106
0
0
0
0
0
0
-1000
0
1000
0
-1000
0
-1000
0
-1000
0
-1000
0
0
0
0
0
0
0
0
0
-548.075053979223
-451.924946020777
112.981236505194
-112.981236505194
0
0
0
0
0
0
0
0
0
0
0
0
0
0
0
0
0
0
0
0
0
0
0
0
0
0
0
0
0
0
0
0
0.321827609454203
-0.321827609454203
0
0
0
0
0
0
0
0
0
0
0
0
0
0
0
0
0
0
0
0
0
0
0
0
0
0
0
0
0
0
0
0
0
0
0
0
0.321827609454203
-0.321827609454203
0
0
0
0
0
0
-0.00211142031253075
-0.00211142031253075
0
0
0
0
0
0
0
0
0
0
0
0
0
0
0
0
0.00211142031253075
0.00211142031253075
0
0
0
0
0
0
0
0
0
0
0
0
0
0
0
0
0
0
0
0
0
0
0
0
0
0
0
0
0
0
0
0
0
0
0
0
0
0
0
0
0
0
0
0
0.691544212863003
0.00211142031249748
0
0
0
0
0
0
0
0
0.0870109170711522
0
0
0
0
0
0
0
0
0
0
0
0
0
0
0
0
0
0
0
0
0
0
0
0
0
0
0
0
0
0
0
0
0
0
0
0
0
0
0
0
0
0
0
0
0
0
0
0
0
0
0
0
0
0
0
0
0
0
0
0
0
0
0
0
0
0.0504162347313185
0.0504162347313185
0.0504162347313185
0
0
0
0
0
0
0
0
0
0
0
0
0
0
0
0
0
0
0
0
0
0
0
0
0
0
0
0
0
0
0
0
0
0
0
0
0
0
0
0
0
0
0
0
0
0
0
0
0
0
0
0
0
0
0
0
0
0
0
0
0
0
0
0
0
0
0
0
0
0
0
0
0
0
0
0
0
0
0
0
0
0
0
0
0
0
0
0
0
0
0
0
0
0
0
0
0
0
0
0
0
0
0
0
0
0
0
0
0
0
0
0
0
0
0
0
0.019430176716135
0.019430176716135
0.019430176716135
0.019430176716135
-0.0194301767161278
0
0
0
0
0
0
0
0
0
0
0
0
0
0
0
0
0
0
0
0
0
0
0
0
0
0
0
0
0
0
0
0
0
0
0
0
0
0
0
0
0
0
0
0
0
0
0
0
0
0
0
0
0
0
0.00211142031249748
0.00211142031249748
0.00211142031249748
0.00211142031249748
0.00211142031249748
0
0
0
0
0
0
0
0
0
0
0
0
0
0
0
0
0
0
0
0
0
0
0
0
0
0
0
0
0
0
0
0
0
0
0
0
0
0
0
0
0
0
0
0
0
0
0
0
0
0
8.64273490570527
8.64273490570527
-8.64273490570531
2.87598498783926
-1.43693678376337
1.43693678376338
1.43693678376338
1.43693678376338
1.43693678376338
1.43693678376338
1.43693678376338
1.43693678376338
1.43693678376338
1.43693678376338
1.43693678376338
0
1.43693678376338
1.43693678376337
1.43693678376338
1.43693678376338
1.43693678376338
1.43693678376338
1.43693678376338
1.43693678376338
0
0
0
1.43693678376338
0
1.43693678376338
1.43272618325614
0
0
0
0
0
0
0
0
0
0
0
0
0
0
0
0
8.64273490570527
8.64273490570527
2.87598498783926
2.87598498783926
0
0
0
0
0
0
0
0
0
0
0
0
0
0
0
0
0
0
0
0
0
0
0
0
0
0
0
0
0
0
0
0
0
0
0
0
0
0
0
0
0
0
0
0
0
0
0
0
0
0
0
0
0
0
0
0
0
0
0
0
0
0
0
0
0
0
0
0
0
0
0
0
0
0
0
0
0
0
0
0
0
0
0
0
0
0
0
0
0
0
0
0
0
0
0
0
0
0
0
0
0
0
0
0
0
0
0
0
0
0
0
0
0
0
0
0
0
0
0
0
0
0
0
0
0
0
0
0
0
0
0
0
0
0
0
0
0
0
0
0
0
0
0
0
0
0
0
0
0
0
0
0
0
0
0
0
0
0
0
0
0
0
0
0
0
0
0
0
0
0
0
0
0
0
0
0
0
0
0
0
0
0
0
0
0
0
0
0
0
0
0
0
0.691544212863003
0.691544212863003
0.691544212863003
0
0.0147554619519751
0.0147554619519751
0
-0.706299674815
0.706299674814979
0.0147554619519751
0
0
0
0
1000
0
0.0147554619519751
0
0.0147554619519751
0.0147554619519751
0
0
0
0
0
0
0
0
0
0
0
0
0
0
0
0
0
0
0
0
0
0
0
0
0
0
0
0
0
0
0
0
0
0
0
0
0
0
0
0
0
0
0
0
0
0
0
0
0
0
0
0
0
0
0
0
0
0
0
0
0
0
0
0
0
0
0
0
0
0
0
0
0
0
0
0
0
0
0
0
0
0
0
0
0
0
0
0
0
0
0
0
0
0
0
0
0
0
0
0
0
0
0
0
0
0
0
0
0
0.691544212863003
0.00211142031249748
0
0
0
0
0
0
0
0.910401598336776
0
0
0
0.570834211596541
0.570834211596541
0.570834211596541
0
0
0
0
0
0
0.780666550246653
0
0
0
0.00211142031249748
0
0
0
0
-0.780666550246679
0.780666550246653
0
0
0
0
0.214344862061942
0
0
0
0
0
0.142379089729601
0
0.129735048090123
0
0
0
0
0
0
0
0
0
0
6.36491427238673
6.36491427238673
6.36491427238673
0
0
0
0
-0.0870109170710975
0
0
0
0
0
0
0
0
0
0
0
0
0
0
0
0
0
0
0
0
0
0
0
0
0
0
0
0
0
0
0
0
0
0
0
0
0
0
0
0
0
0
0
0
0
0
0
0
0
0
0
0
0
0
0
0
0
0
0
0
0
0
0
0
0
0
0
0
0
0
0
0
0
0
0
0
0
0
0
0
0
0
0
0
0
0
0
0
0
0
0
0
0
0
0
0
0
0
0
0
0
0
0
0
0
0
0
0
0
0
0
0
0
0
0
0
0
0
0
0
0
0
0
0
0
0
0
0
0
0
0
0
0
0
0
0
0
0
0
0
0
0
0
0
0
0
0
0
0
0
0
0
0
0
0
0
0
0
0
0
0
0
0
0
0
0
0
0
0
0
0
0
0
0
0
0
0
0
0
0
0
0
0
0
0
0
0
0
0
0
0
0
0
0
0
0
0
0
0
0
0
0
0
0
0
0
0
0
0
0
0
0
0
0
0
0
0
0
0
0
0
0
0
0
0
0
0
0
0
0
0
0
0
0
0
0
0
0
0
0
0
0
0
0
0
0
0
0
0
0
0
0
0
0
0
0
0
0
0
0
0
0
0
0
0
0
0
0
0
0
0
0
0
0
0
0
0
0
0
0
0
0
0
0
0
0
0
0
0
0
0
0
0
0
0
0
0
0
0
0
0
0
0
0
0
0
0
0
0
0
0
0
0
0
0
0
0
0
0
0
0
0
0
0
0
0
0
0
0
0
0
0
0
0
0
0
0
0
0
0
0
0
0
0
0
0
0
0
0
0
0
0
0
0
0
0
0
0
0
0
0
0
0
0
0
0
0
0
0
0
0
0
0
0
0
0
0
0
0
0
0
0
0
0
0
0
0
0
0
0
0
0
0
0
0
0
0
0
0
0
0
0
0
0
0
0
507.47575232673
0
0
507.47575232673
0
0
0
0
0
0
0
0
0
0
0
0
0
0
0
0
0
0
0
0
0
0
0
0
0
0
0
1000
0
0
0
0
0
0
0
0
0
0
0
0
0
0
0
0
0
0
0
0
0
0
0
0
0
0
0
0
0
0
0
0
0
0
0
0
0
0
0
0
0
0
0
0
0
0
0
0
0
0
0
0
0
0
0
0
0
0
0
0
0
0
0
0
0
0
0
0
0
0
0
0
0
0
0
0
0
0.0961690751753811
0.0961690751753811
0
0
0
0.0961690751753395
0
0.0961690751753811
0
0
0
0
0.0147952423346727
0
0
0
0
0
0
0
0
0
0
0
0
0
0.581946198497008
0
0
0
0
0
0
0.581946198497008
0
0.581946198497008
0.581946198497008
0
0
0
0
0
0
0
0
0
0
0
0
0
0
0
0
0
0
0
0
0
0
0
0
0
0
0
0
0
0
0
0
0
0
0
0
0
553.511807313015
553.511807313015
0
0
0
0
0
0
0
0
0
0
0
0
0
0
0
0
0
0
0
0
0
0
0
0
0
0
0
0
0
0
0
0
0
0
0
0
0
0
0
0
0
0
0
0
0
0
0
0
1000
-999.589374649661
1000
0
0
0
-1000
1000
1000
0
20.2115734914067
0
0
1000
-999.997888579687
0
0
0
0
0
0
0
0
0
0
0
0
0
0
0
0
0
0
0
0
0
0
0
0
0
0
0
0
0
0
0
0
0
0
0
0
0
0
0
0
-1000
0
0
0
0
0
0
0
0
0
0
0
0
0
0
-999.997888579687
999.997888579687
1000
999.997888579687
1000
-1000
-1000
0
0
0
0
0
0
0.00211142031253075
0
0
0
0
0
0.0168913624999798
0.00844568124998992
0.00211142031249748
0.00211142031249748
0.00211142031249748
0.00211142031249748
0
0.00211142031249748
0
0
0
0
0
0
0
0.00842732107335951
0
0.00211142031249748
0.0126440416394777
1000
0.00105265012681034
0.00105265012681034
0.00211142031253075
0
0.00737467094654917
0.00105265012681034
0.01580811207876
-0.00105265012678046
0.00105265012681034
0.00105265012681034
0.00105265012681034
0.00105265012681034
0.00105265012681034
-0.00105265012678046
-0.00210530025367461
0.00105265012681034
0.00105265012681034
0.00105265012678046
0.00105265012681034
-0.00316407043931122
-0.00316407043931122
0.00211142031253075
0.00211142031253075
0.00105265012681034
0.00105265012681034
0.00211142031249748
0.00211142031249748
-0.00211142031253075
-0.00211142031253075
0.00211142031253075
0.00211142031253075
0.00105265012681034
0.00105265012681034
0.00105265012681034
0.00105265012681034
0.0263590935824141
-0.00316407043931122
-999.985244538048
0
0
0
0
0
0
-1000
0
0
0
0.00211142031249748
0
0
0
0
0.00105571015624874
0.00211142031253075
0.00211142031253075
0
0.00211142031249748
0
0
0
0
0
-0.00211142031253075
0
0
0.00421060050724135
0.00105265012681034
0.00315795038043101
0.00105265012681034
-0.00105265012678046
0.00105265012681034
0.00105265012681034
0.00105265012681034
0.00105265012681034
0.00105265012681034
0.00105265012681034
0.00210530025362068
0.00105265012681034
0.00105265012681034
0.00105265012681034
0.00105265012681034
0.00105265012681034
0
0.00105265012681034
0.00211142031249748
0
0.00211142031249748
0
0.00211142031249748
0.00211142031249748
0.00211142031249748
0.00211142031249748
0.00211142031249748
0.00211142031249748
0
0.00211142031249748
0
0.00211142031249748
0.00211142031249748
0.00211142031249748
0.00211142031249748
0.00211142031249748
0
0
0
0
0
0
0
0
0
0
0
0
0
0
0
0
-0.00211142031253075
0.00211142031249748
0.00211142031249748
0
0
0
0
0
0
0
0
0
0
0
0
0
0
0
0
0
0
0
0
0
0
0
0
0
0
0
0
0
0
0
0
0
0
0
0
0
0
0
0
0
0
0
0
0
0
0
0
0
0
0
0
0
0
0
0
0
0
0
0
0
0
995.131316701804
225.962473010389
998.889503586691
0
0
0
0
0.00211142031249748
0
0
0
0
0
0
0
0
0
0
0
0
0
0
0
0
0
0
0
0
0
-1000
0
0
0
-112.999811894103
0
0
0
0
0
0.000854787807315405
0
0
0
0
0
0
0
0
0
0.000854787807315405
0
0
478.773832586465
0
406.980908807429
0
0
0.00170957561463081
0
0
0
0.000854787807315405
0
0
0
0
0
0.0534242379572128
0
0
0
0
0
0.000854787807315405
0
0.000854787807315405
0
0.000854787807315405
0
0.000854787807315405
0
0.000854787807315405
0
0.000854787807315405
0
0.000854787807315405
0
0.000854787807315405
0
0.000854787807315405
0
0.000854787807315405
0
0.000854787807315405
0
0.000854787807315405
0
0.000854787807315405
0
0.000854787807315405
0
0.000854787807315405
0
0.000854787807315405
0
0.000854787807315405
0
0.000854787807315405
0
0.0179505439536235
0
0
0
0.0245751494603179
0
0
0
0.0126081201579022
0
0.000854787807315405
0
0.000854787807315405
0
0.413478052583036
0
0.000854787807315405
0
0.000854787807315405
0
0.000854787807315405
0
0.000854787807315405
0
0.40922966275225
0
0.00619721160303669
0
0.045944844643203
0
0.231433798830646
0
0.000880337013106437
0
0.000854787807315405
0
0.000854787807315405
0
0.00812048416949635
0
0.000854787807315405
0
0.000854787807315405
0
0.000854787807315405
0
0
1000
0
0
0
0
0
0
0
0
-1000
-1000
1000
0.581946198497008
-208.619986226968
205.742380443537
1000
0
552.731140762768
1000
-1000
-1000
0
0
0
1000
0
0
0
0
1000
0
0
0
0
-1000
-2.39366467777302
-0.00211142031253075
0
0
-2.12523634541185
880.758693619167
-3.22564843170665
0
0
0
465.46418951417
1000
1000
-1000
1000
-872.418026426587
0
1000
1000
0
-1000
0
0
1000
1000
1000
-783.027623144088
0
1000
0
0
-1000
842.247064053955
1000
1000
0
0
0
0
-998.889503586691
0
0
0
0
0
0
0
0
0
0
0
409.597871392453
0
0
0
0
0
1000
1000
0
1000
0
0
0
0
0
99.3662310819645
0
0
-1000
-1000
1000
-1000
1000
-1000
-1000
-1000
-1000
-1000
-1000
-1000
1000
-1000
-1000
-1000
-1000
223.025455625849
754.270069450283
1000
1000
-1000
-1000
-1000
-1000
1000
1000
1000
1000
-1000
546.784289752276
1000
-1000
1000
-1000
-1000
-1000
-1000
1000
-1000
-1000
-987.71657262974
-1000
-1000
-1000
-1000
-1000
-1000
-1000
-1000
-1000
-1000
-959.785227761814
1000
-1000
-1000
-1000
-1000
-1000
-1000
-1000
-1000
763.67533241323
-1000
-1000
-1000
-1000
-1000
1000
-1000
-10.237657439339
-1000
-1000
1000
1000
151.387396152214
-1000
-1000
-1000
-1000
-1000
-1000
1000
-1000
-1000
-143.602882712857
-1000
1000
-1000
-1000
1000
1000
-6.02213538475075
-1000
1000
1000
1000
1000
78.337794033104
-1000
-1000
-1000
959.785227761814
-1000
1000
-981.626254689052
-1000
-1000
-1000
1000
1000
1000
1000
1000
1000
1000
-1000
-1000
-1000
-1000
-1000
-20.2400878657237
-960.116134755239
1000
986.025597812054
-1000
-1000
-1000
0
0
0
0
0
0
0
0
0
0
0
0
0
0
0
0
0
0
0
0
0
0
0
0
0
0
0
0
0
0
0
0
0
0
0
0
0
0
0
0
0
0
0
0
0
0
0
0
0
0
0
0
0
0
0
0
0
0
0
0
0
0
0
0
0
0
0
0
0
0
0
0
0
0
0
0
0
0
0
0
0
0
0
0
0
0
0
0
0
0
0
0
0
0
0
0
0
0
0
0
0
0
0
0
0
0
0
0
0
0
0
0
0
0
0
0
0
0
0
0
0
0
0
0
0
0
0
0
0
0
0
0
0
0
0
0
0
0
0
0
0
0
0
0
0
0
0
0
0
0
0
0
0
0
0
0
0
0
0
0
0
0
0
0
0
0
0
0
0
0
0
0
0
0
0
0
0
0
0
0
0
0
0
0
0
0
0
0
0
0
0
0
0
0
0
0
0
0
0
0
0
0
0
0
0
0
0
0
0
0
0
0
0
0
0
0
0
0
0
0
0
0
0
0
0
0
0
0
0
0
0
0
0
0
0
0
0
0
0
0
0
0
0
0
0
0
0
0
0
0
0
0
0
0
0
0
0
0
0
0
0
0
0
0
0
0
0
0
0
0
0
0
0
0
0
0
0
0
0
0
0
0
0
0
0
0
0
0
0
0
0
0
0
0
960.116134755239
0
0
0
0
0
0
0
0
0
0
0
0
0
0
0
0
0
0
0
0
0
0
0
0
0
0.00211142031249748
0
0
0
0
1000
395.856401933953
-1000
1000
1000
1000
-395.856401933953
1000
-1000
-725.177234702073
18.7859521865016
-1000
1000
1000
1000
0
-1000
-1000
1000
-1000
1000
-1000
395.856401933953
1000
-1000
-1000
-1000
-1000
1000
1000
-1000
-1000
-1000
-1000
1000
1000
1000
-1000
-1000
-1000
-1000
1000
-18.7859521865016
-1000
-1000
1000
-1000
1000
-1000
-999.970482956037
-1000
-1000
-1000
-1000
-1000
0
0
0
0
0
0
0
0
0
0
0
0
0
0
0
0
0
-1000
-1000
0
3.22564843170665
0
0
0
0
0
1000
0
0
0
0
0
0
0
0
0
-0.00211142031253075
0.00211142031249748
0
0
-0.00211142031253075
-0.00211142031253075
0
0
0
0
0
0
0
0
0
0
0
0
0
0
0
0
0
0
0
0
0
425.432246912464
0
0
0
0
0
0.00211142031249748
0
0
1000
1000
-119.243417801145
-1000
-119.243417801145
0
0
0
0
0.214344862061921
-339.358887620974
0
0
0
0
0
0
0
0
0
0
224.089228606578
0
0
0
0
-1000
0
0
-465.456820963282
465.456820963282
0.00211142031249748
0
0
0
276.25970208169
1000
0
0
0
0
0
0
-1000
1000
0
0
0
0
0
0
0
0
0
0
0
0
0
0
0
0
0
0
0
0
0
0
0
0
0
0
0
0
0
0
0
0.00211142031249748
0
0
0
0
1000
0
1000
0
0
1.14166842319308
0
0
0
0
0.00315795038043101
1000
0
0
0
0
0
0
0
0
0
0
0
-0.0168913625000187
0
0.00211142031253075
0
1000
-1000
-1000
1000
0
1000
999.87533440068
0
-1000
0.0887714540079969
0
-0.0358941453124544
0.0358941453124544
998.858331576807
484.750410929006
0
0
0
0
-0.00493174744485714
1000
0
0
0
0
0
0.00211142031241707
0
0
1000
0
0
0
0
0.0168913624999382
0.0168913625000187
0
-500.146536700319
0
0
-1000
0.00211142031249748
-1000
1000
0
0
0
0
0
0
0
0
999.87533440068
0
0
-999.995068252555
1000
0
0
0
0
484.796521061752
484.796521061752
0
0
0
0
1000
515.200320987868
1000
0
0
0
998.630889278744
0
0
0
0
0
0
0
0
0
0
0.570834211596541
0
0.00211142031249748
-0.00211142031253075
0.00211142031249748
0.00211142031249748
0
0
1000
-1000
0.00211142031253075
0
0
0
0.570834211596548
0
0
-0.00633426093747858
-1000
-998.399224140055
-1000
1000
-1000
1000
0
0
-1000
0.2316651386883
-1000
-1000
0
0
0
0
0
0
0
0
0
0
0
0
0
0
0
0
0
0
0
0
0
0
0
0
0
999.768334861312
0
0
0
0
0
0.00105265012681034
0
500.146536700319
0
0
0
0
0
0
0.00211142031249748
-1000
0.0358941453124544
0
0
0
0
0
0
0
0
0
0
-451.924946020777
0
112.981236505194
0
0
0
0
0
0
0
0
0
0
0
1000
0
0
0
451.924946020777
0
0
0
0
0
0
0
0
0
0
0
0
0
0
0
0
0
0
0
0
0
0
0
0
0
0
0
1.36171310008899
0
0
0
0
0
0
0
0
0
0
0
0
0
0
0
0
0
0
0
0
0
0
0
0
0
0
0
0
0
0
0
0
0
0
0
0
0
0
0
0
0
0
0
0
0
0
0
0
0
0
0
0
0
0
0
0
0
0
0
0
0
0
0
0
0
0
0
0
0
0
0
0
0
0
0
0
0
0
0
0
0
0
0
0
0
0
0
0
0
0
0
0
0
0
0
0
0
0
0
0
0
0
0
0
0
0
0
0
0
0
0
0.00736855088769062
0
0.00105265012678046
0
0.0115852714537823
0
0
-0.00736855088769062
2.57041639518559
0
0
0
0
0
0
0.00947997120022137
0
0
0
0
0
0
0
0
0
0
0
0
0
0
0
0
0
0
0.00211142031249748
0.00211142031249748
0.00211142031249748
1000
-1000
0
-0.707911749731579
-1000
0
0
0
0
0
0
-1000
1000
0
0
0
0
0
0
0
0
0
0
-1000
0
1000
0
-1000
-1000
-1000
-1000
-1000
-1000
0
0
0
0
0
0
0
0
0
-515.200320987868
-1000
0
1000
0.231266824856306
0.00211142031249748
0.00211142031249748
0.00211142031249748
0.00211142031249748
0.00211142031249748
0
0
1000
407.027708439879
0
0
0
0
0
0
0
0
0
0
0
0
0
0
-1000
0
0
0
0
0
0
0
1000
-1000
0
1000
1000
1000
-907.318839745213
0
0
0
0
0
0
0
0
0
112.981236505194
0
0
0
0
0
0
0
0
0
0
0
0
0
0
0
0
0
0
0
0.327170033249971
0
0
0
0
0
0.351958879662118
0
0
0
0
0
0
0
0
0
0
0.00211142031249748
-1000
0
0
0
0
0
0
0
0
0
-1000
0
0
0
0
0
0
0
515.249589070994
1000
-1000
-1000
-1000
-1000
1000
0
0.0126440416394777
0
0
0
0
552.519404163381
-1000
0
0
0
0
0
0
999.987331478125
8.73045982964538
0
0
0
0
0.339567386740235
0.339567386740235
0
2.57883759620017
0
0
0
0
0
0
0
0
-499.259329201405
0
0
0
0
0
0
0
999.67282996675
0.00211142031249748
0
0
0
0
0
0
0
0
-1000
119.243417801145
0
0
999.975211153588
0
0
0
1000
0
0
0
0
-999.949583765269
0
-1000
0
0
0
-1000
-1000
0
0
0
0
-0.0194301767161278
0
0
0.0185753889088573
-508.789995510016
508.789995510016
-1000
1000
-1000
1000
-750
0
0
0
0
1000
-1000
0
0
-1000
0
0
0
0
0.32182760945425
0
0
0
0
0
0
0
0
998.630889278744
0
1000
0
0
0
0
0
0
0
0
0
1000
0.0887714540079969
-1000
-1000
999.964105854688
-1000
-1000
999.911228545992
0
0
0
0
0
0
0
-1000
0
0
723.984659119138
0.00105265012681034
0.00105265012681034
0
-1000
-507.47575232673
-507.47575232673
499.668131647327
0
0
0
0
0
0
0
0
0
0
0
0
0
0
0
0
0
0
0
0
0
0
0
0
0
0.00211142031253075
0
0
0
0
0
0
0
0
0
0
0
0
0
0
0
0
0
0
0
0
0
0
0
0
0
0
0
0
0
0
0
0
0
0
0
0
0
0
0
0
0
0
0
0
0
0
-1000
0
-1000
0
0
0
0
0
0
-1000
0
0
0
0
0
0
0
0
0
0
0
999.949583765269
0
0
0
0
0
0
0
0
0
0
0
0
0
1000
0
0
0
0
0
0
0
0
0
0
0
0
0
0
0
0
0
0
0
0.0185753889088196
0
0
0
0
0
0
0
0
0
0
0
0
0
0
0
0
0
0
0
0
0
0
0
0.0185753889088196
0
0
0
0
0
0
0
0
0
0
0
0
0
0
0
0
0
0
0
0
0
0
0
0
0
0
0
0
0
0
0
0
0
0
0
0
0
0
0
0
0
0
0
0
0
0
0
0
0
0
0
0
0
0
0
0
0
0
0
0
0
0
0
0
0
0
0
0
0
0
0
0
0
0
0
0
0
0
0
0
0
0
0
0
0
0
0
0
0
0
0
0
0
0
0
0
0
0
0
0
0
0
0
0
0
0
0
0
0
0
0
0
0
0
0
0
0
0
0
0
0
0
0
0
0
0
0
0
0
0
0
0
0
0
0
0
0
0
0
0
0
0
0
0
-1000
0
0
0
0
0
0
0
0
0
0
0.330161790575575
0
0
0
0
0
0
0
0
0
0
333.333333333333
0
0
0
0
-432.250795018952
0
0
-741.243876034391
1000
-1000
741.340045109566
0
0
1000
0
0
0
0
-0.0147799421874879
0.0126685218749572
0
0
0
0
0
0
0
0
0
0
0
0
0
0
0
0
0
0
0
0
0
0
0
0
0
0
0
0
0
0
0
0
0
0
0
0
0
0
0
0
0
0
0
0
0
0
0
0
0
0
0
0
0
0
0
0
0
0
0
0
0
0
0
0
0
0
0
0
0
0
0
0
0
0
0
0
0
0
0
0
0
0
0
0
0
0
0
0
0
0
0
0
0
0
0
0
0
0
0
0
0
0
0
0
0
0
0
0
0
0
0
0
0
0
0
0
0
0
0
0
0
0
0
0
0
0
0
0
0
0
0
0
0
0
0
0
0
0
0
0
0
0
0
0
0
0
0
0
0
0
0
0
0
0
0
0
0
0
0
0
0
0
0
0
0
0
0
0
0
0
0
0
0
0
0
0
0
0
0
0
0
0
0
0
0
0
0
0
0
0
0
0
0
0
0
0
0
0
0
0
0
0
0
0
0
0
0
0
0
0
0
0
0
0
0
0
0
0
0
0
0
0
0
0
0
0
0
0
0
0
0
0
0
0
0
0
0
0
0
0
0
0
0
0
0
0
0
0
0
0
0
0
0
0
0
0
0
0
0
0
0
0
0
0
0
0
0
0
0
0
0
0
0
0
0
0
0
0
0
0
0
499.668131647327
0
0
0
0
0
0
0
0
0
-1000
0
0
0.581946198497008
0
0.00211142031253075
378.749636311731
0
0
0
0
0
0
0
0
0
0
0
0
0
0
0
0
0
0
0
0
0
0
0
0
0
0
0
0
0
0
0
0
0
0
0
0
0
0
0
0
0
0
0
0
0
0
0
0
0
0
0
0
0
0
0
0
0
0
0
0
0
0
0
0
0
0
0
0
0
0
0
0
0
0
0
0
0
0
0
0
0
0
0
0
0
0
0
0
0
0
0
0
0
0
0
0
0
0
0
0
0
0
0
0
0
0
0
0
0
0
0
0
0
0
0
0
0
0
0
0
0
0
0
0
0
0
0
0
0
0
0
0
0
0
0
0
0
0
0
0
0
0
0
0
0
0
0
0
0
0
0
0
0
0
0
0
0
0
0
0
0
0
-102.247684449524
0
0
0
0
0
0
0
1000
0.00211142031253075
0
0
0
1000
0
0
0
0
0
0
0
0
0
0
0
0
0
0
0
498.88141847891
0
498.88141847891
0
0
0
0
0
0
0
0
0
0
0
0
0
0
0
0
0
0
0
0
0
0
0
0
0
0
0
0
0
0
0
0
0
0
0
0
0
0
0
0
0
0
0
0
0
0
0
0
0
0
0
0
0
0
0
0
0
0
0
0
0
0
0
0
0
0
0
0
0
0
0
0
0
0
0
0
0
0
0
0
0
0
0
0
0
0
0
0
0
0
0
0
0
0
0
0
0
0
0
0
0
0
0
0
0
0
0
0
0
0
0
0
0
0
0
0
0
0
0
0
0
0
0
0
0
1000
500
51.0004906400358
-2.13696951828854
0
0
-0.570834211596548
0
0
272.215118791191
11.2813085295759
24.6587372244573
0.0612005887680429
51.0004906400358
0
1000
-1000
0
-1000
-0.0190027828124357
0
0
0
0
-1000
0
225.962473010389
-112.981236505194
0
0
0
0
0
0
0
0
0
0
0.00211142031249748
0
0
0
0
0
0
0
0
0
0
0
0
0
0
0
0
112.999811894103
0
0
0
0
465.46418951417
-0.409229662752296
-0.0179505439535887
0
-6.26568567777804
-12.28342737026
-25.050316441567
-19.6437773790376
-6.13441296489498
368.359773008126
-15.5202678596377
-2.69236690137814
-18.3737453109476
395.258758682008
-1000
0
0
0
0
-1000
-22.7044749238671
-10.237657439339
-440.932282877464
-7.78451343935706
-6.02213538475075
-13.9744021879457
-1000
-14.0580480926446
959.785227761814
0
0
-1000
-1000
0
1000
-0.00211142031253075
0
995.025284131739
-1000
0
0
0
0
0.214344862061921
0
1000
0
0
0
0
0
0
0
0
0
0
-0.00211142031253075
0
0
0
0
0
0
0
0
0
0
0
425.432246912464
-425.432246912464
0
0
0
0
1000
0
981.243564857461
0
0
1000
-1000
0
-0.00211142031253075
-0.00211142031253075
-0.581946198497008
-0.00211142031253075
0
0
-0.00211142031253075
0
-0.00211142031253075
-339.358887620974
0
0
-0.00211142031253075
0
0
0
-0.00211142031253075
0
0
0
0
0
1000
0
0
0
0
0
-102.247684449525
0
0
0
0
0
1000
0
0
0
0
0
0
-794.257619556463
791.380013773032
0
0
0
-604.143598066047
0
1000
0
0
-0.00211142031253075
-1000
0
0
0
0
0
0
0
0
0
0
0
0
0
1000
-2.12523634541185
0
-1000
-1000
0
0
0
0
3.22564843170665
-3.22564843170665
0
0
1.43693678376326
0
0
0
0
0
1000
0
0
0
0
-2.39366467777302
1000
1000
0
0
552.731140762768
-663.798040199619
0
0
0
465.456820963282
0
-998.889503586691
0
0
0
-1000
-1000
0
0
0
0
0
-0.0295170439627555
0
0
0
0
0
-1000
1000
0
0
0
0
0
0
1000
-1000
-1000
0
0
0
-465.456820963282
0
0
0
0
0
0
0
1000
0
-0.000880337013086319
-0.000854787807270441
-0.231433798830608
0
-0.0126081201578927
-0.413478052583059
-0.00812048416946709
-0.0459448446432589
-0.024575149460361
0
0
0
478.773832586465
406.980908807428
-0.000854787807270441
0
-0.00170957561465457
-0.000854787807270441
-0.000854787807270441
-0.00619721160308018
0
-0.000854787807270441
0
-0.33016179057563
0
-8.73045982964538
0
0
-0.000854787807270441
0
0
-0.000854787807270441
-0.000854787807270441
-0.000854787807270441
-0.000854787807270441
0
0
-0.0534242379571879
0
0
0
-1000
1000
0
0
-1000
1000
-0.00211142031253075
0
750
-750
0
0
0
-1000
0
0
0
0
0
0
0
0
0
0
0
0
0
0
0
-723.984659119138
723.984659119138
1000
-1000
-1000
0
-1000
-1000
0
-0.000854787807270441
-0.000854787807270441
0
0
0
741.243876034391
-741.340045109566
-0.0147799421874879
0.0126685218749572
0
0
0
0
0
1000
0
0
0
0
0
0
0
0
0
0
0
0
0
0
0
0
0
0
0
0
0
0
0
0
0
0
0
0
0
0
0
0
0
0
0
0
0
0
0
0
0
0
0
0
0
0
0
0
0
0
0
0
0
0
0
0
0
0
0
0
0
0
0
0
0
0
0
0
0
0
0
0
-0.000854787807270441
0
0
0
0
0
0
0
0
0
0
0
0
0
0
0
0
0
0
0
0
0
0
0
0
0
0
0
0
0
0
0
0
0
0
0
0
0
0
0
0
0
0
0
0
0
0
0
0
0
0
0
0
0
0
0
0
0
0
0
0
0
0
0
0
0
0
0
0
0
0
0
0
0
0
0
0
0
0
0
0
0
0
0
0
0
0
0
0
0
0
0
0
0
0
0
0
0
0
0
0
0
0
0
0
0
0
0
0
0
0
0
0
0
0
0
0
0
0
0
0
0
0
0
0
0
0
0
0
0
0
0
0
0
0
0
0
0
0
0
0
0
0
0
0
0
0
0
0
0
0
0
0
0
0
0
0
0
0
0
0
0
0
0
0
0
0
0
0
0
0
0
0
0
0
0
0
0
0
0
0
0
0
0
0
0
0
0
0
0
0
0
0
0
0
0
0
0
0
0
0
0
0
0
0
0
0
0
0
0
0
0
0
0
0
0
0
0
0
0
0
0
0
0
0
0
0
0
0
0
0
0
0
0
0
0
0
0
0
0
0
0
0
0
0
0
0
0
0
0
0
0
0
0
0
0
0
102.247684449525
0
1000
0
0
0
-378.749636311731
0
0
0
0
0
0
0
0
0
0
0
0
0
0
0
0
0
0
0
0
0
0
0
0
0
-1000
0
-1000
-0.00211142031253075
0
0
0
0
0
0
0
0
-1000
0
0
0
0
0
0
0
0
0
0
0
0
0
0
0
0
0
0
0
0
0
0
0
0
0
0
0
0
0
0
0
0
0
0
0
0
0
0
0
0
0
0
0
0
0
0
0
0
0
0
0
-0.000854787807270441
-0.000854787807270441
-0.000854787807270441
0
-0.000854787807270441
-0.000854787807270441
0
-0.000854787807270441
-0.000854787807270441
-0.000854787807270441
-0.000854787807270441
0
-0.000854787807270441
-0.000854787807270441
-0.000854787807270441
-0.000854787807270441
-0.000854787807270441
-0.000854787807270441
-0.000854787807270441
0
-0.000854787807270441
-0.000854787807270441
-0.000854787807270441
0
-1000
51.0004906400359
0
1000
0
