0
0
0
0
0
0
0
0
-745.398909121758
744.810362588719
255.189637411281
0
54.8716672678841
0
1000
0
999.835738281065
-999.835738281065
999.962300589097
0
0.0376994109030072
0
-1000
-54.6346995422081
0
1000
46.3416723538894
0
-35.5586732322704
0.015525318043023
0
0
0
0
0
0.0207616876886143
0
12.6779556244877
12.6779556244877
22.6229881944179
12.6779556244877
12.6779556244877
0
0
12.6779556244877
465.456820963282
0
465.456820963282
0
465.456820963282
0
465.456820963282
0
465.456820963282
0
465.456820963282
0
0
465.456820963282
0
0
0
0
0
0
0
0
0
162.338229477148
0
0
0
0
9.82124401431986
9.82124401431986
0
0
0
0
162.338229477148
0
-1000
0
0
0
0
0
0
0
0
0
0
0
0
0
1000
0
-1000
0
1000
-1000
0
0
0
0.00230574030341926
0
0
0
0
0
0
0
0
0
0
0
0
0
0
0
0
0
0
0
0
0
0
0
0
0
0
744.319090280894
0
0
1000
0
0
0
0
0
0
1000
0
0
0
-9.43815027538574
0
0
0
0
-485.951524158123
0
0
0
1000
0
0
-201.909658751163
-302.859102496615
1000
-100.954829375581
0
0
0
-1000
-100.954829375581
-100.954829375581
1000
-1000
0
0
1000
0
0
0
0
0
-808.516436710339
742.897072175924
0
0
0
0
0
-2.53622243831433
0
0
0
0
0
0
0
2.64393504089435
-1000
0
0
0
0
0
0
0
0
0
0
0
0
0
0
-2.53891525337883
0
1000
994.849129321239
0
0
0
990.17875598568
268.018990757294
0
0
0
0
0
697.140897503385
0
0
-1000
994.101000134095
0
0
0.297407082614948
0
0
0
5.60159278329036
0
-1000
0
0
0
-1000
0
0
0
0
0
0
0
0
0
0
0
0
-1000
0
1000
0
-1000
-1000
1000
-0.297407082614995
1000
165.879252148933
-1000
-0.623369700697708
-1000
0
5.15548215936781
-1000
1000
-1000
-0.446110623922436
1000
0
332.91683439275
1000
0
0.115791047773522
0
-0.115791047773541
0
0.00114952849909598
0
0
0
0
1.39466545152811
0
0
0
999.835738281065
0
0
0
0
0
0
0
0
1000
0
1000
0.302792712743949
0
0
1000
0
-0.115791047773541
0
-0.446110623922436
0
0
0.446110623922436
0
0
0
0
5.15548215936781
0
0
0
-1000
0
0
0
670.712410312848
0.446110623922436
0
-1000
-0.623369700697708
0
0
5.15778789967135
0
0
0
0
0
0
0
0
0
0
0
0
0
0
0
0
1.48703541307474
6.26002922957306
0
0
0
0
0
5.15548215936781
0
0
0
1000
-1000
-999.997307184935
-1000
1000
1000
-1000
332.915684864251
-1000
-1000
1000
-1000
-1000
1000
1000
5.15548215936781
0
0
0
0
0
-1000
5.15548215936781
-1000
0
-1000
1000
1000
0
0.0498067752644147
-1000
0
0
0
0
0
0
0
0.623369700697749
-1000
-1000
1000
1000
-999.652786142121
0
954.895062759225
1000
44.4603163002807
-1000
1000
1000
-1000
-1000
-1000
-1000
1000
1000
0
-1000
0
319.466345672832
-1000
1000
0
0
0
0
-1000
1000
1.19232114552437
0
0
-1000
0
0
0
-16.9265481711108
1000
0
0
-509.586024808374
490.612856431638
0
0
0
0
0
983.073451828889
0
0
0
0
0
0
0
0
0
0
0.00230574030341926
0
983.075757569193
-983.075757569193
0
0
0
0
0
0
0
0
0
0
0
0
732.069870871894
0
0
0
0
0
0
0
0
0
0
0
1000
0
0
0
0
0
0
-1000
1000
0
0
0
0
0
0
0
0
0
0
0
0.00230574030342723
1000
0.0673203766125425
0.0673203766125425
0
-999.553889376078
0
0
0
0
0
0
0
0
0
0
0
0
0
0
0
0
0
0
0
0
0
0
0
0
0
0
0
0
0
0
0
0
0
0
0
0
0
0
0
0
0
0
0
0
0
0
0
0
0
0
0
0
0
0
0.10501978751552
0
0
0
1000
0
0
0
0
0
0
-1000
0
0
0
0
0
0
0
0
0
0
0
0
0
0
0
0
0
0
0
0
0
0
0
0
0
0
0
0
-732.218008240515
0
0
0.10501978751552
0
0
0
0
0
0
0
0
0
51.2374704143758
0
0
0
0
0
0
0
0
0
0
0
0
0
0
0
0
0
0
0
0
0
0
0
0
0
0
0
0
0
0
0
0
0
0
-1000
0
0
0
0
0
0
0
0
0
0
0
0
0.00691722091025778
0.00691722091025778
0
0.00691722091025778
0
0
0
0
0
0
0
0
0
0
0
0
0
0
0
0
0
0
0
0
0
0
-1000
0
0.00269281506450051
0
0
0
0
0.487399526674593
0.487399526674593
0
22.053255916764
0
0
0
0
0
0
0
0
0
0
0
0
0
0
0
0
0
0
0
0
0
0
0
0
0
-0.00230574030342723
0
0
0
-1000
0
0
-1000
0
0
0
0
1.40026383354027
0
0
1.40026383354027
0
0
0
0
0
0
0
0
0
0
1.40026383354027
0
1.40026383354027
0
0
0
8.35322650321156
23.8111545518593
15.2201137709762
11.1475442658517
16.5280922981695
5.44000160173564
12.7230638554254
23.2760724270984
21.4330117751442
6.77770691363784
13.1392388413506
27.0811008698424
21.3735582057264
6.59934620538422
10.9394567728892
15.1606602015583
19.649404692608
15.9038298192818
2.91322490147592
19.8277654008616
0
0
0
0
0
0
0
0
0
0
0
0
0
0
0
0
0
0
0
0
0
0
0
0
0
0
0
0
0
0
0
0
0
0
0
0
0
0
0
0
0
0
0
0
0
0
0
0
0
0
0
0
0
0
0
0
0
0
0
0
0
0
0
0
0
0
0
0
0
0
0
0
0
0
0
0
0
0
0
0
0
0
0
0
974.386823074993
974.386823074993
974.386823074993
0
0
0
0
0
0
0
-1000
0
0
0
0
-1000
-1000
1000
1000
0
0
0
0
0
490.317033849304
0
490.612856431638
-1000
-490.413975191626
-1000
0
-490.319339589607
0
-490.394738411413
1000
1000
490.322419479433
1000
0
0
509.682966150696
0
-1000
-1000
-1000
0
509.680660410393
0
0
0
490.319339589607
0
0
0
0
0
0
0
0
0
0
0
1000
252.573121105709
1000
1000
0
500
250.000955991119
2.50806674940935
5
0
0
0
0
0.63550435522211
0
245.157724969468
0
0
0
0
-0.00619539097476718
0
0
0
0
-0.00619539097476718
0
251.919776781067
0
-0.00619539097476718
0.00619539097476718
-0.00619539097476718
-2.32299090022127
0
-0.387211935921073
0
-1000
-2.39916515496679
0.00619539097476718
-0.00619539097476718
-0.00619539097476718
0.00619539097476718
-0.00619539097476718
0.00619539097476718
-0.00619539097476718
-0.00619539097476718
-0.00619539097476718
-0.00619539097476718
-0.00619539097476718
-0.00619539097476718
-0.00619539097476718
-0.00619539097476718
-0.00619539097476718
-0.00619539097476718
-0.00619539097476718
-0.130103210469429
-0.0420996043844752
-0.178117490523732
-0.179666338267339
-0.0913820168773327
0.00619539097476718
0.00619539097476718
-0.417928175948873
0.00619539097476718
0.00619539097476718
0.00619539097476718
0.00619539097476718
-2.96604342915521
-0.0449165845668631
-0.333002264892116
0
-0.0343353652068572
0.00619539097476718
0.00619539097476718
0.058856214260004
0.00619539097476718
0.00619539097476718
-0.00619539097476718
0
0
0
0
0
0
0
0
0
0
0
0
0
0
0
0
0
0
0
0
0
0
0
0
0
0
0
0
0
0
0
0
0
0
0
0
0.00337841079237933
0
0
0
0
0
0
0
0
0
0
0
0
0
0
0
0
0
0
0
0
0
0
0
0
0
0
0
0
0
0
0
0
0
0
0
0
0
0
0
1000
0
0
0
0
0
0
0
0
0
0
0
0
0
0
0
0
0
0
0
0
0
0
0
0
0
0
0
0
0
0
0
0
0
0
0
0
0
0
0
0
0
0
0
0
0
0
0
0
0
0
0
0
0
0
0
0
0
0
0
0
0
0
0
0
0
0
0
0
0
0
0
0
0
0
0
0
0
0
0
0
0
0
0
0
0
0
0
0
0
0
0
0
0
0
0
0
0
0
0
0
0
0.00619539097473668
0.00619539097473668
0.00619539097473668
0.339197655866833
0
0
0
0
0
0.00619539097473668
0
0
0
0
0
0
0
0
0
0
0
0
0
0
0
0
0
0
0
0
0
0
0
0
0
0
0
0
0
0
0
0
0
0
0
0
0
0
0
0
0
0
0
0
0
0
0
0
0
0
0
0
0
0
0
0
0
0
0
0
0
0
0
0
0
0
0
0
0
0
0
0
0
0
0
0
0
0
0
0
0
0
0
0
0
0
0
0
0
0
0
0
0
0
0
0
0
0
0
0
0
0
0
0
0
0
0
0
0
0
0
0
0
0
0
0
0
0
0
0
0
0
0
0
0
0
0
0
0
0
0
0
0
0
0
0
0
0
0
0
0
0
0
0
0
0
0
0
0
0
0
0
0
0
0
0
0
0
0
0
0
0
0
0
0
0
0
0
0
0
0
0
0
0
0
0
0
0
0
0
0
0
0
0
0
0
0
0
0
0
0
0
0
0
0
0
0
0
0
0
1000
0
0
0
0
0
0
0
0
0
0
0
0
0
0
0
0
0
0
0
0
0
0
0
0
0
0
0
0
0
0
0
0
0
0
0
0
0
0
0
0
0
0
0
0
0
0
0
0
0
0
0
0
0
0
0
0
0
0
0
0
0
0
0
0
0
0
0
0
0
0
0
0
0
0
0
0
0
0
0
0
0
0
0
0
0
0
0
0
0
0
0
0
0
0
0
0
0
0
0
0
0
0
0
0
0
0
0
0
0
0
0
0
0
0
0
0
0
0
0
0
1000
1000
0
0
0
0
0
0
0
0
0
0
0
0
0
0
0
0
0
0
0
0
0
0
-1000
0
-1000
0
0
0
0
0
0
0
0
0
0
0
1000
1000
0
0
0
0
0
0
0
0
0
0
0
0
0
0
0
0
0
0
0
0
0
0
0
0
0
0
0
0
0
0
0
0
0
0
0
0
0
0
0
0
0
0
0
0
0
0
0
0
0
0
0
0
0
0
0
0
0
0
0
0
0
0
0
0
0
0
0
0
0
0
0
0
0
0
0
0
0
0
0
0
0
0
0
-998.753260598604
29.7201002898264
0
0
0.00619539097476718
0
1000
0
0
0
0
3.78627447719941
-0.00619539097476718
251.919776781067
0
0
0
0.00337841079237933
2.39296976399203
0
-997.607030236008
999.993804609025
0
0
0
0
0
0
0
0
0
0
0
0
0
-1000
0.00337841079237933
0
0
0
-0.0126514967952289
0
0
0
0
0
0
0
0.0126514967952289
0
0
0
0
0
245.157724969468
1000
-998.753260598604
-245.157724969468
-245.157724969468
0
-490.465427092547
1000
-0.0138344418205634
0
0
0.00619539097476718
-0.00619539097476718
0
0
0.224582922834315
-0.224582922834315
1000
0
0
0
0
0
-1000
0
-245.394698674252
-754.605301325748
-260.088245096382
0
-748.080223218933
-251.919776781067
-1000
0
0
0
0
0
-1000
0
-2.39296976399203
0
0
0
-997.607030236008
997.607030236008
-1000
0
0
0
-1000
0
0
0
-1000
0
0
0
0
0
0
0
0
0
0
0
0
0
0
0
0
0
0
0
-1000
1000
-1000
0
-1000
0
-1000
0
-1000
0
0
0
0
0
0
0
0
0
-1000
0
1000
0
-1000
0
1000
0
-1000
0
-1000
0
0
0
0
0
0
0
0
0
-1000
0
0
0
0
0
0
0
0
0
0
0
0
0
0
0
0
0
0
0
0
0
0
0
0
0
0
0
0
0
0
0
0
0
0
0
0.00337841079237933
-0.00337841079237933
0
0
0
0
0
0
0
0
0
0
0
0
0
0
0
0
0
0
0
0
0
0
0
0
0
0
0
0
0
0
0
0
0
0
0
0
0.00337841079237933
-0.00337841079237933
0
0
0
0
0
0
0.0126514967952289
0.0126514967952289
0
0
0
0
0
0
0
0
0
0
0
0
0
0
0
0
-0.0126514967952289
-0.0126514967952289
0
0
0
0
0
0
0
0
0
0
0
0
0
0
0
0
0
0
0
0
0
0
0
0
0
0
0
0
0
0
0
0
0
0
0
0
0
0
0
0
0
0
0
0
0
0.00230574030341926
0
0
0
0
0
0
0
0
7.04571413655789
0
0
0
0
0
0
0
0
0
0
0
0
0
0
0
0
0
0
0
0
0
0
0
0
0
0
0
0
0
0
0
0
0
0
0
0
0
0
0
0
0
0
0
0
0
0
0
0
0
0
0
0
0
0
0
0
0
0
0
0
0
0
0
0
0
245.388503283277
245.388503283277
245.388503283277
0
0
0
0
245.157724969468
245.157724969468
0
0
0
0
0
0
0
0
0
0
0
0
0
0
0
0
0
0
0
0
0
0
0
0
0
0
0
0
0
0
0
0
0
0
0
0
0
0
0
0
0
0
0
0
0
0
0
0
0
0
0
0
0
0
0
0
0
0
0
0
0
0
0
0
0
0
0
0
0
0
0
0
0
0
0
0
0
0
0
0
0
0
0
0
0
0
0
0
0
0
0
0
0
0
0
0
0
0
0
0
0
0
0
0
0
0
0
0
0
0
0
0
0
0
0
0
0
0
0
0
0
0
0
0
0
0
0
0
0
0
0
0
0
0
0
0
0
0
0
0
0
0
0
0
0
0
0
0
0
0
0
0
0
0
0
0
0
0
0
0
0
0
0
0
0
0
0
0
0
0.00230574030341926
0.00230574030341926
0.00230574030341926
0.00230574030341926
0.00230574030341926
0
0
0
0
0
0
0
0
0
0
0
0
0
0
0
0
0
0
0
0
0
0
0
0
0
0
0
0
0
0
0
0
0
0
0
0
0
0
0
0
0
0
0
0
0
0
0
0
9.43815027538571
9.43815027538571
-9.43815027538574
3.14067003108726
-1.56918214539189
1.56918214539192
1.56918214539192
1.56918214539192
0
0
0
0
0
0
0
0
0
0
0
0
0
0
0
0
0
0
0
0
1.56918214539192
0
1.56458403139554
1.56918214539192
1.56918214539192
1.56918214539192
1.56918214539192
1.56918214539192
1.56918214539192
1.56918214539192
1.56918214539192
1.56918214539192
1.56918214539192
1.56918214539192
1.56918214539192
1.56918214539192
1.56918214539192
1.56918214539192
1.56918214539192
9.43815027538571
9.43815027538571
3.14067003108726
3.14067003108726
0
0
0
0
0
0
0
0
0
0
0
0
0
0
0
0
0
0
0
0
0
0
0
0
0
0
0
0
0
0
0
0
0
0
0
0
0
0
0
0
0
0
0
0
0
0
0
0
0
0
0
0
0
0
0
0
0
0
0
0
0
0
0
0
0
0
0
0
0
0
0
0
0
0
0
0
0
0
0
0
0
0
0
0
0
0
0
0
0
0
0
0
0
0
0
0
0
0
0
0
0
0
0
0
0
0
0
0
0
0
0
0
0
0
0
0
0
0
0
0
0
0
0
0
0
0
0
0
0
0
0
0
0
0
0
0
0
0
0
0
0
0
0
0
0
0
0
0
0
0
0
0
0
0
0
0
0
0
0
0
0
0
0
0
0
0
0
0
0
0
0
0
0
0
0
0
0
0
0
0
0
0
0
0
0
0
0
0
0
0
0
0
0.755188985232649
0.00863483035367444
0.00863483035367444
0
0
0
0
-0.00863483035368517
0
0
0
0
0.746554154878974
0
1000
0
0
0
0
0
0
0
0
0
0
0
0
0
0
0
0
0
0
0
0
0
0
0
0
0
0
0
0
0
0
0
0
0
0
0
0
0
0
0
0
0
0.00863483035367444
0
0
0
0
0
0
0
0
0
0
0
0
0
0
0
0
0
0
0
0
0
0
0
0
0
0
0
0
0
0
0
0
0
0
0
0
0
0
0
0
0
0
0
0
0
0
0
0
0
0
0
0
0
0
0
0
0
0
0
0
0
0
0
0
0
0
0
0
0
0
0
0
0
0
0
0
0
0
0
0.00230574030341926
0
0
0
0
0
0
0
0.994188435697794
0
0
0
0.623369700697749
0.623369700697749
0.623369700697749
0
0
0
6.19550637314028
0
0
0.852513503721032
0
0
6.19550637314028
0.00230574030341926
0
0
0
0
-0.85251350372107
0.852513503721032
0
0
0
0
0.234071626744214
0
6.95069535837292
0
0
0
0.148004022027016
0
0.141674931976761
0
6.95069535837292
6.95069535837292
0
0
0
0
0
0
0
0
0
0
0
0
0
0
-7.04571413655788
0
0
0
0
0
0
0
0
0
0
0
0
0
0
0
0
0
0
0
0
0
0
0
0
0
0
0
0
0
0
0
0
0
0
0
0
0
0
0
0
0
0
0
0
0
0
0
0
0
0
0
0
0
0
0
0
0
0
0
0
0
0
0
0
0
0
0
0
0
0
0
0
0
0
0
0
0
0
0
0
0
0
0
0
0
0
0
0
0
0
0
0
0
0
0
0
0
0
0
0
0
0
0
0
0
0
0
0
0
0
0
0
0
0
0
0
1000
0
0
1000
1000
0
0
0
0
0
0
0
0
0
0
0
0
0
0
0
0
0
0
0
0
0
0
0
0
0
0
0
0
0
0
0
0
0
0
0
0
0
0
0
0
0
0
0
0
0
0
0
0
0
0
0
0
0
0
0
0
0
0
0
0
0
0
0
0
0
0
0
0
0
0
0
0
0
0
0
0
0
0
0
0
0
0
0
0
0
0
0
0
0
0
0
0
0
0
0
0
0
0
0
0
0
0
0
0
0
0
0
0
0
0
0
0
0
0
0
0
0
0
0
0
0
0
0
0
0
0
0
0
0
0
0
0
0
0
0
0
0
0
0
0
0
0
0
0
0
0
0
0
0
0
0
0
0
0
0
0
0
0
0
0
0
0
0
0
0
0
0
0
0
0
0
0
0
0
0
0
0
0
0
0
0
0
0
0
0
0
0
0
0
0
0
0
0
0
0
0
0
0
0
0
0
0
0
0
0
0
0
0
0
0
0
0
0
0
0
0
0
0
0
0
0
0
0
0
0
0
0
0
0
0
0
0
0
0
0
0
0
0
0
0
0
0
0
0
0
0
0
0
0
0
0
0
0
0
0
0
0
0
0
0
0
0
0
0
0
0
0
0
0
0
0
0
0
0
0
0
0
0
0
0
0
0
0
0
0
0
0
0
0
0
0
0
0
0
0
0
0
0
0
0
0
0
0
0
0
0
0
0
0
0
0
0
35.284862378978
0
0
0
0
507.473520744689
0
0
0
0
0
0
0
0
0
0
0
0
0
0
0
0
0
0
0
0
0
0
0
0
0
0
0
0
0
0
0
0
0
0
0
0
0
0
0
0
0
0
0
0
0
0
0
0
0
0
0
0
0
0
0
0
0
0
0
0
0
0
0
0
0
0
0
0
0
0
0
0
0
0
0.10501978751552
0.10501978751552
0
0
0
0.105019787515516
0
0.10501978751552
0
0
0
0
0.0161568903870031
0
0
0
0
0
0
0
0
0
0
0
0
0
0
0
0
0
0
0
0
0
0
0
0
0
0
0
0
0
0
0
0
0
0
0
0
0
0
0
0
0
0
0
0
0
0
0
0
0
0
0
0
0
0
0
0
0
0
0
0
0
964.320781662171
964.320781662171
0
0
0
0
0
0
0
0
0
0
0
0
0
0
0
0
0
0
0
0
0
0
0
0
0
0
0
0
0
0
0
0
0
0
0
0
0
0
0
0
0
0
0
0
0
0
0
0
0
1000
365.538944829068
-1000
0
0
0
-1000
-400.794600105311
1000
0
0
0
0
-1000
365.092834205145
0
0
0
0
0
0
0
0
0
0
0
0
0
0
0
0
0
0
0
0
0
0
0
0
0
0
0
0
0
0
0
0
0
0
0
0
0
0
0
0
400.794600105311
0
0
945.728868739242
0
0
0
0
0
0
0
0
0
0
0
0
0
0
-999.997694259697
999.997694259697
1000
999.997694259697
1000
-1000
-1000
0
0
0
0
0
0
0.00230574030342723
0
0
0
0
0
0
0
0
0
0
0
0
0
0
0
0
0
0
0
0
0
0
0.00172429274864397
0.00230574030341926
0.00632909005025518
1000
0.00114952849909598
0.00114952849909598
0.00230574030342723
0
0.000574764249547989
0.00114952849909598
0.00978435885278115
-0.00114952849912697
0.00114952849909598
0.00114952849909598
0.00114952849909598
0.00114952849909598
0.00114952849909598
-0.00114952849912697
-0.00229905699814026
0.00114952849909598
0.00114952849909598
0.00114952849912697
0.00114952849909598
-999.971221687691
-0.0034552688025542
999.970072159192
0.00230574030342723
0.00114952849909598
0.00114952849909598
0.00230574030341926
0.00230574030341926
-0.00230574030342723
-0.00230574030342723
0.00230574030342723
0.00230574030342723
0.00114952849909598
0.00114952849909598
0.00114952849909598
0.00114952849909598
-0.0034552688025542
-999.991365169646
0
0
0
0
0
0
-1000
0
0
0
0.00230574030341926
0
0
0
0
0.00115287015170963
0.00230574030342723
0.00230574030342723
0
0
0.00230574030341926
0.00230574030341926
0
0
0
0
0
0
0.00459811399638391
0.00114952849909598
0.00344858549728793
0.00114952849909598
-0.00114952849912697
0.00114952849909598
0.00114952849909598
0.00114952849909598
0.00114952849909598
0.00114952849909598
0.00114952849909598
0.00229905699819196
0.00114952849909598
0.00114952849909598
0.00114952849909598
0.00114952849909598
0.00114952849909598
0
0.00114952849909598
0.00230574030341926
0.00230574030341926
0.00230574030341926
0.00230574030341926
0.00230574030341926
0.00230574030341926
0.00230574030341926
0.00230574030341926
0.00230574030341926
0.00230574030341926
0.00230574030341926
0.00230574030341926
0.00230574030341926
0.00230574030341926
0
0
0
0
0
0
0
0
0
0
0
0
-0.00230574030342723
0
0
0
0
0
0
0
0
0
0
0
0
0
0
0
0
0
0
0
0
0
0
0
0
0
0
0
0
0
0
0
0
0
0
0
0
0
0
0
0
0
0
0
0
0
0
0
0
0
0
0
0
0
0
0
0
0
0
0
0
0
0
0
744.760040055933
0
0
0
0
0
0
0.00230574030341926
0
0
0
0
0
0
0
0
0
0
0
0
0
0
0
0
0
0
0
0
0
0
0
-434.756409747567
0
-0.63550435522211
0
-245.157724969468
0
0
0
0
0
0.00619539097473668
0
0
0
0
0
0
0
0
0
0.00619539097473668
0
0
0
0
0
0
0
0.00619539097473668
0
0.00619539097473668
0
0.00619539097473668
0
2.32299090022122
0
0
0
0.387211935921043
0
0
0
0.00619539097476718
0
2.39916515496678
0
0.00619539097473668
0
0.00619539097473668
0
0.00619539097473668
0
0.00619539097473668
0
0.00619539097473668
0
0.00619539097473668
0
0.00619539097473668
0
0.00619539097473668
0
0.00619539097473668
0
0.00619539097473668
0
0.00619539097473668
0
0.00619539097473668
0
0.00619539097473668
0
0.00619539097473668
0
0.00619539097473668
0
0.00619539097473668
0
0.00619539097473668
0
0.13010321046947
0
0.0420996043845055
0
0.17811749052368
0
0.179666338267364
0
0.0913820168773661
0
0.00619539097473668
0
0.00619539097473668
0
0.417928175948916
0
0.00619539097473668
0
0.00619539097473668
0
0.00619539097473668
0
0.00619539097473668
0
2.96604342915519
0
0.044916584566841
0
0.333002264892097
0
1000
0
0.0343353652068615
0
0.00619539097473668
0
0.00619539097473668
0
0.0588562142599985
0
0.00619539097473668
0
0.00619539097473668
0
0.00619539097473668
0
0
663.703147235278
0
0
-0.746554154878936
1000
0
0
0
0
-0.00691722091028169
-1000
1000
0
0
-1000
2.64393504089435
697.140897503385
0
963.46826815845
1000
-1000
-1000
0
0
1000
0
0
0
0
0
-341.594830544061
1000
-6.95069535837297
0
0
0
-1000
-2.53891525337883
-0.00230574030342723
0
0
0
-2.01803515222582
758.489998154981
0
0
0
0
478.896856060692
1000
1000
-661.927683447883
1000
-702.291768182146
0
1000
1000
0
-1000
0
0
1000
1000
-1000
1000
0
-1000
0
0
-1000
842.247064053955
1000
1000
0
0
0
0
0
0
0
0
0
0
0
0
0
0
0
0
1000
0
0
0
0
0
0
0
0
0
0
1000
0
0
0
0
0
0
0
0
0
-1000
-1000
-1000
-993.395301581013
1000
-1000
-1000
-1000
-1000
-1000
-1000
1000
1000
-1000
-1000
-1000
-1000
-1000
-1000
1000
-761.546311814466
-1000
-1000
1000
1000
1000
1000
1000
1000
1000
0.0942819437835851
1000
-1000
-1000
-1000
-1000
-1000
-1000
-1000
-1000
-1000
1000
-1000
-1000
-1000
-1000
-1000
-425.158579171916
-1000
-1000
-979.935266873462
-1000
-1000
1000
-1000
-1000
-1000
-1000
-1000
-1000
-1000
-1000
-1000
-1000
-1000
-1000
-1000
-5.94086520373276
-1000
-723.231970197146
-1000
-1000
-1000
1000
1000
-1000
-1000
274.380121046375
-725.619878953625
1000
-1000
1000
1000
-1000
1000
1000
-1000
1000
-1000
1000
1000
1000
-1000
1000
1000
1000
1000
1000
-1000
-1000
-1000
174.701578010353
1000
-1000
-11.1798580466257
-1000
-1000
-1000
28.9196168742419
1000
1000
1000
1000
1000
1000
1000
-1000
-1000
-1000
-1000
-1000
-1000
945.728868739242
748.994113302701
993.428428497256
-1000
-1000
-1000
0
0
0
0
0
0
0
0
0
0
0
0
0
0
0
0
0
0
0
0
0
0
0
0
0
0
0
0
0
0
0
0.0942819437835851
0
0
0
0
0
0
0
0
0
0
0
0
0
0
0
0
0
0
0
0
0
0
0
0
0
0
0
0
0
0
0
0
0
0
0
0
0
0
0
0
0
0
0
0
0
0
0
0
0
0
0
0
0
0
0
0
0
0
0
0
0
0
0
0
0
0
0
0
0
0
0
0
0
0
707.738380946038
0
0
0
0
0
0
0
0
0
0
0
0
0
0
0
0
0
0
0
0
0
0
0
0
0
0
0
0
0
0
0
0
0
0
0
0
0
0
0
0
0
0
0
0
0
0
0
0
0
0
0
0
0
0
0
0
0
0
0
0
0
0
0
0
0
0
0
0
0
0
0
0
0
0
0
0
0
0
0
0
0
0
0
0
0
0
0
0
0
0
0
0
0
0
0
0
0
0
0
0
0
0
0
0
0
0
0
0
0
0
0
0
0
0
0
0
0
0
0
28.919616874242
0
0
0
0
0
0
0
0
0
0
0
0
0
0
0
0
0
28.6579543357511
0
0
0
0
0
0
0
0
0
0
0
0
0
0
0
0
0
0
0
0
0
0
0
0
0
0
0
0
0
0
0
0
0
0
0
0
0
0
0
0
0
0
0
0
0
0
0
0
0
0
0
0
0
0
0
0
0
0
0
0
0
0
0
0
0
0
0
0
0
0
0
0
0
0
0
0
0
0
0
0
-1000
1000
1000
1000
1000
1000
-514.048475841877
1000
-1000
-1000
1000
-1000
1000
1000
1000
1000
0
-1000
1000
-1000
1000
-1000
0
-1.56918214539189
-1000
-1000
-998.920181159135
948.804885589444
1000
1000
-1000
-1000
-1000
-1000
-1000
1000
1000
-1000
-1000
-1000
-1000
1000
-1000
-1000
-1000
1000
-1000
514.048475841877
-1000
-1000
-1000
-485.951524158123
-1000
-514.048475841877
-1000
0
0
0
0
0
-1000
1000
0
0
0
0
0
0
0
0
0
0
0
-1000
-1000
-0.302792712743894
0
0
0
0
1000
0
466.320907920271
0
0
0
0
0
0
0
0
0
-0.00230574030342723
0.00230574030341926
0
0
-0.00230574030342723
-0.00230574030342723
0
0
0
0
0
0
0
0
0
0
0
0
0
0
0
0
0
0
0
0
0
0
0
0
0
0
0
0
0.00230574030341926
0
0
1000
-1000
1000
1000
1000
0
0
0
0
-0.00230574030342723
0.234071626744253
0
0
0
0
0
0
0
0
0
0
0
0
0
0
0
0
-1000
744.644249008159
0
-465.456820963282
465.456820963282
0.00230574030341926
0
0
0
0
-211.580493833392
0
0
0
0
0
0
-1000
1000
0
0
0
0
1000
969.130932608716
0
0
0
0
0
0
0
0
0
0
0
0
0
0
0
0
0
0
0
0
0
0
0
0
0
0
0
0
0
0.00230574030341926
0
0
0
0
1000
0
-998.753260598604
0
0
1.2467394013955
0
0
0
0
1000
0
0
0
509.586024808374
509.586024808374
0
0
0
0
0
0
0
0
0
0.00230574030342723
509.680660410393
-1000
-1000
1000
0
1000
-490.319339589607
0
-1000
490.319339589607
0
-1000
1000
-1000
744.319090280894
0
0
0
0
-0.0053856301290125
1000
0
0
0
0
0
5.15778789967135
0
0
1000
0
714.872031560905
0
0
0.00230574030334907
0
0
-255.189637411281
0
0
-1000
0
-1000
1000
0
0
0
0
0
0
0
0
0
0
0.0969413423220184
-999.994614369871
1000
0
268.203726008287
0
0
1000
1000
0
0
268.203726008287
222.210249183339
0
0
1000
0
0
0
998.807678854476
0
0
0
0
0
0
0
0
0
0
0.623369700697749
0
0.00230574030341926
-0.00230574030342723
0.00230574030341926
0.00230574030341926
0
0
490.319339589607
-490.319339589607
0.00230574030342723
0
0
-5.15548215936781
0.623369700697708
0
0
-0.00691722091028169
-1000
-1000
-1000
1000
-6.34780330489218
1.14251437025996
0
0
-998.807678854476
-1000
-1.19232114552426
-1000
0
0
0
0
0
0
0
0
0
0
0
0
0
0
0
0
0
0.0498067752643672
0
0
0
0
0
0
0
1000
0
0
0
0
0
0.00114952849909598
0
255.189637411281
0
0
0
0
0
0
0.00230574030341926
-1000
1000
0
0
0
0
0
0
0
0
0
0
0
0
0
0
0
0
0
0
0
0
0
0
0
0
1000
0
0
0
0
0
0
0
0
0
0
0
0
0
0
0
0
0
0
0
0
0
0
0
0
0
0
0
0
0
0
1.48703541307475
0
0
0
0
0
0
0
0
0
0
0
0
0
0
0
0
0
0
0
0
0
0
0
0
0
0
0
0
0
0
0
0
0
0
0
0
0
0
0
0
0
0
0
0
0
0
0
0
0
0
0
0
0
0
0
0
0
0
0
0
0
0
0
0
0
0
0
0
0
0
0
0
0
0
0
0
0
0
0
0
0
0
0
0
0
0
0
0
0
0
0
0
0
0
0
0
0
0
0
0
0
0
0
0
0
0
0
0
0
0
0
0
0
-999.984474681957
0
0.00114952849912697
0
0.0126514967952289
0
0
-0.0155253180430464
0
1000
0.00287382124770375
0
0
0
0
0
0
0
0
0
0
0
0
0
0
0
0
0
0
0.00230574030341926
0.00230574030341926
0.00230574030341926
1000
-1000
0
-490.465427092547
-1000
0
0
0
0
0
0
-1000
-222.210249183339
0
0
0
0
0
0
0
0
0
0
-1000
0
999.993804609025
739.905559512643
-1000
-1000
-1000
-997.607030236008
-1000
1000
0
0
0
0
0
0
0
0
0
0
-1000
0
1000
0.252550965697705
0.00230574030341926
0.00230574030341926
0.00230574030341926
0.00230574030341926
0.00230574030341926
0
0
0
0
1000
0
0
0
0
0
0
0
0
0
0
0
0
0
0
0
-1000
0
0
0
0
0
0
1000
-999.993804609025
0
1000
0
0
-999.993804609025
0
0
0
0
0
0
0
0
0
0
0
0
0
0
0
0
0
0
0
0
0
0
0
0
0
0
0
0
0
0
0
0
0
0
0
0
0
0
0
0
0
0
0
0
0
0
0
-393.397163949836
0
0
0
12.6779556244877
0
0
0
0
-1000
0
0
0
0
0
0
0
255.680909719106
1000
-1000
-1000
-1000
-1000
1000
0
0.00632909005025518
0
0
0
0
-744.644249008159
-1000
-1000
0
0
0
0
0
999.986165558179
2.58325341414094
0
0
0
0
0
0.370818735000044
0.370818735000044
0
-999.983325153458
0
0
0
0
0
0
0
0
-1000
0
0
0
0
0
0
0
1000
0.00230574030341926
0
0
0
0
0
0
0
0
634.902554314248
-1000
0
0
1000
0
0
0
1000
0
0.00344858549728793
0
0
-754.605301325748
0
-1000
0
0
0
-1000
-1000
0
0
0
0
0
0
1000
245.157724969468
-1000
1000
-1000
1000
-1000
1000
-750
0
0
0
0
1000
-1000
0
0
-1000
0
0
0
0
0.00337841079240126
0
0
0
0
0
0
0
0
993.652196695108
0
1000
0
0
0
0
0
0
0
0
0
1000
0.0969413423219976
-1000
-1000
0.0969413423219976
-1000
-1000
1000
0
0
0
0
0
0
0
0
-35.284862378978
-507.473520744689
0
1000
0.00114952849909598
0.00114952849909598
0
-1000
27.3557680064214
0
0
251.919776781067
0
0
0
0
0
0
0
0
0
0
0
0
0
0
0
0
0
0
0
0
0
0
0
0
0
-0.0126514967952289
0
0
0
0
0
0
0
0
0
0
0
0
0
0
0
0
0
0
0
0
0
0
0
0
0
0
0
0
0
0
0
0
0
0
0
0
0
0
0
0
0
0
0
0
0
-1000
0
-1000
0
0
0
0
0
0
-1000
0
0
0
0
0
0
0
0
0
0
0
999.775417077166
0
0
0
0
0
0
0
0
0
0
0
0
0
1000
0
0
0
1.24673940139553
0
0
0
0
0
0
0
0
0
0
0
0
0
0
0
245.157724969468
0
0
0
0
0
0
0
0
0
0
0
0
0
0
0
0
0
0
0
0
0
0
0
0
245.157724969468
0
0
0
0
0
0
0
0
0
0
0
0
245.163920360443
0
0
0
0
0
0
0
0
0
0
0
0
0
0
0
0
0
0
0
0
0
0
0
0
0
0
0
0
0
0
0
0
0
0
0
0
0
0
0
0
0
0
0
0
0
0
0
0
0
0
0
0
0
0
0
0
0
0
0
0
0
0
0
0
0
0
0
0
0
0
0
0
0
0
0
0
0
0
0
0
0
0
0
0
0
0
0
0
0
0
0
0
0
0
0
0
0
0
0
0
0
0
0
0
0
0
0
0
0
0
0
0
0
0
0
0
0
0
0
0
0
0
0
0
0
0
0
0
0
0
0
0
-1000
0
0
0
0
0
0
0
0
0
0
0
0
0
0
0
0
0
0
0
0
0
0
0
333.333333333333
0
0
0
0
-600.954829375582
0
783.496896131749
-51.2788878912336
-732.112988453
1.67740210640996
0
0
-744.644249008159
663.703147235278
0
0
0
0
460.745326802721
0.0138344418205156
0
0
0
750.819026848549
0
0
0
0
0
0
0
0
0
0
0
0
0
0
0
0
0
0
0
0
0
-0.63550435522211
0
0
0
0
0
0
0
0
0
0
0
0
0
0
0
0
0
0
0
0
0
0
0
0
0
0
0
0
0
0
0
0
0
0
0
0
0
0
0
0
0
0
0
0
0
0
0
0
0
0
0
0
0
0
0
0
0
0
0
0
0
0
0
0
0
0
0
0
0
0
0
0
0
0
0
0
0
0
0
0
0
0
0
0
0
0
0
0
0
0
0
0
0
0
0
0
0
0
0
-986.58609402207
0
0
0
0
0
0
0
0
0
0
0
0
0
0
0
0
0
0
0
0
0
0
0
0
0
0
0
0
0
0
0
0
0
0
0
0
0
0
0
0
0
0
0
0
0
0
0
0
0
0
0
0
0
0
0
0
0
0
0
0
0
-937.691124874574
0
0
0
0
0
0
0
0
0
0
0
0
0
0
0
0
0
0
0
0
0
0
0
0
0
0
0
0
0
0
0
0
0
0
0
0
0
0
0
0
0
0
0
0
0
0
0
0
0
0
0
0
0
0
0
0
0
0
0
0
0
0
0
0
0
0
0
0
0
0
0
0
0
0
0
0
0
0
0
0
0
0
0
0
0
0
0
0
-986.58609402207
-937.691124874574
0
0
0
0
0
0
0
0
0
0
0
0
0
0
251.919776781067
0
0
0
0
0
0
0
0
0
0
0
0
-1000
0
0
0
0
0.00230574030342723
-50.9628032777969
0
0
0
0
0
0
0
0
0
0
0
0
0
0
0
0
0
0
0
0
0
0
0
0
0
0
0
0
0
0
0
0
0
0
0
0
0
0
0
0
0
0
0
0
0
0
0
0
0
0
0
0
0
0
0
0
0
0
0
0
0
0
0
0
0
0
0
0
0
0
0
0
0
0
0
0
0
0
0
0
0
0
0
0
0
0
0
0
0
0
0
0
0
0
0
0
0
0
0
0
0
0
0
0
0
0
0
0
0
0
0
0
0
0
0
0
0
0
0
0
0
0
0
0
0
0
0
0
0
0
0
0
0
0
0
0
0
0
0
0
0
0
0
0
0
0
0
0
0
0
0
0
0
0
0
0
0
1000
0
0
485.951524158123
0
0
0
0
0
0
0
0
1000
0.00230574030342723
0
732.069870871894
0
1000
0
0
0
0
0
0
999.967766418889
0
0
0
0
0
0
0
0
0
0
1000
-1000
0
0
0.746554154878974
0
0
0
0
0
0
0
0
0
0
0
0
0
0
0
0
0
0
0
0
0
0
0
0
0
0
0
0
0
0
0
0
0
0
0
0
0
0
0
0
0
0
0
0
0
0
0
0
0
0
0
0
0
0
0
0
0
0
0
0
0
0
0
0
0
0
0
0
0
0
0
0
0
0
0
0
0
0
0
0
0
0
0
0
0
0
0
0
0
0
0
0
0
0
0
0
0
0
0
0
0
0
0
0
0
0
0
0
0
0
0
0
0
0
0
0
0
0
0
0
0
0
0
0
0
0
0
0
0
0
0
0
0
0
0
0
0
0
0
0
0
0
0
0
0
0
0
0
0
0
0
0
0
0
0
0
0
0
0
0
500
55.6942102275183
0
0
-0.623369700697708
0
0
297.267847089379
12.3195593023271
26.9281506450051
0.066833052273022
55.6942102275183
0
0
0
0
0
0
0
0
0
0
0
0
0
0
0
0
0
0
0
0
0
0
0
0
0
1000
-1000
-25.6131769250072
0
0
0
983.073451828889
0
-1000
0
0
0
0
-15.4884774368417
0
0
999.989072795953
0
0
0.00747861854936421
0.00230574030341926
0
0
0
0
0
0
0
0
0
0
0
0
0
0
0.63550435522211
0
245.157724969468
0
0
0
0
478.896856060692
-2.96604342915521
-0.130103210469429
0
-993.428428497256
-1000
-1000
-1000
-6.69898036277073
-1000
-16.9486420643079
-2.94015305212088
-20.0647331265377
581.917796311828
-1000
0
0
0
0
-1000
-24.7940320504021
-11.1798580466257
-1000
-946.192069131572
16.1123907130312
-989.647329071936
-1000
-15.351850071138
978.902404378183
0
0
-1000
969.130932608716
0
1000
0
0
744.644249008159
-1000
0
0
0
-6.95069535837297
0.234071626744253
0
1000
251.005886697299
0
0
0
0
0
0
0
0
0
0
-0.00230574030342723
945.726562998938
-945.728868739242
0
0
0
0
0
0
0
0
0
0
0
0
0
0
0
0
1000
0
-1.07981884086473
0
0
1000
-999.253445845121
0
-0.00230574030342723
-0.00230574030342723
0
634.907165794855
0
0
-0.00230574030342723
0
-0.00230574030342723
0
0
0
-0.00230574030342723
0
0
0
-0.00230574030342723
0
0
0
0
974.386823074993
1000
0
0
0
0
0
485.951524158123
0
0
0
0
0
-0.00691722091028169
0
0
0
0
0
0
-997.356064959106
0
0
0
0
-51.6844777150831
0
1000
0
0
-0.00230574030342723
-1000
0
0
0
-22.053255916764
0
0
0
0
0
0
0
0
0
-211.580493833392
-2.01803515222582
-0.302792712743894
-1000
-1000
0
0
0
0
0
0
0
0
1.56918214539189
0
0
0
0
0
0
1000
0
0
0
0
-2.53891525337883
1000
697.140897503385
0
0
963.46826815845
297.708231817854
0
0
0
465.456820963282
0
0
0
0
0
-1000
-1000
0
0
0
0
0
0
-1000
0
0
0
0
365.097445685752
-1000
1000
0
0
0
0
0
0
1000
-1000
-661.927683447883
-341.594830544061
0
0
-465.456820963282
0
0
0
0
0
0
0
1000
0
-0.0343353652068572
-0.00619539097476718
-1.67740210641
0
-0.0913820168773327
-0.417928175948873
-0.058856214260004
-0.333002264892116
-0.178117490523732
-0.00619539097476718
0
0
0
0
-0.00619539097476718
-1000
-0.00619539097476718
-0.00619539097476718
-0.00619539097476718
-0.0449165845668631
0
-0.00619539097476718
-2.32299090022127
0
0
-2.58325341414093
0
0
-0.00619539097476718
-0.0420996043844752
0
-0.00619539097476718
-0.00619539097476718
-0.00619539097476718
-0.00619539097476718
-0.179666338267339
0
-0.387211935921073
0
0
0
-1000
1000
0
0
-1000
1000
-0.00230574030342723
0
750
-750
0
0
0
-1000
0
0
0
0
0
0
0
0
0
0
0
0
0
0
0
0
0
0
-1000
1000
1000
-1000
-27.3557680064214
27.3557680064214
0
-1000
1000
-0.00619539097476718
-0.00619539097476718
0
0
0
0
1000
-732.218008240515
732.112988453
460.745326802721
0.0138344418205634
0
0
0
750.819026848549
0
-1000
-1000
0
0
0
0
0
-0.63550435522211
0
0
0
0
0
0
0
0
0
0
0
0
0
0
0
0
0
0
0
0
0
0
0
0
0
0
0
0
0
0
0
0
0
0
0
0
0
0
0
0
0
0
0
0
0
0
0
0
0
0
0
0
0
0
0
0
0
0
0
0
0
0
0
0
0
0
-0.00619539097476718
0
0
0
0
0
0
0
0
0
0
0
0
0
0
0
0
0
0
0
0
0
0
0
0
0
0
0
0
0
0
0
0
0
0
0
0
0
0
0
0
0
0
0
0
0
0
0
0
0
0
0
0
0
0
0
0
0
0
0
0
0
0
0
0
0
0
0
0
0
0
0
0
0
0
0
0
0
0
0
0
0
0
0
0
0
0
0
0
0
0
0
0
0
0
0
0
986.58609402207
0
0
0
0
0
0
0
0
0
0
0
0
0
0
0
0
0
0
0
0
0
0
0
0
0
0
0
0
0
0
0
0
0
0
0
0
0
0
0
0
0
0
0
0
0
0
0
0
0
0
0
0
0
0
0
0
0
0
0
0
0
937.691124874574
0
0
0
0
0
0
0
0
0
0
0
0
0
0
0
0
0
0
0
0
0
0
0
0
0
0
0
0
0
0
0
0
0
0
0
0
0
0
0
0
0
0
0
0
0
0
0
0
0
0
0
0
0
0
0
0
0
0
0
0
0
0
0
0
0
0
0
0
0
0
0
0
0
0
0
0
0
0
0
0
0
0
0
0
0
0
0
0
0
0
0
0
0
0
0
0
0
0
-485.951524158123
0
1000
0
0
732.069870871894
50.9628032777969
0
0
0
0
0
0
0
0
0
0
0
0
0
0
0
0
0
0
999.967766418889
0
0
0
0
0
1000
0
-1000
0
-1000
-0.00230574030342723
0
0
0
0
0
0
0
0
-1000
0
0
0
0
0
-0.746554154878936
0
0
0
0
0
0
0
0
0
0
0
0
0
0
0
0
0
0
0
0
0
0
0
0
0
0
0
0
0
0
0
0
0
0
0
0
0
0
0
0
0
0
0
0
0
0
0
0
0
0
0
0
0
0
0
0
0
0
0
0
0
0
0
0
0
0
0
-0.00619539097476718
-0.00619539097476718
-0.00619539097476718
-0.00619539097476718
0
-0.00619539097476718
-2.39916515496679
0
-0.00619539097476718
-0.00619539097476718
-0.00619539097476718
-0.00619539097476718
0
-0.00619539097476718
-0.00619539097476718
-0.00619539097476718
-0.00619539097476718
-0.00619539097476718
-0.00619539097476718
-0.00619539097476718
0
-0.00619539097476718
-0.00619539097476718
-0.00619539097476718
0
-1000
55.6942102275184
0
1000
0
0
0
0
0
0
0
0
0
0
0
