0
0
0
0
0
0
0
0
-730.625072770271
295.6666112469
0
0
0
195.059704395977
1000
0
999.748925791625
-999.748925791625
999.942376411193
0
0.057623588807473
0
-1000
0.362205415361245
0
1000
-208.097810501095
0
-34.9732006805868
0.0237304647894389
0
0
0
0
0
0.0317342612433887
0
0
0
34.5792610039822
0
0
0
0
0
142.857142857143
0
142.857142857143
0
142.857142857143
0
142.857142857143
0
142.857142857143
0
142.857142857143
0
857.142857142857
142.857142857143
0
0
0
0
0
0
0
0
0
34.9732006805868
0
0
0
0
-1000
-1000
0
0
0
0
34.9732006805868
0
0
-1000
0
0
0
0
0
0
0
0
0
0
0
0
0
0
0
0
0
0
0
0
0
0
0
704.3333887531
0
0
0
0
0
0
0
0
0
0
0
0
0
0
0
0
0
0
0
0
0
0
0
0
1000
0
0
-1000
0
0
0
0
0
0
-1000
0
0
0
-14.4262225203255
0
0
0
0
537.934485260614
0
0
0
1000
0
0
592.446743394733
996.007623413458
1000
403.552648077466
0
214.6585527602
0
-1000
403.552648077466
598.612352473443
1000
-804.940295604023
0
214.6585527602
1000
0
0
0
0
0
1000
739.143167427291
0
0
0
0
0
-3.87661863697861
0
0
0
0
0
0
0
4.04125746214277
-1000
0
0
0
503.236336195235
0
0
0
0
0
0
0
0
0
0
-3.88073460760768
0
-999.995884029371
0.160522854535103
143.922576165303
0
0
0
0
0
0
0
0
0
992.12688880585
0
0
-1000
658.286658295445
0
0
0.454587035355189
0
0
0
341.2587546692
0
3.88073460760768
0
0
0
-1000
0
0
0
0
0
0
0
0
0
0
0
0
-1000
0
-468.077583147183
0
1000
1000
1000
-1000
9.7787536669457
-1000
-1000
-0.952821236397085
1000
0
0
-0.681880553032784
334.519178381161
1000
-1000
1000
0
0
1000
0
0.176986737051524
0
-0.176986737051493
0
0.00175705550744016
0
0
0
0
2.13174759440177
0
0
0
496.51258959639
0
0
0
0
0
0
0
7.88015984705578
992.119840152944
0
1000
0.462818976613368
0
0
1000
0
-0.176986737051493
0
-8.56204040008834
332.696714269112
0
8.56204040008834
0
0
0
7.88015984705578
0
0
0
0
-1000
0
0
0
-15.0117816990579
341.2587546692
0
-1000
-0.952821236397085
0
0
7.88368417351182
0
0
0
0
0
0
0
0
0
0
0
0
7.88015984705578
0
0
0
2.27293517677579
0
9.56846119361791
0
0
0
0
0
0
0
0
-930.046587442528
-1000
1000
12.1412433409726
1000
1000
-1000
976.036720248105
0
-998.867648382241
1000
-999.545412964645
-1000
-989.766659297699
1000
0
-1000
0
0
0
0
-1000
0
1000
1000
-334.519178381161
-1000
1000
0
0
-1000
0
0
0
0
0
0
0
0.952821236397074
-1000
-1000
1000
1000
1000
-1000
-0.454587035355189
-1000
-1000
1000
1000
0
1000
-1000
-1000
-1000
0
1000
-1000
-1000
1000
1000
-1000
1000
1000
0
0
0
0
0
0
0
0
-1000
1000
0
0
-1000
1000
0
0
0
-29.0005076134697
0
0
0
0
0
0
0
271.025431452
0
0
0
0
0
0
0
0
0.00352432645387706
0
921.003746339329
-271.028955778454
-649.974790560875
0
649.974790560875
0
0
0
0
0
0
0
0
0
0
0
0
0
0
0
0
0
0
0
0
0
1000
0
0
0
0
0
0
-1000
1000
0
0
0
0
0
0
0
0
0
0
0
-1000
-1000
0.102899265727615
0.102899265727615
0
-991.437959599912
0
0
0
0
0
0
0
0
0
0
0
0
0
0
0
-514.796899514118
0
0
0
0
0
0
0
0
0
0
0
0
0
0
0
0
0
0
0
0
0
0
0
0
0
0
0
0
0
0
0
0
0
0
0
0
0
0
0.160522854535103
0
0
0
1000
0
0
0
0
0
0
-1000
0
0
0
0
0
0
0
0
0
0
0
0
0
0
0
0
0
0
0
0
0
0
0
0
0
0
0
0
-786.791317694329
0
0
0.160522854535103
0
0
0
0
0
0
0
0
0
999.316748875568
0
0
0
0
0
0
0
0
0
0
0
0
0
0
0
0
0
0
0
0
0
0
0
0
0
0
0
0
0
0
0
0
0
0
-1000
0
0
0
0
0
0
0
0
0
0
0
0
0.0105729793616312
0.0105729793616312
0
0.0105729793616312
0
0
0
0
0
0
0
0
0
0
0
0
0
0
0
0
0
0
0
0
0
0
-1000
0
0.00411597062910521
0
0
0
1000
0.744990683868044
0.744990683868044
0
0
0
0
0
0
0
0
0
0
0
0
0
0
0
0
0
0
0
0
0
0
0
0
0
0
0
1000
0
0
0
1000
0
0
1000
0
0
0
0
2.14030472713471
0
0
2.14030472713471
0
0
0
0
0
0
0
0
0
0
2.14030472713471
0
2.14030472713471
0
0
0
12.7679154052339
36.3953745181223
23.2639597419208
17.0390330141022
25.2632062822422
8.31504811088187
19.447216346762
35.5775009334454
32.7603808084471
10.3597320725741
20.0833402459551
41.3934908689256
32.6695059657053
10.0871075443485
16.7209710645056
23.173084899179
30.0341355261908
24.3090204334524
4.45286729435204
30.3067600544164
0
0
0
0
0
0
0
0
0
0
0
0
0
0
0
0
0
0
0
0
0
0
0
0
0
0
0
0
0
0
0
0
0
0
0
0
0
0
0
0
0
0
0
0
0
0
0
0
0
0
0
0
0
0
0
0
0
0
0
0
0
0
0
0
0
0
0
0
0
0
0
0
0
0
0
0
0
0
0
0
0
0
0
0
0
0
0
0
0
0
0
0
0
0
-1000
0
0
0
0
-1000
-1000
1000
1000
0
0
0
0
0
485.199576159428
0
-29.0005076134697
-485.347751102076
-485.347751102076
-1000
0
-485.203100485882
514.796899514118
-485.318347663497
1000
1000
485.207808100686
1000
0
0
514.800423840572
0
-1000
-1000
-1000
0
0
0
514.796899514118
514.796899514118
485.203100485882
0
0
0
0
0
0
0
0
0
0
0
0.0035243264538849
253.933018288502
1000
1000
0
500
250.00146123342
2.51233003486907
5
0
0
0
0
0.971369068468789
0
242.598577575391
0
0
0
0
-0.00946966155379414
0
0
0
0
-0.00946966155379414
41.5211072114266
252.934380808205
0
-0.00946966155379414
0.00946966155379414
-0.00946966155379414
-3.5506940090454
0
-0.591853847113612
0
-1000
-3.66712643671565
0.00946966155379414
-0.00946966155379414
-0.00946966155379414
0.00946966155379414
-0.00946966155379414
0.00946966155379414
-0.00946966155379414
-0.00946966155379414
-0.00946966155379414
-0.00946966155379414
-0.00946966155379414
-0.00946966155379414
-0.00946966155379414
-0.00946966155379414
-0.00946966155379414
-0.00946966155379414
-0.00946966155379414
-0.198862892630132
-0.0643492891242659
-0.272252769672264
-0.274620185060712
-0.139677507918805
0.00946966155379414
0.00946966155379414
-0.638803651969397
0.00946966155379414
0.00946966155379414
0.00946966155379414
0.00946966155379414
-4.53360046888986
-0.0686550462651212
-0.508994308517686
-2.5639108656959
-0.0524816414591669
0.00946966155379414
0.00946966155379414
0.0899617847612717
0.00946966155379414
0.00946966155379414
-0.00946966155379414
0
0
0
0
0
0
0
0
0
0
0
0
0
0
0
0
0
0
0
0
0
0
0
0
0
0
0
0
0
0
0
0
0
0
0
0
0.0051639044128251
0
0
0
0
0
0
0
0
0
0
0
0
0
0
0
0
0
0
0
0
0
0
0
0
0
0
0
0
0
0
0
0
0
0
0
0
0
0
0
1000
0
0
0
0
0
0
0
0
0
0
0
0
0
0
0
0
0
0
0
0
0
0
0
0
0
0
0
0
0
0
0
0
0
0
0
0
0
0
0
0
0
0
0
0
0
0
0
0
0
0
0
0
0
0
0
0
0
0
0
0
0
0
0
0
0
0
0
0
0
0
0
0
0
0
0
0
0
0
0
0
0
0
0
0
0
0
0
0
0
0
0
0
0
0
0
0
0
0
0
0
0
0.00946966155381699
0.00946966155381699
208.719743798095
0
0.00946966155381699
0
0
0
0
0.00946966155381699
0
0
0
0
0
0
0
0
0
0
0
0
0
0
0
0
0
0
0
0
0
0
0
0
0
0
0
0
0
0
0
0
0
0
0
0
0
0
0
0
0
0
0
0
0
0
0
0
0
0
0
0
0
0
0
0
0
0
0
0
0
0
0
0
0
0
0
0
0
0
0
0
0
0
0
0
0
0
0
0
0
0
0
0
0
0
0
0
0
0
0
0
0
0
0
0
0
0
0
0
0
0
0
0
0
0
0
0
0
0
0
0
0
0
0
0
0
0
0
0
0
0
0
0
0
0
0
0
0
0
0
0
0
0
0
0
0
0
0
0
0
0
0
0
0
0
0
0
0
0
0
0
0
0
0
0
0
0
0
0
0
0
0
0
0
0
0
0
0
0
0
0
0
0
0
0
0
0
0
0
0
0
0
0
0
0
0
0
0
0
0
0
0
0
0
0
0
0
0
0
1000
0
0
0
0
0
0
0
0
0
0
0
0
0
0
0
0
0
0
0
0
0
0
0
0
0
0
0
1000
0
0
0
0
0
0
0
0
0
0
0
0
0
0
0
0
0
0
0
0
0
0
0
0
0
0
0
0
0
0
0
0
0
0
0
0
0
0
0
0
0
0
0
0
0
0
0
0
0
0
0
0
0
0
0
0
0
0
0
0
0
0
0
0
0
0
0
0
0
0
0
0
0
0
0
0
0
0
0
0
0
0
0
0
0
0
0
0
0
0
0
0
1000
1000
0
0
0
0
0
0
0
0
0
0
0
0
0
0
0
0
0
0
0
0
0
0
-1000
0
-1000
0
0
0
0
0
0
0
0
0
0
0
1000
1000
0
0
0
0
0
0
0
0
0
0
0
0
0
0
0
0
0
0
0
0
0
0
0
0
0
0
0
0
0
0
0
0
0
0
0
0
0
0
0
0
0
0
0
0
0
0
0
0
0
0
0
0
0
0
0
0
0
0
0
0
0
0
0
0
0
0
0
0
0
0
0
0
0
0
0
0
0
0
0
0
0
0
0
-998.094357527206
45.4272042293692
0
0
0.00946966155379414
0
1000
0
0
208.710274136541
0
47.3179013526042
0
252.934380808205
0
0
0
0.0051639044128251
3.65765677516185
0
0
999.990530338446
0
0
0
0
0
0
0
0
0
0
0
0
0
-1000
0.0051639044128251
0
0
0
-0.0193378260208874
0
0
0
0
0
0
0
0.0193378260208874
0
0
0
0
0
242.598577575391
1000
-998.094357527206
-242.598577575391
-242.598577575391
0
-485.426395386191
1000
-0.0211459587233094
0
0
0.00946966155379414
-0.00946966155379414
0
0
209.053549367867
-209.053549367867
1000
0
0
0
-208.710274136541
-208.710274136541
-1000
0
-242.951322468271
-757.048677531729
-1000
0
1000
-252.934380808205
-12.4949819842641
0
0
0
0
0
-1000
0
-1000
0
0
0
0
0
-1000
0
0
0
-1000
0
0
0
-1000
0
0
0
0
0
0
0
0
0
0
0
0
0
0
0
0
0
0
0
-1000
1000
-1000
0
-1000
0
-1000
0
-1000
0
0
0
0
0
0
0
0
0
-1000
0
1000
0
-1000
0
-1000
0
-1000
0
-1000
0
0
0
0
0
0
0
0
0
-1000
0
0
0
0
0
0
0
0
0
0
0
0
0
0
0
0
0
0
0
0
0
0
0
0
0
0
0
0
0
0
0
0
0
0
0
0.0051639044128251
-0.0051639044128251
0
0
0
0
0
0
0
0
0
0
0
0
0
0
0
0
0
0
0
0
0
0
0
0
0
0
0
0
0
0
0
0
0
0
0
0
0.0051639044128251
-0.0051639044128251
0
0
0
0
0
0
0.0193378260208874
0.0193378260208874
0
0
0
0
0
0
0
0
0
0
0
0
0
0
0
0
-0.0193378260208874
-0.0193378260208874
0
0
0
0
0
0
0
0
0
0
0
0
0
0
0
0
0
0
0
0
0
0
0
0
0
0
0
0
0
0
0
0
0
0
0
0
0
0
0
0
0
0
0
0
0
0.00352432645387706
0
0
0
0
0
0
0
0
10.7693813917826
0
0
0
0
0
0
0
0
0
0
0
0
0
0
0
0
0
0
0
0
0
0
0
0
0
0
0
0
0
0
0
0
0
0
0
0
0
0
0
0
0
0
0
0
0
0
0
0
0
0
0
0
0
0
0
0
0
0
0
0
0
0
0
0
0
242.951322468271
242.951322468271
242.951322468271
0
0
0
0
242.598577575391
242.598577575391
0
0
0
0
0
0
0
0
0
0
0
0
0
0
0
0
0
0
0
0
0
0
0
0
0
0
0
0
0
0
0
0
0
0
0
0
0
0
0
0
0
0
0
0
0
0
0
0
0
0
0
0
0
0
0
0
0
0
0
0
0
0
0
0
0
0
0
0
0
0
0
0
0
0
0
0
0
0
0
0
0
0
0
0
0
0
0
0
0
0
0
0
0
0
0
0
0
0
0
0
0
0
0
0
0
0
0
0
0
0
208.710274136541
208.710274136541
208.710274136541
208.710274136541
-208.710274136541
0
0
0
0
0
0
0
0
0
0
0
0
0
0
0
0
0
0
0
0
0
0
0
0
0
0
0
0
0
0
0
0
0
0
0
0
0
0
0
0
0
0
0
0
0
0
0
0
0
0
0
0
0
0
0.00352432645387706
0.00352432645387706
0.00352432645387706
0.00352432645387706
0.00352432645387706
0
0
0
0
0
0
0
0
0
0
0
0
0
0
0
0
0
0
0
0
0
0
0
0
0
0
0
0
0
0
0
0
0
0
0
0
0
0
0
0
0
0
0
0
0
0
0
0
14.4262225203254
14.4262225203254
-14.4262225203255
4.8005174117161
-2.39849654263116
2.39849654263111
2.39849654263111
2.39849654263111
2.39849654263111
2.39849654263111
2.39849654263111
2.39849654263111
2.39849654263111
2.39849654263111
2.39849654263111
2.39849654263111
0
2.39849654263116
2.39849654263111
2.39849654263111
2.39849654263111
2.39849654263111
2.39849654263111
2.39849654263111
2.39146832060135
2.39146832060135
2.39146832060135
0.00702822202976063
0
0.00702822202976063
0
0
0
0
0
0
0
0
0
0
0
0
0
0
0
0
0
14.4262225203254
14.4262225203254
4.8005174117161
4.8005174117161
0
0
0
0
0
0
0
0
0
0
0
0
0
0
0
0
0
0
0
0
0
0
0
0
0
0
0
0
0
0
0
0
0
0
0
0
0
0
0
0
0
0
0
0
0
0
0
0
0
0
0
0
0
0
0
0
0
0
0
0
0
0
0
0
0
0
0
0
0
0
0
0
0
0
0
0
0
0
0
0
0
0
0
0
0
0
0
0
0
0
0
0
0
0
0
0
0
0
0
0
0
0
0
0
0
0
0
0
0
0
0
0
0
0
0
0
0
0
0
0
0
0
0
0
0
0
0
0
0
0
0
0
0
0
0
0
0
0
0
0
0
0
0
0
0
0
0
0
0
0
0
0
0
0
0
0
0
0
0
0
0
0
0
0
0
0
0
0
0
0
0
0
0
0
0
0
0
0
0
0
0
0
0
0
0
0
0
0
0
0
0
0
1.15430715002254
0.0131983471837947
0.0131983471837947
0
0
0
0
-0.0131983471837884
0
0
0
0
1.14110880283875
0
1000
0
0
0
0
0
0
0
0
0
0
0
0
0
0
0
0
0
0
0
0
0
0
0
0
0
0
0
0
0
0
0
0
0
0
0
0
0
0
0
0
0
0.0131983471837947
0
0
0
0
0
0
0
0
0
0
0
0
0
0
0
0
0
0
0
0
0
0
0
0
0
0
0
0
0
0
0
0
0
0
0
0
0
0
0
0
0
0
0
0
0
0
0
0
0
0
0
0
0
0
0
0
0
0
0
0
0
0
0
0
0
0
0
0
0
0
0
0
0
0
0
0
0
0
0
0.00352432645387706
0
0
0
0
0
0
0
1.51961805883881
0
0
0
0.952821236397074
0.952821236397074
0.952821236397074
0
0
0
9.469837940397
0
0
1.30306777783948
0
0
9.469837940397
0.00352432645387706
0
0
0
0
-1.30306777783949
1.30306777783948
0
0
0
0
0.357778725129336
0
10.6241450904195
0
0
0
0.226224301729253
0
0.216550280999335
0
10.6241450904195
10.6241450904195
0
0
0
0
0
0
0
0
0
0
0
0
0
0
-10.7693813917826
0
0
0
0
0
0
0
0
0
0
0
0
0
0
0
0
0
0
0
0
0
0
0
0
0
0
0
0
0
0
0
0
0
0
0
0
0
0
0
0
0
0
0
0
0
0
0
0
0
0
0
0
0
0
0
0
0
0
0
0
0
0
0
0
0
0
0
0
0
0
0
0
0
0
0
0
0
0
0
0
0
0
0
0
0
0
0
0
0
0
0
0
0
0
0
0
0
0
0
0
0
0
0
0
0
0
0
0
0
0
0
0
0
0
0
0
0
0
0
0
0
0
0
0
0
0
0
0
0
0
0
0
0
0
0
0
0
0
0
0
0
0
0
0
0
0
0
0
0
0
0
0
0
0
0
0
0
0
0
0
0
0
0
0
0
0
0
0
0
0
0
0
0
0
0
0
0
0
0
0
0
0
0
0
0
0
0
0
0
0
0
0
0
0
0
0
0
0
0
0
0
0
0
0
0
0
0
0
0
0
0
0
0
0
0
0
0
0
0
0
0
0
0
0
0
0
0
0
0
0
0
0
0
0
0
0
0
0
0
0
0
0
0
0
0
0
0
0
0
0
0
0
0
0
0
0
0
0
0
0
0
0
0
0
0
0
0
0
0
0
0
0
0
0
0
0
0
0
0
0
0
0
0
0
0
0
0
0
0
0
0
0
0
0
0
0
0
0
0
0
0
0
0
0
0
0
0
0
0
0
0
0
0
0
0
0
0
0
0
0
0
0
0
0
0
0
0
0
0
0
0
0
0
0
0
0
0
0
0
0
0
0
0
0
0
0
0
0
0
0
0
0
0
0
0
0
0
0
0
0
0
0
0
0
0
0
0
0
0
0
0
0
0
0
0
0
0
0
0
0
0
0
0
0
0
0
0
0
0
0
0
0
0
0
0
0
0
0
0
0
0
234.768672024194
0
0
0
234.768672024194
0
0
0
0
0
0
0
0
0
0
0
0
0
0
0
0
0
0
0
0
0
0
0
0
0
0
0
49.9203423625319
0
0
0
0
0
0
0
0
0
0
0
0
0
0
0
0
0
0
0
0
0
0
0
0
0
0
0
0
0
0
0
0
0
0
0
0
0
0
0
0
0
0
0
0
0
0
0
0
0
0
0
0
0
0
0
0
0
0
0
0
0
0
0
0
0
0
0
0
0
0
0
0
0
0
0
0
0
0
0
0.160522854535103
0.160522854535103
0
0
0
0.160522854535088
0
0.160522854535103
0
0
0
0
0.0246958237746313
0
0
0
0
0
0
0
0
0
0
0
0
0
0
0
0
0
0
0
0
0
0
0
0
0
0
0
0
0
0
0
0
0
0
0
0
0
0
0
0
0
0
0
0
0
0
0
0
0
0
0
0
0
0
0
0
0
0
0
0
0
750.183993239889
750.183993239889
0
0
0
0
0
0
0
0
0
0
0
0
0
0
0
0
0
0
0
0
0
0
0
0
0
0
0
0
0
0
0
0
0
0
0
0
0
0
0
0
0
0
0
0
0
0
0
0
0
1000
1000
-991.445008252819
0
0
0
-1000
1000
1000
0
0
0
0
-1000
999.992951347092
0
0
0
0
0
0
0
0
0
0
0
0
0
0
0
0
0
0
0
0
0
0
0
0
0
0
0
0
0
0
0
0
0
0
0
0
0
0
0
0
-1000
0
0
0
0
0
0
0
0
0
0
0
0
0
0
0
0
0
-999.996475673546
-1000
1000
-1000
1000
999.996475673546
-1000
0
0
0
0
0
0
0.0035243264538849
0
0
0
0
0
0
0
0
0
0
0
0
0
0
0
0
0
0
0
0
0
0
0.00263558326116024
0.00352432645387706
0.00967402072991761
1000
0.00175705550744016
0.00175705550744016
0.0035243264538849
0
0.000878527753720079
0.00175705550744016
0.0149554026912286
-0.00175705550748262
0.00175705550744016
0.00175705550744016
0.00175705550744016
0.00175705550744016
0.00175705550744016
-0.00175705550748262
-0.00351411101485155
0.00175705550744016
0.00175705550744016
0.00175705550748262
0.00175705550744016
999.994718618039
-0.00528138196136752
-999.996475673546
0.0035243264538849
0.00175705550744016
0.00175705550744016
0.00352432645387706
0.00352432645387706
-0.0035243264538849
-0.0035243264538849
0.0035243264538849
0.0035243264538849
0.00175705550744016
0.00175705550744016
0.00175705550744016
0.00175705550744016
-0.00528138196136752
-999.986801652816
0
0
0
0
0
0
-808.997869293889
0
0
0
0.00352432645387706
0
0
0
0
0.00176216322693853
0.0035243264538849
0.0035243264538849
0
0.00352432645387706
0
0
0
0
0
-0.0035243264538849
0
0
0.00702822202976063
0.00175705550744016
0.00527116652232047
0.00175705550744016
-0.00175705550748262
0.00175705550744016
0.00175705550744016
0.00175705550744016
0.00175705550744016
0.00175705550744016
0.00175705550744016
0.00351411101488032
0.00175705550744016
0.00175705550744016
0.00175705550744016
0.00175705550744016
0.00175705550744016
0
0.00175705550744016
0.00352432645387706
0.00352432645387706
0.00352432645387706
0.00352432645387706
0.00352432645387706
0.00352432645387706
0.00352432645387706
0.00352432645387706
0.00352432645387706
0.00352432645387706
0.00352432645387706
0.00352432645387706
0.00352432645387706
0.00352432645387706
0
0
0
0
0
0
0
0
0
0
0
0
-0.0035243264538849
0.00352432645387706
0.00352432645387706
0
0
0
0
0
0
0
0
0
0
0
0
0
0
0
0
0
0
0
0
0
0
0
0
0
0
0
0
0
0
0
0
0
0
0
0
0
0
0
0
0
0
0
0
0
0
0
0
0
0
0
0
0
0
0
0
0
0
0
0
0
234.055489567506
0
0
0
0
0
0
0.00352432645387706
0
0
0
0
0
0
0
0
0
0
0
1000
1000
0
0
0
0
0
0
0
0
0
0
-1000
0
-0.971369068468789
0
-242.598577575391
0
0
0
0
0
0.00946966155381699
0
0
0
0
0
0
0
0
0
0.00946966155381699
0
0
41.5211072114266
0
0
0
0
0.00946966155381699
0
0.00946966155381699
0
0.00946966155381699
0
3.55069400904543
0
0
0
0.591853847113562
0
0
0
0.00946966155379414
0
3.66712643671563
0
0.00946966155381699
0
0.00946966155381699
0
0.00946966155381699
0
0.00946966155381699
0
0.00946966155381699
0
0.00946966155381699
0
0.00946966155381699
0
0.00946966155381699
0
0.00946966155381699
0
0.00946966155381699
0
0.00946966155381699
0
0.00946966155381699
0
0.00946966155381699
0
0.00946966155381699
0
0.00946966155381699
0
0.00946966155381699
0
0.00946966155381699
0
0.198862892630157
0
0.0643492891242109
0
0.272252769672239
0
0.274620185060693
0
0.139677507918801
0
0.00946966155381699
0
0.00946966155381699
0
0.638803651969443
0
0.00946966155381699
0
0.00946966155381699
0
0.00946966155381699
0
0.00946966155381699
0
4.53360046888989
0
0.0686550462651732
0
0.508994308517663
0
1000
0
0.052481641459198
0
0.00946966155381699
0
0.00946966155381699
0
0.0899617847612615
0
0.00946966155381699
0
0.00946966155381699
0
0.00946966155381699
0
0
-1000
0
0
-1.14110880283874
997.436089134304
0
0
0
0
-1000
-1000
1000
0
0
-8.03363404868526
4.04125746214277
992.12688880585
0
748.880925462049
992.119840152944
-764.98153163625
-1000
0
0
1000
266.210330550534
0
0
0
0
-345.961040419524
-1000
-10.6241450904196
0
0
0
-992.119840152944
1000
-0.0035243264538849
0
0
0
-3.08456883079884
0
340.576874116167
0
0
0
-855.978017875229
1000
1000
-1000
-3.88073460760768
-1000
0
1000
1000
0
1000
0
0
1000
1000
-1000
1000
0
-792.946554839851
0
0
-1000
1000
1000
855.799457306049
0
0
0
0
0
0
0
0
0
0
0
0
0
0
0
0
1000
0
0
0
0
0
0
0
0
0
0
1000
0
0
0
0
0
0
0
0
0
-1000
-974.171735222516
1000
-1000
1000
-1000
-1000
-1000
-1000
-1000
-1000
-1000
1000
-1000
-1000
-1000
-308.923135249746
-1000
-1000
1000
-1000
-1000
-1000
1000
1000
1000
1000
1000
1000
-1000
10.2393984576254
1000
-1000
-1000
-1000
-1000
1000
-1000
-61.9399097339051
-1000
-1000
1000
-1000
-1000
-1000
-1000
-1000
-1000
-1000
-1000
-1000
-349.050991965746
-1000
1000
-1000
-1000
-1000
-1000
-1000
-1000
-1000
-1000
-1000
-1000
-1000
964.341917272427
-1000
-1000
-1000
-1000
-1000
-253.521314888422
-1000
1000
1000
-1000
-1000
-35.6580827275727
-1000
1000
-1000
-1000
1000
-1000
1000
1000
996.754299644759
1000
-1000
1000
1000
1000
-1000
9.08061864789545
1000
1000
1000
1000
-1000
-1000
-1000
-1000
-1000
-1000
973.830956690453
603.586128792724
-1000
1000
-1000
1000
1000
1000
1000
-257.455938700619
1000
1000
-1000
0
-1000
-1000
-1000
-3.95370263707491
-1000
873.171586915497
1000
-896.497286216854
-1000
-13.9983565195261
0
0
0
0
0
0
0
0
0
0
0
0
0
0
0
0
0
0
0
0
0
0
0
0
0
0
0
0
0
0
0
0
0
0
0
0
0
0
0
0
0
0
0
0
0
0
0
0
0
0
0
0
0
0
0
0
0
0
0
0
0
0
0
0
0
0
0
0
0
0
0
0
0
0
0
0
0
0
0
0
0
0
0
0
0
0
0
0
0
0
0
0
0
0
0
0
0
0
0
0
0
0
0
0
0
0
0
0
0
0
0
0
0
0
0
0
0
0
0
0
0
0
0
0
0
0
0
0
0
0
0
0
0
0
0
0
0
0
0
0
0
0
0
0
0
0
0
0
0
0
0
0
0
0
0
0
0
0
0
0
0
0
0
0
0
0
0
0
0
0
0
0
0
0
0
0
0
0
0
0
0
0
0
0
0
0
0
0
0
0
0
0
0
0
0
0
0
0
0
0
0
0
0
0
0
0
0
0
0
0
0
0
0
0
0
0
0
0
0
0
0
0
0
0
0
0
0
0
0
0
0
0
0
0
0
0
0
0
0
0
0
0
0
0
0
0
0
0
0
0
0
0
0
0
0
0
0
0
0
0
0
0
0
0
0
0
0
0
0
0
0
0
0
0
0
0
0
0
0
0
0
0
0
0
0
0
0
0
0
0
0
0
0
0
0
0
0
0
0
0
0
0
0
0
0
0
0
0
0
117.501070302672
0
0
0
0
0
0
0
0
0
0
0
0
0
0
0
-1000
1000
1000
1000
1000
1000
-1000
731.440441969116
-1000
-1000
730.62507277027
-1000
1000
1000
1000
1000
-997.601503457369
-1000
1000
-0.0492690622813825
1000
-1000
0
-1000
-1000
-1000
-1000
1000
1000
1000
-1000
-1000
-1000
-1000
-0.0492690622813825
0.0492690622813825
1000
-1000
-1000
-1000
-1000
1000
-730.625072770271
-1000
-1000
1000
-1000
1000
-1000
-1000
-1000
-1000
-1000
-1000
-1000
0
0
0
0
0
-997.436089134304
997.436089134304
0
0
0
0
0
0
0
0
0
0
0
-1000
-1000
-0.462818976613335
0
0
0
0
0
0
1000
0
0
0
0
0
0
0
0
0
-0.0035243264538849
0.00352432645387706
0
0
-0.0035243264538849
-0.0035243264538849
0
0
0
766.121497169545
0
0
0
0
0
0
0
0
0
0
0
0
0
0
0
0
0
233.878502830455
0
0
0
0
0
0
0.00352432645387706
0
0
-1000
-0.0105729793616547
-999.992951347092
809.001393620343
-1000
0
0
0
0
-0.0035243264538849
0.357778725129378
0
0
0
0
0
0
0
0
0
0
0
0
0
0
0
0
0
1000
0
-142.857142857143
142.857142857143
0.00352432645387706
0
0
0
0
850.245362378876
1000
0
0
0
0
0
1000
0
0
0
0
0
1000
0
0
0
0
0
0
0
0
0
0
0
0
0
0
0
0
0
0
0
0
0
0
0
0
0
0
0
0
0
0
0.00352432645387706
0
0
0
0
1000
0
-998.094357527206
0
0
1.90564247279415
0
0
0
0
1000
0
-649.974790560875
0
0
0
0
0
0
0
0
0
0
0
0
0.0035243264538849
-970.550851587958
-1000
1000
-1000
0
1000
29.4491484120422
0
-1000
-1000
0
-1000
1000
-1000
728.974568548
0
0
0
0
-0.00823194125825921
1000
0
0
0
0
0
7.88368417351182
-7.88015984705578
0
1000
0
271.028955778454
271.025431452
0
921.003746339329
0
0
0
0
0
-1000
0
-1000
1000
0
0
0
0
0
0
0
0
0
0
0.148174942647788
-999.991768058742
1000
0
0
0
0
222.627457943547
222.627457943547
0
0
0
1000
0
0
1000
0
0
0
665.480821618839
0
0
0
0
0
0
0
0
0
0
0.952821236397074
0
0.00352432645387706
-0.0035243264538849
0.00352432645387706
0.00352432645387706
0
0
-485.347751102076
485.347751102076
0.0035243264538849
0
0
0
0.952821236397085
0
0
-0.0105729793616547
-1000
-1000
-1000
1000
-1000
1000
0
0
-1000
-1000
324.740424714216
324.740424714216
0
0
0
0
0
0
0
0
0
0
0
0
0
0
0
0
0
0
0
0
0
0
0
657.600661771783
0
9.7787536669457
0
0
0
0
0
0.00175705550744016
0
0
0
0
0
0
0
0
0.00352432645387706
-29.4491484120422
1000
0
0
0
0
0
0
0
0
0
0
0
0
0
0
0
0
0
0
0
0
0
0
0
0
1000
0
0
0
0
0
0
0
0
0
0
0
0
0
0
0
0
0
0
0
0
0
0
0
0
0
0
0
0
0
0
2.27293517677583
0
0
0
0
0
0
0
0
0
0
0
0
0
0
0
0
0
0
0
0
0
0
0
0
0
0
0
0
0
0
0
0
0
0
0
0
0
0
0
0
0
0
0
0
0
0
0
0
0
0
0
0
0
0
0
0
0
0
0
0
0
0
0
0
0
0
0
0
0
0
0
0
0
0
0
0
0
0
0
0
0
0
0
0
0
0
0
0
0
0
0
0
0
0
0
0
0
0
0
0
0
0
0
0
0
0
0
0
0
0
0
0
0
-999.976269535211
0
0.00175705550748262
0
0.0193378260208874
0
0
-0.0237304647894234
0
1000
0.0043926387686497
0
0
0
0
0
0
0
0
0
0
0
0
0
0
0
0
0
0
0.00352432645387706
0.00352432645387706
0.00352432645387706
-1000
-1000
0
-485.426395386191
-1000
0
0
0
0
0
0
-1000
-1000
0
0
0
0
0
0
0
0
0
0
-1000
0
1000
0
747.065619191795
-1000
-3.65765677516185
0
-1000
-1000
0
0
0
0
0
0
0
0
0
0
-1000
0
1000
0.386024413955336
0.00352432645387706
0.00352432645387706
0.00352432645387706
0.00352432645387706
0.00352432645387706
0
0
0
0
1000
0.51846397007148
0
0
0
0
0
0
0
0
0
0
0
0
0
0
-1000
0
0
0
0
0
0
1000
-999.990530338446
0
1000
0
0
-999.990530338446
0
0
0
0
0
0
0
0
0
0
0
0
0
0
0
0
0
0
0
0
0
0
0
0
0
0
0
0
0
0
0
0
0
0
0
0
0
0
0
0
0
0
0
0
0
0
0
-1000
0
0
0
0
0
0
0
0
-12.4949819842641
0
0
0
0
0
0
0
0
1000
-1000
-1000
-1000
-1000
1000
0
0.00967402072991761
0
0
0
0
-233.878502830455
-1000
-1000
233.878502830455
0
0
0
0
999.978854041277
3.94850553248524
0
0
0
0
0
0.566796822441738
0.566796822441738
0
-999.974512479703
0
0
0
0
0
0
0
0
-1000
0
0
0
0
0
0
0
1000
0.00352432645387706
0
0
0
0
0
0
0
0
-190.998606379657
1000
0
0
1000
0
0
0
1000
0
0.00527116652232047
0
0
-757.048677531729
0
-1000
0
0
0
-1000
-1000
0
0
0
0
-208.710274136541
0
1000
242.598577575391
-1000
1000
-1000
1000
-1000
1000
-1000
0
0
0
0
-1000
-1000
0
0
1000
0
0
0
0
0.00516390441285465
0
0
0
0
0
0
0
0
657.600661771783
0
657.600661771783
0
0
0
0
0
0
0
0
0
1000
0.148174942647756
-1000
-1000
0.148174942647756
-1000
-1000
1000
0
0
0
0
0
0
0
0
-49.9203423625319
0
0
1000
0.00175705550744016
0.00175705550744016
0
41.8133198730943
-1000
-234.768672024194
-234.768672024194
252.934380808205
0
0
0
0
0
0
0
0
0
0
0
0
0
0
0
0
0
0
0
0
0
0
0
0
0
-0.0193378260208874
0
0
0
0
0
0
0
0
0
0
0
0
0
0
0
0
0
0
0
0
0
0
0
0
0
0
0
0
0
0
0
0
0
0
0
0
0
0
0
0
0
0
0
0
0
-1000
0
-1000
0
0
0
0
0
0
-1000
0
0
0
0
0
0
0
0
0
0
0
790.946450632133
0
0
0
0
0
0
0
0
0
0
0
0
0
1000
0
0
0
1.90564247279417
0
0
0
0
0
0
0
0
0
0
0
0
0
0
0
242.598577575391
0
0
0
0
0
0
0
0
0
0
0
0
0
0
0
0
0
0
0
0
0
0
0
0
242.598577575391
0
0
0
0
0
0
0
0
0
0
0
0
33.8977731004038
0
0
0
0
0
0
0
0
0
0
0
0
0
0
0
0
0
0
0
0
0
0
0
0
0
0
0
0
0
0
0
0
0
0
0
0
0
0
0
0
0
0
0
0
0
0
0
0
0
0
0
0
0
0
0
0
0
0
0
0
0
0
0
0
0
0
0
0
0
0
0
0
0
0
0
0
0
0
0
0
0
0
0
0
0
0
0
0
0
0
0
0
0
0
0
0
0
0
0
0
0
0
0
0
0
0
0
0
0
0
0
0
0
0
0
0
0
0
0
0
0
0
0
0
0
0
0
0
0
0
0
0
-1000
0
0
0
0
0
0
0
0
0
0
0
0
0
0
0
0
0
0
0
0
0
0
0
404.8861842534
0
0
0
0
-96.4473519225337
0
1000
-213.208682305671
-786.630794839794
0
0
0
-1000
-1000
0
0
0
0
439.999191156822
0.0211459587233094
0
0
0
709.730776179125
0
0
0
0
0
0
0
0
0
0
0
0
0
0
0
0
0
0
0
0
0
-0.971369068468789
0
0
0
0
0
0
0
0
0
0
0
0
0
0
0
0
0
0
0
0
0
0
0
0
0
0
0
0
0
0
0
0
0
0
0
0
0
0
0
0
0
0
0
0
0
0
0
0
0
0
0
0
0
0
0
0
0
0
0
0
0
0
0
0
0
0
0
0
0
0
0
0
0
0
0
0
0
0
0
0
0
0
0
0
0
0
0
0
0
0
0
0
0
0
0
0
0
0
0
-979.496830749876
0
0
0
0
0
0
0
0
0
0
0
0
0
0
0
0
0
0
0
0
0
0
0
0
0
0
0
0
0
0
0
0
0
0
0
0
0
0
0
0
0
0
0
0
0
0
0
0
0
0
0
0
0
0
0
0
0
0
0
0
0
16.2394025009004
0
0
0
0
0
0
0
0
0
0
0
0
0
0
0
0
0
0
0
0
0
0
0
0
0
0
0
0
0
0
0
0
0
0
0
0
0
0
0
0
0
0
0
0
0
0
0
0
0
0
0
0
0
0
0
0
0
0
0
0
0
0
0
0
0
0
0
0
0
0
0
0
0
0
0
0
0
0
0
0
0
0
0
0
0
0
0
0
-979.496830749876
16.2394025009004
0
0
0
0
0
0
0
0
0
0
0
0
0
0
252.934380808205
0
0
0
0
0
0
0
0
0
0
0
0
-1000
0
0
0
0
0.0035243264538849
-998.8969198714
0
0
0
0
0
0
0
0
0
0
0
0
0
0
0
0
0
0
0
0
0
0
0
0
0
0
0
0
0
0
0
0
0
0
0
0
0
0
0
0
0
0
0
0
0
0
0
0
0
0
0
0
0
0
0
0
0
0
0
0
0
0
0
0
0
0
0
0
0
0
0
0
0
0
0
0
0
0
0
0
0
0
0
0
0
0
0
0
0
0
0
0
0
0
0
0
0
0
0
0
0
0
0
0
0
0
0
0
0
0
0
0
0
0
0
0
0
0
0
0
0
0
0
0
0
0
0
0
0
0
0
0
0
0
0
0
0
0
0
0
0
0
0
0
0
0
0
0
0
0
0
0
0
0
0
0
0
1000
0
0
-537.934485260614
1000
0
0
0
0
0
0
0
1000
0.0035243264538849
0
0
-1000
1000
0
0
0
0
0
0
-1000
0
0
0
0
0
0
0
0
0
0
1000
-1000
0
0
1.14110880283875
0
0
0
0
0
0
0
0
0
0
1000
0
0
0
0
0
0
0
0
0
0
0
0
0
0
0
0
0
0
0
0
0
0
0
0
0
0
0
0
0
0
0
0
0
0
0
0
0
0
0
0
0
0
0
0
0
0
0
0
0
0
0
0
0
0
0
0
0
0
0
0
0
0
0
0
0
0
0
0
0
0
0
0
0
0
0
0
0
0
0
0
0
0
0
0
0
0
0
0
0
0
0
0
0
0
0
0
0
0
0
0
0
0
0
0
0
0
0
0
0
0
0
0
0
0
0
0
0
0
0
0
0
0
0
0
0
0
0
0
0
0
0
0
0
0
0
0
0
0
0
0
0
0
0
0
0
0
0
0
777.372542056453
500
85.1286583062092
0
0
-0.952821236397085
0
0
454.374213709392
18.8304592173335
41.1597062910521
0.102154389967451
85.1286583062092
0
0
0
0
0
0
0
0
0
0
0
0
0
0
0
0
0
0
0
0
0
0
0
0
0
727.3091455935
-808.997869293889
0
-1000
0
0
0
0
-1000
0
0
0
0
-23.6741538845425
0
0
-999.967433180478
0
0
0.0114310762373578
0.00352432645387706
0
0
0
0
0
0
0
0
0
0
0
0
0
0
0.971369068468789
0
242.598577575391
0
0
0
0
1.16483926762817
-4.53360046888986
-0.198862892630132
0
-989.955346117549
-1000
-1000
-996.046297362925
-10.2393984576254
-1000
-25.9060170375453
-4.49402700064275
-30.6689654697777
-1000
-1000
0
0
0
0
-1000
-308.923135249746
-17.0884246616515
-25.8722464987952
3.24570035524096
-9.08061864789545
-23.3256993013574
-25.8282647774845
626.50947174703
959.872143284
0
1000
0
-856.077423834697
0
1000
0
0
233.878502830455
-1000
0
0
0
-10.6241450904196
0.357778725129378
0
1000
271.028955778454
0
0
0
0
0
0
0
0
0
0
-0.0035243264538849
-0.0035243264538849
0
0
0
0
0
0
0
0
0
0
0
0
0
0
0
0
0
1000
0
269.37492722973
0
0
1000
-998.858891197161
0
-0.0035243264538849
-0.0035243264538849
0
0.00704865290776979
0
0
-0.0035243264538849
0
-0.0035243264538849
0
0
0
-0.0035243264538849
0
0
0
-0.0035243264538849
0
0
0
0
0
0
0
0
0
0
0
-537.934485260614
0
0
0
0
0
-0.0105729793616547
0
0
0
0
0
0
-995.958742537857
848.043789786012
0
0
0
-1000
0
1000
0
0
-0.0035243264538849
0
0
0
0
1000
0
0
0
0
0
0
0
0
0
-149.754637621124
-3.08456883079884
-0.462818976613335
-1000
-1000
0
0
0
0
0
340.576874116167
0
0
2.39849654263116
0
0
0
0
0
0
-3.88073460760768
0
0
-1000
0
1000
1000
992.12688880585
0
0
748.880925462049
-848.043789786012
0
-1000
1000
1000
-857.142857142857
0
0
0
0
-1000
-808.997869293889
0
0
0
0
0
0
999.950730937719
0
0
0
0
1000
-992.119840152944
1000
0
0
0
0
0
-1000
992.119840152944
-1000
0
-345.961040419524
0
0
-142.857142857143
0
0
0
0
0
0
0
1000
0
-0.0524816414591669
-0.00946966155379414
-2.5639108656959
0
-0.139677507918805
-0.638803651969397
-0.0899617847612717
-0.508994308517686
-0.272252769672264
-0.00946966155379414
0
0
41.5211072114266
0
-0.00946966155379414
-1000
-0.00946966155379414
-0.00946966155379414
-0.00946966155379414
-0.0686550462651212
0
-0.00946966155379414
-3.5506940090454
0
0
-3.94850553248523
0
0
-0.00946966155379414
-0.0643492891242659
0
-0.00946966155379414
-0.00946966155379414
-0.00946966155379414
-0.00946966155379414
-0.274620185060712
0
-0.591853847113612
0
0
0
-1000
1000
0
0
-1000
1000
-0.0035243264538849
-1000
1000
-1000
1000
-1000
0
-1000
0
0
0
0
0
0
0
0
0
0
0
0
0
0
0
0
0
0
-1000
1000
-41.8133198730943
41.8133198730943
1000
-1000
0
-1000
1000
-0.00946966155379414
-0.00946966155379414
0
0
0
0
1000
-786.791317694329
786.630794839794
439.999191156822
0.0211459587233094
0
0
0
709.730776179125
0
-1000
-1000
0
0
0
0
0
-0.971369068468789
0
0
0
0
0
0
0
0
0
0
0
0
0
0
0
0
0
0
0
0
0
0
0
0
0
0
0
0
0
0
0
0
0
0
0
0
0
0
0
0
0
0
0
0
0
0
0
0
0
0
0
0
0
0
0
0
0
0
0
0
0
0
0
0
0
0
-0.00946966155379414
0
0
0
0
0
0
0
0
0
0
0
0
0
0
0
0
0
0
0
0
0
0
0
0
0
0
0
0
0
0
0
0
0
0
0
0
0
0
0
0
0
0
0
0
0
0
0
0
0
0
0
0
0
0
0
0
0
0
0
0
0
0
0
0
0
0
0
0
0
0
0
0
0
0
0
0
0
0
0
0
0
0
0
0
0
0
0
0
0
0
0
0
0
0
0
0
979.496830749876
0
0
0
0
0
0
0
0
0
0
0
0
0
0
0
0
0
0
0
0
0
0
0
0
0
0
0
0
0
0
0
0
0
0
0
0
0
0
0
0
0
0
0
0
0
0
0
0
0
0
0
0
0
0
0
0
0
0
0
0
0
-16.2394025009004
0
0
0
0
0
0
0
0
0
0
0
0
0
0
0
0
0
0
0
0
0
0
0
0
0
0
0
0
0
0
0
0
0
0
0
0
0
0
0
0
0
0
0
0
0
0
0
0
0
0
0
0
0
0
0
0
0
0
0
0
0
0
0
0
0
0
0
0
0
0
0
0
0
0
0
0
0
0
0
0
0
0
0
0
0
0
0
0
0
1000
0
0
0
0
0
0
0
0
537.934485260614
0
1000
0
0
0
998.8969198714
0
0
0
0
0
0
0
0
0
0
0
0
0
0
0
0
0
0
-1000
0
0
0
0
0
1000
0
-1000
0
-1000
-0.0035243264538849
0
0
0
0
0
0
0
0
-1000
1000
0
0
0
0
-1.14110880283874
0
0
0
0
0
0
0
0
0
0
0
0
0
0
0
0
0
0
0
0
0
0
0
0
0
0
0
0
0
0
0
0
0
0
0
0
0
0
0
0
0
0
0
0
0
0
0
0
0
0
0
0
0
0
0
0
0
0
0
0
0
0
0
0
0
0
0
-0.00946966155379414
-0.00946966155379414
-0.00946966155379414
-0.00946966155379414
0
-0.00946966155379414
-3.66712643671565
0
-0.00946966155379414
-0.00946966155379414
-0.00946966155379414
-0.00946966155379414
0
-0.00946966155379414
-0.00946966155379414
-0.00946966155379414
-0.00946966155379414
-0.00946966155379414
-0.00946966155379414
-0.00946966155379414
0
-0.00946966155379414
-0.00946966155379414
-0.00946966155379414
0
-1000
85.1286583062092
0
1000
0
0
0
0
0
0
0
0
0
0
0
