0
0
0
0
0
0
0
58.6481283584453
-1000
752.494324180121
247.505675819879
0
0
199.107877970456
0
0
999.675678180905
-999.675678180905
999.925565484142
0
0.0744345158578369
0
-1000
0.467874099677829
0
1000
-202.226080483478
0
-684.245906335797
0.0158875740155714
0
0
0
0
0
0.0409923161788809
0
10.4825305250384
10.4825305250384
44.6673073444429
10.4825305250384
10.4825305250384
0
0
10.4825305250384
0
0
0
0
0
0
0
0
0
0
0
0
0
0
0
0
0
0
0
0
789.071211586181
0
0
0
0
0
0
0
1000
1000
0
0
0
0
0
0
-1000
0
0
0
0
0
0
0
0
0
0
0
0
0
0
0
0
0
0
0
0
0
0
0
0
0
0
0
0
0
0
0
110.19555231935
0
0
0
0
0
0
0
0
0
0
0
0
0
0
0
0
0
960.19688984924
0
0
1000
0
0
0
0
1000
0
0
0
0
-18.634883928274
0
0
0
0
643.691271549598
0
0
0.0113614628134609
1000
0
0
598.144999935062
1000
1000
401.844366562673
0
0
0
-1000
401.844366562673
600.952244533129
1000
-800.892122029544
0
0
1000
0
0
0.011361462813511
0
0
1000
706.544235347587
0
0
0
0
0
-5.00757133286265
0
0
0
0
0
0
0
251.182826201672
-1000
0
0
0
0
0
0
0
0
0
0
314.48063327963
0
0
0
-5.01288808399534
0
-999.994683248867
0
994.991664418526
0
0
0
0
0
0
0
0
685.195044901275
-5.00833558147417
0
0
-1000
0
998.43364333005
0
0.587206846921036
0.0983395526469377
0.880810270381554
0
0
0
5.01288808399534
0
0
0
-748.821726300849
0
0
0
0
0
0
0
0
0
0
0
0
-1000
0
1000
0
-1000
-1000
1000
-1000
1000
-1000
1000
-1.23079434825286
1000
-1.97118630717853
0
-717.92391905974
1000
0
-282.956891210641
1000
0
0
1000
0
0.228620298706213
0
-0.228620298706232
0
0.00226965343079591
0
0
0
0
0
0
0
0
1000
0
0
0
0
0
0
0
0
748.821726300849
0
1000
0.499500796539504
0
0
1000
0
-0.228620298706232
0
-0.880810270381517
0
0
0.880810270381517
2.85199657756008
0
0
0
0
0
0
0
-1000
0
0
0
1000
0.880810270381517
0
-1000
-1.23079434825286
0
993.045073720982
0.00455250252120247
0
0
0
0
0
0
0
0
0
0
0
0
0
0
0
0
2.93603423460518
12.3599343808847
0
0
0
0
0
0
0
0
0
326.059041532071
-1000
1000
5.76601165504405
-1000
1000
0
678.350689451605
-1000
-1000
1000
-999.511132705726
1000
-684.607838054354
1000
0
-1000
0
0
0
0
-1000
0
-1000
-1000
-1000
0
1000
0
0
1000
1000
0
0
0
0
0
0
1.23079434825281
-1000
1000
1000
-1000
1000
-1000
-0.488867294274087
0
-1000
-1000
1000
1000
1000
-1000
1000
-1000
-1000
1000
-1000
-410.57897499981
-1000
-595.187036655234
0
1000
1000
0
0
0
-1000
1000
2.45248369146384
0
0
-0.00455250252116457
0
0
0
-190.594595024156
1000
0
0
0
-37.461025745071
0
0
0
0
0
809.405404975844
0
89.2185169074511
0
0
0
89.2185169074511
0
0
0
0.0045525025210732
0
0
1000
-809.409957478365
-190.590042521635
0
0
190.590042521635
0
0
0
0
0
0
0
0
0
0
0
0
0
0
0
0
0
0
0
0
0
0
0
0
0
0
0
0
0
0
0
0
0
0
0
0
0
0
0
0.00455250252105088
1000
1000
0.132918778317617
0.132918778317617
0
-999.119189729618
0
0
0
0
0
0
0
0
0
0
0
1000
0
0
0
0
-588.155981160641
0
0
0
0
0
0
0
0
0
0
0
0
0
0
0
0
0
0
0
0
0
0
0
0
0
0
0
0
0
0
0
0.207353294175403
0
0
0
-1000
0
0
0
0
0
0
1000
0
0
0
0
0
0
0
0
0
0
0
0
0
0
0
0
0
0
0
0
0
0
0
0
0
0
0
-692.097847317023
0
0
0.207353294175403
0
0
0
0
0
0
0
0
0
978.140383900072
0
0
0
0
0
0
0
0
0
0
0
0
0
0
0
0
0
0
0
0
0
0
0
0
0
0
0
0
0
0
0
0
0
-1000
0
0
0
0
0
0
0
0
0
0
0
0
0
0
0
0
0
0
0
0
0
0
0
0
0
0
0
0
0
0
0
0
0
0
0
0
0
0
1000
0
0.00531675113270264
0
0
0
0
0.962331955019178
0.962331955019178
0
730.1357630618
0
0
0
0
0
0
0
0
0
0
0
0
0
0
0
0
0
0
0
0.0045525025210732
0
0
0
0
0
-1000
0
0
0
-1000
0
0
-1000
0
0
0
0
2.76471058900537
0
0
2.76471058900537
0
0
0
0
0
0
0
0
0
0
2.76471058900537
0
2.76471058900537
0
0
0
16.4927874394931
47.0132481816155
30.0509151922436
22.009947650569
32.633415716577
10.7408544534777
25.1206869185161
45.9567706943881
42.3177926828274
13.382048171546
25.942391630804
53.469499492449
42.2004062953577
13.0298890091369
21.5990952944251
29.9335288047739
38.7962010587364
31.4008586481451
5.75193298601537
39.1483602211454
0
0
0
0
0
0
0
0
0
0
0
0
0
0
0
0
0
0
0
0
0
0
0
0
0
0
0
0
0
0
0
0
0
0
0
0
0
0
0
0
0
0
0
0
0
0
0
0
0
0
0
0
0
0
0
0
0
0
0
0
0
0
0
0
0
0
0
0
1000
0
0
0
0
0
0
0
0
0
0
0
0
0
245.962584823501
0
0
245.962584823501
0
0
0
0
-1000
0
958.815541823411
0
0
1000
-1000
-1000
1000
1000
0
0
0
0
27.889007845141
411.839466336838
0
-37.461025745071
-439.919877222756
-439.919877222756
-1000
0
-411.844018839359
588.155981160641
7.70264713733775
580.304464991588
1000
439.739107684244
1000
0
-27.889007845141
588.160533663162
0
-1000
-1000
-1000
0
0
0
588.155981160641
588.155981160641
411.844018839359
0
0
0
0
0
0
0
0
0
0
0
-1000
294.691111503187
1000
1000
0
500
250.001887529125
121.81699668881
5
0
0
0
0
0
0
333.477020291552
0
1000
0
0.25327791682048
0
8.42149073428243
-0.25327791682048
-0.25327791682048
0.25327791682048
0
140.569243835392
307.521378484904
0.25327791682048
-0.25327791682048
-0.25327791682048
0
0.00113317725799789
-0.25327791682048
0
0
-1000
-0.25327791682048
0
0
0
0
0
0
0
0
0
0
0
0
0
0
0
0
0
0
1.58298698012834
0
7.34505958779528
0
0
0
-8.93373224770255
0
0
0
0
0
-119.301069527816
0
0
0.00455250252105088
0
0
8.37830405120644
0
0
0
0
0
0
0
0
0
0
0
0
0
0
0
0
0
0
0
0
0
0
0
0
0
0
0
0
0
0
0
0
0
0
0
0
0
0
0
0.00113317725799789
0
0
0
0
0
0
0
0
0
0
0
0
0
0
0
0
0
0
0
0
0
0
0
0
0
0
0
0
0
0
0
0
0
0
0
0
0
0
0
0
0
0
0
0
0
0
0
0
0
0
0
0
0
0
0
0
0
0
0
0
0
0
0
0
0
0
0
0
0
0
0
0
0
0
0
0
0
0
0
0
0
0
0
0
0
0
0
0
0
0
0
0
0
0
0
0
0
0
0
0
0
0
0
0
0
0
0
0
0
0
0
0
0
0
0
0
0
0
0
0
0
0
0
0
0
0
0
0
0
0
0
0
0
0
0
0
0
0
0
0
0
0.253277916820526
0.253277916820526
0.253277916820526
14.1202438627443
0
0
0
0
0
0
0
0
0.253277916820526
0
0
0
0
0
0
0
0
0
0
0
0
0
0
0
0
0
0
0
0
0
0
0
0
0
0
0
0
0
0
0
0
0
0
0
0
0
0
0
0
0
0
0
0
0
0
0
0
0
0
0
0
0
0
0
0
0
0
0
0
0
0
0
0
0
0
0
0
0
0
0
0
0
0
0
0
0
0
0
0
0
0
0
0
0
0
0
0
0
0
0
0
0
0
0
0
0
0
0
0
0
0
0
0
0
0
0
0
0
0
0
0
0
0
0
0
0
0
0
0
0
0
0
0
0
0
0
0
0
0
0
0
0
0
0
0
0
0
0
0
0
0
0
0
0
0
0
0
0
0
0
0
0
0
0
0
0
0
0
0
0
0
0
0
0
0
0
0
0
0
0
0
0
0
0
0
0
0
0
0
0
0
0
0
0
0
0
0
0
0
0
0
0
0
0
0
0
0
0
1000
0
0
0
0
0
0
0
0
0
0
0
0
0
0
0
0
0
0
0
0
0
0
0
0
0
0
0
0
0
0
0
0
0
0
0
0
0
0
0
0
0
0
0
0
0
0
0
0
0
0
0
0
0
0
0
0
0
0
0
0
0
0
0
0
0
0
0
0
0
0
0
0
0
0
0
0
0
0
0
0
0
0
0
0
0
0
0
0
0
0
0
0
0
0
0
0
0
0
0
0
0
0
0
0
0
0
0
0
0
0
0
0
1000
1000
0
0
0
0
0
0
0
0
0
0
0
0
0
0
0
0
0
0
0
0
0
-1000
0
-1000
0
0
0
0
0
0
0
1000
1000
0
0
0
0
0
0
0
0
0
0
0
0
0
0
0
0
0
-686.593347200804
0
-686.593347200804
0
0
0
0
0
0
0
0
0
0
0
0
0
0
0
0
0
0
0
0
0
0
0
0
0
0
0
0
0
0
0
0
0
0
0
0
0
0
0
0
0
0
0
0
0
0
0
0
0
0
0
0
0
0
0
0
0
0
0
0
0
0
0
0
0
1000
58.6799958760928
0
0
0.25327791682048
0
1000
0
0
0
0
784.767750885906
-0.25327791682048
293.40113462216
0
0
0
0.00113317725799789
0
0
-1000
1000
0
0
0
0
0
0
0
0
0
0
0
0
0
-1000
-1.58298698012834
0
-7.34505958779528
0
8.93373224770255
0
0
0
0
-119.301069527816
0
0
-0.00455250252105088
0
0
0
0
0
333.477020291552
-1000
1000
-325.098716240345
-325.098716240345
0
-1000
1000
-0.027315015126419
0
0
0.25327791682048
-0.25327791682048
0
0
9.1813244847441
-9.1813244847441
1000
0
0
0
0
0
302.357629382468
0
-215.232249114094
-784.767750885906
-1000
0
-706.59886537784
-293.40113462216
-1000
0
0
0
0
0
-1000
0
0
0
0
0
-1000
1000
-1000
0
0
0
-1000
0
0
0
-1000
0
0
0
0
0
0
0
0
0
0
0
0
0
0
0
0
0
0
0
-1000
1000
-1000
1.58412015738622
-1000
0
-1000
7.34505958779528
-1000
0
-8.9291797451815
-8.9291797451815
0
0
0
0
0
0
-1000
0
880.698930472184
119.301069527816
-1000
0
-1000
0
-1000
0
-1000
0
0
0
0
0
0
0
0
0
0
-941.351871641555
-58.6481283584453
8.37830405120644
-8.37830405120644
0
0
0
0
0
0
0
0
0
0
0
0
0
0
0
0
0
0
0
0
0
0
0
0
0
0
0
0
0
0
0
0
0.00113317725799789
-0.00113317725799789
0
0
0
0
0
0
0
0
0
0
0
0
0
0
0
0
0
0
0
0
0
0
0
0
0
0
0
0
0
0
0
0
0
0
0
0
0.00113317725799789
-0.00113317725799789
0
0
0
0
0
0
-0.00455250252105088
-0.00455250252105088
0
0
0
0
0
0
0
0
0
0
0
0
0
0
0
0
0.00455250252105088
0.00455250252105088
0
0
0
0
0
0
0
0
0
0
0
0
0
0
0
0
0
0
0
0
0
0
0
0
0
0
0
0
0
0
0
0
0
0
0
0
1000
0
0
0
0
0
0
0
1.49106113731023
0.0045525025210732
0
0
0
0
0
0
0
0
0.18760708939982
0
0
0
0
0
0
0
0
0
0
0
0
0
0
0
0
0
0
0
0
0
0
0
0
0
0
0
0
0
0
0
0
0
0
0
0
0
0
0
0
0
0
0
0
0
0
0
0
0
0
0
0
0
0
0
0
215.232249114094
215.232249114094
215.232249114094
0
206.05092462935
206.05092462935
0
205.79764671253
205.79764671253
0
0
0
0
0
0
0
0
0
0
0
0
0
0
0
0
0
0
0
0
0
0
0
0
0
0
0
0
0
0
0
0
0
0
0
0
0
0
0
0
0
0
0
0
0
0
0
0
0
0
0
0
0
0
0
0
0
0
0
0
0
0
0
0
0
0
0
0
0
0
0
0
0
0
0
0
0
0
0
0
0
0
0
0
0
0
0
0
0
0
0
0
0
0
0
0
0
0
0
0
0
0
0
0
0
0
0
0
0
0
0
0
0
0
0
0
0
0
0
0
0
0
0
0
0
0
0
0
0
0
0
0
0
0
0
0
0
0
0
0
0
0
0
0
0
0
0
0
0
0
0
0
0
0
0
0
0
0
0
0
0
0
0
0
0
0.0045525025210732
0.0045525025210732
0.0045525025210732
0.0045525025210732
0.0045525025210732
0
0
0
0
0
0
0
0
0
0
0
0
0
0
0
0
0
0
0
0
0
0
0
0
0
0
0
0
0
0
0
0
0
0
0
0
0
0
0
0
0
0
0
0
0
0
0
0
0
18.634883928274
18.634883928274
-18.634883928274
6.20100547020883
-3.09822648384386
3.09822648384388
3.09822648384388
3.09822648384388
0
0
0
0
0
0
0
0
0
0
0
0
0
0
0
0
0
0
0
0
0
3.09822648384388
3.0891478701207
3.09822648384388
3.09822648384388
3.09822648384388
3.09822648384388
3.09822648384388
3.09822648384388
3.09822648384388
3.09822648384388
3.09822648384388
3.09822648384388
3.09822648384388
3.09822648384388
3.09822648384388
3.09822648384388
3.09822648384388
3.09822648384388
18.634883928274
18.634883928274
6.20100547020883
6.20100547020883
0
0
0
0
0
0
0
0
0
0
0
0
0
0
0
0
0
0
0
0
0
0
0
0
0
0
0
0
0
0
0
0
0
0
0
0
0
0
0
0
0
0
0
0
0
0
0
0
0
0
0
0
0
0
0
0
0
0
0
0
0
0
0
0
0
0
0
0
0
0
0
0
0
0
0
0
0
0
0
0
0
0
0
0
0
0
0
0
0
0
0
0
0
0
0
0
0
0
0
0
0
0
0
0
0
0
0
0
0
0
0
0
0
0
0
0
0
0
0
0
0
0
0
0
0
0
0
0
0
0
0
0
0
0
0
0
0
0
0
0
0
0
0
0
0
0
0
0
0
0
0
0
0
0
0
0
0
0
0
0
0
0
0
0
0
0
0
0
0
0
0
0
0
0
0
0
0
0
0
0
0
0
0
0
0
0
0
0
0
0
0
0
1.49106113731023
630.07826318777
630.07826318777
0
4.63940473586435
4.63940473586435
0
-634.717667923634
0
4.63940473586435
0
628.58720205046
0
0
1000
0
4.63940473586435
0
4.63940473586435
4.63940473586435
0
0
0
0
0
0
0
0
0
0
0
0
0
0
0
0
0
0
0
0
0
0
0
0
0
0
0
0
0
0
0
0
0
0
0
0
0
0
634.717667923634
0
0
0
0
0
0
0
0
0
0
0
0
0
0
0
0
0
0
0
0
0
0
0
0
0
0
0
0
0
0
0
0
0
0
0
0
0
0
0
0
0
0
0
0
0
0
0
0
0
0
0
0
0
0
0
0
0
0
0
0
0
0
0
0
0
0
0
0
0
0
0
0
0
0
0
0
0
1.49106113731023
0.0045525025210732
0
0
0
0
0
0
0
1.96294671747039
0
0
0
1.23079434825281
1.23079434825281
1.23079434825281
0
0
0
0
0
0
1.68322072923112
0
0
0
0.0045525025210732
0
0
0
0
-1.68322072923115
1.68322072923112
0
0
0
0
0
0
0
0
0
0
0.306988220727789
0
0.279725988239276
0
0
0
0
0
0
0
0
0
0
13.7236002230086
13.7236002230086
13.7236002230086
0
0
0
0
-0.187607089399876
0
0
0
0
0
0
0
0
0
0
0
0
0
0
0
0
0
0
0
0
0
0
0
0
0
0
0
0
0
0
0
0
0
0
0
0
0
0
0
0
0
0
0
0
0
0
0
0
0
0
0
0
0
0
0
0
0
0
0
0
0
0
0
0
0
0
0
0
0
0
0
0
0
0
0
0
0
0
0
0
0
0
0
0
0
0
0
0
0
0
0
0
0
0
0
0
0
0
0
0
0
0
0
0
0
0
0
0
0
0
0
0
0
0
0
0
1000
0
0
1000
1000
0
0
0
0
0
0
0
0
0
0
0
0
0
0
0
0
0
0
0
0
0
0
0
0
0
0
0
0
0
0
0
0
0
0
0
0
0
0
0
0
0
0
0
0
0
0
0
0
0
0
0
0
0
0
0
0
0
0
0
0
0
0
0
0
0
0
0
0
0
0
0
0
0
0
0
0
0
0
0
0
0
0
0
0
0
0
0
0
0
0
0
0
0
0
0
0
0
0
0
0
0
0
0
0
0
0
0
0
0
0
0
0
0
0
0
0
0
0
0
0
0
0
0
0
0
0
0
0
0
0
0
0
0
0
0
0
0
0
0
0
0
0
0
0
0
0
0
0
0
0
0
0
0
0
0
0
0
0
0
0
0
0
0
0
0
0
0
0
0
0
0
0
0
0
0
0
0
0
0
0
0
0
0
0
0
0
0
0
0
0
0
0
0
0
0
0
0
0
0
0
0
0
0
0
0
0
0
0
0
0
0
0
0
0
0
0
0
0
0
0
0
0
0
0
0
0
0
0
0
0
0
0
0
0
0
0
0
0
0
0
0
0
0
0
0
0
0
0
0
0
0
0
0
0
0
0
0
0
0
0
0
0
0
0
0
0
0
0
0
0
0
0
0
0
0
0
0
0
0
0
0
0
0
0
0
0
0
0
0
0
0
0
0
0
0
0
0
0
0
0
0
0
0
0
0
0
0
0
0
0
0
0
1000
0
0
0
0
388.146649269319
0
0
0
0
0
0
0
0
0
0
0
0
0
0
0
0
0
0
0
0
0
0
0
0
0
0
0
0
0
0
0
0
0
0
0
0
0
0
0
0
0
0
0
0
0
0
0
0
0
0
0
0
0
0
0
0
0
0
0
0
0
0
0
0
0
0
0
0
0
0
0
0
0
0
0.207353294175403
0.207353294175403
0
0
0
0.207353294175391
0.207353294175403
0
-245.962584823501
0
0
0
0.0319005067962158
0
0
0
0
0
0
0
0
245.962584823501
0
0
0
0
1.25475326731782
0
0
0
0
0
0
1.25475326731782
0
1.25475326731782
1.25475326731782
0
0
0
0
0
0
0
0
0
0
0
0
0
0
0
0
0
0
0
0
0
0
0
0
0
0
0
0
0
0
0
0
0
0
0
0
0
109.987119605727
109.987119605727
0
0
0
0
0
0
0
0
0
0
0
0
0
0
0
0
0
0
0
0
0
0
0
0
0
0
0
0
0
0
0
0
0
0
0
0
0
0
0
0
0
0
0
0
0
0
0
0
1000
1000
-1000
0
0
0
-1000
-488.786128903586
1000
0
0
0
0
-1000
999.119189729618
0
0
0
0
0
0
0
0
0
0
0
0
0
0
0
0
0
0
0
0
0
0
0
0
0
0
0
0
0
0
0
0
0
0
0
0
0
0
0
0
488.786128903586
0
0
15.8698918318662
0
0
0
0
0
0
0
0
0
0
0
0
0
0
-999.995447497479
-1000
1000
-1000
1000
999.995447497479
-1000
0
0
0
0
0
0
0.00455250252105088
0
0
0
0
0
0
0
0
0
0
0
0
0
0
0
0
0
0
0
0
0
0.0181704231058487
0
0.0045525025210732
0.0272622324885137
1000
0.00226965343079591
0.00226965343079591
0.00455250252105088
0
0.0159007696750528
0.00226965343079591
0.0340843884403574
-0.00226965343074426
0.00226965343079591
0.00226965343079591
0.00226965343079591
0.00226965343079591
0.00226965343079591
-0.00226965343074426
-0.0045393068616022
0.00226965343079591
0.00226965343079591
0.00226965343074426
0.00226965343079591
-0.00682215595190883
-0.00682215595190883
0.00455250252105088
0.00455250252105088
0.00226965343079591
0.00226965343079591
0.0045525025210732
0.0045525025210732
-0.00455250252105088
-0.00455250252105088
0.00455250252105088
0.00455250252105088
0.00226965343079591
0.00226965343079591
0.00226965343079591
0.00226965343079591
0.0568337053862251
-0.00682215595190883
-999.96818526499
0
0
0
0
0
0
-1000
0
0
0
0.0045525025210732
0
0
0
0
0.0022762512605366
0.00455250252105088
0.00455250252105088
0
0
0.0045525025210732
0.0045525025210732
0
0
0
0
0
0
0.00907861372318366
0.00226965343079591
0.00680896029238774
0.00226965343079591
-0.00226965343074426
0.00226965343079591
0.00226965343079591
0.00226965343079591
0.00226965343079591
0.00226965343079591
0.00226965343079591
0.00453930686159183
0.00226965343079591
0.00226965343079591
0.00226965343079591
0.00226965343079591
0.00226965343079591
0
0.00226965343079591
0.0045525025210732
0
0.0045525025210732
0
0.0045525025210732
0.0045525025210732
0.0045525025210732
0.0045525025210732
0.0045525025210732
0.0045525025210732
0
0.0045525025210732
0
0.0045525025210732
0.0045525025210732
0.0045525025210732
0.0045525025210732
0.0045525025210732
0
0
0
0
0
0
0
0
0
0
0
0
0
0
0
0
-0.00455250252105088
0.0045525025210732
0.0045525025210732
0
0
0
0
0
0
0
0
0
0
0
0
0
0
0
0
0
0
0
0
0
0
0
0
0
0
0
0
0
0
0
0
0
0
0
0
0
0
0
0
0
0
0
0
0
0
0
0
0
0
0
0
0
0
0
0
0
0
0
0
0
1000
8.37830405120647
1000
0
0
0
0
0.0045525025210732
0
0
0
0
0
0
0
0
0
0
0
307.195559599743
0
0
0
0
0
0
0
0
0
0
0
621.811669523748
0
0
0
-333.477020291552
0
-1000
0
0
0
0.253277916820526
0
0
0
0
0
0
0
0
0
0.253277916820526
0
0
0
0
0
0
0
0.506555833641051
0
0
0
0.253277916820526
0
94.8514466720289
0
0
0
15.8298698012829
0
97.8285953719281
0
0.253277916820526
0
0.506555833641051
0
0.253277916820526
0
0.253277916820526
0
0.253277916820526
0
0.253277916820526
0
0.253277916820526
0
0.253277916820526
0
0.253277916820526
0
0.253277916820526
0
0.253277916820526
0
0.253277916820526
0
0.253277916820526
0
0.253277916820526
0
0.253277916820526
0
0.253277916820526
0
0.253277916820526
0
0.253277916820526
0
0.253277916820526
0
5.31883625323104
0
0
0
7.28174010859011
0
0
0
3.73584927310275
0
0.253277916820526
0
0.253277916820526
0
26.5365474667291
0
0.253277916820526
0
0.253277916820526
0
0.253277916820526
0
0.253277916820526
0
121.256802677827
0
121.137334424765
0
13.6136880291033
0
68.5749959791573
0
0.881920206350767
0
0.253277916820526
0
0.253277916820526
0
10.7844442610015
0
0.253277916820526
0
0.253277916820526
0
0.253277916820526
0
-1000
0
628.58720205046
686.593347200804
-686.593347200804
0
0
0
0
958.815541823411
-1000
-1000
0
1.25475326731782
-1000
1000
-5.00833558147417
0
108.303898876496
1000
1000
-1000
0
0
1000
0
0
0
0
0
-6.95492627901751
-1000
0
0
0
0
-748.821726300849
1000
-0.00455250252105088
0
0
-4.0827909258129
1000
0
0
0
0
10.498418099054
1000
748.821726300849
-1000
-5.01288808399534
-994.991664418526
0
1000
1000
0
-1000
0
0
1000
1000
-1000
-1000
0
1000
0
0
-1000
1000
1000
250.100251011466
0
0
0
0
-1000
-503.345358643345
0
0
0
0
0
0
0
0
0
376.049314230033
0
33.4637580876338
0
0
0
0
0
0
0
0
0
0
1000
0
0
0
0
0
0
0
0
0
471.866893386098
-1000
1000
-1000
-712.570093771845
-1000
1000
-1000
-1000
-1000
-1000
-545.698775903858
1000
-1000
-1000
-1000
-1000
-1000
-1000
1000
1000
-1000
-1000
568.397761176301
-1000
1000
1000
1000
1000
1000
67.7485893858648
1000
-1000
-1000
-1000
-1000
-1000
-1000
-1000
-1000
-1000
1000
-1000
1000
-1000
-1000
-328.74540166369
-1000
-1000
-1000
-1000
-1000
1000
-1000
1000
-1000
-1000
-32.4482319206563
-1000
-1000
-22.0737486641615
1000
-1000
-1000
1000
-1000
-1000
-1000
-1000
-1000
-1000
-1000
-1000
1000
1000
-1000
-1000
-1000
-1000
-1000
-1000
-1000
-1000
-1000
-983.21555549682
-1000
-1000
1000
-1000
1000
1000
1000
-1000
-1000
1000
1000
1000
331.424665649688
-1000
-1000
585.315010224681
-1000
-1000
-668.575334350312
1000
-1000
1000
-1000
1000
1000
1000
1000
1000
-1000
1000
1000
-1000
-1000
1000
-1000
-15.8698918318662
-1000
1000
-1000
1000
0
-43.6403166579649
-1000
0
0
0
0
0
0
0
0
0
0
0
0
0
0
0
0
0
0
0
0
0
0
0
0
0
0
0
0
0
0
0
0
0
0
0
0
0
0
0
0
0
0
0
0
0
0
0
0
0
0
0
0
0
0
0
0
0
0
0
0
0
0
0
0
0
0
0
0
0
0
0
0
0
0
0
0
0
0
0
0
0
0
0
0
0
0
0
0
0
0
0
0
0
0
0
0
0
0
0
0
0
0
0
0
0
0
0
0
0
0
0
0
0
0
0
0
0
0
0
0
0
0
0
0
0
0
0
0
0
0
0
0
0
0
0
0
0
0
0
0
0
0
0
0
0
0
0
0
0
0
0
0
0
0
0
0
0
0
0
0
0
0
0
0
0
0
0
0
0
0
0
0
0
0
0
0
0
0
0
0
0
0
0
0
0
0
0
0
0
0
0
0
0
0
0
0
0
0
0
0
0
0
0
0
0
0
0
0
0
0
0
0
0
0
0
0
0
0
0
0
0
0
0
0
0
0
0
0
0
0
0
0
0
0
0
0
0
0
0
0
0
0
0
0
0
0
0
0
0
0
0
0
0
0
0
0
0
0
0
0
0
0
0
0
0
0
0
0
0
0
0
969.869333540766
0
30.1306664592341
0
0
0
0
0
0
0
0
0
0
0
0
0
0
0
0
0
0
0
0
0
0
0
0
0
0
0
0
0
0
0
0
0
0
0
0
0
0
0
0
0
0
0
0
0
0
0
0
0
0
0
1000
1000
996.901773516156
1000
1000
1000
-1000
981.218624457993
-1000
-1000
1000
-1000
375.090103992408
1000
1000
18.7813755420067
-1000
-1000
1000
-1000
1000
-1000
-1000
-1000
-1000
996.901773516156
-1000
3.09822648384386
1000
1000
-1000
-1000
981.218624457993
-1000
-1000
-1000
1000
-1000
-1000
-1000
-1000
1000
-981.154981792315
-1000
-999.936357334322
-1000
-1000
1000
-1000
-1000
-1000
-1000
-1000
1000
-1000
0
0
0
0
0
0
0
0
0
0
0
0
0
0
-1000
-748.821726300849
-0.499500796539451
0
0
0
0
895.273900207226
0
1000
0
0
0
0
0
0
0
0
0
-0.00455250252105088
0.0045525025210732
0
0
-0.00455250252105088
-0.00455250252105088
0
0
0
0
0
0
0
0
0
0
0
0
0
0
0
0
0
0
0
0
0
0
0
0
0
0
0
0.0045525025210732
0
0
-1000
-1000
1000
1000
-1000
0
0
0
0
-0.00455250252105088
0
0
0
0
0
245.962584823501
0
0
0
0
0
0
0
0
0
0
0
0
0
0
0
-1000
0
0
0.0045525025210732
0
0
0
0
0
0
0
0
0
0
0
1000
0
999.771379701294
0
0
0
1000
89.2185169074511
0
0
0
0
0
0
0
0
0
0
0
0
0
0
0
0
0
0
0
0
0
0
0
0
0
0
0
0
0
0
0.0045525025210732
0
0
0
0
1000
0
1000
0
0
2.46158869650563
0
0
0
0
1000
0
-190.590042521635
0
0
0
0
0
0
0
0
0
0
0
0
0.00455250252105088
-1000
-7.85151616905341
0
997.538411303494
960.19688984924
0
0
0
0.180769538511868
1000
0
0
0
0
0
0.00455250252116457
0
0
1000
0
0
0
0
0
190.594595024156
0
-247.505675819879
0
0
-1000
0
-1000
1000
0
0
0
0
0
148.236103937886
0
0
0
0
0
-1000
999.819230461488
0
809.409957478365
0
0
0
0
0
0
809.409957478365
879.368396621674
0
0
1000
0
997.547516308536
0
0
0
0
0
0
0
0
0
0
1.23079434825281
0
0.0045525025210732
-0.00455250252105088
0.0045525025210732
0.0045525025210732
0
0
0.00455250252105088
0
0
0
1.23079434825286
0
0
-0.0136575075632663
-1000
-1000
-1000
1000
-2.45248369146384
2.45248369146384
0
0
-997.547516308536
-1000
-2.45248369146384
-1000
0
0
0
0
0
0
0
0
0
0
0
0
0
0
0
0
0
0
0
0
0
0
0
0
0
1000
0
0
0
0
0
0.00226965343079591
0
247.505675819879
0
0
0
0
0
0
0.0045525025210732
0
0
0
0
0
0
0
0
0
0
-58.6481283584453
0
0
0
0
0
0
0
0
0
0
0
0
0
1000
0
0
0
58.6481283584453
0
0
0
0
0
0
0
0
0
0
0
0
0
0
0
0
0
0
0
0
0
0
0
0
0
0
2.93603423460513
0
0
0
0
0
0
0
0
0
0
0
0
0
0
0
0
0
0
0
0
0
0
0
0
0
0
0
0
0
0
0
0
0
0
0
0
0
0
0
0
0
0
0
0
0
0
0
0
0
0
0
0
0
0
0
0
0
0
0
0
0
0
0
0
0
0
0
0
0
0
0
0
0
0
0
0
0
0
0
0
0
0
0
0
0
0
0
0
0
0
0
0
0
0
0
0
0
0
0
0
0
0
0
0
0
0
0
0
0
0
0
0
0
0
0
-999.984112425984
0
0.00226965343074426
0
0.0249793833982039
0
0
-0.0158875740155509
0
1000
0
0
0
0
0.0204400765366017
0
0
0
0
0
0
0
0
0
0
0
0
0
0
0
0
0
0
0
0
0.0045525025210732
0.0045525025210732
0.0045525025210732
-1000
-1000
0
-1000
-1000
0
0
0
0
0
0
-1000
-879.368396621674
0
0
0
0
0
0
0
0
0
0
-1000
0.25327791682048
1000
0
-1000
-1000
-1000
-1000
-1000
-1000
0
0
0
0
0
0
0
0
0
0
-1000
0
1000
0.49864197903523
0.0045525025210732
0.0045525025210732
0.0045525025210732
0.0045525025210732
0.0045525025210732
1000
0
0
1000
0
0
0
0
0
0
0
0
0
0
0
0
0
0
0
-1000
0
0
0
0
0
0
1000
-1000
0
1000
1000
1000
-1000
0
0
0
0
0
0
0
0
0
0
0
0
0
0
0
0
0
0
0
0
0
0
119.301069527816
0
8.37830405120647
0
0
0
0
0
1.58412015738625
8.37830405120647
0
0
0
8.37830405120647
8.92917974518149
0
0
0
0
0
0
0
0
0
0
0
-0.880810270381517
0
0
0
0
10.4825305250384
809.405404975844
0
0
0
0
-1000
0
0
0
0
0
0
0
0
0
39.8031101507602
1000
-1000
-1000
-1000
-1000
1000
0
0.0272622324885137
0
0
0
0
-999.771379701294
-1000
0
0
245.962584823501
0
0
0
999.972684984873
18.3618745307107
0
0
0
0
0
0.732152369217582
0.732152369217582
0
0
-999.981842772554
0
0
0
0
0
0
0.462155980569238
0
302.357629382468
0
0
0
0
0
0
0
998.415879842614
0.0045525025210732
0
0
0
0
0
0
0
0
959.700904596314
1000
0
0
992.654940412205
0
0
0
1000
0
0
0.00680896029238774
0
0
-784.767750885906
0
-1000
0
0
0
-1000
-1000
0
0
0
0
0
0
0
205.79764671253
-1000
1000
0
0
-945.90595195256
945.90595195256
-750
0
0
0
0
-1000
-1000
0
0.0045525025210732
0
176.135745285292
0
0
0
0.253277916820526
0.00113317725796278
0
0
0
0
0
0
0
0
997.547516308536
0
1000
0
0
0
0
0
0
0
0
0
0
1000
0
0
-1000
0.180769538511868
-1000
-1000
1000
0
0
0
0
0
0
0
-1000
-388.146649269319
0
1000
0.00226965343079591
0.00226965343079591
0
54.0118081079847
-1000
1000
0
0
293.40113462216
0
0
0
0
0
0
0
0
0
0
0
0
0
0
0
0
0
0
0
0
0
0
0
0
0
0.00455250252105088
0
0
0
0
0
0
0
0
0
0
0
0
0
0
0
0
0
0
0
0
0
0
0
0
0
0
0
0
0
0
0
0
0
0
0
0
0
0
0
0
0
0
0
0
0
0
-1000
0
-1000
0
0
0
0
0
0
-1000
0
0
0
0
-1000
0
0
0
0
0
0
990.818675515256
0
0
0
0
0
0
0
0
0
0
0
0
0
1000
0
0
0
0
0
0
0
0
0
0
0
0
0
0
0
0
0
0
0
0
205.79764671253
0
0
0
0
0
0
0
0
0
0
0
0
0
0
0
0
0
0
0
0
0
0
0
0
205.79764671253
0
0
0
0
0
0
0
0
0
0
0
0
0
206.05092462935
0
0
0
0
0
0
0
0
0
0
0
0
0
0
0
0
0
0
0
0
0
0
0
0
0
0
0
0
0
0
0
0
0
0
0
0
0
0
0
0
0
0
0
0
0
0
0
0
0
0
0
0
0
0
0
0
0
0
0
0
0
0
0
0
0
0
0
0
0
0
0
0
0
0
0
0
0
0
0
0
0
0
0
0
0
0
0
0
0
0
0
0
0
0
0
0
0
0
0
0
0
0
0
0
0
0
0
0
0
0
0
0
0
0
0
0
0
0
0
0
0
0
0
0
0
0
0
0
0
0
0
0
-1000
0
0
0
0
0
0
0
0
0
0
0
0
0
0
0
0
0
0
0
0
0
0
0
401.847911063428
0
68.5145777300947
68.5145777300947
0
-98.1556334373271
0
0
1000
-307.902152682977
-691.890494022847
0
-999.771379701294
0
0
-1000
0
0
0
0
999.968132482353
0.0273150151264392
0
0
0
0
0
0
0
0
0
0
0
0
0
0
0
0
0
0
0
0
0
0
0
0
0
0
0
0
0
0
0
0
0
0
0
0
0
0
0
0
0
0
0
0
0
0
0
0
0
0
0
0
0
0
0
0
0
0
0
0
0
0
0
0
0
0
0
0
0
0
0
0
0
0
0
0
0
0
0
0
0
0
0
0
0
0
0
0
0
0
0
0
0
0
0
0
0
0
0
0
0
0
0
0
0
0
0
0
0
0
0
0
0
0
0
0
0
0
0
0
0
0
0
0
0
0
0
0
0
0
0
0
0
0
0
0
0
0
0
0
0
0
0
0
0
0
0
0
0
0
0
0
0
0
0
0
0
0
0
0
0
0
0
0
0
0
0
0
0
0
0
0
0
0
0
0
0
0
0
0
0
0
0
0
0
0
0
0
0
0
0
0
0
0
0
0
0
0
0
0
0
0
0
0
0
0
0
0
0
0
0
0
0
0
0
0
0
0
0
0
0
0
0
0
0
0
0
0
0
0
0
0
0
0
0
-973.51529975366
0
0
0
0
0
0
0
0
0
0
0
0
0
0
0
0
0
0
0
0
0
0
0
0
0
0
0
0
0
0
0
0
0
0
0
0
0
0
0
0
0
-973.51529975366
0
0
0
0
0
0
0
1000
0
0
0
0
0
0
0
0
293.40113462216
0
0
0
0
0
0
0
0
0
0
0
-1000
0
0
1.25475326731782
0
0.00455250252105088
-977.598075284537
0
0
0
0
0
0
0
0
0
0
0
0
0
0
0
0
0
0
0
0
0
0
0
0
0
0
0
0
0
0
0
0
0
0
0
0
0
0
0
0
0
0
0
0
0
0
0
0
0
0
0
0
0
0
0
0
0
0
0
0
0
0
0
0
0
0
0
0
0
0
0
0
0
0
0
0
0
0
0
0
0
0
0
0
0
0
0
0
0
0
0
0
0
0
0
0
0
0
0
0
0
0
0
0
0
0
0
0
0
0
0
0
0
0
0
0
0
0
0
0
0
0
0
0
0
0
0
0
0
0
0
0
0
0
0
0
0
0
0
0
0
0
0
0
0
0
0
0
0
0
0
0
0
0
0
0
0
0
-643.691271549598
0
0
0
0
0
0
0
0
1000
0.00455250252105088
0
0
0
1000
0
0
0
0
0
0
0
0
0
0
0
0
0
0
0
1000
0
-1000
0
0
0
0
0
0
0
0
0
0
0
0
0
0
0
0
863.57033358503
0
0
0
0
0
0
0
0
0
0
0
0
0
0
0
0
0
0
0
0
0
0
0
0
0
0
0
0
0
0
0
0
0
0
0
0
0
0
0
0
0
0
0
0
0
0
0
0
0
0
0
0
0
0
0
0
0
0
0
0
0
0
0
0
0
0
0
0
0
0
0
0
0
0
0
0
0
0
0
0
0
0
0
0
0
0
0
0
0
0
0
0
0
0
0
0
0
0
0
0
0
0
0
0
0
0
0
0
0
0
0
0
0
0
0
0
0
0
0
0
0
0
0
0
0
0
0
0
0
0
0
0
0
0
0
0
0
0
0
0
0
0
0
0
0
0
0
0
0
311.221645899961
500
109.96382901143
0
0
-1.23079434825286
0
0
0
586.931937348508
24.3239989773283
53.1675113270264
0.131956594813716
109.96382901143
0
0
0
0
0
0
0
0
0
0
0
0
0
0
0
0
0
0
0
0
0
0
0
0
0
1000
-1000
0
0
-1000
-1000
0
0
0
0
41.8915202560324
8.37830405120644
-8.37830405120644
0
8.37830405120644
-633.194792051314
0
0
0
0
0
0
0
0
0
0
0
0
0
0
0
0
0
333.477020291552
0
1000
0
0
10.498418099054
-121.256802677827
-5.31883625323098
-13.5096501987308
-1000
-1000
-1000
-13.2266088010468
-1000
-33.4637580876338
-979.320400251003
-39.6162343208233
1000
-1000
0
0
0
0
-1000
40.2646545623991
-22.0737486641615
-932.251410614135
-16.7844445031801
717.151239630322
-30.1306664592341
-1000
160.279024386439
328.74540166369
0
307.195559599742
-6.95492627901751
84.2101813259769
0
1000
0
0
999.771379701294
-1000
0
0
0
0
0
0
1000
809.409957478365
0
0
0
0
0
0
0
0
0
0
-0.00455250252105088
15.8653393293451
-15.8698918318662
0
0
0
0
0
0
0
0
0
0
0
1000
-1000
0
0
1000
0
18.8450182076851
0
0
-1000
-1000
245.962584823501
-0.00455250252105088
-0.00455250252105088
-1.25475326731782
0.880810270381517
0
0
-0.00455250252105088
0
-0.00455250252105088
0
0
0
-0.00455250252105088
0
0
0
-0.00455250252105088
0
0
0
0
0
0
0
0
0
0
0
-643.691271549598
0
0
0
0
0
958.815541823411
0
0
0
0
0
0
0
-994.991664418526
0
0
0
-1000
0
1000
0
0
-0.00455250252105088
0
0
0
0
-730.1357630618
0
0
0
0
0
0
0
0
0
1000
-4.0827909258129
-0.499500796539451
-748.821726300849
-1000
0
0
0
0
0
0
0
0
0
3.09822648384386
1000
0
0
0
0
0
-5.01288808399534
0
0
0
0
1000
0
-5.00833558147417
0
0
108.303898876496
1000
686.593347200804
0
-686.593347200804
0
0
-1000
0
0
0
-1000
-1000
0
0
0
0
0
0
-0.0636426656784579
0
0
0
0
40.2990954036864
-748.821726300849
748.821726300849
0
0
0
993.045073720983
0
1000
-1000
-1000
-1000
0
0
0
0
0
0
0
0
0
0
0
1000
0
-0.881920206350742
-0.25327791682048
-68.5749959791574
-503.345358643345
-3.73584927310276
-26.5365474667291
-10.7844442610015
-13.6136880291033
-7.28174010859016
-0.25327791682048
0
0
0
0
-0.25327791682048
0
-0.506555833641073
-0.25327791682048
-0.25327791682048
-121.137334424765
0
-0.25327791682048
-94.8514466720289
-97.828595371928
0
-18.3618745307108
0
0
-0.462155980569264
-0.25327791682048
0
0
-0.25327791682048
-0.25327791682048
-0.25327791682048
-0.25327791682048
0
0
-15.8298698012828
0
0
0
-1000
1000
0
0
-1000
1000
-0.00455250252105088
-307.195559599743
750
-750
0
0
0
-1000
0
0
307.195559599742
0
0
0
0
0
0
0
0
0
0
0
0
0
0
0
0
-1000
1000
-54.0118081079847
54.0118081079847
1000
-1000
-1000
1000
1000
0
-1000
1000
-1000
0
-0.25327791682048
-0.25327791682048
0
0
0
0
0
-692.097847317023
691.890494022847
999.968132482353
0.027315015126419
0
0
0
0
0
-1000
0
0
0
0
0
0
0
0
0
0
0
0
0
0
0
0
0
0
0
0
0
0
0
0
0
0
0
0
0
0
0
0
0
0
0
0
0
0
0
0
0
0
0
0
0
0
0
0
0
0
0
0
0
0
0
0
0
0
0
0
0
0
0
0
0
0
0
0
0
0
0
0
-0.25327791682048
0
0
0
0
0
0
0
0
0
0
0
0
0
0
0
0
0
0
0
0
0
0
0
0
0
0
0
0
0
0
0
0
0
0
0
0
0
0
0
0
0
0
0
0
0
0
0
0
0
0
0
0
0
0
0
0
0
0
0
0
0
0
0
0
0
0
0
0
0
0
0
0
0
0
0
0
0
0
0
0
0
0
0
0
0
0
0
0
0
0
0
0
0
0
0
0
0
0
0
0
0
0
0
0
0
0
0
0
0
0
0
0
0
0
0
0
0
0
0
0
0
0
0
0
0
0
0
0
0
0
0
0
0
0
0
0
0
0
0
0
0
0
0
0
0
0
0
0
0
0
0
0
0
0
0
0
0
0
0
0
0
0
0
0
0
0
0
0
0
0
0
0
0
0
0
0
0
0
0
0
0
0
0
0
0
0
0
0
0
0
0
0
0
0
0
0
0
0
0
0
0
0
0
0
0
973.51529975366
0
0
0
0
0
0
0
0
0
0
0
0
0
0
0
0
0
0
0
0
0
0
0
0
0
0
0
0
0
0
0
0
0
0
0
0
0
0
0
0
0
0
0
863.57033358503
0
0
0
0
0
0
0
643.691271549598
0
1000
0
0
977.598075284537
0
0
0
0
0
0
0
0
0
0
0
0
0
0
0
0
0
0
0
0
0
0
0
0
0
-1000
0
-1000
-0.00455250252105088
0
0
0
0
0
0
0
0
-371.41279794954
-863.57033358503
0
0
0
0
863.57033358503
0
0
0
0
0
0
0
0
0
0
0
0
0
0
0
0
0
0
0
0
0
0
0
0
0
0
0
0
0
0
0
0
0
0
0
0
0
0
0
0
0
0
0
0
0
0
0
0
0
0
0
0
0
0
0
0
0
0
0
0
0
0
0
0
0
0
0
-1000
1000
1000
0
0
-0.25327791682048
-0.25327791682048
-0.25327791682048
0
-0.25327791682048
-0.506555833641073
0
-0.25327791682048
-0.25327791682048
-0.25327791682048
-0.25327791682048
0
-0.25327791682048
-0.25327791682048
-0.25327791682048
-0.25327791682048
-0.25327791682048
-0.25327791682048
-0.25327791682048
0
-0.25327791682048
-0.25327791682048
-0.25327791682048
-1000
109.96382901143
0
1000
0
0
0
0
0
0
0
0
0
0
0
