0
0
0
0
0
0
0
118.610583373367
-118.610583373367
1000
0
202.147154954804
197.078185947868
598.499591977821
805.247840309696
0
999.7361614177
-999.7361614177
999.939446882751
0
0.0605531172492454
0
-1000
-398.844721308534
0
1000
-201.810935571607
0
-401.86257874134
0.0249368990462397
0
0
0
0
0
0.0333476008984691
0
0
0
36.3372377406463
0
0
0
0
0
0
0
0
0
0
0
0
0
0
0
0
0
0
0
0
0
0
0
0
0
0
-365.097504467057
0
401.86257874134
0
1000
0
0
-1000
-1000
0
0
0
0
401.86257874134
0
0
-0.0249368990462244
0
0
0
0
0
0
0
0
0
0
0
0
1000
0
-1000
0
1000
-1000
0
0
0
0
0
0
0
0
1000
0
0
0
0
0
0
0
0
0
0
0
0
0
0
1000
1000
1000
0
0
0
1000
0
0
-1000
0
0
0
0
0
0
-1000
0
0
0
-15.1596379506249
0
0
0
0
72.1548570850266
0
0
0
-204.509874511859
0
0
598.490941532499
1000
1000
401.500408022179
0
0
0
-1000
401.500408022179
1000
1000
-401.500408022179
0
204.509874511859
1000
0
0
0
0
0
1000
-1000
0
0
0
0
0
-389.622134509799
0
0
0
0
0
0
0
389.795143416225
385.639343184602
0
385.548432268866
0
0
0
0
0
0
0
0
194.488321108004
0
0
385.548432268866
-389.626459732459
0
-999.995674777339
0
0
0
0
0
0
0
0
0
0
0
-24.2097848360045
0
0
-483.730262427651
0
0.7208719343854
0
386.026130076683
0
336.720882311017
0
0
0
-614.451567731134
0
0
0
483.730262427651
0
0
0
0
0
0
0
0
0
0
0
0
500
0
-178.974427476535
1000
-1000
1000
1000
-0.479544190354545
0
1000
-3.39132881377031
-1.00126176170477
-3.86902662158673
327.430460584824
0
-1000
-193.771774396279
0
-0.716546711724732
723.467884322086
0
0
-1000
0
0.185984574408397
0
-0.185984574408394
0
0.00184638253807715
0
0
0
0
0
0
0
2.24012361432211
1000
385.639343184602
0
0
0
0
0
0
0
-1000
0
1000
0.486348253137794
0
0
1000
0
-0.185984574408394
0
-0.716546711724732
0
0
327.430460584824
0
0
0
1000
9.29042172619359
0
0
-1000
0
0
0
1000
327.430460584824
1000
-1000
-1.00126176170477
0
394.842557494918
0
0
0
0
0
0
0
0
0
0
0
0
0
0
0
2.38848903908236
10.0549126589085
0
0
0
0
0
9.29042172619358
0
326.713913873099
0
-174.909375680924
355.073256409051
1000
1000
-1000
-1000
-1000
-1000
1000
1000
1000
1000
0
-0.00184638253813318
1000
9.29042172619359
-1000
0
0
0
0
1000
9.29042172619359
-1000
1000
193.771774396279
0
-1000
0
0
1000
-1000
0
0
0
0
0
0
1.00126176170479
1000
-1000
-1000
-1000
-1000
0
-1000
-1000
1000
1000
-1000
1000
1000
-0.477697807816526
-1000
1000
1000
-1000
1000
1000
0
-1000
-1000
-3.39132881377031
1000
1000
385.639343184602
0
1000
-1000
0
0
0
638.661352567138
228.721313630797
0
0
1000
0
0
0
-30.4748658344294
0
0
0
0
0
0
0
0
53.1380394577293
0
0
0
53.1380394577293
0
0
0
0
0
1000
-940.885902668542
-59.1140973314575
0
59.1140973314575
0
0
0
0
0
69.6344232596863
69.6344232596863
0
0
69.6344232596863
1000
0
0
0
0
0
0
0
0
0
0
0
0
69.6344232596863
-69.6344232596863
0
0
0
0
0
0
0
0
0
0
0
0
0
1000
1000
0.108130566516479
0.108130566516479
0
431.587672617092
0
0
0
0
534.404711819466
0
0
534.404711819466
0
0
0
0
0
0
0
0
-510.478573179253
0
0
0
0
0
0
0
0
0
0
0
0
0
0
0
0
0
0
0
0
0
0
0
0
0
0
0
0
0
0
0
0
0
0.168683683765771
0
0
537.382575425005
-1000
1000
1000
1000
1000
0
0
1000
0
0
0
0
0
0
0
0
0
0
0
0
0
0
0
0
0
0
0
0
0
0
0
0
0
999.831316316234
0
0
0.168683683765771
0
0
0
0
0
0
0
0
0
572.88409092139
0
0
0
0
0
0
0
0
0
0
0
0
0
0
0
0
0
0
0
0
0
0
0.00370349985835243
520.467741925189
520.467741925189
520.467741925189
0
0
0
0
0
0
-1000
0
0
0
0
0
0
0
0
0
0
0
0
0
33.5039100620559
0
33.5039100620559
0
0
0
0
0
412.453545222947
0
69.6344232596863
69.6344232596863
69.6344232596863
69.6344232596863
0
0
0
0
0
0
0
0
0
0
0
1000
0
0.00432522266066039
500
0
0
0
0.78286530157953
0.78286530157953
0
0
0
0
0
0
0
0
0
0
0
0
0
0
0
0
0
0
0
0
0
0
0
0
0
0
0
0
0
-1000
0
0
0
-1000
0
0
1000
0
0
0
0
2.2491157835434
0
0
2.2491157835434
0
0
0
0
0
0
0
0
0
0
2.2491157835434
0
2.2491157835434
0
0
0
13.4170240792311
38.2456807383064
24.4466773258588
17.9052812445255
26.5475636585497
8.73777724732842
20.435894327085
37.3862272385691
34.4258874061409
10.8864109966715
21.104358160214
43.4978965700338
34.3303925728368
10.5999264967591
17.571049327961
24.3511824925546
31.5610424070169
25.5448679088563
4.67924683190265
31.8475269069293
0
0
0
0
0
0
0
0
0
0
0
0
0
0
0
0
0
0
0
0
0
0
0
0
0
0
0
0
0
0
0
0
0
0
0
0
0
0
0
0
0
0
0
0
0
0
0
0
0
0
0
0
0
0
0
0
0
0
0
0
0
0
0
0
0
0
0
0
0
0
0
0
0
0
0
0
0
0
0
0
0
0
0
0
0
0
0
0
0
0
0
0
-1000
0
0
0
0
0
-134.448170411696
-134.448170411696
-1000
-1000
999.844291984216
0
0
0
0
0
0
-30.4748658344294
-1000
-1000
489.521426820747
0
1000
510.478573179253
30.8252088699428
1000
-1000
999.852942429538
-1000
0
0
-1000
0
1000
1000
489.521426820747
0
0
0
510.478573179253
510.478573179253
-1000
0
0
0
0
0
0
0
0
0
0
0
489.525130320606
251.092854857453
1000
1000
0
500
336.173331016458
0
5
0
0
0
0
0
0
504.349948368943
0
0
0
0
-0.0015048733337153
0
0
0
0
-0.0015048733337153
0
466.835975692309
216.791023221386
-0.00451462000125957
0
0
0
0
0
0
1000
0
0
-0.0015048733337153
-0.0015048733337153
0.0015048733337153
-0.0015048733337153
0.0015048733337153
-0.00300974666754428
0
-0.0015048733337153
-0.0015048733337153
-0.0015048733337153
-0.0015048733337153
-0.0015048733337153
-0.0015048733337153
-0.0015048733337153
-0.0015048733337153
-0.0015048733337153
-0.0316023400087033
-0.0148318907371277
-0.0869064350239341
0
-0.0221968816728122
0.0015048733337153
14.8278277950046
-0.0842677539943679
0.0015048733337153
0.0015048733337153
0.0015048733337153
0.0015048733337153
-0.720458108531602
-41.8403296382736
-0.488331396801073
0
-0.0255879993691224
0.00300974666754428
0
0.0142962966706364
0.0015048733337153
0.0015048733337153
-0.0015048733337153
0
0
0
0
0
0
0
0
0
0
0
0
0
0
0
0
0
0
0
0
0
0
0
0
0
0
0
0
0
0
0
0
0
0
0
0
0.00542643240112284
0
0
0
0
0
0
0
0
0
0
0
0
0
0
0
0
0
0
0
0
0
0
0
0
0
0
0
0
0
0
0
0
0
0
0
0
0
0
0
0
0
0
0
0
0
0
0
0
0
0
0
0
0
0
0
0
0
0
0
0
0
0
0
0
0
0
0
0
0
0
0
0
0
0
0
0
0
0
0
0
0
0
0
0
0
0
0
0
0
0
0
0
0
0
0
0
0
0
0
0
0
0
0
0
0
0
0
0
0
1.2394800329415
1.2394800329415
1.2394800329415
1.2394800329415
0
0
0
0
0
0
0
0
0
0
0
0
0
0
0
0
0
0
0
0
0
0
0
0
0
0
0
0
0.00150487333374753
0.00150487333374753
447.697215887336
0
0
0.58426707182748
0.0940545833592209
0
0.00150487333374753
0.00150487333374753
0.00150487333374753
0.00150487333374753
0.00150487333374753
0.00150487333374753
0
0
0
0
0
0
0
0
0
0
0
0
0
0
0
0
0
0
0
0
0
0
0
0
0
0
0
0
0
0
0.0436413266786785
0
0
0
0
0
0
0
0
0
0
0
0
0
0
0
0
0
0
0
0
0
0
0
0
0
0
0
0
0
0
0
0
0
0
0
0
0
0
0
0
0
0
0
0
0
0
0
0
0
0
0
0
0
0
0
0
0
0
0
0
0
0
0
0
0
0
0
0
0
0
0
0
0.00150487333374753
0
0
0
0
0
0
0
0
0
0
0
0
0
0
0
0
41.829419306604
41.829419306604
41.829419306604
-41.829419306604
41.829419306604
41.829419306604
41.829419306604
0
0
0
0
0
0
0
0
0
0
0
0
0
0
0
0
0
0
0
0
0
0
0
0
0
0
0
0
0
0
0
0
0
0
0
0
0
0
0
0
0
0
0
0
0
0
0
0
0
0
0
0
0
1000
0
0
0
0
0
-1000
0
0
0
0
0
0
0
0
0
0
0
-1000
0
0
0
0
0
0
0
0
0
0
0
0
0
0
0
0
0
0
1000
0
0
0
1000
0
0
0
0
0
0
0
0
0
0
0
0
0
0
0
0
0
0
0
0
0
0
0
0
0
0
0
0
0
0
0
0
0
0
0
0
0
0
0
0
0
0
0
0
0
0
0
0
0
0
0
0
0
0
0
0
0
0
0
0
0
0
0
0
0
0
0
0
0
0
0
0
0
0
0
0
1000
1000
0
0
0
0
0
0
0
0
0
0
0
0
0
0
0
0
0
0
0
0
0
-1000
0
-1000
0
0
0
0
0
0
0
0
0
0
0
1000
1000
0
0
0
0
0
0
0
0
0
0
0
0
0
0
0
0
0
0
0
0
0
0
0
0
0
0
0
0
0
0
0
0
0
0
0
0
0
0
0
0
0
0
0
0
0
0
0
0
0
0
0
0
0
0
0
0
0
0
0
0
0
0
0
0
0
0
0
0
0
0
0
0
0
0
0
0
0
0
0
0
0
0
0
0
0
0
103.784260451696
0
0
0.0015048733337153
0
-552.24973732765
0
0
447.695711014002
0
220.176465009034
-216.79252809472
250.043447597589
0
0
0
0.00542643240112284
0.582762198493697
0
-999.417237801506
-1000
0
0
0
0
0
0
0
0
0
0
0
0
0
1000
0.00542643240112284
0
0
0
-0.0203209427010052
0
0
0
0
-41.829419306604
0
0
0.0203209427010052
0
0
0
0
0
504.349948368943
1000
0
-489.523625447272
-489.523625447272
0
-1000
1000
-0.0222209991501359
0
0
0.0015048733337153
-0.0015048733337153
0
0
447.75026267235
-447.75026267235
-1000
0
0
0
-447.695711014002
-447.695711014002
1000
0
-447.75026267235
-552.24973732765
0
0
-749.956552402411
-250.043447597589
-1000
0
0
0
0
0
1000
0
1000
0
0
0
-999.417237801506
999.417237801506
-1000
0
0
0
1000
0
0
0
1000
0
0
0
0
0
0
0
0
0
0
0
0
0
0
0
0
0
0
0
1000
-1000
1000
0
-1000
0
1000
0
1000
0
0
0
0
0
0
0
0
0
1000
0
-1000
41.829419306604
1000
0
-792.346512908358
0
1000
0
1000
0
0
0
0
0
0
0
0
0
1000
-103.784260451696
14.8263229216709
-14.8263229216709
0
0
0
0
0
0
0
0
0
0
0
0
0
0
0
0
0
0
0
0
0
0
0
0
0
0
0
0
0
0
0
0
0.00542643240112284
-0.00542643240112284
0
0
0
0
0
0
0
0
0
0
0
0
0
0
0
0
0
0
0
0
0
0
0
0
0
0
0
0
0
0
0
0
0
0
0
0
0.00542643240112284
-0.00542643240112284
0
0
0
0
0
0
0.0203209427010052
0.0203209427010052
0
0
0
0
0
0
0
0
0
0
0
0
0
0
0
0
-0.0203209427010052
-0.0203209427010052
0
0
0
0
0
0
0
0
0
0
0
0
0
0
0
0
0
0
0
0
0
0
0
0
0
0
0
0
0
0
0
0
0
0
0
0
0
0
0
0
0
0
0
0
1.21299102751984
0.00370349985835243
0
0
0
0
0
0
0
0
0.152619976771447
0
0
0
0
0
0
0
0
0
0
0
0
0
0
0
0
0
0
0
0
0
0
0
0
0
0
0
0
0
0
0
0
0
0
0
0
0
0
0
0
0
0
0
0
0
0
0
0
0
0
0
0
0
0
0
0
0
0
0
0
0
0
0
0
0
0
0
0
0
0
0
0
0
0
0
0
0
0
0
0
0
0
0
0
0
0
0
0
0
0
0
0
0
0
0
0
0
0
0
0
0
0
0
0
0
0
447.75026267235
447.75026267235
447.75026267235
0
0
0
0
0
447.694206140668
447.694206140668
447.694206140668
0
0
0
0
0
0
0
0
0
0
0
0
0
0
0
0
0
0
0
0
0
0
0
0
0
0
0
0
0
0
0
0
0
0
0
0
0
0
0
0
0
0
0
0
0
0
0
0
0
0
0
0
0
0
0
0
0
0
0
0
0
0
0
0
0
0
0
0
0
0
0
0
0
0
0
0
0
0
0
0
0
0
0
0
0
0
0
0
0
0
0
0
0
0
0
0
0
0
0
0
0
0
0
0
0
0
0
0
0
0
0
0
0
447.695711014002
447.695711014002
447.695711014002
447.695711014002
-447.695711014002
0
0
0
0
0
41.829419306604
41.829419306604
41.829419306604
0
0
0
0
0
41.829419306604
41.829419306604
41.829419306604
0
0
-41.829419306604
0
0
0
0
0
0
0
0
0
0
0
0
0
0
0
0
0
0
0
0
0
0
0
0
0
0
0
0
0
0
0
0
0
0
0
0.00370349985835243
0.00370349985835243
0.00370349985835243
0.00370349985835243
0.00370349985835243
0
0
0
0
0
0
0
0
0
0
0
0
0
0
0
0
0
0
0
0
0
0
0
0
0
0
0
0
0
0
0
0
0
0
0
0
0
0
0
0
0
0
0
15.1596379506249
15.1596379506249
-15.1596379506249
5.04457115053881
-2.52043382534021
2.52043382534023
2.52043382534023
2.52043382534023
2.52043382534023
2.52043382534023
2.52043382534023
2.52043382534023
2.52043382534023
2.52043382534023
2.52043382534023
2.52043382534023
0
2.52043382534021
2.52043382534023
2.52043382534023
2.52043382534023
2.52043382534023
2.52043382534023
2.52043382534023
0
0
0
2.52043382534023
2.52043382534023
0
2.51304829518792
0
0
0
0
0
0
0
0
0
0
0
0
0
0
0
0
15.1596379506249
15.1596379506249
5.04457115053881
5.04457115053881
0
0
0
0
0
0
0
0
0
0
0
0
0
0
0
0
0
0
0
0
0
0
0
0
0
0
0
0
0
0
0
0
0
0
0
0
0
0
0
0
0
0
0
0
0
0
0
0
0
0
0
0
0
0
0
0
0
0
0
0
0
0
0
0
0
0
0
0
0
0
0
0
0
0
0
0
0
0
0
0
0
0
0
0
0
0
0
0
0
0
0
0
0
0
0
0
0
0
0
0
0
0
0
0
0
0
0
0
0
0
0
0
0
0
0
0
0
0
0
0
0
0
0
0
0
0
0
0
0
0
0
0
0
0
0
0
0
0
0
0
0
0
0
0
0
0
0
0
0
0
0
0
0
0
0
0
0
0
0
0
0
0
0
0
0
0
0
0
0
0
0
0
0
0
0
0
0
0
0
0
0
0
0
0
0
0
0
0
0
0
0
0
1.21299102751984
1.22686036611981
1.22686036611981
0
0
0
0
-1.22686036611981
0
0
0
0.0138693385999751
0
0
0
0
0
0
0
0
0
0
0
0
0
0
0
0
0
0
0
0
0
0
0
0
0
0
0
0
0
0
0
0
0
0
0
0
0
0
0
0
0
0
0
0
1.22686036611981
0
0
0
0
0
0
0
0
0
0
0
0
0
0
0
0
0
0
0
0
0
0
0
0
0
0
0
0
0
0
0
0
0
0
0
0
0
0
0
0
0
0
0
0
0
0
0
0
0
0
0
0
0
0
0
0
0
0
0
0
0
0
0
0
0
0
0
0
0
0
0
0
0
0
0
0
0
1.21299102751984
0.00370349985835243
0
0
0
0
0
0
0
1.59687399544618
0
0
0
1.00126176170479
1.00126176170479
1.00126176170479
0
0
0
0
0
0
1.36931450414964
0
0
0
0.00370349985835243
0
0
0
0
-1.36931450414966
1.36931450414964
0
0
0
0
0
0
0
14.9375424634672
0
0
0.237725330038166
0
0.227559491296544
0
0
0
0
0
0
0
0
0
0
11.164266520827
11.164266520827
11.164266520827
0
0
0
0
-0.152619976771462
0
0
0
0
0
614.360656815398
0
0
0
0
0
0
0
0
0
0
0
0
0
0
365.097504467057
365.097504467057
0
0
0
0
0
0
0
0
0
0
0
0
0
0
0
0
0
0
0
0
0
0
0
0
0
0
0
0
0
0
0
0
0
0
0
0
0
0
0
0
0
0
0
0
0
0
0
0
0
0
0
0
0
0
0
0
0
0
0
0
0
0
0
0
0
0
0
0
0
0
0
0
0
0
0
0
0
0
0
0
0
0
0
0
0
0
0
0
0
0
0
0
0
0
0
0
0
0
0
0
1000
0
0
1000
1000
0
0
0
0
0
0
0
0
0
0
0
0
0
0
0
0
0
0
0
0
0
0
0
0
0
0
0
0
0
0
0
0
0
0
0
0
0
0
0
0
0
0
0
0
0
0
0
0
0
0
0
0
0
0
0
0
0
0
0
0
0
0
0
0
0
0
0
0
0
0
0
0
0
0
0
0
0
0
0
0
0
0
0
0
0
0
0
0
0
0
0
0
0
0
0
0
0
0
0
0
0
0
0
0
0
0
0
0
0
0
0
0
0
0
0
0
0
0
0
0
0
0
0
0
0
0
0
0
0
0
0
0
0
0
0
0
0
0
0
0
0
0
0
0
0
0
0
0
0
0
0
0
0
0
0
0
0
0
0
0
0
0
0
0
0
0
0
0
0
0
0
0
0
0
0
0
0
0
0
0
0
0
0
0
0
0
0
0
0
0
0
0
0
0
0
0
0
0
0
0
0
0
0
0
0
0
0
0
0
0
0
0
0
0
0
0
0
0
0
0
0
0
0
0
0
0
0
0
0
0
0
0
0
0
0
0
0
0
0
0
0
0
0
0
0
0
0
0
0
0
0
0
0
0
0
0
0
0
0
0
0
0
0
0
0
0
0
0
0
0
0
0
0
0
0
0
0
0
1000
0
337.626834684402
0
0
337.626834684402
0
0
0
0
0
0
0
0
0
0
0
0
0
0
0
0
0
0
0
0
0
0
0
0
0
0
0
0
0
0
0
0
0
0
0
0
0
0
0
0
0
0
0
0
0
0
0
0
0
0
0
0
0
0
0
0
0
0
0
0
0
0
0
0
0
0
0
0
0
0
0
0
0
0
0
-1000
0
0
0
1000
0
0
0
0
0
0
0
0
0
0
0
0
0
0
0
0
0
0
0
0
0
0
0
0
0
0
0
0
0
0
0
0
0
0
0
0
0
0
0
0
0
216.874919909742
0.168683683765771
0.168683683765771
0
0
0
0
0.168683683765721
0.168683683765771
0
0
0
0
0
0
0.0259513359639786
0
0
0
0
0
1000
0
0
0
0
0
0
0
1.02075254791584
0
0
1.02075254791584
0
1.02075254791584
0
1.02075254791584
1.02075254791584
0
1.02075254791589
1.02075254791589
0
0
0
0
0
0
0
0
0
0
0
0
0
0
0
0
0
0
0
0
0
0
0
0
0
0
0
0
0
0
0
0
0
0
0
0
393.433926163989
393.433926163989
0
0
0
0
0
0
0
0
0
0
0
0
0
0
0
0
0
0
0
0
0
0
0
0
0
0
0
0
0
0
0
0
0
0
0
0
0
0
0
0
0
0
0
0
0
0
0
0
1000
1000
-64.5336620199593
0
0
0
-1000
-1000
1000
33.5039100620559
1000
0
0
1000
-391.964122604783
0
0
0
0
0
0
0
0
0
0
0
0
0
0
0
0
0
0
0
0
0
0
0
0
0
0
0
0
0
0
0
0
0
0
0
0
0
0
0
0
1000
0
0
1000
0
0
0
0
1.2394800329415
1.2394800329415
0
0
0
0
0
0
0
0
-999.996296500142
999.996296500142
1000
999.996296500142
1000
-1000
-1000
0
0
0
0
0
0
0.00370349985837493
0
0
0
0
0
0
0
0
0
0
0
0
0
0
0
0
0
500
0
0
0
0
0.00276957380711573
0.00370349985835243
0.0101658387416225
-999.9861306614
0.00184638253807715
0.00184638253807715
1000
0
0.000923191269038576
0.00184638253807715
0.0157157211380658
-0.00184638253813318
0.00184638253807715
0.00184638253807715
0.00184638253807715
0.00184638253807715
0.00184638253807715
-0.00184638253813318
-0.00369276507615268
-999.982448631106
0.00184638253807715
0.00184638253807715
0.00184638253813318
0.00184638253807715
-0.00554988239639442
-999.978745131248
0.00370349985837493
0.00184638253807715
0.00184638253807715
0
0
0.00370349985835243
0.00370349985835243
-0.00370349985837493
-0.00370349985837493
0.00370349985837493
0.00370349985837493
0.00184638253807715
0.00184638253807715
0.00184638253807715
0.00184638253807715
-0.00554988239650811
1000
0
0
0
0
0
0
-462.617424574995
0
0
0
0.00370349985835243
0
0
0
0
0.00185174992917622
0.00370349985837493
0.00370349985837493
0
0
0
0
0.00370349985835243
0.00370349985835243
0
0
0
0
0.00738553015230861
0.00184638253807715
0.00553914761423146
0.00184638253807715
-0.00184638253813318
0.00184638253807715
0.00184638253807715
0.00184638253807715
0.00184638253807715
0.00184638253807715
0.00184638253807715
0.00369276507615431
0.00184638253807715
0.00184638253807715
0.00184638253807715
0.00184638253807715
0.00184638253807715
0
0.00184638253807715
0.00370349985835243
0.00370349985835243
0.00370349985835243
0.00370349985835243
0.00370349985835243
0.00370349985835243
0.00370349985835243
0.00370349985835243
0.00370349985835243
0.00370349985835243
0.00370349985835243
0.00370349985835243
0.00370349985835243
0.00370349985835243
0
0
0
0
0
0
0
0
0
0
0
0
0
-0.00370349985837493
0.00370349985835243
0.00370349985835243
0
0
0
0
0
0
0
0
0
0
0
0
0
0
0
0
0
0
0
0
0
0
0
0
0
0
0
0
0
0
0
0
0
0
0
0
0
0
0
0
0
0
0
0
0
0
0
0
0
0
0
0
0
0
0
0
0
0
0
0
0
0
0
0
1000
14.8263229216709
0
0
0
0
0
0.00370349985835243
0
0
0
0
0
0
0
0
0
0
562.6366638874
0
0
0
0
0
0
0
0
1000
0
-1000
0
0
0
-504.349948368943
0
0
0
0
0
0.00150487333374753
0
0
0
0
0
0
0
0
0
0.00150487333374753
0
0
0
0
0
0
216.791023221386
0.0045146200012426
0
0
0
0
0
0
0
0
0
0
0
0
0
0
0
0
0
0
0
0.00150487333374753
0
0.00150487333374753
0
0.00150487333374753
0
0.00150487333374753
0
0.00150487333374753
0
0.00300974666749507
0
0
0
0.00150487333374753
0
0.00150487333374753
0
0.00150487333374753
0
0.00150487333374753
0
0.00150487333374753
0
0.00150487333374753
0
0.00150487333374753
0
0.00150487333374753
0
0.00150487333374753
0
0.0316023400086982
0
0.0148318907370733
0
0.0869064350239201
0
0
0
0.0221968816727761
0
0.00150487333374753
0
14.8278277950046
0
0.0842677539944068
0
0.00150487333374753
0
0.00150487333374753
0
0.00150487333374753
0
0.00150487333374753
0
0.720458108531632
0
41.8403296382736
0
0.488331396801075
0
0
0
0
0
0.00300974666749507
0
0
0
0.0142962966706016
0
0.00150487333374753
0
0.00150487333374753
0
0.00150487333374753
0
0
-39.2231160367121
0
0
0.0138693385999886
1000
0
0
0
0
0
1000
-1000
0
0
1.02075254791584
0
614.360656815398
-24.2097848360045
365.097504467057
392.064611659839
1000
-1000
-1000
0
0
892.899114390074
1000
0
0
0
0
-343.902351410261
1000
0
0
0
0
1000
-520.347765035942
0
0
0
0
-1.00126176170477
0
0
-0.00370349985837493
0
0
0
-1000
-673.286086126901
-990.709578273806
1000
24.2097848360045
1000
-297.029303520772
0
1000
1000
0
0
-1000
1000
-1000
1000
1000
-1000
1000
1000
1000
0
1000
0
0
0
0
0
0
0
0
0
0
0
0
0
0
0
0
0
0
0
437.3633361126
0
0
0
0
998.57453539265
0
0
0
-1000
0
0
0
0
0
0
1000
0
0
-1000
1000
-1000
1000
-1000
1000
1000
1000
-1000
1000
1000
1000
1000
-1000
395.448997037329
1000
-1000
1000
-1000
1000
-1000
1000
1000
-1000
1000
-1000
-1000
1000
1000
1000
-1000
1000
-1000
-1000
1000
-1000
1000
-1000
1000
-1000
1000
1000
-1000
-1000
1000
1000
-1000
-1000
1000
1000
-1000
1000
-580.477376105517
1000
1000
1000
-1000
1000
1000
1000
-1000
286.517691977732
1000
1000
-1000
1000
1000
-1000
-1000
1000
1000
1000
1000
648.776216809235
1000
-1000
-1000
1000
1000
-1000
-1000
-1000
-1000
1000
1000
629.70441640596
1000
1000
1000
-1000
1000
-1000
-1000
-1000
-1000
-1000
1000
1000
1000
1000
326.187830628853
1000
1000
1000
-1000
1000
-1000
1000
1000
-1000
1000
1000
1000
1000
-1000
1000
27.2230543011926
1000
1000
-1000
-1000
1000
0
-405.093363655423
713.960912819755
1000
1000
1000
0
0
0
0
0
0
0
0
0
0
0
0
0
0
0
0
0
0
0
0
0
0
0
0
0
0
0
0
520.528231798285
0
0
0
0
0
0
0
0
0
0
0
0
0
0
0
0
0
0
0
0
0
0
0
0
0
0
0
580.477376105517
0
0
0
0
0
0
0
0
0
0
0
0
0
0
1000
0
0
0
0
0
0
0
0
0
0
0
0
0
0
0
0
0
0
0
0
0
0
0
0
0
531.552978828266
0
0
0
0
0
0
0
0
0
0
0
0
0
0
0
0
0
0
0
0
383.949873196805
0
0
0
0
0
542.116000038393
0
0
0
0
0
0
0
0
0
0
0
0
0
0
0
0
0
0
0
0
0
0
0
0
0
0
0
0
0
0
0
0
0
0
0
0
0
0
0
0
0
0
0
0
0
0
0
0
0
0
0
0
0
0
17.9571839164534
0
0
0
0
0
0
0
0
0
0
1000
0
0
0
0
0
0
0
0
0
0
0
0
0
0
0
0
0
0
0
0
0
0
0
0
0
0
0
0
0
0
0
0
0
0
0
0
0
0
0
644.053717750725
0
0
0
0
0
0
0
0
0
0
0
0
0
0
0
0
466.158115753433
0
0
0
0
0
0
0
0
0
0
0
0
0
0
0
0
0
0
0
0
0
0
0
0
0
0
0
0
0
0
0
0
0
0
0
0
0
0
0
0
0
0
965.544175970004
0
0
0
0
0
0
0
0
0
0
0
0
0
0
0
0
0
0
0
0
0
0
0
0
0
0
0
0
0
0
0
0
0
0
-479.532258074811
1000
1000
1000
1000
1000
-1000
1000
-1000
1000
-1000
0
-1000
1000
-1000
-1000
1000
-1000
1000
-1000
-1000
-1000
1000
-1000
-1000
1000
1000
1000
1000
1000
1000
1000
-1000
-1000
1000
-1000
0
1000
1000
-1000
-1000
-72.1548570850266
1000
-1000
1000
1000
-1000
-1000
-1000
1000
1000
-1000
-1000
0
72.1548570850266
0
0
0
0
0
0
0
1000
0
0
-1000
0
0
0
0
0
-483.730262427651
483.730262427651
-0.486348253137749
0
0
0
0
0
0
0
0
0
152.368836915879
0
0
0
0
0
0
-0.00370349985837493
0.00370349985835243
0
0
-0.00370349985837493
-0.00370349985837493
0
0
0
0
0
0
0
0
0
0
0
0
0
0
0
0
0
0
0
0
0
1000
0
0
0
0
0.00370349985835243
0
0
-1000
1000
391.964122604783
1000
1000
0
0
0
0
-0.00370349985837493
0
0
0
0
0
0
0
0
0
0
0
0
0
0
0
0
0
0
-1000
1000
0
0
0
0
0.00370349985835243
0
0
0
1000
-332.099196817624
0
0
0
0
0
0
-1000
1000
0
0
0
0
0
0
0
0
0
0
0
0
0
0
0
0
0.0255879993691632
0
0
0
0
0
0
0
0
0
0
0
0
0
0
0
0
0
0.00370349985835243
0
0
0
0
0.0249368990462244
0
0
0
0
2.00252352340959
0
0
0
0
0
0
0
-59.1140973314575
0
0
0
-172.343590990642
0
0
0
0
0
0
0
0
0.00370349985837493
1000
489.521426820747
-2.00252352341022
1000
0
0
1000
-1000
-0.147057570462493
0
0
0
0
0
394.842557494918
0
385.548432268866
1000
0
1000
0
0
1000
0
0
0
0
220.032337098015
220.032337098015
-1000
0
1000
0
0
0
0
0
0
0
1000
0
0
0
0
1000
0
360.426782785264
360.426782785264
1000
0
0
0
0
940.885902668542
0
0
0
0
1000
201.067079598781
0
0
0
0
0
0
0
0
193.771774396279
0
0
1.00126176170479
0
0.00370349985835243
-0.00370349985837493
0.00370349985835243
0.00370349985835243
0
0
0.00370349985837493
0
0
-9.29042172619359
1.00126176170477
0
0
-0.0111104995750111
1000
-1000
-1000
-605.16114600494
605.16114600494
1000
0
0
1000
-1000
-1000
1000
0
0
0
0
9.29042172619358
0
0
0
0
0
0
0
0
0
0
0
0
0
0
0
0
0
0
0
0
0
0
0
0
0
0
0.00184638253807715
0
0
0
0
0
0
0
0
0.00370349985835243
0
0
0
0
0
0
0
0
14.8263229216709
0
-118.610583373367
0
0
0
0
0
0
0
0
0
0
0
0
0
-896.215739548304
0
0
0
118.610583373367
0
0
0
0
0
0
0
0
0
0
0
0
0
0
0
0
0
0
0
0
0
0
0
0
0
0
2.3884890390824
0
0
0
0
0
0
0
0
0
0
326.713913873099
0
326.713913873099
0
0
0
0
0
0
0
0
0
0
0
0
0
0
0
0
0
0
0
0
0
0
0
0
0
0
0
0
0
0
0
0
0
0
0
0
0
0
0
0
0
326.713913873099
-326.713913873099
0
0
0
0
0
0
0
0
0
0
0
0
0
0
0
0
0
0
0
0
0
0
0
0
0
0
0
0
0
0
0
0
0
0
0
0
0
0
0
0
0
0
0
0
0
0
0
0
0
0
0
0
0
0
0
0
-999.975063100954
0
0.00184638253813318
0
0.0203209427010052
0
0
-0.0249368990462244
0
1000
0.00461595634521927
0
0
0
0
0
0
0
0
0
0
0
0
0
0
0
0
0
0
0.00370349985835243
0.00370349985835243
0.00370349985835243
-1000
1000
0
-1000
1000
0
0
0
0
0
0
1000
1000
0
0
0
0
0
0
0
0
0
0
-1000
216.79252809472
1000
1000
-1000
1000
-1000
-999.417237801506
0.582762198493697
-792.346512908358
0
0
0
0
0
0
0
0
0
940.885902668542
1000
0
-1000
0.405649527963404
0.00370349985835243
0.00370349985835243
0.00370349985835243
0.00370349985835243
0.00370349985835243
0
0
0
-1000
0
0
0
0
0
0
0
0
0
0.407444455112145
0
0
0
0
1000
0
0
0
0
0
0
0
1000
1000
0
1000
1000
1000
1000
0
0
0
0
0
0
0
0
0
0
0
0
0
0
0
0
0
0
0
0
0
0
0
14.8263229216709
0
0
0
0
0
0
14.8263229216709
0
0
0
0
0
14.8263229216709
0
0
0
0
0
14.8263229216709
0
0
0
0
1000
0
0
0
0
0
0
0
0
0
-1000
0
0
0
0
0
0
0
0
-1000
1000
1000
1000
1000
-958.170580693396
0
0.0101658387416225
0
0
0
0
1000
-1000
-587.546454777053
1000
0
0
0
0
999.97777900085
0
0
0
0
0
0
0.595612233741388
0.595612233741388
-59.1140973314575
-999.973216718416
0
0
0
0
0
0
15.3135103186528
0
1000
0
0
999.996296500142
0
0
0
0
-1000
0.00370349985835243
0
0
0
0
0
0
0
462.621128074853
-1000
0
0
-1000
0
0
0
-1000
0
0.00553914761423146
0
0
-412.453545222947
-552.24973732765
0
-1000
0
0
0
-1000
-1000
216.874919909742
0
0
0
-0.0015048733337153
0
0
447.694206140668
0
0
-172.857299112029
172.857299112029
0
0
-613.883944569369
0
0
0
0
489.521426820747
1000
0
0
-489.521426820747
0
0
0
216.79252809472
0.00542643240115116
0
0
0
0
0
0
0
0
0
0
385.548432268866
394.83885399506
0
0
0
0
0
0
0
0
0
-1000
1000
1000
1000
1000
0
1000
-1000
0
0
0
0
0
0
0
0
0
0
-1000
0.00184638253807715
0.00184638253807715
0
43.9390692814213
-1000
-1000
662.373165315598
662.373165315598
250.043447597589
0
0
0
0
41.829419306604
41.829419306604
41.829419306604
41.829419306604
-41.829419306604
41.829419306604
41.829419306604
41.829419306604
0
0
0
0
0
0
0
0
0
0
0
0
0
-0.0203209427010052
0
0
0
0
0
0
0
0
0
0
0
0
0
0
0
0
0
0
0
0
0
0
0
0
0
0
0
0
0
0
0
0
0
0
0
0
0
0
0
0
0
0
0
0
1000
0
-1000
0
-1000
0
0
0
0
41.829419306604
41.829419306604
-1000
0
0
0
0
0
0
0
0
0
0
0
-1000
0
0
0
0
0
0
0
0
0
0
0
0
0
-896.215739548304
0
0
0
1000
0
0
0
0
0
0
0
0
0
0
0
0
0
0
0
489.523625447272
0
41.829419306604
0
0
0
0
0
0
0
0
0
0
0
0
0
0
0
0
0
0
0
0
0
0
0
0
0
0
0
0
0
0
0
0
0
0
0
0
0
0
0
0
0
0
0
0
0
0
0
0
0
0
0
0
0
0
0
0
0
0
0
0
0
0
0
0
0
0
0
0
0
0
0
0
0
0
0
0
0
0
0
0
0
0
0
0
0
0
0
0
0
0
0
0
0
0
0
0
0
0
0
0
0
0
0
0
0
0
0
0
0
0
0
0
0
0
0
0
0
0
0
0
0
0
0
0
0
0
0
0
0
0
0
0
0
0
0
0
0
0
0
0
0
0
0
0
0
0
0
0
0
0
0
0
0
0
0
0
0
0
0
0
0
0
0
0
0
0
0
0
0
0
0
0
0
0
0
0
0
0
0
0
-1000
0
0
0
0
0
0
0
0
0
0
736.255318429586
0
0
0
0
0
0
0
0
0
1000
0
0
0
68.1699581706196
0
0
-98.4995919778207
0
-1000
0.168683683765721
1000
0
0
0
-1000
-39.2231160367121
0
0
0
0
1000
0.0222209991501146
0
0
0
332.073272318616
0
0
0
0
0
0
0
0
0
0
0
-103.138333321742
0
0
0
0
0
0
0
0
0
-520.467741925189
0
0
0
0
0
0
0
0
999.948226145458
0
0
0
0
0
0
0
0
0
0
0
0
0
0
0
0
0
0
0
0
0
0
0
0
0
0
0
0
0
0
0
0
0
0
0
0
0
0
0
0
0
0
0
0
0
0
0
0
0
0
0
0
0
0
0
0
0
0
0
0
0
0
0
0
0
0
0
0
0
0
0
0
0
0
0
0
0
0
0
0
0
0
0
0
0
0
0
0
0
0
0
0
0
0
0
0
0
0
0
0
0
0
0
0
0
0
0
0
0
0
0
0
0
0
0
0
0
0
0
0
0
0
0
0
0
0
0
0
0
0
0
0
0
0
0
0
0
0
0
0
0
0
0
0
0
0
0
0
0
0
0
0
0
0
0
0
0
0
0
0
0
0
0
0
0
0
0
0
0
0
0
0
0
0
0
0
0
0
0
0
0
0
0
0
0
0
0
0
0
0
0
0
0
0
0
0
0
0
0
0
0
0
0
0
0
0
0
0
0
0
0
0
0
0
0
0
0
0
0
0
0
0
0
0
0
0
0
0
0
0
0
0
0
0
0
0
0
0
0
0
0
0
0
0
0
0
0
0
0
0
0
0
0
0
0
0
250.043447597589
0
0
0
0
0
0
0
0
0
0
0
0
-1000
0
0
0
0
0.00370349985837493
-513.328820878545
-59.1140973314575
0
0
0
0
0
0
0
0
0
0
1000
0
0
0
0
0
0
0
0
0
0
0
0
0
0
0
0
0
0
0
0
0
0
0
0
0
0
0
0
0
0
0
0
0
0
0
0
0
0
0
0
0
0
0
0
0
0
0
0
0
0
0
0
0
0
0
0
0
0
0
0
0
0
0
0
0
0
0
0
0
0
0
0
0
0
0
0
0
0
0
0
0
0
0
0
0
0
0
0
0
0
0
0
0
0
0
0
0
0
0
0
0
0
0
0
0
0
0
0
0
0
0
0
0
0
0
0
0
0
0
0
0
0
0
0
0
0
0
0
0
0
0
0
0
0
0
0
0
0
0
0
0
0
0
0
0
896.861666678258
0
0
-72.1548570850266
1000
0
0
0
0
0
0
0
0
0.00370349985837493
0
0
-70.6533019702119
0
1000
0
69.6344232596863
0
0
0
0
0
0
0
0
0
0
0
0
0
1000
0
-1000
0
0
634.902495532943
0
0
0
0
0
0
0
0
0
0
0
0
0
500
0
0
0
500
0
0
0
0
1000
0
0
0
0
0
0
0
0
0
0
0
0
0
0
0
0
0
0
0
0
0
0
0
0
0
0
0
0
0
0
0
0
0
0
0
0
0
0
0
0
0
0
0
0
0
0
0
0
0
0
0
0
0
0
0
0
0
0
0
0
0
0
0
0
0
0
0
0
0
0
0
0
0
0
0
0
0
0
0
0
0
0
0
0
0
0
0
0
0
0
0
0
0
0
0
0
0
0
0
0
0
500
89.4565183176916
0
0
-1.00126176170477
0
0
477.474166520679
19.7877818518734
43.2522266066039
0.10734782198123
89.4565183176916
0
0
0
0
0
0
0
0
0
1000
-1000
69.6344232596863
0
1000
-510.482276679111
0
59.1140973314575
0
0
0
-14.8263229216709
88.9579375300254
14.8263229216709
-3.76218333436884
0
999.97689874871
0.00370349985837493
0
0
0.0120122212795195
0
0
0
0
0
0
0
0
0
0
0
0
0
0
0
0
0
0
504.349948368943
0
0
0
-1000
1000
70.2795418914684
0.468397659991297
0
-10.9902163405272
-21.5455308716015
-1000
965.544175970004
92.3783735865388
-531.552978828266
-27.2230543011925
-4.72249905850924
-32.2281465010674
-1000
-1000
0
0
0
0
1000
13.3136524482818
-17.9571839164533
-152.368836915879
-13.6542896027651
-10.5630212101271
-24.5115556657686
395.448997037329
34.4558240299959
-1000
0
-1000
1000
1000
0
-500
1000
0
998.57453539265
1000
0
0
0
0
0
0
1000
-128.748520591144
0
-1000
0
0
0
0
0
0
0
-0.00370349985837493
999.996296500142
-1000
0
0
0
0
0
0
0
0
0
0
0
0
0
0
0
520.467741925189
479.532258074811
0
1000
0
0
1000
1000
1000
-0.00370349985837493
0
-1.02075254791589
-608.035877395217
0
0
-0.00370349985837493
0
-0.00370349985837493
0
0
-500
-0.00370349985837493
0
0
0
-0.00370349985837493
0
0
0
0
0
1000
0
0
0
0
0
-72.1548570850266
0
0
0
0
0
1000
0
0
0
0
0
0
1000
-1000
-385.639343184602
0
0
0
0
1000
0
0
-0.00370349985837493
-1000
0
0
0
0
0
0
0
0
0
0
0
1000
0
-332.099196817624
-1.00126176170477
-0.486348253137749
-516.269737572349
-483.730262427651
500
0
0
1000
0
0
0
72.1548570850266
0
0
0
0
0
0
1000
0
500
-1000
0
-520.347765035942
-1000
-24.2097848360045
0
0
392.064611659839
24.2097848360045
1000
-1000
1000
0
0
0
0
-1000
0
1000
-1000
-462.617424574995
0
0
0
0
0
-0.00370349985837493
-1000
0
-1000
0
0
537.378871925147
1000
-673.286086126901
0
0
0
0
0
156.918029553805
1000
500
-761.98826464301
-729.541694594863
0
0
0
0
0
0
0
0
1000
0.0249368990462244
0
1.67441200063081
1.09849512666631
13.7
-1000
1.87780311832728
4.51573224600554
0.0857037033293864
2.01166860319893
0.0130935649760886
0.100000000000023
0
0
294.9
68.5999999999999
0.498495126666285
-896.861666678258
5.59548537999876
1.19849512666622
0.100000000000023
-37.0403296382736
0
0.298495126666239
103.1
374.6
0
0
0
-15.3135103186528
2.99849512666628
0.0851681092628951
0
-14.7278277950046
0.0984951266663074
0.100000000000023
0.0969902533324785
2
28.3
0.100000000000023
0
0
0
-1000
1000
-614.360656815398
614.360656815398
-1000
1000
-0.00370349985837493
0
613.883944569369
-613.883944569369
562.636663887401
0
0
385.639343184602
0
0
-562.6366638874
0
0
0
0
0
0
0
0
0
0
0
0
0
0
0
0
1000
-1000
-43.9390692814212
43.9390692814213
1000
-1000
1000
-1000
-1000
0
500
-1000
0.198495126666216
0.698495126666216
0
0
0
0
896.861666678258
999.831316316234
-1000
1000
0.0222209991501359
0
0
0
332.073272318616
0
1000
-1000
0
0
0
-1000
-520.467741925189
0
0
0
0
0
0
0
0
0
0
0
0
0
0
0
0
0
0
0
0
0
0
0
0
0
0
0
0
0
0
0
0
0
0
0
0
0
0
0
0
0
0
0
0
0
0
0
0
0
0
0
0
0
0
0
0
0
0
0
0
0
0
0
0
0
0
0.0984951266663074
3.39999999999998
0.100000000000023
0
0
999.948226145458
0
0
0
0
0
0
0
0
0
0
0
0
0
0
0
0
0
0
0
0
0
0
0
0
0
0
0
0
0
0
0
0
0
0
0
0
0
0
0
0
0
0
0
0
0
0
0
0
0
0
0
0
0
0
0
0
0
0
0
0
0
0
0
0
0
0
0
0
0
0
0
0
0
0
0
0
0
0
0
0
0
0
0
0
0
0
0
0
0
0
0
0
0
0
0
0
0
0
0
0
0
0
0
0
0
0
0
0
0
0
0
0
0
0
0
0
0
0
0
0
0
0
0
0
0
0
0
0
0
0
0
0
0
0
0
0
0
0
0
0
0
0
0
0
0
0
0
0
0
0
0
0
0
0
0
0
0
0
0
0
0
0
0
0
0
0
0
0
0
0
0
0
0
0
0
0
0
0
0
0
0
0
0
0
0
0
0
0
0
0
0
0
0
0
0
0
0
0
0
0
0
0
0
0
0
0
0
0
0
0
0
0
0
0
0
0
0
0
0
0
0
0
0
0
0
0
0
0
0
0
0
0
0
0
0
0
0
0
0
0
0
0
0
0
0
1000
0
0
0
0
0
0
0
72.1548570850266
-1000
-412.453545222947
0
0
1000
513.328820878545
0
0
0
0
0
0
0
0
0
0
0
0
0
0
0
0
0
0
0
0
0
0
0
0
896.861666678258
0
-1000
0
-929.346698029788
-0.00370349985837493
0
69.6344232596864
0
0
0
0
0
500
634.916364871543
-1000
-1000
0
0
0
-134.902495532943
0
0
0
0
0
0
0
0
0
0
0
0
0
0
0
0
0
0
0
0
0
0
0
0
0
0
0
0
0
0
0
0
0
0
0
0
0
0
0
0
0
0
0
0
0
0
0
0
4.79999999999995
1.59849512666631
1.59849512666631
0.0984951266663074
0.100000000000023
0.0984951266663074
0.100000000000023
0.100000000000023
0.0984951266663074
0.0984951266663074
0.0984951266663074
0.0984951266663074
216.891023221386
0.0969902533324785
0.0984951266663074
0.100000000000023
0.0984951266663074
0.0984951266663074
0.5
0.0984951266663074
0.100000000000023
0.198495126666216
0.0984951266663074
0.0984951266663074
0
-1000
89.4565183176915
0
0
0
0
0
0
0
