0
0
0
0
0
0
0
0
-1000
1000
0
52.1254479315894
0
0
999.823356550883
0
999.823356550883
-999.823356550883
999.95945888053
0
0.0405411194695942
0
-1000
-51.8706180377806
0
1000
50.4271038347156
0
-54.6527841137543
0.0166955864431143
0
0
0
0
0
0.022326663489253
0
30.0380766276457
30.0380766276457
24.3282652216711
30.0380766276457
30.0380766276457
30.0380766276457
30.0380766276457
30.0380766276457
465.456820963282
0
465.456820963282
0
465.456820963282
0
465.456820963282
0
465.456820963282
0
465.456820963282
0
0
465.456820963282
0
0
0
0
0
0
355.033550390212
0
0
0
0
0
0
0
2.26474827543586
2.26474827543586
0
0
0
0
0
0
-1000
0
260.46249501841
0
0
0
0
0
0
0
0
0
0
0
0
0
0
0
0
0
0
0
0
0
0
0
0
0
0
0
0
0
0
0
0
0
0
0
0
0
0
0
0
0
0
0
0
0
0
1000
0
0
1000
0
0
0
0
0
0
1000
0
0
0
-10.1495797605653
0
0
0
0
-1000
0
0
0
0
0
0
-204.549111037027
-306.817874967045
1000
-102.274555518514
0
0
0
-1000
-102.274555518514
-102.274555518514
1000
-1000
0
0
1000
0
0
0
0
0
-619.739446044715
-1000
0
0
0
0
0
-2.72739797281463
0
0
0
0
0
0
0
2.84322974272777
-1000
0
0
0
1000
0
0
0
0
997.269706232938
997.269706232938
0
0
0
0
-1000
0
-68.0399299427131
0
16.2087737833489
0
0
997.735251724564
0
0
0
0
0
0
-306.817874967045
0
0
-1000
0
388.270823055244
0
0.319825052397148
0.319825052397154
0
0.00579158849565632
6.69979881135112
0
1000
0
0
0
-1000
0
1000
0
0
0
0
0
0
0
0
0
0
-1000
0
997.598218668078
1000
-1000
-1000
1000
-1000
328.260657452726
-19.4624534712241
-1000
-0.670358101211036
1000
0
6.22006123275531
-0.479737578595746
932.91664942023
1000
-1000
395.616063559885
0
328.575927094358
1000
1.8254092725599
0.124519152656611
0
-0.124519152656603
0
0.00123617773061372
0
0
0
0
0
0
0
0
0
659.590568127109
0
0
0
0
0
0
0
-1000
0
1000
0
0
0
0
0
-0.124519152656603
0
-0.479737578595746
0
0
0.479737578595746
0
0
0
0
6.22006123275537
0
0
-1000
0
0
0
-1000
0.479737578595746
0
-2.2705398639315
-0.670358101211036
0
6.22254077529637
0
0
0
0
0
0
0
0
0
0
0
1000
0
0
0
1.59912526198577
6.73189810663672
0
0
0
0
0
6.22006123275531
0
0
0
1000
741.95337613946
68.0428257369608
-1000
1000
1000
-1000
1000
0
-1000
1000
-1000
-1000
328.574690916627
1000
6.22006123275537
-1000
0
0
0
0
-1000
6.22006123275537
1000
1000
-932.916649420231
-1000
1000
0
0
-1000
0
0
0
0
0
0
0
0.670358101210987
-1000
-1000
0.0057915884956401
1000
1000
-1000
-1000
-1000
1000
1000
1000
0
1000
-1000
-1000
-1000
0
1000
-1000
-1000
1000
1000
-1000
1000
1000
0
0
0
0
0
0
0
0
-1000
0
0
0
0
1000
0
0
34.6913635411875
455.073294814666
0
0
0
0
0
0
0
0
0
0
510.167987412028
0
0
0
0
0
0
1000
-988.094054248177
-11.9059457518232
0
11.9059457518232
0
0
0
0
0
0
0
0
0
0
0
0
0
0
0
0
0
0
0
0
0
0
0
0
0
0
0
0
0
0
0
0
0
0
0
0
0
0
1000
-0.00247954254109573
0.0723948561957286
0.0723948561957286
0
0.479737578595746
0
0
0
0
0
0
0
0
0
0
0
0
0
0
0
0
-510.55098321716
0
0
0
0
0
0
0
0
0
0
0
0
0
0
0
0
0
0
0
0
0
0
0
0
0
0
0
0
0
0
0
0
0
0.112935975665298
0
0
0
1000
0
0
0
0
0
0
-1000
0
0
0
0
0
0
0
0
0
0
0
0
0
0
0
0
0
0
0
0
0
0
0
0
0
0
0
0
0.112935975665298
0
0
0
0
0
0
0
0
0
1000
0
0
0
0
0
0
0
0
0
0
0
0
0
0
0
0
0
0
0
0
0
0
0.00247954254105658
0
0
0
0
0
0
0
0
0
-1000
0
0
0
0
0
0
0
0
0
0
0
0
0
22.4313145586452
0
22.4313145586452
0
0
0
0
0
0
0
0
0
0
0
0
0
0
0
0
0
0
0
0
0
0
-1000
0
0.00289579424782816
500
0
0
0
0.524138758856897
0.524138758856897
0
0
0
0
0
0
0
0
0
0
0
0
0
0
0
0
0
0
0
0
0
0
0
0
0
0
0
0
0
-1000
0
0
0
0.00247954254109573
0
0
-1000
0
0
0
0
1.50581300887064
0
0
1.50581300887064
0
0
0
0
0
0
0
0
0
0
1.50581300887064
0
1.50581300887064
0
0
0
8.98287653604337
25.6059932575471
16.3673764642498
11.9878245587767
17.7739478791463
5.85005838468305
13.6821037630839
25.0305776787258
23.0485906850081
7.28859733173626
14.1296492132782
29.1224217947883
22.9846556206946
7.09679213879583
11.7640518336796
16.3034413999364
21.1305387556038
17.1026297038548
3.13281815136032
21.3223439485442
0
0
0
0
0
0
0
0
0
0
0
0
0
0
0
0
0
0
0
0
0
0
0
0
0
0
0
0
0
0
0
0
0
0
0
0
0
0
0
0
0
0
0
0
0
0
0
0
0
0
0
0
0
0
0
0
0
0
0
0
0
0
0
0
0
0
0
0
0
0
743.993072494869
0
0
0
0
0
0
0
0
0
0
0
0
0
0
0
0
0
0
0
0
0
-1000
0
0
0
0
0
1000
1000
-258.046623860541
-258.046623860541
999.895751407078
0
0
0
0
0
0
34.6913635411875
-1000
-1000
-1000
0
-489.44901678284
510.55098321716
-34.4568042071132
1000
1000
999.901542995574
1000
0
0
1000
0
-1000
-1000
-1000
0
0
0
510.55098321716
510.55098321716
489.44901678284
0
0
0
0
0
0
0
0
0
0
0
-1000
252.499400271537
1000
1000
0
500
517.319911178235
0
5
0
0
0
0
0
0
489.450488792617
0
0
0
0
-0.00100753276433352
0
0
0
0
-0.00100753276433352
0
251.796808117293
0
-0.00201506552866704
0
-0.00100753276433352
-0.374695484146969
0
-0.062970797769708
0
-1000
-0.390167062981277
0.00100753276433352
-0.00100753276433352
-0.00100753276433352
0.00100753276433352
-0.00100753276433352
0.00100753276433352
-0.00100753276433352
-0.00100753276433352
-0.00100753276433352
-0.00100753276433352
-0.00100753276433352
-0.00100753276433352
-0.00100753276433352
-0.00100753276433352
-0.00100753276433352
-0.00100753276433352
-0.00100753276433352
-0.0211581880506628
-0.00993014863058761
-0.0289665669740771
-0.0292184501651036
-0.0148611082736352
0.00100753276433352
0.00100753276433352
-0.056418385003326
0.00100753276433352
0.00100753276433352
0.00100753276433352
0.00100753276433352
-0.482356310916089
-42.1544136011338
-0.0541548860819603
-0.272789495938468
-0.0171315067916566
0.00100753276433352
0.00100753276433352
0.00957156126105474
0.00100753276433352
0.00100753276433352
-0.00100753276433352
0
0
0
0
0
0
0
0
0
0
0
0
0
0
0
0
0
0
0
0
0
0
0
0
0
0
0
0
0
0
0
0
0
0
0
0
0.00363306885367365
0
0
0
0
0
0
0
0
0
0
0
0
0
0
0
0
0
0
0
0
0
0
0
0
0
0
0
0
0
0
0
0
0
0
0
0
0
0
0
1000
0
0
0
0
0
0
0
0
0
0
0
0
0
0
0
0
0
0
0
0
0
0
0
0
0
0
0
0
0
0
0
0
0
0
0
0
0
0
0
0
0
0
0
0
0
0
0
0
0
0
0
0
0
0
0
0
0
0
0
0
0
0
0
0
0
0
0
0
0
0
0
0
0
0
0
0
0
0
0
0
0
0
0
0
0
0
0
0
0
0
0
0
0
0
0
0
0
0
0
0
0
0.00100753276431571
0.00100753276431571
447.305394869553
551.277502008338
0.00100753276431571
0
0
0
0
0.00100753276431571
0
0
0.00100753276431571
0
0
0
0
0
0
0
0
0
0
0
0
0
0
0
0
0
0
0
0
0
0
0
0
0
0
0
0
0
0
0
0
0
0
0
0
0
0
0
0
0
0
0
0
0
0
0
0
0
0
0
0
0
0
0
0
0
0
0
0
0
0
0
0
0
0
0
0
0
0
0
0
0
0
0
0
0
0
0
0
0
0
0
0
0
0
0
0
0
0
0
0
0
0
0
0
0
0
0
0
0
0
0
0
0
0
0
0
0
0
0
0
0
0
0
0
0
0
0
0
0
42.1471089885925
42.1471089885925
42.1471089885924
-42.1471089885925
42.1471089885925
42.1471089885924
42.1471089885925
0
0
0
0
0
0
0
0
0
0
0
0
0
0
0
0
0
0
0
0
0
0
0
0
0
0
0
0
0
0
0
0
0
0
0
0
0
0
0
0
0
0
0
0
0
0
0
0
0
0
0
361.031980687638
0
638.968019312362
0
361.031980687638
0
0
0
-638.968019312362
0
0
0
0
0
0
0
0
0
0
0
-1000
0
0
0
0
0
0
0
0
0
0
0
0
0
0
0
0
0
0
0
0
0
0
1000
0
0
0
0
0
0
0
0
0
0
0
0
0
0
0
0
0
0
0
0
0
0
0
0
0
0
0
0
0
0
0
0
0
0
0
0
0
0
0
0
0
0
0
0
0
0
0
0
0
0
0
0
0
0
0
0
0
0
0
0
0
0
0
0
0
0
0
0
0
0
0
0
0
0
0
0
1000
1000
0
0
0
0
0
0
0
0
0
0
0
0
0
0
0
0
0
0
0
0
0
-1000
0
-1000
0
0
0
0
0
0
0
0
0
0
0
1000
1000
0
0
0
0
0
0
0
0
0
0
0
0
0
0
0
0
0
0
0
0
0
0
0
0
0
0
0
0
0
0
0
0
0
0
0
0
0
0
0
0
0
0
0
0
0
0
0
0
0
0
0
0
0
0
0
0
0
0
0
0
0
0
0
0
0
0
0
0
0
0
0
0
0
0
0
0
0
0
0
0
0
0
0
0
0
0
31.9603438790621
0
0
0.00100753276433352
0
1000
0
0
447.304387336789
0
552.659089600505
0
-299.4255314722
0
0
0
0.00363306885367365
0.389159530216943
0
-999.610840469783
999.998992467236
0
0
0
0
0
0
0
0
0
0
0
0
0
-1000
0.00363306885367365
0
0
0
-0.013605142116603
0
0
0
0
-42.1471089885925
0
0
0.013605142116603
0
0
0
0
0
489.450488792617
1000
0
-489.450488792617
-489.450488792617
0
-1000
1000
-0.014877255246347
0
0
0.00100753276433352
-0.00100753276433352
0
0
447.340910399495
-447.340910399495
1000
0
0
0
-447.304387336789
-447.304387336789
-1000
0
-447.340910399495
-552.659089600505
-1000
0
-748.203191882707
-251.796808117293
251.811685372539
0
0
0
0
0
-1000
0
-0.389159530216943
0
0
0
-999.610840469783
999.610840469783
-1000
0
0
0
-1000
0
0
0
-1000
0
0
0
0
0
0
0
0
0
0
0
0
0
0
0
0
0
0
0
-1000
1000
-1000
0
-1000
0
-1000
0
-1000
0
0
0
0
0
0
0
0
0
-1000
0
957.852891011407
42.1471089885924
-1000
0
-1000
0
-1000
0
-1000
0
0
0
0
0
0
0
0
0
-1000
0
0
0
0
0
0
0
0
0
0
0
0
0
0
0
0
0
0
0
0
0
0
0
0
0
0
0
0
0
0
0
0
0
0
0
0.00363306885367365
-0.00363306885367365
0
0
0
0
0
0
0
0
0
0
0
0
0
0
0
0
0
0
0
0
0
0
0
0
0
0
0
0
0
0
0
0
0
0
0
0
0.00363306885367365
-0.00363306885367365
0
0
0
0
0
0
0.013605142116603
0.013605142116603
0
0
0
0
0
0
0
0
0
0
0
0
0
0
0
0
-0.013605142116603
-0.013605142116603
0
0
0
0
0
0
0
0
0
0
0
0
0
0
0
0
0
0
0
0
0
0
0
0
0
0
0
0
0
0
0
0
0
0
0
0
0
0
0
0
0
0
0
0
0.812113668067855
0.00247954254105658
0
0
0
0
0
0
0
0
0.102181109624295
0
0
0
0
0
0
0
0
0
0
0
0
0
0
0
0
0
0
0
0
0
0
0
0
0
0
0
0
0
0
0
0
0
0
0
0
0
0
0
0
0
0
0
0
0
0
0
0
0
0
0
0
0
0
0
0
0
0
0
0
0
0
0
0
0
0
0
0
0
0
0
0
0
0
0
0
0
0
0
0
0
0
0
0
0
0
0
0
0
0
0
0
0
0
0
0
0
0
0
0
0
0
0
0
0
0
447.340910399495
447.340910399495
447.340910399495
0
0
0
0
0
447.303379804024
447.303379804024
447.303379804024
0
0
0
0
0
0
0
0
0
0
0
0
0
0
0
0
0
0
0
0
0
0
0
0
0
0
0
0
0
0
0
0
0
0
0
0
0
0
0
0
0
0
0
0
0
0
0
0
0
0
0
0
0
0
0
0
0
0
0
0
0
0
0
0
0
0
0
0
0
0
0
0
0
0
0
0
0
0
0
0
0
0
0
0
0
0
0
0
0
0
0
0
0
0
0
0
0
0
0
0
0
0
0
0
0
0
0
0
0
0
0
0
0
447.304387336789
447.304387336789
447.304387336789
447.304387336789
-447.304387336789
0
0
0
0
0
42.1471089885925
42.1471089885925
42.1471089885925
0
0
0
0
0
42.1471089885925
42.1471089885925
42.1471089885925
0
42.1471089885925
-42.1471089885925
0
0
0
0
0
0
0
0
0
0
0
0
0
0
0
0
0
0
0
0
0
0
0
0
0
0
0
0
0
0
0
0
0
0
0
0.00247954254105658
0.00247954254105658
0.00247954254105658
0.00247954254105658
0.00247954254105658
0
0
0
0
0
0
0
0
0
0
0
0
0
0
0
0
0
0
0
0
0
0
0
0
0
0
0
0
0
0
0
0
0
0
0
0
0
0
0
0
0
0
0
10.1495797605653
10.1495797605653
-10.1495797605653
3.3774076542593
-1.6874640558591
1.68746405585912
1.68746405585912
1.68746405585912
0
0
0
0
0
0
0
0
0
0
0
0
0
0
0
0
0
0
0
0
0
1.68746405585912
1.68251934493667
1.68746405585912
1.68746405585912
1.68746405585912
1.68746405585912
1.68746405585912
1.68746405585912
1.68746405585912
1.68746405585912
1.68746405585912
1.68746405585912
1.68746405585912
1.68746405585912
1.68746405585912
1.68746405585912
1.68746405585912
1.68746405585912
10.1495797605653
10.1495797605653
3.3774076542593
3.3774076542593
0
0
0
0
0
0
0
0
0
0
0
0
0
0
0
0
0
0
0
0
0
0
0
0
0
0
0
0
0
0
0
0
0
0
0
0
0
0
0
0
0
0
0
0
0
0
0
0
0
0
0
0
0
0
0
0
0
0
0
0
0
0
0
0
0
0
0
0
0
0
0
0
0
0
0
0
0
0
0
0
0
0
0
0
0
0
0
0
0
0
0
0
0
0
0
0
0
0
0
0
0
0
0
0
0
0
0
0
0
0
0
0
0
0
0
0
0
0
0
0
0
0
0
0
0
0
0
0
0
0
0
0
0
0
0
0
0
0
0
0
0
0
0
0
0
0
0
0
0
0
0
0
0
0
0
0
0
0
0
0
0
0
0
0
0
0
0
0
0
0
0
0
0
0
0
0
0
0
0
0
0
0
0
0
0
0
0
0
0
0
0
0
0.812113668067855
0.821399375207117
0.821399375207117
0
0
0
0
-0.821399375207079
0
0
0
0.00928570713926113
0
0
0.00928570713926113
0
0
0
0
0
0
0
0
0
0
0
0
0
0
0
0
0
0
0
0
0
0
0
0
0
0
0
0
0
0
0
0
0
0
0
0
0
0
0
0
0
0.821399375207117
0
0
0
0
0
0
0
0
0
0
0
0
0
0
0
0
0
0
0
0
0
0
0
0
0
0
0
0
0
0
0
0
0
0
0
0
0
0
0
0
0
0
0
0
0
0
0
0
0
0
0
0
0
0
0
0
0
0
0
0
0
0
0
0
0
0
0
0
0
0
0
0
0
0
0
0
0
0.812113668067855
0.00247954254105658
0
0
0
0
0
0
0
1.0691284341448
0
0
0
0.670358101210987
0.670358101210987
0.670358101210987
0
0
0
0
0
0
0.916774320233207
0
0
0
0.00247954254105658
0
0
0
0
-0.91677432023323
0.916774320233207
0
0
0
0
0.25171549254958
0
0
0
0
0
0.159160278509793
0
0.152354113911588
0
0
0
0
0
0
0
0
0
0
7.47462531034069
7.47462531034069
7.47462531034069
0
0
0
0
-0.102181109624325
0
0
0
0
0
0
0
0
0
0
0
0
0
0
0
0
0
0
0
0
0
0
0
0
0
0
0
0
0
0
0
0
0
0
0
0
0
0
0
0
0
0
0
0
0
0
0
0
0
0
0
0
0
0
0
0
0
0
0
0
0
0
0
0
0
0
0
0
0
0
0
0
0
0
0
0
0
0
0
0
0
0
0
0
0
0
0
0
0
0
0
0
0
0
0
0
0
0
0
0
0
0
0
0
0
0
0
0
0
0
0
0
0
0
0
0
0
0
0
0
0
0
0
0
0
0
0
0
0
0
0
0
0
0
0
0
0
0
0
0
0
0
0
0
0
0
0
0
0
0
0
0
0
0
0
0
0
0
0
0
0
0
0
0
0
0
0
0
0
0
0
0
0
0
0
0
0
0
0
0
0
0
0
0
0
0
0
0
0
0
0
0
0
0
0
0
0
0
0
0
0
0
0
0
0
0
0
0
0
0
0
0
0
0
0
0
0
0
0
0
0
0
0
0
0
0
0
0
0
0
0
0
0
0
0
0
0
0
0
0
0
0
0
0
0
0
0
0
0
0
0
0
0
0
0
0
0
0
0
0
0
0
0
0
0
0
0
0
0
0
0
0
0
0
0
0
0
0
0
0
0
0
0
0
0
0
0
0
0
0
0
0
0
0
0
0
0
0
0
0
0
0
0
0
0
0
0
0
0
0
0
0
0
0
0
0
0
0
0
0
0
0
0
0
0
0
0
0
0
0
0
0
0
0
0
0
0
0
0
0
0
0
0
0
0
0
0
0
0
0
0
0
0
0
0
0
0
0
0
0
0
0
0
0
0
0
0
0
0
0
0
0
0
0
0
0
0
0
0
0
0
0
0
0
0
0
0
0
0
0
0
0
0
0
0
0
0
0
0
0
0
0
0
0
0
0
0
0
0
0
0
0
0
0
0
0
0
0
0
0
0
0
0
0
0
0
0
0
0
0
0
0
0
0
0
0
0
0
0
0
0
1000
0
0
0
0
336.374414029993
0
0
0
0
0
0
0
0
0
0
0
0
0
0
0
0
0
0
0
0
0
0
0
0
0
0
0
0
0
0
0
0
0
0
0
0
0
0
0
0
0
0
0
0
0
0
0
0
0
0
0
0
0
0
0
0
0
0
0
0
0
0
0
0
0
0
0
0
0
0
0
0
0
0
0
0
0
0
0
0
0
0
0
0
0
0
0.112935975665298
0.112935975665298
0
0
0
0
0.112935975665323
0
0.112935975665298
0
0
0
0
0
0.017374765486969
0
0
0
0
0
0
0
0
0
0
0
0
0
0.683407442487361
0
0
0
0
0
0
0.683407442487361
0.683407442487361
0.683407442487361
0.683407442487351
0
0
0
0
0
0
0
0
0
0
0
0
0
0
0
0
0
0
0
0
0
0
0
0
0
0
0
0
0
0
0
0
0
0
0
0
0
945.217584324137
945.217584324137
0
0
0
0
0
0
0
0
0
0
0
0
0
0
0
0
0
0
0
0
0
0
0
0
0
0
0
0
0
0
0
0
0
0
0
0
0
0
0
0
0
0
0
0
0
0
0
0
1000
-1000
757.790619421869
0
0
0
-1000
-964.3437260725
1000
0
0
0
0
-1000
757.310881843273
0
0
0
0
0
0
0
0
0
0
0
0
0
0
0
0
0
0
0
0
0
0
0
0
0
0
0
0
0
0
0
0
0
0
0
0
0
0
0
0
964.3437260725
0
0
0
0
0
0
0
0
0
0
0
0
0
0
0
0
0
-999.997520457459
999.997520457459
1000
999.997520457459
1000
-1000
-1000
0
0
0
0
0
0
0.00247954254109573
0
0
0
0
0
0
0
0
0
0
0
0
0
0
0
0
0
0
0
0
0
0
0.00185426659592058
0.00247954254105658
0.0068061645982046
-999.990714292861
0.00123617773061372
0.00123617773061372
0.00247954254109573
0
0.000618088865306859
0.00123617773061372
0.0105218848698837
-0.00123617773056139
0.00123617773061372
0.00123617773061372
0.00123617773061372
0.00123617773061372
0.00123617773061372
-0.00123617773056139
-0.00247235546123648
-999.988249124479
0.00123617773061372
0.00123617773061372
0.00123617773056139
0.00123617773061372
-0.00371572027165712
-999.985769581938
0.00247954254109573
0.00123617773061372
0.00123617773061372
0
0
0.00247954254105658
0.00247954254105658
-0.00247954254109573
-0.00247954254109573
0.00247954254109573
0.00247954254109573
0.00123617773061372
0.00123617773061372
0.00123617773061372
0.00123617773061372
-0.00371572027165712
1000
0
0
0
0
0
0
-1000
0
0
0
0.00247954254105658
0
0
0
0
0.00123977127052829
0.00247954254109573
0.00247954254109573
0
0
0.00247954254105658
0.00247954254105658
0
0
0
0
0
0
0.00494471092245487
0.00123617773061372
0.00370853319184115
0.00123617773061372
-0.00123617773056139
0.00123617773061372
0.00123617773061372
0.00123617773061372
0.00123617773061372
0.00123617773061372
0.00123617773061372
0.00247235546122743
0.00123617773061372
0.00123617773061372
0.00123617773061372
0.00123617773061372
0.00123617773061372
0
0.00123617773061372
0.00247954254105658
0.00247954254105658
0.00247954254105658
0.00247954254105658
0.00247954254105658
0.00247954254105658
0.00247954254105658
0.00247954254105658
0.00247954254105658
0.00247954254105658
0.00247954254105658
0.00247954254105658
0.00247954254105658
0.00247954254105658
0
0
0
0
0
0
0
0
0
0
0
0
0
-0.00247954254109573
0.00247954254105658
0.00247954254105658
0
0
0
0
0
0
0
0
0
0
0
0
0
0
0
0
0
0
0
0
0
0
0
0
0
0
0
0
0
0
0
0
0
0
0
0
0
0
0
0
0
0
0
0
0
0
0
0
0
0
0
0
0
0
0
0
0
0
0
0
0
0
0
0
525.591464832422
0
0
0
0
0
0
0.00247954254105658
0
0
0
0
0
0
0
0
0
0
0
0
0
0
0
0
0
0
0
0
0
-455.116363989465
0
0
0
-489.450488792617
0
0
0
0
0
0.00100753276431571
0
0
0
0
0
0
0
0
0
0.00100753276431571
0
0
0
0
0
0
0
0.00201506552863141
0
0
0
0.00100753276431571
0
0.374695484146913
0
0
0
0.0629707977697317
0
0
0
0.00100753276433352
0
0.390167062981258
0
0.00100753276431571
0
0.00100753276431571
0
0.00100753276431571
0
0.00100753276431571
0
0.00100753276431571
0
0.00100753276431571
0
0.00100753276431571
0
0.00100753276431571
0
0.00100753276431571
0
0.00100753276431571
0
0.00100753276431571
0
0.00100753276431571
0
0.00100753276431571
0
0.00100753276431571
0
0.00100753276431571
0
0.00100753276431571
0
0.00100753276431571
0
0.0211581880506298
0
0.00993014863060825
0
0.0289665669740766
0
0.0292184501651555
0
0.0148611082736567
0
0.00100753276431571
0
0.00100753276431571
0
0.0564183850033616
0
0.00100753276431571
0
0.00100753276431571
0
0.00100753276431571
0
0.00100753276431571
0
0.482356310916145
0
42.1544136011338
0
0.0541548860819693
0
0.272789495938478
0
0.017131506791685
0
0.00100753276431571
0
0.00100753276431571
0
0.00957156126099922
0
0.00100753276431571
0
0.00100753276431571
0
0.00100753276431571
0
0
663.703147235278
0
0
0.00928570713927002
1000
0
0
0
0
0
-22.4313145586452
-1000
1000
0
0
16.2087737833489
2.84322974272777
-309.548168734108
0
944.300810003904
-1000
-1000
-1000
0
0
1000
0
0
0
0
0
-340.409431872891
1000
0
0
0
0
1000
1000
-0.00247954254109573
0
0
0
-0.670358101211036
338.13646646666
1000
0
0
0
495.511593177371
1000
-1000
334.795988327113
-1000
323.026648750394
0
1000
0
0
-1000
0
0
1000
1000
-1000
1000
0
-1000
0
0
-1000
0
1000
1000
0
0
0
0
0
0
0
0
0
0
0
0
0
0
688.555781530865
0
76.9696870493684
0
0
0
0
0
136.711851940583
0
0
0
0
1000
0
0
0
0
0
0
0
0
0
-1000
1000
-1000
-1000
1000
65.7112991934821
-990.858271032033
-1000
-1000
-669.5276642646
-1000
1000
1000
543.453059834432
-1000
-29.9376702275083
-1000
-1000
-996.725287930496
1000
-1000
-1000
-1000
1000
1000
1000
1000
1000
1000
23.5000051798438
-1000
1000
-1000
-1000
-1000
-1000
-1000
1000
955.865874648871
1000
-1000
1000
-1000
-1000
1000
-1000
-1000
-1000
-1000
-1000
-1000
-1000
-1000
1000
-1000
-1000
-1000
-15.2273780326798
-1000
-1000
-1000
-1000
-1000
-1000
-1000
-1000
-1000
1000
-1000
-1000
-1000
-1000
-1000
1000
1000
-1000
-1000
-1000
-1000
1000
-934.288700806518
-1000
1000
-1000
-1000
1000
1000
1000
-1000
1000
1000
1000
1000
991.844705524587
1000
1000
-1000
1000
-1000
-1000
-1000
-1000
-970.582207191933
-1000
-1000
-1000
-1000
-1000
985.574979773443
1000
1000
-514.035267026365
1000
-1000
1000
1000
-1000
-1000
-1000
-1000
-1000
-7.35809639368415
30.4267300475658
11.9059457518232
1000
-28.3167591297904
-1000
-1000
0
0
0
0
0
0
0
0
0
0
0
0
0
0
0
0
0
0
0
0
0
0
0
0
0
0
0
0
0
0
27.5059886401666
0
0
0
0
0
0
0
0
0
0
0
0
0
0
0
0
0
0
0
0
0
0
0
0
0
0
0
0
0
0
0
0
0
0
0
0
0
0
0
0
0
0
0
0
0
0
0
0
0
0
0
0
0
0
0
0
0
0
0
0
0
0
0
0
0
0
0
0
0
0
0
0
0
0
0
0
0
0
0
0
0
0
0
0
0
0
0
0
0
0
0
0
0
0
0
0
0
0
0
0
0
0
0
0
0
0
0
0
0
0
0
0
0
0
0
0
0
0
0
0
0
0
0
0
0
0
0
0
0
0
0
0
0
0
0
0
0
0
0
0
0
0
0
0
0
0
0
0
0
0
0
0
0
0
0
0
0
0
0
0
0
0
0
0
0
0
0
0
0
0
0
0
0
0
0
0
0
0
0
0
0
0
0
0
0
0
0
0
0
0
0
0
0
0
0
0
0
0
0
0
0
0
0
0
0
0
0
0
0
0
0
0
0
0
0
0
0
0
0
0
0
0
0
0
0
0
0
0
0
0
0
0
0
0
0
0
0
0
0
0
0
0
0
0
0
0
0
0
0
0
0
0
0
0
0
0
0
0
0
0
0
0
0
0
0
0
0
0
0
0
0
0
0
0
0
0
0
0
941.256510822644
0
0
0
0
0
0
0
0
0
0
0
0
0
0
0
-1000
1000
1000
1000
-1000
1000
1000
1000
-1000
-1000
1000
-1000
0
1000
1000
-1000
1.16121349337902
-1000
1000
-1000
1000
1000
-1000
-0.526250562480072
-1000
-1000
-1000
-544.883636010535
1000
-1000
-1000
-1000
-1000
-1000
1000
0
1000
-1000
-1000
-1000
-1000
1000
-1000
-1000
-1000
1000
-1000
1000
-1000
1000
-1000
-1000
-1000
-1000
-1000
0
0
0
0
0
0
0
1000
0
0
-1000
0
0
0
0
0
-1000
-1000
0
1000
0
0
0
0
1000
0
0
0
0
0
0
0
0
0
0
-0.00247954254109573
0.00247954254105658
0
0
-0.00247954254109573
-0.00247954254109573
0
0
0
1000
0
0
0
0
0
0
0
0
0
0
0
0
0
0
0
0
0
0
0
0
0
0
0.00247954254105658
0
0
1000
-1000
-419.174415376613
-580.825584623387
-1000
0
0
0
0
-0.00247954254109573
0.251715492549579
0
0
0
0
0
0
0
0
0
0
0
0
0
0
0
0
0
0
762.733472839883
0
0
-465.456820963282
465.456820963282
0.00247954254105658
0
0
0
0
-519.279352508217
0
0
0
0
0
0
-1000
0
1000
0
0
0
0
960.572643211406
0
0
0
0
0
0
0
0
0
0
0
0
0
0
0
0
0
0
0
0
0
0
0
0
237.266527160117
0
0
0.683407442487361
0.00247954254105658
0
0
0
0
1000
0
0
0
0
1.34071620242197
0
0
0
0
0
1000
0
-11.9059457518232
0
0
0
-173.605785565078
0
0
0
0
0
0
0
0
0.00247954254109573
-1000
489.44901678284
-1.34071620242207
1000
0
0
0
0.0984570044261091
1000
0
0
0
0
0
6.22254077529635
0
0
1000
0
988.094054248177
0
0
1000
0
0
0
0
0
0
-1000
0
-1000
1000
0
0
0
0
0
0
0
0
0
0
0
-1000
999.901542995574
0
0
0
0
0
0
0
0
0
0
1000
988.094054248177
1000
0
394.008250915155
0
0
0
0
0
0
0
0
0
0
0.670358101210987
0
0.00247954254105658
-0.00247954254109573
0.00247954254105658
0.00247954254105658
0
0
0.00247954254109573
221.789369489669
0
-6.22006123275537
0.670358101211036
0
0
-0.00743862762317349
-1000
277.731091632119
-1000
1000
-1000
598.435930734749
0
0
-1000
598.435930734749
-598.435930734749
-1000
0
0
0
0
0
0
0
0
0
0
0
0
0
0
67.0833505797694
0
0
0
0
0
0
0
0
0
328.260657452726
0
0
0
0
0
0
0.00123617773061372
0
0
0
0
0
0
0
0
0.00247954254105658
0
0
0
0
0
0
0
0
0
0
0
0
0
0
0
0
0
0
0
0
0
0
0
0
1000
0
0
0
0
0
0
0
0
0
0
0
0
0
0
0
0
0
0
0
0
0
0
0
0
0
0
0
0
0
0
1.59912526198582
0
0
0
0
0
0
0
0
0
0
0
0
0
0
0
0
0
0
0
0
0
0
0
0
0
0
0
0
0
0
0
0
0
0
0
0
0
0
0
0
0
0
0
0
0
0
0
0
0
0
0
0
0
0
0
0
0
0
0
0
0
0
0
0
0
0
0
0
0
0
0
0
0
0
0
0
0
0
0
0
0
0
0
0
0
0
0
0
0
0
0
0
0
0
0
0
0
0
0
0
0
0
0
0
0
0
0
0
0
0
0
0
-999.983304413557
0
0.00123617773056139
0
0.013605142116603
0
0
-0.0166955864431202
0
1000
0.00309044432651717
0
0
0
0
0
0
0
0
0
0
0
0
0
0
0
0
0
0
0.00247954254105658
0.00247954254105658
0.00247954254105658
1000
-1000
0
-1000
-1000
0
0
0
0
0
0
-1000
1000
0
0
0
0
0
0
0
0
0
0
-1000
0
1000
0
-1000
-1000
-1000
-999.610840469783
-1000
-1000
0
0
0
0
0
0
0
0
0
-988.094054248177
-1000
0
1000
0.271587768277178
0.00247954254105658
0.00247954254105658
0.00247954254105658
0.00247954254105658
0.00247954254105658
0
0
0
1000
0
0
0
0
0
0
0
0
0
0
0
0
0
0
-1000
0
0
0
0
0
0
0
1000
-999.998992467236
0
1000
0
0
-999.998992467236
0
0
0
0
0
0
0
0
0
0
0
0
0
0
0
0
0
0
0
0
0
0
0
0
0
0
0
0
0
0
0
0
0
0
0
0
0
0
0
0
0
0
0
0
0
0
0
-1000
0
0
0
0
0
0
0
0
0
251.811685372539
0
0
0
0
0
0
0
0
1000
-1000
-1000
-1000
-1000
1000
0
0.0068061645982046
0
0
0
0
-525.466945679766
-1000
-1000
0
0
0
0
0
999.985122744754
10.2525993628363
0
0
0
0
0
0.398770332933808
0.398770332933808
-11.9059457518232
-999.982068235826
0
0
0
0
0
0
0
0
-1000
0
0
0
0
0
0
0
1000
0.00247954254105658
0
0
0
0
0
0
0
-360.565301482764
1000
0
0
1000
0
0
0
1000
0
0.00370853319184115
0
0
0
-552.659089600505
0
-1000
0
0
0
-736.734685112148
263.265314887852
0
0
0
0
-0.00100753276433352
0
1000
447.303379804024
-1000
1000
-468.407597135919
468.407597135919
-1000
1000
-750
0
0
0
0
-1000
-1000
0
0
999.901542995574
0
0
0
0
0.00363306885363508
0
0
0
0
0
0
0
0
0
387.7881896824
0
394.008250915155
0
0
0
0
0
0
0
0
0
1000
0
0
-1000
-489.350559778414
-1000
-510.55098321716
1000
0
0
0
0
0
0
0
-1000
-336.374414029993
0
1000
0.00123617773061372
0.00123617773061372
0
29.4177928080667
-1000
-1000
0
0
251.796808117293
0
0
0
0
42.1471089885925
42.1471089885924
42.1471089885924
42.1471089885924
-42.1471089885925
42.1471089885924
42.1471089885924
42.1471089885924
0
0
0
0
0
0
0
0
0
0
0
0
0
-0.013605142116603
0
0
0
0
0
0
0
0
0
0
0
0
0
0
0
0
0
0
0
0
0
0
0
0
0
0
0
0
0
0
0
0
0
0
0
0
0
0
0
0
0
0
0
0
0
0
-1000
0
-1000
0
0
0
0
42.1471089885925
42.1471089885925
-1000
0
0
0
0
0
0
0
0
0
0
0
552.659089600505
0
0
0
0
0
0
0
0
0
0
0
0
0
1000
0
0
0
1000
0
0
0
0
0
0
0
0
0
0
0
0
0
0
0
489.450488792617
0
0
0
0
0
0
0
0
0
0
0
0
0
0
0
0
0
0
0
0
0
0
0
0
0
0
0
0
0
0
0
0
0
0
0
0
0
0
0
0
0
0
0
0
0
0
0
0
0
0
0
0
0
0
0
0
0
0
0
0
0
0
0
0
0
0
0
0
0
0
0
0
0
0
0
0
0
0
0
0
0
0
0
0
0
0
0
0
0
0
0
0
0
0
0
0
0
0
0
0
0
0
0
0
0
0
0
0
0
0
0
0
0
0
0
0
0
0
0
0
0
0
0
0
0
0
0
0
0
0
0
0
0
0
0
0
0
0
0
0
0
0
0
0
0
0
0
0
0
0
0
0
0
0
0
0
0
0
0
0
0
0
0
0
0
0
0
0
0
0
0
0
0
0
0
0
0
0
0
0
0
0
-1000
0
0
0
0
0
0
0
0
0
0
0
0
0
0
0
0
0
0
0
0
0
0
0
0
0
0
0
-602.274555518514
0
-1000
1000
0.112935975665323
0
-1000
0
-1000
663.703147235278
0
0
0
0
968.039656120938
0.0148772552463395
0
0
0
0
551.222339589492
0
0
0
0
0
0
0
0
0
0
-22.4313145586452
0
0
0
0
0
0
0
0
0
0
0
0
0
0
0
0
0
0
999.965336713984
0
0
0
0
0
0
0
0
0
0
0
0
0
0
0
0
0
0
0
0
0
0
0
0
0
0
0
0
0
0
0
0
0
0
0
0
0
0
0
0
0
0
0
0
0
0
0
0
0
0
0
0
0
0
0
0
0
0
0
0
0
0
0
0
0
0
0
0
0
0
0
0
0
0
0
0
0
0
0
0
0
0
0
0
0
0
0
0
0
0
0
0
0
0
0
0
0
0
0
0
0
0
0
0
0
0
0
0
0
0
0
0
0
0
0
0
0
0
0
0
0
0
0
0
0
0
0
0
0
0
0
0
0
0
0
0
0
0
0
0
0
0
0
0
0
0
0
0
0
0
0
0
0
0
0
0
0
0
0
0
0
0
0
0
0
0
0
0
0
0
0
0
0
0
0
0
0
0
0
0
0
0
0
0
0
0
0
0
0
0
0
0
0
0
0
0
0
0
0
0
0
0
0
0
0
0
0
0
0
0
0
0
0
0
0
0
0
0
0
0
0
0
0
0
0
0
0
0
0
0
0
0
0
0
0
0
0
0
0
0
0
0
0
0
0
0
0
0
0
0
0
0
0
0
0
0
251.796808117293
0
0
0
0
0
0
0
0
0
0
0
0
-1000
0
0
0
0
0.00247954254109573
-987.798683234898
-11.9059457518232
0
0
0
0
0
0
0
0
0
0
1000
0
0
0
0
0
0
0
0
0
0
0
0
0
0
0
0
0
0
0
0
0
0
0
0
0
0
0
0
0
0
0
0
0
0
0
0
0
0
0
0
0
0
0
0
0
0
0
0
0
0
0
0
0
0
0
0
0
0
0
0
0
0
0
0
0
0
0
0
0
0
0
0
0
0
0
0
0
0
0
0
0
0
0
0
0
0
0
0
0
0
0
0
0
0
0
0
0
0
0
0
0
0
0
0
0
0
0
0
0
0
0
0
0
0
0
0
0
0
0
0
0
0
0
0
0
0
0
0
0
0
0
0
0
0
0
0
0
0
0
0
0
0
0
0
0
977.568685441355
0
0
1000
0
0
0
0
0
0
0
0
1000
0.00247954254109573
0
0
-1000
0
1000
0
0
0
0
0
0
0
0
0
0
0
0
0
0
0
1000
0
-1000
0
0
1000
0
0
0
0
0
0
0
0
0
0
0
0
0
0
0
0
0
0
0
0
0
0
0
0
0
0
0
0
0
0
0
0
0
0
0
0
0
0
0
0
0
0
0
0
0
0
0
0
0
0
0
0
0
0
0
0
0
0
0
0
0
0
0
0
0
0
0
0
0
0
0
0
0
0
0
0
0
0
0
0
0
0
0
0
0
0
0
0
0
0
0
0
0
0
0
0
0
0
0
0
0
0
0
0
0
0
0
0
0
0
0
0
0
0
0
0
0
0
0
0
0
0
0
1000
500
59.8923319095793
0
0
-0.670358101211036
0
0
319.67532156738
13.2481838183989
28.9579424782816
0.0718707982914952
59.8923319095793
0
0
0
0
0
0
0
0
0
1000
-1000
0
-1000
1000
-510.553462759701
0
11.9059457518232
0
0
0
0
0
0
-2.51883191078923
0
999.984533404208
0.00247954254109573
0
0
0.00804234232884523
0
0
0
0
0
0
0
0
0
0
0
0
0
0
0
0
0
0
489.450488792617
0
0
0
0
495.511593177371
-0.482356310916089
-0.0211581880506628
0
-7.35809639368415
-14.4250202265566
-1000
-23.0686336538816
15.2273780326798
-1000
-18.2261978720122
-3.16177609383863
-21.5771738423531
-1000
-1000
0
0
0
0
-1000
-26.6629581580044
-522.190561501778
-18.2024385839435
-9.1417289679672
-7.07208355726641
-16.4108133779672
-23.7155876285523
-4.60309703970893
-23.5000051798438
0
0
526.530629775703
-23.2185830052453
0
1000
0
0
525.466945679766
-1000
0
0
0
0
0.251715492549579
0
1000
988.094054248177
0
0
0
0
0
0
0
0
0
-0.00247954254109573
-0.00247954254109573
0
0
0
0
0
0
0
0
0
0
0
0
743.993072494869
-743.993072494869
0
0
0
998.838786506621
0
0
0
0
1000
999.990714292861
0
-0.00247954254109573
-0.00247954254109573
-0.683407442487351
242.689118156727
0
0
-0.00247954254109573
0
-0.00247954254109573
0
0
0
-0.00247954254109573
0
0
0
-0.00247954254109573
0
0
0
0
0
0
0
0
0
0
0
1000
0
0
0
0
0
-22.4313145586452
0
0
0
0
0
0
-997.156770257272
1000
0
0
0
-545.409886573015
0
1000
0
0
-0.00247954254109573
0
0
0
0
0
0
0
0
0
0
0
0
0
0
-519.279352508217
-0.670358101211036
0
-1000
-1000
0
0
0
1000
1000
0
0
1.6874640558591
743.993072494869
0
0
0
0
0
-1000
0
500
-1000
0
1000
500
-309.548168734108
0
0
944.300810003904
323.026648750394
1000
0
0
0
465.456820963282
0
0
0
0
0
-1000
-1000
0
0
0
0
0
0
-1000
0
0
0
0
-220.260283140622
1000
-1000
0
0
0
0
0
659.590568127109
-1000
-1000
334.795988327113
-1000
0
0
-465.456820963282
0
0
0
0
0
0
1000
0
-0.0171315067916566
-0.00100753276433352
-0.272789495938468
0
-0.0148611082736352
-0.056418385003326
-0.00957156126105474
-0.0541548860819603
-0.0289665669740771
-0.00100753276433352
0
0
0
0
-0.00100753276433352
-977.568685441355
-0.00201506552866704
-0.00100753276433352
-0.00100753276433352
-42.1544136011338
0
-0.00100753276433352
-0.374695484146969
0
0
-10.2525993628363
0
0
-0.00100753276433352
-0.00993014863058761
0
-0.00100753276433352
-0.00100753276433352
-0.00100753276433352
-0.00100753276433352
-0.0292184501651036
0
-0.062970797769708
0
0
0
-1000
1000
0
0
-736.734685112148
-263.265314887852
-0.00247954254109573
0
750
-750
0
0
0
-1000
0
1000
0
0
0
0
0
0
0
0
0
0
0
0
0
0
0
0
0
-1000
1000
-29.4177928080667
29.4177928080667
1000
-1000
1000
-1000
-1000
0
-1000
-1000
-0.00100753276433352
-0.00100753276433352
0
0
0
0
977.568685441355
0
-0.112935975665323
968.039656120938
0.014877255246347
0
0
0
0
551.222339589492
1000
-1000
0
0
0
-1000
0
0
0
0
0
0
0
0
0
0
0
0
0
0
0
0
0
0
0
0
0
0
0
0
0
0
0
0
0
0
0
0
0
0
0
0
0
0
0
0
0
0
0
0
0
0
0
0
0
0
0
0
0
0
0
0
0
0
0
0
0
0
0
0
0
0
0
-0.00100753276433352
0
0
0
0
999.965336713984
0
0
0
0
0
0
0
0
0
0
0
0
0
0
0
0
0
0
0
0
0
0
0
0
0
0
0
0
0
0
0
0
0
0
0
0
0
0
0
0
0
0
0
0
0
0
0
0
0
0
0
0
0
0
0
0
0
0
0
0
0
0
0
0
0
0
0
0
0
0
0
0
0
0
0
0
0
0
0
0
0
0
0
0
0
0
0
0
0
0
0
0
0
0
0
0
0
0
0
0
0
0
0
0
0
0
0
0
0
0
0
0
0
0
0
0
0
0
0
0
0
0
0
0
0
0
0
0
0
0
0
0
0
0
0
0
0
0
0
0
0
0
0
0
0
0
0
0
0
0
0
0
0
0
0
0
0
0
0
0
0
0
0
0
0
0
0
0
0
0
0
0
0
0
0
0
0
0
0
0
0
0
0
0
0
0
0
0
0
0
0
0
0
0
0
0
0
0
0
0
0
0
0
0
0
0
0
0
0
0
0
0
0
0
0
0
0
0
0
0
0
0
0
0
0
0
0
0
0
0
0
0
0
0
0
0
0
0
0
0
0
0
0
0
0
0
0
0
0
0
0
0
0
-1000
659.590568127109
1000
0
0
0
987.798683234898
0
0
0
0
0
0
0
0
0
0
0
0
0
0
0
0
0
0
0
0
0
0
0
0
977.568685441355
0
-1000
0
0
-0.00247954254109573
0
0
0
0
0
0
0
0
1000
0
0
0
0
0
-1000
0
0
0
0
0
0
0
0
0
0
0
0
0
0
0
0
0
0
0
0
0
0
0
0
0
0
0
0
0
0
0
0
0
0
0
0
0
0
0
0
0
0
0
0
0
0
0
0
0
-0.00100753276433352
-0.00100753276433352
-0.00100753276433352
0
-0.00100753276433352
-0.390167062981277
0
-0.00100753276433352
-0.00100753276433352
-0.00100753276433352
-0.00100753276433352
0
-0.00100753276433352
-0.00100753276433352
-0.00100753276433352
-0.00100753276433352
-0.00100753276433352
-0.00100753276433352
-0.00100753276433352
0
-0.00100753276433352
-0.00100753276433352
-0.00100753276433352
0
-1000
59.8923319095793
0
0.00928570713927002
0
0
0
0
0
