0
0
0
0
0
0
0
45.6113420626571
-1000
0
1000
0
0
199.306584812664
0
0
999.747916016535
-999.747916016535
999.942144659532
0
0.0578553404674398
0
-1000
0.363662140081033
0
1000
-201.730254342293
0
-35.1271080016256
0.0238259044301167
0
0
0
0
0
0.0318618907068285
0
0
0
34.718332542287
0
0
0
0
0
18.3380343613429
0
18.3380343613429
0
18.3380343613429
0
18.3380343613429
0
18.3380343613429
0
18.3380343613429
0
0
18.3380343613429
0
0
0
0
0
0
35.1271080016257
0
0
0
0
0
0
0
-1000
-1000
0
0
0
0
0
0
-555.987353171619
-444.012646828381
0
0
0
0
0
0
0
0
0
0
0
0
0
0
0
0
0
0
0
0
0
0.0035385006579288
0
0
0
0
0
0
0
0
0
0
0
0
0
0
0
0
0
0
0
0
0
0
0
0
0
952.731515685383
0
0
-1000
0
0
0
0
-1000
0
0
0
0
-14.4842421800746
0
0
0
0
-1000
0
0
0
-571.688954915557
0
0
231.178168063627
632.619994601857
1000
401.433561489592
0
0
0
-1000
401.433561489592
600.740146302256
1000
-800.693415187336
0
571.688954915557
1000
0
0
0
0
0
372.853050295777
-1000
0
0
0
0
0
-3.43579439426696
0
0
0
0
0
0
0
3.60109536703112
-1000
0
0
0
0
0
0
0
0
177.813896411426
177.813896411425
1000
0
0
0
-181.253823330012
0
-1000
1000
0
0
0
0
0
0
0
0
0
0
1000
0.456415302254585
0
-999.543584697745
0.456415302254585
8.41596483655662
0
-367.380005398143
0
0
0
-999.311244522299
0
177.813896411426
0
0
0
0
0
0
0
0
-0.456415302254641
0
-1000
0
-1000
1000
-1000
1000
0
1000
9.63757150427614
-506.224260515091
1000
-0.956653311208015
-1000
8.41596483655667
7.73134188317476
-0.684622953381904
0
0
-1000
8.87238013881121
0
327.697579290043
1000
2.59673640021379
0.177698545721422
0
-0.177698545721455
0
0.00176412206714132
0
0
0
0
0
0
0
0
999.747916016535
0
0
0
0
0
0
0
0
108.042844486138
0
1000
0.00826504863820568
0
0
1000
0
-0.177698545721455
0
-0.684622953381904
0
0
0.684622953381904
0
0
0
0
7.73134188317476
0
-1000
0
0
0
1000
0.684622953381904
0
1000
-0.956653311208015
0
7.73488038383307
0
0
0
0
0
0
0
0
0
0.68875547770098
0
712.998088322481
0
0
0
2.28207651127292
0
9.60694381524632
0
0
0
0
7.73134188317475
0
0
0
-311.788399134515
890.687162560997
999.315377046618
13.6923787248702
-1000
1000
-1000
-688.05043241704
0
-997.946131139854
1000
-1000
1000
1000
0
7.73134188317476
0
0
0
0
0
-1000
7.73134188317476
1000
-1000
0
0
-1000
0
0
1000
-1000
0
0
0
0
0
0
0.95665331120804
-3.24023753145673
0
13.3342243379874
-1000
1000
-1000
-1000
-1000
-1000
1000
1000
1000
1000
-1000
0
986.665775662012
-1000
1000
-1000
-1000
1000
-1000
-1000
-1000
1000
0
0
0
0
0
0
0
0
-1000
0
0
0
-824.782839988788
1000
0
0
0
-29.1171424138768
0
0
0
0
0
0
0
0
0
0
0
0
0
0
0
0
0.0035385006579288
0
908.9081562483
91.0918437517005
-1000
0
0
1000
0
0
0
0
0
0
0
0
0
908.9081562483
0
0
0
0
0
0
0
0
0
0
0
1000
0
0
0
0
0
-1000
1000
0
0
0
0
0
0
0
0
0
0
1000
0.00353850065789629
1000
0.103313107977556
0.103313107977556
0
-965.471383230307
0
0
0
0
0
0
0
0
0
0
0
0
0
0
0
0
0
0
0
0
0
0
0
0
0
0
0
0
0
0
0
0
0
0
0
0
0
0
0
0
0
0
0
0
0
0
0
0
0
0
0.161168448445017
0
0
0
1000
0
460.401888770926
0
460.401888770926
0
0
-1000
0
0
0
0
0
0
0
0
0
0
0
0
0
0
0
0
0
0
0
0
0
0
0
0
-1000
0
0
0.161168448445017
0
0
0
0
0
0
0
0
0
1000
0
0
0
0
0
0
0
0
0
0
0
0
0
0
0
0
0
0
0
0
0
0
0
0
0
0
0
0
0
0
0
0
0
-1000
0
0
0
0
0
0
0
0
0
0
0
0
0
32.0112359476404
0
32.0112359476404
0
0
0
0
0
0
0
0
0
0
0
0
0
0
0
0
0
0
0
0
0
-1000
0
0.00413252431910284
0
0
0
0
0.747986901757614
0.747986901757614
0
0
0
0
0
0
0
0
0
0
0
0
0
0
0
0
0
0
0
0
1000
0
0
0
0
0
-0.00353850065789629
0
0
0
-1000
0
0
1000
0
0
0
0
2.14891264593348
0
0
2.14891264593348
0
0
0
0
0
0
0
0
0
0
2.14891264593348
0
2.14891264593348
0
0
0
12.8192656534693
36.5417501367577
23.3575231835455
17.1075609254484
25.3648103321314
8.3484897316188
19.5254295362451
35.7205872123362
32.8921371393287
10.4013970426726
20.1641118107951
41.5599680082225
32.800896814393
10.1276760678654
16.7882197881733
23.2662828586098
30.154927391257
24.4067869203063
4.4707759218505
30.4286483660641
0
0
0
0
0
0
0
0
0
0
0
0
0
0
0
0
0
0
0
0
0
0
0
0
0
0
0
0
0
0
0
0
0
0
0
0
0
0
0
0
0
0
0
0
0
0
0
0
0
0
0
0
0
0
0
0
0
0
0
0
0
0
0
0
0
0
0
0
0
0
959.868062309109
0
0
0
0
0
0
0
0
0
0
0
0
0
0
0
0
0
0
0
0
0
-1000
0
0
0
0
-109.312837439003
-109.312837439003
1000
1000
0
0
0
182.145243367866
0
0
0
-29.1171424138768
-182.294014243354
-182.294014243354
-1000
0
-788.138398191987
0
-788.254108872922
1000
1000
182.153508416504
1000
0
0
1000
0
-1000
-1000
-1000
0
211.861601808013
0
0
0
788.138398191988
0
0
0
0
0
0
0
0
0
0
0
-1000
102.541687367694
1000
1000
0
500
250.001467110237
2.51237962404093
5
0
0
0
0
0
0
11.4028355156643
0
394.069530518461
0
0
-0.00143782786153679
0
0
0.00143782786153679
0
-0.00143782786153679
9.59742122872785
101.460312472513
0
-0.00143782786153679
0.00143782786153679
-0.00143782786153679
-0.534719689306826
0
-0.0898642413465041
0
-1000
-0.558236667244614
0
-0.00143782786153679
-0.00143782786153679
0.00143782786153679
-0.00143782786153679
0.00143782786153679
-0.00143782786153679
-0.00143782786153679
-0.00143782786153679
-0.00143782786153679
-0.00143782786153679
-0.00143782786153679
-0.00143782786153679
-0.00143782786153679
-0.00143782786153679
-0.00143782786153679
-0.00143782786153679
-0.0301943850923863
0
-0.0413375510194101
-0.0558681048225935
-0.0212079609577813
0.00143782786153679
0.00143782786153679
-0.0805134371150871
0.00143782786153679
0.00143782786153679
0.00143782786153679
0.00143782786153679
-0.698784340710631
0
-0.0772832475580572
-0.389291893513132
-0.0244479967775533
0.00143782786153679
0.00143782786153679
0.0136593646847132
0.00143782786153679
0.00143782786153679
-0.00143782786153679
0
0
0
0
0
0
0
0
0
0
0
0
0
0
0
0
0
0
0
0
0
0
0
0
0
0
0
0
0
0
0
0
0
0
0
0
0.00518467270319434
0
0
0
0
0
0
0
0
0
0
0
0
0
0
0
0
0
0
0
0
0
0
0
0
0
0
0
0
0
0
0
0
0
0
0
0
0
0
0
0
0
0
0
0
0
0
0.00143782786154448
0
0
0
0
0
0
0
0
0
0
0
0
0
0
0
0
0
0
0
0
0
0
0
0
0
0
0
0
0
0
0
0
0
0
0
0
0
0
0
0
0
0
0
0
0
0
0
0
0
0
0
0
0
0
0
0
0
0
0
0
0
0
0.00143782786154448
0.00143782786154448
0.00143782786154448
0
0
0
0
0
0
0
0
0
0
0
0
0
0
0
0
0
0
0
0
0
0
0
0
0
0
0
0
0
0.00143782786154448
0
0.00143782786154448
0
0
0
0
0
0
0
0
0
0
0
0
0
0
0
0
0
0
0
0
0
0
0
0
0
0
0
0
0
0
0
0
0
0
0
0
0
0
0
0
0
0
0
0
0
0
0
0
0
0
0
0
0
0
0
0
0
0
0
0
0
0
0
0
0
0
0
0
0
0
0
0
0
0
0
0
0
0
0
0
0
0
0
0
0
0
0
0
0
0
0
0
0
0
0
0
0
0
0
0
0
0
0
0
0
0
0
0
0
0
0
0
0
0
0
0
0
0
0
0
0
0
0
0
0
0
0
0
0
0
0
0
0
0
0
0
0
0
0
0
0
0
0
0
0
0
0
0
0
0
0
0
0
0
0
0
0
0
0
0
0
0
0
0
0
0
0
0
0
0
0
0
0
0
0
0
0
0
0
0
0
0
0
0
0
0
0
0
0
0
0
0
0
0
0
0
0
0
1000
0
0
0
0
0
0
0
0
0
0
0
0
0
0
0
0
0
0
0
0
0
0
0
0
0
0
0
0
0
0
0
0
0
0
0
0
0
0
0
0
0
0
0
0
0
0
0
0
0
0
0
0
0
0
0
0
0
0
0
0
0
0
0
0
0
0
0
0
0
0
0
0
0
0
0
0
0
0
0
0
0
0
0
0
0
0
0
0
0
0
0
0
0
0
0
1000
1000
0
0
0
0
0
0
0
0
0
0
0
0
0
0
0
0
0
0
-1000
0
-1000
0
0
0
0
0
0
0
1000
1000
0
0
0
0
0
0
0
0
0
0
0
0
0
0
0
0
0
0
0
0
0
0
0
0
0
0
0
0
0
0
0
0
0
0
0
0
0
0
0
0
0
0
0
0
0
0
0
0
0
0
0
0
0
0
0
0
0
0
0
0
0
0
0
0
0
0
0
0
0
0
0
0
0
0
0
0
0
0
0
0
0
0
0
0
45.6113420626571
0
0
0.00143782786153679
0
1000
0
0
-0.00143782786153679
0
22.9718900287256
-0.00143782786153679
101.539033547933
0
0
0
0.00518467270319434
0.556798839383077
0
-999.443201160617
999.998562172138
0
0
0
0
0
0
0
0
0
0
0
0
0
-1000
-0.00898642413460493
0
0.0141710968377993
0
-0.0194155992621745
0
0
0
0
0
0
0
0.0194155992621745
0
0
0
0
0
11.4028355156643
1000
0
0
0
0
-1000
1000
-0.0212310039476051
0
0
0.00143782786153679
-0.00143782786153679
0
0
0.0492456042579761
-0.0492456042579761
1000
0
0
0
0.00143782786153679
0.00143782786153679
-1000
0
-684.020715399435
-315.979284600565
-1000
-0.00143782786153679
-898.460966452067
-101.539033547933
-1000
0
0
0
0
0
-1000
0
1000
0
0
0
-999.443201160617
999.443201160617
-1000
0
0
0
-1000
0
0
0
-609.083299569672
0
0
0
0
0
0
0
0
0
0
0
0
0
0
0
0
0
0
0
-1000
1000
-1000
0.0141710968377993
-1000
0
-999.985828903162
-0.0141710968377993
-1000
0
0
0
0
0
0
0
0
0
-1000
0
1000
0
-1000
0
-1000
0
-1000
0
-1000
0
0
0
0
0
0
0
0
0
-954.388657937343
-45.6113420626571
11.4028355156643
-11.4028355156643
0
0
0
0
0
0
0
0
0
0
0
0
0
0
0
0
0
0
0
0
0
0
0
0
0
0
0
0
0
0
0
0
0.00518467270319434
-0.00518467270319434
0
0
0
0
0
0
0
0
0
0
0
0
0
0
0
0
0
0
0
0
0
0
0
0
0
0
0
0
0
0
0
0
0
0
0
0
0.00518467270319434
-0.00518467270319434
0
0
0
0
0
0
0.0194155992621745
0.0194155992621745
0
0
0
0
0
0
0
0
0
0
0
0
0
0
0
0
-0.0194155992621745
-0.0194155992621745
0
0
0
0
0
0
0
0
0
0
0
0
0
0
0
0
0
0
0
0
0
0
0
0
0
0
0
0
0
0
0
0
0
0
0
0
0
0
0
0
0
0
0
0
1.15894956476389
0.0035385006579288
0
0
0
0
0
0
0
0
0.145820415518821
0
0
0
0
0
0
0
0
0
0
0
0
0
0
0
0
0
0
0
0
0
0
0
0
0
0
0
0
0
0
0
0
0
0
0
0
0
0
0
0
0
0
0
0
0
0
0
0
0
0
0
394.120213950581
394.120213950581
394.120213950581
0
394.070968346323
394.070968346323
0
0
0
0
0
0
0
0
0
0
0
0
0
0
0
0
0
0
0
0
0
0
0
0
0
0
0
0
0
0
0
0
0
0
0
0
0
0
0
0
0
0
0
0
0
0
0
0
0
0
0
0
0
0
0
0
0
0
0
0
0
0
0
0
0
0
0
0
0
0
0
0
0
0
0
0
0
0
0
0
0
0
0
0
0
0
0
0
0
0
0
0
0
0
0
0
0
0
0
0
0
0
0
0
0
0.00143782786154448
0.00143782786154448
0.00143782786154448
0.00143782786154448
0
0
0
0
0
0
0
0
0
0
0
0
0
0
0
0
0
0
0
0
0
0
0
0
0
0
0
0
0
0
0
0
0
0
0
0
0
0
0
0
0
0
0
0
0
0
0
0
0
0
0
0
0
0
0
0
0
0
0
0.0035385006579288
0.0035385006579288
0.0035385006579288
0.0035385006579288
0.0035385006579288
0
0
0
0
0
0
0
1000
1000
0
0
0
0
0
0
0
0
0
0
0
0
0
0
0
0
0
0
0
0
0
0
0
0
0
0
0
0
0
0
0
0
0
0
0
0
0
0
0
0
0
0
0
14.4842421800746
14.4842421800746
-14.4842421800746
4.81982422515637
-2.40814286224918
2.40814286224922
2.40814286224922
2.40814286224922
0
0
0
0
0
0
0
0
0
0
0
0
0
0
0
0
0
0
0
0
2.40814286224922
0
2.40108637398065
2.40814286224922
2.40814286224922
2.40814286224922
2.40814286224922
2.40814286224922
2.40814286224922
2.40814286224922
2.40814286224922
2.40814286224922
2.40814286224922
2.40814286224922
2.40814286224922
2.40814286224922
2.40814286224922
2.40814286224922
2.40814286224922
14.4842421800746
14.4842421800746
4.81982422515637
4.81982422515637
0
0
0
0
0
0
0
0
0
0
0
0
0
0
0
0
0
0
0
0
0
0
0
0
0
0
0
0
0
0
0
0
0
0
0
0
0
0
0
0
0
0
0
0
0
0
0
0
0
0
0
0
0
0
0
0
0
0
0
0
0
0
0
0
0
0
0
0
0
0
0
0
0
0
0
0
0
0
0
0
0
0
0
0
0
0
0
0
0
0
0
0
0
0
0
0
0
0
0
0
0
0
0
0
0
0
0
0
0
0
0
0
0
0
0
0
0
0
0
0
0
0
0
0
0
0
0
0
0
0
0
0
0
0
0
0
0
0
0
0
0
0
0
0
0
0
0
0
0
0
0
0
0
0
0
0
0
0
0
0
0
0
0
0
0
0
0
0
0
0
0
0
0
0
0
0
0
0
0
0
0
0
0
0
0
0
0
0
0
0
0
0
1.15894956476389
1.17220099331474
1.17220099331474
0
0
0
0
-1.17220099331473
1.17220099331474
0
0
0.0132514285508522
0
0
0.0132514285508522
0
0
0
0
0
0
0
0
0
0
0
0
0
0
0
0
0
0
0
0
0
0
0
0
0
0
0
0
0
0
0
0
0
0
0
0
0
0
0
0
0
0
0
0
0
0
0
0
0
0
0
0
0
0
0
0
0
0
0
0
0
0
0
0
0
0
0
0
0
0
0
0
0
0
0
0
0
0
0
0
0
0
0
0
0
0
0
0
0
0
0
0
0
0
0
0
0
0
0
0
0
0
0
0
0
0
0
0
0
0
0
0
0
0
0
0
0
0
0
0
0
1.15894956476389
0.0035385006579288
0
0
0
0
0
0
0
1.52572968803338
0
0
0
0.95665331120804
0.95665331120804
0.95665331120804
0
0
0
0
0
0
1.30830848094064
0
0
0
0.0035385006579288
0
0
0
0
-1.3083084809407
1.30830848094064
0
0
0
0
0
0
0
0
0
0
0.22713413498566
0
0.217421207092736
0
0
0
0
0
0
0
0
0
0
10.6668734818889
10.6668734818889
10.6668734818889
0
0
0
0
-0.14582041551887
0
0
0
0
0
0
0
0
0
0
0
0
0
0
0
0
0
0
0
0
0
0
0
0
0
0
0
0
0
0
0
0
0
0
0
0
0
0
0
0
0
0
0
0
0
0
0
0
0
0
0
0
0
0
0
0
0
0
0
0
0
0
0
0
0
0
0
0
0
0
0
0
0
0
0
0
0
0
0
0
0
0
0
0
0
0
0
0
0
0
0
0
0
0
0
0
0
0
0
0
0
0
0
0
0
0
0
0
0
0
0
0
0
0
0
0
0
0
0
1000
0
0
1000
1000
0
0
0
0
0
0
0
0
0
0
0
0
0
0
0
0
0
0
0
0
0
0
0
0
0
0
0
0
0
0
0
0
0
0
0
0
0
0
0
0
0
0
0
0
0
0
0
0
0
0
0
0
0
0
0
0
0
0
0
0
0
0
0
0
0
0
0
0
0
0
0
0
0
0
0
0
0
0
0
0
0
0
0
0
0
0
0
0
0
0
0
0
0
0
0
0
0
0
0
0
0
0
0
0
0
0
0
0
0
0
0
0
0
0
0
0
0
0
0
0
0
0
0
0
0
0
0
0
0
0
0
0
0
0
0
0
0
0
0
0
0
0
0
0
0
0
0
0
0
0
0
0
0
0
0
0
0
0
0
0
0
0
0
0
0
0
0
0
0
0
0
0
0
0
0
0
0
0
0
0
0
0
0
0
0
0
0
0
0
0
0
0
0
0
0
0
0
0
0
0
0
0
0
0
0
0
0
0
0
0
0
0
0
0
0
0
0
0
0
0
0
0
0
0
0
0
0
0
0
0
0
0
0
0
0
0
0
0
0
0
0
0
0
0
0
0
0
0
0
0
0
0
0
0
0
0
0
0
0
0
0
0
0
0
0
0
0
0
0
0
0
0
0
0
0
0
0
0
0
0
0
0
0
0
0
0
0
0
0
0
0
0
0
0
0
0
0
0
0
0
0
0
0
0
0
0
0
0
0
0
0
0
1000
0
0
0
0
206.736228889815
0
0
0
0
0
0
0
0
0
0
0
0
0
0
0
0
0
0
0
0
0
0
0
0
0
0
0
0
0
0
0
0
0
0
0
0
0
0
0
0
0
0
0
0
0
0
0
0
0
0
0
0
0
0
0
0
0
0
0
0
0
0
0
0
0
0
0
0
0
0
0
0.161168448445017
0.161168448445017
0
0
0
0.161168448444982
0.161168448445017
0
0
0
0
0
0.0247951459146231
0
0
0
0
0
0
0
0
0
0
0
0
0
0.975275739308017
0
0
0
0
0
0
0.975275739308017
0.975275739308017
0.975275739308017
0.975275739308017
0
0
0
0
0
0
0
0
0
0
0
0
0
0
0
0
0
0
0
0
0
0
0
0
0
0
0
0
0
0
0
0
0
0
0
0
0
392.998942729942
392.998942729942
0
0
0
0
0
0
0
0
0
0
0
0
0
0
0
0
0
0
0
0
0
0
0
0
0
0
0
0
0
0
0
0
0
0
0
0
0
0
0
0
0
0
0
0
0
0
0
0
1000
448.125853374316
-1000
0
0
0
1000
1000
-1000
0
33.8439938163116
0
0
-1000
447.441230420934
0
0
0
0
0
0
0
0
0
0
0
0
0
0
0
0
0
0
0
0
0
0
0
0
0
0
0
0
0
0
0
0
0
0
0
0
0
0
0
0
-1000
0
0
0
0
0
0
0
0
0
0
0
0
0
0
0
0
0
-999.996461499342
-1000
1000
-1000
1000
999.996461499342
-1000
0
0
0
0
0
0
0.00353850065789629
0
0
0
0
0
0
0
0
0
0
0
0
0
0
0
0
0
0
0
0
0
0
0.00264618310075093
0.0035385006579288
0.00971292789292341
1000
0.00176412206714132
0.00176412206714132
0.00353850065789629
0
0.000882061033507853
0.00176412206714132
0.0150155506179436
-0.00176412206712939
0.00176412206714132
0.00176412206714132
0.00176412206714132
0.00176412206714132
0.00176412206714132
-0.00176412206712939
-0.00352824413425878
0.00176412206714132
0.00176412206714132
0.00176412206712939
0.00176412206714132
-999.95583540918
-0.00530262272502569
999.954071287113
0.00353850065789629
0.00176412206714132
0.00176412206714132
0.0035385006579288
0.0035385006579288
-0.00353850065789629
-0.00353850065789629
0.00353850065789629
0.00353850065789629
0.00176412206714132
0.00176412206714132
0.00176412206714132
0.00176412206714132
-0.00530262272502569
-999.986748571449
0
0
0
0
0
0
-1000
0
0
0
0.0035385006579288
0
0
0
0
0.0017692503289644
0.00353850065789629
0.00353850065789629
0
0
0.0035385006579288
0.0035385006579288
0
0
0
0
0
0
0.00705648826856526
0.00176412206714132
0.00529236620142395
0.00176412206714132
-0.00176412206712939
0.00176412206714132
0.00176412206714132
0.00176412206714132
0.00176412206714132
0.00176412206714132
0.00176412206714132
0.00352824413428263
0.00176412206714132
0.00176412206714132
0.00176412206714132
0.00176412206714132
0.00176412206714132
0
0.00176412206714132
0.0035385006579288
0.0035385006579288
0.0035385006579288
0.0035385006579288
0.0035385006579288
0.0035385006579288
0.0035385006579288
0.0035385006579288
0.0035385006579288
0.0035385006579288
0.0035385006579288
0.0035385006579288
0.0035385006579288
0.0035385006579288
0
0
0
0
0
0
0
0
0
0
0
0
-0.00353850065789629
0
0
0
0
0
0
0
0
0
0
0
0
0
0
0
0
0
0
0
0
0
0
0
0
0
0
0
0
0
0
0
0
0
0
0
0
0
0
0
0
0
0
0
0
0
0
0
0
0
0
0
0
0
0
0
0
0
0
0
0
0
0
0
0
0
22.8056710313285
0
0
0
0
0
0.0035385006579288
0
0
0
0
0
0
0
0
0
1000
0
0
0
0
0
0
0
0
0
0
0
1000
0
0
0
-11.4028355156643
0
-394.069530518461
0
0
0
0.00143782786154448
0
0
0
0
0
0.00143782786154448
0
0
0
0.00143782786154448
0
0
9.59742122872791
0.0787210754195655
0
0
0
0.00143782786154448
0
0.00143782786154448
0
0.00143782786154448
0
0.534719689306813
0
0
0
0.08986424134653
0
0
0
0
0
0.558236667244645
0
0
0
0.00143782786154448
0
0.00143782786154448
0
0.00143782786154448
0
0.00143782786154448
0
0.00143782786154448
0
0.00143782786154448
0
0.00143782786154448
0
0.00143782786154448
0
0.00143782786154448
0
0.00143782786154448
0
0.00143782786154448
0
0.00143782786154448
0
0.00143782786154448
0
0.00143782786154448
0
0.00143782786154448
0
0.00143782786154448
0
0.0301943850924341
0
0
0
0.0413375510194038
0
0.0558681048225821
0
0.0212079609577811
0
0.00143782786154448
0
0.00143782786154448
0
0.0805134371151408
0
0.00143782786154448
0
0.00143782786154448
0
0.00143782786154448
0
0.00143782786154448
0
0.698784340710618
0
0
0
0.0772832475580158
0
0.389291893513168
0
0.0244479967776063
0
0.00143782786154448
0
0.00143782786154448
0
0.0136593646846726
0
0.00143782786154448
0
0.00143782786154448
0
0.00143782786154448
0
0
-1000
0
0
0.0132514285508023
1000
0
0
0
0
0
1.83275786867114
-1000
-427.621112642219
0
0.975275739308017
-975.723644436193
2.91233988933016
1000
0
391.690634249002
287.001911677519
-1000
-1000
0
0
1000
0
0
0
0
0
-343.431478020588
1000
0
0
0
0
-108.042844486138
450.909755969591
-0.00353850065789629
0
0
-0.956653311208015
0
712.998088322481
0
0
0
-425.650786562608
1000
108.042844486138
-664.571078826782
367.380005398143
-975.723644436193
23.419511048332
865.486838602322
0
0
-1000
0
0
1000
35.4292928075246
-1000
1000
0
1000
1000
0
-1000
1000
1000
1000
0
0
0
0
0
0
0
0
0
0
0
0
0
0
0
0
1000
0
0
0
0
0
0
655.506035932839
0
0
0
1000
0
0
0
0
0
0
0
0
0
-1000
-156.613059353368
-1000
-1000
1000
-1000
-491.001256596874
-1000
-1000
-665.611802756494
-1000
1000
1000
-1000
-1000
-1000
-1000
-1000
-1000
1000
504.047217064232
10.0924149942799
-1000
1000
-1000
1000
1000
1000
1000
1000
-1000
1000
-1000
-1000
-1000
-1000
-1000
-1000
-847.793752613474
-1000
-1000
1000
-1000
4.67326961348658
-1000
-1000
-1000
1000
-1000
-17.1571512172776
-1000
-1000
-946.577754964508
1000
-1000
-1000
-1000
-1000
-1000
-1000
-1000
-1000
-1000
-1000
-1000
-1000
-1000
-1000
-1000
-1000
-1000
-1000
-1000
1000
1000
-1000
-1000
-1000
-1000
-1000
-1000
-1000
1000
-709.757124133104
-1000
1000
1000
1000
-1000
-1000
1000
1000
1000
-1000
1000
1000
1000
1000
-1000
1000
-1000
-1000
41.9814854887711
-1000
-1000
-1000
-1000
-1000
689.17149484176
1000
1000
1000
1000
878.586063119619
1000
1000
-95.4037305242629
-1000
-1000
-1000
-908.9081562483
124.012583771347
0
1000
1000
-1000
-1000
-1000
0
0
0
0
0
0
0
0
0
0
0
0
0
0
0
0
0
0
0
0
0
0
0
0
0
0
0
0
0
0
0
0
0
0
0
0
0
0
0
0
0
0
0
0
0
0
0
0
0
0
0
0
0
0
0
0
0
0
0
0
0
0
978.269343520032
0
0
0
0
0
0
0
0
0
0
0
0
0
0
0
0
0
0
0
0
0
0
0
0
0
0
0
0
447.810246428257
0
0
0
0
0
0
0
0
0
0
0
0
0
0
0
0
0
0
0
0
0
0
0
0
0
0
0
0
0
0
0
0
0
0
0
0
0
0
0
0
0
0
0
0
0
0
0
0
0
0
0
0
0
0
0
0
0
0
0
0
0
0
0
0
0
0
0
0
0
0
0
0
0
0
0
0
0
0
0
0
0
0
0
0
0
0
0
0
0
0
0
0
0
0
0
0
0
0
0
0
0
0
0
0
0
0
0
0
0
0
0
0
0
0
0
0
0
0
0
0
0
0
0
0
0
0
0
0
0
0
0
0
0
0
0
0
0
0
0
0
0
0
0
0
0
0
0
0
0
0
0
0
0
0
0
0
0
0
0
0
0
0
0
0
0
0
0
0
0
0
0
0
0
0
0
0
0
0
0
0
0
0
0
0
0
0
0
0
0
0
0
0
0
0
0
0
0
0
0
0
0
0
0
0
0
0
0
0
0
0
0
0
0
0
0
0
0
0
0
0
0
0
0
0
0
0
0
0
0
0
0
0
0
1.65714225196029
1000
998.34285774804
1000
1000
1000
0
1000
-1000
-1000
1000
-1000
1000
1000
1000
1000
-1000
-1000
998.34285774804
-1000
1000
-1000
1000
11.9390498841153
-1000
-1000
-1000
-1000
1000
1000
-1000
-1000
-1000
-1000
0
1000
1000
-1000
-1000
-1000
-1000
1000
-1000
-1000
-1000
1000
-1000
1000
-1000
-1000
-1000
0
-1000
-1000
-1000
0
0
0
0
0
0
0
1000
0
0
0
-1000
0
0
0
1000
0
-1000
-1000
-0.00826504863823629
177.813896411425
0
0
0
1000
0
0
0
0
0
0
0
0
0
0
0
-0.00353850065789629
0.0035385006579288
0
0
-0.00353850065789629
-0.00353850065789629
0
0
0
0
0
0
0
0
0
0
0
0
0
0
0
0
0
0
0
0
0
0
0
0
0
0.0035385006579288
0
0
-1000
-1000
0
1000
-1000
0
0
0
0
-0.00353850065789629
0
0
0
0
0
0
0
0
0
0
0
0
0
0
0
0
0
0
344.314827693578
0
-18.3380343613429
18.3380343613429
0.0035385006579288
0
0
0
1000
-582.929789869576
0
0
0
0
0
0
0
-1000
0
1000
0
0
0
0
0
0
0
0
0
0
0
0
0
0
0
0
0
0
0
0
0
0
0
0
0
0
0
0
0
0
0
0
0
0
0
0.0035385006579288
0
0
0
1000
0
0
0
-394.069530518461
0
1.91330662241608
0
0
0
1000
0
0.00529236620142395
1000
0
-1000
0
0
0
0
0
0
0
0
0
0
0
0
0.00353850065789629
1000
-1000
-1000
1000
0
1000
93.3980336429158
0
118.463568165097
-1000
0
-1000
1000
392.156223896045
952.731515685383
0
0
0
0
-1000
1000
0
0
0
0
0
7.73488038383312
0
0
1000
-1000
0
0
0
921.533205169386
0
0
1000
-1000
0
0
-1000
0
-12.4845430942365
1000
0
0
0
0
93.3980336429158
0
0
0
0
0
0
0
1000
0
814.982636348721
906.074480100422
0
0
0
0
0
814.982636348721
0
93.9255198995784
0
1000
0
0
0
7.73134188317475
0
0
0
0
0
0
0
0
0
0
0.95665331120804
0
0.0035385006579288
-0.00353850065789629
0.0035385006579288
0.0035385006579288
0
0
1000
-1000
0.00353850065789629
0
0
-7.73134188317476
0.956653311208015
0
0
-0.0106155019738026
-1000
982.631086612549
-1000
1000
-1000
992.268658116825
0
0
-1000
982.631086612549
-992.268658116825
-1000
0
0
0
0
0
0
0
0
0
0
0
0
0
0
0
0
0
0
0
0
0
0
0
0
0
9.63757150427614
0
0
0
0
0
0.00176412206714132
0
1000
0
0
0
0
0
0
0.0035385006579288
-93.3980336429158
-118.463568165097
0
0
0
0
0
0
0
0
0
0
-45.6113420626571
0
11.4028355156643
0
0
0
0
0
0
0
0
0
0
0
1000
0
0
0
45.6113420626571
0
0
0
0
0
0
0
0
0
0
0
0
0
0
0
0
0
0
0
0
0
0
0
0
0
0
2.28207651127298
0
0
0
0
0
0
0
-1000
0
0
0
0
0
0
0
0
0
0
0
0
0
0
0
0
0
0
0
0
0
0
0
0
0
0
0
0
0
0
0
0
0
0
0
0
0
0
0
0
0
0
0
0
0
0
0
0
0
0
0
0
0
0
0
0
0
0
0
0
0
0
0
0
0
0
0
0
0
0
0
0
0
0
0
0
0
0
0
0
0
0
0
0
0
0
0
0
0
0
0
0
0
0
0
0
0
0
0
0
0
0
0
0
0
-999.97617409557
0
0.00176412206712939
0
0.0194155992621745
0
0
-0.0238259044301685
0
1000
0.00441030516788032
0
0
0
0
0
0
0
0
0
0
0
0
0
0
0
0
0
0
0
0.0035385006579288
0.0035385006579288
0.0035385006579288
-1000
-1000
0
-1000
-1000
0
0
0
0
0
-609.083299569672
1000
0
0
0
0
0
0
0
0
0
0
-1000
0
710.099498551146
-289.899063620993
-1000
-1000
-1000
-999.443201160617
0.556798839383077
-1000
0
0
0
0
0
0
0
0
0
0
-1000
0
1000
0.387576934382704
0.0035385006579288
0.0035385006579288
0.0035385006579288
0.0035385006579288
0.0035385006579288
0
0
0
0
1000
0
0.00143782786154448
0
0
0.0104242519961975
0
0
0
0
0
0
-1000
0
0
0
0
0
0
1000
-999.998562172138
0
1000
1000
1000
-1000
0
0
0
0
0
0
0
0
0
11.4028355156643
0
0
0
0
0
0
0
0
0
0
0
0
0
0
0
0
0
0
0
0.0141710968377922
0
0
0
0
0
0
0
0
0
0
0
0
0
0
0
0
0
-552.558769579066
0
0
0
0
0
0
0
0
0
-1000
0
0
0
0
0
0
0
47.2684843146174
1000
-1000
-1000
-1000
-1000
1000
0
0.00971292789292341
0
0
0
0
655.685172306422
-1000
-1000
0
0
0
0
0
999.978768996052
14.2720415435178
0
0
0
0
0.569076376825336
0.569076376825336
-278.937591184656
-999.974409973503
0
0
0
0
0
0
0.359217646501043
0
-1000
0
0
0
0
0
0
0
999.985828903162
0.0035385006579288
0
0
0
0
0
0
0
0
554.395065948395
1000
0
0
1000
0
0
0
1000
0
0
0
-315.979284600565
0
-1000
0
0
0
-1000
-1000
0
0
0
0
0
0
0
0
0
0
0
0
-977.227039062075
0
0
0
0
-923.685010827507
-1000
0
0
17.0913095190606
0
0
0
0
0.00518467270313916
0
0
0
0
0
0
0
0
0
7.73134188317476
0
0
0
0
0
0
0
0
0
0
1000
0
-1000
-1000
-1000
-1000
987.515456905764
1000
0
0
0
0
0
0
0
0
-1000
-206.736228889815
0
1000
0.00176412206714132
0.00176412206714132
0
41.9814854887711
-1000
0
0
101.539033547933
0
0
0
0
0
0
0
0
0
0
0
0
0
0
0
0
0
0
0
0
0
0
0
0
0
-0.0194155992621745
0
0
0
0
0
0
0
0
0
0
0
0
0
0
0
0
0
0
0
0
0
0
0
0
0
0
0
0
0
0
0
0
0
0
0
0
0
0
0
0
0
0
0
0
0
-1000
0
-1000
0
0
0
0
0
0
-1000
0
0
0
0
0
0
0
0
0
0
0
999.950754395742
0
0
0
0
0
0
0
0
0
0
0
0
0
1000
0
0
0
1000
0
0
0
0
0
0
0
0
0
0
0
0
0
0
0
0
0
0
0
0
0
0
0
0
0
0
0
0
0
0
0
0
0
0
0
0
0
0
0
394.069530518461
0
0
0
0
0
0
0
0
0
0
0
0
0
0
394.070968346323
0
0
0
0
0
0
0
0
0
0
0
0
0
0
0
0
0
0
0
0
0
0
0
0
0
0
0
0
0
0
0
0
0
0
0
0
0
0
0
0
0
0
0
0
0
0
0
0
0
0
0
0
0
0
0
0
0
0
0
0
0
0
0
0
0
0
0
0
0
0
0
0
0
0
0
0
0
0
0
0
0
0
0
0
0
0
0
0
0
0
0
0
0
0
0
0
0
0
0
0
0
0
0
0
0
0
0
0
0
0
0
0
0
0
0
0
0
0
0
0
0
0
0
0
0
0
0
0
0
0
0
-1000
0
0
0
0
0
0
0
0
0
0
0
0
0
0
0
0
0
0
0
0
0
0
0
0
190.562984971852
0
0
-98.5664385104083
0
1000
0
-999.838831551555
0
-1000
0
-344.314827693578
-1000
0
0
0
0
1000
0.0212310039475728
0
0
0
293.007394571839
0
0
0
0
0
0
0
0
0
0
0
0
-32.0112359476403
0
0
0
0
0
0
0
0
0
0
0
0
0
0
0
0
0
0
0
0
0
0
0
0
0
0
0
0
0
0
0
0
0
0
0
0
0
0
0
0
0
0
0
0
0
0
0
0
0
0
0
0
0
0
0
0
0
0
0
0
0
0
0
0
0
0
0
0
0
0
0
0
0
0
0
0
0
0
0
0
0
0
0
0
0
0
0
0
0
0
0
0
0
0
0
0
0
0
0
0
0
0
0
0
0
0
0
0
0
0
0
0
0
0
0
0
0
0
0
0
0
0
0
0
0
0
0
0
0
0
0
0
0
0
0
0
0
0
0
0
0
0
0
0
0
0
0
0
0
0
0
0
0
0
0
0
0
0
0
0
0
0
0
0
0
0
0
0
0
0
0
0
0
0
0
0
0
0
0
0
0
0
0
0
0
0
0
0
0
0
0
0
0
0
0
0
0
0
0
0
0
0
0
0
0
0
0
0
0
0
0
0
0
0
0
0
0
0
0
0
0
0
0
0
0
0
0
0
0
0
0
0
0
0
0
0
0
0
0
0
0
0
0
0
0
0
0
0
0
0
0
0
0
0
0
0
0
0
0
0
0
0
0
0
0
0
0
0
0
0
0
0
0
0
0
0
101.539033547933
0
0
0
0
0
0
0
0
0
0
0
-1000
0
0
0
0
0.00353850065789629
-720.640891334795
-278.937591184656
0
0
0
0
0
0
0
0
0
0
0
0
0
0
0
0
0
0
0
0
0
0
0
0
0
0
0
0
0
0
0
0
0
0
0
0
0
0
0
0
0
0
0
0
0
0
0
0
0
0
0
0
0
0
0
0
0
0
0
0
0
0
0
0
0
0
0
0
0
0
0
0
0
0
0
0
0
0
0
0
0
0
0
0
0
0
0
0
0
0
0
0
0
0
0
0
0
0
0
0
0
0
0
0
0
0
0
0
0
0
0
0
0
0
0
0
0
0
0
0
0
0
0
0
0
0
0
0
0
0
0
0
0
0
0
0
0
0
0
0
0
0
0
0
0
0
0
0
0
0
0
0
0
0
0
967.98876405236
0
0
1000
1000
0
0
0
0
0
0
1000
0.00353850065789629
0
0
-1000
710.102374206869
0
0
0
0
0
0
999.950532786454
0
0
0
0
0
0
0
0
0
0
1000
-1000
0
0
1000
0
0
0
0
0
0
0
0
0
0
0
0
0
0
0
0
0
0
0
0
0
0
0
0
0
0
0
0
0
0
0
0
0
0
0
0
0
0
0
0
0
0
0
0
0
0
0
0
0
0
0
0
0
0
0
0
0
0
0
0
0
0
0
0
0
0
0
0
0
0
0
0
0
0
0
0
0
0
0
0
0
0
0
0
0
0
0
0
0
0
0
0
0
0
0
0
0
0
0
0
0
0
0
0
0
0
0
0
0
0
0
0
0
0
0
0
0
0
0
0
0
0
0
0
0
0
0
0
0
0
0
0
0
0
0
0
0
0
0
0
0
0
0
0
0
0
0
0
0
0
0
0
0
0
0
0
0
0
0
0
0
0
0
0
0
0
0
0
0
0
0
0
0
0
0
0
0
500
85.4710303847537
0
0
-0.956653311208015
0
0
456.201624678623
18.9061919211075
41.3252431910284
0.102565236461704
85.4710303847537
0
0
0
0
0
0
0
0
0
0
0
0
0
0
0
0
0
0
0
0
0
0
0
0
0
699.276865236501
-1000
0
-1000
0
175.217160011211
-394.010383676536
0
278.937591184656
0
12.625048921086
12.6900504944042
0
22.8056710313285
-11.4028355156643
0
0
-3.59456965386119
0
999.983230583839
0
0.0114770499601133
0
0
0
0.0035385006579288
0
0
0
0
0
0
0
0
0
0
0
0
0
0
0
0
11.4028355156643
0
394.069530518461
0
0
-425.650786562608
-0.698784340710631
-0.0301943850923863
0
-10.5005776263311
-20.5856292913436
-1000
-32.9207400196469
21.730656479968
-738.053122295153
-26.0102063561183
-4.5121011650416
-30.7923105061452
-1000
-1000
0
0
0
0
-1000
-38.0501215132304
-17.1571512172776
-26.1374684468096
-13.0459604673588
-10.0924149942799
-23.419511048332
-1000
976.440307914734
932.978882987748
0
1000
-1000
0
0
1000
0
0
-0.179136373582992
-1000
0
0
0
0
0
0
1000
-1000
0
0
0
0
0
0
0
0
0
-0.00353850065789629
-0.00353850065789629
0
0
0
0
0
0
0
0
0
0
0
0
959.868062309109
-959.868062309109
0
0
1000
0
-1.65714225196029
0
0
-427.621112642219
999.986748571449
0
-0.00353850065789629
-0.00353850065789629
-0.975275739308017
552.558769579066
0
0
-0.00353850065789629
0
-0.00353850065789629
0
0
0
-0.00353850065789629
0
0
0
-0.00353850065789629
0
0
0
0
0
0
0
0
0
0
0
1000
0
0
0
0
0
1.83275786867114
0
0
0
0
0
0
-997.08766011067
24.2763555638071
0
0
0
-988.060950115885
0
1000
0
0
-0.00353850065789629
0
0
0
0
0
0
0
0
0
0
0
0
0
0
-582.929789869576
-0.956653311208015
-0.00826504863823629
-1000
-1000
0
0
0
0
177.813896411426
712.998088322481
0
0
0
-10.281907632155
959.868062309109
0
0
0
0
0
367.380005398143
0
0
0
0
450.909755969591
1000
1000
0
0
391.690634249002
0
0
0
0
18.3380343613429
0
0
0
0
0
-1000
-1000
0
0
0
0
0
-1000
0
0
0
0
445.604934051605
-108.042844486138
108.042844486138
0
0
0
0
0
0
287.001911677519
-1000
-664.571078826782
-343.431478020588
0
0
-18.3380343613429
0
0
0
0
0
0
0
0
1000
-0.0244479967775533
-0.00143782786153679
-0.389291893513132
0
-0.0212079609577813
-0.0805134371150871
-0.0136593646847132
-0.0772832475580572
-0.0413375510194101
0
0
0
9.59742122872785
-0.0787210754195939
-0.00143782786153679
-967.98876405236
-0.00143782786153679
-0.00143782786153679
0
0
0
-0.00143782786153679
-0.534719689306826
0
0
-14.2720415435177
0
-0.359217646501065
-0.00143782786153679
0
0
-0.00143782786153679
-0.00143782786153679
-0.00143782786153679
-0.00143782786153679
-0.0558681048225935
0
-0.0898642413465041
0
0
0
-1000
1000
0
0
-1000
1000
-0.00353850065789629
-1000
977.227039062075
-977.227039062075
0
0
0
-1000
0
0
1000
0
0
0
0
0
0
0
0
0
0
0
0
0
0
0
0
-1000
1000
-41.981485488771
41.9814854887711
1000
-1000
0
-1000
1000
0
0
0
-0.00143782786153679
-0.00143782786153679
0
0
0
0
967.98876405236
-1000
999.838831551555
1000
0.0212310039476051
0
0
0
293.00739457184
0
-1000
0
-1000
0
0
0
0
0
0
0
0
0
0
0
0
0
0
0
0
0
0
0
0
0
0
0
0
0
0
0
0
0
0
0
0
0
0
0
0
0
0
0
0
0
0
0
0
0
0
0
0
0
0
0
0
0
0
0
0
0
0
0
0
0
0
0
0
0
0
0
0
0
0
-0.00143782786153679
0
0
0
0
0
0
0
0
0
0
0
0
0
0
0
0
0
0
0
0
0
0
0
0
0
0
0
0
0
0
0
0
0
0
0
0
0
0
0
0
0
0
0
0
0
0
0
0
0
0
0
0
0
0
0
0
0
0
0
0
0
0
0
0
0
0
0
0
0
0
0
0
0
0
0
0
0
0
0
0
0
0
0
0
0
0
0
0
0
0
0
0
0
0
0
0
0
0
0
0
0
0
0
0
0
0
0
0
0
0
0
0
0
0
0
0
0
0
0
0
0
0
0
0
0
0
0
0
0
0
0
0
0
0
0
0
0
0
0
0
0
0
0
0
0
0
0
0
0
0
0
0
0
0
0
0
0
0
0
0
0
0
0
0
0
0
0
0
0
0
0
0
0
0
0
0
0
0
0
0
0
0
0
0
0
0
0
0
0
0
0
0
0
0
0
0
0
0
0
0
0
0
0
0
0
0
0
0
0
0
0
0
0
0
0
0
0
0
0
0
0
0
0
0
0
0
0
0
0
0
0
0
0
0
0
0
0
0
0
0
0
0
0
0
0
0
0
0
0
0
0
0
0
0
0
0
0
-1000
0
1000
0
0
908.9081562483
720.640891334795
0
0
0
0
0
0
0
0
0
0
0
0
0
0
0
0
0
0
999.950532786454
0
0
0
0
0
967.98876405236
0
-710.102374206869
0
-1000
-0.00353850065789629
0
0
0
0
0
0
0
0
1000
0
0
0
0
0
-1000
0
0
0
0
0
0
0
0
0
0
0
0
0
0
0
0
0
0
0
0
0
0
0
0
0
0
0
0
0
0
0
0
0
0
0
0
0
0
0
0
0
0
0
0
0
0
0
0
0
0
0
0
0
0
0
0
0
0
0
0
0
0
0
0
0
0
0
0
0
0
0
-0.00143782786153679
-0.00143782786153679
-0.00143782786153679
-0.00143782786153679
0
-0.00143782786153679
-0.558236667244614
-0.00143782786153679
-0.00143782786153679
-0.00143782786153679
-0.00143782786153679
-0.00143782786153679
0
-0.00143782786153679
-0.00143782786153679
-0.00143782786153679
-0.00143782786153679
-0.00143782786153679
-0.00143782786153679
-0.00143782786153679
0
-0.00143782786153679
-0.00143782786153679
-0.00143782786153679
0
-1000
85.4710303847537
0
0.0132514285508023
0
0
0
0
0
0
0
0
0
0
0
