0
0
0
0
0
0
0
0
-1000
0
1000
0
0
199.306584812664
0
0
999.747916016535
-999.747916016535
999.942144659532
0
0.0578553404674398
0
-1000
0.363662140081033
0
1000
-201.730254342293
0
-35.1271080016257
0.023825904430054
0
0
0
0
0
0.0318618907068285
0
0
0
34.718332542287
0
0
0
0
0
0
0
0
0
0
0
0
0
0
0
0
0
999.97617409557
0
0
0
0
0
0
0
0
0
0
35.1271080016256
0
0
0
0
-1000
-1000
0
0
0
0
35.1271080016257
0
-1000
0
0
0
0
0
0
0
0
0
0
0
0
0
0
0
0
0
0
0
0
0
0
0.00353850065792881
0
0
0
0
0
0
0
0
0
0
0
0
0
0
0
0
0
0
0
0
0
0
0
0
0
1000
0
0
1000
0
0
0
0
1000
0
0
0
0
-14.4842421800746
0
0
0
0
-1000
0
0
0
1000
0
0
598.55817346177
1000
1000
401.433561489592
0
0
0
-1000
401.433561489592
600.740146302256
1000
-800.693415187336
0
204.308949517414
1000
0
0
0
0
0
1000
-1000
0
0
0
0
0
-3.43579439426696
0
0
0
0
0
0
0
3.60109536703112
-1000
0
0
0
1000
0
0
0
0
0
0
999.747916016535
0
0
0
-3.43992691858602
0
-1000
1000
0
0
0
0
0
0
0
0
0
0
1000
0.456415302254641
0
-999.543584697745
0.464680350892791
338.71028052681
0
1.14517077995561
0
0
0
-999.311244522299
0
0
0
0
0
0
0
0
0
0
-0.456415302254641
0
-1000
0
-939.096517287183
1000
-854.869825239212
1000
0
1000
9.6375715042718
-1000
-1000
-0.956653311208015
0.0065009265711069
336.105279077958
7.73134188317165
-0.684622953381904
0
0
-1000
339.174960877702
0
0
1000
0
0.177698545721422
0
-0.177698545721455
0
0.00176412206714132
1000
0
0
1000
0
0
0
0
0
0
0
0
0
0
0
0
0
1000
0
1000
0
0
0
998.854829220044
0
-0.177698545721455
0
-0.684622953381904
330.294315690256
0
0.684622953381904
2.60500144885202
0
0
0
7.73134188317169
0
-1000
0
0
0
1000
330.978938643638
0
1000
-0.956653311208015
0
7.73488038382956
0
0
0
0
0
0
0
0
0
0.688755477700965
0
-1.14517077995561
0
0
0
2.28207651127293
0
9.60694381524632
0
0
0
0
7.73134188317165
0
0
0
-938.935348838738
721.975691778519
999.315377046618
-1000
0
1000
0
-1000
-1000
-1000
1000
-0.00176412206712939
1000
1000
0
7.73134188317169
-1000
0
0
0
0
-1000
7.73134188317169
1000
-1000
0
0
-1000
0
0
1000
-1000
0
0
0
0
0
0
0.956653311208041
-986.951122406377
0
997.045109212903
-1000
1000
-1000
-1000
-1000
-1000
1000
1000
1000
0
-1000
1000
2.96315583573505
-1000
1000
-1000
-166.330244178332
1000
-852.563872395601
-1000
-1000
1000
0
0
0
1000
-1000
992.268658116828
0
0
-1000
0
0
0
1000
-805.704035816331
0
0
0
-29.1171424138769
0
0
0
0
0
0
0
0
0
0
0
0
0
0
0
0
0.00353850065792881
0
705.22561059049
294.77438940951
-1000
0
1000
0
0
0
0
0
0
0
0
0
705.22561059049
0
0
0
0
0
0
0
0
0
0
0
0
1000
0
0
0
0
0
-1000
1000
0
0
0
0
0
0
0
0
0
0
0
0.00353850065789629
-1000
0.103313107977556
0.103313107977556
0
-965.471383230307
0
0
0
0
0
0
0
0
0
0
0
0
0
0
0
0
-549.284543372972
0
0
0
0
0
0
0
0
0
0
0
0
0
0
0
0
0
0
0
0
0
0
0
0
0
0
0
0
0
0
0
0
0
0.161168448445012
0
0
680.519842978833
-1000
0
1000
0
1000
0
0
1000
0
0
0
0
0
0
0
0
0
0
0
0
0
0
0
0
0
0
0
0
0
0
0
0
0
0
0
0.161168448445012
0
0
0
0
0
0
0
0
0
1000
0
0
0
0
0
0
0
0
0
0
0
0
0
0
0
0
0
0
0
0
0
0
0
0
0
0
0
0
0
0
0
0
0
-1000
0
0
0
0
0
0
0
0
0
0
0
0
0
32.0112359476404
0
32.0112359476404
0
0
0
0
0
0
0
0
0
0
0
0
0
0
0
0
0
0
0
500.002934220473
0
1000
0
500.007066744792
180.618491015629
0
0
638.763017968742
0.747986901757615
0.747986901757615
0
0
0
0
0
0
0
0
0
0
0
0
0
0
0
0
0
0
0
0
0
0
0
0
0
0
-0.00353850065789629
0
0
0
1000
0
0
-1000
0
0
0
0
2.14891264593348
0
0
2.14891264593348
0
0
0
0
0
0
0
0
0
0
2.14891264593348
0
2.14891264593348
0
0
0
12.8192656534693
36.5417501367577
23.3575231835455
17.1075609254484
25.3648103321315
8.34848973161881
19.5254295362451
35.7205872123362
32.8921371393287
10.4013970426726
20.1641118107952
41.5599680082226
32.800896814393
10.1276760678654
16.7882197881733
23.2662828586098
30.154927391257
24.4067869203063
4.47077592185051
30.4286483660642
0
0
0
0
0
0
0
0
0
0
0
0
0
0
0
0
0
0
0
0
0
0
0
0
0
0
0
0
0
0
0
0
0
0
0
0
0
0
0
0
0
0
0
0
0
0
0
0
0
0
0
0
0
0
0
0
0
0
0
0
0
0
0
0
0
0
0
0
0
0
0
0
0
0
0
0
0
0
0
0
0
0
0
0
0
0
0
0
0
0
0
0
-1000
0
0
0
0
-278.024308221481
-278.024308221481
1000
1000
0
0
0
0
185.567199895738
334.000985037088
0
-29.1171424138769
-519.716955808313
-519.716955808313
-1000
0
-450.715456627028
0
-450.831167307962
1000
1000
519.576449981464
1000
0
-185.567199895738
665.999014962912
0
-1000
-1000
-1000
0
0
549.284543372972
0
549.284543372972
450.715456627028
0
0
0
0
0
0
0
0
0
0
0
-1000
271.253158150175
1000
1000
0
500
0
2.51237962404093
5
0
0
0
0
0
0
0
0
225.358059735981
0
0
-0.00143782786153679
0
0
0.00143782786153679
0
-0.00143782786153679
21.0016945722531
270.171783254995
0
-0.00143782786153679
0.00143782786153679
-0.00143782786153679
-0.534719689306826
0
-0.0898642413465041
0.556798839383101
-1000
-0.00143782786153679
0
-0.00143782786153679
-0.00143782786153679
0.00143782786153679
-0.00143782786153679
0.00143782786153679
-0.00143782786153679
-0.00143782786153679
-0.00143782786153679
-0.00143782786153679
-0.00143782786153679
-0.00143782786153679
-0.00143782786153679
-0.00143782786153679
-0.00143782786153679
-0.00143782786153679
-0.00143782786153679
-0.0301943850923863
-0.0141710968377993
-0.0413375510194101
-0.0416970079847943
-0.0212079609577813
0.00143782786153679
0.00143782786153679
-0.0805134371150871
0.00143782786153679
0.00143782786153679
0.00143782786153679
0.00143782786153679
-0.688360088714376
-0.0104242519961417
-0.0772832475580572
-0.389291893513132
-0.0244479967775533
0.00143782786153679
0.00143782786153679
0.0136593646847132
0.00143782786153679
0.00143782786153679
-0.00143782786153679
0
0
0
0
0
0
0
0
0
0
0
0
0
0
0
0
0
0
0
0
0
0
0
0
0
0
0
0
0
0
0
0
0
0
0
0
0.00518467270319434
0
0
0
0
0
0
0
0
0
0
0
0
0
0
0
0
0
0
0
0
0
0
0
0
0
0
0
0
0
0
0
0
0
0
0
0
0
0
0
1000
0
0
0
0
0
0
0
0
0
0
0
0
0
0
0
0
0
0
0
0
0
0
0
0
0
0
0
0
0
0
0
0
0
0
0
0
0
0
0
0
0
0
0
0
0
0
0
0
0
0
0
0
0
0
0
0
0
0
0
0
0
0
0
0
0
0
0
0
0
0
0
0
0
0
0
0
0
0
0
0
0
0
0
0
0
0
0
0
0
0
0
0
0
0
0
0
0
0
0
0
0
0.00143782786154448
0
0.00143782786154448
0.00143782786154448
0
0
0
0
0
0
0
0
0
0
0
0
0
0
0
0
0
0
0
0
0
0
0
0
0
0
0
0
0
0
0
0
0
0
0
0
0
0
0
0
0
0
0
0
0
0
0
0
0
0
0
0
0
0
0
0
0
0
0
0
0
0
0
0
0
0
0
0
0
0
0
0
0
0
0
0
0
0
0
0
0
0
0
0
0
0
0
0
0
0
0
0
0
0
0
0
0
0
0
0
0
0
0
0
0
0
0
0
0
0
0
0
0
0
0
0
0
0
0
0
0
0
0
0
0
0
0
0
0
0
0
0
0
0
0
0
0
0
0
0
0
0
0
0
0
0
0
0
0
0
0
0
0
0
0
0
0
0
0
0
0
0
0
0
0
0
0
0
0
0
0
0
0
0
0
0
0
0
0
0
0
0
0
0
0
0
0
0
0
0
0
0
0
0
0
0
0
1000
0
0
0
0
0
0
0
0
0
0
0
0
0
0
0
0
0
0
0
0
0
0
0
0
0
0
0
0
0
0
0
0
0
0
0
0
0
0
0
0
0
0
0
0
0
0
0
0
0
0
0
0
0
0
0
0
0
0
0
0
0
0
0
0
0
0
0
0
0
0
0
0
0
0
0
0
0
0
0
0
0
0
0
0
0
0
0
0
0
0
0
0
0
0
0
1000
1000
0
0
0
0
0
0
0
0
0
0
0
0
0
0
0
0
0
0
-1000
0
-1000
0
0
0
0
0
0
0
1000
1000
0
0
0
0
0
0
0
0
0
0
0
0
0
0
0
0
0
0
0
0
0
0
0
0
0
0
0
0
0
0
0
0
0
0
0
0
0
0
0
0
0
0
0
0
0
0
0
0
0
0
0
0
0
0
0
0
0
0
0
0
0
0
0
0
0
0
0
0
0
0
0
0
0
0
0
0
0
0
0
0
0
0
0
-1000
45.6099042347955
0
0
0.00143782786153679
0
1000
0
0
-0.00143782786153679
0
22.9718900287251
-0.00143782786153679
270.250504330414
0
0
0
0.00518467270319434
0
0
-1000
999.998562172138
0
0
0
0
0
0
0
0
0
0
0
0
0
-1000
0.00518467270319434
0
0
0
-0.0194155992621745
0
0
0
0
0
0
0
0.0194155992621745
0
0
0
0
0
0
1000
-1000
0
0
0
-156.428474990763
1000
-0.0212310039476051
0
0
0.00143782786153679
-0.00143782786153679
0
0
0.0492456042579761
-0.0492456042579761
1000
0
0
0
0.00143782786153679
0.00143782786153679
-1000
0
-410.72198726235
-589.27801273765
-1000
-0.00143782786153679
-729.749495669586
-270.250504330414
-1000
0
0
0
0
0
1000
0
612.012016591513
0
0
0
-1000
1000
-1000
0
0
0
-1000
0
0
0
-1000
0
0
0
0
0
0
0
0
0
0
0
0
0
0
0
0
0
0
0
-1000
1000
-1000
0
-1000
0
-1000
0
-1000
0
0
0
0
0
0
0
0
0
-1000
0
1000
0
-1000
0
-1000
0
-1000
0
-1000
0
0
0
0
0
0
0
0
0
-1000
0
0
0
0
0
0
0
0
0
0
0
0
0
0
0
0
0
0
0
0
0
0
0
0
0
0
0
0
0
0
0
0
0
0
0
0.00518467270319434
-0.00518467270319434
0
0
0
0
0
0
0
0
0
0
0
0
0
0
0
0
0
0
0
0
0
0
0
0
0
0
0
0
0
0
0
0
0
0
0
0
0.00518467270319434
-0.00518467270319434
0
0
0
0
0
0
0.0194155992621745
0.0194155992621745
0
0
0
0
0
0
0
0
0
0
0
0
0
0
0
0
-0.0194155992621745
-0.0194155992621745
0
0
0
0
0
0
0
0
0
0
0
0
0
0
0
0
0
0
0
0
0
0
0
0
0
0
0
0
0
0
0
0
0
0
0
0
0
0
0
0
0
0
0
0
1.15894956476389
0.00353850065792881
0
0
0
0
0
0
0
0
0.145820415518821
0
0
0
0
0
0
0
0
0
0
0
0
0
0
0
0
0
0
0
0
0
0
0
0
0
0
0
0
0
0
0
0
0
0
0
0
0
0
0
0
0
0
0
0
0
0
0
0
0
0
0
225.408743168101
225.408743168101
225.408743168101
0
225.359497563843
225.359497563843
0
0
0
0
0
0
0
0
0
0
0
0
0
0
0
0
0
0
0
0
0
0
0
0
0
0
0
0
0
0
0
0
0
0
0
0
0
0
0
0
0
0
0
0
0
0
0
0
0
0
0
0
0
0
0
0
0
0
0
0
0
0
0
0
0
0
0
0
0
0
0
0
0
0
0
0
0
0
0
0
0
0
0
0
0
0
0
0
0
0
0
0
0
0
0
0
0
0
0
0
0
0
0
0
0
0.00143782786154448
0.00143782786154448
0.00143782786154448
0.00143782786154448
0
0
0
0
0
0
0
0
0
0
0
0
0
0
0
0
0
0
0
0
0
0
0
0
0
0
0
0
0
0
0
0
0
0
0
0
0
0
0
0
0
0
0
0
0
0
0
0
0
0
0
0
0
0
0
0
0
0
0
0.00353850065792881
0.00353850065792881
0.00353850065792881
0.00353850065792881
0.00353850065792881
0
0
0
0
0
0
0
0
0
0
0
0
0
0
0
0
0
0
0
0
0
0
0
0
0
0
0
0
0
0
0
0
0
0
0
0
0
0
0
0
0
0
0
0
0
0
0
0
0
0
0
0
14.4842421800746
14.4842421800746
-14.4842421800746
4.81982422515637
-2.40814286224918
2.40814286224922
2.40814286224922
2.40814286224922
0
0
0
0
0
0
0
0
0
0
0
0
0
0
0
0
0
0
0
0
2.40814286224922
0
2.40108637398066
2.40814286224922
2.40814286224922
2.40814286224922
2.40814286224922
2.40814286224922
2.40814286224922
2.40814286224922
2.40814286224922
2.40814286224922
2.40814286224922
2.40814286224922
2.40814286224922
2.40814286224922
2.40814286224922
2.40814286224922
2.40814286224922
14.4842421800746
14.4842421800746
4.81982422515637
4.81982422515637
0
0
0
0
0
0
0
0
0
0
0
0
0
0
0
0
0
0
0
0
0
0
0
0
0
0
0
0
0
0
0
0
0
0
0
0
0
0
0
0
0
0
0
0
0
0
0
0
0
0
0
0
0
0
0
0
0
0
0
0
0
0
0
0
0
0
0
0
0
0
0
0
0
0
0
0
0
0
0
0
0
0
0
0
0
0
0
0
0
0
0
0
0
0
0
0
0
0
0
0
0
0
0
0
0
0
0
0
0
0
0
0
0
0
0
0
0
0
0
0
0
0
0
0
0
0
0
0
0
0
0
0
0
0
0
0
0
0
0
0
0
0
0
0
0
0
0
0
0
0
0
0
0
0
0
0
0
0
0
0
0
0
0
0
0
0
0
0
0
0
0
0
0
0
0
0
0
0
0
0
0
0
0
0
0
0
0
0
0
0
0
0
1.15894956476389
1.17220099331474
1.17220099331474
0
0
0
0
-1.17220099331473
1.17220099331474
0
0
0.0132514285508522
0
0
1000
0
0
0
0
0
0
0
0
0
0
0
0
0
0
0
0
0
0
0
0
0
0
0
0
0
0
0
0
0
0
0
0
0
0
0
0
0
0
0
0
0
0
0
0
0
0
0
0
0
0
0
0
0
0
0
0
0
0
0
0
0
0
0
0
0
0
0
0
0
0
0
0
0
0
0
0
0
0
0
0
0
0
0
0
0
0
0
0
0
0
0
0
0
0
0
0
0
0
0
0
0
0
0
0
0
0
0
0
0
0
0
0
0
0
0
0
0
0
0
0
0
1.15894956476389
0.00353850065792881
0
0
0
0
0
0
0
1.52572968803338
0
0
0
0.956653311208041
0.956653311208041
0.956653311208041
0
0
0
0
0
0
1.30830848094064
0
0
0
0.00353850065792881
0
0
0
0
-1.3083084809407
1.30830848094064
0
0
0
0
0
0
0
0
0
0
0.22713413498566
0
0.217421207092737
0
0
0
0
0
0
0
0
0
0
10.6668734818889
10.6668734818889
10.6668734818889
0
0
0
0
-0.14582041551887
0
0
0
0
0
0
0
0
0
0
0
0
0
0
0
0
0
0
0
0
0
0
0
0
0
0
0
0
0
0
0
0
0
0
0
0
0
0
0
0
0
0
0
0
0
0
0
0
0
0
0
0
0
0
0
0
0
0
0
0
0
0
0
0
0
0
0
0
0
0
0
0
0
0
0
0
0
0
0
0
0
0
0
0
0
0
0
0
0
0
0
0
0
0
0
0
0
0
0
0
0
0
0
0
0
0
0
0
0
0
0
0
0
0
0
0
0
0
0
1000
0
0
1000
1000
0
0
0
0
0
0
0
0
0
0
0
0
0
0
0
0
0
0
0
0
0
0
0
0
0
0
0
0
0
0
0
0
0
0
0
0
0
0
0
0
0
0
0
0
0
0
0
0
0
0
0
0
0
0
0
0
0
0
0
0
0
0
0
0
0
0
0
0
0
0
0
0
0
0
0
0
0
0
0
0
0
0
0
0
0
0
0
0
0
0
0
0
0
0
0
0
0
0
0
0
0
0
0
0
0
0
0
0
0
0
0
0
0
0
0
0
0
0
0
0
0
0
0
0
0
0
0
0
0
0
0
0
0
0
0
0
0
0
0
0
0
0
0
0
0
0
0
0
0
0
0
0
0
0
0
0
0
0
0
0
0
0
0
0
0
0
0
0
0
0
0
0
0
0
0
0
0
0
0
0
0
0
0
0
0
0
0
0
0
0
0
0
0
0
0
0
0
0
0
0
0
0
0
0
0
0
0
0
0
0
0
0
0
0
0
0
0
0
0
0
0
0
0
0
0
0
0
0
0
0
0
0
0
0
0
0
0
0
0
0
0
0
0
0
0
0
0
0
0
0
0
0
0
0
0
0
0
0
0
0
0
0
0
0
0
0
0
0
0
0
0
0
0
0
0
0
0
0
0
0
0
299.03101408407
0
299.03101408407
0
0
0
0
0
0
0
0
0
0
0
0
0
0
0
0
0
0
0
0
0
0
0
0
0
0
0
0
1000
0
0
0
0
0
0
0
0
0
0
0
0
0
0
0
0
0
0
0
0
0
0
0
0
0
0
0
0
0
0
0
0
0
0
0
0
0
0
0
0
0
0
0
0
0
0
0
0
0
0
0
0
0
0
0
0
0
0
0
0
0
0
0
0
0
0
0
0
0
0
0
0
0
0
0
0
0.161168448445012
0.161168448445012
0
0
0
0.161168448444982
0
0.161168448445012
0
0
0
0
0.0247951459146171
0
0
0
0
0
0
0
0
0
0
0
0
0
0.975275739308267
0
0
0
0
0
0
0.975275739308267
0.975275739308267
0.975275739308267
0.975275739308245
0
0
0
0
0
0
0
0
0
0
0
0
0
0
0
0
0
0
0
0
0
0
0
0
0
0
0
0
0
0
0
0
0
0
0
0
0
760.378948128086
760.378948128086
0
0
0
0
0
0
0
0
0
0
0
0
0
0
0
0
0
0
0
0
0
0
0
0
0
0
0
0
0
0
0
0
0
0
0
0
0
0
0
0
0
0
0
0
0
0
0
0
1000
0.684622953381904
-1000
0
0
0
-558.13539589902
509.252539042466
558.13539589902
0
33.8439938163116
0
0
-1000
0
0
0
0
0
0
0
0
0
0
0
0
0
0
0
0
0
0
0
0
0
0
0
0
0
0
0
0
0
0
0
0
0
0
0
0
0
0
0
0
0
-509.252539042466
0
0
0
0
0
0
0
0
0
0
0
0
0
0
0
0
0
-999.996461499342
-1000
1000
-1000
1000
999.996461499342
-1000
0
0
0
0
0
0
0.00353850065789629
0
0
0
0
0
0
0
0
0
0
0
0
0
0
0
0
0
402.382046706783
0
0
0
0
0.00264618310071198
0.00353850065792881
0.00971292789292342
1000
0.00176412206714132
0.00176412206714132
0.00353850065789629
0
0.000882061033570658
0.00176412206714132
0.0150155506179436
-0.00176412206712939
0.00176412206714132
0.00176412206714132
0.00176412206714132
0.00176412206714132
0.00176412206714132
-0.00176412206712939
-0.00352824413425878
0.00176412206714132
0.00176412206714132
0.00176412206712939
0.00176412206714132
-999.95583540918
-0.00530262272502569
999.954071287113
0.00353850065789629
0.00176412206714132
0.00176412206714132
0.00353850065792881
0.00353850065792881
-0.00353850065789629
-0.00353850065789629
0.00353850065789629
0.00353850065789629
0.00176412206714132
0.00176412206714132
0.00176412206714132
0.00176412206714132
-0.00530262272502569
-999.986748571449
0
0
0
0
0
0
-319.480157021167
0
0
0
0.00353850065792881
0
0
0
0
0.0017692503289644
0.00353850065789629
0.00353850065789629
0
0
0.00353850065792881
0.00353850065792881
0
0
0
0
0
0
0.00705648826856527
0.00176412206714132
0.00529236620142395
0.00176412206714132
-0.00176412206712939
0.00176412206714132
0.00176412206714132
0.00176412206714132
0.00176412206714132
0.00176412206714132
0.00176412206714132
0.00352824413428264
0.00176412206714132
0.00176412206714132
0.00176412206714132
0.00176412206714132
0.00176412206714132
0
0.00176412206714132
0.00353850065792881
0.00353850065792881
0.00353850065792881
0.00353850065792881
0.00353850065792881
0.00353850065792881
0.00353850065792881
0.00353850065792881
0.00353850065792881
0.00353850065792881
0.00353850065792881
0.00353850065792881
0.00353850065792881
0.00353850065792881
0
0
0
0
0
0
0
0
0
0
0
0
-0.00353850065789629
0
0
0
0
0
0
0
0
0
0
0
0
0
0
0
0
0
0
0
0
0
0
0
0
0
0
0
0
0
0
0
0
0
0
0
0
0
0
0
0
0
0
0
0
0
0
0
0
0
0
0
0
0
0
0
0
0
0
0
0
0
0
0
0
1000
0
0
0
0
0
0
0.00353850065792881
0
0
0
0
0
0
0
0
0
0
0
0
0
0
0
0
0
0
0
0
0
-216.122578430908
0
0
0
0
0
-225.358059735981
0
0
0
0.00143782786154448
0
0
0
0
0
0.00143782786154448
0
0
0
0.00143782786154448
0
0
21.0016945722531
0.0787210754195371
0
0
0
0.00143782786154448
0
0.00143782786154448
0
0.00143782786154448
0
0.534719689306814
0
0
0
0.0898642413465301
0
0.556798839383101
0
0.00143782786153679
0
0.00143782786154448
0
0
0
0.00143782786154448
0
0.00143782786154448
0
0.00143782786154448
0
0.00143782786154448
0
0.00143782786154448
0
0.00143782786154448
0
0.00143782786154448
0
0.00143782786154448
0
0.00143782786154448
0
0.00143782786154448
0
0.00143782786154448
0
0.00143782786154448
0
0.00143782786154448
0
0.00143782786154448
0
0.00143782786154448
0
0.00143782786154448
0
0.0301943850924341
0
0.0141710968377922
0
0.0413375510194039
0
0.04169700798479
0
0.0212079609577811
0
0.00143782786154448
0
0.00143782786154448
0
0.0805134371151408
0
0.00143782786154448
0
0.00143782786154448
0
0.00143782786154448
0
0.00143782786154448
0
0.688360088714421
0
0.0104242519961975
0
0.0772832475580159
0
0.389291893513168
0
0.0244479967776063
0
0.00143782786154448
0
0.00143782786154448
0
0.0136593646846726
0
0.00143782786154448
0
0.00143782786154448
0
0.00143782786154448
0
0
-1000
0
0
0.0132514285508023
1000
0
0
0
0
0
-1000
-1000
-1000
0
0.975275739308267
-975.723644436189
2.91233988933016
1000
0
759.070639647145
1000
-1000
-1000
0
0
1000
0
0
0
0
0
-343.431478020584
1000
0
0
0
0
-1000
997.248828559115
-0.00353850065789629
0
0
-3.56165476006004
0
329.1491449103
0
0
0
0.0238259044300548
1000
1000
-991.123487336873
-1.14517077995561
-975.723644436189
0
1000
361.615218103821
1000
-1000
0
0
1000
0
-1000
1000
0
1000
0
0
-1000
36.0748718490352
1000
1000
0
0
0
0
0
0
0
0
0
0
0
0
0
0
1000
0
572.910525470412
0
0
0
0
0
1000
0
0
0
0
1000
0
0
0
0
0
0
0
0
0
-1000
662.253304746114
-1000
-1000
1000
-1000
-1000
-1000
-1000
620.271819257343
-1000
1000
1000
-958.018514511229
-1000
-1000
-38.0501215132302
-1000
-1000
1000
-1000
1000
-1000
1000
-1000
1000
1000
1000
1000
1000
-1000
1000
-688.229604744479
-1000
-1000
-1000
-1000
-1000
-1000
-1000
-1000
1000
-894.928761474518
1000
-1000
-1000
-1000
1000
-1000
-1000
-1000
-1000
-1000
1000
-995.326730386513
-1000
-956.161729026496
-868.147877367495
-1000
-1000
-1000
-1000
-1000
1000
-1000
-1000
-1000
-1000
-1000
-1000
-1000
-1000
-1000
1000
1000
-1000
1000
-1000
-1000
-1000
-1000
1000
1000
-1000
-1000
1000
1000
1000
-969.207689493855
1000
1000
1000
-141.944537626785
-1000
1000
1000
1000
1000
-1000
1000
-1000
-1000
-958.018514511229
-1000
-1000
-1000
-1000
-1000
-454.767589545292
1000
1000
1000
1000
1000
1000
1000
-1000
434.181960253949
-1000
-1000
-1000
671.305521915827
-1000
1000
1000
-318.193900457842
0
681.806099542158
0
0
0
0
0
0
0
0
0
0
0
0
0
0
0
0
0
0
0
0
0
0
0
0
0
0
0
0
0
0
0
0
0
0
0
0
0
0
0
0
0
0
0
0
0
0
0
0
0
0
0
0
0
0
0
0
0
0
0
0
0
0
0
0
0
0
0
0
0
0
0
0
0
0
0
0
0
0
0
0
0
0
0
0
0
0
0
0
0
0
0
0
0
0
0
0
0
0
0
0
0
0
0
0
0
0
0
0
0
0
0
0
0
0
0
0
0
0
0
0
0
0
0
0
0
0
0
0
0
0
0
0
0
0
0
0
0
0
0
0
0
0
0
0
0
0
0
0
0
0
0
0
0
0
0
0
0
0
0
0
0
0
0
0
0
0
0
0
0
0
0
0
0
0
0
0
0
0
0
0
0
0
0
0
0
0
0
0
0
0
0
0
0
0
0
0
0
0
0
0
0
0
0
0
0
0
982.842848782722
0
0
0
0
0
0
0
0
0
0
0
0
0
0
0
0
0
0
0
0
0
0
0
0
0
0
0
0
0
0
0
0
0
0
0
0
0
0
0
0
0
0
0
0
0
0
0
0
0
0
0
0
0
0
0
0
0
0
0
0
0
0
0
0
0
0
0
0
0
0
0
0
0
0
0
0
0
0
0
0
0
0
0
0
0
0
0
0
0
0
0
0
0
0
0
0
0
0
0
0
0
0
0
0
0
0
0
0
0
0
0
0
0
0
0
0
0
0
-1000
1000
997.680706410611
1000
1000
1000
0
1000
-1000
-1000
1000
-1000
1000
1000
1000
1000
-1000
-1000
1000
1.65714225196018
1000
-1000
215.46042709348
-1000
-1000
-1000
-1000
1000
1000
1000
-1000
-1000
-1000
-1000
-1000
1000
784.53957290652
-1000
-1000
-1000
-1000
1000
-1000
-1000
-1000
1000
-782.220279317132
215.46042709348
-1000
-1000
-1000
-1000
-1000
0
-1000
0
0
0
0
0
0
0
1000
0
0
0
-1000
0
0
0
1000
0
-1000
-1000
0
0
0
0
0
0
0
1000
0
0
0
0
0
0
0
0
0
-0.00353850065789629
0.00353850065792881
0
0
-0.00353850065789629
-0.00353850065789629
0
0
0
0
0
0
0
0
0
0
0
0
0
0
0
0
0
0
0
0
0
0
0
0
0
0.00353850065792881
0
0
317.647399152495
1.83275786867114
0
-1000
-1000
0
0
0
0
-0.00353850065789629
0
0
0
0
0
0
0
0
0
0
0
0
0
0
0
0
0
0
1000
0
0
0
0.00353850065792881
0
0
0
0.0888492728607275
-735.29141908272
0
0
0
0
0
0
0
-1000
0
0
0
0
0
0
0
0
0
0
0
0
0
0
0
0
0
0
0
0
0
0
0
0
0
0
0
0
0
0
0
0
0
0
0
0
0
0.00353850065792881
0
0
0
1000
0
-1000
0
-225.358059735981
0
1.91330662241608
0
0
0
0
0
0.00529236620142395
1000
0
-1000
0
0
0
0
0
0
0
0
0
0
0
0
0.00353850065789629
1000
-1000
-1000
1000
0
1000
0
0
-1000
0
0
-1000
1000
-776.555246886435
1000
0
0
0
377.768934203687
-592.911986712722
1000
0
0
0
0
0
7.73488038382959
0
0
1000
0
0
0
0
921.372036720941
0
0
0
-1000
0
0
-1000
0
-1000
1000
0
0
0
0
0
0
0
0
0
0
0
-407.088013287278
1000
0
0
294.77438940951
0
0
0
0
0
0
0
0
0
1000
0
0
0
7.73134188317169
0
0
0
0
0
0
0
0
0
0
0.956653311208041
0
0.00353850065792881
-0.00353850065789629
0.00353850065792881
0.00353850065792881
0
0
450.715456627028
-450.715456627028
0.00353850065789629
0
0
-7.73134188317169
0.956653311208015
0
0
-0.0106155019738026
-1000
982.631086612556
-1000
1000
-1000
992.268658116828
0
0
-1000
982.631086612556
-992.268658116828
-1000
0
0
0
0
0
0
0
0
0
0
0
0
0
0
0
0
0
0
0
0
0
0
0
0
0
9.6375715042718
0
0
0
0
0
0.00176412206714132
0
1000
0
0
0
0
0
0
0.00353850065792881
-1000
1000
0
0
0
0
0
0
0
0
0
0
0
0
0
0
0
0
0
0
0
0
0
0
0
0
1000
0
0
0
0
0
0
0
0
0
0
0
0
0
0
0
0
0
0
0
0
0
0
0
0
0
0
0
0
0
0
2.28207651127298
0
0
0
0
0
0
0
0
0
0
0
0
0
0
0
0
0
0
0
0
0
0
0
0
0
0
0
0
0
0
0
0
0
0
0
0
0
0
0
0
0
0
0
0
0
0
0
0
0
0
0
0
0
0
0
0
0
0
0
0
0
0
0
0
0
0
0
0
0
0
0
0
0
0
0
0
0
0
0
0
0
0
0
0
0
0
0
0
0
0
0
0
0
0
0
0
0
0
0
0
0
0
0
0
0
0
0
0
0
0
0
0
0
-999.97617409557
0
0.00176412206712939
0
0.0194155992621745
0
0
-0.0238259044300548
0
1000
0.00441030516788032
0
0
0
0
0
0
0
0
0
0
0
0
0
0
0
0
0
0
0
0.00353850065792881
0.00353850065792881
0.00353850065792881
317.647399152495
-1000
0
-156.428474990763
-1000
0
0
0
0
0
-1000
294.77438940951
0
0
0
0
0
0
0
0
0
0
-1000
0
814.68675590575
-185.311806266388
-1000
1000
-1000
-1000
-387.987983408487
-1000
0
0
0
0
0
0
0
0
0
0
-1000
0
1000
0.387576934382704
0.00353850065792881
0.00353850065792881
0.00353850065792881
0.00353850065792881
0.00353850065792881
872.831587674696
0
0
0
1000
0
0
0
0
0
0
0
0
0
0
0
-1000
0
0
0
0
0
0
1000
-999.998562172138
0
1000
0
0
-999.998562172138
0
0
0
0
0
0
0
0
0
0
0
0
0
0
0
0
0
0
0
0
0
0
0
0
0
0
0
0
0
0
0
0
0
0
0
0
0
0
0
0
0
0
0
0
0
0
0
-1000
0
0
0
0
0
0
0
0
0
-1000
0
0
0
0
0
0
0
0
1000
-1000
-1000
-1000
-1000
1000
0
0.00971292789292342
0
0
0
0
-999.822301454279
-1000
-805.542867367886
0
0
0
0
0
999.978768996052
14.2720415435178
0
0
0
0
0.569076376825337
0.569076376825337
-705.220318224288
-999.974409973503
0
0
0
0
0
0
0.359217646501043
0
-1000
0
0
0
0
0
0
0
1000
0.00353850065792881
0
0
0
0
0
0
0
0
-998.163703630671
1000
0
0
1000
0
0
0
1000
0
0
0
-589.27801273765
0
-1000
0
0
0
-1000
-1000
0
0
0
0
1000
0
0
0
0
0
0
0
-750
0
0
0
0
592.663478231653
-1000
0
0
-1000
0
0
0
0
0.00518467270313916
0
0
0
0
0
0
0
0
0
1000
0
0
0
0
0
0
0
0
0
0
999.137132205433
0
-1000
-1000
0
-1000
-1000
1000
0
0
0
0
0
0
0
0
-1000
0
0
1000
0.00176412206714132
0.00176412206714132
0
41.9814854887709
-1000
-299.03101408407
-299.03101408407
270.250504330414
0
0
0
0
0
0
0
0
0
0
0
0
0
0
0
0
0
0
0
0
0
0
0
0
0
-0.0194155992621745
0
0
0
0
0
0
0
0
0
0
0
0
0
0
0
0
0
0
0
0
0
0
0
0
0
0
0
0
0
0
0
0
0
0
0
0
0
0
0
0
0
0
0
0
0
-1000
0
-1000
0
0
0
0
0
0
-1000
0
0
0
0
0
0
0
0
0
0
0
999.950754395742
0
0
0
0
0
0
0
0
0
0
0
0
0
1000
0
0
0
0
0
0
0
0
0
0
0
0
0
0
0
0
0
0
0
0
0
0
0
0
0
0
0
0
0
0
0
0
0
0
0
0
0
0
0
0
0
0
0
225.358059735981
0
0
0
0
0
0
0
0
0
0
0
0
0
0
225.359497563843
0
0
0
0
0
0
0
0
0
0
0
0
0
0
0
0
0
0
0
0
0
0
0
0
0
0
0
0
0
0
0
0
0
0
0
0
0
0
0
0
0
0
0
0
0
0
0
0
0
0
0
0
0
0
0
0
0
0
0
0
0
0
0
0
0
0
0
0
0
0
0
0
0
0
0
0
0
0
0
0
0
0
0
0
0
0
0
0
0
0
0
0
0
0
0
0
0
0
0
0
0
0
0
0
0
0
0
0
0
0
0
0
0
0
0
0
0
0
0
0
0
0
0
0
0
0
0
0
0
0
0
-1000
0
0
0
0
0
0
0
0
0
0
0
0
0
0
0
0
0
0
0
0
0
0
401.436316505805
0
68.1029831724712
0
0
-98.5664385104083
0
1000
-1000
0.161168448444982
0
0
0
-1000
-1000
0
0
0
0
110.818570755967
0.0212310039476051
0
0
0
566.306122708925
0
0
0
0
0
0
0
0
0
0
0
0
-32.0112359476404
0
0
0
0
0
0
0
0
0
0
0
0
0
0
0
0
0
0
0
0
0
0
0
0
0
0
0
0
0
0
0
0
0
0
0
0
0
0
0
0
0
0
0
0
0
0
0
0
0
0
0
0
0
0
0
0
0
0
0
0
0
0
0
0
0
0
0
0
0
0
0
0
0
0
0
0
0
0
0
0
0
0
0
0
0
0
0
0
0
0
0
0
0
0
0
0
0
0
0
0
0
0
0
0
0
0
0
0
0
0
0
0
0
0
0
0
0
0
0
0
0
0
0
0
0
0
0
0
0
0
0
0
0
0
0
0
0
0
0
0
0
0
0
0
0
0
0
0
0
0
0
0
0
0
0
0
0
0
0
0
0
0
0
0
0
0
0
0
0
0
0
0
0
0
0
0
0
0
0
0
0
0
0
0
0
0
0
0
0
0
0
0
0
0
0
0
0
0
0
0
0
0
0
0
0
0
0
0
0
0
0
0
0
0
0
0
0
0
0
0
0
0
0
0
0
0
0
0
0
0
0
0
0
0
0
0
0
0
0
0
0
0
0
0
0
0
0
0
0
0
0
0
0
0
0
0
0
0
0
0
0
0
0
0
0
0
0
0
0
0
0
0
0
0
0
0
270.250504330414
0
0
0
0
0
0
0
0
0
0
0
-1000
0
0
0
0
0.00353850065789629
-294.358164295163
-705.220318224288
0
0
0
0
0
0
0
0
0
0
0
0
0
0
0
0
0
0
0
0
0
0
0
0
0
0
0
0
0
0
0
0
0
0
0
0
0
0
0
0
0
0
0
0
0
0
0
0
0
0
0
0
0
0
0
0
0
0
0
0
0
0
0
0
0
0
0
0
0
0
0
0
0
0
0
0
0
0
0
0
0
0
0
0
0
0
0
0
0
0
0
0
0
0
0
0
0
0
0
0
0
0
0
0
0
0
0
0
0
0
0
0
0
0
0
0
0
0
0
0
0
0
0
0
0
0
0
0
0
0
0
0
0
0
0
0
0
0
0
0
0
0
0
0
0
0
0
0
0
0
0
0
0
0
0
967.98876405236
0
0
1000
0
0
0
0
0
0
0
1000
0.00353850065789629
0
705.22561059049
0
814.689631561474
0
0
0
0
0
0
999.950532786454
0
0
0
0
0
0
0
0
0
0
1000
-1000
0
0
0
0
0
0
0
0
0
0
0
0
0
0
0
0
0
0
0
0
0
0
0
0
0
0
0
0
0
0
0
0
0
0
0
0
0
0
0
0
0
0
0
0
0
0
0
0
0
0
0
0
0
0
0
0
0
0
0
0
0
0
0
0
0
0
0
0
0
0
0
0
0
0
0
0
0
0
0
0
0
0
0
0
0
0
0
0
0
0
0
0
0
0
0
0
0
0
0
0
0
0
0
0
0
0
0
0
0
0
0
0
0
0
0
0
0
0
0
0
0
0
0
0
0
0
0
0
0
0
0
0
0
0
0
0
0
0
0
0
0
0
0
0
0
0
0
0
0
0
0
0
0
0
0
0
0
0
0
0
0
0
0
0
0
0
0
0
0
0
0
0
0
0
0
0
0
0
0
1000
500
85.4710303847538
0
0
-0.956653311208015
0
0
456.201624678623
18.9061919211075
41.3252431910284
0.102565236461705
85.4710303847538
0
0
0
0
0
0
0
0
0
0
0
0
0
0
0
0
0
0
0
0
0
0
0
0
0
791.571650430756
-1000
0
-805.542867367886
-194.457132632114
194.295964183669
-883.289066910718
0
705.220318224288
0
216.146426130451
0
0
0
0
0
0
-3.59456965386119
0
999.983230583839
0
0.0114770499601133
0
0
0
0.00353850065792881
0
0
0
0
0
0
0
0
0
0
0
0
0
0
0
0
0
0
225.358059735981
0
0
1000
-0.688360088714376
-0.0301943850923863
0
-10.5005776263311
-20.5856292913436
-1000
-32.9207400196472
21.7306564799683
-311.770395255521
-26.0102063561183
-4.5121011650416
-30.7923105061452
-1000
-1000
0
0
0
0
-1000
-38.0501215132302
-17.1571512172776
-25.9762999983647
-13.0459604673588
-10.0924149942801
-23.419511048332
-1000
976.440307914734
932.978882987748
0
638.763017968742
1000
-194.457132632114
0
1000
804.764093413565
0
999.822301454279
-1000
0
0
0
0
0
0
1000
-1000
0
-804.764093413565
0
0
0
0
0
0
0
-0.00353850065789629
-0.00353850065789629
0
0
0
0
0
0
0
0
0
0
0
0
0
0
0
0
998.34285774804
0
0
0
0
-1000
-1000
0
-0.00353850065789629
-0.00353850065789629
-0.975275739308245
1000
0
0
-0.00353850065789629
0
-0.00353850065789629
0
0
-402.382046706783
-0.00353850065789629
0
0
0
-0.00353850065789629
0
0
0
0
0
0
0
0
0
0
0
1000
0
0
0
0
0
1.83275786867114
0
0
0
0
0
0
-997.08766011067
24.2763555638107
0
0
0
-784.53957290652
0
1000
0
0
-0.00353850065789629
0
0
0
0
638.763017968742
0
0
0
0
0
0
0
-1000
0
137.540168591976
996.43834523994
0
-1000
-1000
402.382046706783
0
0
0
0
329.1491449103
0
0
0
2.40814286224918
0
0
0
0
0
0
-1.14517077995561
0
180.618491015629
-1000
0
997.248828559115
819.381508984371
1000
0
0
759.070639647145
0
0
0
0
999.97617409557
-999.97617409557
0
0
0
0
-1000
-319.480157021167
0
0
0
0
0
-1000
0
0
0
0
-1.83629636932915
-1000
1000
0
0
0
0
-1000
1000
1000
-1000
-991.123487336873
-343.431478020584
0
0
0
0
0
0
0
0
0
0
0
1000
-0.0244479967775533
-0.00143782786153679
-0.389291893513132
0
-0.0212079609577813
-0.0805134371150871
-0.0136593646847132
-0.0772832475580572
-0.0413375510194101
-0.00143782786153679
0
0
21.0016945722531
-0.0787210754194803
-0.00143782786153679
-967.98876405236
-0.00143782786153679
-0.00143782786153679
0
-0.0104242519961417
0
-0.00143782786153679
-0.534719689306826
-0.556798839383077
0
-14.2720415435177
0
-0.359217646501065
-0.00143782786153679
-0.0141710968377993
0
-0.00143782786153679
-0.00143782786153679
-0.00143782786153679
-0.00143782786153679
-0.0416970079847943
0
-0.0898642413465041
0
0
0
-1000
1000
0
0
-1000
1000
-0.00353850065789629
0
750
-750
0
0
0
-1000
0
0
0
0
0
0
0
0
0
0
0
0
0
0
0
0
0
0
0
-1000
1000
-41.981485488771
41.9814854887709
1000
-1000
0
-1000
1000
0
0
0
-0.00143782786153679
-0.00143782786153679
0
0
0
0
967.98876405236
0
-0.161168448444982
110.818570755967
0.0212310039476051
0
0
0
566.306122708925
0
-1000
0
-1000
0
0
0
0
0
0
0
0
0
0
0
0
0
0
0
0
0
0
0
0
0
0
0
0
0
0
0
0
0
0
0
0
0
0
0
0
0
0
0
0
0
0
0
0
0
0
0
0
0
0
0
0
0
0
0
0
0
0
0
0
0
0
0
0
0
0
0
0
0
0
-0.00143782786153679
0
0
0
0
0
0
0
0
0
0
0
0
0
0
0
0
0
0
0
0
0
0
0
0
0
0
0
0
0
0
0
0
0
0
0
0
0
0
0
0
0
0
0
0
0
0
0
0
0
0
0
0
0
0
0
0
0
0
0
0
0
0
0
0
0
0
0
0
0
0
0
0
0
0
0
0
0
0
0
0
0
0
0
0
0
0
0
0
0
0
0
0
0
0
0
0
0
0
0
0
0
0
0
0
0
0
0
0
0
0
0
0
0
0
0
0
0
0
0
0
0
0
0
0
0
0
0
0
0
0
0
0
0
0
0
0
0
0
0
0
0
0
0
0
0
0
0
0
0
0
0
0
0
0
0
0
0
0
0
0
0
0
0
0
0
0
0
0
0
0
0
0
0
0
0
0
0
0
0
0
0
0
0
0
0
0
0
0
0
0
0
0
0
0
0
0
0
0
0
0
0
0
0
0
0
0
0
0
0
0
0
0
0
0
0
0
0
0
0
0
0
0
0
0
0
0
0
0
0
0
0
0
0
0
0
0
0
0
0
0
0
0
0
0
0
0
0
0
0
0
0
0
0
0
0
0
0
-1000
0
1000
0
0
705.22561059049
294.358164295163
0
0
0
0
0
0
0
0
0
0
0
0
0
0
0
0
0
0
999.950532786454
0
0
0
0
0
967.98876405236
0
-814.689631561474
0
-1000
-0.00353850065789629
0
0
0
0
0
0
0
0
-999.986748571449
0
0
0
0
0
0
0
0
0
0
0
0
0
0
0
0
0
0
0
0
0
0
0
0
0
0
0
0
0
0
0
0
0
0
0
0
0
0
0
0
0
0
0
0
0
0
0
0
0
0
0
0
0
0
0
0
0
0
0
0
0
0
0
0
0
0
0
0
0
0
0
0
0
0
0
0
0
-0.00143782786153679
-0.00143782786153679
-0.00143782786153679
-0.00143782786153679
0
-0.00143782786153679
-0.00143782786153679
-0.00143782786153679
-0.00143782786153679
-0.00143782786153679
-0.00143782786153679
-0.00143782786153679
0
-0.00143782786153679
-0.00143782786153679
-0.00143782786153679
-0.00143782786153679
-0.00143782786153679
-0.00143782786153679
-0.00143782786153679
0
-0.00143782786153679
-0.00143782786153679
-0.00143782786153679
0
-1000
85.4710303847537
0
1000
0
0
0
0
0
0
0
0
0
0
0
