0
0
0
0
0
0
0
65.9360150138521
383.575100811867
226.224728867986
773.775271132014
0
0
199.305776670724
484.842014204661
0
999.747622224816
-999.747622224816
999.942077231925
0
0.0579227680749462
0
-1000
0.364085970756832
0
1000
-201.732270870236
0
-35.1795373768516
0.0123632464639802
0
0
0
0
0
0
0.0318990242029523
0
0
0
34.7587950835325
0
0
0
0
0
0
0
0
0
0
0
0
0
0
0
0
0
0
0
0
0
0
0
0
0
35.1795373768516
0
0
0
0
0
0
0
1000
1000
0
0
0
0
0
-1000
0
0
0
0
0
0
0
0
0
0
0
0
0
0
0
0
0
0
0
0
0
0
0
0
0
0
0
0
0
0
0
0
0
0
485.094391979844
0
0
0
0
0
0
0
0
0
0
0
0
0
0
0
0
0
33.924202582836
0
0
1000
0
0
0
0
1000
0
0
0
-14.5011228653987
0
0
0
0
1000
0
0
0.00884115880854401
-484.892188320436
0
0
317.978276152227
719.421783069712
1000
401.435232236332
0
0
0
-1000
401.435232236332
600.741008907056
1000
-800.694223329276
0
484.892188320436
1000
0
0
0.00884115880853642
0
0
1000
743.061506358259
0
0
0
0
0
-3.89674587910429
0
0
0
0
0
0
0
333.206507942776
-1000
0
0
0
1000
0
0
0
329.144268440601
-329.144268440601
0
0
0
0
0
-3.90088321968108
0
-582.606669073616
1000
0
0
0
0
0
0
0
0
0
1000
1000
0
0
-1000
0
998.392410005919
0.456947232265051
0
0
0
0.465221913418614
0.685420848397371
0
-280.578216930288
0
0
0
-1000
0
0
0
0
0
0
0
0
0
0
0
0
-1000
0
-1000
-485.094391979844
1000
-1000
0
1000
0
-1000
-2.50138733745598
-0.957768244478984
-1000
-2.60803745233648
0
-0.685420848397598
-742.352847518264
1000
-1000
1000
0
0
-352.67306459791
0
0.17790564480162
0
-0.177905644801626
0
0.00176617806628289
0
0
0
0
0
0
0
0
0
0
0
0
0
0
0
0
0
287.001911677519
0
1000
0
0
0
1000
0
-0.177905644801626
0
-0.685420848397598
0
0
0.685420848397598
2.60803745233647
0
0
0
0
0
0
0
-1000
0
0
0
-1000
0.685420848397598
0
1000
-0.957768244478984
0
0
0.00354262460973587
0
0
0
0
0
0
0
0
0
0
0
0
712.998088322481
0
0
0
2.28473616132525
0
9.61814024468009
0
0
0
0
0
0
0
0
-609.251474835709
-1000
582.610806414193
-1000
-1000
1000
-1000
352.671298419843
-1000
1000
1000
-1000
1000
0
1000
0
0
0
0
0
0
-1000
0
1000
-1000
742.352847518264
-1000
1000
0
742.352847518264
1000
0
0
0
0
0
0
0
0.957768244478966
-1000
1000
1000
-1000
-257.190205249471
-1000
1000
-1000
-1000
1000
-1000
1000
1000
-742.801520069375
0
-1000
0
1000
-1000
-166.964934125144
1000
-838.887117199134
-1000
1000
1000
0
0
0
0
0
2.29714818305558
0
0
-1000
0
0
0
-64.2482270003286
1000
0
0
0
-29.151077038313
0
0
0
0
0
0
0
935.751772999671
0
935.751772999671
0
0
0
935.751772999671
0
0
0.00354262460969534
0
1000
-935.783656621159
-64.2163433788412
0
64.2163433788412
0
0
0
0
0
0
0
0
0
0
0
0
0
0
0
0
0
0
0
0
0
1000
0
0
0
0
0
0
-1000
1000
0
0
0
0
0
0
0
0
0
0
0
0
-1000
-0.00354262460973587
0.103433514419521
0.103433514419521
0
-965.402800796762
0
0
0
0
0
0
0
0
0
0
32.0485434984357
0.0283409968775627
0
0
0
0
0
0
0
0
0
0
0
0
0
0
0
0
0
0
0
0
0
0
0
0
0
0
0
0
0
0
0
0
0
0
0
0.161356282494493
0
0
0
1000
0
0
0
0
0
0
-1000
0
0
0
0
0
0
0
0
0
0
0
0
0
0
0
0
0
0
0
0
0
0
0
0
0
0
0
307.889384974787
0
0
0.161356282494493
0
0
0
0
0
0
0
0
0
0.0155524643190574
0
0
0
0
0
0
0
0
0
0
0
0
0
0
0
0
0
0
0
0
0
0
0
0
0
0
0
0
0
0
-1000
0
0
0
0
0
0
0
0
0
0
0
0
0
0
0
0
0
0
0
0
0
0
0
0
0
0
0
0
0
0
0
0
0
0
0
0
0
-1000
0
0.00413734057678187
0
0
0
0
0.748858644397519
0.748858644397519
0
0
0
0
0
0
0
0
0
0
0
0
0
0
0
0
0
0
0
0
0
0
0
0
0
0
0
0
1000
0
0
0
0.00354262460973587
0
0
-1000
0
0
0
0
2.15141709992657
0
0
2.15141709992657
0
0
0
0
0
0
0
0
0
0
2.15141709992657
0
2.15141709992657
0
0
0
12.834205888995
36.5843377832206
23.3847452496991
17.1274989621819
25.3943717945951
8.35821949354478
19.5481854821703
35.7622178330359
32.9304713379551
10.4135193690066
20.1876121100918
41.6084041454606
32.8391246768235
10.1394793856117
16.8077856482212
23.2933985885674
30.190071504006
24.4352318527129
4.47598639545021
30.4641114874009
0
0
0
0
0
0
0
0
0
0
0
0
0
0
0
0
0
0
0
0
0
0
0
0
0
0
0
0
0
0
0
0
0
0
0
0
0
0
0
0
0
0
0
0
0
0
0
0
0
0
0
0
0
0
0
0
0
0
0
0
0
0
0
0
0
0
0
0
0
0
0
0
0
0
0
0
0
0
0
0
0
0
0
0
0
0
0
0
0
0
0
0
-1000
0
0
0
0
32.0485434984357
-1000
-1000
1000
1000
0
0
0
0
0
0
0
-29.151077038313
-485.243336240609
-0.14894426076421
-1000
0
-485.154616598209
0
-485.270462134359
1000
1000
0.00827468115357988
1000
0
0
1000
0
-1000
-1000
-1000
0
514.873724398668
0
0
0
485.154616598209
0
0
0
0
0
0
0
0
0
0
0
1000
257.89980451083
1000
1000
0
500
233.982511007779
2.51239405189537
5
0
0
0
0
0
0
259.062361314997
0
0
0
0
-0.00144409975087001
0
0
0
0
-0.00144409975087001
0
256.895982146425
0
-0.00288819950174002
0
-0.00144409975087001
0
0
0
0
-1000
0
0
-0.00144409975087001
-0.00144409975087001
0.00144409975087001
-0.00144409975087001
0.00144409975087001
-0.00144409975087001
-0.00144409975087001
-0.00144409975087001
-0.00144409975087001
-0.00144409975087001
-0.00144409975087001
-0.00144409975087001
-0.00144409975087001
-0.00144409975087001
-0.00144409975087001
-0.00144409975087001
-0.0407958179628167
-0.00990742891656282
-0.0415178678383654
-0.0418788927760261
-0.0213004713257305
0.00144409975087001
0.00144409975087001
-0.103907557297134
0.00144409975087001
0.00144409975087001
0.00144409975087001
0.00144409975087001
0
0
-0.0776203616107978
-0.390990007555615
-0.00151172451842285
0.00144409975087001
0.00144409975087001
0.0137189476334925
0.00144409975087001
0.00144409975087001
-0.00144409975087001
0
0
0
0
0
0
0
0
0
0
0
0
0
0
0
0
0
0
0
0
0
0
0
0
0
0
0
0
0
0
0
0
0
0
0
0.0104697231939781
0.000881805473454733
0
0
0
0
0
0
0
0
0
0
0
0
0
0
0
0
0
0
0
0
0
0
0
0
0
0
0
0
0
0
0
0
0
0
0
0
0
0
0
1000
0
0
0
0
0
0
0
0
0
0
0
0
0
0
0
0
0
0
0
0
0
0
0
0
0
0
0
0
0
0
0
0
0
0
0
0
0
0
0
0
0
0
0
0
0
0
0
0
0
0
0
0
0
0
0
0
0
0
0
0
0
0
0
0
0
0
0
0
0
1.19374971345682
1.19374971345682
1.19374971345682
1.19086151395503
0
0
0
0
0
0
0
0
0
0
0
0
0
0
0
0
0
0
0
0
0
0
0
0
0
0
0
0
0.00144409975089794
242.581245761036
0.00144409975089794
737.70211923141
0.00144409975089794
0.00144409975089794
0.0902562344311213
0
0
0.00144409975089794
0
0
0.00144409975089794
0
0
0
0
0
0
0
0
0
0
0
0
0
0
0
0
0
0
0
0
0
0
0
0
0
0
0
0
0
0
0
0
0
0
0
0
0
0
0
0
0
0
0
0
0
0
0
0
0
0
0
0
0
0
0
0
0
0
0
0
0
0
0
0
0
0
0
0
0
0
0
0
0
0
0
0
0
0
0
0
0
0
0
0
0
0
0
0
0
0
0
0
0
0
0
0
0
0
0
0
0
0
0
0
0
0
0
0
0
0
0
0
0
0
0
0
0
0
0
0
0
0
0
0
0
0
0
0
0
0
0
0
0
0
0
0
0
0
0
0
0
0
0
0
0
0
0
0
0
0
0
0
0
0
0
0
0
0
0
0
0
0
0
0
0
0
0
0
0
0
0
0
0
0
0
0
0
0
0
0
0
0
0
0
0
0
0
0
0
0
0
0
0
-1000
0
0
0
0
0
0
0
0
0
0
0
0
0
0
0
0
0
0
0
0
0
0
0
0
0
0
0
0
0
0
0
0
0
0
0
0
0
0
0
0
0
0
0
0
0
0
0
0
0
0
0
0
0
0
0
0
0
0
0
0
0
0
0
0
0
0
0
0
0
0
0
0
0
0
0
0
0
0
0
0
0
0
0
0
0
0
0
0
0
0
0
0
0
0
0
0
0
0
0
0
0
0
0
0
0
0
0
0
0
0
0
0
0
0
0
1000
1000
0
0
0
0
0
0
0
0
0
0
0
0
0
0
0
0
0
0
0
0
0
0
0
0
0
-1000
0
-1000
0
0
0
0
0
0
0
0
0
0
0
1000
1000
0
0
0
0
0
0
0
0
0
0
0
0
0
0
0
0
0
0
0
0
0
0
0
0
0
0
0
0
0
0
0
0
0
0
0
0
0
0
0
0
0
0
0
0
0
0
0
0
0
0
0
0
0
0
0
0
0
0
0
0
0
0
0
0
0
0
0
0
0
0
0
0
0
0
0
0
0
0
0
0
0
0
0
1000
46.8568100907328
0
0
0.00144409975087001
0
1000
0
242.579801661285
0
0
757.367849722745
0
-480.727072623623
0
0
0
0.000881805473454733
0
0
-1000
999.998555900249
0
0
0
0
0
0
0
0
0
0
0
0
0
-772.877051652877
0.000881805473454733
0
0
0
0.00354262460973587
0
0
0
0
0.0104697231939781
0
0
-0.00354262460973587
0
0
0
0
0
259.062361314997
-1000
1000
-242.578357561534
-242.578357561534
0
-970.237435923892
-999.978744252342
-0.0212557476581878
0
0
0.00144409975087001
-0.00144409975087001
0
0
242.632150277255
-242.632150277255
-1000
0
-242.579801661285
-242.579801661285
0
0
-1000
0
-242.632150277255
-757.367849722745
-1000
0
-743.104017853575
-256.895982146425
-1000
0
0
0
0
0
-1000
0
1000
0
0
0
-1000
1000
-1000
0
0
0
-1000
0
0
0
-1000
0
0
0
0
0
0
0
0
0
0
0
0
0
0
0
0
0
0
0
-772.866581929683
772.866581929683
-1000
0
-1000
0
-1000
0
-1000
0
0
0
0
0
0
0
0
0
-1000
0
-1000
0
1000
0
1000
0
1000
0
-1000
0
0
0
0
0
0
0
0
0
-934.063984986148
-65.9360150138521
16.484003753463
-16.484003753463
0
0
0
0
0
0
0
0
0
0
0
0
0
0
0
0
0
0
0
0
0
0
0
0
0
0
0
0
0
0
0
0
0.000881805473454733
-0.000881805473454733
0
0
0
0
0
0
0
0
0
0
0
0
0
0
0
0
0
0
0
0
0
0
0
0
0
0
0
0
0
0
0
0
0
0
-0.0104697231939781
0.0104697231939781
0.000881805473454733
-0.000881805473454733
0
0
0
0
0
0
-0.00354262460973587
-0.00354262460973587
0
0
0
0
0
0
0
0
0
0
0.0104697231939781
-0.0104697231939781
0
0
0
0
0.00354262460973587
0.00354262460973587
0
0
0
0
0
0
0
0
0
0
0
0
0
0
0
0
0
0
0
0
0
0
0
0
0
0
0
0
0
0
0
0
0
0
0
0
0
0
0
0
0
0
0
0
1.16030026455653
0.00354262460969534
0
0
0
0
0
0
0
0
0.145990362176546
0
0
0
0
0
0
0
0
0
0
0
0
0
0
0
0
0
0
0
0
0
0
0
0
0
0
0
0
0
0
0
0
0
0
0
0
0
0
0
1000
-1000
0
0
0
0
0
0
0
0
0
0
0
0
0
0
0
0
0
0
0
0
0
0
0
0
0
242.632150277255
242.632150277255
242.632150277255
0
0
0
0
242.578357561534
242.578357561534
0
0
0
0
0
0
0
0
0
0
0
0
0
0
0
0
0
0
0
0
0
0
0
0
0
0
0
0
0
0
0
0
0
0
0
0
0
0
0
0
0
0
0
0
0
0
0
0
0
0
0
0
0
0
0
0
0
0
0
0
0
0
0
0
0
0
0
0
0
0
0
0
0
0
0
0
0
0
0
0
0
0
0
0
242.579801661285
242.579801661285
242.579801661285
242.579801661285
-242.579801661285
0
0
0
0
0
0
0
0
0
0
0
0
0
0
0
0
0
0
0
0
0
0
0
0
0
0
0
0
0
0
0
0
0
0
0
0
0
0
0
0
0
0
0
0
0
0
0
0
0
0
0
0
0
0
0
0
0
0
0
0
0
0
0
0
0
0
0
0
0
0
0
0
0
0
0
0
0
0
0
0
0.00354262460969534
0.00354262460969534
0.00354262460969534
0.00354262460969534
0.00354262460969534
0
0
0
0
0
0
0
0
0
0
0
0
0
0
0
0
0
0
0
0
0
0
0
0
0
0
0
0
0
0
0
0
0
0
0
0
0
0
0
0
0
14.5011228653986
14.5011228653986
-14.5011228653987
4.82544149771026
-2.41094943655025
2.41094943655028
2.41094943655028
2.41094943655028
0
0
0
0
0
0
0
0
0
0
0
0
0
0
0
0
0
0
0
0
0
2.41094943655028
2.40388472428515
2.41094943655028
2.41094943655028
2.41094943655028
2.41094943655028
2.41094943655028
2.41094943655028
2.41094943655028
2.41094943655028
2.41094943655028
2.41094943655028
2.41094943655028
2.41094943655028
2.41094943655028
2.41094943655028
2.41094943655028
2.41094943655028
14.5011228653986
14.5011228653986
4.82544149771026
4.82544149771026
0
0
0
0
0
0
0
0
0
0
0
0
0
0
0
0
0
0
0
0
0
0
0
0
0
0
0
0
0
0
0
0
0
0
0
0
0
0
0
0
0
0
0
0
0
0
0
0
0
0
0
0
0
0
0
0
0
0
0
0
0
0
0
0
0
0
0
0
0
0
0
0
0
0
0
0
0
0
0
0
0
0
0
0
0
0
0
0
0
0
0
0
0
0
0
0
0
0
0
0
0
0
0
0
0
0
0
0
0
0
0
0
0
0
0
0
0
0
0
0
0
0
0
0
0
0
0
0
0
0
0
0
0
0
0
0
0
0
0
0
0
0
0
0
0
0
0
0
0
0
0
0
0
0
0
0
0
0
0
0
0
0
0
0
0
0
0
0
0
0
0
0
0
0
0
0
0
0
0
0
0
0
0
0
0
0
0
0
0
0
0
0
1.16030026455653
1.18505756291588
1.18505756291588
0
0
0
0
-1.18505756291586
1.18505756291588
0
0
0.0247572983593491
0
0
1000
0
0
0
0
0
0
0
0
0
0
0
0
0
0
0
0
0
0
0
0
0
0
0
0
0
0
0
0
0
0
0
0
0
0
0
0
0
0
0
0
0
0
0
0
0
0
0
0
0
0
0
0
0
0
0
0
0
0
0
0
0
0
0
0
0
0
0
0
0
0
0
0
0
0
0
0
0
0
0
0
0
0
0
0
0
0
0
0
0
0
0
0
0
0
0
0
0
0
0
0
0
0
0
0
0
0
0
0
0
0
0
0
0
0
0
0
0
0
0
0
1.16030026455653
0.00354262460969534
0
0
0
0
0
0
0
1.52750785236072
0
0
0
0.957768244478966
0.957768244478966
0.957768244478966
0
0
0
0
0
0
1.30983325134278
0
0
0
0.00354262460969534
0
0
0
0
-1.30983325134275
1.30983325134278
0
0
0
0
0
0
0
0
0
0
0.238889274767601
0
0.217674601017947
0
0
0
0
0
0
0
0
0
0
10.6793052082022
10.6793052082022
10.6793052082022
0
0
0
0
-0.145990362176576
0
0
0
0
0
0
0
0
0
0
0
0
0
0
0
0
0
0
0
0
0
0
0
0
0
0
0
0
0
0
0
0
0
0
0
0
0
0
0
0
0
0
0
0
0
0
0
0
0
0
0
0
0
0
0
0
0
0
0
0
0
0
0
0
0
0
0
0
0
0
0
0
0
0
0
0
0
0
0
0
0
0
0
0
0
0
0
0
0
0
0
0
0
0
0
0
0
0
0
0
0
0
0
0
0
0
0
0
0
0
0
0
0
0
0
0
0
0
0
0
0
0
0
0
0
0
0
0
0
0
0
0
0
0
0
0
0
0
0
0
0
0
0
0
0
0
0
0
0
0
0
0
0
0
0
0
0
0
0
0
0
0
0
0
0
0
0
0
0
0
0
0
0
0
0
0
0
0
0
0
0
0
0
0
0
0
0
0
0
0
0
0
0
0
0
0
0
0
0
0
0
0
0
0
0
0
0
0
0
0
0
0
0
0
0
0
0
0
0
0
0
0
0
0
0
0
0
0
0
0
0
0
0
0
0
0
0
0
0
0
0
0
0
0
0
0
0
0
0
0
0
0
0
0
0
0
0
0
0
0
0
0
0
0
0
0
0
0
0
0
0
0
0
0
0
0
0
0
0
0
0
0
0
0
0
0
0
0
0
0
0
0
0
0
0
0
0
0
0
0
0
0
0
0
0
0
0
0
0
0
0
0
0
0
0
0
0
0
0
0
0
0
0
0
0
0
0
0
0
0
0
0
0
0
0
0
0
0
0
0
0
0
0
0
0
0
0
0
0
0
0
0
0
0
0
0
0
0
0
0
0
0
0
0
0
0
0
0
0
0
0
0
0
0
0
0
0
0
0
0
0
0
0
0
0
0
0
0
0
0
0
0
0
0
0
0
0
0
0
0
0
0
0
0
0
0
0
0
0
0
0
0
0
0
0
0
0
0
0
0
0
0
0
0
0
0
0
0
0
0
774.608055444593
0
0
0
0
507.459316293613
0
0
0
0
0
0
0
0
0
0
0
0
0
0
0
0
0
0
0
0
0
0
0
0
0
0
0
0
0
0
0
0
0
0
0
0
0
0
0
0
0
0
0
0
0
0
0
0
0
0
0
0
0
0
0
0
0
0
0
0
0
0
0
0
0
0
0
0
0
0
0
0
0
0
0
0.161356282494493
0.161356282494493
0
0
0
0.161356282494467
0.147185784055712
0.0141704984387813
0
0
0
0
0.0248240434606914
0
0
0
0
0
1000
0
0
0
0
0
0
0
0.976412376120522
0
0
0
0
0
0
0.976412376120522
0.976412376120522
0.976412376120522
0.976412376120493
0
0
0
0
0
0
0
0
0
0
0
0
0
0
0
0
0
0
0
0
0
0
0
0
0
0
0
0
0
0
0
0
0
0
0
0
0
479.754554773754
479.754554773754
0
0
0
0
0
0
0
0
0
0
0
0
0
0
0
0
0
0
0
0
0
0
0
0
0
0
0
0
0
0
0
0
0
0
0
0
0
0
0
0
0
0
0
0
0
0
0
0
1000
1000
-999.314579151602
0
0
0
-1000
1000
1000
0
0
0
0
-1000
1000
0
0
0
0
0
0
0
0
0
0
0
0
0
0
0
0
0
0
0
0
0
0
0
0
0
0
0
0
0
0
0
0
0
0
0
0
0
0
0
0
-1000
0
0
0
0
0
0
0
1.19374971345682
1.19374971345682
0
0
0
0
0
-999.99645737539
999.99645737539
1000
999.99645737539
1000
-1000
-1000
0
0
0
0
0
0
0.00354262460973587
0
0
0
0
0
0
0.0141704984387813
0.00354262460969534
0.00354262460969534
0.00354262460969534
0.00354262460969534
0
0.00354262460969534
0
0
0
0
0
0
0
0.0141396930073927
0
0.00354262460969534
0.0212146737496538
643.634619277631
0.00176617806628289
0.00176617806628289
0.00354262460973587
0
0.0123735149411098
0.00176617806628289
0.0265234764255874
-0.00176617806630475
0.00176617806628289
0.00176617806628289
0.00176617806628289
0.00176617806628289
0.00176617806628289
-0.00176617806630475
-0.00353235613260949
0.00176617806628289
0.00176617806628289
0.00176617806630475
0.00176617806628289
-0.00530880267592693
-0.00530880267592693
0.00354262460973587
0.00354262460973587
0.00176617806628289
0.00176617806628289
0.00354262460969534
0.00354262460969534
-0.00354262460973587
-0.00354262460973587
0.00354262460973587
0.00354262460973587
0.00176617806628289
0.00176617806628289
0.00176617806628289
0.00176617806628289
0.0442263309969348
-0.00530880267592693
-643.609861979272
0
0
0
0
0
0
-517.734959733084
0
0
0
0.00354262460969534
0
0
0
0
0.00177131230484767
0.00354262460973587
0.00354262460973587
0
0.00354262460969534
0
0
0
0
0
-0.00354262460973587
0
0
0.00706471226513157
0.00176617806628289
0.00529853419884868
0.00176617806628289
-0.00176617806630475
0.00176617806628289
0.00176617806628289
0.00176617806628289
0.00176617806628289
0.00176617806628289
0.00176617806628289
0.00353235613256578
0.00176617806628289
0.00176617806628289
0.00176617806628289
0.00176617806628289
0.00176617806628289
0
0.00176617806628289
0.00354262460969534
0
0.00354262460969534
0
0.00354262460969534
0.00354262460969534
0.00354262460969534
0.00354262460969534
0.00354262460969534
0.00354262460969534
0
0.00354262460969534
0
0.00354262460969534
0.00354262460969534
0.00354262460969534
0.00354262460969534
0.00354262460969534
0
0
0
0
0
0
0
0
0
0
0
0
0
0
0
0
-0.00354262460973587
0.00354262460969534
0.00354262460969534
0
0
0
0
0
0
0
0
0
0
0
0
0
0
0
0
0
0
0
0
0
0
0
0
0
0
0
0
0
0
0
0
0
0
0
0
0
0
0
0
0
0
0
0
0
0
0
0
0
0
0
0
0
0
0
0
0
0
0
0
0
0
0
507.753041741581
32.968007506926
32.0485434984357
0
0
0
0
0.00354262460969534
0
0
0
0
0
0
0
0
0
0
0
0
0
0
0
0
0
0
0
0
0
0
0
-1000
0
0
0
-259.062361314997
0
0
0
0
0
0.00144409975089794
0
0
0
0
0.00144409975089794
0
0
0
0.00288819950179588
0
0.00144409975089794
0
0
0
0
0
0
0
0
0.00144409975089794
0.00144409975089794
0
0.00144409975089794
0.00144409975089794
0
0.00144409975089794
0.00144409975089794
0.00144409975089794
0.00144409975089794
0.00144409975089794
0.00144409975089794
0
0.00144409975089794
0.00144409975089794
0.00144409975089794
0
0.00144409975089794
0
0.00144409975089794
0.00144409975089794
0.0407958179628668
0.00990742891661238
0.0415178678383158
0.0418788927760403
0.0213004713257446
0.00144409975089794
0.00144409975089794
0.103907557297102
0.00144409975089794
0.00144409975089794
0.00144409975089794
0.00144409975089794
0
0
0.0776203616107643
0.390990007555618
0.00151172451844746
0
0.00144409975089794
0.00144409975089794
0.0137189476335304
0.00144409975089794
0.00144409975089794
0.00144409975089794
-1000
0
0
0.0247572983593045
1000
0
0
0
0
-1000
-1000
-1000
0
670.855731559399
333.206507942776
670.855731559399
0
478.444721522411
287.001911677519
-1000
-1000
0
0
1000
1000
0
0
0
0
-5.41212067003005
1000
0
0
0
0
-287.001911677519
715.520899850031
-0.00354262460973587
0
0
0
0
-3.56580569681546
83.0143381201798
712.998088322481
0
0
0
0
0.0123632464640195
-670.859274184009
287.001911677519
-1000
280.578216930288
1000
0
1000
0
0
-1000
0
0
1000
847.006400970877
-1000
1000
0
1000
1000
0
-1000
0
1000
1000
0
0
0
0
-32.0485434984357
-338.031126250911
0
0
0
0
0
0
0
0
0
1000
226.065455838593
1000
0
0
0
0
0
0
0
0
0
0
1000
0
0
0
0
0
0
506.381386383323
0
0
-1000
-1000
-1000
-1000
1000
-1000
-1000
-1000
-1000
-1000
-1000
1000
1000
-1000
-1000
-38.0944670937459
-1000
-1000
1000
1000
1000
-1000
-1000
-1000
-1000
1000
1000
1000
1000
1000
-1000
1000
1000
-1000
-1000
-1000
-1000
-1000
1000
-1000
-1000
-1000
-1000
1000
-1000
-1000
-1000
-759.25772180914
-1000
-1000
-1000
-1000
1000
979.390379151077
-121.699510706849
-1000
-1000
-1000
-1000
-1000
-17.1771470491033
-969.171802541842
-973.959480003496
-1000
-1000
-1000
-1000
-10.1041772169467
-555.628211017705
-1000
-1000
-1000
-1000
-1000
-1000
-1000
-1000
-1000
-1000
-1000
-1000
-1000
-1000
-1000
-1000
1000
-986.938835095249
1000
-1000
1000
1000
1000
-1000
-1000
1000
1000
1000
1000
-1000
-1000
-1000
-1000
1000
-1000
1000
-1000
-1000
1000
-1000
1000
1000
1000
1000
-1000
1000
1000
-1000
1000
-1000
901.824035719959
-1000
-1000
-868.864928166408
64.2163433788412
10.5128155428494
-1000
-1000
-1000
0
0
0
0
0
0
0
0
0
0
0
0
0
0
0
0
0
0
0
0
0
0
0
0
0
0
0
0
0
0
0
0
0
0
0
0
0
0
0
0
0
0
0
0
0
0
0
0
0
0
0
0
0
0
0
0
0
0
0
0
0
0
0
0
0
0
0
0
0
0
0
0
0
0
0
0
0
0
0
0
0
0
0
0
0
0
0
0
0
0
0
0
0
0
0
0
0
0
0
0
0
0
0
0
0
0
0
0
0
0
0
0
0
0
0
0
0
0
0
0
0
0
0
0
0
0
0
0
0
0
0
0
0
0
0
0
0
0
0
0
0
0
0
0
0
0
0
0
0
0
0
0
0
0
0
0
0
0
0
0
0
0
0
0
0
0
0
0
0
0
0
0
0
0
0
0
0
0
0
0
0
0
0
0
0
0
0
0
0
0
0
0
0
0
0
0
0
0
0
0
0
0
0
0
0
0
0
0
0
0
0
0
0
0
0
0
0
0
0
0
0
0
0
0
0
0
0
0
0
0
0
0
0
0
0
0
0
0
0
0
0
0
0
0
0
0
0
0
0
0
0
0
0
0
0
0
0
0
0
0
0
0
0
0
736.573458945276
0
0
0
0
0
0
0
0
0
17.0260678008026
0
0
0
0
0
0
0
0
0
0
0
0
0
0
0
0
0
0
0
115.26540142033
0
0
0
0
0
0
0
0
0
0
0
0
0
0
0
0
0
0
0
0
0
0
0
0
0
0.00354262460969534
0
0
0
0
1000
-1000
-1000
1000
1000
1000
1000
-1000
-1000
-1000
0
-1000
1000
1000
1000
1000
-1000
-1000
1000
-1000
1000
-1000
514.203257020091
1000
-1000
-1000
-1000
-1000
1000
1000
-1000
-485.796742979909
-1000
-1000
1000
1000
1000
0
-516.614206456641
-1000
-1000
1000
-1000
-1000
-1000
1000
-1000
1000
-1000
-999.950475134804
-1000
-1000
-1000
-1000
-1000
0
0
0
0
0
0
1000
0
0
0
-1000
0
0
0
0
0
0
0
0
1000
0
-1000
-1000
0
0
0
0
0
1000
0
1000
0
0
0
0
0
0
0
0
0
-0.00354262460973587
0.00354262460969534
0
0
-0.00354262460973587
-0.00354262460973587
0
0
0
0
0
0
0
0
0
0
0
0
0
0
0
0
0
0
0
0
0
0
0
0
0
0
0
0
0
0.00354262460969534
0
0
517.738502357694
0
1000
-33.9153209794505
1000
0
0
0
0
0
0
0
0
0
0
0
0
0
0
0
0
0
0
0
0
0
0
0
0
0
0.00354262460969534
0
0
0
0
-726.964493989328
0
0
0
0
0
-1000
0
0
0
0
0
0
0
0
0
0
0
0
0
0
0
0
0
0
0
0
0
0
0
0
0
0
0
0
0
0
0
0
0.976412376120522
0.00354262460969534
0
0
0
0
0
1000
0
1000
0
0
1.91553648895793
0
0
0
0
0.00529853419884868
1000
0
-64.2163433788412
0
0
0
0
0
0
0
0
0
0
-0.0283409968775459
0
0.00354262460973587
0
1000
-1000
485.154616598209
1000
0
1000
1000
0
1000
-1000
0
-1000
1000
998.084463511042
33.924202582836
0
0
0
0
-485.094391979844
1000
0
0
0
0
0
0.00354262460973587
0
0
1000
0
869.583744643662
0
0
64.2765679972063
0.0283409968775459
0
-773.775271132014
0
0
-1000
0.00354262460969534
-1000
1000
0
0
0
0
0
0
0
0
0
0
485.235061559455
-1000
1000
0
0
0
66.1999119774972
933.794789488304
933.794789488304
0
0
0
0
0
0
1000
0
0
0
997.702851816944
0
0
0
0
0
0
0
0
0
0
0.957768244478966
0
0.00354262460969534
-0.00354262460973587
0.00354262460969534
0.00354262460969534
0
0
1000
-1000
0.00354262460973587
0
0
0
0.957768244478984
0
0
-0.0106278738290939
-1000
-1000
-1000
2.29714818305558
-744.649995701319
1000
0
0
-1000
-1000
257.647152481736
1000
0
0
0
0
0
0
0
0
0
0
0
0
0
0
0
0
0
742.352847518264
0
0
0
0
0
742.352847518264
0
0
0
0
0
0
0
0.00176617806628289
0
773.775271132014
0
0
0
0
0
0
0.00354262460969534
0
-1000
-1000
0
0
0
0
0
0
0
0
0
0
-65.9360150138521
0
16.484003753463
0
0
0
0
0
0
0
0
0
0
0
983.515996246537
0
0
0
0
65.9360150138521
0
0
0
0
0
0
0
0
0
0
0
0
0
0
0
0
0
0
0
0
0
0
0
0
0
0
0
2.28473616132521
0
0
0
0
0
0
0
0
0
0
0
0
0
0
0
0
0
0
0
0
0
0
0
0
0
0
0
0
0
0
0
0
0
0
0
0
0
0
0
0
0
0
0
0
0
0
0
0
0
0
0
0
0
0
0
0
0
0
0
0
0
0
0
0
0
0
0
0
0
0
0
0
0
0
0
0
0
0
0
0
0
0
0
0
0
0
0
0
0
0
0
0
0
0
0
0
0
0
0
0
0
0
0
0
0
0
0
0
0
0
0
0
-999.987636753536
0
0.00176617806630475
0
0.0194382272062512
0
0
-0.0123632464640195
0
1000
0
0
0
0
0.0159058710736417
0
0
0
0
0
0
0
0
0
0
0
0
0
0
0
0
0
0.00354262460969534
0.00354262460969534
0.00354262460969534
517.738502357694
-1000
0
-970.237435923892
1000
0
0
0
0
0
0
-1000
-66.1999119774972
0
0
0
0
0
0
0
0
0
0
-1000
0
1000
0
-1000
-1000
-1000
-1000
0
1000
0
0
0
0
0
0
0
0
0
0
-1000
0
1000
0.388028636597209
0.00354262460969534
0.00354262460969534
0.00354262460969534
0.00354262460969534
0.00354262460969534
0
0
0
1000
0
0
0.55778352878433
0
0
0
0
0.00144409975089794
0
0
0
0
0
0
0
1000
0
0
0
0
0
0
0
1000
-999.998555900249
0
1000
0
0
-1000
0
0
0
0
0
0
0
0
0
0
16.484003753463
0
0
0
0
0
0
0
0
0
0
0
0
0
0
0
0
0
0
0
0
0
0
0
0
0
0
0
0
0
0
0
0
0
0
0
0
0.00354262460969534
916.98566187982
0
0
0
0
0
0
0
0
0
-1000
0
0
0
0
0
0
966.075797417164
1000
-1000
-772.866581929683
-772.866581929683
-772.866581929683
-1000
0
0.0212146737496538
0
0
0
0
0
-1000
-1000
0
0
0
0
-1000
14.2886749192396
0
0
0
0
0.569739607881756
0.569739607881756
0
0
-999.98587057547
0
0
0
0
0
0
0.359636297333999
0
-1000
0
0
0
0
0
0
0
1000
0.00354262460969534
0
0
0
0
0
0
0
-1000
-1000
0
0
1000
0
0
0
-1000
0
0
0
-757.367849722745
0
0
0
0
0
-1000
-1000
0
0
0
0
-242.579801661285
0
1000
242.578357561534
-1000
1000
-1000
1000
-1000
1000
-750
0
0
0
0
-514.837108720637
-1000
0
0
514.845383401791
0
0
0
0
0.000881805473500251
0.0104697231940101
0
0
0
0
0
0
0
0
997.702851816944
0
1000
0
0
0
0
0
0
0
0
1000
485.235061559455
-1000
-1000
-1000
-514.845383401791
0.0804449612458029
1000
0
0
0
0
0
0
0
0
-774.608055444593
-507.459316293613
0
-999.590001100878
0.00176617806628289
0.00176617806628289
0
1000
0
0
256.895982146425
0
0
0
0
0
0
0
0
0
0
0
0
0
0
-1000
0
0
0
0
0
0
0
0
0
0
0.00354262460973587
0
0
0
0
0
0
0
0
0
0
0
0
0
0
0
0
0
0
0
0
0
0
0
0
0
0
0
0
0
0
0
0
0
0
0
0
0
0
0
0
0
0
0
0
0
0
-1000
0
-1000
0
0
0
0
0
0
-1000
0
0
0
0
0
0
0
0
0
0
0
757.367849722745
0
0
0
0
0
0
0
0
0
0
0
0
0
1000
0
0
0
0
0
0
0
16.484003753463
-16.484003753463
-16.484003753463
0
0
0
0
0
0
0
0
0
242.578357561534
0
0
0
0
0
0
0
0
0
0
0
0
0
0
0
0
0
0
0
0
0
0
0
0
242.578357561534
0
0
0
0
0
0
0
0
0
0
0
0
0
0
0
0
0
0
0
0
0
0
0
0
0
0
0
0
0
0
0
0
0
0
0
0
0
0
0
0
0
0
0
0
0
0
0
0
0
0
0
0
0
0
0
0
0
0
0
0
0
0
0
0
0
0
0
0
0
0
0
0
0
0
0
0
0
0
0
0
0
0
0
0
0
0
0
0
0
0
0
0
0
0
0
0
0
0
0
0
0
0
0
0
0
0
0
0
0
0
0
0
0
0
0
0
0
0
0
0
0
0
0
0
0
0
0
0
0
0
0
0
0
0
0
0
0
0
0
0
0
0
0
0
0
-1000
0
0
0
0
0
0
0
0
0.691362755742389
0
0
0
0
0
0
0
0
0
0
0
0
0
142.833430124901
161.630729440145
0
0
-98.5647677636684
0
0
0
-580.744904917339
272.855519942553
308.050741257281
0
0
-1000
0
0
0
0
989.316640847011
0.0212557476581878
0
0
0
0
737.623054770048
0
0
0
0
0
0
0
0
0
0
0
0
0
0
0
0
0
0
0
0
0
0
0
0
0
0
0
0
0
0
0
0
0
0
0
0
0
0
0
0
0
0
0
0
0
0
0
0
0
0
0
0
0
0
0
0
0
0
0
0
0
0
0
0
0
0
0
0
0
0
0
0
0
0
0
0
0
0
0
0
0
0
0
0
0
0
0
0
0
0
0
0
0
0
0
0
0
0
0
0
0
0
0
0
0
0
0
0
0
0
0
0
0
0
0
0
0
0
0
0
0
0
0
0
0
0
0
0
0
0
0
0
0
0
0
0
0
0
0
0
0
0
0
0
0
0
0
0
0
0
0
0
0
0
0
0
0
0
0
0
0
0
0
0
0
0
0
0
0
0
0
0
0
0
0
0
0
0
0
0
0
0
0
0
0
0
0
0
0
0
0
0
0
0
0
0
0
0
0
0
0
0
0
0
0
0
0
0
0
0
0
0
0
0
0
0
0
0
0
0
0
0
0
0
0
0
0
0
0
0
0
0
0
0
0
0
0
0
0
0
0
0
0
0
0
0
0
0
0
0
0
0
0
0
0
0
0
0
0
0
0
0
0
0
0
0
0
0
0
0
0
0
0
0
0
0
0
0
0
0
0
0
0
0
0
256.895982146425
0
0
0
0
0
0
0
0
0
0
0
-1000
0
0
0
0
0.00354262460973587
0.40645627451272
0
0
0
0
0
0
0
0
0
0
0
0
0
0
0
0
0
0
0
0
0
0
0
0
0
0
0
0
0
0
0
0
0
0
0
0
0
0
0
0
0
0
0
0
0
0
0
0
0
0
0
0
0
0
0
0
0
0
0
0
0
0
0
0
0
0
0
0
0
0
0
0
0
0
0
0
0
0
0
0
0
0
0
0
0
0
0
0
0
0
0
0
0
0
0
0
0
0
0
0
0
0
0
0
0
0
0
0
0
0
0
0
0
0
0
0
0
0
0
0
0
0
0
0
0
0
0
0
0
0
0
0
0
0
0
0
0
0
0
0
0
0
0
0
0
0
0
0
0
0
0
0
0
0
0
0
0
0
0
0
0
0
-1000
0
0
0
0
0
0
0
1000
0.00354262460973587
0
0
-33.9117783548407
0
0
1000
0
0
0
0
0
0
0
0
0
0
0
0
0
0
0
1000
0
-1000
0
0
0
0
0
0
0
0
0
0
0
0
0
0
0
0
0
0
0
0
0
0
0
0
0
0
0
0
0
0
0
0
0
0
0
0
0
0
0
0
0
0
0
0
0
0
0
0
0
0
0
0
0
0
0
0
0
0
0
0
0
0
0
0
0
0
0
0
0
0
0
0
0
0
0
0
0
0
0
0
0
0
0
0
0
0
0
0
0
0
0
0
0
0
0
0
0
0
0
0
0
0
0
0
0
0
0
0
0
0
0
0
0
0
0
0
0
0
0
0
0
0
0
0
0
0
0
0
0
0
1000
500
85.5706427462641
-3.61024937724483
0
0
-0.957768244478984
0
0
456.733305658185
18.9282261754736
41.3734057678187
0.102684771295517
85.5706427462641
0
0
0
0
0
0
0
0
0
1000
-517.734959733084
0
-1000
1000
0
0
935.751772999671
0
-1000
0
32.9680075069259
16.484003753463
0
0
0
0
0
0
0
0
0
0
0.00354262460969534
0
0
0
0
0
0
0
0
0
0
0
0
0
0
0
0
259.062361314997
0
0
0
0
0.0123632464640195
-0.691362755742375
-0.0407958179628167
-10.5128155428494
-20.6096208489236
-42.0304128842924
-32.9591075535502
-10.2925609869526
-17.0260678008026
-26.0405199965041
-4.51735980121805
-30.8281974581578
434.314165338391
-1000
0
0
0
0
-1000
-38.0944670937459
-17.1771470491033
-961.905532906254
-13.061164904751
-10.1041772169467
-23.4468053583508
-1000
40.6291936093223
932.860941687187
0
-142.833430124901
-1000
1000
0
1000
-0.00354262460973587
0
506.381386383323
-1000
0
0
0
0
0
0
1000
935.783656621159
0
0
0
0
0
0
0
0
0
0
0
0
0
0
-0.00354262460973587
0
0
0
0
0
0
0
0
0
0
0
0
0
0
0
0
0
1000
0
483.435318408555
0
0
-1000
-1000
1000
-0.00354262460973587
-0.00354262460973587
-0.976412376120493
0
0
0
-0.00354262460973587
0
-0.00354262460973587
0
0
0
-0.00354262460973587
0
0
0
-0.00354262460973587
0
0
0
0
0
0
0
0
0
0
0
-1000
0
0
0
0
0
0
0
0
0
0
0
0
0
-666.793492057224
-0.00354262460973587
0
0
0
-485.796742979909
0
1000
0
0
-0.00354262460973587
0
0
0
0
0
0
0
0
0
0
0
0
0
0
-726.964493989328
-3.56580569681546
0
-1000
-1000
0
0
0
0
712.998088322481
0
0
2.41094943655025
0
0
0
0
0
280.578216930288
0
0
0
0
715.520899850031
1000
670.855731559399
0
0
478.444721522411
329.144268440601
0
0
0
0
0
-32.0485434984357
-1000
0
1000
-1000
-517.734959733084
0
0
0
0
0
0
-0.0495248651958491
0
0
0
0
966.08467902055
-287.001911677519
287.001911677519
0
0
0
0
0
0
287.001911677519
-1000
-1000
-5.41212067003005
0
0
0
0
0
0
0
0
0
0
1000
0
0
-0.00151172451842285
-0.00144409975087001
-0.390990007555615
-338.031126250911
-0.0213004713257305
-0.103907557297134
-0.0137189476334925
-0.0776203616107978
-0.0415178678383654
0
0
0
0
0
-0.00144409975087001
0
-0.00288819950174002
-0.00144409975087001
0
0
0
-0.00144409975087001
0
0
0
-14.2886749192396
0
0
-0.359636297333964
-0.00144409975087001
-0.00990742891656282
0
-0.00144409975087001
-0.00144409975087001
-0.00144409975087001
-0.00144409975087001
-0.0418788927760261
0
0
0
0
0
0
0
0
0
-1000
1000
-0.00354262460973587
0
750
-750
0
0
0
-1000
0
0
0
0
0
0
0
0
0
0
0
0
0
0
0
0
0
0
999.590001100878
-999.590001100878
-1000
1000
1000
0
-1000
-1000
0
-0.00144409975087001
-0.00144409975087001
0
0
0
0
0
307.889384974787
-308.050741257281
989.316640847011
0.0212557476581878
0
0
0
0
737.623054770048
1000
0
0
0
0
0
0
0
0
0
0
0
0
0
0
0
0
0
0
0
0
0
0
0
0
0
0
0
0
0
0
0
0
0
0
0
0
0
0
0
0
0
0
0
0
0
0
0
0
0
0
0
0
0
0
0
0
0
0
0
0
0
0
0
0
0
0
0
0
0
0
0
0
0
0
-0.00144409975087001
0
0
0
0
0
0
0
0
0
0
0
0
0
0
0
0
0
0
0
0
0
0
0
0
0
0
0
0
0
0
0
0
0
0
0
0
0
0
0
0
0
0
0
0
0
0
0
0
0
0
0
0
0
0
0
0
0
0
0
0
0
0
0
0
0
0
0
0
0
0
0
0
0
0
0
0
0
0
0
0
0
0
0
0
0
0
0
0
0
0
0
0
0
0
0
0
0
0
0
0
0
0
0
0
0
0
0
0
0
0
0
0
0
0
0
0
0
0
0
0
0
0
0
0
0
0
0
0
0
0
0
0
0
0
0
0
0
0
0
0
0
0
0
0
0
0
0
0
0
0
0
0
0
0
0
0
0
0
0
0
0
0
0
0
0
0
0
0
0
0
0
0
0
0
0
0
0
0
0
0
0
0
0
0
0
0
0
0
0
0
0
0
0
0
0
0
0
0
0
0
0
0
0
0
0
0
0
0
0
0
0
0
0
0
0
0
0
0
0
0
0
0
0
0
0
0
0
0
0
0
0
0
0
0
0
0
0
0
0
0
0
0
0
0
0
0
0
0
0
0
0
0
0
0
0
0
0
1000
1000
0
0
0
0
-0.40645627451272
0
0
0
0
0
0
0
0
0
0
0
0
0
0
0
0
0
0
0
0
0
0
0
0
0
0
0
0
-1000
0
-966.088221645159
-0.00354262460973587
0
0
0
0
0
0
0
0
-999.975242701641
0
0
0
0
0
0
0
0
0
0
0
0
0
0
0
0
0
0
0
0
0
0
0
0
0
0
0
0
0
0
0
0
0
0
0
0
0
0
0
0
0
0
0
0
0
0
0
0
0
0
0
0
0
0
0
-0.00144409975087001
-0.00144409975087001
-0.00144409975087001
0
-0.00144409975087001
0
0
-0.00144409975087001
-0.00144409975087001
-0.00144409975087001
-0.00144409975087001
0
-0.00144409975087001
-0.00144409975087001
-0.00144409975087001
-0.00144409975087001
-0.00144409975087001
-0.00144409975087001
-0.00144409975087001
0
-0.00144409975087001
-0.00144409975087001
-0.00144409975087001
0
-1000
0
0
85.5706427462642
0
1000
0
0
0
0
0
