0
0
0
0
0
0
0
1000
-1000
911.598756034033
88.401243965967
0
0
254.66108421437
1000
0
999.725311735669
-999.725311735668
999.936956791793
0
0.0630432082072398
0
-1000
0.396271594445466
0
1000
-257.302083326075
0
-315.345892035988
0.237893994646991
0
0
0
0
0
277.118107405967
0
0
0
37.8315130355751
0
0
0
0
0
0
0
0
0
0
0
0
0
0
0
0
0
0
0
0
0
0
0
0
0
0
0
0
315.345892035988
0
0
0
0
1000
1000
0
0
0
0
315.345892035988
0
-1000
0
0
0
0
0
0
0
0
0
0
0
0
0
0
0
0
0
0
0
0
0
0
0.00385579674956379
0
0
0
0
0
0
0
0
486.318320521799
0
0
0
0
0
0
0
0
0
0
0
0
0
0
0
0
0
484.512582915292
0
0
1000
0
0
0
0
0
0
1000
0
0
0
0
-15.7830390091028
0
0
0
0
-584.340484842878
0
0
0.00962272754021572
1000
0
0
487.595530002104
1000
1000
512.395463825295
0
0
0
-1000
512.395463825295
767.056548039664
1000
-745.33891578563
0
537.195397648485
1000
0
0
0.00962272754020432
0
0
1000
-1000
0
0
0
0
0
-3.74388085187991
0
0
0
0
0
0
0
747.423530068412
-1000
0
0
0
0
0
0
0
0
894.77773390944
894.77773390944
999.227969836087
0
1000
0
-898.526117847621
0
-1000
237.224330141399
0
0
0
0
0
0
0
0
0
0.497341899581416
105.22226609056
0.497341899581416
0
-999.502658100419
0
641.45074804218
0
0
0
-999.249484064327
0
0
0
0
0
0
0
0
0
0
-0.497341899581443
0
-1000
0
112.584876851649
1000
-835.82579304367
-1000
1000
-1000
0
-1000
1000
-1.04243607233764
1000
0
0
-0.746012849372164
1000
1000
-1000
1.25236092155458
0
0
1000
0
0.193632710922237
0
-0.193632710922202
0
0.00192231026355064
0
0
0
0
3.58460384880739
0
0
0
0
0
495.423660080704
0
0
0
0
0
0
285.754053842265
0
1000
0
0
0
1000
0
-0.193632710922202
0
-0.746012849372164
0
0
0.746012849372164
0
0
0
0
0
-1000
0
0
0
1000
0
0
-7.11539232375412
-1.04243607233764
0
0.00385579674957626
0
0
0
0
0
0
0.746012849372124
0
0
0.750515935672638
0
712.998088322481
0
0
0
2.48670949790708
0
10.4683950398785
0
0
0
0
0
0
0
0
612.268025356726
632.614666729496
999.253987150628
-1000
0
1000
-1000
-495.922924290549
-1000
-1000
0
-999.502658100419
1000
1000
1000
0
0
0
0
0
0
-1000
0
1000
-1000
-1000
-1000
1000
0
0
1000
-1000
0
0
0
0
0
0
1.04243607233762
-1000
1000
-1000
-1000
1000
-1000
-832.815724331641
-1000
830.848230463378
1000
0
1000
0
-1000
1000
2.72251289023598
-1000
1000
-1000
-1000
1000
-1000
-1000
1000
1000
0
0
0
0
0
0
0
0
-746.673014132739
0
0
0
1000
-867.427543465508
0
0
0
-31.7280661865773
0
0
0
0
0
0
0
0
0
0
0
0
0
0
0
0
0.00385579674956379
0
-46.9274047315989
46.9274047315989
0
0
0
0
0
0
0
0
0
0
0
0
0
0
0
0
0
-965.118327944956
0
0
0
0
0
0
0
0
0
1000
0
0
0
0
0
-1000
1000
0
0
0
0
0
0
0
0
0
0
0
0
0.00385579674957626
1000
0.112577157512874
0.112577157512874
0
0.746012849372164
0
0
0
0
0
0
0
0
0
0
965.118327944956
0
1000
0
0
0
0
-735.824670003595
0
0
0
0
0
0
0
0
0
0
0
0
0
0
0
0
0
0
0
0
0
0
0
0
0
0
0
0
0
0
0
0
0
0
0.175620365720164
0
0
0
1000
0
1000
0
1000
0
0
-1000
0
0
0
0
0
0
0
0
0
0
0
0
0
0
0
0
0
0
0
0
0
0
0
0
0
-728.214498269508
0
0
0.175620365720164
0
0
0
0
0
0
0
0
0
535.23082276802
0
0
0
0
0
0
0
0
0
0
0
0
0
0
0
0
0
0
0
0
0
0
0
0
0
0
0
0
0
0
0
0
0
0
0
0
0
0
0
0
0
0
0
0
0
0
0
0
0
0
0
0
0
0
0
0
0
0
0
0
0
0
0
0
0
0
0
0
0
0
0
0
0
-1000
0
0.00450308630051713
0
0
0
0
0.8150586203936
0.8150586203936
0
1000
0
0
0
0
0
0
0
0
0
0
0
0
0
0
0
0
0
0
0
0
0
0
0
0
0
0
-0.00385579674957626
0
0
0
-1000
0
0
-1000
0
0
0
0
279.424993347156
0
0
279.424993347156
0
0
0
0
0
0
0
0
0
0
279.424993347156
0
279.424993347156
0
0
0
13.9687646313379
39.8184358352371
25.4519839546085
18.6415898105043
27.6392638257077
9.09709582752609
21.2762678370555
38.9236395243329
35.8415633423296
11.3340866047866
21.9722205233144
45.2866355129851
35.7421415300069
11.0358211678185
18.2936134673749
25.3525621422858
32.8589089726489
26.5953347963194
4.87166880381178
33.1571744096169
0
0
0
0
0
0
0
0
0
0
0
0
0
0
0
0
0
0
0
0
0
0
0
0
0
0
0
0
0
0
0
0
0
0
0
0
0
0
0
0
0
0
0
0
0
0
0
0
0
0
0
0
0
0
0
0
0
0
0
0
0
0
0
0
0
0
0
0
0
0
0
0
0
0
0
0
0
0
0
0
0
0
0
0
0
0
0
248.075865683808
0
0
0
0
0
0
-1.94572486260449
0
0
0
0
1000
-367.385333270504
-367.385333270504
1000
1000
217.125335781644
0
0
0
0
0
0
-31.7280661865773
-217.287446888462
-217.287446888462
-1000
0
-264.175329996405
0
-264.30141641282
1000
1000
217.134341954245
1000
0
0
1000
0
-1000
-1000
-1000
0
0
735.824670003595
0
735.824670003595
264.175329996405
0
0
0
0
0
0
0
0
0
0
0
1000
368.431625139591
1000
1000
0
500
250.001598665488
2.51348970051224
5
0
0
0
0
0
0
250
0
132.088031915076
0
0
-0.00156098150114303
0
0.00156098150114303
0.00156098150114303
0
-0.00156098150114303
615.726165613574
367.25359997232
0
-0.00156098150114303
0.00156098150114303
-0.00156098150114303
-0.529079339886721
0
-0.0975613438234859
0
-1000
-0.604490086329974
0.00156098150114303
-0.00156098150114303
-0.00156098150114303
0.00156098150114303
-0.00156098150114303
0.00156098150114303
-0.00156098150114303
-0.00156098150114303
-0.00156098150114303
-0.00156098150114303
-0.00156098150114303
-0.00156098150114303
-0.00156098150114303
-0.00156098150114303
-0.00156098150114303
-0.00156098150114303
-0.00156098150114303
-0.0327806115246858
0
-0.0448782181588285
0
-0.0230244771423713
0.00156098150114303
0.00156098150114303
0
0.00156098150114303
0.00156098150114303
0.00156098150114303
0.00156098150114303
-0.747319893687518
-0.0113171158835712
-0.0839027556882002
-0.422635741443059
-0.22604546130674
0.00156098150114303
0.00156098150114303
0.0148293242611999
0.00156098150114303
0.00156098150114303
-0.00156098150114303
0
0
0
0
0
0
0
0
0
0
0
0
0
0
0
0
0
0
0
0
0
0
0
0
0
0
0
0
0
0
0
0
0
0
0
0
0.0570692138045388
0
0
0
0
0
0
0
0
0
0
0
0
0
0
0
0
0
0
0
0
0
0
0
0
0
0
0
0
0
0
0
0
0
0
0
0
0
0
0
1000
0
0
0
0
0
0
0
0
0
0
0
0
0
0
0
0
0
0
0
0
0
0
0
0
0
0
0
0
0
0
0
0
0
0
0
0
0
0
0
0
0
0
0
0
0
0
0
0
0
0
0
0
0
0
0
0
0
0
0
0
0
0
0
0
0
0
0
0
0
0
0
0
0
0
0
0
0
0
0
0
0
0
0
0
0
0
0
0
0
0
0
0
0
0
0
0
0
0
0
0
0
0
0.0015609815011749
0
0
0
0
0
0
0
0
0
0
0
0
0
0
0
0
0
0
0
0
0
0
0
0
0
0
0
0
0
0
0
0
0
0
0
0
0
0
0
0
0
0
0
0
0
0
0
0
0
0
0
0
0
0
0
0
0
0
0
0
0
0
0
0
0
0
0
0
0
0
0
0
0
0
0
0
0
0
0
0
0
0
0
0
0
0
0
0
0
0
0
0
0
0
0
0
0
0
0
0
0
0
0
0
0
0
0
0
0
0
0
0
0
0
0
0
0
0
0
0
0
0
0
0
0
0
0
0
0
0
0
0
0
0
0
0
0
0
0
0
0
0
0
0
0
0
0
0
0
0
0
0
0
0
0
0
0
0
0
0
0
0
0
0
0
0
0
0
0
0
0
0
0
0
0
0
0
0
0
0
0
0
0
0
0
0
0
0
0
0
0
0
-1000
0
0
0
0
0
0
0
0
0
0
0
0
0
0
0
0
0
0
0
1000
0
0
0
0
0
0
0
0
0
0
0
0
0
0
0
0
0
0
0
0
0
0
0
0
0
0
0
0
0
0
0
0
0
0
0
0
0
0
0
0
0
0
0
0
0
0
0
0
0
0
0
0
0
0
0
0
0
0
0
0
0
0
0
0
0
0
0
0
0
0
0
1000
1000
0
0
0
0
0
0
0
0
0
0
0
0
0
0
0
0
0
0
-1000
0
-1000
0
0
0
0
0
0
0
1000
1000
0
0
0
0
0
0
0
0
0
0
0
0
0
0
0
0
0
0
0
0
0
0
0
0
0
0
0
0
0
0
0
0
0
0
0
0
0
0
0
0
0
0
0
0
0
0
0
0
0
0
0
0
0
0
0
0
0
0
0
0
0
0
0
0
0
0
0
0
0
0
0
0
0
0
0
0
0
0
0
0
0
0
0
-1000
326.783116547066
0
0
0.00156098150114303
0
-999.948097365086
0
0
-0.00156098150114303
0
617.855382505506
-0.00156098150114303
367.339063709509
0
0
0
0.0570692138045388
0.602929104828831
0
-999.397070895171
999.998439018499
0
0
0
0
0
0
0
0
0
0
0
0
0
-1000
-0.00975613438231449
0
-0.0452684635340574
0
-0.108488214331601
0
0
0
0
0
0
0
0.220582026052625
0
0
0
0
0
250
1000
-1000
0
0
0
-179.231432579839
1000
-0.0231347804973439
0
0
0.00156098150114303
-0.00156098150114303
0
0
0.0519026349140859
-0.0519026349140859
1000
0
0
0
0.00156098150114303
0.00156098150114303
-1000
0
-132.144617494494
-867.855382505506
-1000
-0.00156098150114303
-632.66093629049
-367.33906370951
-1000
0
0
0
0
0
-453.292714136932
0
-0.602929104828831
0
0
0
-999.397070895171
999.397070895171
-1000
0
0
0
-1000
0
0
0
-1000
0
0
0
0
0
0
0
0
0
0
0
0
0
0
0
0
0
0
0
-1000
1000
-1000
0.0668253481868533
-1000
0
-1000
0.0452684635340574
-1000
0
-0.112093811720911
-0.112093811720911
0
0
0
0
0
0
-1000
0
1000
0
-1000
0
1000
0
-1000
0
-1000
0
0
0
0
0
0
0
0
0
0
-1000
250
-250
0
0
0
0
0
0
0
0
0
0
0
0
0
0
0
0
0
0
0
0
0
0
0
0
0
0
0
0
0
0
0
0
0.0570692138045388
-0.0570692138045388
0
0
0
0
0
0
0
0
0
0
0
0
0
0
0
0
0
0
0
0
0
0
0
0
0
0
0
0
0
0
0
0
0
0
0
0
0.0570692138045388
-0.0570692138045388
0
0
0
0
0
0
0.220582026052625
0.220582026052625
0
0
0
0
0
0
0
0
0
0
0
0
0
0
0
0
-0.220582026052625
-0.220582026052625
0
0
0
0
0
0
0
0
0
0
0
0
0
0
0
0
0
0
0
0
0
0
0
0
0
0
0
0
0
0
0
0
0
0
0
0
0
0
0
0
0
0
0
0
1.26287215878056
0.00385579674956379
0
0
0
0
0
0
0
0
0.158896080156903
0
0
0
0
0
0
0
0
0
0
0
0
0
0
0
0
0
0
0
0
0
0
0
0
0
0
0
0
0
0
0
0
0
0
0
0
0
0
0
0
0
0
0
0
0
0
0
0
0
132.141495531491
132.141495531491
132.141495531491
0
0
0
0
0
0
0
0
0
0
0
0
0
0
0
0
0
0
0
0
0
0
0
0
0
0
0
0
0
0
0
0
0
0
0
0
0
0
0
0
0
0
0
0
0
0
0
0
0
0
0
0
0
0
0
0
0
0
0
0
0
0
0
0
0
0
0
0
0
0
0
0
0
0
0
0
0
0
0
0
0
0
0
0
0
0
0
0
0
0
0
0
0
0
0
0
0
0
0
0
0
0
0
0
0
0
0
0
0.0015609815011749
0.0015609815011749
0.0015609815011749
0.0015609815011749
0
0
0
0
0
0
0
0
0
0
0
0
0
0
0
0
0
0
0
0
0
0
0
0
0
0
0
0
0
0
0
0
0
0
0
0
0
0
0
0
0
0
0
0
0
0
0
0
0
0
0
0
0
0
0
0
0
0
0
0.00385579674956379
0.00385579674956379
0.00385579674956379
0.00385579674956379
0.00385579674956379
0
0
0
0
0
0
0
0
0
0
0
0
0
0
0
0
0
0
0
0
0
0
0
0.0748126076007121
0.0748126076007121
0
0
0
0
0
0
0
0
0
0
0
0
0.0748126076007121
0
0
15.7830390091029
15.7830390091029
-15.7830390091028
5.25201614395197
-2.62408017360121
2.6240801736012
2.6240801736012
2.6240801736012
2.6240801736012
2.6240801736012
2.6240801736012
2.6240801736012
2.6240801736012
2.6240801736012
2.6240801736012
0
2.6240801736012
2.62408017360121
2.6240801736012
2.6240801736012
2.6240801736012
2.6240801736012
2.6240801736012
2.6240801736012
0
0
0
2.6240801736012
2.6240801736012
0
2.616390932547
0
0
0
0
0
0
0
0
0
0
0
0
0
0
0
0
15.7830390091029
15.7830390091029
5.25201614395197
5.25201614395197
0
0
0
0
0
0
0
0
0
0
0
0
0
0
0
0
0
0
0
0
0
0
0
0
0
0
0
0
0
0
0
0
0
0
0
0
0
0
0
0
0
0
0
0
0
0
0
0
0
0
0
0
0
0
0
0
0
0
0
0
0
0
0
0
0
0
0
0
0
0
0
0
0
0
0
0
0
0
0
0
0
0
0
0
0
0
0
0
0
0
0
0
0
0
0
0
0
0
0
0
0
0
0
0
0
0
0
0
0
0
0
0
0
0
0
0
0
0
0
0
0
0
0
0
0
0
0
0
0
0
0
0
0
0
0
0
0
0
0
0
0
0
0
0
0
0
0
0
0
0
0
0
0
0
0
0
0
0
0
0
0
0
0
0
0
0
0
0
0
0
0
0
0
0
0
0
0
0
0
0
0
0
0
0
0
0
0
0
0
0
0
1.26287215878056
1.26287215878056
1.26287215878056
0
0.0269458723570965
0.0269458723570965
0
-1.28981803113766
0
0.0269458723570965
0
0
0
0
1000
0
0.0269458723570965
0
0.0269458723570965
0.0269458723570965
0
0
0
0
0
0
0
0
0
0
0
0
0
0
0
0
0
0
0
0
0
0
0
0
0
0
0
0
0
0
0
0
0
0
0
0
1.28981803113766
0
0
0
0
0
0
0
0
0
0
0
0
0
0
0
0
0
0
0
0
0
0
0
0
0
0
0
0
0
0
0
0
0
0
0
0
0
0
0
0
0
0
0
0
0
0
0
0
0
0
0
0
0
0
0
0
0
0
0
0
0
0
0
0
0
0
0
0
0
0
0
0
0
0
0
0
0
1.26287215878056
0.00385579674956379
0
0
0
0
0
0
0
1.66254132485467
0
0
0
1.04243607233762
1.04243607233762
1.04243607233762
0
0
0
0
0
0
1.42562403568703
0
0
0
0.00385579674956379
0
0
0
0
-1.42562403568706
1.42562403568703
0
0
0
0
0
0
0
0
0
0
0.260007364775174
0
0.236917289167642
0
0
0
0
0
0
0
0
0
0
11.6233682215986
11.6233682215986
11.6233682215986
0
0
0
0
-0.158896080156865
0
0
0
0
0
0
0
0
0
0
0
0
0
0
0
0
0
0
0
0
0
0
0
0
0
0
0
0
0
0
0
0
0
0
0
0
0
0
0
0
0
0
0
0
0
0
0
0
0
0
0
0
0
0
0
0
0
0
0
0
0
0
0
0
0
0
0
0
0
0
0
0
0
0
0
0
0
0
0
0
0
0
0
0
0
0
0
0
0
0
0
0
0
0
0
0
0
0
0
0
0
0
0
0
0
0
0
0
0
0
0
0
0
0
0
1000
0
0
1000
1000
0
0
0
0
0
0
0
0
0
0
0
0
0
0
0
0
0
0
0
0
0
0
0
0
0
0
0
0
0
0
0
0
0
0
0
0
0
0
0
0
0
0
0
0
0
0
0
0
0
0
0
0
0
0
0
0
0
0
0
0
0
0
0
0
0
0
0
0
0
0
0
0
0
0
0
0
0
0
0
0
0
0
0
0
0
0
0
0
0
0
0
0
0
0
0
0
0
0
0
0
0
0
0
0
0
0
0
0
0
0
0
0
0
0
0
0
0
0
0
0
0
0
0
0
0
0
0
0
0
0
0
0
0
0
0
0
0
0
0
0
0
0
0
0
0
0
0
0
0
0
0
0
0
0
0
0
0
0
0
0
0
0
0
0
0
0
0
0
0
0
0
0
0
0
0
0
0
0
0
0
0
0
0
0
0
0
0
0
0
0
0
0
0
0
0
0
337.496564777954
0
0
0
0
0
0
0
0
0
0
0
0
0
0
0
0
0
0
0
0
0
0
0
0
0
0
0
0
0
0
0
0
0
0
0
0
0
0
0
0
0
0
0
0
0
0
0
0
0
0
0
0
0
0
0
0
0
0
0
0
0
0
0
0
0
0
0
0
0
0
0
0
0
0
0
0
0
0
0
0
0
0
0
0
0
0
0
0
0
0
0
0
0
0
0
0
0
0
0
0
0
0
0
0
0
0
0
0
0
0
0
0
0
0
0
1000
0
0
0
0
0
0
0
0
0
0
0
0
0
0
0
0
0
0
0
0
0
0
0
0
0
0
0
0
0
0
0
0
0
0
0
0
0
0
0
0
0
0
0
0
0
0
0
0
0
0
0
0
0
0
0
0
0
0
0
0
0
0
0
0
0
0
0
0
0
0
0
0
0
0
0
0
0.175620365720164
0.175620365720164
0
0
0
0.175620365720192
0
0.175620365720164
-248.075865683808
0
0
0
0.0270185178030991
0
1000
0
0
0
0
0
248.075865683808
0
0
0
0
0
1.06272836692204
0
0
0
0
0
0
1.06272836692204
1.06272836692204
1.06272836692204
1.06272836692199
0
0
0
0
0
0
0
0
0
0
0
0
0
0
0
0
0
0
0
0
0
0
0
0
0
0
0
0
0
0
0
0
0
0
0
0
0
147.04519595516
147.04519595516
0
0
0
0
0
0
0
0
0
0
0
0
0
0
0
0
0
0
0
0
0
0
0
0
0
0
0
0
0
0
0
0
0
0
0
0
0
0
0
0
0
0
0
0
0
0
0
0
1000
-1000
1000
0
0
0
-1000
-1000
1000
0
1000
0
0
-1000
999.253987150628
0
0
0
0
0
0
0
0
0
0
0
0
0
0
0
0
0
0
0
0
0
0
0
0
0
0
0
0
0
0
0
0
0
0
0
0
0
0
0
0
1000
0
0
0
0
0
0
0
0
0
0
0
0
0
0
0
0
0
-999.99614420325
-1000
1000
-1000
1000
999.99614420325
-1000
0
0
0
0
0
0
0.00385579674957626
0
0
0
0
0
0
0
0
0
0
0
0
0
0
0
0
0
0
0
0
0
0.0153896583308676
0
0.00385579674956379
0.0230900756075327
1000
0.00192231026355064
0.00192231026355064
1000
0
0.013467348067317
0.00192231026355064
0.0288681826206967
-0.00192231026358058
0.00192231026355064
0.00192231026355064
0.00192231026355064
0.00192231026355064
0.00192231026355064
-0.00192231026358058
-0.00384462052704748
0.00192231026355064
0.00192231026355064
0.00192231026358058
0.00192231026355064
-999.951875186076
-0.00577810701315684
999.949952875813
0.00385579674957626
0.00192231026355064
0.00192231026355064
0.00385579674956379
0.00385579674956379
-0.00385579674957626
-0.00385579674957626
0.00385579674957626
0.00385579674957626
0.00192231026355064
0.00192231026355064
0.00192231026355064
0.00192231026355064
-0.00577810701315684
-999.973054127643
0
0
0
0
0
0
-1000
0
0
0
0.00385579674956379
0
0
0
0
0.00192789837478189
0.00385579674957626
0.00385579674957626
0
0
0.00385579674956379
0.00385579674956379
0
0
0
0
0
0
0.00768924105420257
0.00192231026355064
0.00576693079065193
0.00192231026355064
-0.00192231026358058
0.00192231026355064
0.00192231026355064
0.00192231026355064
0.00192231026355064
0.00192231026355064
0.00192231026355064
0.00384462052710128
0.00192231026355064
0.00192231026355064
0.00192231026355064
0.00192231026355064
0.00192231026355064
0
0.00192231026355064
0.00385579674956379
0.00385579674956379
0.00385579674956379
0.00385579674956379
0.00385579674956379
0.00385579674956379
0.00385579674956379
0.00385579674956379
0.00385579674956379
0.00385579674956379
0.00385579674956379
0.00385579674956379
0.00385579674956379
0.00385579674956379
0
0
0
0
0
0
0
0
0
0
0
0
-0.00385579674957626
0
0
0
0
0
0
0
0
0
0
0
0
0
0
0
0
0
0
0
0
0
0
0
0
0
0
0
0
0
0
0
0
0
0
0
0
0
0
0
0
0
0
0
0
0
0
0
0
0
0
0
0
0
0
0
0
0
0
0
0
0
0
0
0
1000
500
1000
0
0
0
0
0.00385579674956379
0
0
0
0
0
0
0
0
0
0
0
0
0
0
0
0
0
0
0
0
0
-146.619930779104
0
0
0
-250
0
-132.088031915076
0
0
0
0.0015609815011749
0
0
0
0.0015609815011749
0
0.0015609815011749
0
0
0
0.0015609815011749
0
0
615.726165613574
0.0854637371893432
0
0
0
0.0015609815011749
0
0.0015609815011749
0
0.0015609815011749
0
0.529079339886674
0
0
0
0.0975613438234313
0
0
0
0.00156098150114303
0
0.604490086329981
0
0.0015609815011749
0
0.0015609815011749
0
0.0015609815011749
0
0.0015609815011749
0
0.0015609815011749
0
0.0015609815011749
0
0.0015609815011749
0
0.0015609815011749
0
0.0015609815011749
0
0.0015609815011749
0
0.0015609815011749
0
0.0015609815011749
0
0.0015609815011749
0
0.0015609815011749
0
0.0015609815011749
0
0.0015609815011749
0
0.0015609815011749
0
0.0327806115246729
0
0
0
0.0448782181587784
0
0
0
0.0230244771423298
0
0.0015609815011749
0
0.0015609815011749
0
0
0
0.0015609815011749
0
0.0015609815011749
0
0.0015609815011749
0
0.0015609815011749
0
0.747319893687484
0
0.011317115883518
0
0.0839027556881509
0
0.422635741443105
0
0.226045461306685
0
0.0015609815011749
0
0.0015609815011749
0
0.0148293242611616
0
0.0015609815011749
0
0.0015609815011749
0
0.0015609815011749
0
0
663.703147235278
0
0
0
0
0
0
0
0
0
1000
-1000
-1000
0
1.06272836692204
-490.555171805409
1000
1000
0
145.619571919473
-208.421748403185
-1000
-1000
0
0
1000
0
0
0
0
0
490.279114491951
1000
0
0
0
0
-285.754053842265
742.427288294978
965.118327944956
-0.00385579674957626
0
0
-4.62703992114507
0
712.998088322481
0
0
0
0.237893994647038
1000
285.754053842265
-1000
-641.45074804218
-358.55310775457
26.5105892267938
1000
1000
0
-1000
0
0
1000
1000
526.601125084102
-1000
0
1000
0
0
-1000
1000
1000
93.2512374626423
0
0
0
0
-1000
-1000
0
0
0
0
0
0
0
0
0
1000
0
1000
0
0
0
0
0
1000
1000
0
0
0
1000
0
0
0
0
0
0
353.493661911182
0
0
1000
694.61102597695
1000
-1000
1000
-1000
1000
-1000
-1000
635.665539687457
-1000
-1000
1000
-1000
-1000
-1000
-1000
-1000
1000
-41.4620623349259
1000
-1000
-1000
-1000
-1000
1000
1000
1000
1000
-1000
-1000
1000
-1000
-1000
-1000
-1000
-1000
-1000
1000
-1000
-1000
1000
-1000
-1000
-1000
-1000
-10.9973982463443
-1000
-1000
-18.6956268461105
-324.306232534502
-1000
-1000
741.524456875501
-1000
-1000
-1000
-1000
-45.7459503156379
-1000
-1000
-1000
-1000
-1000
-1000
-1000
-1000
-1000
-1000
-196.521053152869
-1000
-1000
-1000
1000
1000
-1000
-1000
-1000
-1000
-1000
357.859678538564
-1000
1000
-1000
-1000
-1000
-985.784212911685
1000
-1000
1000
1000
1000
-1000
-1000
1000
1000
1000
1000
-1000
-1000
-1000
-1000
1000
-1000
1000
-1000
-1000
-1000
207.701475517612
1000
1000
1000
1000
-1000
1000
1000
-1000
28.3425322809201
-1000
35.872731032722
-1000
-1000
-1000
-1000
1000
-1000
988.557839324001
0
0
0
0
0
0
0
0
0
0
0
0
0
0
0
0
0
0
0
0
0
0
0
0
0
0
0
0
0
0
0
0
0
0
0
0
0
0
0
0
0
0
0
0
0
0
0
0
0
0
0
0
0
0
0
0
0
0
0
0
0
56.9483856765755
0
0
0
0
0
0
0
0
0
0
0
0
0
0
0
0
0
0
0
0
0
0
0
0
0
0
0
0
0
0
0
0
0
0
0
0
0
0
0
0
0
0
0
0
0
0
0
0
0
0
0
0
0
0
0
0
0
0
0
0
0
0
0
0
0
0
0
0
0
0
0
0
0
0
0
0
0
0
0
0
0
0
0
0
0
0
0
0
0
0
0
0
0
0
0
0
0
0
0
0
0
0
0
0
0
0
0
0
0
0
0
0
0
0
0
0
0
0
0
0
0
0
0
0
0
0
0
0
0
0
0
0
0
0
0
0
0
0
0
0
0
0
0
0
0
0
0
0
0
0
0
0
0
0
0
0
0
0
0
0
0
0
0
0
0
0
0
0
0
0
0
0
0
0
0
0
0
0
0
0
0
0
0
0
0
0
0
0
0
0
0
0
0
0
0
0
0
0
0
0
0
0
0
0
0
0
0
0
0
0
0
0
0
0
0
0
0
0
0
0
0
0
0
0
0
0
0
0
0
0
0
0
0
0
0
0
0
0
0
0
0
0
0
0
0
0
0
0
0
0
0
0
0
0
0
0
0
0
0
0
0
0
0
0
1000
1000
1000
1000
1000
1000
1000
1000
-1000
-1000
-664.393059498056
-1000
1000
1000
1000
335.606940501944
-1000
-1000
664.393059498056
-1000
1000
-1000
1000
-1000
-1000
-1000
-1000
1000
1000
1000
-751.266455659066
-1000
664.393059498056
-1000
-1000
1000
1000
-1000
-326.500407361868
-1000
-1000
1000
-1000
-1000
-1000
1000
-1000
1000
-1000
-853.380069220896
-1000
-146.619930779104
-1000
-1000
-1000
0
0
0
0
0
0
0
0
0
0
0
0
0
0
0
0
-1000
-1000
0
0
0
0
0
0
0
0
0
0
0
1000
0
0
0
0
0
-0.00385579674957626
0.00385579674956379
0
0
-0.00385579674957626
-0.00385579674957626
0
646.312705377896
0
0
0
0
0
0
0
0
0
0
0
0
0
0
0
0
0
0
277.083388470887
0
0
1000
0
0
0
0.00385579674956379
0
0
-1000
1000
1000
999.250131353878
1000
0
0
0
0
-0.00385579674957626
0
0
0
0
0
248.075865683808
0
0
0
0
0
0
0
0
0
1000
0
0
0
998.560051001361
0
-1000
0
0
0
0.00385579674956379
0
0
0
676.123672811733
147.52469338998
0
0
0
0
0
0
-1000
0
0
0
0
0
0
1000
0
0
0
0
0
0
0
0
0
0
0
0
0
0
0
0
0
0
0
0
0
0
0
0
0
0
0
0
0
0.00385579674956379
0
0
0
1000
0
-1000
0
-132.088031915076
0
2.08487214467525
0
0
0
0.00576693079065193
1000
0
0
0
0
0
0
0
0
0
0
0
0
0
0
0.00385579674957626
1000
-1000
0
1000
0
1000
1000
0
-1000
-1000
0
-1000
1000
-869.996840229599
484.512582915292
0
0
0
0
-773.410006340553
1000
0
0
0
0
0
0.00385579674957626
0
0
1000
0
0
0
0
726.635706543171
0
0
-88.401243965967
0
0
-1000
0
-1000
1000
0
0
0
0
0
0
0
0
0
0
0
-226.589993659447
1000
0
0
46.927404731599
0
0
0
0
0
0
0
953.072595268401
0
997.922839448824
0
0
0
0
0
0
0
0
0
0
0
0
0
0
1.04243607233762
0
0.00385579674956379
-0.00385579674957626
0.00385579674956379
0.00385579674956379
0
0
-735.824670003595
735.824670003595
0.00385579674957626
0
0
0
1.04243607233764
0
0
-0.0115673902487288
-1000
-1000
1000
1000
-1000
-1000
0
0
1000
-1000
1000
-1000
0
0
0
0
0
0
0
0
0
0
0
0
0
0
0
0
0
0
0
0
0
0
0
0
0
0
0
0
0
0
0
0.00192231026355064
0
88.4012439659668
0
0
0
0
0
0
0.00385579674956379
0
-1000
1000
0
0
0
0
0
0
0
0
0
0
-1000
0
0
0
0
0
0
0
0
0
0
0
0
0
1000
0
0
0
0
1000
0
0
0
0
0
0
0
0
0
0
0
0
0
0
0
0
0
0
0
0
0
0
0
0
0
0
2.4867094979071
0
0
0
0
0
0
0
0
0
0
0
0
0
0
0
0
0
0
0
0
0
0
0
0
0
0
0
0
0
0
0
0
0
0
0
0
0
0
0
0
0
0
0
0
0
0
0
0
0
0
0
0
0
0
0
0
0
0
0
0
0
0
0
0
0
0
0
0
0
0
0
0
0
0
0
0
0
0
0
0
0
0
0
0
0
0
0
0
0
0
0
0
0
0
0
0
0
0
0
0
0
0
0
0
0
0
0
0
0
0
0
0
0
-999.762106005353
0
0.00192231026358058
0
0.133375500522561
0
0
-0.237893994647038
0
1000
0.017311968594413
0
0
0
0
0
0
0
0
0
0
0
0
0
0
0
0
0
0.00385579674956379
0.00385579674956379
0.00385579674956379
-1000
1000
0
-179.231432579839
-1000
0
0
0
0
0
-1000
1000
0
0
0
0
0
0
0
0
0
1000
-1000
0
999.996878036998
-0.00156098150125672
-1000
-453.292714136932
-1000
-999.397070895171
-1000
1000
0
0
0
0
0
0
0
0
0
0
-1000
0
1000
0.422330819820579
0.00385579674956379
0.00385579674956379
0.00385579674956379
0.00385579674956379
0.00385579674956379
0
0
0
1000
0
0
0
0
0
0
0
0
0
0
0
-1000
0
0
0
0
0
0
0
1000
-999.998439018499
0
1000
0
0
-999.998439018499
0
0
0
0
0
0
0
0
0
250
0
0
0
0
0
0
0
0
0
0
0
0
0
0
0
0
0
0
0
0.0668253481868447
0
0
0
0
0
0.112093811720917
0
0
0
0
0
0
0
0
0
0
0
999.253987150628
0
0
0
0
0
0
0
0
0
-1000
0
0
0
0
0
0
0
515.487417084708
1000
-1000
-1000
-1000
-1000
1000
0
0.0230900756075327
0
0
0
0
1000
-1000
-1000
1000
248.075865683808
0
0
0
999.976865219503
15.5518104171686
0
0
0
0
0.620105252517045
0.620105252517045
-953.06682833761
-999.760183695089
0
0
0
0
0
0
0.391428564711756
0
-1000
0
0
999.99614420325
0
0
0
0
999.933174651813
0.00385579674956379
0
0
0
0
0
0
0
0
1000
-1000
0
0
999.954731536466
0
0
0
1000
0
0
0
0
0
-867.855382505506
0
-1000
-250
0
0
-1000
-1000
0
0
0
0
1000
0
-0.452851425868971
0.452851425868935
0
0
0
0
-500.486431215651
1000
0
0
0
-518.537223115133
-1000
0
0
-37.7384412711754
0
0
0
0
0.0570692138045016
0
0
0
0
0
0
0
0
0
0
0
0
0
0
0
0
0
0
0
0
1000
0
-1000
-1000
-1000
-1000
0
1000
0
0
0
0
0
0
0
0
-1000
0
0
1000
0.00192231026355064
0.00192231026355064
0
-1000
0
0
367.33906370951
0
0
0
0
0
0
0
0
0
0
0
0
0
0
0
0
0
0
0
0
0
0
0
0
0
-0.220582026052625
0
0
0
0
0
0
0
0
0
0
0
0
0
0
0
0
0
0
0
0
0
0
0
0
0
0
0
0
0
0
0
0
0
0
0
0
0
0
0
0
0
0
0
0
0
-1000
0
-1000
0
0
0
0
0
0
-1000
0
0
0
0
0
0
0
0
0
0
0
-1000
0
0
0
0
0
0
0
0
0
0
0
0
0
1000
0
0
0
0
0
0
0
0
0
0
0
0
0
0
0
0
0
0
0
0
0
0
0
0
0
0
0
0
0
0
0
0
0
0
0
0
0
0
0
0
0
0
0
132.088031915076
0
0
0
0
0
0
0
0
0
0
0
0
132.089592896577
0
0
0
0
0
0
0
0
0
0
0
0
0
0
0
0
0
0
0
0
0
0
0
0
0
0
0
0
0
0
0
0
0
0
0
0
0
0
0
0
0
0
0
0
0
0
0
0
0
0
0
0
0
0
0
0
0
0
0
0
0
0
0
0
0
0
0
0
0
0
0
0
0
0
0
0
0
0
0
0
0
0
0
0
0
0
0
0
0
0
0
0
0
0
0
0
0
0
0
0
0
0
0
0
0
0
0
0
0
0
0
0
0
0
0
0
0
0
0
0
0
0
0
0
1000
0
0
0
0
-1000
0
0
0
0
0
0
0
0
0
0
0
0
0
0
0
0
0
0
0
0
0
0
512.398465882828
0
179.065132549495
0
0
12.3954638252948
0
-271.785501730492
1000
-728.038877903788
0
0
0
-998.560051001361
663.703147235278
0
0
0
0
852.448316032774
0.0231347804973439
0
0
0
0
0
0
0
0
0
0
0
0
0
0
0
0
0
0
0
0
0
0
0
0
0
0
0
0
0
0
0
0
0
0
0
0
0
0
0
0
0
0
0
0
0
0
0
0
0
0
0
0
0
0
0
0
0
0
0
0
0
0
0
0
0
0
0
0
0
0
0
0
0
0
0
0
0
0
0
0
0
0
0
0
0
0
0
0
0
0
0
0
0
0
0
0
0
0
0
0
0
0
0
0
0
0
0
0
0
0
0
0
0
0
0
0
0
0
0
0
0
0
0
0
0
0
0
0
0
0
0
0
0
0
0
0
0
0
0
0
0
0
0
0
0
0
0
0
0
0
0
0
0
0
0
0
0
0
0
0
0
0
0
0
0
0
0
0
0
0
0
0
0
0
0
0
0
0
0
0
0
0
0
0
0
0
0
0
0
0
0
0
0
0
0
0
0
0
0
0
0
0
0
0
0
0
0
0
0
0
0
0
0
0
0
0
0
0
0
0
0
0
0
0
0
0
0
0
0
0
0
0
0
0
0
0
0
0
0
0
0
0
0
0
0
0
0
0
0
0
0
0
0
0
0
0
0
0
0
0
0
0
0
0
0
0
0
0
0
0
0
0
0
0
0
0
0
0
0
0
0
0
0
0
0
0
0
0
0
0
0
0
367.339063709509
0
0
0
0
0
0
0
0
0
0
0
-1000
0
0
0
0
0.00385579674957626
418.295320372243
-953.06682833761
0
0
0
0
0
0
0
0
0
0
0
0
0
0
0
0
0
0
0
0
0
0
0
0
0
0
0
0
0
0
0
0
0
0
0
0
0
0
0
0
0
0
0
0
0
0
0
0
0
0
0
0
0
0
0
0
0
0
0
0
0
0
0
0
0
0
0
0
0
0
0
0
0
0
0
0
0
0
0
0
0
0
0
0
0
0
0
0
0
0
0
0
0
0
0
0
0
0
0
0
0
0
0
0
0
0
0
0
0
0
0
0
0
0
0
0
0
0
0
0
0
0
0
0
0
0
0
0
0
0
0
0
0
0
0
0
0
0
0
0
0
0
0
0
0
0
0
0
0
0
1000
0
0
584.340484842878
0.74986864612174
0
0
0
0
0
0
0
1000
0.00385579674957626
0
0
-0.74986864612174
1000
0
0
0
0
0
999.946097079063
0
0
0
0
0
0
0
0
0
0
0
0
0
0
0
0
0
0
0
0
0
0
0
0
0
0
0
0
0
0
0
0
0
0
0
0
0
0
0
0
0
0
0
0
0
0
0
0
0
0
0
0
0
0
0
0
0
0
0
0
0
0
0
0
0
0
0
0
0
0
0
0
0
0
0
0
0
0
0
0
0
0
0
0
0
0
0
0
0
0
0
0
0
0
0
0
0
0
0
0
0
0
0
0
0
0
0
0
0
0
0
0
0
0
0
0
0
0
0
0
0
0
0
0
0
0
0
0
0
0
0
0
0
0
0
0
0
0
0
0
0
0
0
0
0
0
0
0
0
0
0
0
0
0
0
0
0
0
0
0
0
0
0
0
0
0
0
0
0
0
0
0
0
0
0
0
0
0
0
0
0
500
93.1351871875311
-3.90245375293728
0
0
0
-1.04243607233764
0
0
497.109061613447
20.6015034058819
45.0308630051713
0.111762224625037
93.1351871875311
0
0
0
0
0
0
0
0
0
0
0
0
0
0
0
0
0
0
0
0
0
0
0
0
0
0
492.544280193396
-1000
0
-1000
132.572456534492
-735.828525800345
0
953.06682833761
0
773.56311127477
0
1.25236092155458
0
500
0
-250
0
0
0
0
999.994233069209
0.00385579674956379
0
0
0
0
0
0
0
0
0
0
0
0
0
0
0
0
250
0
132.088031915076
0
0
0.237893994647038
-0.747319893687518
-0.0327806115246858
0
-11.442160675999
-22.4315353259672
-45.7459503156379
-35.8727310327218
-11.2024353609377
399.32174087349
-28.3425322809201
-4.91669966681695
-33.5534460040624
-1000
-1000
0
0
0
0
-1000
-41.4620623349259
-18.6956268461105
-305.38897402305
-14.2157870883153
989.002601753656
-990.637858194072
998.002899387082
-25.6722812696225
-36.1376643175474
0
0
0
0
0
1000
0
0
999.806367289078
-1000
0
0
0
0
0
0
1000
918.190923213357
0
0
0
0
0
0
0
0
0
-0.00385579674957626
-0.00385579674957626
0
0
-337.496564777954
337.496564777954
0
0
0
0
0
0
0
0
277.083388470887
0
0
0
0
1000
0
484.512582915292
0
0
-1000
-1000
248.075865683808
-0.00385579674957626
-0.00385579674957626
-1.06272836692199
0.746012849372164
0
0
-0.00385579674957626
0
-0.00385579674957626
0
0
0
-0.00385579674957626
0
0
0
-0.00385579674957626
0
0
0
0
0
0
0
0
0
0
0
584.340484842878
0
0
0
0
0
1000
0
0
0
0
0
0
0
509.444828194591
0
0
0
-248.733544340934
0
1000
0
0
-0.00385579674957626
0
0
0
0
-1000
0
0
0
0
0
0
0
0
965.118327944956
0
147.52469338998
-4.62703992114507
0
-1000
-1000
0
0
0
0
712.998088322481
0
0
0
2.62408017360121
337.496564777954
0
0
0
-1000
0
358.54925195782
0
0
0
0
742.427288294978
0
1000
0
0
145.619571919473
132.00206405084
0
-1000
1000
0
0
-1000
0
0
0
-1000
-1000
0
0
0
0
-1000
0
0
0
0
-0.74986864612174
-285.754053842265
285.754053842265
0
0
0
0
0
0
-208.421748403185
-1000
-1000
490.279114491951
0
0
0
0
0
0
0
0
0
0
0
1000
0
-0.22604546130674
-0.00156098150114303
-0.422635741443059
-1000
-0.0230244771423713
0
-0.0148293242611999
-0.0839027556882002
-0.0448782181588285
-0.00156098150114303
0
0
615.726165613574
-0.0854637371893432
-0.00156098150114303
-1000
-0.00156098150114303
-0.00156098150114303
-0.00156098150114303
-0.0113171158835712
0
-0.00156098150114303
-0.529079339886721
0
0
-15.5518104171687
0
-0.391428564711759
-0.00156098150114303
0
0
-0.00156098150114303
-0.00156098150114303
-0.00156098150114303
-0.00156098150114303
0
0
-0.0975613438234859
0
0
0
-1000
1000
0
0
-1000
1000
-0.00385579674957626
0
500.486431215651
-500.486431215651
0
0
0
-1000
0
0
0
0
0
0
0
0
0
0
0
0
0
0
0
0
0
0
0
0
0
-1000
1000
1000
-1000
-1000
0
-1000
-1000
0
0
0
-0.00156098150114303
-0.00156098150114303
0
0
0
0
1000
-728.214498269508
728.038877903788
852.448316032774
0.0231347804973439
0
0
0
0
0
1000
-1000
0
0
0
0
0
0
0
0
0
0
0
0
0
0
0
0
0
0
0
0
0
0
0
0
0
0
0
0
0
0
0
0
0
0
0
0
0
0
0
0
0
0
0
0
0
0
0
0
0
0
0
0
0
0
0
0
0
0
0
0
0
0
0
0
0
0
0
0
0
0
-0.00156098150114303
0
-0.00156098150114303
0
0
0
0
0
0
0
0
0
0
0
0
0
0
0
0
0
0
0
0
0
0
0
0
0
0
0
0
0
0
0
0
0
0
0
0
0
0
0
0
0
0
0
0
0
0
0
0
0
0
0
0
0
0
0
0
0
0
0
0
0
0
0
0
0
0
0
0
0
0
0
0
0
0
0
0
0
0
0
0
0
0
0
0
0
0
0
0
0
0
0
0
0
0
0
0
0
0
0
0
0
0
0
0
0
0
0
0
0
0
0
0
0
0
0
0
0
0
0
0
0
0
0
0
0
0
0
0
0
0
0
0
0
0
0
0
0
0
0
0
0
0
0
0
0
0
0
0
0
0
0
0
0
0
0
0
0
0
0
0
0
0
0
0
0
0
0
0
0
0
0
0
0
0
0
0
0
0
0
0
0
0
0
0
0
0
0
0
0
0
0
0
0
0
0
0
0
0
0
0
0
0
0
0
0
0
0
0
0
0
0
0
0
0
0
0
0
0
0
0
0
0
0
0
0
0
0
0
0
0
0
0
0
0
0
0
0
0
0
0
0
0
0
0
0
0
0
0
0
0
0
0
0
0
0
-584.340484842878
0
1000
0
0
0
-418.295320372243
0
0
0
0
0
0
0
0
0
0
0
0
999.946097079063
0
0
0
0
0
1000
0
-1000
0
-1000
-0.00385579674957626
0
0
0
0
0
0
0
0
-1000
0
0
0
0
0
0
0
0
0
0
0
0
0
0
0
0
0
0
0
0
0
0
0
0
0
0
0
0
0
0
0
0
0
0
0
0
0
0
0
0
0
0
0
0
0
0
0
0
0
0
0
0
0
0
0
0
0
0
0
0
0
0
0
0
0
0
0
0
0
0
0
0
0
0
-0.00156098150114303
-0.00156098150114303
-0.00156098150114303
-0.00156098150114303
0
-0.00156098150114303
-0.604490086329974
-0.00156098150114303
-0.00156098150114303
-0.00156098150114303
-0.00156098150114303
-0.00156098150114303
0
-0.00156098150114303
-0.00156098150114303
-0.00156098150114303
-0.00156098150114303
-0.00156098150114303
-0.00156098150114303
-0.00156098150114303
0
-0.00156098150114303
-0.00156098150114303
-0.00156098150114303
0
-1.94572486260449
93.1351871875311
0
1000
0
0
0
0
0
0
0
0
0
0
0
