0
0
0
0
0
0
0
1000
-1000
0
0
0
0
34.2798873099957
1000
0
999.810542629134
-999.810542629134
999.956517980457
0
0.0434820195430024
0
-1000
0.273315551413134
0
1000
-36.1014312677635
0
-458.593242218928
0.00928096053120547
0
0
0
0
0
432.226860722223
0
0
0
26.0930659452911
0
0
0
0
0
465.456820963282
0
465.456820963282
0
465.456820963282
0
465.456820963282
0
465.456820963282
0
465.456820963282
0
0
465.456820963282
0
0
0
0
0
0
0
458.593242218928
0
0
0
0
0
0
0
1000
1000
0
0
0
0
0
0
-1000
0
258.197746742974
0
0
0
0
0
0
0
0
0
0
0
0
0
0
0
0
0
0
0
0
0
0.00265941144789526
0
1000
0
0
0
0
0
0
125.723102298388
0
246.870254395721
0
0
0
0
0
0
0
0
0
0
0
0
0
0
0
371.347907420056
0
0
-1000
0
0
0
0
-1000
0
0
0
0
-10.8858421098399
0
0
0
0
-1000
0
0
0.00663696596126903
1000
0
0
141.358961994965
212.044654709526
1000
70.6794809974826
0
0
0
-1000
70.6794809974826
104.959368307478
1000
-965.720112690004
0
0
1000
0
0
0.00663696596132013
0
0
1000
-1000
0
0
0
0
0
-2.92524660164884
0
0
0
0
0
0
0
250.690965359609
-1000
0
0
0
0
0
0
0
0
997.071647539812
997.071647539812
1000
0
0
0
-1000
0
-999.996894141461
0
0
0
0
0
1000
0
0
0
0
0
-787.955345290474
0
0
-1000
752.214735268696
0
0
0.343025534583591
0
0
0.349237251661179
0.514538301875386
0
1000
0
0
0
-1000
0
0
0
0
0
0
0
0
0
0
0
0
-1000
0
-1000
1000
-1000
-1000
0
-1000
1000
-1000
998.5108657716
-0.7189866594465
1000
0
0
-143.658889493463
0
1000
-856.855648808412
753.421536356816
0
0
1000
0
0.133551917167793
0
-0.133551917167779
0
0.00132585150445792
0
0
0
0
0
0
0
0
246.680797024855
0
0
0
0
0
0
0
0
1000
0
1000
0
0
0
1000
0
-0.133551917167779
0
-0.514538301875405
0
0
0.514538301875405
0
0
0
0
0
0
0
0
-1000
0
0
0
595.671206233118
0.514538301875405
0
400.668702319697
-0.7189866594465
0
0
0.00265941144789394
0
1.95782658944484
0
0
0
0
0
0
0
0
0
0
0
0
0
0
1.71512767291795
0
7.22023784404412
0
0
0
0
0
0
0
0
404.449922249895
500.362691059493
1000
-0.344351386088078
-1000
1000
0
-1000
-1000
-1000
0
-999.656974465416
1000
1000
1000
0
0
0
0
0
0
-1000
0
1000
-1000
0
-1000
1000
0
0
1000
-1000
0
0
0
0
0
0
0.718986659446526
-1000
1000
0.343025534583603
-1000
1000
-1000
-608.041307473357
-1000
607.704493655851
1000
-1000
1000
1000
-1000
0
-1000
0
1000
-1000
-1000
1000
-1000
-1000
1000
1000
0
0
0
1000
-1000
0
0
0
0
-1000
0
0
0
1000
-90.8420292883638
0
0
0
-394.992339545795
373.108929211548
0
0
0
0
0
0
0
0
0
0
0
0
0
0
0.00265941144789526
0
1000
-24.0585082695055
-975.941491730494
0
0
975.941491730494
0
0
0
993.169810403721
0
0
0
0
0
0
0
-975.941491730494
0
0
0
0
0
0
0
0
0
0
0
0
0
0
0
0
0
0
0
0
0
0
0
0
0
0
0
0
-1000
-0.00265941144789394
0.0776464634695913
0.0776464634695913
0
-788.257782824821
0
0
0
0
0
0
0
0
0
975.941491730494
0
1000
0
0
0
0
-1000
0
0
0
0
0
0
0
0
0
0
0
0
0
0
0
0
0
0
0
0
0
0
0
0
0
0
0
0
0
0
0
0.121128483013672
0
0
0
1000
0
0
0
0
0
0
-1000
0
0
0
0
0
0
0
0
0
0
0
0
0
0
0
0
0
0
0
0
0
0
0
0
0
0
0
-471.983475222067
0
0
0.121128483013672
0
0
0
0
0
0
0
0
0
1000
0
0
0
0
0
0
0
0
0
0
0
0
0
0
0
0
0
0
0
0
0
0
0
0
0
0
0
0
0
0
0
0
0
-1000
0
0
0
0
0
0
0
0
0
0
0
0
0
0
0
0
0
0
0
0
0
0
0
0
0
0
0
0
0
0
0
0
0
0
0
0
0
-1000
0
0.00310585853878588
0
0
0
0
0.562160395520245
0.562160395520245
0
1000
0
0
0
0
0
0
0
0
0
0
0
0
0
0
0
0
0
0
0
0
0
0
0
0
1000
0
0
0
0.00265941144789394
0
0
1000
0
0
0
0
433.817960896703
0
0
433.817960896703
0
0
0
0
0
0
0
0
0
0
433.817960896703
0
433.817960896703
0
0
0
9.63450487314638
27.4634818625988
17.5546850357685
12.857435328932
19.0632907810298
6.27442844051882
14.6746195220877
26.84632496681
24.7205623257599
7.81732067999066
15.1546304410345
31.2349962257521
24.651989337339
7.61160171472774
12.6174298694586
17.4861120473475
22.6633726731308
18.3432744026097
3.36007643262756
22.8690916383937
0
0
0
0
0
0
0
0
0
0
0
0
0
0
0
0
0
0
0
0
0
0
0
0
0
0
0
0
0
0
0
0
0
0
0
0
0
0
0
0
0
0
0
0
0
0
0
0
0
0
0
0
0
0
0
0
0
0
0
0
0
0
0
0
0
0
0
0
0
0
0
0
0
0
0
0
0
0
0
0
0
0
0
0
0
0
0
0
0
0
0
0
0
0
0
-1000
0
0
0
0
0
1000
-746.507563336228
-746.507563336228
1000
1000
0
0
0
0
0
605.074466258323
0
-394.992339545795
-852.05653156144
-605.186277165719
-1000
0
0.00158277480340985
1000
373.023547947265
1000
1000
605.0806779754
1000
0
0
394.925533741678
0
-1000
-1000
-1000
0
0.00158277480343341
0
1000
1000
-0.00158277480340985
0
0
0
0
0
0
0
0
0
0
0
1000
500.358955011401
1000
1000
0
500
0
16.4630853000453
5
0
0
0
0
0.732982615153333
0
263.953781214197
0
0
0
0
-0.0010766366444841
0
0
0
0
-0.0010766366444841
748.431314113992
499.605396003132
0
-0.0010766366444841
0.0010766366444841
-0.0010766366444841
0
0
0
0
-1000
0
0
-0.0010766366444841
-0.0010766366444841
0.0010766366444841
-0.0010766366444841
0.0010766366444841
-0.0010766366444841
-0.0010766366444841
-0.0010766366444841
-0.0010766366444841
-0.0010766366444841
-0.0010766366444841
-0.0010766366444841
-0.0010766366444841
-0.0010766366444841
-0.0010766366444841
-0.0010766366444841
-0.0226093695337113
0
-0.0309533035282357
0
-0.0158803905057994
0.0010766366444841
0.0010766366444841
-1.00608476408638
0.0010766366444841
0.0010766366444841
0.0010766366444841
0.0010766366444841
-0.515439793536075
-13.9615868298696
-0.0578692196397697
-0.291499371488044
-0.00110881680768671
0.0010766366444841
0.0010766366444841
0.0102280481223715
0.0010766366444841
0.0010766366444841
-0.0010766366444841
0
0
0
0
0
0
0
0
0
0
0
0
0
0
0
0
0
0
0
0
0
0
0
0
0
0
0
0
0
0
0
0
0
0
0
0
0.890647664131052
0
0
0
0
0
0
0
0
0
0
0
0
0
0
0
0
0
0
0
0
0
0
0
0
0
0
0
0
0
0
0
0
0
0
0
0
0
0
0
1000
0
0
0
0
0
0
0
0
0
0
0
0
0
0
0
0
0
0
0
0
0
0
0
0
0
0
0
0
0
0
0
0
0
0
0
0
0
0
0
0
0
0
0
0
0
0
0
0
0
0
0
0
0
0
0
0
0
0
0
0
0
0
0
0
0
0
0
0
0
0
0
0
0
0
0
0
0
0
0
0
0
0
0
0
0
0
0
0
0
0
0
0
0
0
0
0
0
0
0
0
0
0.00107663664446185
0.00107663664446185
0.00215327328892369
0.0589458562842861
0
0.00107663664446185
0.0672897902788654
0
0
0.00107663664446185
0
0
0
0
0
0
0
0
0
0
0
0
0
0
0
0
0
0
0
0
0
0
0
0
0
0
0
0
0
0
0
0
0
0
0
0
0
0
0
0
0
0
0
0
0
0
0
0
0
0
0
0
0
0
0
0
0
0
0
0
0
0
0
0
0
0
0
0
0
0
0
0
0
0
0
0
0
0
0
0
0
0
0
0
0
0
0
0
0
0
0
0
0
0
0
0
0
0
0
0
0
0
0
0
0
0
0
0
0
0
0
0
0
0
0
0
0
0
0
0
0
0
0
0
0
0
0
0
0
0
0
0
0
0
0
0
0
0
0
0
0
0
0
0
0
0
0
0
0
0
0
0
0
0
0
0
0
0
0
0
0
0
0
0
0
0
0
0
0
0
0
0
0
0
0
0
0
0
0
0
0
0
0
0
0
0
0
0
0
0
-1000
0
0
0
0
0
0
0
0
0
0
0
0
0
0
0
0
0
0
0
0
0
0
0
0
0
0
0
0
0
0
0
0
0
0
0
0
0
0
0
0
0
0
0
0
0
0
0
0
0
0
0
0
0
0
0
0
0
0
0
0
0
0
0
0
0
0
0
0
0
0
0
0
0
0
0
0
0
0
0
0
0
0
0
0
0
0
0
0
0
0
1000
1000
0
0
0
0
0
0
0
0
0
0
0
0
0
0
0
0
0
0
-1000
0
-1000
0
0
0
0
0
0
0
1000
1000
0
0
0
0
0
0
0
0
0
0
0
0
0
0
0
0
0
0
0
0
0
0
0
0
0
0
0
0
0
0
0
0
0
0
0
0
0
0
0
0
0
0
0
0
0
0
0
0
0
0
0
0
0
0
0
0
0
0
0
0
0
0
0
0
0
0
0
0
0
0
0
0
0
0
0
0
0
0
0
0
0
0
0
0
0
1000
466.4816989433
0
0
0.0010766366444841
0
1000
0
0
0.0010766366444841
0
749.958818648349
-0.0010766366444841
499.605396003132
0
0
0
0.890647664131052
0
0
-1000
999.998923363356
0
0
0
0
0
0
0
0
0
0
0
0
0
-1000
-0.00672897902791192
0
-0.0312224626893567
0
0.931258517296214
0
0
0
0
-13.9537812141972
0
0
-0.00265941144789394
0
0
0
0
0
263.953781214197
-1000
1000
-13.9537812141972
-13.9537812141972
0
533.536916936835
1000
-0.0159564686873637
0
0
0.0010766366444841
-0.0010766366444841
0
0
0.0401047150062368
-0.0401047150062368
1000
0
0
0
-0.0010766366444841
-0.0010766366444841
-1000
0
-0.0411813516507209
-999.958818648349
-1000
0
-500.394603996868
-499.605396003132
-1000
0
0
0
0
0
-1000
0
0
0
0
0
-1000
1000
-1000
0
0
0
-1000
0
0
0
-1000
0
0
0
0
0
0
0
0
0
0
0
0
0
0
0
0
0
0
0
-1000
1000
-1000
0.897376643158964
-1000
0
-1000
0.0312224626893567
-1000
0
-0.928599105848321
-0.928599105848321
0
0
0
0
0
0
-1000
0
953.06033006328
13.9537812141972
-1000
0
-1000
0
-1000
0
-1000
0
0
0
0
0
0
0
0
0
0
0
-1000
250
-250
0
0
0
0
0
0
0
0
0
0
0
0
0
0
0
0
0
0
0
0
0
0
0
0
0
0
0
0
0
0
0
0
0.890647664131052
-0.890647664131052
0
0
0
0
0
0
0
0
0
0
0
0
0
0
0
0
0
0
0
0
0
0
0
0
0
0
0
0
0
0
0
0
0
0
0
0
0.890647664131052
-0.890647664131052
0
0
0
0
0
0
-0.00265941144789394
-0.00265941144789394
0
0
0
0
0
0
0
0
0
0
0
0
0
0
0
0
0.00265941144789394
0.00265941144789394
0
0
0
0
0
0
0
0
0
0
0
0
0
0
0
0
0
0
0
0
0
0
0
0
0
0
0
0
0
0
0
0
0
0
0
0
0
0
0
0
0
0
0
0
0.871025340396681
0.00265941144789526
0
0
0
0
0
0
0
0
0.109593446449883
0
0
0
0
0
0
0
0
0
0
0
0
0
0
0
0
0
0
0
0
0
0
0
0
0
0
0
0
0
0
0
0
0
0
0
0
0
0
0
0
0
0
0
0
0
0
0
0
0
0
0
0
0
0
0
0
0
0
0
0
0.0401047150062038
0.0401047150062038
0.0401047150062038
0
0
0
0
0
0
0
0
0
0
0
0
0
0
0
0
0
0
0
0
0
0
0
0
0
0
0
0
0
0
0
0
0
0
0
0
0
0
0
0
0
0
0
0
0
0
0
0
0
0
0
0
0
0
0
0
0
0
0
0
0
0
0
0
0
0
0
0
0
0
0
0
0
0
0
0
0
0
0
0
0
0
0
0
0
0
0
0
0
0
0
0
0
0
0
0
0
0
0
0
0
0
0
0
0
0
0
0
0
0
0
0
0.00107663664446185
0.00107663664446185
0.00107663664446185
0.00107663664446185
-0.0010766366444841
0
0
0
0
0
0
0
0
0
0
0
0
0
0
0
0
0
0
0
0
0
0
0
0
0
0
0
0
0
0
0
0
0
0
0
0
0
0
0
0
0
0
0
0
0
0
0
0
0
0
0
0
0
0
0.00265941144789526
0.00265941144789526
0.00265941144789526
0.00265941144789526
0.00265941144789526
0
0
0
0
0
0
0
0
0
0
0
0
0
0
0
0
0
0
0
0
0
0
0
0
0
0
0
0
0
0
0
0
0
0
0
0
0
0
0
0
0
0
0
0
0
0
0
0
10.88584210984
10.88584210984
-10.8858421098399
3.6224087432349
-1.80987466589352
1.8098746658935
1.8098746658935
1.8098746658935
0
0
0
0
0
0
0
0
0
0
0
0
0
0
0
0
0
0
0
0
1.8098746658935
0
1.80457125987567
1.8098746658935
1.8098746658935
1.8098746658935
1.8098746658935
1.8098746658935
1.8098746658935
1.8098746658935
1.8098746658935
1.8098746658935
1.8098746658935
1.8098746658935
1.8098746658935
1.8098746658935
1.8098746658935
1.8098746658935
1.8098746658935
10.88584210984
10.88584210984
3.6224087432349
3.6224087432349
0
0
0
0
0
0
0
0
0
0
0
0
0
0
0
0
0
0
0
0
0
0
0
0
0
0
0
0
0
0
0
0
0
0
0
0
0
0
0
0
0
0
0
0
0
0
0
0
0
0
0
0
0
0
0
0
0
0
0
0
0
0
0
0
0
0
0
0
0
0
0
0
0
0
0
0
0
0
0
0
0
0
0
0
0
0
0
0
0
0
0
0
0
0
0
0
0
0
0
0
0
0
0
0
0
0
0
0
0
0
0
0
0
0
0
0
0
0
0
0
0
0
0
0
0
0
0
0
0
0
0
0
0
0
0
0
0
0
0
0
0
0
0
0
0
0
0
0
0
0
0
0
0
0
0
0
0
0
0
0
0
0
0
0
0
0
0
0
0
0
0
0
0
0
0
0
0
0
0
0
0
0
0
0
0
0
0
0
0
0
0
0
0.871025340396681
0.871025340396681
0.871025340396681
0
0.0185850463793492
0.0185850463793492
0
-0.889610386775985
0.88961038677603
0.0185850463793492
0
0
0
0
1000
0
0.0185850463793492
0
0.0185850463793492
0.0185850463793492
0
0
0
0
0
0
0
0
0
0
0
0
0
0
0
0
0
0
0
0
0
0
0
0
0
0
0
0
0
0
0
0
0
0
0
0
0
0
0
0
0
0
0
0
0
0
0
0
0
0
0
0
0
0
0
0
0
0
0
0
0
0
0
0
0
0
0
0
0
0
0
0
0
0
0
0
0
0
0
0
0
0
0
0
0
0
0
0
0
0
0
0
0
0
0
0
0
0
0
0
0
0
0
0
0
0
0
0
0
0
0
0
0
0
0
0
0
0.871025340396681
0.00265941144789526
0
0
0
0
0
0
0
1.14668425725958
0
0
0
0.718986659446526
0.718986659446526
0.718986659446526
0
0
0
0
0
0
0.983278198294459
0
0
0
0.00265941144789526
0
0
0
0
-0.983278198294443
0.983278198294459
0
0
0
0
0
0
0
0
0
0
0.179331693896573
0
0.16340605896512
0
0
0
0
0
0
0
0
0
0
8.01684334505395
8.01684334505395
8.01684334505395
0
0
0
0
-0.109593446449935
0
0
0
0
0
0
0
0
0
0
0
0
0
0
0
0
0
0
0
0
0
0
0
0
0
0
0
0
0
0
0
0
0
0
0
0
0
0
0
0
0
0
0
0
0
0
0
0
0
0
0
0
0
0
0
0
0
0
0
0
0
0
0
0
0
0
0
0
0
0
0
0
0
0
0
0
0
0
0
0
0
0
0
0
0
0
0
0
0
0
0
0
0
0
0
0
0
0
0
0
0
0
0
0
0
0
0
0
0
0
0
0
0
0
0
0
0
0
1000
0
0
1000
1000
0
0
0
0
0
0
0
0
0
0
0
0
0
0
0
0
0
0
0
0
0
0
0
0
0
0
0
0
0
0
0
0
0
0
0
0
0
0
0
0
0
0
0
0
0
0
0
0
0
0
0
0
0
0
0
0
0
0
0
0
0
0
0
0
0
0
0
0
0
0
0
0
0
0
0
0
0
0
0
0
0
0
0
0
0
0
0
0
0
0
0
0
0
0
0
0
0
0
0
0
0
0
0
0
0
0
0
0
0
0
0
0
0
0
0
0
0
0
0
0
0
0
0
0
0
0
0
0
0
0
0
0
0
0
0
0
0
0
0
0
0
0
0
0
0
0
0
0
0
0
0
0
0
0
0
0
0
0
0
0
0
0
0
0
0
0
0
0
0
0
0
0
0
0
0
0
0
0
0
0
0
0
0
0
0
0
0
0
0
0
0
0
0
0
0
0
0
0
0
0
0
0
0
0
0
0
0
0
0
0
0
0
0
0
0
0
0
0
0
0
0
0
0
0
0
0
0
0
0
0
0
0
0
0
0
0
0
0
0
0
0
0
0
0
0
0
0
0
0
0
0
0
0
0
0
0
0
0
0
0
0
0
0
0
0
0
0
0
0
0
0
0
0
0
0
0
0
0
0
0
0
0
0
0
0
0
0
0
0
0
0
0
0
0
0
0
0
0
0
0
0
0
0
0
0
0
0
0
0
0
0
0
1000
0
0
0
0
0
0
0
0
0
0
0
0
0
0
0
0
0
0
0
0
0
0
0
0
0
0
0
0
0
0
0
0
0
0
0
0
0
0
0
0
0
0
0
0
0
0
0
0
0
0
0
0
0
0
0
0
0
0
0
0
0
0
0
0
0
0
0
0
0
0
0
0
0
0
0
0
0
0
0
0.121128483013672
0.121128483013672
0
0
0
0
0.121128483013649
0
0.121128483013672
-247.641484416408
0
0
0
0
0.0186351512333204
0
0
0
0
0
0
247.641484416408
0
0
0
0
0
0
0
0
0
0
0
0
0
0
0
0
0
0
0
0
0
0
0
0
0
0
0
0
0
0
0
0
0
0
0
0
0
0
0
0
0
0
0
0
0
0
0
0
0
0
0
0
0
0
541.276348337528
541.276348337528
0
0
0
0
0
0
0
0
0
0
0
0
0
0
0
0
0
0
0
0
0
0
0
0
0
0
0
0
0
0
0
0
0
0
0
0
0
0
0
0
0
0
0
0
0
0
0
0
1000
211.744876586627
-1000
0
0
0
-1000
-1000
1000
0
211.227678873304
0
0
-1000
211.230338284752
0
0
0
0
0
0
0
0
0
0
0
0
0
0
0
0
0
0
0
0
0
0
0
0
0
0
0
0
0
0
0
0
0
0
0
0
0
0
0
0
1000
0
0
0
0
0
0
0
0
0
0
0
0
0
0
0
0
0
-999.997340588552
-1000
1000
-1000
1000
999.997340588552
-1000
0
0
0
0
0
0
0.00265941144789394
0
0
0
0
0
0
0
0
0
0
0
0
0
0
0
0
0
0
0
0
0
0.0106145204746428
0
0.00265941144789526
0.0159256349314539
1000
0.00132585150445792
0.00132585150445792
357.218069838917
0
0.00928866897018488
0.00132585150445792
0.0199108978838292
-0.00132585150447539
0.00132585150445792
0.00132585150445792
0.00132585150445792
0.00132585150445792
0.00132585150445792
-0.00132585150447539
-0.00265170300895079
0.00132585150445792
0.00132585150445792
0.00132585150447539
0.00132585150445792
-0.00398526295236934
-0.00398526295236934
0.00265941144789394
0.00265941144789394
0.00132585150445792
0.00132585150445792
0.00265941144789526
0.00265941144789526
-0.00265941144789394
-0.00265941144789394
0.00265941144789394
0.00265941144789394
0.00132585150445792
0.00132585150445792
0.00132585150445792
0.00132585150445792
0.0332002466843733
-0.00398526295236934
-999.981414953621
0
0
0
0
0
0
-1000
0
0
0
0.00265941144789526
0
0
0
0
0.00132970572394763
0.00265941144789394
0.00265941144789394
0
0
0.00265941144789526
0.00265941144789526
0
0
0
0
0
0
0.0053034060178317
0.00132585150445792
0.00397755451337377
0.00132585150445792
-0.00132585150447539
0.00132585150445792
0.00132585150445792
0.00132585150445792
0.00132585150445792
0.00132585150445792
0.00132585150445792
0.00265170300891585
0.00132585150445792
0.00132585150445792
0.00132585150445792
0.00132585150445792
0.00132585150445792
0
0.00132585150445792
0.00265941144789526
0.00265941144789526
0.00265941144789526
0.00265941144789526
0.00265941144789526
0.00265941144789526
0.00265941144789526
0.00265941144789526
0.00265941144789526
0.00265941144789526
0.00265941144789526
0.00265941144789526
0.00265941144789526
0.00265941144789526
0
0
0
0
0
0
0
0
0
0
0
0
-0.00265941144789394
0
0
0
0
0
0
0
0
0
0
0
0
0
0
0
0
0
0
0
0
0
0
0
0
0
0
0
0
0
0
0
0
0
0
0
0
0
0
0
0
0
0
0
0
0
0
0
0
0
0
0
0
0
0
0
0
0
0
0
0
0
0
0
0
500
500.002205255918
499.997794744082
0
0
0
0.00265941144789526
0
0
0
0
0
0
0
0
0
0
0
0
0
0
0
0
0
0
0
0
0
0
0
0
-443.984460989959
0
-0.732982615153333
0
-263.953781214197
0
0
0
0
0
0.00107663664446185
0
0
0
0
0
0
0
0
0
0.00107663664446185
0
0
748.431314113992
0
0
0
0
0.00107663664446185
0
0.00107663664446185
0
0.00107663664446185
0
0
0
0
0
0
0
0
0
0
0
0
0
0
0
0.00107663664446185
0
0.00107663664446185
0
0.00107663664446185
0
0.00107663664446185
0
0.00107663664446185
0
0.00107663664446185
0
0.00107663664446185
0
0.00107663664446185
0
0.00107663664446185
0
0.00107663664446185
0
0.00107663664446185
0
0.00107663664446185
0
0.00107663664446185
0
0.00107663664446185
0
0.00107663664446185
0
0.00107663664446185
0
0.0226093695336988
0
0
0
0.0309533035282781
0
0
0
0.0158803905058122
0
0.00107663664446185
0
0.00107663664446185
0
1.00608476408634
0
0.00107663664446185
0
0.00107663664446185
0
0.00107663664446185
0
0.00107663664446185
0
0.515439793536109
0
13.9615868298695
0
0.0578692196398243
0
0.291499371488045
0
0.00110881680772121
0
0.00107663664446185
0
0.00107663664446185
0
0.0102280481223875
0
0.00107663664446185
0
0.00107663664446185
0
0.00107663664446185
0
0
663.703147235278
0
0
993.036258486553
0
0
0
0
-872.522273972123
-1000
1000
0
0
-0.00265941144789394
250.690965359609
209.116302249338
0
540.293070139234
1000
-1000
-1000
0
0
0
1000
0
0
0
0
0
-4.06282269588451
1000
0
0
0
0
-1000
1000
975.941491730494
-0.00265941144789394
0
0
-2.67681324889134
0
0
0
0
0
465.466101923813
1000
1000
-1000
-1000
787.952685879027
1.43462592926609
1000
24.7420592349637
0
-1000
0
0
1000
1000
-1000
1000
0
1000
1000
0
-1000
842.247064053955
1000
1000
0
0
0
0
0
-1000
-501.221257944242
0
0
0
0
0
0
0
0
0
0
0
629.194973965014
0
0
0
0
0
1000
0
0
1000
0
0
0
0
0
0
1000
0
0
-1000
1000
1000
-1000
1000
-1000
761.47352679191
-1000
-1000
-1000
1000
1000
1000
-1000
-1000
-1000
-28.5971202292545
-1000
-1000
1000
-1000
-1000
-1000
1000
1000
1000
1000
1000
1000
1000
532.802792830343
1000
-1000
-1000
-1000
-1000
-1000
-1000
-1000
-1000
-1000
-984.528571988009
-1000
164.001695787605
-1000
-1000
-1000
-1000
-1000
-1000
-1000
571.248716686496
-1000
1000
-1000
-1000
-1000
-1000
-1000
-474.92372565032
-1000
-1000
-1000
-1000
-1000
1000
-1000
-1000
-1000
-1000
-1000
-1000
-1000
-632.472907508642
1000
-1000
-1000
279.961627112974
152.294132028693
1000
-1000
-1000
1000
-1000
980.25317623987
1000
-731.921822386091
1000
1000
1000
1000
1000
-1000
-12.8947056313974
1000
1000
1000
1000
-1000
-1000
-1000
-1000
1000
-1000
-1000
-1000
-1000
632.472907508642
-1000
1000
1000
1000
1000
-976.857592810193
1000
1000
-1000
-1000
-1000
-1000
-1000
-1000
1000
0
7.89186128492156
0
-1000
-1000
0
0
0
0
0
0
0
0
0
0
0
0
0
0
0
0
0
0
0
0
0
0
0
0
0
0
0
0
0
0
0
0
0
0
0
0
0
0
0
0
0
0
0
0
0
0
0
0
0
0
0
0
0
0
0
0
0
0
0
0
0
0
0
0
0
0
0
0
0
0
0
0
0
0
0
0
0
0
0
0
0
0
0
0
0
0
0
0
0
0
0
0
0
0
0
0
0
0
0
0
0
0
0
0
0
0
0
0
0
0
0
0
0
0
0
0
0
0
0
0
0
0
0
0
0
0
0
0
0
0
0
0
0
0
0
0
0
0
0
0
0
0
0
0
0
0
0
0
0
0
0
0
0
0
0
0
0
0
0
0
0
0
0
0
0
0
0
0
0
0
0
0
0
0
0
0
0
0
0
0
0
0
0
0
0
0
0
0
0
0
0
0
0
0
0
0
0
0
0
0
0
0
0
0
0
0
0
0
0
0
0
0
0
0
0
0
0
0
0
0
0
0
0
0
0
0
0
0
0
0
0
0
0
0
0
0
0
0
0
0
0
0
0
0
0
0
0
0
0
0
0
0
0
0
0
0
0
0
0
0
0
0
0
0
0
0
0
0
0
0
0
0
0
0
0
0
0
0
0
0
0
0
0
0
0
0
0
0
0
0
0
0
0
0
0
0
0
0
0
0
0
0
0
0
0
0
0
0
0
0
0
0
0
0
0
0
0
0
0
0
0
0
0
0
0
1000
1000
-1000
1000
1000
1000
1000
1000
-1000
-1000
-1000
-1000
443.984460989959
1000
0
-1000
-1000
-1000
1000
-1000
1000
1000
-1000
1000
1000
-1000
-1000
-1000
556.015539010041
-1000
556.015539010041
371.347907420056
-1000
-628.652092579944
-1000
-1000
-1000
-1000
-1000
-1000
-555.978361208844
1000
-1000
-1000
-1000
1000
1000
1000
-1000
-1000
-1000
-1000
-1000
1000
-1000
0
0
0
0
0
0
993.036258486553
993.036258486553
-993.036258486553
0
0
0
0
0
0
0
-1000
-1000
0
0
0
0
0
0
1000
0
0
0
0
0
0
0
0
0
0
-0.00265941144789394
0.00265941144789526
0
0
-0.00265941144789394
-0.00265941144789394
0
0
0
0
0
0
0
0
0
0
0
0
0
0
0
0
0
0
0
0
432.202914456534
0
0
539.098522443289
0
0
0
0
0.00265941144789526
0
0
-1000
83.7499528454273
-211.230338284752
1000
-127.480385439325
0
0
0
0
-0.00265941144789394
0
0
0
0
0
247.641484416408
0
0
0
0
0
0
0
0
0
0
0
0
0
0
0
-465.456820963282
465.456820963282
0.00265941144789526
0
0
0
929.136143294794
1000
0
0
0
0
0
0
-1000
0
858.272286589587
0
0
0
0
0
0
0
0
0
0
0
0
0
0
0
0
0
0
0
0
0
0
0
0
0
0
0
0
0
0
0
0
551.623283654344
0
0.00265941144789526
0
0
0
0
0
0
1000
0
1000
0
0
0
1.43797331889305
0
0
0
0
0.00397755451337377
1000
0
-975.941491730494
0
0
0
0
0
0
0
0
0
0
0
0
0.00265941144789394
-1000
-0.00158277480340985
998.562026681107
371.347907420056
0
0
0
0.105599190318685
1000
0
0
0
0
0
0.00265941144789394
0
0
1000
0
0
0
0
1000
0
0
0
0
0
-1000
0
-1000
1000
0
0
0
0
0
0
0
0
0
147.945051213363
0
-1000
753.02414641396
0
69.4762044307068
45.4176961612013
0
0
0
0
0
69.4762044307068
0
0
0
1000
0
751.697091108281
0
0
0
0
0
0
0
0
0
0
0.718986659446526
0
0.00265941144789526
-0.00265941144789394
0.00265941144789526
0.00265941144789526
0
0
0.00265941144789394
957.022837824251
0
0
0.7189866594465
0
0
-0.00797823434368183
-1000
-1000
-1000
1000
-1000
1000
0
0
-751.697091108281
-248.302908891719
-1000
-1000
0
0
0
0
0
0
0
0
0
0
0
0
0
0
0
0
0
0
0
0
0
0
0
0
0
1000
0
0
0
0
0
0.00132585150445792
0
0
0
0
0
0
0
0
0.00265941144789526
0
0
0
0
0
0
0
0
0
0
-1000
0
0
0
0
0
0
0
0
0
0
0
0
0
1000
0
0
0
1000
0
0
0
0
0
0
0
0
0
0
0
0
0
0
0
0
0
0
0
0
0
0
0
0
0
0
1.7151276729179
0
0
0
0
0
0
0
0
0
0
0
0
0
0
0
0
0
0
0
0
0
0
0
0
0
0
0
0
0
0
0
0
0
0
0
0
0
0
0
0
0
0
0
0
0
0
0
0
0
0
0
0
0
0
0
0
0
0
0
0
0
0
0
0
0
0
0
0
0
0
0
0
0
0
0
0
0
0
0
0
0
0
0
0
0
0
0
0
0
0
0
0
0
0
0
0
0
0
0
0
0
0
0
0
0
0
0
0
0
0
0.00928096053121408
0
0.00132585150447539
0
0.0145920749880588
0
0
-0.00928096053121408
7.11988561546968
0
0
0.011940371979108
0
0
0
0
0
0
0
0
0
0
0
0
0
0
0
0
0
0
0
0
0.00265941144789526
0.00265941144789526
0.00265941144789526
-1000
-1000
0
533.536916936835
-1000
0
0
0
0
0
0
-1000
45.4176961612013
0
0
0
0
0
0
0
0
0
0
-1000
0
999.998923363356
-0.0010766366444841
-1000
-1000
-1000
-1000
-1000
-1000
0
0
0
0
0
0
0
0
0
0
-1000
0
1000
0.291289061633474
0.00265941144789526
0.00265941144789526
0.00265941144789526
0.00265941144789526
0.00265941144789526
0
0
0
1000
0
0
0.41692754056785
0
0.00107663664446185
0.00107663664446185
0
0
0
0
0
0
0
0
0
-1000
0
0
0
0
0
0
1000
-999.998923363356
0
1000
0
0
-1000
0
0
0
0
0
0
0
0
0
250
0
0
0
0
0
0
0
0
0
0
0
13.9537812141972
0
0
0
0
0
0
0
0.89737664315895
0
0
0
0
0
0.928599105848343
0
0
0
0
0
0
0
0
0
0
0
-1000
0
0
0
0
0
0
0
0
0
-1000
0
0
0
0
0
0
0
628.652092579944
1000
-1000
-1000
-1000
-1000
967.014111277477
0
0.0159256349314539
0
0
0
0
1000
-1000
-1000
539.098522443289
247.641484416408
0
0
0
999.984043531313
10.7263596463154
0
0
0
0
0.427697597813052
0.427697597813052
-885.102121853578
7.13049242750526
0
0
0
0
0
0
0.269975227855415
0
-1000
0
0
357.21541042747
0
0
0
0
999.102623356841
0.00265941144789526
0
0
0
0
0
0
0
0
1000
127.480385439325
0
0
999.968777537311
0
0
0
1000
0
0
0
-999.958818648349
0
-1000
-250
0
0
-1000
-1000
0
0
0
0
-0.0010766366444841
0
1000
0
0
0
0
0
-552.363560116462
552.363560116462
-750
0
0
0
0
-1000
-1000
0
0
0.0062117170775764
0
0
0
0
0.890647664131063
0
0
0
0
0
0
0
0
751.697091108281
0
751.697091108281
0
0
0
0
0
0
0
0
0
1000
0
0
-1000
394.920904799403
-1000
-1000
1000
0
0
0
0
0
0
0
0
-1000
0
0
872.89415821348
0.00132585150445792
0.00132585150445792
0
-1000
31.5517937967084
-1000
0
0
499.605396003132
0
0
0
0
0
0
0
0
0
0
0
0
0
0
0
0
0
0
0
0
0
0
0
0
0
0.00265941144789394
0
0
0
0
0
0
0
0
0
0
0
0
0
0
0
0
0
0
0
0
0
0
0
0
0
0
0
0
0
0
0
0
0
0
0
0
0
0
0
0
0
0
0
0
0
-1000
0
-1000
0
0
0
0
0
0
-1000
0
0
0
0
0
0
0
0
0
0
0
999.959895284994
0
0
0
0
0
0
0
0
0
0
0
0
0
1000
0
0
0
0
0
0
0
0
0
0
0
0
0
0
0
0
0
0
0
0
0
0
0
0
0
0
0
0
0
0
0
0
0
0
0
0
0
0
0
0
0
0
0
0
0
0
0
0
0
0
0
0
0
0
0
0
0
0
0
0
0
0
0
0
0
0
0
0
0
0
0
0
0
0
0
0
0
0
0
0
0
0
0
0
0
0
0
0
0
0
0
0
0
0
0
0
0
0
0
0
0
0
0
0
0
0
0
0
0
0
0
0
0
0
0
0
0
0
0
0
0
0
0
0
0
0
0
0
0
0
0
0
0
0
0
0
0
0
0
0
0
0
0
0
0
0
0
0
0
0
0
0
0
0
0
0
0
0
0
0
0
0
0
0
0
0
0
0
0
0
0
0
0
0
0
0
0
0
0
0
0
0
0
0
-1000
0
0
0
0
0
0
0
0
0
0
0
0
0
0
0
0
0
0
0
0
0
0
333.333333333333
0
0
0
0
-429.320519002517
0
783.496896131749
-311.513420909682
-471.862346739053
0
-858.272286589587
0
0
663.703147235278
0
0
0
0
-0.0186158801352576
0.0159564686873637
0
0
0
0
0
0
0
0
0
0
0
0
0
0
0
0
0
-0.732982615153333
0
0
0
0
0
0
0
0
0
0
0
0
0
0
0
0
0
0
0
0
0
0
0
0
0
0
0
0
0
0
0
0
0
0
0
0
0
0
0
0
0
0
0
0
0
0
0
0
0
0
0
0
0
0
0
0
0
0
0
0
0
0
0
0
0
0
0
0
0
0
0
0
0
0
0
0
0
0
0
0
0
0
0
0
0
0
0
0
0
0
0
0
0
0
0
0
0
0
0
0
0
0
0
0
0
0
0
0
0
0
0
0
0
0
0
0
0
0
0
0
0
0
0
0
0
0
0
0
0
0
0
0
0
0
0
0
0
0
0
0
0
0
0
0
0
0
0
0
0
0
0
0
0
0
0
0
0
0
0
0
0
0
0
0
0
0
0
0
0
0
0
0
0
0
0
0
0
0
0
0
0
0
0
0
0
0
0
0
0
0
0
0
0
0
0
0
0
0
0
0
0
0
0
0
0
0
0
0
0
0
0
0
0
0
0
0
0
0
0
0
0
0
0
0
0
0
0
0
0
0
0
0
0
0
0
0
0
0
0
0
0
0
0
0
0
0
0
0
0
0
0
0
0
0
0
0
0
0
0
0
0
0
0
0
499.605396003132
0
0
0
0
0
0
0
0
0
-1000
0
0
0
0
0.00265941144789394
-114.581080575465
-885.102121853578
0
0
0
0
0
0
0
0
0
0
0
0
0
0
0
0
0
0
0
0
0
0
0
0
0
0
0
0
0
0
0
0
0
0
0
0
0
0
0
0
0
0
0
0
0
0
0
0
0
0
0
0
0
0
0
0
0
0
0
0
0
0
0
0
0
0
0
0
0
0
0
0
0
0
0
0
0
0
0
0
0
0
0
0
0
0
0
0
0
0
0
0
0
0
0
0
0
0
0
0
0
0
0
0
0
0
0
0
0
0
0
0
0
0
0
0
0
0
0
0
0
0
0
0
0
0
0
0
0
0
0
0
0
0
0
0
0
0
0
0
0
0
0
0
0
0
0
0
0
0
0
0
0
0
0
0
1000
0
0
1000
1000
0
0
0
0
0
0
0
1000
0.00265941144789394
0
0
-1000
1000
0
0
0
0
0
0
0
0
0
0
0
0
0
0
0
1000
0
-1000
0
0
0
0
0
0
0
0
0
0
0
0
0
0
0
0
0
0
0
0
0
0
0
0
0
0
0
0
0
0
0
0
0
0
0
0
0
0
0
0
0
0
0
0
0
0
0
0
0
0
0
0
0
0
0
0
0
0
0
0
0
0
0
0
0
0
0
0
0
0
0
0
0
0
0
0
0
0
0
0
0
0
0
0
0
0
0
0
0
0
0
0
0
0
0
0
0
0
0
0
0
0
0
0
0
0
0
0
0
0
0
0
0
0
0
0
0
0
1000
500
64.2369914950545
0
0
-0.7189866594465
0
0
342.864942104853
14.2092225187061
31.0585853878588
0.0770843897940654
64.2369914950545
0
506.484322049434
-1000
0
-460.901477556711
-539.098522443289
909.157970711636
0
885.102121853578
-993.169810403721
0
0
0
-858.779152436574
500
0
-250
0
0
-2.69159161115465
0
0
0
0
0
0.00265941144789526
0
0
0
0
0
0
0
0
0
0
0
0
0
0
0.732982615153333
0
263.953781214197
0
0
0
0
465.466101923813
-0.515439793536075
-0.0226093695337113
0
-7.89186128492156
-15.4714280119907
-1000
-24.7420592349638
-7.72651848066278
-127.667495084281
-19.5483475156586
-3.39113501801535
-23.1424071898068
559.331286193858
-1000
0
0
0
0
-1000
-28.5971202292545
-12.8947056313974
-451.725779157666
-9.80488064568874
993.147881871267
-993.542764644345
-790.149756862434
958.234863726893
763.847532703355
0
0
-1000
-539.098522443289
0
1000
0
0
993.036258486553
-1000
0
0
0
0
0
0
1000
1000
0
0
0
0
0
0
0
0
0
0
-0.00265941144789394
-0.00265941144789394
0
0
0
0
0
0
0
0
0
0
0
0
432.202914456534
0
0
0
0
1000
0
371.347907420056
0
0
1000
-1000
247.641484416408
-0.00265941144789394
-0.00265941144789394
0
788.769661715248
0
0
-0.00265941144789394
0
-0.00265941144789394
0
0
0
-0.00265941144789394
0
0
0
-0.00265941144789394
0
0
0
0
0
0
0
0
0
0
0
1000
0
0
0
0
0
211.227678873304
0
0
0
0
0
0
-749.309034640391
999.997340588552
0
0
0
-1000
0
1000
0
0
-0.00265941144789394
0
0
0
0
-1000
0
0
0
0
0
0
0
0
975.941491730494
0
1000
-2.67681324889134
0
-1000
-1000
0
0
0
0
0
0
0
0
1.80987466589352
0
0
0
0
0
0
-1000
0
0
0
0
1000
1000
209.116302249338
0
0
540.293070139234
787.955345290474
0
0
0
465.456820963282
0
-1000
0
0
0
-1000
-1000
0
0
0
0
0
-0.0371778011976858
0
0
0
0
0
0
0
-1000
1000
0
0
0
0
0
0
1000
-1000
-1000
-4.06282269588451
0
0
-465.456820963282
0
0
0
0
0
0
0
1000
0
-0.00110881680768671
-0.0010766366444841
-0.291499371488044
-501.221257944242
-0.0158803905057994
-1.00608476408638
-0.0102280481223715
-0.0578692196397697
-0.0309533035282357
0
0
0
748.431314113992
0
-0.0010766366444841
-1000
-0.0010766366444841
-0.0010766366444841
0
-13.9615868298696
0
-0.0010766366444841
0
0
0
-10.7263596463154
0
-0.269975227855412
-0.0010766366444841
0
0
-0.0010766366444841
-0.0010766366444841
-0.0010766366444841
-0.0010766366444841
0
0
0
0
0
0
-1000
1000
0
0
-1000
1000
-0.00265941144789394
0
750
-750
0
0
0
-1000
0
0
0
0
0
0
0
0
0
0
0
0
0
0
0
0
-872.89415821348
872.89415821348
1000
-1000
-31.5517937967084
31.5517937967084
0
0
1000
-1000
-1000
0
-1000
-1000
0
0
0
-0.0010766366444841
-0.0010766366444841
0
0
1000
-471.983475222067
471.862346739053
-0.0186158801352576
0.0159564686873637
0
0
0
0
0
1000
0
-1000
0
0
0
-0.732982615153333
0
0
0
0
0
0
0
0
0
0
0
0
0
0
0
0
0
0
0
0
0
0
0
0
0
0
0
0
0
0
0
0
0
0
0
0
0
0
0
0
0
0
0
0
0
0
0
0
0
0
0
0
0
0
0
0
0
0
0
0
0
0
0
0
0
0
-0.0010766366444841
0
0
0
0
0
0
0
0
0
0
0
0
0
0
0
0
0
0
0
0
0
0
0
0
0
0
0
0
0
0
0
0
0
0
0
0
0
0
0
0
0
0
0
0
0
0
0
0
0
0
0
0
0
0
0
0
0
0
0
0
0
0
0
0
0
0
0
0
0
0
0
0
0
0
0
0
0
0
0
0
0
0
0
0
0
0
0
0
0
0
0
0
0
0
0
0
0
0
0
0
0
0
0
0
0
0
0
0
0
0
0
0
0
0
0
0
0
0
0
0
0
0
0
0
0
0
0
0
0
0
0
0
0
0
0
0
0
0
0
0
0
0
0
0
0
0
0
0
0
0
0
0
0
0
0
0
0
0
0
0
0
0
0
0
0
0
0
0
0
0
0
0
0
0
0
0
0
0
0
0
0
0
0
0
0
0
0
0
0
0
0
0
0
0
0
0
0
0
0
0
0
0
0
0
0
0
0
0
0
0
0
0
0
0
0
0
0
0
0
0
0
0
0
0
0
0
0
0
0
0
0
0
0
0
0
0
0
0
0
0
0
0
0
0
0
0
0
0
0
0
0
0
0
0
0
0
-1000
0
1000
0
0
0
114.581080575465
0
0
0
0
0
0
0
0
0
0
0
0
0
0
0
0
0
0
0
0
0
0
0
1000
0
-1000
0
-1000
-0.00265941144789394
0
0
0
0
0
0
0
0
-1000
0
0
0
0
0
0
0
0
0
0
0
0
0
0
0
0
0
0
0
0
0
0
0
0
0
0
0
0
0
0
0
0
0
0
0
0
0
0
0
0
0
0
0
0
0
0
0
0
0
0
-0.0010766366444841
-0.0010766366444841
-0.0010766366444841
-0.0010766366444841
0
-0.0010766366444841
0
0
-0.0010766366444841
-0.0010766366444841
-0.0010766366444841
-0.0010766366444841
0
-0.0010766366444841
-0.0010766366444841
-0.0010766366444841
-0.0010766366444841
-0.0010766366444841
-0.0010766366444841
-0.0010766366444841
0
-0.0010766366444841
-0.0010766366444841
-0.0010766366444841
-1000
64.2369914950546
0
1000
0
