0
0
0
0
0
0
0
1000
-1000
0
0
0
0
255.042221547464
1000
0
999.725013672125
-999.725013672125
999.936888383766
0
0.0631116162335731
0
-1000
0.39670158775391
0
1000
-257.686086400649
0
-317.297196710543
0.0134707731030088
0
0
0
0
0
279.027931207769
0
0
0
37.8725639150205
0
0
0
0
0
0
0
0
0
0
0
0
0
0
0
0
0
0
0
0
0
0
0
0
0
0
317.297196710543
0
0
0
0
0
0
0
1.66158555131688
1.66158555131688
0
0
0
0
0
0
-1000
0
0
0
0
0
0
0
0
0
0
0
0
0
0
0
0
0
0
0
0
0
0
0
0.00385998066489869
0
1000
0
0
0
0
0
0
0
0
192.473376924394
0
0
0
0
0
0
0
0
0
0
0
0
0
0
0
190.665679916561
0
0
-1000
0
0
0
0
-1000
0
0
0
0
-15.8001651449524
0
0
0
0
-1000
0
0
0.00963316913761673
1000
0
0
486.829910738252
1000
1000
513.161073316572
0
0
0
-1000
513.161073316572
768.203294864035
1000
-744.957778452536
0
0
1000
0
0
0.00963316913760082
0
0
1000
-1000
0
0
0
0
0
-4.24582489157945
0
0
0
0
0
0
4.2503328641676
246.752563069937
-1000
0
0
0
0
0
0
0
0
1000
995.749667135832
192.198390596519
0
0
0
-1000
0
1000
246.752563069937
0
0
0
0
0
0
0
0
0
0
-753.247436930063
0
0
-1000
998.759156070607
0
0
0.497881564023165
0
0
0
0.742962365370023
0
1000
0
0
0
-1000
0
0
0
0
0
0
0
0
0
0
0
0
-1000
0
-1000
1000
-1000
-1.66158555131688
0
-1000
1000
660.845218447383
-1000
-1.04356721709235
1000
0
0
-105.95058874913
0.00385998066474258
1000
-894.796233596905
1000
0
0
1000
0
0.193842821288832
0
-0.193842821288854
0
0.00192439615757268
0
0
0
0
2.33477363817508
0
0
0
1000
0
0
0
0
0
0
0
0
1000
0
1000
0.506897509199348
0
0
1000
127.965395194795
-0.193842821288854
0
-0.742962365369976
0
0
0.742962365369976
0
0
0
-0.00385998066474258
0
0
0
0
-1000
0
0
0
79.4591317125469
0.742962365369976
0
-1000
-1.04356721709235
0
0
0
0
0
0
0
0
0.003859980664771
0
0
0
0
0
0
0
0
0
0
2.48940782011582
0
10.479754268952
0
0
0
0
0
0
0
0
116.108015985313
632.876477681357
-999.995492027412
-1000
-1000
1000
1000
-193.056563128748
-1000
-1000
1000
-806.945361267409
1000
1000
0
0
-1000
0
0
0
0
-1000
0
0
-1000
-0.00385998066474258
-1000
1000
0
192.556757168568
1000
1000
0
0
0
0
0
0
1.04356721709239
-1000
1000
0.497881564023146
0
1000
-1000
-1000
0
999.004236871954
-1000
1000
1000
1000
-1000
0
-1000
0
1000
-1000
-1000
-1000
915.735356455451
-1000
1000
1000
0
0
0
-1000
1000
0
1.99217424801611
0
0
-246.752563069937
0
0
0
0
1000
0
0
0
-224.98419460525
193.221700374021
0
0
0
0
0
0
0
0
0
0
0
0
0
0
0.00385998066489869
0
1000
-34.9195220694764
-965.080477930523
0
965.080477930523
0
0
0
0
1000
0
0
0
0
0
0
0
-965.080477930524
0
0
0
0
0
0
0
0
0
0
0
0
0
0
0
0
0
0
0
0
0
0
0
0
0
0
0
0
1000
-0.00385998066485627
0.112699314702809
0.112699314702809
0
-688.86941404184
0
0
0
0
0
0
0
0
432.236152292184
965.080477930524
0
1000
0
0
0
0
0
0
0
0
0
0
0
0
0
0
0
0
0
0
0
0
0
0
0
0
0
0
0
0
0
0
0
0
0
0
0
0
0.175810930936382
0
0
0
-1000
0
0
0
0
0
0
1000
0
0
0
0
0
0
0
0
0
0
0
0
0
0
0
0
0
0
0
0
0
0
0
0
0
0
0
0
0
0
0.175810930936382
0
0
0
0
0
0
0
0
0
1000
0
0
0
0
0
0
0
0
0
0
0
0
0
0
0
0
0
0
0
0
0
0
0
0
0
0
0
0
0
0
0
0
0
-1000
0
0
0
0
0
0
0
0
0
0
0
0
0
0
0
0
0
0
0
0
0
0
0
0
0
0
0
0
0
0
0
0
0
0
0
0
0
1000
0
0.00450797258811236
0
0
0
0
0.815943038448337
0.815943038448337
0
0
0
0
0
0
0
0
0
0
0
0
0
0
0
0
0
0
0
0
0
0
0
0
0
0
-1000
0
0
0
0.00385998066485627
0
0
1000
0
0
0
0
281.337320345078
0
0
281.337320345078
0
0
0
0
0
0
0
0
0
0
281.337320345078
0
281.337320345078
0
0
0
13.9839221026328
39.8616427196046
25.4796018382491
18.6618177526239
27.6692551212237
9.10696706328046
21.2993546616614
38.9658754674787
35.8804549323782
11.3463851935953
21.996062524426
45.335775927041
35.7809252376975
11.0477961095533
18.3134638212416
25.3800721435685
32.8945640919584
26.6241933270767
4.87695503935238
33.1931531760004
0
0
0
0
0
0
0
0
0
0
0
0
0
0
0
0
0
0
0
0
0
0
0
0
0
0
0
0
0
0
0
0
0
0
0
0
0
0
0
0
0
0
0
0
0
0
0
0
0
0
0
0
0
0
0
0
0
0
0
0
0
0
0
0
0
0
0
0
0
0
0
0
0
0
0
0
0
0
0
0
0
0
0
0
0
246.576752139
0
0
246.576752139
0
0
0
0
0
0
-1000
0
0
0
0
0
1000
-559.596899243037
-559.596899243037
1000
1000
0
0
0
0
0
510.420384576802
0
-224.98419460525
-703.056048514368
-510.582671589974
-1000
0
-264.690088242298
0
63.9990847885481
864.406304110708
1000
510.429400521979
1000
0
0
489.579615423198
0
-1000
-1000
-1000
0
735.309911757702
0
0
0
264.690088242298
0
0
0
0
0
0
0
0
0
0
0
-1000
368.174809497065
1000
1000
0
500
0
2.51736431881717
5
0
0
0
0
1.06388153079479
0
250
0
132.346192773822
0
0
-0.0015626753182687
0
0
0
0
-0.0015626753182687
346.879678846821
367.081062531329
268.497272274943
-0.00312535063653741
0
-0.0015626753182687
0
0
0
0
-1000
0
0
-0.0015626753182687
-0.0015626753182687
0.0015626753182687
-0.0015626753182687
0.0015626753182687
-0.0015626753182687
-0.0015626753182687
-0.0015626753182687
-0.0015626753182687
-0.0015626753182687
-0.0015626753182687
-0.0015626753182687
-0.0015626753182687
-0.0015626753182687
-0.0015626753182687
-0.0015626753182687
-0.0328161816836428
-1.302489877776
-0.0449269154001968
-0.0453175842297924
-0.0230494609444349
0.0015626753182687
0.0015626753182687
-0.112465915284474
0.0015626753182687
0.0015626753182687
0.0015626753182687
0.0015626753182687
-0.748130808620544
-0.0113293960574765
-0.0839937983569143
-0.423094342420995
-0.00160938294902735
0.0015626753182687
0.0015626753182687
0.0148454155234958
0.0015626753182687
0.0015626753182687
-0.0015626753182687
0
0
0
0
0
0
0
0
0
0
0
0
0
0
0
0
0
0
0
0
0
0
0
0
0
0
0
0
0
0
0
0
0
0
0
0
1.2927231570369
0
0
0
0
0
0
0
0
0
0
0
0
0
0
0
0
0
0
0
0
0
0
0
0
0
0
0
0
0
0
0
0
0
0
0
0
0
0
0
0
0
0
0
0
0
0
0
0
0
0
0
0
0
0
0
0
0
0
0
0
0
0
0
0
0
0
0
0
0
0
0
0
0
0
0
0
0
0
0
0
0
0
0
0
0
0
0
0
0
0
0
0
0
0
0
0
0
0
0
0
0
0
0
0
0
0
0
0
0
0
0
0
0
0
0
0
0
0
0
0
0
0
0
0
0
0
0
0
0
0
0
0
0
0
0
0
0
0
0
0
0
0.00156267531826757
0.00156267531826757
132.349318124459
0
268.498834950261
0.00156267531826757
0.0976672073917231
0
0.00156267531826757
0.00156267531826757
0
0
0.00156267531826757
0
0
0
0
0
0
0
0
0
0
0
0
0
0
0
0
0
0
0
0
0
0
0
0
0
0
0
0
0
0
0
0
0
0
0
0
0
0
0
0
0
0
0
0
0
0
0
0
0
0
0
0
0
0
0
0
0
0
0
0
0
0
0
0
0
0
0
0
0
0
0
0
0
0
0
0
0
0
0
0
0
0
0
0
0
0
0
0
0
0
0
0
0
0
0
0
0
0
0
0
0
0
0
0
0
0
0
0
0
0
0
0
0
0
0
0
0
0
0
0
0
0
0
0
0
0
0
0
0
0
0
0
0
0
0
0
0
0
0
0
0
0
0
0
0
0
0
0
0
0
0
0
0
0
0
0
0
0
0
0
0
0
0
0
0
0
0
0
0
0
0
0
0
0
0
0
0
0
0
0
0
0
0
0
0
0
0
-1000
0
0
0
0
0
0
0
0
0
0
0
0
0
0
0
0
0
0
691.615504049634
0
0
0
0
0
0
0
0
0
0
0
0
0
0
0
0
0
0
0
0
0
0
0
0
0
0
0
0
0
0
0
0
0
0
0
0
0
0
0
0
0
0
0
0
0
0
0
0
0
0
0
0
0
0
0
0
0
0
0
0
0
0
0
0
0
0
0
0
0
0
0
1000
1000
0
0
0
0
0
0
0
0
0
0
0
0
0
0
0
0
0
0
-1000
0
-1000
0
0
0
0
0
0
0
1000
1000
0
0
0
0
0
0
0
0
0
0
0
0
0
0
0
0
0
0
0
0
0
0
0
0
0
0
0
0
0
0
0
0
0
0
0
0
0
0
0
0
0
0
0
0
0
0
0
0
0
0
0
0
0
0
0
0
0
0
0
0
0
0
0
0
0
0
0
0
0
0
0
0
0
0
0
0
0
0
0
0
0
0
0
0
0
0
328.746831725112
0
0
0.0015626753182687
0
1000
0
0
132.34775544914
0
617.595597570572
0
367.081062531329
0
0
0
1.2927231570369
0
0
-1000
1000
0
0
0
0
0
0
0
0
0
0
0
0
0
-1000
1.2927231570369
0
0
0
0.00385998066485627
0
0
0
0
0
0
0
-0.00385998066485627
0
0
0
0
0
250
-1000
0
0
0
0
113.46502103426
1000
-0.023159883989365
0
0
0.0015626753182687
-0.0015626753182687
0
0
132.404402429428
-132.404402429428
1000
0
0
0
-132.34775544914
-132.34775544914
1000
0
121.234798951631
-867.595597570572
-1000
0
-632.918937468671
-367.081062531329
-1000
0
0
0
0
0
-1000
0
0
0
0
0
-1000
1000
-1000
0
0
0
-1000
0
0
0
-1000
0
0
0
0
0
0
0
0
0
0
0
0
0
0
0
0
0
0
0
-1000
1000
-1000
0
-1000
0
-1000
0
-1000
0
0
0
0
0
0
0
0
0
-1000
0
1000
0
-1000
0
-1000
0
-1000
0
-1000
0
0
0
0
0
0
0
0
0
0
0
-1000
250
-250
0
0
0
0
0
0
0
0
0
0
0
0
0
0
0
0
0
0
0
0
0
0
0
0
0
0
0
0
0
0
0
0
1.2927231570369
-1.2927231570369
0
0
0
0
0
0
0
0
0
0
0
0
0
0
0
0
0
0
0
0
0
0
0
0
0
0
0
0
0
0
0
0
0
0
0
0
1.2927231570369
-1.2927231570369
0
0
0
0
0
0
-0.00385998066485627
-0.00385998066485627
0
0
0
0
0
0
0
0
0
0
0
0
0
0
0
0
0.00385998066485627
0.00385998066485627
0
0
0
0
0
0
0
0
0
0
0
0
0
0
0
0
0
0
0
0
0
0
0
0
0
0
0
0
0
0
0
0
0
0
0
0
0
0
0
0
0
0
0
0
1.26424249817714
0.00385998066489869
0
0
0
0
0
0
0
0
0.159068497893004
0
0
0
0
0
0
0
0
0
0
0
0
0
0
0
0
0
0
0
0
0
0
0
0
0
0
0
0
0
0
0
0
0
0
0
0
0
0
0
0
0
0
0
0
0
0
0
0
0
0
0
0
0
0
0
0
0
0
0
0
132.404402429428
132.404402429428
132.404402429428
0
0
0
0
0
0
0
0
0
0
0
0
0
0
0
0
0
0
0
0
0
0
0
0
0
0
0
0
0
0
0
0
0
0
0
0
0
0
0
0
0
0
0
0
0
0
0
0
0
0
0
0
0
0
0
0
0
0
0
0
0
0
0
0
0
0
0
0
0
0
0
0
0
0
0
0
0
0
0
0
0
0
0
0
0
0
0
0
0
0
0
0
0
0
0
0
0
0
0
0
0
0
0
0
0
0
0
0
0
0
0
0
132.34775544914
132.34775544914
132.34775544914
132.34775544914
-132.34775544914
0
0
0
0
0
0
0
0
0
0
0
0
0
0
0
0
0
0
0
0
0
0
0
0
0
0
0
0
0
0
0
0
0
0
0
0
0
0
0
0
0
0
0
0
0
0
0
0
0
0
0
0
0
0
0.00385998066489869
0.00385998066489869
0.00385998066489869
0.00385998066489869
0.00385998066489869
0
0
0
0
0
0
0
0
0
0
0
0
0
0
0
0
0
0
0
0
0
0
0
0
0
0
0
0
0
0
0
0
0
0
0
0
0
0
0
0
0
0
0
0
0
0
0
0
15.8001651449525
15.8001651449525
-15.8001651449524
5.25771509343273
-2.62692755638386
2.62692755638391
2.62692755638391
2.62692755638391
2.62692755638391
2.62692755638391
2.62692755638391
2.62692755638391
2.62692755638391
2.62692755638391
2.62692755638391
2.62692755638391
0
2.62692755638386
2.62692755638391
2.62692755638391
2.62692755638391
2.62692755638391
2.62692755638391
2.62692755638391
2.61922997175362
2.61922997175362
2.61922997175362
0.00769758463029072
0
0.00769758463029072
0
0
0
0
0
0
0
0
0
0
0
0
0
0
0
0
0
15.8001651449525
15.8001651449525
5.25771509343273
5.25771509343273
0
0
0
0
0
0
0
0
0
0
0
0
0
0
0
0
0
0
0
0
0
0
0
0
0
0
0
0
0
0
0
0
0
0
0
0
0
0
0
0
0
0
0
0
0
0
0
0
0
0
0
0
0
0
0
0
0
0
0
0
0
0
0
0
0
0
0
0
0
0
0
0
0
0
0
0
0
0
0
0
0
0
0
0
0
0
0
0
0
0
0
0
0
0
0
0
0
0
0
0
0
0
0
0
0
0
0
0
0
0
0
0
0
0
0
0
0
0
0
0
0
0
0
0
0
0
0
0
0
0
0
0
0
0
0
0
0
0
0
0
0
0
0
0
0
0
0
0
0
0
0
0
0
0
0
0
0
0
0
0
0
0
0
0
0
0
0
0
0
0
0
0
0
0
0
0
0
0
0
0
0
0
0
0
0
0
0
0
0
0
0
0
1.26424249817714
1.26424249817714
1.26424249817714
0
0.0269751112552775
0.0269751112552775
0
-1.29121760943246
0
0.0269751112552775
0
0
0
0
1000
0
0.0269751112552775
0
0.0269751112552775
0.0269751112552775
0
0
0
0
0
0
0
0
0
0
0
0
0
0
0
0
0
0
0
0
0
0
0
0
0
0
0
0
0
0
0
0
0
0
0
0
0
0
1.29121760943242
0
0
0
0
0
0
0
0
0
0
0
0
0
0
0
0
0
0
0
0
0
0
0
0
0
0
0
0
0
0
0
0
0
0
0
0
0
0
0
0
0
0
0
0
0
0
0
0
0
0
0
0
0
0
0
0
0
0
0
0
0
0
0
0
0
0
0
0
0
0
0
0
0
0
0
0
0
0
1.26424249817714
0.00385998066489869
0
0
0
0
0
0
0
1.66434534425604
0
0
0
1.04356721709239
1.04356721709239
1.04356721709239
0
0
0
0
0
0
1.42717097673505
0
0
0
0.00385998066489869
0
0
0
0
-1.42717097673506
1.42717097673505
0
0
0
0
0
0
0
0
0
0
0.260289498111376
0
0.237174367520997
0
0
0
0
0
0
0
0
0
0
11.6359807091606
11.6359807091606
11.6359807091606
0
0
0
0
-0.159068497893031
0
0
0
0
0
0
0
0
0
0
0
0
0
0
0
0
0
0
0
0
0
0
0
0
0
0
0
0
0
0
0
0
0
0
0
0
0
0
0
0
0
0
0
0
0
0
0
0
0
0
0
0
0
0
0
0
0
0
0
0
0
0
0
0
0
0
0
0
0
0
0
0
0
0
0
0
0
0
0
0
0
0
0
0
0
0
0
0
0
0
0
0
0
0
0
0
0
0
0
0
0
0
0
0
0
0
0
0
0
0
0
0
0
0
0
0
0
0
1000
0
0
1000
1000
0
0
0
0
0
0
0
0
0
0
0
0
0
0
0
0
0
0
0
0
0
0
0
0
0
0
0
0
0
0
0
0
0
0
0
0
0
0
0
0
0
0
0
0
0
0
0
0
0
0
0
0
0
0
0
0
0
0
0
0
0
0
0
0
0
0
0
0
0
0
0
0
0
0
0
0
0
0
0
0
0
0
0
0
0
0
0
0
0
0
0
0
0
0
0
0
0
0
0
0
0
0
0
0
0
0
0
0
0
0
0
0
0
0
0
0
0
0
0
0
0
0
0
0
0
0
0
0
0
0
0
0
0
0
0
0
0
0
0
0
0
0
0
0
0
0
0
0
0
0
0
0
0
0
0
0
0
0
0
0
0
0
0
0
0
0
0
0
0
0
0
0
0
0
0
0
0
0
0
0
0
0
0
0
0
0
0
0
0
0
0
0
0
0
0
0
0
0
0
0
0
0
0
0
0
0
0
0
0
0
0
0
0
0
0
0
0
0
0
0
0
0
0
0
0
0
0
0
0
0
0
0
0
0
0
0
0
0
0
0
0
0
0
0
0
0
0
0
0
0
0
0
0
0
0
0
0
0
0
0
0
0
0
0
0
0
0
0
0
0
0
0
0
0
0
0
0
0
0
0
0
76.6437021196936
0
76.6437021196936
0
0
0
0
0
0
0
0
0
0
0
0
0
0
0
0
0
0
0
0
0
0
0
0
0
0
0
0
1000
0
0
0
0
0
0
0
0
0
0
0
0
0
0
0
0
0
0
0
0
0
0
0
0
0
0
0
0
0
0
0
0
0
0
0
0
0
0
0
0
0
0
0
0
0
0
0
0
0
0
0
0
0
0
0
0
0
0
0
0
0
0
0
0
0
0
0
0
0
0
0
0
0
0
0
0
0
0
0
0.175810930936382
0.175810930936382
0
0
0
0
0.175810930936336
0
0.175810930936382
-246.576752139001
0
0
0
0
0.0270478355284922
0
0
0
0
0
0
0
0
246.576752139
0
0
0
0
0
0
0
0
0
0
0
0
0
0
0
0
0
0
0
0
0
0
0
0
0
0
0
0
0
0
0
0
0
0
0
0
0
0
0
0
0
0
0
0
0
0
0
0
0
0
0
0
143.021285690526
143.021285690526
0
0
0
0
0
0
0
0
0
0
0
0
0
0
0
0
0
0
0
0
0
0
0
0
0
0
0
0
0
0
0
0
0
0
0
0
0
0
0
0
0
0
0
0
0
0
0
0
1000
-29.61848924094
-659.247064820235
0
0
0
491.540182217675
-1000
-491.540182217675
0
310.38762359279
0
0
-1000
310.391483573455
0
0
0
0
0
0
0
0
0
0
0
0
0
0
0
0
0
0
0
0
0
0
0
0
0
0
0
0
0
0
0
0
0
0
0
0
0
0
0
0
1000
0
0
0
0
0
0
0
0
0
0
0
0
0
0
0
0
0
-999.996140019335
999.996140019335
1000
999.996140019335
1000
-1000
-1000
0
0
0
0
0
0
0.00385998066485627
0
0
0
0
0
0
0
0
0
0
0
0
0
0
0
0
0
0
0
0
0
0.0154063576103348
0
0.00385998066489869
0.0231151305903788
1000
0.00192439615757268
0.00192439615757268
0.00385998066485627
0
0.0134819614527621
0.00192439615757268
0.0288995074128694
-0.00192439615761941
0.00192439615757268
0.00192439615757268
0.00192439615757268
0.00192439615757268
0.00192439615757268
-0.00192439615761941
-0.00384879231512514
0.00192439615757268
0.00192439615757268
0.00192439615761941
0.00192439615757268
-0.00578437682247568
-0.00578437682247568
0.00385998066485627
0.00385998066485627
0.00192439615757268
0.00192439615757268
0.00385998066489869
0.00385998066489869
-0.00385998066485627
-0.00385998066485627
0.00385998066485627
0.00385998066485627
0.00192439615757268
0.00192439615757268
0.00192439615757268
0.00192439615757268
0.04818822238758
-0.00578437682247568
-999.973024888745
0
0
0
0
0
0
-1000
0
0
0
0.00385998066489869
0
0
0
0
0.00192999033244935
0.00385998066485627
0.00385998066485627
0
0.00385998066489869
0
0
0
0
0
-0.00385998066485627
0
0
0.00769758463029072
0.00192439615757268
0.00577318847271804
0.00192439615757268
-0.00192439615761941
0.00192439615757268
0.00192439615757268
0.00192439615757268
0.00192439615757268
0.00192439615757268
0.00192439615757268
0.00384879231514536
0.00192439615757268
0.00192439615757268
0.00192439615757268
0.00192439615757268
0.00192439615757268
0
0.00192439615757268
0
0
0
0
0
0
0.00385998066489869
0.00385998066489869
0.00385998066489869
0.00385998066489869
0.00385998066489869
0.00385998066489869
0.00385998066489869
0.00385998066489869
0
0
0
0
0
0
0.00385998066489869
0.00385998066489869
0.00385998066489869
0.00385998066489869
0.00385998066489869
0.00385998066489869
-0.00385998066485627
0
0
0
0
0
0
0
0
0
0
0
0
0
0
0
0
0
0
0
0
0
0
0
0
0
0
0
0
0
0
0
0
0
0
0
0
0
0
0
0
0
0
0
0
0
0
0
0
0
0
0
0
0
0
0
0
0
0
0
0
0
0
0
0.193842821288832
500
500.003200800392
499.996799199608
0
0
0
0.00385998066489869
0
0
0
0
0
0
0
0
0
0
0
0
0
0
0
0
0
0
0
0
0
0
0
0
-1000
0
-1.06388153079479
0
-250
0
-132.346192773822
0
0
0
0.00156267531826757
0
0
0
0
0
0
0
0
0
0.00156267531826757
0
0
346.87967884682
0
0
0
268.497272274943
0.00312535063653514
0
0
0
0.00156267531826757
0
0
0
0
0
0
0
0
0
0
0
0
0
0
0
0.00156267531826757
0
0.00156267531826757
0
0.00156267531826757
0
0.00156267531826757
0
0.00156267531826757
0
0.00156267531826757
0
0.00156267531826757
0
0.00156267531826757
0
0.00156267531826757
0
0.00156267531826757
0
0.00156267531826757
0
0.00156267531826757
0
0.00156267531826757
0
0.00156267531826757
0
0.00156267531826757
0
0.00156267531826757
0
0.032816181683619
0
1.30248987777602
0
0.0449269154001926
0
0.0453175842297595
0
0.0230494609444467
0
0.00156267531826757
0
0.00156267531826757
0
0.112465915284495
0
0.00156267531826757
0
0.00156267531826757
0
0.00156267531826757
0
0.00156267531826757
0
0.748130808620599
0
0.0113293960574399
0
0.0839937983568819
0
0.423094342420945
0
0.0016093829490378
0
0.00156267531826757
0
0.00156267531826757
0
0.0148454155235419
0
0.00156267531826757
0
0.00156267531826757
0
0.00156267531826757
0
0
-1000
0
0
296.879418114618
0
0
0
0
-689.61237640721
-1000
-1000
0
0
-1000
1000
246.752563069937
0
141.594114713791
1000
240.268932064607
-1000
0
0
0
1000
0
0
0
0
0
-5.89309028757464
1000
0
0
0
0
-1000
1000
965.080477930524
-0.00385998066485627
0
0
-131.343736050062
0
0
0
0
0
0.0134707731029948
1000
999.996140019335
-872.034604805205
-1000
0
0
1000
37.9939323360571
0
-1000
0
0
1000
125.385370519169
-1000
-1000
0
1000
0
0
-1000
1000
1000
1000
0
0
0
0
0
-1000
-501.776444683704
0
0
0
0
0
0
0
0
0
997.352749757045
0
0
0
0
0
0
0
1000
1000
0
1000
0
0
0
0
0
0
236.428580708375
0
0
-1000
1000
1000
1000
1000
-1000
-1000
-308.384495950366
-1000
-1000
-1000
-1000
1000
-1000
-1000
-41.5070527142657
-1000
-1000
1000
1000
1000
-1000
-1000
-1000
-1000
1000
1000
1000
1000
-1000
11.2145910953135
1000
-1000
1000
-1000
-1000
-1000
-1000
96.8567652735105
-479.363759282468
-1000
-977.544124271586
-1000
-1000
-1000
-1000
-760.108816277344
-1000
-1000
-18.7159134236813
-1000
-1000
-1000
1000
-1000
-1000
-1000
-1000
-1000
-1000
-1000
-1000
1000
-1000
-1000
1000
-1000
-1000
-1000
-1000
-1000
-1000
-1000
-994.90215430383
1000
-1000
-941.45213773696
-1000
-1000
-1000
-1000
-1000
994.90215430383
-1000
-1000
954.204410868972
-1000
1000
-1000
-939.973198265916
1000
1000
-1000
-1000
1000
1000
1000
1000
-1000
-1000
-1000
-1000
1000
-1000
1000
-63.2669105097561
-1000
1000
-1000
1000
1000
1000
1000
1000
1000
1000
-1000
-1000
-1000
-1000
0
-2.08227589330431
1000
-1000
1000
9.37230064240566
-1000
-990.627699357594
0
0
0
0
0
0
0
0
0
0
0
0
0
0
0
0
0
0
0
0
0
0
0
0
0
0
0
0
0
0
0
0
0
0
0
0
0
0
0
0
0
0
0
0
0
0
0
0
0
0
0
0
0
0
0
0
0
0
0
0
0
0
0
0
0
0
0
0
0
0
0
0
0
0
0
0
0
0
0
0
0
0
0
0
0
0
0
0
0
0
0
0
0
0
0
0
0
0
0
0
0
0
0
0
0
0
0
0
0
0
0
0
0
0
0
0
0
0
0
0
0
0
0
0
0
0
0
0
0
0
0
0
0
0
0
0
0
0
0
0
0
0
0
0
0
0
0
0
0
0
0
0
0
0
0
0
0
0
0
0
0
0
0
0
0
0
0
0
0
0
0
0
0
0
0
0
0
0
0
0
0
0
0
0
0
0
0
0
0
0
0
0
0
0
0
0
0
0
0
0
0
0
0
0
0
0
0
0
0
0
0
0
0
0
0
0
0
0
0
0
0
0
0
0
0
0
0
0
0
0
0
0
0
0
0
0
0
0
0
0
0
0
0
0
0
0
0
0
0
0
0
0
0
0
0
0
0
0
0
0
0
0
0
0
0
0
0
0
0
0
0
0
0
0
0
0
0
0
0
0
0
0
0
0
0
0
0
0
0
0
0
0
0
0
0
0
0
0
0
0
0
0
0
0
0
0
0
0
0
0
0
0
0
0
0
0
0
0
0
0
0
0
0
0
0
1000
1000
-1000
1000
1000
1000
-1000
1000
-1000
-1000
1000
-1000
1000
1000
1000
-0.0539614108604383
-1000
-1000
-999.94603858914
-1000
1000
1000
1000
-1000
-1000
-1000
-1000
-1000
1000
-1000
0
1000
-1000
-1000
-999.94603858914
-1000
-1000
-1000
-809.388281494299
-1000
-1000
1000
-1000
-1000
-1000
1000
-1000
1000
1000
-1000
-1000
-999.94603858914
-1000
1000
-1000
0
0
0
0
0
0
296.879418114618
296.879418114618
-296.879418114618
0
0
0
0
0
0
0
-1000
-1000
-0.506897509199348
0
0
0
0
0
0
1000
0
0
0
0
0
0
0
0
0
0
0.00385998066489869
0
-0.00385998066485627
-0.00385998066485627
-0.00385998066485627
0
0
0
0
0
0
0
0
0
0
0
0
0
0
0
0
0
0
0
0
278.99317459926
0
0
0
0
0
0
0
0.00385998066489869
0
0
-1000
0
1000
1000
1000
0
0
0
0
-0.00385998066485627
0
0
0
0
0
246.576752139001
0
0
0
0
0
0
0
0
0
0
0
0
0
0
0
0
0
0.00385998066489869
0
0
0
193.238646062084
442.184832894718
0
0
0
0
0
0
-1000
0
0
0
0
0
0
1000
0
0
0
0
0
0
0
0
0
0
0
0
0
0
0
0
0
0
0
0
0
0
0
0
0
0
0
0
0
0.00385998066489869
0
0
0
0
0
0
1000
0
0
0
-132.346192773822
0
2.08713443418478
0
0
0
0
0.00577318847271804
1000
0
-965.080477930523
0
0
0
0
0
0
0
0
0
0
0
0
0.00385998066485627
-967.746136756666
129.096392353005
130.259058339637
190.665679916561
0
0
0
807.526623075606
1000
0
0
0
0
0
0
0.00385998066474258
0
1000
0
0
0
0
1000
0
0
0
0
0
-1000
0
-1000
1000
0
0
0
0
0
0
0
0
0
0
0
-1000
0
0
0
0
0
146.2415156596
146.2415156596
0
34.9195220694764
0
0
0
0
1000
0
998.003965771319
0
0
0
0
0
0
0
0
0
0
1.04356721709239
0
0
-0.00385998066485627
0.00385998066489869
0.00385998066489869
0
0.00385998066489869
0.00385998066485627
1000
0
0
1.04356721709235
0
0
-0.0115799419946825
1.99217424801611
-1000
-0.00385998066474258
-998.003965771319
1000
-194.548931416584
0
0
1000
-1000
-1000
-1000
0
0
0
0
0
0
0
0
0
0
0
0
0
0
0
0
0
192.556757168568
0
0
0
0
0
0
0
1000
0
0
0
0
0
0.00192439615757268
0
0
0
0
0
0
0
0
0.00385998066489869
0
0
0
0
0
0
0
0
0
0
-1000
0
0
0
0
0
0
0
0
0
0
0
0
0
1000
0
0
0
1000
0
0
0
0
0
0
0
0
0
0
0
0
0
0
0
0
0
0
0
0
0
0
0
0
0
0
2.48940782011584
0
0
0
0
0
0
0
0
0
0
0
0
0
0
0
0
0
0
0
0
0
0
0
0
0
0
0
0
0
0
0
0
0
0
0
0
0
0
0
0
0
0
0
0
0
0
0
0
0
0
0
0
0
0
0
0
0
0
0
0
0
0
0
0
0
0
0
0
0
0
0
0
0
0
0
0
0
0
0
0
0
0
0
0
0
0
0
0
0
0
0
0
0
0
0
0
0
0
0
0
0
0
0
0
0
0
0
0
0
0
0.0134707731029948
0
0.00192439615761941
0
0.0211795460830899
0
0
-0.0134707731029948
10.3340988600143
0
0
0.0173307537678511
0
0
0
0
0
0
0
0
0
0
0
0
0
0
0
0
0
0
0
0
0.00385998066489869
0.00385998066489869
0.00385998066489869
-1000
-1000
0
113.46502103426
-1000
0
0
0
0
0
0
-1000
0
0
0
0
0
0
0
0
0
0
0
-746.360798618941
0
1000
0
-1000
-1000
-1000
-1000
-1000
-1000
0
0
0
0
0
0
0
0
0
34.9195220694764
-1000
73.4153533494118
1000
0.422789089928735
0.00385998066489869
0.00385998066489869
0.00385998066489869
0.00385998066489869
0.00385998066489869
0
0
0
1000
0.0855564736751495
0
0.603583341680849
0.00156267531826757
0
0
0.00156267531826757
0
0
0
0
0
0
0
0
-1000
0
0
0
0
0
0
1000
-1000
0
1000
0
0
-1000
0
0
0
0
0
0
0
0
0
250
0
0
0
0
0
0
0
0
0
0
0
0
0
0
0
0
0
0
0
0
0
0
0
0
0
0
0
0
0
0
0
0
0
0
0
0
0
310.391483573455
0
0
0
0
0
0
0
0
0
-1000
0
0
0
0
0
0
0
809.334320083439
1000
-1000
-1000
-1000
-1000
1000
0
0.0231151305903788
0
0
0
0
533.307998822992
-1000
0
0
246.576752139
0
0
0
999.976840116011
15.5686856474559
0
0
0
0
0.620778127163654
0.620778127163654
-965.084337911189
10.3494940292749
0
0
0
0
0
0
0.391853302860778
0
1000
0
0
0
0
0
0
0
1000
0.00385998066489869
0
0
0
0
0
0
0
0
1000
-1000
0
0
1000
0
0
0
1000
0
0
0
-867.595597570572
0
-1000
-250
0
0
-1000
-1000
0
0
0
0
-132.34775544914
0
0
0
0
0
0
0
0
0
-750
0
0
0
0
-1000
-1000
0
0
0.00901594517620197
0
0
0
0
1.29272315703685
0
0
0
0
0
0
0
0
998.007825751984
0
1000
0
0
0
0
0
0
0
0
0
192.62664799239
0
0
-1000
1000
-1000
-1000
1000
0
0
0
0
0
0
0
0
-1000
0
0
1000
0.00192439615757268
0.00192439615757268
0
-1000
1000
932.46026493784
-76.6437021196936
-76.6437021196936
367.081062531329
0
0
0
0
0
0
0
0
0
0
0
0
0
0
0
0
0
0
0
0
0
0
0
0
0
0.00385998066485627
0
0
0
0
0
0
0
0
0
0
0
0
0
0
0
0
0
0
0
0
0
0
0
0
0
0
0
0
0
0
0
0
0
0
0
0
0
0
0
0
0
0
0
0
0
-1000
0
-1000
0
0
0
0
0
0
-1000
0
0
0
0
0
0
0
0
0
0
0
867.595597570572
0
0
0
0
0
0
0
0
0
0
0
0
0
1000
0
0
0
-1000
0
0
0
0
0
0
0
0
0
0
0
0
0
0
0
0
0
0
0
0
0
0
0
0
0
0
0
0
0
0
0
0
0
0
0
0
0
0
132.346192773822
0
0
0
0
0
0
0
0
0
0
0
0
0
0
0
0
0
0
0
0
0
0
0
0
0
0
0
0
0
0
0
0
0
0
0
0
0
0
0
0
0
0
0
0
0
0
0
0
0
0
0
0
0
0
0
0
0
0
0
0
0
0
0
0
0
0
0
0
0
0
0
0
0
0
0
0
0
0
0
0
0
0
0
0
0
0
0
0
0
0
0
0
0
0
0
0
0
0
0
0
0
0
0
0
0
0
0
0
0
0
0
0
0
0
0
0
0
0
0
0
0
0
0
0
0
0
0
0
0
0
0
0
0
0
0
0
0
0
0
0
0
-1000
0
0
0
0
0
0
0
0
0
0
0
0
0
0
0
0
0
0
0
0
0
0
513.16407863163
0
179.830745298297
179.830745298297
0
13.1610733165717
0
-1000
1000
0.175810930936336
0
0
0
0
-1000
0
0
0
0
557.788147240628
0.0231598839893922
0
0
0
0
0
0
0
0
0
0
0
0
0
0
0
0
0
-1.06388153079479
0
0
0
0
0
0
0
0
0
0
0
0
0
0
0
0
0
0
0
0
0
0
0
0
0
0
0
0
0
0
0
0
0
0
0
0
0
0
0
0
0
0
0
0
0
0
0
0
0
0
0
0
0
0
0
0
0
0
0
0
0
0
0
0
0
0
0
0
0
0
0
0
0
0
0
0
0
0
0
0
0
0
0
0
0
0
0
0
0
0
0
0
0
0
0
0
0
0
0
0
0
0
0
0
0
0
0
0
0
0
0
0
0
0
0
0
0
0
0
0
0
0
0
0
0
0
0
0
0
0
0
0
0
0
0
0
0
0
0
0
0
0
0
0
0
0
0
0
0
0
0
0
0
0
0
0
0
0
0
0
0
0
0
0
0
0
0
0
0
0
0
0
0
0
0
0
0
0
0
0
0
0
0
0
0
0
0
0
0
0
0
0
0
0
0
0
0
0
0
0
0
0
0
0
0
0
0
0
0
0
0
0
0
0
0
0
0
0
0
0
0
0
0
0
0
0
0
0
0
0
0
0
0
0
0
0
0
0
0
0
0
0
0
0
0
0
0
0
0
0
0
0
0
0
0
0
0
0
0
0
0
0
0
0
367.081062531329
0
0
0
0
0
0
0
0
0
-1000
0
0
0
0
0.00385998066485627
-34.4558488848239
-965.084337911189
0
0
0
0
0
0
0
0
0
0
0
0
0
0
0
0
0
0
0
0
0
0
0
0
0
0
0
0
0
0
0
0
0
0
0
0
0
0
0
0
0
0
0
0
0
0
0
0
0
0
0
0
0
0
0
0
0
0
0
0
0
0
0
0
0
0
0
0
0
0
0
0
0
0
0
0
0
0
0
0
0
0
0
0
0
0
0
0
0
0
0
0
0
0
0
0
0
0
0
0
0
0
0
0
0
0
0
0
0
0
0
0
0
0
0
0
0
0
0
0
0
0
0
0
0
0
0
0
0
0
0
0
0
0
0
0
0
0
0
0
0
0
0
0
0
0
0
0
0
0
0
0
0
0
0
0
1000
0
0
567.763847707816
1000
0
0
0
0
0
0
0
1000
0.00385998066485627
0
0
-1000
1000
0
0
0
0
0
0
0
0
0
0
0
0
0
0
0
0
1000
-1000
0
0
0
0
0
0
0
0
0
0
0
0
0
0
0
0
0
0
0
0
0
0
0
0
0
0
0
0
0
0
0
0
0
0
0
0
0
0
0
0
0
0
0
0
0
0
0
0
0
0
0
0
0
0
0
0
0
0
0
0
0
0
0
0
0
0
0
0
0
0
0
0
0
0
0
0
0
0
0
0
0
0
0
0
0
0
0
0
0
0
0
0
0
0
0
0
0
0
0
0
0
0
0
0
0
0
0
0
0
0
0
0
0
0
0
0
0
0
888.668373240739
500
93.2362479444129
0
0
-1.04356721709235
0
0
497.648473403304
20.6238580453041
45.0797258811236
0.111883497533295
93.2362479444129
0
569.191890342081
-1000
0
0
-1000
1000
0
965.084337911189
-1000
0
0
0
-438.207533239563
500
0
-250
0
0
-3.90668829566891
0
0
0
0
0
0.00385998066489869
0
0
0
0
0
0
0
0
0
0
0
0
0
0
1.06388153079479
0
250
0
132.346192773822
0
0
0.0134707731029948
-0.748130808620544
-0.0328161816836428
0
-11.45457653571
-22.4558757284135
-45.7955891310284
-35.9116564427528
-11.2145910953135
-53.4500165668704
-460.609438983448
-4.92203476523355
-33.5898547637543
1000
-1000
0
0
0
0
-1000
-41.5070527142657
-18.7159134236813
-307.329474470965
-14.2312126030558
-9.94544996466948
-990.627699357594
-1000
939.380339733199
653.439359181857
0
0
-1000
0
0
1000
0
0
1000
-1000
0
0
0
0
0
0
1000
1000
0
0
0
0
0
0
0
0
0
0
-0.00385998066485627
-0.00385998066485627
0
0
0
0
0
0
0
0
0
0
0
0
278.99317459926
0
0
0
0
1000
0
190.665679916561
0
0
-1000
-1000
246.576752139001
-0.00385998066485627
-0.00385998066485627
0
689.608516426545
0
-0.00385998066485627
0
0
-0.00385998066485627
0
0
0
-0.00385998066485627
0
0
0
-0.00385998066485627
0
0
0
0
0
0
0
0
0
0
0
1000
0
0
0
0
0
310.38762359279
0
0
0
0
0
0
0
0
0
0
0
-1000
0
1000
0
0
-0.00385998066485627
0
0
0
0
0
0
0
0
0
0
0
0
0
965.080477930524
0
442.184832894718
-131.343736050062
-0.506897509199348
-1000
-1000
0
0
0
0
0
0
0
0
2.62692755638386
0
0
0
0
0
0
-1000
0
0
0
0
1000
1000
246.752563069937
0
0
141.594114713791
1000
0
-691.615504049634
691.615504049634
0
0
-1000
0
0
0
-1000
-1000
0
0
0
0
0
-0.0539614108604383
0
0
0
0
0
0
0
-1000
999.996140019335
0
0
0
0
0
0
1000
-1000
-872.034604805205
-5.89309028757464
0
0
0
0
0
0
0
0
0
0
1000
0
-0.00160938294902735
-0.0015626753182687
-0.423094342420995
-501.776444683704
-0.0230494609444349
-0.112465915284474
-0.0148454155234958
-0.0839937983569143
-0.0449269154001968
0
0
0
346.879678846821
0
-0.0015626753182687
-1000
-0.00312535063653741
-0.0015626753182687
0
-0.0113293960574765
0
-0.0015626753182687
0
0
0
-15.5686856474559
0
-0.391853302860795
-0.0015626753182687
-1.302489877776
0
-0.0015626753182687
-0.0015626753182687
-0.0015626753182687
-0.0015626753182687
-0.0453175842297924
0
0
0
0
0
-1000
1000
0
0
-1000
1000
-0.00385998066485627
0
750
-750
0
0
0
-1000
0
0
0
0
0
0
0
0
0
0
0
0
0
0
0
0
-1000
1000
1000
-1000
-1000
1000
0
0
-932.46026493784
932.46026493784
932.46026493784
0
-1000
-1000
0
0
0
-0.0015626753182687
-0.0015626753182687
0
0
1000
0
-0.175810930936336
557.788147240628
0.023159883989365
0
0
0
0
0
1000
0
-1000
0
0
0
-1.06388153079479
0
0
0
0
0
0
0
0
0
0
0
0
0
0
0
0
0
0
0
0
0
0
0
0
0
0
0
0
0
0
0
0
0
0
0
0
0
0
0
0
0
0
0
0
0
0
0
0
0
0
0
0
0
0
0
0
0
0
0
0
0
0
0
0
0
0
-0.0015626753182687
0
0
0
0
0
0
0
0
0
0
0
0
0
0
0
0
0
0
0
0
0
0
0
0
0
0
0
0
0
0
0
0
0
0
0
0
0
0
0
0
0
0
0
0
0
0
0
0
0
0
0
0
0
0
0
0
0
0
0
0
0
0
0
0
0
0
0
0
0
0
0
0
0
0
0
0
0
0
0
0
0
0
0
0
0
0
0
0
0
0
0
0
0
0
0
0
0
0
0
0
0
0
0
0
0
0
0
0
0
0
0
0
0
0
0
0
0
0
0
0
0
0
0
0
0
0
0
0
0
0
0
0
0
0
0
0
0
0
0
0
0
0
0
0
0
0
0
0
0
0
0
0
0
0
0
0
0
0
0
0
0
0
0
0
0
0
0
0
0
0
0
0
0
0
0
0
0
0
0
0
0
0
0
0
0
0
0
0
0
0
0
0
0
0
0
0
0
0
0
0
0
0
0
0
0
0
0
0
0
0
0
0
0
0
0
0
0
0
0
0
0
0
0
0
0
0
0
0
0
0
0
0
0
0
0
0
0
0
0
0
0
0
0
0
0
0
0
0
0
0
0
0
0
0
0
0
-567.763847707816
0
1000
0
0
0
34.4558488848238
0
0
0
0
0
0
0
0
0
0
0
0
0
0
0
0
0
0
0
0
0
0
0
1000
0
-1000
0
-1000
-0.00385998066485627
0
0
0
0
0
0
0
0
-1000
0
0
0
0
0
0
0
0
0
0
0
0
0
0
0
0
0
0
0
0
0
0
0
0
0
0
0
0
0
0
0
0
0
0
0
0
0
0
0
0
0
0
0
0
0
0
0
0
0
0
0
-0.0015626753182687
-0.0015626753182687
-0.0015626753182687
0
-0.0015626753182687
0
0
-0.0015626753182687
-0.0015626753182687
-0.0015626753182687
-0.0015626753182687
268.497272274943
-0.0015626753182687
-0.0015626753182687
-0.0015626753182687
-0.0015626753182687
-0.0015626753182687
-0.0015626753182687
-0.0015626753182687
0
-0.0015626753182687
-0.0015626753182687
-0.0015626753182687
-1000
93.2362479444128
0
1000
0
