0
0
0
0
0
0
0
0
-1000
1000
0
0
0
261.219082160885
1000
0
999.682694443289
-999.682694443289
999.92717577387
0
0.0728242261303308
0
-1000
0.457752278533462
0
1000
-277.696535352541
0
-381.51178777592
0.0299903697386482
0
0
0
0
0
337.353044724539
0
0
0
43.7009907728473
0
0
0
0
0
0
0
0
0
0
0
0
221.208035141275
0
0
0
0
0
0
0
0
0
0
0
0
0
0
0
381.51178777592
0
0
0
0
1000
1000
0
0
0
0
381.51178777592
0
0
-1000
0
0
0
0
0
0
0
0
0
0
0
0
0
0
0
0
0
0
0
0
0
0.00445401530772004
0
0
0
0
0
0
0
0
0
0
73.0226330219536
0
0
0
0
0
0
0
0
0
0
0
0
0
0
0
1000
0
0
1000
0
0
0
0
1000
0
0
0
0
-18.2317435058887
0
0
0
0
0
0
0
0
-618.255354367264
0
0
460.574612903662
1000
1000
539.414983635463
0
0
0
-1000
539.414983635463
800.634065796348
1000
-738.780917839115
0
618.255354367264
1000
0
0
0
0
0
1000
780.378942685478
0
0
0
0
0
-4.89923932338922
0
0
0
0
0
0
4.9044410538271
249.599451963358
-1000
0
0
0
72.7053274652429
0
0
0
0
1000
995.095558946173
0
0
0
0
-1000
0
-999.994798269562
0
0
0
0
0
0
0
0
0
0
0
-750.400548036642
0
0
-1000
997.978834556001
0
0.574503423749396
0
0.584906884625158
0
0
0.861755135624094
0
1000
0
0
0
-1000
0
0
0
0
0
0
0
0
0
0
0
0
-1000
0
-138.614381049032
-1000
-1000
-1000
1000
1000
1000
-1000
-17.1565205419249
-1.20416778297158
-999.989596539124
-3.27899227708815
0
-997.127482881253
1000
1000
-3.73427225437115
1000
0
0
1000
0
0.223674408828873
0
-0.223674408828856
0
0.00222055255921115
0
0
0
0
0
0
0
0
1000
809.176718380346
0
0
0
0
0
0
0
287.001911677519
0
1000
0
0
0
1000
0
-0.223674408828856
0
-0.861755135624094
0
0
0.861755135624094
3.27899227708815
0
0
0
0
0
0
0
-1000
0
0
0
525.179060984777
0.861755135624094
0
1000
-1.20416778297158
0
0
0.00445401530772003
0
0
0
0
0
0
0
0
0
0
0
0
712.998088322481
0
0
0
2.87251711874698
0
12.0925439755491
0
0
0
0
0
0
0
0
264.280821964334
-1000
1000
-1000
1000
1000
-1000
-0.00222055255926534
-1000
-1000
0
-1000
-1000
1000
1000
0
1000
0
0
0
0
-1000
0
1000
1000
-1000
-1000
1000
0
0
-1000
-1000
0
0
0
0
0
0
1.2041677829716
0
-1000
1000
1000
1000
-1000
0.0104034608757502
-1000
-1000
1000
0
0
1000
-1000
-1000
-1000
1000
1000
-1000
-545.963344719367
1000
-1000
-1000
-1000
1000
0
0
0
0
0
0
0
0
-249.599451963358
0
0
0
-440.946814502398
1000
0
0
0
-36.6506072954589
0
0
0
0
0
559.053185497602
0
0
0
70.9367391163634
0
0
0
70.9367391163634
0
0
0
0
0
1000
-559.053185497602
-440.946814502398
0
440.946814502398
0
0
0
0
0
0
0
0
0
0
0
0
0
0
0
0
0
0
0
0
0
0
0
0
0
0
0
0
0
0
0
0
0
0
0
0
0
0
0
0
0
-1000
-1000
0.130043260946991
0.130043260946991
0
0.861755135624094
0
0
0
0
0
0
0
0
0
0
0
0
0
0
-440.459644457938
0
0
0
0
0
0
0
0
0
0
0
0
0
0
0
0
0
0
0
0
0
0
0
0
0
0
0
0
0
0
0
0
0
0
0.20286748707735
0
0
969.606338447764
1000
0
796.660177263589
0
796.660177263589
0
0
-1000
0
0
0
0
0
0
0
0
0
0
0
0
0
0
0
0
0
0
0
0
0
0
0
0
0
0
0
552.895737775619
0
0
0.20286748707735
0
0
0
0
0
0
0
0
0
202.600761365557
0
0
0
0
0
0
0
0
0
0
0
0
0
0
0
0
0
0
0
0
0
0
0.00445401530772004
0
0
0
0
0
0
0
0
0
0
-1000
0
0
0
0
0
0
0
0
0
0
0
0
0
0.0133620459231601
0.0133620459231601
0
0.0133620459231601
0
0
0
0
0
0
0
0
0
0
0
0
0
0
0
0
0
0
0
0
0
-1000
0
0.00520173043788077
0
0
0
0
0.941513209256419
0.941513209256419
0
1000
0
0
0
0
0
0
0
0
0
0
0
0
0
0
0
0
0
0
0
0
0
0
0
0
1000
0
0
0
1000
0
0
-1000
0
0
0
0
340.017839049183
0
0
340.017839049183
0
0
0
0
0
0
0
0
0
0
340.017839049183
0
340.017839049183
0
0
0
16.1359883673733
45.996180363936
29.4008044273848
21.5337923052135
31.9274360578632
10.5084906449442
24.577234951017
44.9625583332858
41.4023046721572
13.0925457215698
25.3811631970783
52.312759440132
41.2874577798627
12.7480050446864
21.1318281821828
29.2859575350904
37.956897903323
30.7215436887713
5.62749772242913
38.3014385802064
0
0
0
0
0
0
0
0
0
0
0
0
0
0
0
0
0
0
0
0
0
0
0
0
0
0
0
0
0
0
0
0
0
0
0
0
0
0
0
0
0
0
0
0
0
0
0
0
0
0
0
0
0
0
0
0
0
0
0
0
0
0
0
0
0
0
0
0
0
0
0
0
0
0
0
0
0
0
0
0
0
0
0
0
0
0
0
0
0
0
0
0
0
0
-1000
0
0
0
0
-73.0226330219537
-73.0226330219537
1000
1000
0
0
0
0
0
440.459644457938
0
-36.6506072954589
-403.24204854475
-330.219415522797
-1000
0
-559.540355542062
440.459644457938
-278.694728879176
719.008724884854
1000
440.470047918814
1000
0
0
559.540355542062
0
-1000
-1000
-1000
0
0
0
440.459644457938
440.459644457938
559.540355542062
0
0
0
0
0
0
0
0
0
0
0
0.00445401530771505
220.829679112801
1000
1000
0
500
250.001846694994
2.51558259848237
5
0
0
0
0
0
0
279.76642093779
0
1000
0
0
-0.0119676817887466
0
0
0
0
-0.0119676817887466
107.095848511286
219.567609130829
0
-0.0239353635774933
0
-0.0119676817887466
-4.49930609276953
0
-0.747980111796096
4.64645245447717
-1000
0
0
-0.0119676817887466
-0.0119676817887466
0.0119676817887466
-0.0119676817887466
0.0119676817887466
-0.0119676817887466
-0.0119676817887466
-0.0119676817887466
-0.0119676817887466
-0.0119676817887466
-0.0119676817887466
-0.0119676817887466
-0.0119676817887466
-0.0119676817887466
-0.0119676817887466
-0.0119676817887466
-0.251321317563452
-0.0813241118696624
-0.344070851426181
-0.347062771873425
-0.176523306383842
0.0119676817887466
0.0119676817887466
-0.80731489597656
0.0119676817887466
0.0119676817887466
0.0119676817887466
0.0119676817887466
-5.72952765635785
-0.0867656929683562
-0.64326289614462
-3.24024984430059
-0.180018851594241
0.0119676817887466
0.0119676817887466
0
0.0119676817887466
0.0119676817887466
-0.0119676817887466
0
0
0
0
0
0
0
0
0
0
0
0
0
0
0
0
0
0
0
0
0
0
0
0
0
0
0
0
0
0
0
0
0
0
0
0
0.00652610069005277
0
0
0
0
0
0
0
0
0
0
0
0
0
0
0
0
0
0
0
0
0
0
0
0
0
0
0
0
0
0
0
0
0
0
0
0
0
0
0
0
0
0
0
0
0
0
0
0
0
0
0
0
0
0
0
0
0
0
0
0
0
0
0
0
0
0
0
0
0
0
0
0
0
0
0
0
0
0
0
0
0
0
0
0
0
0
0
0
0
0
0
0
0
0
0
0
0
0
0
0
0
0
0
0
0
0
0
0
0
0
0
0
0
0
0
0
0
0
0
0
0
0
0
0
0
0
0
0
0
0
0
0
0
0
0
0
0
0
0
0
0
0.0119676817887371
0.0119676817887371
0.0119676817887371
0.655230577933355
605.377960469038
0
0
0
0.0119676817887371
0.0119676817887371
0
0
0.0119676817887371
0
0
0
0
0
0
0
0
0
0
0
0
0
0
0
0
0
0
0
0
0
0
0
0
0
0
0
0
0
0
0
0
0
0
0
0
0
0
0
0
0
0
0
0
0
0
0
0
0
0
0
0
0
0
0
0
0
0
0
0
0
0
0
0
0
0
0
0
0
0
0
0
0
0
0
0
0
0
0
0
0
0
0
0
0
0
0
0
0
0
0
0
0.113692976993002
0
0
0
0
0
0
0
0
0
0
0
0
0
0
0
0
0
0
0
0
0
0
0
0
0
0
0
0
0
0
0
0
0
0
0
0
0
0
0
0
0
0
0
0
0
0
0
0
0
0
0
0
0
0
0
0
0
0
0
0
0
0
0
0
0
0
0
0
0
0
0
0
0
0
0
0
0
0
0
0
0
0
0
0
0
0
0
0
0
0
0
0
0
0
0
0
0
0
0
0
0
0
0
0
0
0
1000
0
0
0
0
0
0
0
0
0
0
0
0
0
0
0
0
0
0
0
0
0
0
0
0
0
0
0
0
0
0
0
0
0
0
0
0
0
0
0
0
0
0
0
0
0
0
0
0
0
0
0
0
0
0
0
0
0
0
0
0
0
0
0
0
0
0
0
0
0
0
0
0
0
0
0
0
0
0
0
0
0
0
0
0
0
0
0
0
0
0
0
0
0
0
0
0
0
0
0
0
0
0
0
0
0
0
0
0
0
0
0
1000
1000
0
0
0
0
0
0
0
0
0
0
0
0
0
0
0
0
0
0
0
0
0
-1000
0
-1000
0
0
0
0
0
0
0
1000
1000
0
0
0
0
0
0
0
0
0
0
0
0
0
0
0
0
0
0
0
0
0
0
0
0
0
0
0
0
0
0
0
0
0
0
0
0
0
0
0
0
0
0
0
0
0
0
0
0
0
0
0
0
0
0
0
0
0
0
0
0
0
0
0
0
0
0
0
0
0
0
0
0
0
0
0
0
0
0
0
0
0
0
0
504.460317677999
394.723473027725
0
0
0.0119676817887466
0
-999.566171535158
0
0
0
0
719.787782915579
605.365992787249
219.567609130829
0
0
0
0.00652610069005277
-0.0119676817887466
0
-1000
1000
0
0
0
0
0
0
0
0
0
0
0
0
0
-1000
0.00652610069005277
0
0
0
-0.0244389883406484
0
0
0
0
0
0
0
0.0244389883406484
0
0
0
0
0
279.76642093779
-1000
504.460317677999
-279.76642093779
-279.76642093779
0
-789.326302133323
1000
-0.0267240918462903
0
0
0.0119676817887466
-0.0119676817887466
0
0
0.433828464841667
-0.433828464841667
1000
0
0
0
0
0
1000
0
-280.212217084421
-719.787782915579
-1000
0
-780.432390869171
-219.567609130829
-1000
0
0
0
0
0
-1000
0
0
0
0
0
-1000
1000
-1000
0
0
0
-1000
0
0
0
-1000
0
0
0
0
0
0
0
0
0
0
0
0
0
0
0
0
0
0
0
-1000
1000
-1000
0
-1000
0
-1000
0
-1000
0
0
0
0
0
0
0
0
0
-1000
0
1000
0
-1000
0
-1000
0
-1000
0
-1000
0
0
0
0
0
0
0
0
0
-1000
0
0
0
0
0
0
0
0
0
0
0
0
0
0
0
0
0
0
0
0
0
0
0
0
0
0
0
0
0
0
0
0
0
0
0
0.00652610069005277
-0.00652610069005277
0
0
0
0
0
0
0
0
0
0
0
0
0
0
0
0
0
0
0
0
0
0
0
0
0
0
0
0
0
0
0
0
0
0
0
0
0.00652610069005277
-0.00652610069005277
0
0
0
0
0
0
0.0244389883406484
0.0244389883406484
0
0
0
0
0
0
0
0
0
0
0
0
0
0
0
0
-0.0244389883406484
-0.0244389883406484
0
0
0
0
0
0
0
0
0
0
0
0
0
0
0
0
0
0
0
0
0
0
0
0
0
0
0
0
0
0
0
0
0
0
0
0
0
0
0
0
0
0
0
0
0
0.00445401530772004
0
0
0
0
0
0
0
0
13.6102572225985
0
0
0
0
0
0
0
0
0
0
0
0
0
0
0
0
0
0
0
0
0
0
0
0
0
0
0
0
0
0
0
0
0
0
0
0
0
0
0
0
0
0
0
0
0
0
0
0
0
280.212217084421
280.212217084421
280.212217084421
0
0
0
0
0
0
0
0
0
0
0
0
0
0
0
0
0
0
0
0
0
0
0
0
0
0
0
0
0
0
0
0
0
0
0
0
0
0
0
0
0
0
0
0
0
0
0
0
0
0
0
0
0
0
0
0
0
0
0
0
0
0
0
0
0
0
0
0
0
0
0
0
0
0
0
0
0
0
0
0
0
0
0
0
0
0
0
0
0
0
0
0
0
0
0
0
0
0
0
0
0
0
0
0
0
0
0
0
0
0
0
0
0
0
0
0
0
0
0
0
0
0
0
0
0
0
0
0
0
0
0
0
0
0
0
0
0
0
0
0
0
0
0
0
0
0
0
0
0
0
0
0
0
0
0
0
0
0
0
0
0
0
0
0
0
0
0
0
0
0
0
0.00445401530772004
0.00445401530772004
0.00445401530772004
0.00445401530772004
0.00445401530772004
0
0
0
0
0
0
0
0
0
0
0
0
0
0
0
0
0
0
0
0
0
0
0
0
0
0
0
0
0
0
0
0
0
0
0
0
0
0
0
0
0
0
0
0
0
0
0
0
0
0
18.2317435058888
18.2317435058888
-18.2317435058887
6.06685513291157
-3.03120055880197
3.03120055880193
3.03120055880193
3.03120055880193
3.03120055880193
3.03120055880193
3.03120055880193
3.03120055880193
3.03120055880193
3.03120055880193
3.03120055880193
3.03120055880193
0
3.03120055880197
3.03120055880193
3.03120055880193
3.03120055880193
3.03120055880193
3.03120055880193
3.03120055880193
0
0
0
3.03120055880193
3.03120055880193
0
3.02231834856508
0
0
0
0
0
0
0
0
0
0
0
0
0
0
0
0
18.2317435058888
18.2317435058888
6.06685513291157
6.06685513291157
0
0
0
0
0
0
0
0
0
0
0
0
0
0
0
0
0
0
0
0
0
0
0
0
0
0
0
0
0
0
0
0
0
0
0
0
0
0
0
0
0
0
0
0
0
0
0
0
0
0
0
0
0
0
0
0
0
0
0
0
0
0
0
0
0
0
0
0
0
0
0
0
0
0
0
0
0
0
0
0
0
0
0
0
0
0
0
0
0
0
0
0
0
0
0
0
0
0
0
0
0
0
0
0
0
0
0
0
0
0
0
0
0
0
0
0
0
0
0
0
0
0
0
0
0
0
0
0
0
0
0
0
0
0
0
0
0
0
0
0
0
0
0
0
0
0
0
0
0
0
0
0
0
0
0
0
0
0
0
0
0
0
0
0
0
0
0
0
0
0
0
0
0
0
0
0
0
0
0
0
0
0
0
0
0
0
0
0
0
0
0
0
1.45880405328378
0.0166799645726791
0.0166799645726791
0
0
0
0
-0.0166799645726314
0
0
0
0
1.4421240887111
0
0
0
0
0
0
0
0
0
0
0
0
0
0
0
0
0
0
0
0
0
0
0
0
0
0
0
0
0
0
0
0
0
0
0
0
0
0
0
0
0
0
0
0.0166799645726791
0
0
0
0
0
0
0
0
0
0
0
0
0
0
0
0
0
0
0
0
0
0
0
0
0
0
0
0
0
0
0
0
0
0
0
0
0
0
0
0
0
0
0
0
0
0
0
0
0
0
0
0
0
0
0
0
0
0
0
0
0
0
0
0
0
0
0
0
0
0
0
0
0
0
0
0
0
0
0.00445401530772004
0
0
0
0
0
0
0
1.9204810293638
0
0
0
1.2041677829716
1.2041677829716
1.2041677829716
0
0
0
11.9679047046723
0
0
1.64680653323389
0
0
11.9679047046723
0.00445401530772004
0
0
0
0
-1.64680653323387
1.64680653323389
0
0
0
0
0.452157863171154
0
13.4267087579561
0
0
0
0.285900445394868
0
0.273674496129909
0
13.4267087579561
13.4267087579561
0
0
0
0
0
0
0
0
0
0
0
0
0
0
-13.6102572225984
0
0
0
0
0
0
0
0
0
0
0
0
0
0
0
0
0
0
0
0
0
0
0
0
0
0
0
0
0
0
0
0
0
0
0
0
0
0
0
0
0
0
0
0
0
0
0
0
0
0
0
0
0
0
0
0
0
0
0
0
0
0
0
0
0
0
0
0
0
0
0
0
0
0
0
0
0
0
0
0
0
0
0
0
0
0
0
0
0
0
0
0
0
0
0
0
0
0
0
0
0
0
0
0
0
0
0
0
0
0
0
0
0
0
0
0
0
0
0
0
0
1000
0
0
1000
1000
0
0
0
0
0
0
0
0
0
0
0
0
0
0
0
0
0
0
0
0
0
0
0
0
0
0
0
0
0
0
0
0
0
0
0
0
0
0
0
0
0
0
0
0
0
0
0
0
0
0
0
0
0
0
0
0
0
0
0
0
0
0
0
0
0
0
0
0
0
0
0
0
0
0
0
0
0
0
0
0
0
0
0
0
0
0
0
0
0
0
0
0
0
0
0
0
0
0
0
0
0
0
0
0
0
0
0
0
0
0
0
0
0
0
0
0
0
0
0
0
0
0
0
0
0
0
0
0
0
0
0
0
0
0
0
0
0
0
0
0
0
0
0
0
0
0
0
0
0
0
0
0
0
0
0
0
0
0
0
0
0
0
0
0
0
0
0
0
0
0
0
0
0
0
0
0
0
0
0
0
0
0
0
0
0
0
0
0
0
0
0
0
0
0
0
0
0
0
0
0
0
0
0
0
0
0
0
0
0
0
0
0
0
0
0
0
0
0
0
0
0
0
0
0
0
0
0
0
0
0
0
0
0
0
0
0
0
0
0
0
0
0
0
0
0
0
0
0
0
0
0
0
0
0
0
0
0
0
0
0
0
0
0
0
0
0
0
0
0
0
0
0
0
0
0
0
0
0
0
0
0
0
0
0
0
0
0
0
0
0
0
0
0
0
0
0
0
0
0
0
0
0
0
0
0
0
0
0
0
0
0
0
1000
0
0
0
0
0
0
0
0
0
0
0
0
0
0
0
0
0
0
0
0
0
0
0
0
0
0
0
0
0
0
0
0
0
0
0
0
0
0
0
0
0
0
0
0
0
0
0
0
-200.861089902851
0
0
0
0
0
0
0
0
0
0
0
0
0
0
0
0
0
0
0
0
0
0
0
0
0
0
0
0
0
0
0.20286748707735
0.20286748707735
0
0
0
0.202867487077356
0
0.20286748707735
-249.396584476281
0
0
0
0.0312103826272846
0
0
0
0
0
0
249.396584476281
0
0
0
0
0
0
1.22760838334007
0
0
0
0
0
0
1.22760838334007
1.22760838334007
1.22760838334007
1.22760838334011
0
0
0
0
0
0
0
0
0
0
0
0
0
0
0
0
0
0
0
0
0
0
0
0
0
0
0
0
0
0
0
0
0
0
0
0
0
0
0
0
0
0
0
0
0
0
0
0
0
0
0
0
0
0
0
0
0
0
0
0
0
0
0
0
0
0
0
0
0
0
0
0
0
0
0
0
0
0
0
0
0
0
0
0
0
0
0
1000
699.15477435757
-1000
0
0
0
-1000
-308.985556278507
1000
0
1000
0
0
698.293019221946
-1000
0
0
0
0
0
0
0
0
0
0
0
0
0
0
0
0
0
0
0
0
0
0
0
0
0
0
0
0
0
0
0
0
0
0
0
0
0
0
0
0
308.985556278507
0
0
0
0
0
0
0
0
0
0
0
0
0
0
-999.995545984692
-1000
1000
-1000
1000
999.995545984692
-1000
0
0
0
0
0
0
0.00445401530771505
0
0
0
0
0
0
0
0
0
0
0
0
0
0
0
0
0
0
0
0
0
0.00333082883881672
0.00445401530772004
0.0122259492649591
1000
0.00222055255921115
0.00222055255921115
0.00445401530771505
0
0.00111027627960557
0.00222055255921115
0.0189005171318426
-0.00222055255926534
0.00222055255921115
0.00222055255921115
0.00222055255921115
0.00222055255921115
0.00222055255921115
-0.00222055255926534
-0.004441105118417
0.00222055255921115
0.00222055255921115
0.00222055255926534
0.00222055255921115
-999.944408724884
-0.0066745678669804
999.942188172325
0.00445401530771505
0.00222055255921115
0.00222055255921115
0.00445401530772004
0.00445401530772004
-0.00445401530771505
-0.00445401530771505
0.00445401530771505
0.00445401530771505
0.00222055255921115
0.00222055255921115
0.00222055255921115
0.00222055255921115
-0.0066745678669804
-999.983320035427
0
0
0
0
0
0
-30.3936615522364
0
0
0
0.00445401530772004
0
0
0
0
0.00222700765386002
0.00445401530771505
0.00445401530771505
0
0
0.00445401530772004
0.00445401530772004
0
0
0
0
0
0
0.0088822102368446
0.00222055255921115
0.00666165767763345
0.00222055255921115
-0.00222055255926534
0.00222055255921115
0.00222055255921115
0.00222055255921115
0.00222055255921115
0.00222055255921115
0.00222055255921115
0.0044411051184223
0.00222055255921115
0.00222055255921115
0.00222055255921115
0.00222055255921115
0.00222055255921115
0
0.00222055255921115
0.00445401530772004
0
0.00445401530772004
0
0.00445401530772004
0.00445401530772004
0.00445401530772004
0.00445401530772004
0.00445401530772004
0.00445401530772004
0
0.00445401530772004
0
0.00445401530772004
0.00445401530772004
0.00445401530772004
0.00445401530772004
0.00445401530772004
0
0
0
0
0
0
0
0
0
0
0
0
0
0
0
0
-0.00445401530771505
0
0
0
0
0
0
0
0
0
0
0
0
0
0
0
0
0
0
0
0
0
0
0
0
0
0
0
0
0
0
0
0
0
0
0
0
0
0
0
0
0
0
0
0
0
0
0
0
0
0
0
0
0
0
0
0
0
0
0
0
0
0
0
597.943030778885
0
0
0
0
0
0
0.00445401530772004
0
0
0
0
0
0
0
0
0
0
0
0
0
0
0
0
0
0
0
0
0
0
0
1000
0
0
0
-279.76642093779
0
-1000
0
0
0
0.0119676817887371
0
0
0
0
0
0
0
0
0
0.0119676817887371
0
0
107.095848511287
0
0
0
0
0.0239353635774741
0
0
0
0.0119676817887371
0
4.4993060927695
0
0
0
0.747980111796067
0
4.64645245447717
0
0
0
0
0
0
0
0.0119676817887371
0
0.0119676817887371
0
0.0119676817887371
0
0.0119676817887371
0
0.0119676817887371
0
0.0119676817887371
0
0.0119676817887371
0
0.0119676817887371
0
0.0119676817887371
0
0.0119676817887371
0
0.0119676817887371
0
0.0119676817887371
0
0.0119676817887371
0
0.0119676817887371
0
0.0119676817887371
0
0.0119676817887371
0
0.251321317563479
0
0.0813241118696139
0
0.344070851426191
0
0.347062771873375
0
0.176523306383872
0
0.0119676817887371
0
0.0119676817887371
0
0.807314895976606
0
0.0119676817887371
0
0.0119676817887371
0
0.0119676817887371
0
0.0119676817887371
0
5.72952765635787
0
0.0867656929683438
0
0.643262896144618
0
3.24024984430056
0
0.180018851594202
0
0.0119676817887371
0
0.0119676817887371
0
0
0
0.0119676817887371
0
0.0119676817887371
0
0.0119676817887371
0
-1000
0
0
-1.44212408871113
0
0
0
0
0
0
999.986637954077
-1000
0
0
1.22760838334007
-750.391640006026
1000
249.599451963358
0
-1.64680653323387
287.001911677519
-1000
-1000
0
0
1000
0
0
0
0
0
-6.80446588824873
1000
-13.426708757956
0
0
0
-287.001911677519
1000
-0.00445401530771505
0
0
-4.48316006005973
0
712.998088322481
0
0
0
-998.52788554155
1000
287.001911677519
-1000
-1000
0.00890803061531642
0
1000
0
0
-1000
0
0
1000
847.006400970877
-1000
1000
0
1000
0
0
-1000
1000
1000
1000
0
0
0
0
0
-509.979659705465
0
0
0
0
0
0
0
0
0
0
0
1000
0
0
0
0
0
1000
0
0
0
0
1000
0
0
0
0
0
0
1000
0
0
-1000
1000
-806.252022120704
-1000
1000
-1000
-1000
-1000
-1000
-1000
-1000
1000
1000
1000
-236.34841266923
-1000
-1000
-1000
-917.326318830666
1000
-1000
-1000
761.805544432003
1000
21.596213070468
1000
1000
1000
1000
-1000
0
1000
-1000
-1000
-1000
-1000
-1000
-1000
-1000
-1000
-1000
1000
-1000
-1000
-1000
-1000
1000
-1000
-1000
-1000
-1000
-1000
1000
1000
-1000
-501.748529080788
-1000
-12.7036208897301
-1000
-1000
-1000
-1000
-1000
-1000
-1000
1000
-1000
-1000
1000
-1000
-1000
-1000
-1000
-1000
1000
12.003844209044
-1000
-1000
-1000
1000
-1000
-1000
1000
-262.260152370972
-1000
1000
-627.467656752522
1000
-1000
1000
1000
1000
-1000
1000
1000
1000
1000
1000
-1000
-1000
-1000
32.7398150986689
1000
-1000
-1000
-961.24080914126
-1000
1000
-1000
1000
1000
1000
1000
1000
1000
1000
-1000
1000
-1000
-1000
-1000
-958.561692037439
1000
440.946814502398
54.65569521464
474.918659899009
-1000
-1000
0
0
0
0
0
0
0
0
0
0
0
0
0
0
0
0
0
0
0
0
0
0
0
0
0
0
0
0
0
0
0
0
0
0
0
0
0
0
0
0
0
0
0
0
0
0
0
0
0
0
0
0
0
0
0
0
0
0
0
0
0
0
0
0
0
0
0
0
0
0
0
0
0
0
0
0
0
0
0
476.10443912017
0
0
0
0
0
0
0
0
0
0
0
0
0
0
0
0
0
0
0
0
0
0
0
0
0
0
156.966488470796
0
0
0
0
0
0
0
0
0
0
0
0
0
0
0
0
0
0
0
0
0
0
0
0
0
0
0
0
0
0
0
0
0
0
0
0
0
0
0
0
0
0
0
0
0
0
0
0
0
0
0
0
0
0
0
0
0
0
0
0
0
0
0
0
0
0
0
0
0
0
0
0
0
0
0
0
0
0
0
0
0
0
0
0
0
0
0
0
0
0
0
0
0
0
0
0
0
0
0
0
0
0
0
0
0
0
0
0
0
0
0
0
0
0
0
0
0
0
0
0
0
0
0
0
0
0
0
0
0
0
0
0
0
0
0
0
0
0
0
0
0
0
0
0
0
0
0
0
0
0
0
0
0
0
0
0
0
0
0
0
0
0
0
0
0
0
0
0
0
0
0
0
474.918659899009
0
0
0
0
0
0
0
0
0
0
0
0
0
0
0
0
0
0
0
0
0
0
0
0
0
0
0
0
0
0
0
0
0
0
0
0
0
0
0
0
0
0
0
110.427491230905
0
1000
1000
-1000
1000
1000
1000
-1000
1000
-1000
-1000
1000
-1000
1000
1000
1000
-1000
-1000
-1000
0
-1000
1000
1000
-1000
904.872894691762
-1000
-1000
-1000
-1000
1000
-1000
-1000
0
-1000
-1000
-1000
1000
1000
-1000
-1000
-1000
-1000
1000
-1000
-1000
-1000
1000
-1000
1000
-1000
0
-1000
-1000
-1000
-1000
-1000
0
0
0
0
0
0
0
0
0
0
0
0
0
0
0
0
-1000
-1000
0
0
0
0
0
1000
0
0
0
0
0
0
0
0
0
0
0
-0.00445401530771505
0.00445401530772004
0
0
-0.00445401530771505
-0.00445401530771505
0
0
0
0
0
0
0
0
0
0
0
0
0
0
0
0
0
0
0
0
0
337.312939221485
0
0
0
0
0
0.00445401530772004
0
0
-969.615246478379
-1000
-698.293019221946
698.301927252561
-1000
0
0
0
0
-0.00445401530771505
0.452157863171124
0
0
0
0
249.396584476281
0
0
0
0
0
0
0
0
0
0
0
0
413.527546871184
0
0
0
0.00445401530772004
0
0
0
907.904095250564
0
0
0
0
0
0
0
-1000
0
1000
0
0
0
0
70.7338716292861
0
0
0
0
0
0
0
0
0
0
0
0
0
0
0
0
0
0
0
0
0
0
0
0
0
0
0
0
0
0
0.00445401530772004
0
0
0
0
1000
0
504.460317677999
0
0
2.4083355659432
0
0
0
0
0.00666165767763345
1000
0
-440.946814502398
0
0
0
0
0
0
0
0
0
0
0
0.00445401530771505
1000
278.549080426915
0
502.051982112056
1000
0
0
551.958838725304
-73.0226330219537
1000
0
0
0
0
0
0.00445401530771505
0
0
1000
0
559.053185497602
0
0
440.946814502398
0
0
0
0
0
-1000
0
0
1000
0
0
0
0
0
0
410.813161900632
0
0
0
0
-1000
1000
0
0
0
0
440.94015284472
440.94015284472
0
0
0
1000
0
0
1000
0
924.577939442719
0
0
72.5339382472207
0
0
0
0
0
0
0
1.2041677829716
0
0.00445401530772004
-0.00445401530771505
0.00445401530772004
0.00445401530772004
0
0
0.00445401530771505
0
0
0
1.20416778297158
0
0
-0.0133620459231452
-1000
-1000
-1000
1000
-1000
1000
0
0
-997.111877689939
-2.88812231006068
-1000
-1000
0
0
0
0
0
0
0
0
0
0
0
0
0
0
0
0
0
0
0
0
0
0
0
0
0
1000
0
0
0
0
0
0.00222055255921115
0
0
0
0
0
0
0
0
0.00445401530772004
0
0
0
0
0
0
0
0
0
0
0
0
0
0
0
0
0
0
0
0
0
0
0
0
1000
0
0
0
0
0
0
0
0
0
0
0
0
0
0
0
0
0
0
0
0
0
0
0
0
0
0
0
0
0
0
0
2.87251711874694
0
0
0
0
0
0
0
0
0
0
0
0
0
0
0
0
0
0
0
0
0
0
0
0
0
0
0
0
0
0
0
0
0
0
0
0
0
0
0
0
0
0
0
0
0
0
0
0
0
0
0
0
0
0
0
0
0
0
0
0
0
0
0
0
0
0
0
0
0
0
0
0
0
0
0
0
0
0
0
0
0
0
0
0
0
0
0
0
0
0
0
0
0
0
0
0
0
0
0
0
0
0
0
0
0
0
0
0
0
0
0
0
0
-999.970009630261
0
0.00222055255926534
0
0.0244389883406484
0
0
-0.0299903697386981
0
1000
0
0
0
0
0.00555138139804967
0
0
0
0
0
0
0
0
0
0
0
0
0
0
0
0
0
0
0
0
0.00445401530772004
0.00445401530772004
0.00445401530772004
-969.615246478379
-1000
0
-789.326302133323
-1000
0
0
0
0
0
0
-1000
-1000
0
0
0
0
0
0
0
0
0
0
-1000
0
1000
0
-1000
-1000
-999.988032318211
-1000
-1000
-1000
0
0
0
0
0
0
0
0
0
0
-1000
0
1000
0.487854536579403
0.00445401530772004
0.00445401530772004
0.00445401530772004
0.00445401530772004
0.00445401530772004
1000
0
0
1000
0
0
0
0
0
0.0119676817887371
0
0
0
0
0
0
0
0
0
-1000
0
0
0
0
0
0
0
1000
-1000
0
1000
0
0
-1000
0
0
0
0
0
0
0
0
0
0
0
0
0
0
0
0
0
0
0
0
0
0
0
0
0
0
0
0
0
0
0
0
0
0
0
0
0
0
0
0
0
0
0
0
0
0
0
0
-1000
0
0
0
0
0
0
0
0
0
-1000
0
0
0
0
0
0
0
0
1000
-1000
-1000
-1000
-1000
1000
0
0.0122259492649591
0
0
0
0
402.280643629944
-1000
-1000
0
249.396584476281
0
0
0
999.973275908154
4.9900894013265
0
0
0
0
0.716313246392197
0.716313246392197
0
0
-999.967789077702
0
0
0
0
0
0
0
0
1000
0
0
0
0
0
0
0
1000
0.00445401530772004
0
0
0
0
0
0
0
0
1000
1000
0
0
1000
0
0
0
1000
0
0
0
-719.787782915579
0
-1000
0
0
0
-1000
-1000
0
0
0
0
0
0
0
279.76642093779
-1000
1000
-1000
1000
0
0
-750
0
0
0
0
410.823565361508
-1000
0
0
0
-1000
0
0
0
0
0.00652610069000718
0
0
0
0
0
0
0
0
997.111877689939
0
997.111877689939
0
0
0
0
0
0
0
0
0
0
-1000
410.813161900632
0
-1000
1000
-1000
-1000
1000
0
0
0
0
0
0
0
0
-1000
0
0
1000
0.00222055255921115
0.00222055255921115
0
-1000
-200.861089902851
0
219.567609130829
0
0
0
0
0
0
0
0
0
0
0
0
0
0
0
0
0
0
0
0
0
0
0
0
0
-0.0244389883406484
0
0
0
0
0
0
0
0
0
0
0
0
0
0
0
0
0
0
0
0
0
0
0
0
0
0
0
0
0
0
0
0
0
0
0
0
200.861089902851
0
0
0
0
0
0
0
0
0
-1000
0
-1000
0
0
0
0
0
0
-1000
0
0
0
0
-1000
0
0
0
0
0
0
-1000
0
0
0
0
0
0
0
0
0
0
0
0
0
1000
0
0
0
-495.539682322001
0
0
0
0
0
0
0
0
0
0
0
0
0
0
0
0
279.76642093779
0
0
0
0
0
0
0
0
0
0
0
0
0
0
0
0
0
0
0
0
0
279.76642093779
0
0
0
0
0
0
0
0
0
0
0
0
279.778388619579
0
0
0
0
0
0
0
0
0
0
0
0
0
0
0
0
0
0
0
0
0
0
0
0
0
0
0
0
0
0
0
0
0
0
0
0
0
0
0
0
0
0
0
0
0
0
0
0
0
0
0
0
0
0
0
0
0
0
0
0
0
0
0
0
0
0
0
0
0
0
0
0
0
0
0
0
0
0
0
0
0
0
0
0
0
0
0
0
0
0
0
0
0
0
0
0
0
0
0
0
0
0
0
0
0
0
0
0
0
0
0
0
0
0
0
0
0
0
0
0
0
0
0
0
0
0
0
-1000
0
0
0
0
0
0
0
0
0
0
0
0
0
0
0
0
0
0
0
0
0
0
0
0
0
206.085118122421
0
0
39.4149836354627
0
-229.118131164157
-323.777606611462
553.098605262696
0
-1000
0
-413.527546871184
-1000
0
0
0
0
394.602829105597
0.0267240918463202
0
0
0
0
0
0
0
0
0
0
0
0
0
0
0
0
0
0
0
0
0
0
0
0
0
0
0
0
0
0
0
0
0
0
0
0
0
0
0
0
0
0
0
0
0
0
0
0
0
0
0
0
0
0
0
0
0
0
0
0
0
0
0
0
0
0
0
0
0
0
0
0
0
0
0
0
0
0
0
0
0
0
0
0
0
0
0
0
0
0
0
0
0
0
0
0
0
0
0
0
0
0
0
0
0
0
0
0
0
0
0
0
0
0
0
0
0
0
0
0
0
0
0
0
0
0
0
0
0
0
0
0
0
0
0
0
0
0
0
0
0
0
0
0
0
0
0
0
0
0
0
0
0
0
0
0
0
0
0
0
0
0
0
0
0
0
0
0
0
0
0
0
0
0
0
0
0
0
0
0
0
0
0
0
0
0
0
0
0
0
0
0
0
0
0
0
0
0
0
0
0
0
0
0
0
0
0
0
0
0
0
0
0
0
0
0
0
0
0
0
0
0
0
0
0
0
0
0
0
0
0
0
0
0
0
0
0
0
0
0
0
0
0
0
0
0
0
0
0
0
0
0
0
0
0
0
0
0
0
0
0
0
0
0
0
0
0
0
0
0
0
0
0
0
0
0
0
0
0
0
0
0
1000
0
0
0
0
0
0
0
0
0
219.567609130829
0
0
0
0
0
0
0
0
0
0
0
-1000
0
0
0
0
0.00445401530771505
-202.070184860894
0
0
0
0
0
0
0
0
0
0
0
0
0
0
0
0
0
0
0
0
0
0
0
0
0
0
0
0
0
0
0
0
0
0
0
0
0
0
0
0
0
0
0
0
0
0
0
0
0
0
0
0
0
0
0
0
0
0
0
0
0
0
0
0
0
0
0
0
0
0
0
0
0
0
0
0
0
0
0
0
0
0
0
0
0
0
0
0
0
0
0
0
0
0
0
0
0
0
0
0
0
0
0
0
0
0
0
0
0
0
0
0
0
0
0
0
0
0
0
0
0
0
0
0
0
0
0
0
0
0
0
0
0
0
0
0
0
0
0
0
0
0
0
0
0
0
0
0
0
0
0
0
0
0
0
0
0
1000
0
0
0
1000
0
0
0
0
0
0
0
1000
0.00445401530771505
0
0
-1000
394.634007212751
0
0
0
0
0
0
999.937734157017
0
0
0
0
0
0
0
0
0
1000
0
-1000
0
0
1000
0
0
0
0
0
0
0
0
0
0
0
0
0
0
0
0
0
0
0
0
0
0
0
0
0
0
0
0
0
0
0
0
0
0
0
0
0
0
0
0
0
0
0
0
0
0
0
0
0
0
0
0
0
0
0
0
0
0
0
0
0
0
0
0
0
0
0
0
0
0
0
0
0
0
0
0
0
0
0
0
0
0
0
0
0
0
0
0
0
0
0
0
0
0
0
0
0
0
0
0
0
0
0
0
0
0
0
0
0
0
0
0
0
0
0
0
0
0
0
0
0
0
0
0
0
0
0
0
0
0
0
0
0
0
0
0
0
0
0
0
0
0
0
0
0
0
0
0
0
0
0
0
0
0
0
0
0
0
0
0
0
0
0
0
0
0
0
0
0
0
0
500
107.584910814494
0
0
-1.20416778297158
0
0
574.23446147236
23.797782272166
52.0173043788077
0.129101892977392
107.584910814494
0
0
0
0
0
0
0
0
0
0
0
0
0
0
0
0
0
0
0
0
0
0
0
0
0
693.412240072849
-1000
0
-1000
0
0
559.053185497602
0
0
0
-953.946375953138
0
0
0
0
-29.9192044718427
0
0
0
0
999.978891840498
0.00445401530771505
0
0.0144465018241169
0
0
0
0
0
0
0
0
0
0
0
0
0
0
0
0
0
0
279.76642093779
0
1000
0
0
-777.319850400275
-5.72952765635785
-0.251321317563452
-13.2173872520788
-25.9117397017421
-52.8433359447959
-41.4383079625612
-12.940469070888
-223.987474339196
-32.7398150986689
-5.67951502680785
-38.7591908587399
-1000
-1000
0
0
0
0
-1000
23.0419271426009
-21.596213070468
-1000
-16.4213358263268
987.29637911027
-29.4788303839532
957.399565210066
411.291534106218
-40.7543788501732
0
0
-1000
70.7338716292861
0
1000
0
0
597.719356370056
-1000
0
0
0
-13.426708757956
0.452157863171124
0
1000
559.053185497602
0
0
0
0
0
0
0
0
0
0
-0.00445401530771505
-0.00445401530771505
0
0
0
0
0
0
0
0
0
0
0
337.312939221485
-337.312939221485
0
0
0
0
1000
0
0
0
0
0
1000
249.396584476281
-0.00445401530771505
-0.00445401530771505
-1.22760838334011
301.706980778054
0
0
-0.00445401530771505
0
-0.00445401530771505
0
0
0
-0.00445401530771505
0
0
0
-0.00445401530771505
0
0
0
0
0
0
0
0
0
0
0
0
0
0
0
0
0
999.986637954077
0
0
0
0
0
0
0
249.608359993974
0
0
0
-95.1271053082382
0
1000
0
0
-0.00445401530771505
0
0
0
0
-1000
0
0
0
0
0
0
-110.427491230905
0
0
1000
-4.48316006005973
0
-1000
-1000
0
0
0
0
0
712.998088322481
0
0
0
3.03120055880186
0
0
0
0
0
0
-1000
0
0
0
0
1000
1000
249.599451963358
0
0
-1.64680653323387
750.400548036642
0
0
0
0
0
0
0
0
0
-1000
-30.3936615522366
0
0
0
0
0
-1000
0
0
0
0
-301.698072747439
-287.001911677519
287.001911677519
0
0
0
0
809.176718380346
287.001911677519
-1000
-1000
-815.981184268595
0
0
0
0
0
0
0
0
0
0
0
1000
0
-0.180018851594241
-0.0119676817887466
-3.24024984430059
-509.979659705465
-0.176523306383842
-0.80731489597656
0
-0.64326289614462
-0.344070851426181
0
0
0
107.095848511286
0
-0.0119676817887466
-1000
-0.0239353635774933
-0.0119676817887466
0
-0.0867656929683562
0
-0.0119676817887466
-4.49930609276953
-4.64645245447718
0
-4.99008940132649
0
0
0
-0.0119676817887466
-0.0813241118696624
0
-0.0119676817887466
-0.0119676817887466
-0.0119676817887466
-0.0119676817887466
-0.347062771873425
0
-0.747980111796096
0
0
0
-1000
1000
0
0
-1000
1000
-0.00445401530771505
0
750
-750
0
0
0
-1000
0
0
0
0
0
0
0
0
0
0
0
0
0
0
0
0
221.208035141275
0
0
-1000
1000
1000
-1000
-1000
0
-1000
1000
-1000
0
0
0
-0.0119676817887466
-0.0119676817887466
0
0
0
0
1000
552.895737775619
-553.098605262696
394.602829105597
0.0267240918462903
0
0
0
0
0
-1000
-1000
0
0
0
0
0
0
0
0
0
0
0
0
0
0
0
0
0
0
0
0
0
0
0
0
0
0
0
0
0
0
0
0
0
0
0
0
0
0
0
0
0
0
0
0
0
0
0
0
0
0
0
0
0
0
0
0
0
0
0
0
0
0
0
0
0
0
0
0
0
0
0
-0.0119676817887466
0
0
0
0
0
0
0
0
0
0
0
0
0
0
0
0
0
0
0
0
0
0
0
0
0
0
0
0
0
0
0
0
0
0
0
0
0
0
0
0
0
0
0
0
0
0
0
0
0
0
0
0
0
0
0
0
0
0
0
0
0
0
0
0
0
0
0
0
0
0
0
0
0
0
0
0
0
0
0
0
0
0
0
0
0
0
0
0
0
0
0
0
0
0
0
0
0
0
0
0
0
0
0
0
0
0
0
0
0
0
0
0
0
0
0
0
0
0
0
0
0
0
0
0
0
0
0
0
0
0
0
0
0
0
0
0
0
0
0
0
0
0
0
0
0
0
0
0
0
0
0
0
0
0
0
0
0
0
0
0
0
0
0
0
0
0
0
0
0
0
0
0
0
0
0
0
0
0
0
0
0
0
0
0
0
0
0
0
0
0
0
0
0
0
0
0
0
0
0
0
0
0
0
0
0
0
0
0
0
0
0
0
0
0
0
0
0
0
0
0
0
0
0
0
0
0
0
0
0
0
0
0
0
0
0
0
0
0
0
0
0
0
0
0
0
0
0
0
0
0
0
0
0
0
0
0
0
0
809.176718380346
1000
0
-221.208035141275
0
202.070184860894
0
0
0
0
0
0
0
0
0
0
0
0
0
0
0
0
0
0
999.937734157017
0
0
0
0
0
1000
0
-394.634007212751
0
-1000
-0.00445401530771505
0
0
0
0
0
0
0
0
998.557875911289
0
0
0
0
0
-1000
0
0
0
0
0
0
0
0
0
0
0
0
0
0
0
0
0
0
0
0
0
0
0
0
0
0
0
0
0
0
0
0
0
0
0
0
0
0
0
0
0
0
0
0
0
0
0
0
0
0
0
0
0
0
0
0
0
0
0
0
0
0
0
0
0
0
0
0
0
0
0
0
-0.0119676817887466
-0.0119676817887466
-0.0119676817887466
0
-0.0119676817887466
0
0
-0.0119676817887466
-0.0119676817887466
-0.0119676817887466
-0.0119676817887466
0
-0.0119676817887466
-0.0119676817887466
-0.0119676817887466
-0.0119676817887466
-0.0119676817887466
-0.0119676817887466
-0.0119676817887466
0
-0.0119676817887466
-0.0119676817887466
-0.0119676817887466
0
-1000
107.584910814494
0
0
0
0
0
0
0
0
0
0
0
0
0
