0
0
0
0
0
0
207.17172361222
0
-1000
1000
0
0
0
261.219082160885
1000
0
999.682694443289
-999.682694443289
999.92717577387
0
0.0728242261303307
0
-1000
0.457752278533462
0
1000
-277.696535352541
0
-381.51178777592
0.0299903697386482
0
0
0
0
0
337.353044724539
0
0
0
43.7009907728473
0
0
0
0
0
0
0
0
0
0
0
0
998.52788554155
0
1000
0
0
0
0
0
0
0
0
0
0
0
0
0
381.511787775919
0
0
0
0
1000
1000
0
0
0
0
381.51178777592
0
0
-1000
0
0
0
0
0
0
0
0
0
0
0
0
0
0
0
0
0
0
0
0
0
0.00445401530772004
0
0
0
0
0
0
0
0
0
0
0.488694774732865
0
0
0
0
0
0
0
0
0
0
0
0
0
0
0
791.231077256923
0
0
1000
0
0
0
0
1000
0
0
0
0
-18.2317435058887
0
0
0
0
-338.747957453788
0
0
0
-618.255354367264
0
0
460.574612903662
1000
1000
539.414983635463
0
0
0
-1000
539.414983635463
800.634065796348
1000
-738.780917839115
0
618.255354367264
1000
0
0
0
0
0
1000
793.051594769091
0
0
0
0
0
-4.89923932338922
0
0
0
0
0
0
4.9044410538271
249.599451963358
-1000
0
0
0
0.171389218022138
0
0
0
0
1000
995.095558946173
0
0
0
0
-1000
0
-999.994798269562
0
0
0
0
0
0
0
0
0
0
0
-750.603415523719
0
0
-1000
997.978834556001
0
0.574503423749396
0
0.584906884625158
0
0
0.861755135624094
0
1000
0
0
0.20286748707735
-750.391640006027
0
-0.202867487077356
0
0
0
0
0
0
0
0
0
0
-1000
0
-211.148319296252
-1000
-1000
-1000
1000
1000
1000
-1000
-17.1565205419247
-1.20416778297158
-999.989596539124
-3.27899227708815
0
-997.127482881253
1000
1000
-3.73427225437104
1000
0
0
1000
0
0.223674408828873
0
-0.223674408828856
0
0.00222055255921115
0
0
0
0
0
0
0
0
1000
0
0
0
0
0
0
0
0
1000
0
1000
0
0
0
750.594507493104
0
-0.223674408828856
0
-0.861755135624094
0
0
0.861755135624094
3.27899227708812
0
0
0
0
0
0
0
-1000
0
0
0
525.179060984777
0.861755135624094
0
1000
-1.20416778297158
0
0
0.00445401530769611
0
0
0
0
0
0
0
0
0
0
0
0
-249.405492506896
0
0
0
2.87251711874698
0
12.0925439755491
0
0
0
0
0
0
0
0
264.280821964335
-1000
1000
-1000
1000
1000
-1000
-0.00222055255926534
-1000
-1000
0
-1000
-1000
1000
1000
0
1000
0
0
0
0
-1000
0
1000
1000
-1000
-1000
1000
0
0
-1000
-1000
0
0
0
0
0
0
1.2041677829716
0
-1000
1000
1000
1000
-1000
0.0104034608757502
-1000
-1000
1000
0
0
1000
-1000
-1000
-1000
1000
1000
-1000
-545.963344719367
1000
-1000
-1000
-1000
1000
0
0
0
0
0
0
0
0
0.00890803061543011
0
0
0
-370.010075386034
1000
0
0
0
-36.6506072954589
0
0
0
0
0
629.989924613966
0
0
0
0
0
0
0
0
0
0
0
0
0
1000
-629.989924613966
-370.010075386034
0
370.010075386034
0
0
0
0
0
0
0
0
0
0
0
0
0
0
0
0
0
0
0
0
0
0
0
0
0
0
0
0
0
0
0
0
0
0
0
0
0
0
0
0
0
-1000
-1000
0.130043260946991
0.130043260946991
0
639.004461224483
0
0
0
0
0
0
0
0
0
0
0
0
0
0
-415.114340290712
0
0
0
0
0
0
0
0
0
0
0
0
0
0
0
0
0
0
0
0
0
0
0
0
0
0
0
0
0
0
0
0
0
0
0.20286748707735
0
0
0
1000
0
605.21144715228
0
605.21144715228
0
0
-1000
0
0
0
0
0
0
0
0
0
0
0
0
0
0
0
0
0
0
0
0
0
0
0
0
0
0
0
-652.109112361395
0
0
0.20286748707735
0
0
0
0
0
0
0
0
0
131.664022249194
0
0
0
0
0
0
0
0
0
0
0
0
0
0
0
0
0
0
0
0
0
0
0.00445401530772004
0
0
0
0
0
0
0
0
0
0
-1000
0
0
0
0
0
0
0
0
0
0
0
0
0
0.0133620459231601
0.0133620459231601
0
0.0133620459231601
0
0
0
0
0
0
0
0
0
0
0
0
0
0
0
0
0
0
0
0
0
-1000
0
0.00520173043788077
0
0
0
0
0.941513209256419
0.941513209256419
0
404.457728701075
0
0
0
0
0
0
0
0
0
0
0
0
0
0
0
0
0
0
0
0
0
0
0
0
1000
0
0
0
1000
0
0
-1000
0
0
0
0
340.017839049183
0
0
340.017839049183
0
0
0
0
0
0
0
0
0
0
340.017839049183
0
340.017839049183
0
0
0
16.1359883673733
45.996180363936
29.4008044273848
21.5337923052135
31.9274360578632
10.5084906449442
24.577234951017
44.9625583332858
41.4023046721571
13.0925457215698
25.3811631970783
52.312759440132
41.2874577798627
12.7480050446864
21.1318281821828
29.2859575350903
37.956897903323
30.7215436887712
5.62749772242913
38.3014385802064
0
0
0
0
0
0
0
0
0
0
0
0
0
0
0
0
0
0
0
0
0
0
0
0
0
0
0
0
0
0
0
0
0
0
0
0
0
0
0
0
0
0
0
0
0
0
0
0
0
0
0
0
0
0
0
0
0
0
0
0
0
0
0
0
0
0
0
0
0
0
0
0
0
0
0
0
0
0
0
0
0
0
0
0
0
0
0
0
0
0
0
0
0
0
-1000
0
0
0
0
-0.488694774732835
-0.488694774732835
1000
1000
0
0
0
0
0
377.220787307027
0
-36.6506072954589
-377.896744377524
-377.408049602791
-1000
0
-584.885659709288
415.114340290712
-525.943796970818
940.912488809269
1000
377.231190767903
1000
0
0
622.779212692973
0
-1000
-1000
-1000
0
0
0
415.114340290712
415.114340290712
584.885659709288
0
0
0
0
0
0
0
0
0
0
0
0.00445401530771505
208.157027029188
1000
1000
0
500
250.001846694994
2.51558259848237
5
0
0
0
0
0
0
292.439073021404
0
1000
0
0
-0.0119676817887466
0
0
0
0
-0.0119676817887466
107.095848511287
206.894957047216
0
-0.0239353635774933
0
-0.0119676817887466
-4.48733841098078
0
-0.747980111796096
0
-1000
-4.63448477268844
0.0119676817887466
-0.0119676817887466
-0.0119676817887466
0.0119676817887466
-0.0119676817887466
0.0119676817887466
-0.0119676817887466
-0.0119676817887466
-0.0119676817887466
-0.0119676817887466
-0.0119676817887466
-0.0119676817887466
-0.0119676817887466
-0.0119676817887466
-0.0119676817887466
-0.0119676817887466
-0.0119676817887466
-0.251321317563452
-0.0813241118696624
-0.344070851426181
-0.347062771873425
-0.176523306383842
0.0119676817887466
0.0119676817887466
-0.80731489597656
0.0119676817887466
0.0119676817887466
0.0119676817887466
0.0119676817887466
-5.72952765635785
-0.0867656929683562
-0.64326289614462
-3.24024984430059
-0.180018851594241
0.0119676817887466
0.0119676817887466
0
0.0119676817887466
0.0119676817887466
-0.0119676817887466
0
0
0
0
0
0
0
0
0
0
0
0
0
0
0
0
0
0
0
0
0
0
0
0
0
0
0
0
0
0
0
0
0
0
0
0
0.00652610069005277
0
0
0
0
0
0
0
0
0
0
0
0
0
0
0
0
0
0
0
0
0
0
0
0
0
0
0
0
0
0
0
0
0
0
0
0
0
0
0
0
0
0
0
0
0
0
0
0
0
0
0
0
0
0
0
0
0
0
0
0
0
0
0
0
0
0
0
0
0
0
0
0
0
0
0
0
0
0
0
0
0
0
0
0
0
0
0
0
0
0
0
0
0
0
0
0
0
0
0
0
0
0
0
0
0
0
0
0
0
0
0
0
0
0
0
0
0
0
0
0
0
0
0
0
0
0
0
0
0
0
0
0
0
0
0
0
0
0
0
0
0
0.0119676817887371
0.0119676817887371
0.0119676817887371
0
216.448207015741
0
0
0
0
0.0119676817887371
0
0
0.0119676817887371
0
0
0
0
0
0
0
0
0
0
0
0
0
0
0
0
0
0
0
0
0
0
0
0
0
0
0
0
0
0
0
0
0
0
0
0
0
0
0
0
0
0
0
0
0
0
0
0
0
0
0
0
0
0
0
0
0
0
0
0
0
0
0
0
0
0
0
0
0
0
0
0
0
0
0
0
0
0
0
0
0
0
0
0
0
0
0
0
0
0
0
0
0.113692976993002
0
0
0
0
0
0
0
0
0
0
0
0
0
0
0
0
0
0
0
0
0
0
0
0
0
0
0
0
0
0
0
0
0
0
0
0
0
0
0
0
0
0
0
0
0
0
0
0
0
0
0
0
0
0
0
0
0
0
0
0
0
0
0
0
0
0
0
0
0
0
0
0
0
0
0
0
0
0
0
0
0
0
0
0
0
0
0
0
0
0
0
0
0
0
0
0
0
0
0
0
0
0
0
0
0
0
1000
0
0
0
0
0
0
0
0
0
0
0
0
0
0
0
0
0
0
0
0
0
0
0
0
0
0
0
0
0
0
0
0
0
0
0
0
0
0
0
0
0
0
0
0
0
0
0
0
0
0
0
0
0
0
0
0
0
0
0
0
0
0
0
0
0
0
0
0
0
0
0
0
0
0
0
0
0
0
0
0
0
0
0
0
0
0
0
0
0
0
0
0
0
0
0
0
0
0
0
0
0
0
0
0
0
0
0
0
0
0
0
1000
1000
0
0
0
0
0
0
0
0
0
0
0
0
0
0
0
0
0
0
0
0
0
-1000
0
-1000
0
0
0
0
0
0
0
1000
1000
0
0
0
0
0
0
0
0
0
0
0
0
0
0
0
0
0
0
0
0
0
0
0
0
0
0
0
0
0
0
0
0
0
0
0
0
0
0
0
0
0
0
0
0
0
0
0
0
0
0
0
0
0
0
0
0
0
0
0
0
0
0
0
0
0
0
0
0
0
0
0
0
0
0
0
0
0
0
0
0
0
0
0
-793.078318860938
394.723473027725
0
0
0.0119676817887466
0
-999.566171535158
0
0
0
0
330.858029462283
216.436239333952
206.894957047216
0
0
0
0.00652610069005277
4.62251709089969
0
0
999.988032318211
0
0
0
0
0
0
0
0
0
0
0
0
0
-1000
0.00652610069005277
0
0
0
-0.0244389883406484
0
0
0
0
0
0
0
0.0244389883406484
0
0
0
0
0
292.439073021404
-206.921681139062
-793.078318860938
-292.439073021403
-292.439073021403
0
-1000
1000
-0.0267240918462903
0
0
0.0119676817887466
-0.0119676817887466
0
0
0.433828464841667
-0.433828464841667
1000
0
0
0
0
0
1000
0
-292.884869168034
-707.115130831966
-1000
0
-793.105042952784
-206.894957047216
-1000
0
0
0
0
0
-1000
0
-1000
0
0
0
0
0
-1000
0
0
0
-1000
0
0
0
-1000
0
0
0
0
0
0
0
0
0
0
0
0
0
0
0
0
0
0
0
-1000
1000
-1000
0
-1000
0
-1000
0
-1000
0
0
0
0
0
0
0
0
0
-1000
0
1000
0
-1000
0
-1000
0
1000
0
-1000
0
0
0
0
0
0
0
0
0
-1000
0
0
0
0
0
0
0
0
0
0
0
0
0
0
0
0
0
0
0
0
0
0
0
0
0
0
0
0
0
0
0
0
0
0
0
0.00652610069005277
-0.00652610069005277
0
0
0
0
0
0
0
0
0
0
0
0
0
0
0
0
0
0
0
0
0
0
0
0
0
0
0
0
0
0
0
0
0
0
0
0
0.00652610069005277
-0.00652610069005277
0
0
0
0
0
0
0.0244389883406484
0.0244389883406484
0
0
0
0
0
0
0
0
0
0
0
0
0
0
0
0
-0.0244389883406484
-0.0244389883406484
0
0
0
0
0
0
0
0
0
0
0
0
0
0
0
0
0
0
0
0
0
0
0
0
0
0
0
0
0
0
0
0
0
0
0
0
0
0
0
0
0
0
0
0
0
0.00445401530772004
0
0
0
0
0
0
0
0
13.6102572225984
0
0
0
0
0
0
0
0
0
0
0
0
0
0
0
0
0
0
0
0
0
0
0
0
0
0
0
0
0
0
0
0
0
0
0
0
0
0
0
0
0
0
0
0
0
0
0
0
0
292.884869168034
292.884869168034
292.884869168034
0
0
0
0
0
0
0
0
0
0
0
0
0
0
0
0
0
0
0
0
0
0
0
0
0
0
0
0
0
0
0
0
0
0
0
0
0
0
0
0
0
0
0
0
0
0
0
0
0
0
0
0
0
0
0
0
0
0
0
0
0
0
0
0
0
0
0
0
0
0
0
0
0
0
0
0
0
0
0
0
0
0
0
0
0
0
0
0
0
0
0
0
0
0
0
0
0
0
0
0
0
0
0
0
0
0
0
0
0
0
0
0
0
0
0
0
0
0
0
0
0
0
0
0
0
0
0
0
0
0
0
0
0
0
0
0
0
0
0
0
0
0
0
0
0
0
0
0
0
0
0
0
0
0
0
0
0
0
0
0
0
0
0
0
0
0
0
0
0
0
0
0.00445401530772004
0.00445401530772004
0.00445401530772004
0.00445401530772004
0.00445401530772004
0
0
0
0
0
0
0
0
0
0
0
0
0
0
0
0
0
0
0
0
0
0
0
0
0
0
0
0
0
0
0
0
0
0
0
0
0
0
0
0
0
0
0
0
0
0
0
0
0
0
18.2317435058888
18.2317435058888
-18.2317435058887
6.06685513291157
-3.03120055880197
3.03120055880193
3.03120055880193
3.03120055880193
0
0
0
0
0
0
0
0
0
0
0
0
0
0
0
0
0
0
0
0
3.03120055880193
0
3.02231834856508
3.03120055880193
3.03120055880193
3.03120055880193
3.03120055880193
3.03120055880193
3.03120055880193
3.03120055880193
3.03120055880193
3.03120055880193
3.03120055880193
3.03120055880193
3.03120055880193
3.03120055880193
3.03120055880193
3.03120055880193
3.03120055880193
18.2317435058888
18.2317435058888
6.06685513291157
6.06685513291157
0
0
0
0
0
0
0
0
0
0
0
0
0
0
0
0
0
0
0
0
0
0
0
0
0
0
0
0
0
0
0
0
0
0
0
0
0
0
0
0
0
0
0
0
0
0
0
0
0
0
0
0
0
0
0
0
0
0
0
0
0
0
0
0
0
0
0
0
0
0
0
0
0
0
0
0
0
0
0
0
0
0
0
0
0
0
0
0
0
0
0
0
0
0
0
0
0
0
0
0
0
0
0
0
0
0
0
0
0
0
0
0
0
0
0
0
0
0
0
0
0
0
0
0
0
0
0
0
0
0
0
0
0
0
0
0
0
0
0
0
0
0
0
0
0
0
0
0
0
0
0
0
0
0
0
0
0
0
0
0
0
0
0
0
0
0
0
0
0
0
0
0
0
0
0
0
0
0
0
0
0
0
0
0
0
0
0
0
0
0
0
0
1.45880405328378
0.0166799645726791
0.0166799645726791
0
0
0
0
-0.0166799645726314
0
0
0
0
1.4421240887111
0
0
0
0
0
0
0
0
0
0
0
0
0
0
0
0
0
0
0
0
0
0
0
0
0
0
0
0
0
0
0
0
0
0
0
0
0
0
0
0
0
0
0
0.0166799645726791
0
0
0
0
0
0
0
0
0
0
0
0
0
0
0
0
0
0
0
0
0
0
0
0
0
0
0
0
0
0
0
0
0
0
0
0
0
0
0
0
0
0
0
0
0
0
0
0
0
0
0
0
0
0
0
0
0
0
0
0
0
0
0
0
0
0
0
0
0
0
0
0
0
0
0
0
0
0
0.00445401530772004
0
0
0
0
0
0
0
1.9204810293638
0
0
0
1.2041677829716
1.2041677829716
1.2041677829716
0
0
0
11.9679047046723
0
0
1.64680653323389
0
0
11.9679047046723
0.00445401530772004
0
0
0
0
-1.64680653323387
1.64680653323389
0
0
0
0
0.452157863171154
0
13.4267087579561
0
0
0
0.285900445394868
0
0.273674496129909
0
13.4267087579561
13.4267087579561
0
0
0
0
0
0
0
0
0
0
0
0
0
0
-13.6102572225984
0
0
0
0
0
0
0
0
0
0
0
0
0
0
0
0
0
0
0
0
0
0
0
0
0
0
0
0
0
0
0
0
0
0
0
0
0
0
0
0
0
0
0
0
0
0
0
0
0
0
0
0
0
0
0
0
0
0
0
0
0
0
0
0
0
0
0
0
0
0
0
0
0
0
0
0
0
0
0
0
0
0
0
0
0
0
0
0
0
0
0
0
0
0
0
0
0
0
0
0
0
0
0
0
0
0
0
0
0
0
0
0
0
0
0
0
0
0
0
0
0
1000
0
0
1000
1000
0
0
0
0
0
0
0
0
0
0
0
0
0
0
0
0
0
0
0
0
0
0
0
0
0
0
0
0
0
0
0
0
0
0
0
0
0
0
0
0
0
0
0
0
0
0
0
0
0
0
0
0
0
0
0
0
0
0
0
0
0
0
0
0
0
0
0
0
0
0
0
0
0
0
0
0
0
0
0
0
0
0
0
0
0
0
0
0
0
0
0
0
0
0
0
0
0
0
0
0
0
0
0
0
0
0
0
0
0
0
0
0
0
0
0
0
0
0
0
0
0
0
0
0
0
0
0
0
0
0
0
0
0
0
0
0
0
0
0
0
0
0
0
0
0
0
0
0
0
0
0
0
0
0
0
0
0
0
0
0
0
0
0
0
0
0
0
0
0
0
0
0
0
0
0
0
0
0
0
0
0
0
0
0
0
0
0
0
0
0
0
0
0
0
0
0
0
0
0
0
0
0
0
0
0
0
0
0
0
0
0
0
0
0
0
0
0
0
0
0
0
0
0
0
0
0
0
0
0
0
0
0
0
0
0
0
0
0
0
0
0
0
0
0
0
0
0
0
0
0
0
0
0
0
0
0
0
0
0
0
0
0
0
0
0
0
0
0
0
0
0
0
0
0
0
0
0
0
0
0
0
0
0
0
0
0
0
0
0
0
0
0
0
0
0
0
0
0
0
0
0
0
0
0
0
0
0
0
0
0
0
0
1000
0
0
0
0
0
0
0
0
0
0
0
0
0
0
0
0
0
0
0
0
0
0
0
0
0
0
0
0
0
0
0
0
0
0
0
0
0
0
0
0
0
0
0
0
0
0
0
0
-354.416267030476
0
0
0
0
0
0
0
0
0
0
0
0
0
0
0
0
0
0
0
0
0
0
0
0
0
0
0
0
0
0
0.20286748707735
0.20286748707735
0
0
0
0.202867487077356
0
0.20286748707735
-249.396584476281
0
0
0
0.0312103826272846
0
0
0
0
0
0
249.39658447628
0
0
0
0
0
0
1.22760838333971
0
0
0
0
0
0
1.22760838333971
1.22760838333971
1.22760838333971
1.22760838333966
0
0
0
0
0
0
0
0
0
0
0
0
0
0
0
0
0
0
0
0
0
0
0
0
0
0
0
0
0
0
0
0
0
0
0
0
0
0
0
0
0
0
0
0
0
0
0
0
0
0
0
0
0
0
0
0
0
0
0
0
0
0
0
0
0
0
0
0
0
0
0
0
0
0
0
0
0
0
0
0
0
0
0
0
0
0
0
1000
638.995553193868
-1000
0
0
0
-1000
-1000
1000
0
1000
0
0
-1000
638.133798058244
0
0
0
0
0
0
0
0
0
0
0
0
0
0
0
0
0
0
0
0
0
0
0
0
0
0
0
0
0
0
0
0
0
0
0
0
0
0
0
0
1000
0
0
0
0
0
0
0
0
0
0
0
0
0
0
-999.995545984692
-1000
1000
-1000
1000
999.995545984692
-1000
0
0
0
0
0
0
0.00445401530771505
0
0
0
0
0
0
0
0
0
0
0
0
0
0
0
0
0
0
0
0
0
0.00333082883881672
0.00445401530772004
0.0122259492649591
1000
0.00222055255921115
0.00222055255921115
0.00445401530771505
0
0.00111027627960557
0.00222055255921115
0.0189005171318426
-0.00222055255926534
0.00222055255921115
0.00222055255921115
0.00222055255921115
0.00222055255921115
0.00222055255921115
-0.00222055255926534
-0.004441105118417
0.00222055255921115
0.00222055255921115
0.00222055255926534
0.00222055255921115
-271.897832410662
-0.0066745678669804
271.895611858103
0.00445401530771505
0.00222055255921115
0.00222055255921115
0.00445401530772004
0.00445401530772004
-0.00445401530771505
-0.00445401530771505
0.00445401530771505
0.00445401530771505
0.00222055255921115
0.00222055255921115
0.00222055255921115
0.00222055255921115
-0.0066745678669804
-999.983320035427
0
0
0
0
0
0
-1000
0
0
0
0.00445401530772004
0
0
0
0
0.00222700765386002
0.00445401530771505
0.00445401530771505
0
0
0.00445401530772004
0.00445401530772004
0
0
0
0
0
0
0.00888221023684459
0.00222055255921115
0.00666165767763344
0.00222055255921115
-0.00222055255926534
0.00222055255921115
0.00222055255921115
0.00222055255921115
0.00222055255921115
0.00222055255921115
0.00222055255921115
0.0044411051184223
0.00222055255921115
0.00222055255921115
0.00222055255921115
0.00222055255921115
0.00222055255921115
0
0.00222055255921115
0.00445401530772004
0
0.00445401530772004
0
0.00445401530772004
0.00445401530772004
0.00445401530772004
0.00445401530772004
0.00445401530772004
0.00445401530772004
0
0.00445401530772004
0
0.00445401530772004
0.00445401530772004
0.00445401530772004
0.00445401530772004
0.00445401530772004
0
0
0
0
0
0
0
0
0
0
0
0
0
0
0
0
-0.00445401530771505
0
0
0
0
0
0
0
0
0
0
0
0
0
0
0
0
0
0
0
0
0
0
0
0
0
0
0
0
0
0
0
0
0
0
0
0
0
0
0
0
0
0
0
0
0
0
0
0
0
0
0
0
0
0
0
0
0
0
0
0
0
0
0
643.996654825747
0
0
0
0
0
0
0.00445401530772004
0
0
0
0
0
0
0
0
0
0
0
0
0
0
0
0
0
0
0
0
0
0
0
160.858126443476
0
0
0
-292.439073021403
0
-1000
0
0
0
0.0119676817887371
0
0
0
0
0
0
0
0
0
0.0119676817887371
0
0
107.095848511287
0
0
0
0
0.0239353635774741
0
0
0
0.0119676817887371
0
4.48733841098076
0
0
0
0.747980111796067
0
0
0
0.0119676817887466
0
4.63448477268843
0
0.0119676817887371
0
0.0119676817887371
0
0.0119676817887371
0
0.0119676817887371
0
0.0119676817887371
0
0.0119676817887371
0
0.0119676817887371
0
0.0119676817887371
0
0.0119676817887371
0
0.0119676817887371
0
0.0119676817887371
0
0.0119676817887371
0
0.0119676817887371
0
0.0119676817887371
0
0.0119676817887371
0
0.0119676817887371
0
0.0119676817887371
0
0.251321317563478
0
0.0813241118696139
0
0.344070851426191
0
0.347062771873375
0
0.176523306383872
0
0.0119676817887371
0
0.0119676817887371
0
0.807314895976606
0
0.0119676817887371
0
0.0119676817887371
0
0.0119676817887371
0
0.0119676817887371
0
5.72952765635787
0
0.0867656929683438
0
0.643262896144618
0
3.24024984430056
0
0.180018851594202
0
0.0119676817887371
0
0.0119676817887371
0
0
0
0.0119676817887371
0
0.0119676817887371
0
0.0119676817887371
0
-1000
0
0
-1.44212408871113
0
0
0
0
0
0
-0.0133620459231452
-1000
0
0
1.22760838333971
-1000
1000
249.599451963358
0
-1.64680653323387
1000
-1000
-1000
0
0
1000
0
0
0
0
0
-6.80446588824839
1000
-13.426708757956
0
0
0
-1000
1000
-0.00445401530771505
0
0
-4.48316006005973
311.122627834555
-249.405492506896
0
0
0
-998.52788554155
1000
1000
-750.594507493104
-1000
-249.396584476281
0
1000
0
0
-1000
0
0
1000
1000
-1000
1000
0
1000
0
0
-965.779157445325
1000
1000
1000
0
0
0
0
0
-509.979659705458
0
0
0
0
0
0
0
0
0
0
0
1000
0
0
0
0
0
0
0
0
0
0
1000
0
0
0
0
0
0
1000
0
0
-1000
1000
1000
-1000
1000
-1000
-1000
-1000
-1000
1000
-1000
-1000
1000
569.630531597183
-974.088260298258
-1000
-1000
-1000
-192.082128862882
1000
1000
-1000
1000
-855.81268311088
-1000
1000
1000
1000
1000
-1000
-1000
1000
-1000
-1000
-1000
-1000
-1000
-1000
-927.019966586586
-1000
-1000
1000
-1000
-1000
-1000
-1000
-1000
-1000
-1000
784.616933451116
-1000
-894.280151487917
-1000
1000
-1000
-1000
-1000
-1000
-1000
-1000
12.940469070888
-1000
-1000
-1000
-1000
-1000
-1000
-1000
-1000
-1000
-1000
-1000
-1000
1000
1000
-1000
-331.491376656141
-1000
-484.542111878974
-1000
-1000
-1000
1000
-1000
-681.212244233589
697.633580059916
-1000
1000
-1000
1000
1000
1000
-1000
-1000
1000
1000
1000
1000
-1000
-1000
1000
-1000
750.476916004712
-1000
1000
1000
-1000
-1000
1000
1000
1000
-819.153615592472
1000
-1000
1000
1000
-1000
-1000
-1000
-958.561692037439
-1000
-1000
1000
915.865474401407
13.217387252079
0
-1000
-1000
0
0
0
0
0
0
0
0
0
0
0
0
0
0
0
0
0
0
0
0
0
0
0
0
0
0
0
0
0
0
0
0
0
0
0
0
0
0
0
0
0
0
0
0
0
0
0
0
0
0
0
0
0
0
0
0
0
0
0
0
0
0
0
0
0
0
0
0
0
0
0
0
0
0
0
0
0
0
0
0
0
0
0
0
0
0
0
0
0
0
0
0
0
0
0
0
0
0
0
0
0
0
0
0
0
0
0
0
0
0
0
0
0
0
0
0
0
0
0
0
0
0
0
0
0
0
0
0
0
0
0
0
0
0
0
0
0
0
0
0
0
0
0
0
0
0
0
0
0
0
0
0
0
0
0
0
0
0
0
0
0
0
0
0
0
0
0
0
0
0
0
0
0
0
0
0
0
0
0
0
0
0
0
0
0
0
0
0
0
0
0
0
0
0
0
0
0
927.019966586586
0
0
0
0
0
0
0
0
0
0
0
0
0
0
0
0
0
0
0
0
0
0
0
0
0
0
0
0
0
0
0
0
0
0
0
0
0
0
0
0
0
0
0
0
0
0
0
0
0
0
0
0
0
0
0
0
0
0
0
0
0
0
0
0
0
0
0
0
0
545.855399015373
0
0
0
0
0
0
0
0
0
0
0
0
0
0
0
0
0
0
0
0
0
0
0
0
0
0
0
0
0
0
0
0
0
0
0
0
0
0
0
0
0
0
0
0
0
0
0
0
0
0
0
0
0
0
0
0
0
1000
1000
-1000
1000
1000
1000
-1000
480.722346428856
-1000
-141.974388975068
1000
-1000
1000
1000
1000
-1000
-1000
-1000
519.277653571144
-1000
1000
1000
-1000
866.979341708077
-1000
-1000
-1000
-1000
1000
-1000
-1000
-1000
-1000
-1000
-1000
1000
0
-1000
-1000
-839.141873556524
-1000
1000
-1000
-1000
-1000
1000
-1000
1000
-1000
-728.046576314221
-1000
-1000
0
-1000
-1000
0
0
0
0
0
0
0
0
0
0
0
0
0
0
0
0
-1000
-750.594507493104
0
0
0
0
0
0
0
1000
0
0
0
0
0
0
0
0
0
-0.00445401530771505
0.00445401530772004
0
0
-0.00445401530771505
-0.00445401530771505
0
0
0
0
0
0
0
0
0
0
0
0
0
0
0
0
0
0
0
0
0
337.312939221485
0
0
0
0
0
0.00445401530772004
0
0
-1000
0
1000
-1000
-1000
0
0
0
0
-0.00445401530771505
0.452157863171124
0
0
0
0
249.39658447628
0
0
0
0
0
0
0
0
0
0
0
0
710.780769943747
0
0
0
0.00445401530772004
0
0
0
888.894279735288
801.998954216936
0
0
0
0
0
0
-1000
0
1000
0
0
0
0
0
0
0
0
0
0
0
0
0
0
0
0
0
0
0
0
0
0
0
0
0
0
0
0
0
0
0
289.219230056253
0
0
0
0.00445401530772004
0
0
0
0
1000
0
-793.078318860938
0
0
2.4083355659432
0
0
0
0
0.00666165767763344
1000
0
-370.010075386034
0
0
0
0
0
0
0
0
0
0
0
0.00445401530771505
1000
525.798148518557
0
-795.48665442688
998.402800869143
0
0
984.546819937428
-0.488694774732835
1000
0
0
0
0
0
0.00445401530771505
0
0
1000
0
1000
0
0
370.010075386034
0
0
0
0
0
-1000
0
-983.881266327807
1000
0
0
0
0
0
0
0
0
0
0
1000
-1000
1000
0
0
0
0
0
0
370.010075386034
0
0
0
0
0
1000
0
997.111877689939
0
0
0
0
0
0
0
0
0
0
1.2041677829716
0
0.00445401530772004
-0.00445401530771505
0.00445401530772004
0.00445401530772004
0
0
0.00445401530771505
1000
0
0
1.20416778297158
0
0
-0.0133620459231452
-1000
-1000
-1000
-997.111877689939
-2.88812231006057
1000
0
0
1000
-1000
-1000
-1000
0
0
0
0
0
0
0
0
0
0
0
0
0
0
0
0
0
0
0
0
0
0
0
0
1000
0
0
0
0
0
0
0.00222055255921115
0
0
0
0
0
0
0
0
0.00445401530772004
0
0
0
0
0
0
0
0
0
0
0
0
0
0
0
0
0
0
0
0
0
0
0
0
1000
0
0
0
0
0
0
0
0
0
0
0
0
0
0
0
0
0
0
0
0
0
0
0
0
0
0
0
0
0
0
0
2.87251711874694
0
0
0
0
0
0
0
0
0
0
0
0
0
0
0
0
0
0
0
0
0
0
0
0
0
0
0
0
0
0
0
0
0
0
0
0
0
0
0
0
0
0
0
0
0
0
0
0
0
0
0
0
0
0
0
0
0
0
0
0
0
0
0
0
0
0
0
0
0
0
0
0
0
0
0
0
0
0
0
0
0
0
0
0
0
0
0
0
0
0
0
0
0
0
0
0
0
0
0
0
0
0
0
0
0
0
0
0
0
0
0
0
0
-999.970009630261
0
0.00222055255926534
0
0.0244389883406484
0
0
-0.0299903697386981
0
1000
0
0
0
0
0.00555138139804967
0
0
0
0
0
0
0
0
0
0
0
0
0
0
0
0
0
0
0
0
0.00445401530772004
0.00445401530772004
0.00445401530772004
-1000
-1000
0
-1000
1000
0
0
0
0
0
0
-1000
0
0
0
0
0
0
0
0
0
0
0
-1000
0
1000
0
-1000
-1000
-4.62251709089969
0
-1000
-1000
0
0
0
0
0
0
0
0
0
-370.010075386034
-1000
0
1000
0.487854536579403
0.00445401530772004
0.00445401530772004
0.00445401530772004
0.00445401530772004
0.00445401530772004
0
0
0
1000
0.655230577933355
0
0
0
0
0
0
0
0
0
0
0
0
0
0
-1000
0
0
0
0
0
0
0
1000
-999.988032318211
0
1000
0
0
-999.988032318211
0
0
0
0
0
0
0
0
0
0
0
0
0
0
0
0
0
0
0
0
0
0
0
0
0
0
0
0
0
0
0
0
0
0
0
0
0
0
0
0
0
0
0
0
0
0
0
0
327.011170223689
0
0
0
0
0
0
0
0
0
-1000
0
0
0
0
0
0
0
208.768922743077
1000
-1000
-1000
-1000
-1000
1000
0
0.0122259492649591
0
0
0
0
356.227019583082
-1000
-1000
0
249.39658447628
0
0
0
999.973275908154
4.9900894013265
0
0
0
0
0.716313246392196
0.716313246392196
0
0
-999.967789077702
0
0
0
0
0
0
0
0
1000
0
0
0
0
0
0
0
1000
0.00445401530772004
0
0
0
0
0
0
0
0
0
1000
0
0
1000
0
0
0
1000
0
0
0
-707.115130831966
0
-1000
0
0
0
-1000
-1000
0
0
0
0
0
0
0
292.439073021404
-1000
1000
-1000
1000
0
0
-750
0
0
0
0
-37.8831495228087
-1000
0
0
0
-962.106447016316
0
0
0
0
0.00652610069000718
0
0
0
0
0
0
0
0
997.111877689939
0
997.111877689939
0
0
0
0
0
0
0
0
0
0
-1000
1000
0
-1000
1000
-1000
-983.881266327807
1000
0
0
0
0
0
0
0
0
-1000
0
0
924.025555981064
0.00222055255921115
0.00222055255921115
0
-1000
-354.416267030476
0
206.894957047216
0
0
0
0
0
0
0
0
0
0
0
0
0
0
0
0
0
0
0
0
0
0
0
0
0
-0.0244389883406484
0
0
0
0
0
0
0
0
0
0
0
0
0
0
0
0
0
0
0
0
0
0
0
0
0
0
0
0
0
0
0
0
0
0
0
0
354.416267030476
0
0
0
0
0
0
0
0
0
-1000
0
-1000
0
0
0
0
0
0
-1000
0
0
0
0
-1000
0
0
0
0
0
0
-1000
0
0
0
0
0
0
0
0
0
0
0
0
0
1000
0
0
0
-1000
0
0
0
0
0
0
0
0
0
0
0
0
0
0
0
0
292.439073021403
0
0
0
0
0
0
0
0
0
0
0
0
0
0
0
0
0
0
0
0
0
292.439073021403
0
0
0
0
0
0
0
0
0
0
0
0
292.451040703192
0
0
0
0
0
0
0
0
0
0
0
0
0
0
0
0
0
0
0
0
0
0
0
0
0
0
0
0
0
0
0
0
0
0
0
0
0
0
0
0
0
0
0
0
0
0
0
0
0
0
0
0
0
0
0
0
0
0
0
0
0
0
0
0
0
0
0
0
0
0
0
0
0
0
0
0
0
0
0
0
0
0
0
0
0
0
0
0
0
0
0
0
0
0
0
0
0
0
0
0
0
0
0
0
0
0
0
0
0
0
0
0
0
0
0
0
0
0
0
0
0
0
0
0
0
0
0
-1000
0
0
0
0
0
0
0
0
0
0
0
0
0
0
0
0
0
0
0
0
0
0
0
0
0
206.085118122421
0
0
39.4149836354627
0
-347.890887638605
1000
-651.906244874317
0
-1000
0
-1000
-1000
0
0
0
0
605.276526972275
0.0267240918463202
0
0
0
376.257101369683
0
0
0
0
0
0
0
0
0
0
0
0
0
0
0
0
0
0
0
0
0
0
0
0
0
0
0
0
0
0
0
0
0
0
0
0
0
0
0
0
0
0
0
0
0
0
0
0
0
0
0
0
0
0
0
0
0
0
0
0
0
0
0
0
0
0
0
0
0
0
0
0
0
0
0
0
0
0
0
0
0
0
0
0
0
0
0
0
0
0
0
0
0
0
0
0
0
0
0
0
0
0
0
0
0
0
0
0
0
0
0
0
0
0
0
0
0
0
0
0
0
0
0
0
0
0
0
0
0
0
0
0
0
0
0
0
0
0
0
0
0
0
0
0
0
0
0
0
0
0
0
0
0
0
0
0
0
0
0
0
0
0
0
0
0
0
0
0
0
0
0
0
0
0
0
0
0
0
0
0
0
0
0
0
0
0
0
0
0
0
0
0
0
0
0
0
0
0
0
0
0
0
0
0
0
0
0
0
0
0
0
0
0
0
0
0
0
0
0
0
0
0
0
0
0
0
0
0
0
0
0
0
0
0
0
0
0
0
0
0
0
0
0
0
0
0
0
0
0
0
0
0
0
0
0
0
0
0
0
0
0
0
0
0
0
0
0
0
0
0
0
0
0
0
0
0
0
0
1000
0
0
0
0
0
0
0
0
0
206.894957047216
0
0
0
0
0
0
0
0
0
0
0
-1000
0
0
0
0
0.00445401530771505
-131.13344574453
0
0
0
0
0
0
0
0
0
0
0
0
0
0
0
0
0
0
0
0
0
0
0
0
0
0
0
0
0
0
0
0
0
0
0
0
0
0
0
0
0
0
0
0
0
0
0
0
0
0
0
0
0
0
0
0
0
0
0
0
0
0
0
0
0
0
0
0
0
0
0
0
0
0
0
0
0
0
0
0
0
0
0
0
0
0
0
0
0
0
0
0
0
0
0
0
0
0
0
0
0
0
0
0
0
0
0
0
0
0
0
0
0
0
0
0
0
0
0
0
0
0
0
0
0
0
0
0
0
0
0
0
0
0
0
0
0
0
0
0
0
0
0
0
0
0
0
0
0
0
0
0
0
0
0
0
0
1000
0
0
338.747957453788
361.857293911141
0
0
0
0
0
0
0
1000
0.00445401530771505
0
0
-1000
783.563760666048
0
0
0
0
0
0
271.891157842796
0
0
0
0
0
0
0
0
0
1000
0
-1000
0
0
1000
0
0
0
0
0
0
0
0
0
0
0
0
0
0
0
0
0
0
0
0
0
0
0
0
0
0
0
0
0
0
0
0
0
0
0
0
0
0
0
0
0
0
0
0
0
0
0
0
0
0
0
0
0
0
0
0
0
0
0
0
0
0
0
0
0
0
0
0
0
0
0
0
0
0
0
0
0
0
0
0
0
0
0
0
0
0
0
0
0
0
0
0
0
0
0
0
0
0
0
0
0
0
0
0
0
0
0
0
0
0
0
0
0
0
0
0
0
0
0
0
0
0
0
0
0
0
0
0
0
0
0
0
0
0
0
0
0
0
0
0
0
0
0
0
0
0
0
0
0
0
0
0
0
0
0
0
0
0
0
0
0
0
0
0
0
0
0
0
0
0
999.993338342323
500
107.584910814494
0
0
-1.20416778297158
0
0
574.23446147236
23.797782272166
52.0173043788077
0.129101892977392
107.584910814494
0
0
0
0
0
0
0
0
0
0
0
0
0
0
0
0
0
0
0
0
0
0
0
0
0
846.967417200473
-1000
0
-1000
0
0
629.989924613966
0
0
0
-1000
0
0
0
0
-29.9192044718427
0
0
0
0
271.932315526277
0.00445401530771505
0
0.0144465018241702
0
0
0
0
0
0
0
0
0
0
0
0
0
0
0
0
0
0
292.439073021404
0
1000
0
0
1000
-5.72952765635785
-0.251321317563452
-13.217387252079
-25.9117397017421
-52.8433359447959
-41.4383079625611
-12.940469070888
-153.050735222833
-32.7398150986689
-5.67951502680785
-38.7591908587399
-1000
-1000
0
0
0
0
-1000
-47.8948119737624
-21.5962130704681
-1000
-16.4213358263266
391.754107811345
-29.4788303839531
1000
340.354794989854
-678.897084939032
0
0
-1000
0
0
1000
0
0
643.772980416918
-1000
0
0
0
-13.426708757956
0.452157863171124
0
1000
629.989924613966
0
0
0
0
0
0
0
0
0
0
-0.00445401530771505
-0.00445401530771505
0
0
0
0
0
0
0
0
0
0
0
337.312939221485
-337.312939221485
0
0
0
0
1000
0
-208.768922743077
0
0
0
1000
249.39658447628
-0.00445401530771505
-0.00445401530771505
-1.22760838333966
361.866201941756
0
0
-0.00445401530771505
0
-0.00445401530771505
0
0
0
-0.00445401530771505
0
0
0
-0.00445401530771505
0
0
0
0
0
0
0
0
0
0
0
338.747957453788
0
0
0
0
0
999.986637954077
0
0
0
0
0
0
0
0
0
0
0
-133.020658291923
0
1000
0
0
-0.00445401530771505
0
0
0
0
-404.457728701075
0
0
0
0
0
0
0
0
0
801.998954216936
-4.48316006005973
0
-750.594507493104
-1000
0
0
0
0
0
-249.405492506896
0
0
0
3.03120055880197
0
0
0
0
0
0
-1000
0
0
0
0
1000
1000
249.599451963358
0
0
-1.64680653323387
750.603415523719
0
0
0
0
0
0
0
0
0
-1000
-1000
0
0
0
0
0
-271.953423685779
0
0
0
0
-1000
-1000
1000
0
0
0
0
0
1000
-1000
-750.594507493104
-6.80446588824839
0
0
0
0
0
0
0
0
0
0
0
1000
0
-0.180018851594241
-0.0119676817887466
-3.24024984430059
-509.979659705458
-0.176523306383842
-0.80731489597656
0
-0.64326289614462
-0.344070851426181
-0.0119676817887466
0
0
107.095848511287
0
-0.0119676817887466
-1000
-0.0239353635774933
-0.0119676817887466
-0.0119676817887466
-0.0867656929683562
0
-0.0119676817887466
-4.48733841098078
0
0
-4.99008940132649
0
0
0
-0.0119676817887466
-0.0813241118696624
0
-0.0119676817887466
-0.0119676817887466
-0.0119676817887466
-0.0119676817887466
-0.347062771873425
0
-0.747980111796096
0
0
0
-1000
1000
0
0
-1000
1000
-0.00445401530771505
0
750
-750
0
0
0
-1000
0
0
0
0
0
0
0
0
0
0
0
0
0
0
0
0
-1.47211445844982
0
0
-924.025555981064
924.025555981064
1000
-1000
-1000
0
-1000
1000
-1000
0
0
0
-0.0119676817887466
-0.0119676817887466
0
0
0
0
1000
-652.109112361395
651.906244874317
605.276526972275
0.0267240918462903
0
0
0
376.257101369683
0
-1000
-1000
0
0
0
0
0
0
0
0
0
0
0
0
0
0
0
0
0
0
0
0
0
0
0
0
0
0
0
0
0
0
0
0
0
0
0
0
0
0
0
0
0
0
0
0
0
0
0
0
0
0
0
0
0
0
0
0
0
0
0
0
0
0
0
0
0
0
0
0
0
0
0
-0.0119676817887466
0
0
0
0
1000
0
0
0
0
0
0
0
0
0
0
0
0
0
0
0
0
0
0
0
0
0
0
0
0
0
0
0
0
0
0
0
0
0
0
0
0
0
0
0
0
0
0
0
0
0
0
0
0
0
0
0
0
0
0
0
0
0
0
0
0
0
0
0
0
0
0
0
0
0
0
0
0
0
0
0
0
0
0
0
0
0
0
0
0
0
0
0
0
0
0
0
0
0
0
0
0
0
0
0
0
0
0
0
0
0
0
0
0
0
0
0
0
0
0
0
0
0
0
0
0
0
0
0
0
0
0
0
0
0
0
0
0
0
0
0
0
0
0
0
0
0
0
0
0
0
0
0
0
0
0
0
0
0
0
0
0
0
0
0
0
0
0
0
0
0
0
0
0
0
0
0
0
0
0
0
0
0
0
0
0
0
0
0
0
0
0
0
0
0
0
0
0
0
0
0
0
0
0
0
0
0
0
0
0
0
0
0
0
0
0
0
0
0
0
0
0
0
0
0
0
0
0
0
0
0
0
0
0
0
0
0
0
0
0
0
0
0
0
0
0
0
0
0
0
0
0
0
0
0
0
0
0
-338.747957453788
0
1000
0
-998.52788554155
0
131.13344574453
0
0
0
0
0
0
0
0
0
0
0
0
0
0
0
0
0
0
271.891157842796
0
0
0
0
0
1000
0
-783.563760666048
0
-361.857293911141
-0.00445401530771505
0
0
0
0
0
0
0
0
998.557875911289
0
0
0
0
0
-1000
0
0
0
0
0
0
0
0
0
0
0
0
0
0
0
0
0
0
0
0
0
0
0
0
0
0
0
0
0
0
0
0
0
0
0
0
0
0
0
0
0
0
0
0
0
0
0
0
0
0
0
0
0
0
0
0
0
0
0
0
0
0
0
0
0
0
0
0
0
0
0
0
-0.0119676817887466
-0.0119676817887466
-0.0119676817887466
0
-0.0119676817887466
-4.63448477268844
0
-0.0119676817887466
-0.0119676817887466
-0.0119676817887466
-0.0119676817887466
0
-0.0119676817887466
-0.0119676817887466
-0.0119676817887466
-0.0119676817887466
-0.0119676817887466
-0.0119676817887466
-0.0119676817887466
0
-0.0119676817887466
-0.0119676817887466
-0.0119676817887466
0
-1000
107.584910814494
0
0
0
0
0
0
0
0
0
0
0
0
0
