0
0
0
0
0
0
0
0
-1000
0
0
0
0
568.26914879309
1000
0
999.697375983166
-999.697375983166
999.930545307612
0
0.069454692388039
0
-1000
0.436572352153348
0
845.507930044077
428.821262908396
0
-45.6481935623058
0.0561588746311442
0
0
0
0
0
0.0382498452185156
0
3.46471324760019
3.46471324760019
41.6789718540722
3.46471324760019
3.46471324760019
3.46471324760019
3.46471324760019
3.46471324760019
0
0
0
0
0
0
0
0
0
0
0
0
0
0
0
0
0
0
0
0
0
0
0
80.2953260383076
0
0
0
0
1000
1000
0
0
0
0
80.2953260383077
0
-1000
0
0
0
0
0
0
0
0
0
0
0
0
0
0
0
0
0
1000
0
0
0
0
0
0
0
0
1000
0
0
0
0
0
0
0
0
0
0
0
0
0
0
0
0
0
0
0
0
0
0
0
0
1000
0
0
1000
0
0
0
0
0
0
1000
0
0
0
-15.8221011120406
0
0
0
0
-126.459173025174
0
0
0
-419.782361996405
0
0
860.06593126859
1000
1000
139.924146632497
0
419.782361996405
0
-1000
139.924146632497
708.193295425587
1000
-431.73085120691
0
419.782361996405
1000
0
0
0
0
0
1000
762.57338597842
0
0
0
0
0
-4.67255442622081
0
0
0
0
0
0
0
4.87099640447229
-1000
0
0
0
0
0
0
0
0
135.565019201127
135.565019201127
827.417602893102
0
972.424751011157
0
-140.242534676804
0
1000
864.628461727668
0
0
0
0
0
0
0
0
0
0.547921491139206
864.434980798873
0
0
-1000
315.021735193223
0
0
0.547921491139206
0.557843590051783
0
0
339.78829860175
0
-27.5752489888431
0
0
0
-1000
0
0
0
0
0
0
0
0
0
0
0
0
-1000
0
-1000
1000
-1000
-1000
1000
-1000
0
-1000
1000
-1.14845165398947
1000
0
0
-0.821882236708802
990.514653001862
0
-1000
655.915798876164
0
0
1000
0
0.213325126620406
0
-0.213325126620362
0
0.00211780890957176
0
0
0
0
3.12727524958962
0
0
0
171.731851598926
0
0
0
0
0
0
0
338.966416365041
661.033583634959
0
1000
0
0
0
1000
0
-0.213325126620362
0
-10.3072292348464
0
0
339.78829860175
0
0
0
9.48534699813763
0
0
0
-1000
0
0
0
752.673661003464
339.78829860175
0
240.319116748327
-1.14845165398947
0
10.6604026004835
0
0
0
0
0
0
0
0
0
0
0
338.966416365041
0
0
0
2.73960745569603
11.5330291393346
0
0
0
0
0
0
0
0
0
-879.222869522949
-1000
-999.995038950544
7.01714434712233
1000
1000
-1000
-866.218727493669
-1000
859.199465337637
1000
-1000
-1000
-1000
1000
0
0
0
0
0
0
-1000
0
-1000
0
-990.514653001862
0
1000
0
0
-1000
1000
0
0
0
0
0
0
1.14845165398944
-1000
-1000
1000
1000
1000
-1000
-1000
1000
-1000
-1000
1000
1000
0
0.00992209891262519
-1000
-1000
1000
1000
-1000
-1000
0
-1000
-1000
999.990077901087
1000
0
0
0
-1000
1000
685.805108092942
0
0
-836.85973181003
0
0
0
-31.1842590707975
1000
0
0
0
-34.9548054377568
0
0
0
0
0
968.815740929203
0
0
-968.819988859864
0
0
0
0
0
0
0
0
0.00424793066164103
0
1000
0
-1000
0
1000
0
0
0
0
0
0
0
0
0
0
0
0
0
0
0
0
0
0
0
0
0
0
0
0
0
0
0
0
0
0
0
0
0
0
0
0
0
0
0
0
0
0
0
1000
-0.00424793066167695
0.12402623640719
0.12402623640719
0
70.6418504884894
0
0
0
0
0
0
0
0
0
0
0
0
0
0
0
-796.0101458579
-1000
0
0
0
0
0
0
0
0
0
0
0
0
0
0
0
0
0
0
0
0
0
0
0
0
0
0
0
0
0
0
0
0
0.193480928795252
0
0
46.89121917064
1000
0
651.770044960075
0
651.770044960075
0
0
-1000
0
0
0
0
0
0
0
0
0
0
0
0
0
0
0
0
0
0
0
0
0
0
0
0
0
0
0
0
589.503398035418
0
0
0.193480928795252
0
0
0
0
0
0
0
0
0
125.576253976065
0
0
0
0
0
0
0
0
0
0
0
0
0
0
0
0
0
0
0
0
0
0
0
0
0
0
0
0
0
0
0
0
0
0
0
0
0
0
0
0
0
0
0
0
0
0
0
38.4291325181218
0
38.4291325181218
0
0
0
0
0
0
0
0
0
0
0
0
0
0
0
0
0
0
0
0
0
-1000
0
0.0049610494562885
0
0
0
0
0.897949951588219
0.897949951588219
0
0
0
0
0
0
0
0
0
0
0
0
0
0
0
0
0
0
0
0
0
0
0
0
0
0
0
-1000
0
0
0
0.00424793066167695
0
0
-1000
0
0
0
0
2.57974571727002
0
0
2.57974571727002
0
0
0
0
0
0
0
0
0
0
2.57974571727002
0
2.57974571727002
0
0
0
15.3893857577996
43.8679643843327
28.0404466476633
20.537436509519
30.4501725314469
10.0222690166453
23.4400608695311
42.8821674318758
39.4866445956353
12.4867613977876
24.2067918325531
49.8922790937916
39.3771116009178
12.1581624136353
20.154071028008
27.9309136529459
36.2006547541122
29.3000760869138
5.36711674115431
36.5292537382645
0
0
0
0
0
0
0
0
0
0
0
0
0
0
0
0
0
0
0
0
0
0
0
0
0
0
0
0
0
0
0
0
0
0
0
0
0
0
0
0
0
0
0
0
0
0
0
0
0
0
0
0
0
0
0
0
0
0
0
0
0
0
0
0
0
0
0
0
0
0
0
0
0
0
0
0
0
0
0
0
0
0
0
0
0
0
0
0
0
0
0
0
0
0
0
-1000
0
0
0
0
0
0
0
-1000
-1000
760.335988248981
0
0
0
0
0
0
-34.9548054377568
-760.514586029407
-760.514586029407
-1000
0
-203.9898541421
796.0101458579
199.259702305551
596.611534167573
1000
760.345910347894
1000
0
0
1000
0
-1000
-1000
-1000
0
0
0
796.0101458579
796.0101458579
203.9898541421
1000
1000
1000
0
0
0
29.190630308164
0
0
0
0
-1000
229.093966608093
1000
1000
0
500
750.001761249512
2.5148616008945
5
0
0
0
0
0
0
440.107776466491
0
0
0
0
-0.00162720287937645
0
0
0
0
-0.00162720287937645
0
226.719484183818
0
-0.00325440575875291
0
-0.00162720287937645
0
0
-0.101700179962677
0
-1000
-0.631761517927998
0
-0.00162720287937645
-0.00162720287937645
0.00162720287937645
-0.00162720287937645
0.00162720287937645
-0.00162720287937645
-0.00162720287937645
-0.00162720287937645
-0.00162720287937645
-0.00162720287937645
-0.00162720287937645
-0.00162720287937645
-0.00162720287937645
-0.00162720287937645
-0.00162720287937645
-0.00162720287937645
-0.034171260467474
-0.0215609364117881
-0.0467820827827836
-0.047188883502713
-0.0240012424711722
0.00162720287937645
0.00162720287937645
-0.0760043185159702
0.00162720287937645
0.00162720287937645
0.00162720287937645
0.00162720287937645
-0.779023378513898
-0.0117972208756782
-0.528027334366016
0
-0.0427814916804437
0.00162720287937645
0.00162720287937645
0.0154584273543605
0.00162720287937645
0.00162720287937645
-0.00162720287937645
0
0
0
0
0
0
0
0
0
0
0
0
0
0
0
0
0
0
0
0
0
0
0
0
0
0
0
0
0
0
0
0
0
0
0
0
0.0113909184154863
0
0
0
0
0
0
0
0
0
0
0
0
0
0
0
0
0
0
0
0
0
0
0
0
0
0
0
0
0
0
0
0
0
0
0
0
0
0
0
0
0
0
0
0
0
0
0
0
0
0
0
0
0
0
0
0
0
0
0
0
0
0
0
0
0
0
0
0
0
0
0
0
0
0
0
0
0
0
0
0
0
0
0
0
0
0
0
0
0
0
0
0
0
0
0
0
0
0
0
0
0
0
0
0
0
0
0
0
0
0
0
0
0.599623762800054
0
0
0
0
0
0
0
0
0
0
0
0
0
0
0
0
0
0
0
0
0
0
0
0
0
0
0
0
0.0016272028794023
203.995729275641
0.0016272028794023
0
557.418430952145
0
0
0
0
0.0016272028794023
0.0016272028794023
0
0.0016272028794023
0
0
0
0
0
0
0
0
0
0
0
0
0
0
0
0
0
0
0
0
0
0
0
0
0
0
0
0
0
0
0
0
0
0
0
0
0
0
0
0
0
0
0
0
0
0
0
0
0
0
0
0
0
0
0
0
0
0
0
0
0
0
0
0
0
0
0
0
0
0
0
0
0
0
0
0
0
0
0
0
0
0
0
0
0
0
0
0
0
0
0
0.440565179598173
0
0
0
0
0
0
0
0
0
0
0
0
0
0
0
0
0
0
0
0
0
0
0
0
0
0
0
0
0
0
0
0
0
0
0
0
0
0
0
0
0
0
0
0
0
0
0
0
0
0
0
0
0
0
0
0
0
0
0
0
0
0
0
0
0
0
0
0
0
0
0
0
0
0
0
0
0
0
0
0
0
0
0
0
0
0
0
0
0
0
0
0
0
0
0
0
0
0
0
0
0
-1000
0
0
0
0
0
0
0
0
0
0
0
0
0
0
0
0
0
0
0
0
0
0
0
0
0
0
0
0
0
0
0
0
0
0
0
0
0
0
0
0
0
0
0
0
-0.0137780707547108
0
0
0.0137780707547108
0
0
0
0
0
0
0
0
0
0
0
0
0
0
0
0
0
0
0
0
0
0
0
0
0
0
0
0
0
0
0
0
0
0
0
0
0
0
0
0
0
0
0
0
0
0
0
0
0
0
0
1000
1000
0
0
0
0
0
0
0
0
0
0
0
0
0
0
0
0
0
0
0
0
0
-1000
0
-1000
0
0
0
0
0
0
0
0
0
0
0
1000
1000
0
0
0
0
0
0
0
0
0
0
0
0
0
0
0
0
0
0
0
0
0
0
0
0
0
0
0
0
0
0
0
0
0
0
0
0
0
0
0
0
0
0
0
0
0
0
0
0
0
0
0
0
0
0
0
0
0
0
0
0
0
0
0
0
0
0
0
0
0
0
0
0
0
0
0
0
0
0
0
0
0
0
0
0
0
-996.532289020337
50.0559711523044
0
0
0.00162720287937645
0
1000
0
203.994102072762
0
0
559.831610226252
557.416803749266
226.719484183818
0
0
0
0.0113909184154863
0.630134315048508
0
-999.369865684951
999.998372797121
0
0
0
0
0
0
0
0
0
0
0
0
0
-1000
0.0113909184154863
0
0
0
-0.0370862816024555
0
0
0
0
0
0
0
0.0370862816024555
0
0
0
0
0
440.107776466491
1000
-996.532289020337
-440.107776466491
-440.107776466491
0
-1000
-999.97451241603
-0.0254875839698343
0
0
0.00162720287937645
-0.00162720287937645
0
0
204.05308817714
-204.05308817714
-780.846072090557
0
-203.994102072762
-203.994102072762
0
0
-1000
0
-440.168389773748
-559.831610226252
-1000
0
-773.280515816182
-226.719484183818
-1000
0
0
0
0
0
-1000
0
1000
0
0
0
-999.369865684951
999.369865684951
-1000
0
0
0
-1000
0
0
0
1000
0
0
0
0
0
0
0
0
0
0
0
0
0
0
0
0
0
0
0
-1000
1000
-1000
0
-1000
0
-1000
0
-1000
0
0
0
0
0
0
0
0
0
1000
0
1000
0
1000
0
-1000
0
-1000
0
-1000
0
0
0
0
0
0
0
0
0
1000
0
0
0
0
0
0
0
0
0
0
0
0
0
0
0
0
0
0
0
0
0
0
0
0
0
0
0
0
0
0
0
0
0
0
0
0.0113909184154863
-0.0113909184154863
0
0
0
0
0
0
0
0
0
0
0
0
0
0
0
0
0
0
0
0
0
0
0
0
0
0
0
0
0
0
0
0
0
0
0
0
0.0113909184154863
-0.0113909184154863
0
0
0
0
0
0
0.0370862816024555
0.0370862816024555
0
0
0
0
0
0
0
0
0
0
0
0
0
0
0
0
-0.0370862816024555
-0.0370862816024555
0
0
0
0
0
0
0
0
0
0
0
0
0
0
0
0
0
0
0
0
0
0
0
0
0
0
0
0
0
0
0
0
0
0
0
0
0
0
0
0
0
0
0
0
1.3913060551295
0.00424793066164103
0
0
0
0
0
0
0
0
0.175055786067936
0
0
0
0
0
0
0
0
0
0
0
0
0
0
0
0
0
0
0
0
0
0
0
0
0
0
0
0
0
0
0
0
0
0
0
0
0
0
0
0
0
0
0
0
0
0
0
0
0
0
0
0
0
0
0
0
0
0
0
0
0
0
0
0
0
0
0
0
0
0
0
0
0
0
0
0
0
0
0
0
0
0
0
0
0
0
0
0
0
0
0
0
0
0
0
0
0
0
0
0
0
0
0
0
0
0
440.168389773748
440.168389773748
440.168389773748
0
236.115301596608
236.115301596608
236.115301596608
0
440.107776466491
440.107776466491
440.107776466491
0
0
0
0
0
0
0
0
0
0
0
0
0
0
0
0
0
0
0
0
0
0
0
0
0
0
0
0
0
0
0
0
0
0
0
0
0
0
0
0
0
0
0
0
0
0
0
0
0
0
0
0
0
0
0
0
0
0
0
0
0
0
0
0
0
0
0
0
0
0
0
0
0
0
0
0
0
0
0
0
0
0
0
0
0
203.994102072762
203.994102072762
203.994102072762
203.994102072762
-203.994102072762
0
0
0
0
0
0
0
0
0
0
0
0
0
0
0
0
0
0
0
0
0
0
0
0
0
0
0
0
0
0
0
0
0
0
0
0
0
0
0
0
0
0
0
0
0
0
0
0
0
0
0
0
0
0
0
0
0
0
0
0
0
0
0
0
0
0
0
0
0
0
0
0
0
0
0
0
0
0
0
0
0
0
0.00424793066164103
0.00424793066164103
0.00424793066164103
0.00424793066164103
0.00424793066164103
0
0
0
0
0
0
0
0
0
0
0
0
0
0
0
0
0
0
0
0
0
0
0
0
0
0
0
0
0
0
0
0
0
0
0
0
0
0
0
0
0
0
0
0
0
0
0
0
0
0
15.8221011120406
15.8221011120406
-15.8221011120406
5.26412186580305
-2.62993696757076
2.62993696757071
2.62993696757071
2.62993696757071
2.62993696757071
2.62993696757071
2.62993696757071
2.62993696757071
2.62993696757071
2.62993696757071
2.62993696757071
0
2.62993696757071
2.62993696757076
2.62993696757071
2.62993696757071
2.62993696757071
2.62993696757071
2.62993696757071
2.62993696757071
0
0
0
2.62993696757071
0
2.62993696757071
2.62146573193242
0
0
0
0
0
0
0
0
0
0
0
0
0
0
0
0
15.8221011120406
15.8221011120406
5.26412186580305
5.26412186580305
0
0
0
0
0
0
0
0
0
0
0
0
0
0
0
0
0
0
0
0
0
0
0
0
0
0
0
0
0
0
0
0
0
0
0
0
0
0
0
0
0
0
0
0
0
0
0
0
0
0
0
0
0
0
0
0
0
0
0
0
0
0
0
0
0
0
0
0
0
0
0
0
0
0
0
0
0
0
0
0
0
0
0
0
0
0
0
0
0
0
0
0
0
0
0
0
0
0
0
0
0
0
0
0
0
0
0
0
0
0
0
0
0
0
0
0
0
0
0
0
0
0
0
0
0
0
0
0
0
0
0
0
0
0
0
0
0
0
0
0
0
0
0
0
0
0
0
0
0
0
0
0
0
0
0
0
0
0
0
0
0
0
0
0
0
0
0
0
0
0
0
0
0
0
0
0
0
0
0
0
0
0
0
0
0
0
0
0
0
0
0
0
1.3913060551295
1.420992318391
1.420992318391
0
0
0
0
-1.42099231839097
1.420992318391
0
0
0.0296862632614971
0
0
0
0
0
0
0
0
247.032420510044
0
0
0
0
0
0
0
0
0
0
0
0
0
0
0
0
0
0
0
0
0
0
0
0
0
0
0
0
0
0
0
0
0
0
0
0
0
0
0
0
0
0
0
0
0
0
0
0
0
0
0
0
0
0
0
0
0
0
0
0
0
0
0
0
0
0
0
0
0
0
0
0
0
0
0
0
0
0
0
0
0
0
0
0
0
0
0
0
0
0
0
0
0
0
0
0
0
0
0
0
0
0
0
0
0
0
0
0
0
0
0
0
0
0
0
0
1.3913060551295
0.00424793066164103
0
0
0
0
0
0
0
1.83162151140213
0
0
0
1.14845165398944
1.14845165398944
1.14845165398944
0
0
0
0
0
0
1.57060977185908
0
0
0
0.00424793066164103
0
0
0
0
-1.57060977185904
1.57060977185908
0
0
0
0
0
0
0
0
0
0
0.0254383325998562
0
0
0
0
0
0
0
0
0
0
0
0
12.8054629087123
12.8054629087123
12.8054629087123
0
0
0
0
-0.175055786067901
0
0
0
0
0
0
0
0
0
0
0
0
0
0
0
0
0
0
0
0
0
0
0
0
0
0
0
0
0
0
0
0
0
0
0
0
0
0
0
0
0
0
0
0
0
0
0
0
0
0
0
0
0
0
0
0
0
0
0
0
0
0
0
0
0
0
0
0
0
0
0
0
0
0
0
0
0
0
0
0
0
0
0
0
0
0
0
0
0
0
0
0
0
0
0
0
0
0
0
0
0
0
0
0
0
0
0
0
0
0
0
0
0
0
0
0
0
0
0
0
0
0
0
1000
0
0
1000
1000
0
0
0
0
0
0
0
0
0
0
0
0
0
0
0
0
0
0
0
0
0
0
0
0
0
0
0
0
0
0
0
0
0
0
0
0
0
0
0
0
0
0
0
0
0
0
0
0
0
0
0
0
0
0
0
0
0
0
0
0
0
0
0
0
0
0
0
0
0
0
0
0
0
0
0
0
0
0
0
0
0
0
0
0
0
0
0
0
0
0
0
0
0
0
0
0
0
0
0
0
0
0
0
0
0
0
0
0
0
0
0
0
0
0
0
0
0
0
0
0
0
0
0
0
0
0
0
0
0
0
0
0
0
0
0
0
0
0
0
0
0
0
0
0
0
0
0
0
0
0
0
0
0
0
0
0
0
0
0
0
0
0
0
0
0
0
0
0
0
0
0
0
0
0
0
0
0
0
0
0
0
0
0
0
0
0
0
0
0
0
0
0
0
0
0
0
0
0
0
0
0
0
0
0
0
0
0
0
0
0
0
0
0
0
0
0
0
0
0
0
0
0
0
0
0
0
0
0
0
0
0
0
0
0
0
0
0
0
0
0
0
0
0
0
0
0
0
0
0
0
0
0
0
0
0
0
0
0
0
0
0
0
0
0
0
0
0
0
0
0
0
0
0
0
0
0
0
0
0
0
507.451216518025
0
0
0
507.451216518025
0
0
0
0
0
0
0
0
0
0
0
0
0
0
0
0
0
0
0
0
0
0
0
0
0
0
0
0
0
1000
0
0
0
0
0
0
0
0
0
0
0
0
0
0
0
0
0
0
0
0
0
0
0
0
0
0
0
0
0
0
0
0
0
0
0
0
0
0
0
0
0
0
0
0
0
0
0
0
0
0
0
0
0
0
0
0
0
0
0
0
0
0
0
0
0
0
0
0
0
0
0
0
0
0
0
0
0
0
0
0.0890893576472536
0.193480928795252
0.193480928795252
0
0
0
0
0.193480928795225
0
0.193480928795252
0
0
0
0
0
0.029766296737731
0
0
0
0
0
0
0
0
0
0
0
0
0
0
1.17080767168411
0
0
1.17080767168411
1.17080767168411
0
1.17080767168411
1.17080767168411
0
0
1.17080767168409
0
0
1.17080767168411
0
0
0
0
0
0
0
0
0
0
0
0
0
0
0
0
0
0
0
0
0
0
0
0
0
0
0
0
0
0
0
0
0
379.82773468194
379.82773468194
0
0
0
0
0
0
0
0
0
0
0
0
0
0
0
0
0
0
0
0
0
0
0
0
0
0
0
0
0
0
0
0
0
0
0
0
0
0
0
0
0
0
0
0
0
0
0
0
1000
32.2169659010294
1000
0
0
0
-1000
-1000
1000
730.853551886739
0
0
0
1000
-307.571332700721
0
0
0
0
0
0
0
0
0
0
0
0
0
0
0
0
0
0
0
0
0
0
0
0
0
0
0
0
0
0
0
0
0
0
0
0
0
0
0
0
1000
0
0
0
0
0
0
0
0
0
0
0
0
0
0
0
0
0
-999.995752069338
-1000
1000
-1000
1000
999.995752069338
-1000
0
0
0
0
0
0
0.00424793066167695
0
0
0
0
0
0
0
0
0
0
0
0
0
0
0
0
0
0
0
0
0
0
0.0169547841190716
0.00424793066164103
0.0254383325998562
906.352845064108
0.00211780890957176
0.00211780890957176
0.00424793066167695
0
0.0148369752094998
0.00211780890957176
0.031804072171082
-0.00211780890958835
0.00211780890957176
0.00211780890957176
0.00211780890957176
0.00211780890957176
0.00211780890957176
-0.00211780890958835
-0.0042356178191767
0.00211780890957176
0.00211780890957176
0.00211780890958835
0.00211780890957176
-0.00636573957126529
-0.00636573957126529
0.00424793066167695
0.00424793066167695
0.00211780890957176
0.00211780890957176
0.00424793066164103
0.00424793066164103
-0.00424793066167695
-0.00424793066167695
0.00424793066167695
0.00424793066167695
0.00211780890957176
0.00211780890957176
0.00211780890957176
0.00211780890957176
0.0530314126367557
-0.00636573957126529
-906.323158800846
0
0
0
0
0
0
-953.10878082936
0
0
0
0.00424793066164103
0
0
0
0
0.00212396533082052
0.00424793066167695
0.00424793066167695
0
0
0.00424793066164103
0.00424793066164103
0
0
0
0
0
0
0.00847123563828705
0.00211780890957176
0.00635342672871529
0.00211780890957176
-0.00211780890958835
0.00211780890957176
0.00211780890957176
0.00211780890957176
0.00211780890957176
0.00211780890957176
0.00211780890957176
0.00423561781914352
0.00211780890957176
0.00211780890957176
0.00211780890957176
0.00211780890957176
0.00211780890957176
0
0.00211780890957176
0.00424793066164103
0.00424793066164103
0.00424793066164103
0.00424793066164103
0.00424793066164103
0.00424793066164103
0.00424793066164103
0.00424793066164103
0.00424793066164103
0.00424793066164103
0.00424793066164103
0.00424793066164103
0.00424793066164103
0.00424793066164103
0
0
0
0
0
0
0
0
0
0
0
0
-0.00424793066167695
0.00424793066164103
0.00424793066164103
0
0
0
0
0
0
0
0
0
0
0
0
0
0
0
0
0
0
0
0
0
0
0
0
0
0
0
0
0
0
0
0
0
0
0
0
0
0
0
0
0
0
0
0
0
0
0
0
0
0
0
0
0
0
0
0
0
0
0
0
0
1000
0
0
0
0
0
0
0.00424793066164103
0
0
0
0
0
0
0
0
0
0
0
0
0
0
0
0
0
0
0
0
0.261011739543055
-1000
0
0
0
-440.107776466491
0
0
0
0
0
0.0016272028794023
0
0
0
0
0
0
0
0
0
0.0016272028794023
0
0
0
0
0
0
0
0.0032544057588046
0
0
0
0.0016272028794023
0
0
0
0
0
0.101700179962644
0
0
0
0.601250965679469
0
0.631761517927943
0
0
0
0.0016272028794023
0
0.0016272028794023
0
0.0016272028794023
0
0.0016272028794023
0
0.0016272028794023
0
0.0016272028794023
0
0.0016272028794023
0
0.0016272028794023
0
0.0016272028794023
0
0.0016272028794023
0
0.0016272028794023
0
0.0016272028794023
0
0.0016272028794023
0
0.0016272028794023
0
0.0016272028794023
0
0.0016272028794023
0
0.0341712604674483
0
0.0215609364117735
0
0.0467820827828161
0
0.0471888835026667
0
0.0240012424711839
0
0.0016272028794023
0
0.0016272028794023
0
0.076004318515959
0
0.0016272028794023
0
0.0016272028794023
0
0.0016272028794023
0
0.0016272028794023
0
0.779023378513851
0
0.0117972208756667
0
0.528027334366046
0
0
0
0.0427814916804089
0
0.0016272028794023
0
0.0016272028794023
0
0.0154584273543218
0
0.0016272028794023
0
0.0016272028794023
0
0.0016272028794023
0
0
-1000
0
0
0.0296862632615102
0
0
0
0
0
0
-757.421118977913
-1000
-1000
1000
1.17080767168411
-1000
168.011264594443
1000
0
378.257124910081
661.033583634959
-1000
-1000
0
0
1000
0
0
0
0
0
-345.456043653184
1000
0
0
0
0
-661.033583634959
832.182216334353
-0.00424793066167695
0
0
0
-4.27572690357908
1000
338.966416365041
0
0
0
3.52087212223137
1000
1000
-1000
27.5752489888432
-999.806519071205
0
1000
80.2416710093964
0
-115.141494475051
0
0
1000
1000
-1000
1000
0
1000
0
0
-1000
382.034546348728
1000
1000
0
0
0
0
0
0
0
0
0
0
0
0
0
0
0
0
0
0
0
0
0
0
0
1000
0
0
0
0
1000
0
0
0
0
0
0
1000
0
0
-1000
-1000
-276.504752936612
-134.37533238476
1000
-1000
-1000
-1000
-1000
-1000
-1000
1000
1000
-1000
-1000
-47.6681282678497
-1000
-1000
-1000
1000
-1000
-1000
-1000
1000
1000
1000
1000
1000
1000
1000
952.33187173215
1000
-1000
-1000
-1000
-1000
-1000
-1000
-1000
-1000
-1000
1000
-1000
-1000
-1000
-1000
-1000
-1000
-1000
-1000
-1000
-1000
-1000
1000
-1000
-854.026583572569
-1000
-1000
-1000
48.8801172673368
-1000
-1000
-350.809583072774
-1000
-1000
1000
-1000
-1000
-1000
1000
-1000
-1000
-1000
-404.886393800069
1000
-1000
-1000
-1000
-1000
1000
-1000
-1000
1000
-1000
-12.1158318871991
912.635867771249
1000
1000
-1000
1000
1000
1000
1000
1000
1000
1000
1000
1000
-1000
-1000
-963.034173909582
1000
1000
-1000
-20.5969691029945
1000
-1000
1000
1000
1000
1000
1000
1000
-1000
1000
1000
-1000
-1000
-1000
-40.7206889742462
-1000
-1000
0
1000
12.6058265847385
-1000
-1000
-1000
0
0
0
0
0
0
0
0
0
0
0
0
0
0
0
0
0
0
0
0
0
0
0
0
0
0
0
0
0
0
0
0
0
0
0
0
0
0
0
0
0
0
0
0
0
386.167266444278
0
0
0
0
0
0
0
0
0
0
0
0
0
0
0
0
0
0
0
0
0
0
0
0
0
0
0
0
0
0
0
0
0
0
0
0
0
0
0
0
0
0
0
0
0
0
0
0
0
0
0
0
0
0
0
0
0
0
0
0
0
0
0
0
0
0
0
0
0
0
0
0
0
0
0
0
0
0
0
0
0
0
0
0
0
0
0
0
0
0
0
0
0
0
0
0
0
0
0
0
0
0
0
0
0
0
0
0
0
0
0
0
0
0
0
0
0
0
0
0
0
0
0
0
0
0
0
0
0
0
0
0
0
0
0
0
0
0
0
0
0
0
0
0
0
0
0
0
0
0
0
0
0
0
0
0
0
0
0
0
0
0
0
0
0
0
0
0
0
0
0
0
0
0
0
0
0
0
0
24.7128188770945
0
0
0
0
0
0
0
0
0
0
0
0
0
0
0
0
0
0
0
0
0
0
0
0
0
0
0
0
0
0
0
0
0
0
0
0
0
0
0
0
0
0
0
0
0
0
0
0
0
0
0
0
0
0
0
0
0
0
0
0
0
0
0
0
0
0
0
0
0
0
0
0
0
0
0
0
0
0
0
0
0
0
0
0
0
0
0
0
0
0
0
0
0
0
0
0
0
0
0
1000
1000
-1000
1000
1000
1000
0.0593848393655207
0
-1000
-1000
1000
-1000
1000
1000
1000
-1000
-1000
-1000
1000
-1000
1000
1000
-1000
1000
-1000
-1000
-1000
-1000
1000
-1000
-873.600211814191
-1000
0
-1000
1000
-1000
1000
-1000
-1000
-1000
-1000
1000
-1000
-1000
0
1000
-1000
-0.0593848393655207
-1000
-1000
-1000
-1000
-1000
0.0593848393655207
-1000
0
0
0
0
0
0
0
0
0
0
0
0
0
0
0
0
-1000
-1000
0
0
0
0
0
0
0
1000
0
0
0
0
0
595.113606199931
0
0
0
-0.00424793066167695
0.00424793066164103
0
0
-0.00424793066167695
-0.00424793066167695
0
0
0
0
0
29.190630308164
0
0
0
0
0
0
0
0
0
0
0
0
0
0
0
0
0
0
0
0
0.00424793066164103
0
0
1000
449.845538346531
-692.428667299279
0
804.308090217892
0
0
0
0
-0.00424793066167695
0
0
0
0
0
0
0
0
0
0
0
0
0
0
0
0
0
0
0
0
0
0
0.00424793066164103
0
0
0
2.62993696757071
492.609431888407
1000
0
0
0
0
0
0
-1000
0
0
0
0
0
0
0
0
0
0
0
0
0
0
0
0
0
0
0
0
0
0
0
0
0
0
0
0
0
0
0
0
0
0
0
0
0.00424793066164103
0
0
0
0
0
1000
0
-996.532289020337
0
0
2.29690330797888
0
0
0
0
0
1000
0
-1000
0
0
0
0
0
0
1.17080767168409
0
0
0
0
0.00424793066167695
-1000
-199.398611690327
-1000
998.010619168028
0
0
0
1000
1000
0
0
0
0
0
10.6604026004835
-338.966416365041
0
1000
0
399.632451841978
1.98938083197174
0
31.1842590707973
-970.809369691836
0
0
329.481069366904
0
0
-1000
0
-1000
1000
0
0
795.841470176386
0
0
35.4955598284923
204.158529823614
0
0
0
0
-1000
0
0
0
0
300.183774079011
0
0
699.816225920989
0
0
0
0
0
1000
0
323.680238905196
0
0
0
0
0
0
0
0
0
0
1.14845165398944
0
0.00424793066164103
-0.00424793066167695
0.00424793066164103
0.00424793066164103
0
0
0.00424793066167695
0
970.809369691836
0
1.14845165398947
0
0
-0.0127437919849172
-1000
676.319761094805
-1000
1000
-1000
1000
0
0
-1000
990.514653001862
-1000
-1000
0
0
0
0
0
0
0
0
0
0
0
0
0
0
0
0
0
0
0
0
0
0
0
0
0
0
0
0
0
0
0
0.00211780890957176
0
0
0
0
0
0
0
0
0.00424793066164103
0
0
0
0
0
0
0
0
0
0
0
0
0
0
0
0
0
0
0
0
0
0
0
0
-1000
0
0
0
0
0
0
0
0
0
0
0
0
0
0
0
0
0
0
0
0
0
0
0
0
0
0
0
0
0
0
0
2.73960745569605
0
0
0
0
0
0
0
0
0
0
0
0
0
0
0
0
0
0
0
0
0
0
0
0
0
0
0
0
0
0
0
0
0
0
0
0
0
0
0
0
0
0
0
0
0
0
0
0
0
0
0
0
0
0
0
0
0
0
0
0
0
0
0
0
0
0
0
0
0
0
0
0
0.261011739543055
0
0
0
0
0
0
0
0
0
0
0
0
0
0
0
0
0
0
0
0
0
0
0
0
0
0
0
0
0
0
0
0
0
0
0
0
0
0
0
-999.943841125369
0
0.00211780890958835
0
0.0439753169798678
0
0
-0.0561588746311372
0
1000
0.0190725930286817
0
0
0
0
0
0
0
0
0
0
0
0
0
0
0
0
0
0
0.00424793066164103
0.00424793066164103
0.00424793066164103
1000
-1000
0
-1000
-1000
0
0
0
0
0
0
1000
-300.183774079011
0
0
0
0
0
0
0
0
0
0
-1000
0
1000
0
-1000
-1000
-1000
-999.369865684951
0.630134315048508
-1000
0
0
0
0
0
0
0
0
0
-699.816225920989
-1000
468.286095287575
1000
0.46528179657675
0.00424793066164103
0.00424793066164103
0.00424793066164103
0.00424793066164103
0.00424793066164103
0
0
0
1000
0
0
0
0
0
0
0
0
0
0
0
1000
0
0
0
0
0
0
0
1000
-999.998372797121
0
1000
0
0
-999.398749034321
0
0
0
0
0
0
0
0
0
0
0
0
0
0
0
0
0
0
0
0
0
0
0
0
0
0
0
0
0
0
0
0
0
0
0
0
0
0
0
0
0
0
0
0
0
0
0
-1000
0
0
0
0
0
0
0
0
0
-1000
0
0
0
0
0
0
0
0
1000
1000
-1000
-1000
-1000
1000
0
0.0254383325998562
0
0
0
0
0.213325126620362
-1000
-1000
0
0
0
0
0
-1000
17.1334270465872
0
0
0
0
0.683169857412691
0.683169857412691
0
-999.941723316459
0
0
0
0
0
0
0.431236787071134
0
-1000
0
0
0
0
0
0
0
1000
0.00424793066164103
0
0
0
0
0
0
0
0
-1000
-804.308090217892
0
0
1000
0
0
0
-780.846072090557
0
0.00635342672871529
0
0
0
-559.831610226252
0
-1000
0
0
0
-1000
-1000
0.0890893576472759
0
0
0
236.113674393729
236.115301596608
0
440.107776466491
-1000
1000
-1000
1000
-1000
1000
-750
0
0
0
0
-1000
-1000
0
0
1000
0
0
0
0
0.0113909184155092
0
0
0
0
0
0
0
0
314.194891907058
0
1000
0
0
0
0
0
0
0
0
0
-203.9898541421
1000
0
-1000
1000
-1000
-1000
1000
0
0
0
0
0
0
0
0
-1000
0
0
-555.508852714778
0.00211780890957176
0.00211780890957176
0
-1000
-507.451216518025
-507.451216518025
226.719484183818
0
0
0
0
0
0
0
0
0
0
0
0
0
0
0
0
0
0
0
0
0
0
0
0
0
-0.0370862816024555
0
0
0
0
0
0
0
0
0
0
0
0
0
0
0
0
0
0
0
0
0
0
0
0
0
0
0
0
0
0
0
0
0
0
0
0
0
0
0
0
0
0
0
0
0
0
-1000
0
-1000
0
0
0
0
0
0
-1000
0
0
0
0
0
0
0
0
0
0
0
795.94691182286
0
0
0
0
0
0
0
0
0
0
0
0
0
-1000
0
0
0
3.46771097966291
0
0
0
0
0
0
0
0
0
0
0
0
0
0
0
440.107776466491
0
0
0
0
0
0
0
0
0
0
0
0
0
0
0
0
0
0
0
0
0
0
0
0
0
0
0
0
0
0
0
0
0
0
0
0
0
0
0
0
0
0
0
0
0
0
0
0
0
0
0
0
0
0
0
0
0
0
0
0
0
0
0
0
0
0
0
0
0
0
0
0
0
0
0
0
0
0
0
0
0
0
0
0
0
0
0
0
0
0
0
0
0
0
0
0
0
0
0
0
0
0
0
0
0
0
0
0
0
0
0
0
0
0
0
0
0
0
0
0
0
0
0
0
0
0
0
0
0
0
0
0
0
0
0
0
0
0
0
0
0
0
0
0
0
0
0
0
0
0
0
0
0
0
0
0
0
0
0
0
0
0
0
0
0
0
0
0
0
0
0
0
0
0
0
0
0
0
0
0
0
0
-1000
0
0
0
0
0
0
0
0
0
0
0
0
0
0
0
0
0
0
0
0
0
0
0
0
0
0
0
139.924146632497
0
410.496601964582
-1000
589.696878964213
0
0
0
-1000
-1000
0
0
0
0
949.944028847695
0.0254875839698462
0
0
0
0
0
0
0
0
0
0
0
0
0
0
0
-38.4291325181218
0
0
0
0
0
0
0
0
0
0
0
0
0
0
0
0
0
0
0
0
0
0
0
0
0
0
0
0
0
0
0
0
0
0
0
0
0
0
0
0
0
0
0
0
0
0
0
0
0
0
0
0
0
0
0
0
0
0
0
0
0
0
0
0
0
0
0
0
0
0
0
0
0
0
0
0
0
0
0
0
0
0
0
0
0
0
0
0
0
0
0
0
0
0
0
0
0
0
0
0
0
0
0
0
0
0
0
0
0
0
0
0
0
0
0
0
0
0
0
0
0
0
0
0
0
0
0
0
0
0
0
0
0
0
0
0
0
0
0
0
0
0
0
0
0
0
0
0
0
0
0
0
0
0
0
0
0
0
0
0
0
0
0
0
0
0
0
0
0
0
0
0
0
0
0
0
0
0
0
0
0
0
0
0
0
0
0
0
0
0
0
0
0
0
0
0
0
0
0
0
0
0
0
0
0
0
0
0
0
0
0
0
0
0
0
0
0
0
0
0
0
0
0
0
0
0
0
0
0
0
0
0
0
0
0
0
0
0
0
0
0
0
0
0
0
0
0
0
0
0
0
0
0
0
0
0
0
0
0
0
0
0
0
0
0
0
0
0
0
0
0
0
0
226.719484183818
0
0
0
0
0
0
0
0
0
0
0
-1000
0
0
0
0
0.00424793066167695
-125.070226931523
0
0
0
0
0
0
0
0
0
0
0
0
0
0
0
0
0
0
0
0
0
0
0
0
0
0
0
0
0
0
0
0
0
0
0
0
0
0
0
0
0
0
0
0
0
0
0
0
0
0
0
0
0
0
0
0
0
0
0
0
0
0
0
0
0
0
0
0
0
0
0
0
0
0
0
0
0
0
0
0
0
0
0
0
0
0
0
0
0
0
0
0
0
0
0
0
0
0
0
0
0
0
0
0
0
0
0
0
0
0
0
0
0
0
0
0
0
0
0
0
0
0
0
0
0
0
0
0
0
0
0
0
0
0
0
0
0
0
0
0
0
0
0
0
0
0
0
0
0
0
0
0
0
0
0
0
0
0
961.570867481878
0
0
126.459173025174
1000
0
0
0
0
0
0
0
1000
0.00424793066167695
0
0
-1000
442.583196250734
0
0
0
0
0
0
0
0
0
0
0
0
0
0
0
1000
1000
0
0
0
1000
0
0
0
0
0.0296862632614971
0
0
0
0
0
1000
0
0
0
0
0
0
0
0
0
0
0
0
0
0
0
0
0
0
0
0
0
0
0
0
0
0
0
0
0
0
0
0
0
0
0
0
0
0
0
0
0
0
0
0
0
0
0
0
0
0
0
0
0
0
0
0
0
0
0
0
0
0
0
0
0
0
0
0
0
0
0
0
0
0
0
0
0
0
0
0
0
0
0
0
0
0
0
0
0
0
0
0
0
0
0
0
0
0
0
0
0
0
0
0
0
0
1000
500
102.607020812585
-4.06800719850571
0
0
0
-1.14845165398947
0
0
547.664973587174
22.6966730037439
49.610494562885
0.123128424975102
102.607020812585
0
0
0
0
0
0
0
0
0
0
0
0
0
0
0
0
0
0
0
1000
-1000
0
-1000
0
0
0
0
968.815740929203
0
-796.014393788562
0
0
0
0
970.809369691836
0
-0.261011739543051
0
0.013778070754714
0.00424793066164103
0
0
0
0
0
0
0
0
0
0
0
0
0
0
0
0
0
440.107776466491
0
0
0
0
3.55055838549288
-0.779023378513898
-0.034171260467474
0
-12.6058265847385
-24.7128188770945
-50.3983061383331
-39.5209820351502
26.0874112746037
-145.973416427431
-31.2249632759538
-5.41672723571719
-36.9658260904179
-1000
-1000
0
0
0
0
-1000
-47.6681282678497
-20.5969691029945
-1000
-15.6615303591009
-12.1158318871991
-28.1148623895077
1000
971.716851835658
-109.662513507666
0
0
219.457171521201
0
0
1000
0
0
999.78667487338
-1000
0
0
0
0
0
0
1000
0
0
0
0
0
0
0
0
0
0
0
-0.00424793066167695
-0.00424793066167695
0
0
0
0
0
0
0
0
0
0
0
0
0
0
0
0
1000
0
0
0
0
-1000
1000
0
-0.00424793066167695
-0.00424793066167695
-1.17080767168409
-692.428667299279
0
0
-0.00424793066167695
0
-0.00424793066167695
0
0
0
-0.00424793066167695
0
0
29.1906303081641
-0.00424793066167695
0
0
0
0
0
0
0
0
0
0
0
126.459173025174
0
0
0
0
0
692.424419368617
0
0
0
0
0
0
-831.988735405557
0
0
0
0
-126.399788185809
0
1000
0
0
-0.00424793066167695
0
0
0
0
0
0
0
0
0
0
0
0
0
0
-507.390568111593
0
-4.27572690357908
0
-1000
-1000
0
0
0
0
0
338.966416365041
0
0
2.62993696757076
0
0
0
0
-972.424751011157
0
1000
0
0
0
0
832.182216334353
1000
1000
0
0
378.257124910081
0.193480928795225
0
0
0
0
0
0
0
0
0
-1000
-953.10878082936
0
0
0
0
0
-0.0593848393655207
-247.032420510044
0
0
0
1000
-661.033583634959
1000
0
0
0
0
0
0
661.033583634959
-1000
-1000
-345.456043653184
0
0
0
0
0
0
0
0
0
0
1000
0
-0.0427814916804437
-0.00162720287937645
0
0
-0.0240012424711722
-0.0760043185159702
-0.0154584273543605
-0.528027334366016
-0.0467820827827836
-0.601250965679469
0
0
0
0
-0.00162720287937645
-961.570867481878
-0.00325440575875291
-0.00162720287937645
0
-0.0117972208756782
0
-0.00162720287937645
0
0
0
-17.1334270465871
0
-0.431236787071157
-0.00162720287937645
-0.0215609364117881
0
-0.00162720287937645
-0.00162720287937645
-0.00162720287937645
-0.00162720287937645
-0.047188883502713
0
-0.101700179962677
-0.261011739543051
0
0
-1000
1000
0
0
-1000
1000
-0.00424793066167695
0
750
-750
0
-1000
0
-1000
0
0
0
0
0
0
0
0
0
0
0
0
0
0
0
0
0
0
555.508852714778
-555.508852714778
1000
-1000
-1000
0.0296862632615102
-1000
-1000
-0.00162720287937645
-0.00162720287937645
0
0
0
0
961.570867481878
589.503398035418
-589.696878964213
949.944028847695
0.0254875839698343
0
0
0
0
0
1000
-1000
0
0
0
0
0
0
0
0
0
0
0
0
0
0
0
0
0
0
0
0
0
0
0
0
0
0
0
0
0
0
0
0
0
0
0
0
0
0
0
0
0
0
0
0
0
0
0
0
0
0
0
0
0
0
0
0
0
0
0
0
0
0
0
0
0
0
0
0
0
0
-0.00162720287937645
0
0
0
0
0
0
0
0
0
0
0
0
0
0
0
0
0
0
0
0
0
0
0
0
0
0
0
0
0
0
0
0
0
0
0
0
0
0
0
0
0
0
0
0
0
0
0
0
0
0
0
0
0
0
0
0
0
0
0
0
0
0
0
0
0
0
0
0
0
0
0
0
0
0
0
0
0
0
0
0
0
0
0
0
0
0
0
0
0
0
0
0
0
0
0
0
0
0
0
0
0
0
0
0
0
0
0
0
0
0
0
0
0
0
0
0
0
0
0
0
0
0
0
0
0
0
0
0
0
0
0
0
0
0
0
0
0
0
0
0
0
0
0
0
0
0
0
0
0
0
0
0
0
0
0
0
0
0
0
0
0
0
0
0
0
0
0
0
0
0
0
0
0
0
0
0
0
0
0
0
0
0
0
0
0
0
0
0
0
0
0
0
0
0
0
0
0
0
0
0
0
0
0
0
0
0
0
0
0
0
0
0
0
0
0
0
0
0
0
0
0
0
0
0
0
0
0
0
0
0
0
0
0
0
0
0
0
0
0
0
0
0
0
0
0
0
0
0
1000
0
0
0
0
0
0
0
0
-126.459173025174
0
1000
0
0
0
125.070226931523
0
0
0
0
0
0
0
0
0
0
0
0
0
0
0
0
0
0
0
0
0
0
0
961.570867481878
247.032420510044
-442.583196250734
0
-1000
-0.00424793066167695
0
0
0
0
0
0
0
0
1000
1000
0
0
0
0
-1000
0
0
0
0
0
0
0
0
0
0
0
0
0
0
0
0
0
0
0
0
0
0
0
0
0
0
0
0
0
0
0
0
0
0
0
0
0
0
0
0
0
0
0
0
0
0
0
0
-0.00162720287937645
-0.00162720287937645
-0.00162720287937645
0
-0.00162720287937645
-0.631761517927998
0
-0.00162720287937645
-0.00162720287937645
-0.00162720287937645
-0.00162720287937645
0
-0.00162720287937645
-0.00162720287937645
-0.00162720287937645
-0.00162720287937645
-0.00162720287937645
-0.00162720287937645
-0.00162720287937645
0
-0.00162720287937645
-0.00162720287937645
-0.00162720287937645
0
-1000
102.607020812585
0
0
0
0
0
0
0
0
0
0
0
