0
0
0
0
0
0
0
0
-1000
1000
0
0
0
631.387572951483
1000
0
999.707965120087
-999.707965120087
999.932975601331
0
0.0670243986684939
0
-1000
0.421296220201953
0
1000
365.804648345945
0
-201.661846883047
0.0143059316289319
0
0
0
0
0
160.991322950974
0
0
0
40.2205802026034
0
0
0
0
0
0
0
0
0
0
999.985694068371
0
0
0
0
0
0
0
0
0
0
0
0
0
0
0
0
0
201.661846883047
0
0
0
0
1000
1000
0
0
0
0
201.661846883047
0
-1000
0
0
0
0
0
0
0
0
0
0
0
0
0
1000
1000
0
0
1000
0
0
0
0
0
0
0
0
0
0
0
0
0
0
1.91977027614758
0
0
999.707965120087
0
0
0
0
0
0
0
0
0
0
0
0
0
1000
0
0
-1000
0
0
0
0
-1000
0
0
0
-16.7797408924538
0
0
0
0
-932.906501927567
0
0
0.0102304045951083
1000
0
0
733.947904603782
1000
1000
266.042520482122
0
0
0
-1000
266.042520482122
897.430093433605
1000
-368.612427048517
0
798.137136360462
1000
0
0
0.0102304045950632
0
0
1000
-1000
0
0
0
0
0
-4.50905676629543
0
0
0
0
0
0
4.5138442233432
246.551229069371
-1000
0
0
0
0
0
0
0
0
1000
995.486155776657
0
0
1000
0
-1000
0
-999.995212542952
0
0
0
0
0
0
0
0
0
0
0
-283.631585987406
0
0
-1000
0
998.139803116464
0.528749134125805
0
0
0
0.538324048221304
0.793123701188707
0
246.551229069371
0
0
283.631585987406
-716.368414012594
0
-283.631585987406
0
0
0
0
0
0
0
0
0
0
-1000
0
1000
1000
-1000
-1000
1000
-1000
999.550225589074
-1000
997.943364891801
-1.10826610646302
1000
-3.01784855519304
0
-999.206876298811
1000
1000
-1.58624740237747
1000
0
0
1000
0
0.205860653053231
0
-0.205860653053264
0
0.00204370451841884
0
0
0
0
0
0
0
0
0
0
0
0
0
0
0
0
0
1000
0
150.41978763073
0
0
0
1000
0
-0.205860653053264
0
-0.793123701188733
0
0
0.793123701188733
3.01784855519298
0
0
0
0
0
0
-1000
0
0
0
1000
0.793123701188733
0
-1000
-1.10826610646302
0
0.00409929103985174
0
0
0
0
0
0
0
0
0
0
0
0
0
0
0
2.64374567062902
0
11.1294761565057
0
0
0
0
0
0
0
0
-115.207606361255
713.290529290471
1000
-1000
-1000
1000
0
-733.666720963122
0
-1000
0
-266.335322741396
1000
1000
1000
0
-1000
0
0
0
0
-1000
0
1000
-1000
-1000
-1000
1000
0
0
1000
-1000
0
0
0
0
0
0
1.10826610646303
-0.449774410925897
1000
-1000
-1000
1000
-1000
-1000
-1000
-1000
1000
0
1000
1000
849.589787283365
0
1000
-1000
-1000
-1000
-272.056064588055
1000
1000
-1000
266.864071875522
1000
0
0
0
1000
-1000
2.65810804177227
0
0
37.0803569180348
0
0
0
-638.003487237887
1000
0
0
0
-103.601091946677
69.8693924100835
0
0
0
0
0
0
0
0
0
0
0
0
0
0
0
0
1000
0
-1000
0
1000
0
0
0
0
0
0
0
0
0
0
0
0
0
0
0
0
0
0
0
0
0
0
0
0
0
0
0
0
0
0
0
0
0
0
0
0
0
0
0
0
1000
-1000
-0.00409929103989271
0.119686426193766
0.119686426193766
0
84.1289850987393
0
0
0
0
0
0
0
0
0
0
0
0
0
0
0
-574.539505398641
-1000
0
0
0
0
0
0
0
0
0
0
0
0
0
0
0
0
0
0
0
0
0
0
0
0
0
0
0
0
0
0
0
0
0
0.186710824862229
0
0
853.967288140391
1000
1000
725.624293958638
1000
725.624293958638
0
0
-1000
0
0
0
0
0
0
0
0
0
0
0
0
0
0
0
0
0
0
0
0
0
0
0
0
888.511479764234
0
0
0.186710824862229
0
0
0
0
0
0
0
0
0
1000
0
0
0
0
0
0
0
0
0
0
0
0
0
0
0
0
0
0
0
0
0
0
0.00409929103985175
0
0
0
0
0
0
0
0
0
0
-1000
0
0
0
0
0
0
0
0
0
0
0
0
0
37.0844562090746
0
37.0844562090746
0
0
0
0
0
0
0
0
0
0
0
0
0
0
0
0
0
0
0
500.003399243029
0
-1000
0
500.008186700077
0
0
0
0
0.866529725642671
0.866529725642671
0
0
0
0
0
0
0
0
0
0
0
0
0
0
0
0
0
0
0
0
0
1000
0
0
0
0
0
1000
0
0
0
0.00409929103989271
0
0
1000
0
0
0
0
163.443889173441
0
0
163.443889173441
0
0
0
0
0
0
0
0
0
163.443889173441
0
163.443889173441
0
0
0
14.8508947463373
42.3329775509473
27.0592815306929
19.818809714863
29.3846885372368
9.67157914085312
22.6198681545636
41.3816746846338
38.1049648117765
12.0498363066367
23.3597703839185
48.1464950673071
37.9992644932972
11.7327353511989
19.4488586001855
26.9535812122136
34.9339552573984
28.2748351932045
5.17931560548418
35.2510562128362
0
0
0
0
0
0
0
0
0
0
0
0
0
0
0
0
0
0
0
0
0
0
0
0
0
0
0
0
0
0
0
0
0
0
0
0
0
0
0
0
0
0
0
0
0
0
0
0
0
0
0
0
0
0
0
0
0
0
0
0
0
0
0
0
0
0
0
0
0
0
0
0
0
0
0
0
0
0
0
0
0
0
0
0
0
0
246.364518244509
0
0
246.364518244509
0
0
0
0
0
-1000
0
0
0
0
0
-286.709470709529
-286.709470709529
1000
1000
0
0
0
0
538.193854313976
0
0
-103.601091946677
-538.366202767695
-538.366202767695
-1000
0
-425.460494601359
574.539505398641
-355.725150988613
1000
1000
538.203429228071
1000
0
-538.193854313976
1000
0
-1000
-1000
-1000
0
0
0
574.539505398641
574.539505398641
425.460494601359
1000
1000
1000
0
0
0
1000
0
0
0
0
-1000
287.821836107032
1000
1000
0
500
0
2.51434157763797
5
0
0
0
0
0
0
384.570447480161
0
0
0
0
-0.00167101678039216
0
0
0
0
-0.00167101678039216
495.456834346805
286.660279217051
0
-0.00167101678039216
0.00167101678039216
-0.00167101678039216
-0.628117450816944
0
-0.104438548775875
0
-1000
-0.647101248215222
0.00167101678039216
-0.00167101678039216
-0.00167101678039216
0.00167101678039216
-0.00167101678039216
0.00167101678039216
-0.00167101678039216
-0.00167101678039216
-0.00167101678039216
-0.00167101678039216
-0.00167101678039216
-0.00167101678039216
-0.00167101678039216
-0.00167101678039216
-0.00167101678039216
-0.00167101678039216
-0.00167101678039216
-0.0350913523886902
-0.0114642218863992
-0.0480417324369
-0.0484594866320549
-0.0246474975110687
0.00167101678039216
0.00167101678039216
-0.120234957278626
0.00167101678039216
0.00167101678039216
0.00167101678039216
0.00167101678039216
-0.812114155281165
0
-0.0898171519472726
-0.452427793297034
-0.00174926769159356
0.00167101678039216
0.00167101678039216
0.0158746594139529
0.00167101678039216
0.00167101678039216
-0.00167101678039216
0
0
0
0
0
0
0
0
0
0
0
0
0
0
0
0
0
0
0
0
0
0
0
0
0
0
0
0
0
0
0
0
0
0
0
0
0.00102036700877761
0
0
0
0
0
0
0
0
0
0
0
0
0
0
0
0
0
0
0
0
0
0
0
0
0
0
0
0
0
0
0
0
0
0
0
0
0
0
0
1000
0
0
0
0
0
0
0
0
0
0
0
0
0
0
0
0
0
0
0
0
0
0
0
0
0
0
0
0
0
0
0
0
0
0
0
0
0
0
0
0
0
0
0
0
0
0
0
0
0
0
0
0
0
0
0
0
0
0
0
0
0
0
0
0
0
0
0
0
0
0
0
0
0
0
0
0
0
0
0
0
0
0
0
0
0
0
0
0
0
0
0
0
0
0
0
0
0
0
0
0
0
0.00167101678041388
0
364.128387324384
138.05719039166
0.00167101678041388
0
0
0
0.00167101678041388
0.00167101678041388
0
0
0
0
0
0
0
0
0
0
0
0
0
0
0
0
0
0
0
0
0
0
0
0
0
0
0
0
0
0
0
0
0
0
0
0
0
0
0
0
0
0
0
0
0
0
0
0
0
0
0
0
0
0
0
0
0
0
0
0
0
0
0
0
0
0
0
0
0
0
0
0
0
0
0
0
0
0
0
0
0
0
0
0
0
0
0
0
0.0121148716580006
0
0
0
0
0
0
0
0
0
0
0
0
0
0
0
0
0
0
0
0
0
0
0
0
0
0
0
0
0
0
0
0
0
0
0
0
0
0
0
0
0
0
0
0
0
0
0
0
0
0
0
0
0
0
0
0
0
0
0
0
0
0
0
0
0
0
0
0
0
0
0
0
0
0
0
0
0
0
0
0
0
0
0
0
0
0
0
0
0
0
0
0
0
0
0
0
0
0
0
0
0
0
0
0
0
0
0
-1000
0
0
0
0
0
0
0
0
0
0
0
0
0
0
0
0
0
0
0
0
0
0
0
0
0
0
0
0
0
0
0
0
0
0
0
0
0
0
0
0
0
0
0
0
0
0
0
0
0
0
0
0
0
0
0
0
0
0
0
0
0
0
0
0
0
0
0
0
0
0
0
0
0
0
0
0
0
0
0
0
0
0
0
0
0
0
0
0
0
0
0
0
0
0
0
0
0
0
0
1000
1000
0
0
0
0
0
0
0
0
0
0
0
0
0
0
0
0
0
0
0
0
0
0
-1000
0
-1000
0
0
0
0
0
0
0
0
0
0
0
1000
1000
0
0
0
0
0
0
0
0
0
0
0
0
0
0
0
0
0
0
0
0
0
0
0
0
0
0
0
0
0
0
0
0
0
0
0
0
0
0
0
0
0
0
0
0
0
0
0
0
0
0
0
0
0
0
0
0
0
0
0
0
0
0
0
0
0
0
0
0
0
0
0
0
0
0
0
0
0
0
0
0
0
0
0
0
0
1000
213.792686764898
0
0
0.00167101678039216
0
1000
0
-0.00167101678039216
364.126716307603
0
635.814380350887
0
148.694576994118
0
0
0
0.00102036700877761
0.64543023143483
0
-999.354569768565
1000
0
0
0
0
0
0
0
0
0
0
0
0
0
-1000
0.00102036700877761
0
0
0
0.00409929103989271
0
0
0
0
0
0
0
-0.00409929103989271
0
0
0
0
0
384.570447480161
-1000
1000
-384.570447480161
-384.570447480161
0
-1000
1000
-0.0245957462391289
0
0
0.00167101678039216
-0.00167101678039216
0
0
364.185619649113
-364.185619649113
1000
0
0.00167101678039216
0.00167101678039216
-364.126716307603
-364.126716307603
1000
0
1000
-635.814380350887
-1000
0
-733.786793989068
-266.213206010932
-1000
0
0
0
0
0
-1000
0
-0.64543023143483
0
0
0
-999.354569768565
999.354569768565
-1000
0
0
0
-1000
0
0
0
-1000
0
0
0
0
0
0
0
0
0
0
0
0
0
0
0
0
0
0
0
-1000
1000
-922.499255314177
0
-1000
0
-1000
0
-1000
0
0
0
0
0
0
0
0
0
-1000
0
-1000
0
-1000
0
-1000
0
-1000
0
-1000
0
0
0
0
0
0
0
0
0
0
-1000
0
0
0
0
0
0
0
0
0
0
0
0
0
0
0
0
0
0
0
0
0
0
0
0
0
0
0
0
0
0
0
0
0
0
0
0.00102036700877761
-0.00102036700877761
0
0
0
0
0
0
0
0
0
0
0
0
0
0
0
0
0
0
0
0
0
0
0
0
0
0
0
0
0
0
0
0
0
0
0
0
0.00102036700877761
-0.00102036700877761
0
0
0
0
0
0
-0.00409929103989271
-0.00409929103989271
0
0
0
0
0
0
0
0
0
0
0
0
0
0
0
0
0.00409929103989271
0.00409929103989271
0
0
0
0
0
0
0
0
0
0
0
0
0
0
0
0
0
0
0
0
0
0
0
0
0
0
0
0
0
0
0
0
0
0
0
0
0
0
0
0
0
0
0
0
0
1.34262277324474
0.00409929103985175
0
0
0
0
0
0
0
0
0.168930397518605
0
0
0
0
0
0
0
0
0
0
0
0
0
0
0
0
0
0
0
0
0
0
0
0
0
0
0
0
0
0
0
0
0
0
0
0
0
0
0
0
0
0
0
0
0
0
0
0
0
0
0
0
0
0
0
0
0
0
0
0
0
0
0
0
0
0
0
0
0
0
0
0
0
0
0
0
0
0
0
0
0
0
0
0
0
0
0
0
0
0
0
0
0
0
0
0
0
0
0
0
0
0
0
0
0
0
364.185619649113
364.185619649113
364.185619649113
0
0
0
0
0
364.125045290823
364.125045290823
364.125045290823
0
384.570447480161
384.570447480161
384.570447480161
0
0
0
0
0
0
0
0
0
0
0
0
0
0
0
0
0
0
0
0
0
0
0
0
0
0
0
0
0
0
0
0
0
0
0
0
0
0
0
0
0
0
0
0
0
0
0
0
0
0
0
0
0
0
0
0
0
0
0
0
0
0
0
0
0
0
0
0
0
0
0
0
0
0
0
0
0
0.00167101678041388
0.00167101678041388
0.00167101678041388
0.00167101678041388
0
0
0
0
0
0
0
0
0
0
0
0
0
0
0
0
0
0
0
0
0
0
0
0
0
0
0
0
364.126716307603
364.126716307603
364.126716307603
364.126716307603
-364.126716307603
0
0
0
0
0
0
0
0
0
0
0
0
0
0
0
0
0
0
-20.4454021893383
0
0
0
0
0
0
0
0
0
0
0
0
0
0
0
0
0
0
0
0
0
0
0
0
0
0
0
0
0
0
0
0
0
0
0
0.00409929103985175
0.00409929103985175
0.00409929103985175
0.00409929103985175
0.00409929103985175
0
0
0
0
0
0
0
0
0
0
0
0
0
0
0
0
0
0
0
0
0
0
0
0
0
0
0
0
0
0
0
0
0
0
0
0
0
0
0
0
0
0
0
0
0
0
0
0
0
0
0
16.7797408924538
16.7797408924538
-16.7797408924538
5.58368195172494
-2.7897913303425
2.78979133034255
2.78979133034255
2.78979133034255
0
0
0
0
0
0
0
0
0
0
0
0
0
0
0
0
0
0
0
0
0
2.78979133034255
2.78161651226887
2.78979133034255
2.78979133034255
2.78979133034255
2.78979133034255
2.78979133034255
2.78979133034255
2.78979133034255
2.78979133034255
2.78979133034255
2.78979133034255
2.78979133034255
2.78979133034255
2.78979133034255
2.78979133034255
2.78979133034255
2.78979133034255
16.7797408924538
16.7797408924538
5.58368195172494
5.58368195172494
0
0
0
0
0
0
0
0
0
0
0
0
0
0
0
0
0
0
0
0
0
0
0
0
0
0
0
0
0
0
0
0
0
0
0
0
0
0
0
0
0
0
0
0
0
0
0
0
0
0
0
0
0
0
0
0
0
0
0
0
0
0
0
0
0
0
0
0
0
0
0
0
0
0
0
0
0
0
0
0
0
0
0
0
0
0
0
0
0
0
0
0
0
0
0
0
0
0
0
0
0
0
0
0
0
0
0
0
0
0
0
0
0
0
0
0
0
0
0
0
0
0
0
0
0
0
0
0
0
0
0
0
0
0
0
0
0
0
0
0
0
0
0
0
0
0
0
0
0
0
0
0
0
0
0
0
0
0
0
0
0
0
0
0
0
0
0
0
0
0
0
0
0
0
0
0
0
0
0
0
0
0
0
0
0
0
0
0
0
0
0
0
1.34262277324474
1.37127028251164
1.37127028251164
0
0
0
0
-1.37127028251166
1.37127028251164
0
0
0.028647509266906
0
0
1000
0
0
0
0
0
0
0
0
0
0
0
0
0
0
0
0
0
0
0
0
0
0
0
0
0
0
0
0
0
0
0
0
0
0
0
0
0
0
0
0
0
0
0
0
0
0
0
0
0
0
0
0
0
0
0
0
0
0
0
0
0
0
0
0
0
0
0
0
0
0
0
0
0
0
0
0
0
0
0
0
0
0
0
0
0
0
0
0
0
0
0
0
0
0
0
0
0
0
0
0
0
0
0
0
0
0
0
0
0
0
0
0
0
0
0
0
0
0
0
0
1.34262277324474
0.00409929103985175
0
0
0
0
0
0
0
1.76753112236297
0
0
0
1.10826610646303
1.10826610646303
1.10826610646303
0
0
0
0
0
0
1.5156524618032
0
0
0
0.00409929103985175
0
0
0
0
-1.51565246180314
1.5156524618032
0
0
0
0
0.416147352229201
0
0
0
0
0
0.276426878786834
0
0.25187866055978
0
0
0
0
0
0
0
0
0
0
12.357386111985
12.357386111985
12.357386111985
0
0
0
0
-0.168930397518579
0
0
0
0
0
0
0
0
0
0
0
0
0
0
0
0
0
0
0
0
0
0
0
0
0
0
0
0
0
0
0
0
0
0
0
0
0
0
0
0
0
0
0
0
0
0
0
0
0
0
0
0
0
0
0
0
0
0
0
0
0
0
0
0
0
0
0
0
0
0
0
0
0
0
0
0
0
0
0
0
0
0
0
0
0
0
0
0
0
0
0
0
0
0
0
0
0
0
0
0
0
0
0
0
0
0
0
0
0
0
0
0
0
0
0
0
0
0
0
0
0
0
0
0
0
0
1000
0
0
1000
1000
0
0
0
0
0
0
0
0
0
0
0
0
0
0
0
0
0
0
0
0
0
0
0
0
0
0
0
0
0
0
0
0
0
0
0
0
0
0
0
0
0
0
0
0
0
0
0
0
0
0
0
0
0
0
0
0
0
0
0
0
0
0
0
0
0
0
0
0
0
0
0
0
0
0
0
0
0
0
0
0
0
0
0
0
0
0
0
0
0
0
0
0
0
0
0
0
0
0
0
0
0
0
0
0
0
0
0
0
0
0
0
0
0
0
0
0
0
0
0
0
0
0
0
0
0
0
0
0
0
0
0
0
0
0
0
0
0
0
0
0
0
0
0
0
0
0
0
0
0
0
0
0
0
0
0
0
0
0
0
0
0
0
0
0
0
0
0
0
0
0
0
0
0
0
0
0
0
0
0
0
0
0
0
0
0
0
0
0
0
0
0
0
0
0
0
0
0
0
0
0
0
0
0
0
0
0
0
0
0
0
0
0
0
0
0
0
0
0
0
0
0
0
0
0
0
0
0
0
0
0
0
0
0
0
0
0
0
0
0
0
0
0
0
0
0
0
0
0
0
0
0
0
0
0
0
0
0
0
0
0
0
0
0
0
0
0
0
0
0
0
0
0
0
0
0
0
0
0
0
0
0
507.452923504058
0
507.452923504058
0
0
0
0
0
0
0
0
0
0
0
0
0
0
0
0
0
0
0
0
0
0
0
0
0
0
0
0
0
0
0
0
0
0
0
0
0
0
0
0
0
0
0
0
0
0
0
0
0
0
0
0
0
0
0
0
0
0
0
0
0
0
0
0
0
0
0
0
0
0
0
0
0
0
0
0
0
0
0
0
0
0
0
0
0
0
0
0
0
0
0
0
0
0
0
0
0
0
0
0
0
0
0
0
0
0
0
0
0
0
0
0
0
0
0
0
0
0
0
0
0
0.186710824862229
0.186710824862229
0
0
0
0.186710824862189
0
0.186710824862229
-246.364518244509
0
0
0
0.0287247422864934
0
0
0
0
0
0
0
0
246.364518244509
0
0
0
0
1.12983986326927
0
0
0
0
0
0
1.12983986326927
0
1.12983986326927
1.12983986326924
0
0
0
0
0
0
0
0
0
0
0
0
0
0
0
0
0
0
0
0
0
0
0
0
0
0
0
0
0
0
0
0
0
0
0
0
0
0
0
0
0
0
0
0
0
0
0
0
0
0
0
0
0
0
0
0
0
0
0
0
0
0
0
0
0
0
0
0
0
0
0
0
0
0
0
0
0
0
0
0
0
0
0
0
0
0
0
1000
1000
-225.260576846207
0
0
0
1000
-953.865073103057
-1000
1000
37.0844562090746
0
0
1000
-226.053700547396
0
0
0
0
0
0
0
0
0
0
0
0
0
0
0
0
0
0
0
0
0
0
0
0
0
0
0
0
0
0
0
0
0
0
0
0
0
0
0
0
953.865073103057
0
0
0
0
0
0
0
0
0
0
0
0
0
0
0
0
0
-999.99590070896
999.99590070896
1000
999.99590070896
1000
-1000
-1000
0
0
0
0
0
0
0.00409929103989271
0
0
0
0
0
0
0
0
0
0
0
0
0
0
0
0
0
0
0
0
0
0.0163615181503648
0
0.00409929103985175
0.0245482182270542
1000
0.00204370451841884
0.00204370451841884
0.00409929103989271
0
0.014317813631946
0.00204370451841884
0.030691213785294
-0.00204370451842806
0.00204370451841884
0.00204370451841884
0.00204370451841884
0.00204370451841884
0.00204370451841884
-0.00204370451842806
-0.00408740903685612
-0.0511757869816165
0.00204370451841884
0.00204370451841884
0.00204370451842806
0.00204370451841884
0.0450327914232957
-0.00614299555832076
-0.0470764959417238
0.00409929103989271
0.00204370451841884
0.00204370451841884
0.00409929103985175
0.00409929103985175
-0.00409929103989271
-0.00409929103989271
0.00409929103989271
0.00409929103989271
0.00204370451841884
0.00204370451841884
0.00204370451841884
0.00204370451841884
-0.00614299555832076
-999.971352490733
0
0
0
0
0
0
-146.032711859609
0
0
0
0.00409929103985175
0
0
0
0
0.00204964551992587
0.00409929103989271
0.00409929103989271
0
0.00409929103985175
0
0
0
0
0
-0.00409929103989271
0
0
0.00817481807367537
0.00204370451841884
0.00613111355525652
0.00204370451841884
-0.00204370451842806
0.00204370451841884
0.00204370451841884
0.00204370451841884
0.00204370451841884
0.00204370451841884
0.00204370451841884
0.00408740903683768
0.00204370451841884
0.00204370451841884
0.00204370451841884
0.00204370451841884
0.00204370451841884
0
0.00204370451841884
0.00409929103985175
0.00409929103985175
0.00409929103985175
0.00409929103985175
0.00409929103985175
0.00409929103985175
0.00409929103985175
0.00409929103985175
0.00409929103985175
0.00409929103985175
0.00409929103985175
0.00409929103985175
0.00409929103985175
0.00409929103985175
0
0
0
0
0
0
0
0
0
0
0
0
-0.00409929103989271
0.00409929103985175
0.00409929103985175
0
0
0
0
0
0
0
0
0
0
0
0
0
0
0
0
0
0
0
0
0
0
0
0
0
0
0
0
0
0
0
0
0
0
0
0
0
0
0
0
0
0
0
0
0
0
0
0
0
0
0
0
0
0
0
0
0
0
0
0
0
937.841510164048
0
0
0
0
0
0
0.00409929103985175
0
0
0
0
0
0
0
0
0
0
0
0
0
0
0
0
0
0
0
0
0
-1000
0
0
0
-384.570447480161
0
0
0
0
0
0.00167101678041388
0
0
0
0
0
0
0
0
0
0.00167101678041388
0
0
495.456834346805
0
0
0
0
0.00167101678041388
0
0.00167101678041388
0
0.00167101678041388
0
0.628117450816992
0
0
0
0.104438548775867
0
0
0
0
0
0.647101248215274
0
0.00167101678041388
0
0.00167101678041388
0
0.00167101678041388
0
0.00167101678041388
0
0.00167101678041388
0
0.00167101678041388
0
0.00167101678041388
0
0.00167101678041388
0
0.00167101678041388
0
0.00167101678041388
0
0.00167101678041388
0
0.00167101678041388
0
0.00167101678041388
0
0.00167101678041388
0
0.00167101678041388
0
0.00167101678041388
0
0.00167101678041388
0
0.0350913523886914
0
0.0114642218864194
0
0.048041732436899
0
0.0484594866320024
0
0.0246474975111047
0
0.00167101678041388
0
0.00167101678041388
0
0.120234957278616
0
0.00167101678041388
0
0.00167101678041388
0
0.00167101678041388
0
0.00167101678041388
0
0.812114155281145
0
0
0
0.0898171519472459
0
1000
0
0.00174926769159682
0
0.00167101678041388
0
0.00167101678041388
0
0.0158746594139318
0
0.00167101678041388
0
0.00167101678041388
0
0.00167101678041388
0
0
-1000
0
0
0.0286475092668752
999.547572206703
0
0
0
0
0
-1000
-1000
-1000
5.57958266068509
1.12983986326927
-1000
1000
1000
0
-1.51565246180314
1000
-1000
-1000
0
0
1000
0
0
0
0
-6.26254831193057
1000
0
0
0
0
-1000
246.551229069371
-0.00409929103989271
0
0
-4.12611466165606
192.288216339125
0
0
0
0
0.0143059316288827
1000
1000
-1000
-246.551229069371
-716.368414012594
27.1310933864092
1000
0
0
-1000
0
0
1000
1000
-1000
1000
0
1000
0
0
-1000
1000
1000
1000
0
0
0
0
0
-503.012320948377
0
0
0
0
0
0
0
0
0
42.7958777768107
0
1000
0
0
0
0
0
1000
1000
0
0
0
1000
0
0
0
0
0
937.635649510995
0
0
-1000
785.104408882499
171.545664945141
-1000
1000
657.686931233412
-1000
-1000
-1000
1000
-1000
-1000
1000
-1000
-1000
-1000
-1000
-1000
-1000
1000
1000
-1000
-1000
-74.3564796188414
1000
1000
1000
1000
1000
-1000
-1000
1000
-1000
1000
-1000
-1000
-1000
-1000
-1000
-1000
-1000
1000
-1000
-1000
-1000
-984.886483282044
-1000
-1000
-1000
-1000
-1000
-1000
965.768272651158
1000
-1000
-1000
-1000
-1000
-25.174584947109
-1000
-1000
-1000
-1000
-1000
-1000
1000
-1000
-136.350699480408
-1000
-1000
-1000
-1000
-1000
1000
1000
-1000
-1000
-1000
-1000
1000
-1000
-1000
1000
-1000
-1000
1000
-1000
1000
-1000
-1000
1000
1000
-1000
-1000
1000
1000
1000
1000
-1000
-10.7714966097731
-1000
-1000
-965.768272651158
-1000
1000
911.013538967634
30.1323685277314
-1000
1000
1000
1000
1000
1000
1000
1000
1000
-1000
-1000
-1000
-1000
-1000
38.1381007476818
0
1000
1000
-1000
-1000
-1000
0
0
0
0
0
0
0
0
0
0
0
0
0
0
0
0
0
0
0
0
0
0
0
0
0
0
0
0
0
0
0
0
0
0
0
0
0
0
0
0
0
0
0
0
0
0
0
0
0
0
0
0
0
0
0
0
0
0
0
0
0
0
0
0
0
0
0
0
0
0
0
0
0
0
0
0
30.2760802454656
0
0
0
0
0
0
0
0
0
0
0
0
0
0
0
0
0
0
0
0
0
0
0
0
0
0
0
0
0
0
0
0
0
0
0
0
0
0
0
0
0
0
0
0
0
0
0
0
0
0
0
0
0
0
0
0
0
0
0
0
0
0
0
0
0
0
0
0
0
0
0
0
0
0
0
0
0
0
0
0
0
0
0
0
0
0
0
0
0
0
0
0
0
0
0
0
0
0
0
0
0
0
0
0
0
0
0
0
0
0
0
124.658813465404
0
0
0
0
0
0
0
0
0
0
0
0
0
0
0
0
0
0
0
0
0
0
0
0
0
0
0
0
0
0
0
0
0
0
0
0
0
0
23.8480910027889
0
0
0
0
0
0
0
0
0
0
0
0
0
0
0
0
0
0
0
0
0
0
0
0
0
0
0
0
0
0
0
0
0
0
0
0
0
0
0
0
0
0
0
0
0
0
0
0
0
0
0
0
0
0
0
0
0
0
0
0
0
0
0
0
0
0
0
0
0
0
0
0
0
0
0
0
0
0
0
0
0
0
0
0
0
0
0
0
0
0
0
0
0
0
0
0
0
0
1000
-1000
1000
1000
1000
0
1000
-1000
-1000
1000
-1000
932.906501927567
1000
1000
-1000
-1000
-1000
1000
-1000
1000
1000
-1000
1000
-1000
-1000
-1000
-932.906501927567
0.057306900536787
-1000
-1000
-1000
-1000
-1000
-1000
1000
0
-1000
-1000
-1000
-1000
1000
-1000
-1000
-1000
1000
1000
1000
-1000
-1000
-1000
-1000
-1000
0
-1000
0
0
0
0
0
0
-999.547572206703
0
999.547572206703
0
0
0
0
0
0
0
0
0
-1000
-1000
0
0
0
0
0
0
0
1000
0
0
0
0
9.10476258966285
0
50.3028360234646
0
0
-0.00409929103989271
0.00409929103985175
0
0
-0.00409929103989271
-0.00409929103989271
0
0
0
0
0
1000
0
0
0
0
0
0
0
0
0
0
0
0
0
0
160.954411508611
0
0
0
0
0
0
0
0
0.00409929103985175
0
0
-1000
1000
418.341916886521
-272.309205026912
1000
0
0
0
0
-0.00409929103989271
0.416147352229245
0
0
0
0
246.364518244509
0
0
0
0
0
0
0
0
0
0
0
0
0
0
0
0
0.00409929103985175
0
0
0
2.78979133034255
96.2453627108055
0
0
0
0
0
0
0
-1000
0
1000
0
0
0
0
0
0
0
0
0
0
0
0
0
0
0
0
0
0
0
0
0
0
0
0
0
0
0
0
0
0
0
0
0
0.00409929103985175
0
0
0
0
1000
0
1000
0
0
2.21653221292606
0
0
0
0
0
0.00613111355525652
1000
0
-1000
0
0
0
0
0
0
0
0
0
0
0
0.00409929103989271
-1000
425.460494601359
997.783467787075
1000
0
0
0
0
963.663923829431
0
0
0
0
0
0.00409929103989271
0
0
1000
0
0
0
0
1000
0
0
0
0
0
-1000
0
-1000
1000
0
0
0
0
0
0
0
0
0
0
0
-1000
1000
0
818.998678062166
818.998678062166
0
0
0
0
0
818.998678062166
0
0
0
1000
0
997.341891958228
0
0
0
0
0
0
0
0
0
0
1.10826610646303
0
0.00409929103985175
-0.00409929103989271
0.00409929103985175
0.00409929103985175
0
0
0.00409929103989271
718.281778576237
0
0
1.10826610646302
0
0
-0.0122978731195644
-1000
2.65810804177227
-0.449774410925897
0.449774410925897
1000
-1000
0
0
-1000
-1000
1000
-1000
0
0
0
0
0
0
0
0
0
0
0
0
0
0
0
0
0
0
0
0
0
0
0
0
0
999.550225589074
0
0
0
0
0
0.00204370451841884
0
0
0
0
0
0
0
0
0.00409929103985175
0
0
0
0
0
0
0
0
0
0
0
0
0
0
0
0
0
0
0
0
0
0
0
0
1000
0
0
0
0
0
0
0
0
0
0
0
0
0
0
0
0
0
0
0
0
0
0
0
0
0
0
0
0
0
0
0
2.64374567062907
0
0
0
0
0
0
0
0
0
0
0
0
0
0
0
0
0
0
0
0
0
0
0
0
0
0
0
0
0
0
0
0
0
0
0
0
0
0
0
0
0
0
0
0
0
0
0
0
0
0
0
0
0
0
0
0
0
0
0
0
0
0
0
0
0
0
0
0
0
0
0
0
0
0
0
0
0
0
0
0
0
0
0
0
0
0
0
0
0
0
0
0
0
0
0
0
0
0
0
0
0
0
0
0
0
0
0
0
0
0
0
0
-999.985694068371
0
0.00204370451842806
0
0.0224926317056315
0
0
-0.0143059316288827
0
1000
0.0184052226687754
0
0
0
0
0
0
0
0
0
0
0
0
0
0
0
0
0
0
0.00409929103985175
0.00409929103985175
0.00409929103985175
-1000
-1000
0
-1000
-1000
0
0
0
0
0
0
-1000
818.998678062166
0
0
0
0
0
0
0
0
0
0
364.185619649113
0
1000
0
-1000
-1000
-1000
-999.354569768565
-1000
-1000
0
0
0
0
0
0
0
0
0
0
-963.826697369054
0
1000
0.449001090563085
0.00409929103985175
0.00409929103985175
0.00409929103985175
0.00409929103985175
0.00409929103985175
0
0
0
1000
0
0
0
0
0
0
0
0
0
0
0
0
0
0
0
-1000
0
0
0
0
0
0
1000
-1000
0
1000
1000
1000
-1000
0
0
0
0
0
0
0
0
0
0
0
0
0
0
0
0
0
0
0
0
0
0
0
0
0
0
0
0
0
0
0
0
0
0
0
0
0
0
0
0
0
0
0
0
0
0
0
1000
0
0
0
0
0
0
0
0
0
-1000
0
0
0
0
0
0
0
0
1000
-1000
-1000
-1000
-1000
-1000
0
0.0245482182270542
0
0
0
0
1000
-1000
-991.317754810514
0
246.364518244509
0
0
0
999.975404253761
16.9500575236574
0
0
0
0
0
0.659265015899945
0.659265015899945
-361.996512762113
-999.983650363853
0
0
0
0
0
0
0
0
1000
0
0
0
0
0
0
0
922.499255314177
0.00409929103985175
0
0
0
0
0
0
0
-1000
-1000
0
0
1000
0
0
0
1000
0
0
0
-635.814380350887
0
-1000
0
0
0
-1000
-1000
0
0
0
0
-0.00167101678039216
0
1000
364.125045290823
-1000
1000
0
0
0
0
-750
0
0
0
0
-1000
-1000
0
0
0
574.539505398641
0
0
0
0
0.00102036700883266
0
0
0
0
0
0
0
0
997.341891958228
0
1000
0
0
0
0
0
0
0
0
0
1000
0
0
-1000
0
-1000
-1000
1000
0
0
0
0
0
0
0
0
0
0
0
198.414576696433
0.00204370451841884
0.00204370451841884
0
-1000
-507.452923504058
-507.452923504058
286.660279217051
0
0
0
0
0
0
0
0
0
0
0
0
0
0
0
0
0
0
0
0
0
0
0
0
0
0.00409929103989271
0
0
0
0
0
0
0
0
0
0
0
0
0
0
0
0
0
0
0
0
0
0
0
0
0
0
0
0
0
0
0
0
0
0
0
0
0
0
0
0
0
0
0
0
0
-1000
0
-1000
0
0
0
0
0
0
-1000
0
0
0
0
0
0
0
0
0
0
0
635.814380350887
0
0
0
0
0
0
0
0
0
0
0
0
0
1000
0
0
0
0
0
0
0
0
0
0
0
0
0
0
0
0
0
0
0
0
0
0
0
0
0
0
0
0
0
0
0
0
0
0
0
0
0
20.4454021893384
0
0
0
0
0
0
0
0
0
0
0
0
0
0
0
0
0
20.4454021893384
0
0
0
0
0
0
0
0
0
0
0
0
0
0
0
20.4454021893384
0
0
0
0
0
0
0
0
0
0
0
0
0
0
0
0
0
0
0
0
0
0
0
0
0
0
0
0
0
0
0
0
0
0
0
0
0
0
0
0
0
0
0
0
0
0
0
0
0
0
0
0
0
0
0
0
0
0
0
0
0
0
0
0
0
0
0
0
0
0
0
0
0
0
0
0
0
0
0
0
0
0
0
0
0
0
0
0
0
0
0
0
0
0
0
0
0
0
0
0
0
0
0
0
0
0
0
0
0
0
0
0
0
0
0
0
0
0
0
0
0
0
0
0
0
0
0
0
0
0
-1000
0
0
0
0
0
0
0
0
0
0
0
0
0
0
0
0
0
0
0
0
0
0
599.379045453487
0
266.045712120154
0
0
266.042520482122
0
-888.511479764234
1000
-1000
888.698190589096
0
-1000
0
-5.57958266068511
-1000
0
0
0
0
786.207313235102
0.0245957462391105
0
0
0
0
117.518629016814
0
0
0
0
0
0
0
0
0
0
-37.0844562090746
0
0
0
0
0
0
0
0
0
0
0
0
0
0
0
0
0
0
0
0
0
0
0
0
0
0
0
0
0
0
0
0
0
0
0
0
0
0
0
0
0
0
0
0
0
0
0
0
0
0
0
0
0
0
0
0
0
0
0
0
0
0
0
0
0
0
0
0
0
0
0
0
0
0
0
0
0
0
0
0
0
0
0
0
0
0
0
0
0
0
0
0
0
0
0
0
0
0
0
0
0
0
0
0
0
0
0
0
0
0
0
0
0
0
0
0
0
0
0
0
0
0
0
0
0
0
0
0
0
0
0
0
0
0
0
0
0
0
0
0
0
0
0
0
0
0
0
0
0
0
0
0
0
0
0
0
0
0
0
0
0
0
0
0
0
0
0
0
0
0
0
0
0
0
0
0
0
0
0
0
0
0
0
0
0
0
0
0
0
0
0
0
0
0
0
0
0
0
0
0
0
0
0
0
0
0
0
0
0
0
0
0
0
0
0
0
0
0
0
0
0
0
0
0
0
0
0
0
0
0
0
0
0
0
0
0
0
0
0
0
0
0
0
0
0
0
0
0
0
0
0
0
0
0
0
0
0
0
0
0
0
0
0
0
0
0
0
0
0
0
0
0
0
286.660279217051
0
0
0
0
0
0
0
0
0
0
0
-1000
0
0
1.12983986326927
0
0.00409929103989271
-637.515166619016
-361.996512762113
0
0
0
0
0
0
0
0
0
0
0
0
0
0
0
0
0
0
0
0
0
0
0
0
0
0
0
0
0
0
0
0
0
0
0
0
0
0
0
0
0
0
0
0
0
0
0
0
0
0
0
0
0
0
0
0
0
0
0
0
0
0
0
0
0
0
0
0
0
0
0
0
0
0
0
0
0
0
0
0
0
0
0
0
0
0
0
0
0
0
0
0
0
0
0
0
0
0
0
0
0
0
0
0
0
0
0
0
0
0
0
0
0
0
0
0
0
0
0
0
0
0
0
0
0
0
0
0
0
0
0
0
0
0
0
0
0
0
0
0
0
0
0
0
0
0
0
0
0
0
0
0
0
0
0
0
0
0
932.906501927567
953.748594811524
0
0
0
0
0
0
0
1000
0.00409929103989271
0
0
-1000
1000
0
0
0
0
0
0
0
0
0
0
0
0
0
0
0
1000
0
-1000
0
0
0
0
0
0
0
0
0
0
0
0
0
0
0
0
0
0
801.599729235196
0
0
0
0
0
0
0
0
0
0
0
0
0
0
0
0
0
0
0
0
0
0
0
0
0
0
0
0
0
0
0
0
0
0
0
0
0
0
0
0
0
0
0
0
0
0
0
0
0
0
0
0
0
0
0
0
0
0
0
0
0
0
0
0
0
0
0
0
0
0
0
0
0
0
0
0
0
0
0
0
0
0
0
0
0
0
0
0
0
0
0
0
0
0
0
0
0
0
0
500
99.0166917838586
0
0
-1.10826610646302
0
0
528.501592396345
21.9024922225895
47.8745704774956
0.11882003014063
99.0166917838586
0
0
0
0
0
0
0
0
0
0
0
0
0
0
0
0
0
0
0
0
1000
-1000
0
-991.317754810514
-8.6822451894858
361.996512762113
-574.54360468968
0
361.996512762113
0
0
0
0
0
0
0
-4.17754195103464
0
0.00409929103989271
0
0
0
0
0
0
0
0
0
0
0
0
0
0
0
0
0
0
0
0
0
384.570447480161
0
0
0
0
1000
-0.812114155281165
-0.0350913523886902
0
-12.1647352757826
-23.8480910027889
-48.6348156861776
-38.138100747682
25.174584947109
-657.686931233412
-30.1323685277313
-5.22719017596137
-35.6723524330382
-1000
-1000
0
0
0
0
-1000
-44.0803993733758
-19.8762591994359
-191.047500114712
-15.1135167179557
-11.6918860150038
-27.1310933864091
44.128187296054
972.706509337396
-122.200420878344
0
0
0
-8.6822451894858
0
1000
0
0
937.635649510995
-1000
0
0
0
0
0.416147352229245
0
1000
0
0
0
0
0
0
0
0
0
0
-0.00409929103989271
-0.00409929103989271
0
0
0
0
0
0
0
0
0
0
0
0
160.954411508611
0
0
0
0
0
1000
0
0
0
0
-1000
-1000
246.364518244509
-0.00409929103989271
-0.00409929103989271
-1.12983986326924
-773.946299452604
0
0
-0.00409929103989271
0
-0.00409929103989271
0
0
0
-0.00409929103989271
0
0
1000
-0.00409929103989271
0
0
0
0
0
0
0
0
0
0
0
932.906501927567
0
0
0
0
0
1000
0
0
0
0
0
0
0
0
0
0
0
-932.84919502703
0
1000
0
0
-0.00409929103989271
0
0
0
0
0
0
0
0
0
0
0
0
0
0
96.2453627108055
0
-4.12611466165606
0
-1000
-1000
0
0
0
0
0
0
0
0
2.7897913303425
0
0
0
0
-1000
0
753.448770930629
0
0
0
0
246.551229069371
1000
1000
0
0
-1.51565246180314
283.631585987406
0
0
0
0
0
0
0
0
0
-1000
-146.032711859609
0
0
0
0
0
-0.057306900536787
0
0
0
0
727.690794973088
-1000
1000
0
0
0
0
0
0
1000
-1000
-1000
-6.26254831193057
0
0
0
0
0
0
0
0
0
0
1000
0
-0.00174926769159356
-0.00167101678039216
-0.452427793297034
-503.012320948377
-0.0246474975110687
-0.120234957278626
-0.0158746594139529
-0.0898171519472726
-0.0480417324369
0
0
0
495.456834346805
0
-0.00167101678039216
0
-0.00167101678039216
-0.00167101678039216
-0.00167101678039216
0
0
-0.00167101678039216
-0.628117450816944
0
0
-16.9500575236574
0
0
-0.00167101678039216
-0.0114642218863992
0
-0.00167101678039216
-0.00167101678039216
-0.00167101678039216
-0.00167101678039216
-0.0484594866320549
0
-0.104438548775875
0
0
0
-1000
1000
0
0
-1000
1000
-0.00409929103989271
0
750
-750
0
0
0
-1000
0
0
0
0
0
0
0
0
0
0
0
0
0
0
0
0
-999.985694068371
0
-198.414576696433
198.414576696433
1000
-1000
-1000
0
-1000
-1000
-0.00167101678039216
-0.00167101678039216
0
0
0
0
0
888.511479764234
-888.698190589096
786.207313235102
0.0245957462391289
0
0
0
0
117.518629016814
1000
-37.0844562090746
0
0
0
0
0
0
0
0
0
0
0
0
0
0
0
0
0
0
0
0
0
0
0
0
0
0
0
0
0
0
0
0
0
0
0
0
0
0
0
0
0
0
0
0
0
0
0
0
0
0
0
0
0
0
0
0
0
0
0
0
0
0
0
0
0
0
0
0
0
0
0
-0.00167101678039216
0
0
0
0
0
0
0
0
0
0
0
0
0
0
0
0
0
0
0
0
0
0
0
0
0
0
0
0
0
0
0
0
0
0
0
0
0
0
0
0
0
0
0
0
0
0
0
0
0
0
0
0
0
0
0
0
0
0
0
0
0
0
0
0
0
0
0
0
0
0
0
0
0
0
0
0
0
0
0
0
0
0
0
0
0
0
0
0
0
0
0
0
0
0
0
0
0
0
0
0
0
0
0
0
0
0
0
0
0
0
0
0
0
0
0
0
0
0
0
0
0
0
0
0
0
0
0
0
0
0
0
0
0
0
0
0
0
0
0
0
0
0
0
0
0
0
0
0
0
0
0
0
0
0
0
0
0
0
0
0
0
0
0
0
0
0
0
0
0
0
0
0
0
0
0
0
0
0
0
0
0
0
0
0
0
0
0
0
0
0
0
0
0
0
0
0
0
0
0
0
0
0
0
0
0
0
0
0
0
0
0
0
0
0
0
0
0
0
0
0
0
0
0
0
0
0
0
0
0
0
0
0
0
0
0
0
0
0
0
0
0
0
0
0
0
0
0
0
0
801.599729235196
0
0
0
0
0
0
0
-932.906501927567
0
1000
0
999.985694068371
0
637.515166619016
0
0
0
0
0
0
0
0
0
0
0
0
0
0
0
0
0
0
0
0
0
0
0
0
0
-1000
0
-953.748594811524
-0.00409929103989271
0
0
0
0
0
0
0
0
-999.971352490733
0
0
0
0
0
0
0
801.599729235196
0
-801.599729235196
0
0
0
0
0
0
0
0
0
0
0
0
0
0
0
0
0
0
0
0
0
0
0
0
0
0
0
0
0
0
0
0
0
0
0
0
0
0
0
0
0
0
-0.00167101678039216
-0.00167101678039216
-0.00167101678039216
-0.00167101678039216
0
-0.00167101678039216
-0.647101248215222
0
-0.00167101678039216
-0.00167101678039216
-0.00167101678039216
-0.00167101678039216
0
-0.00167101678039216
-0.00167101678039216
-0.00167101678039216
-0.00167101678039216
-0.00167101678039216
-0.00167101678039216
-0.00167101678039216
0
-0.00167101678039216
-0.00167101678039216
-0.00167101678039216
0
-1000
99.0166917838585
0
1000
0
0
0
0
0
0
0
0
0
