0
0
0
0
0
0
0
27.694298561838
-1000
251.801196147764
748.198803852236
0
0
263.486612237773
0
0
999.745186043286
-999.745186043286
999.941518108295
0
0.0584818917048575
0
-1000
0.367600462144765
0
1000
-276.71892082972
0
-377.996593754611
0.0124825878468279
0
0
0
0
0
0
342.534674470612
0
0
0
35.0943188218542
0
0
0
0
0
0
0
0
0
0
0
0
0
0
0
0
0
0
0
0
0
0
0
0
0
0
0
0
377.996593754611
0
0
0
0
1000
1000
0
0
0
0
377.996593754611
0
-1000
0
0
0
0
0
0
0
0
0
0
0
0
0
0
0
0
0
0
0
0
0
0
0
0
0
0
0
0
0
0
0
0
0
0
0
0
0
0
0
0
0
0
0
0
0
0
0
0
0
972.305701438162
0
0
-1000
0
0
0
0
-1000
0
0
0
-14.6411009901285
0
0
-1000
0
-1000
0
0
0.00892650177418508
1000
0
0
459.385093690573
1000
1000
540.606551753469
0
621.828009816365
0
-1000
540.606551753469
804.093163991241
1000
-736.513387762227
0
0
1000
0
0
0.00892650177422638
0
0
1000
-1000
0
0
0
0
0
-3.93436084077086
0
0
0
0
0
0
0
4.1014519599355
-1000
0
0
0
0
0
0
0
0
795.168305133558
795.168305133558
0
0
0
0
-799.106843252308
0
-355.346189150659
0
0
0
0
0
0
0
0
0
0
999.745186043286
0
0
0
-1000
0
989.393519705922
0
0.461358105634232
0.469712661592257
0
0
9.67540952685124
0
799.106843252307
0
0
0
-1000
0
0
0
0
0
0
0
0
0
0
0
0
-1000
0
-1000
1000
-1000
-1000
0
332.370080102337
999.599196441679
-1000
-13.7776373286736
-0.967013501141651
1000
-2.63321261947283
8.98337236839961
-1000
0
0
-0.692037158451626
1000
0
0
1000
0
0.179622953093491
0
-0.179622953093485
0
0.00178322683526113
0
0
0
0
0
0
0
0
1000
0
0
0
0
0
0
0
0
287.001911677519
0
1000
0
0
0
1000
0
-0.179622953093485
0
-0.692037158451626
0
0
0.692037158451626
2.63321261947283
0
0
0
8.98337236839961
0
0
-1000
0
0
0
-1000
0.692037158451626
0
-16.690932332792
-0.967013501141651
0
8.9869491896678
0
0
0
0
0
0
0
0
0
0
0
712.998088322481
0
0
0
2.3067905281721
0
9.71098334706159
0
0
0
332.687231833201
8.98337236839961
0
0
0
-242.028021656702
751.693437224146
355.350366428638
-1000
-1000
1000
0
1000
-1000
-1000
1000
-1000
1000
332.685448606366
1000
8.98337236839961
-1000
0
0
0
0
-1000
8.98337236839961
-1000
-1000
0
0
1000
0
0.00835455595779422
1000
1000
0
0
0
0
0
0
0.967013501141665
-1000
1000
1000
-1000
1000
-1000
-354.658329270187
1000
-887.524251671736
-1000
1000
1000
0
-757.80906450212
1000
-1000
-1000
1000
0
-1000
-1000
1000
-1000
1000
1000
0
0
0
-1000
1000
2.31932236210866
0
0
-799.106843252308
0
0
0
1000
0
0
0
-541.280296095367
306.867524728892
204.980301422554
0
0
0
0
0
0
1.67508846954627
0
0
500.013696460765
0
0
0
0
0
0
0
999.971385429853
-999.971385429853
0
0
0
0
0
0
0
0
0
0
0
0
0
0
0
0
0
0
0
0
0
0
0
0
0
0
0
0
0
0
0
0
0
0
0
0
0
0
0
0
0
0
0
1000
1000
1000
0.104431949472996
0.104431949472996
0
-999.307962841548
0
0
0
0
0
0
0
0
0
0
0
0
0.0286145701472135
0
0
0
-488.636111718403
0
0
0
0
0
0
0
0
0
0
0
0
0
0
0
0
0
0
0
0
0
0
0
0
0
0
0
0
0
0
0
0
0
0.162913841185703
0
0
0
1000
0
0
0
0
0
0
-1000
0
0
0
0
0
0
0
0
0
0
0
0
0
0
0
0
0
0
0
0
0
0
0
0
0
0
0
-718.071002687249
0
0
0.162913841185703
0
0
0
0
0
0
0
0
0
941.953731160193
0
0
0
0
0
0
0
0
0
0
0
0
0
0
0
0
0
0
0
0
0
0
0
0.00357682126840169
0
0
0
0
0
0
0
0
0
0
-1000
0
0
0
0
0
0
0
0
0
0
0
0
0.0107304638052051
0.0107304638052051
0
0.0107304638052051
0
0
0
0
0
0
0
0
0
0
0
0
0
0
0
0
0
0
0
0
0
-1000
0
500.017873738744
0
0
0
0
0.75608731418423
0.75608731418423
0
34.2391259116075
0
0
0
0
0
0
0
0
0
0
0
0
0
0
0
0
0
0
0
1000
0
0
0
0
0
-1000
0
0
0
-1000
0
0
1000
0
0
0
0
344.674652076837
0
0
344.674652076837
0
0
0
0
0
0
0
0
0
0
344.674652076837
0
344.674652076837
0
0
0
12.9580934037353
36.9374833323558
23.6104762374109
17.2928292754475
25.6395015390634
8.43890068641837
19.7368824797107
36.1074275271343
33.2483464202603
10.5140401994721
20.3824814393274
42.0100465864871
33.156117997458
10.2373549310649
16.9700297956391
23.5182478146086
30.4814937361887
24.6711030996384
4.51919271731694
30.7581790045959
0
0
0
0
0
0
0
0
0
0
0
0
0
0
0
0
0
0
0
0
0
0
0
0
0
0
0
0
0
0
0
0
0
0
0
0
0
0
0
0
0
0
0
0
0
0
0
0
0
0
0
0
0
0
0
0
0
0
0
0
0
0
0
0
0
0
0
0
0
0
0
0
0
0
0
0
0
0
0
0
0
0
0
0
0
0
0
0
0
0
0
0
-1000
0
0
0
0
0
1000
1000
-248.306562775854
-248.306562775854
0
0
0
0
0
458.569321897391
0
306.867524728892
-1000
-458.719703904633
-1000
0
-511.392502851744
488.636111718403
185.539820456856
507.931014330544
1000
458.577676453349
1000
0
0
541.430678102608
0
-1000
-1000
-1000
0
0
0
488.636111718403
488.636111718403
511.392502851744
0
0
0
0
0
0
0
0
0
0
0
-999.996423178732
240.293780729865
1000
1000
0
500
0
2.51251369064047
5
0
0
0
0
0
0
259.155019480424
0
0
0
0
-0.00961535262422331
0
0
0
0
-0.00961535262422331
738.051023060823
239.280268552234
0
-0.0192307052484466
0
-0.00961535262422331
-3.60967459292738
0
-0.600959539013843
0
-1000
-3.73316065635413
0
-0.00961535262422331
-0.00961535262422331
0.00961535262422331
-0.00961535262422331
0.00961535262422331
-0.00961535262422331
-0.00961535262422331
-0.00961535262422331
-0.00961535262422331
-0.00961535262422331
-0.00961535262422331
-0.00961535262422331
-0.00961535262422331
-0.00961535262422331
-0.00961535262422331
-0.00961535262422331
-0.201922405108689
-0.0609862713693019
-0.27644138794642
-0.278845226102476
-0.141826451207294
0.00961535262422331
3.47140267285397
-0.671843828651845
0.00961535262422331
0.00961535262422331
0.00961535262422331
0.00961535262422331
-4.60335006884623
-0.069711306525619
-3.12018192656001
0
-0.0300769129163427
0.00961535262422331
0.00961535262422331
0.0913458499301214
0.00961535262422331
0.00961535262422331
-0.00961535262422331
0
0
0
0
0
0
0
0
0
0
0
0
0
0
0
0
0
0
0
0
0
0
0
0
0
0
0
0
0
0
0
0
0
0
0
0
0.000890317467906243
0
0
0
0
0
0
0
0
0
0
0
0
0
0
0
0
0
0
0
0
0
0
0
0
0
0
0
0
0
0
0
0
0
0
0
0
0
0
0
0
0
0
0
0
0
0
0
0
0
0
0
0
0
0
0
0
0
0
0
0
0
0
0
0
0
0
0
0
0
0
0
0
0
0
0
0
0
0
0
0
0
0
0
0
0
0
0
0
0
0
0
0
0
0
0
0
0
0
0
0
0
0
0
0
0
0
0
0
0
0
0
0
0
0
0
0
0
0
0
0
0
0
0
0
0
0
0
0
0
0
0
0
0
0
0
0
0
0
0
0
0
0.00961535262422177
0.00961535262422177
255.712462865443
0
0
0
0
0
0
0.00961535262422177
0
0
0.00961535262422177
0
0
0
0
0
0
0
0
0
0
0
0
0
0
0
0
0
0
0
0
0
0
0
0
0
0
0
0
0
0
0
0
0
0
0
0
0
0
0
0
0
0
0
0
0
0
0
0
0
0
0
0
0
0
0
0
0
0
0
0
0
0
0
0
0
0
0
0
0
0
0
0
0
0
0
0
0
0
0
0
0
0
0
0
0
0
0
0
0
0
0
0
2.60335672300804
0
0
0
0
0
0
0
0
0
0
0
0
0
0
0
0
0
0
0
0
0
0
0
0
0
0
0
0
0
0
0
0
0
0
0
0
0
0
0
0
0
0
0
0
0
0
0
0
0
0
0
0
0
0
0
0
0
0
0
0
0
0
0
0
0
0
0
0
0
0
0
0
0
0
0
0
0
0
0
0
0
0
0
0
0
0
0
0
0
0
0
0
0
0
0
0
0
0
0
0
0
0
-1000
0
0
0
0
0
0
0
0
0
0
0
0
0
0
0
0
0
0
0
0
0
0
0
0
0
0
0
0
0
0
0
0
0
0
0
0
0
0
0
0
0
0
0
0
0
0
0
0
0
0
0
0
0
0
0
0
0
0
0
0
0
0
0
0
0
0
0
0
0
0
0
0
0
0
0
0
0
0
0
0
0
0
0
0
0
0
0
0
0
0
0
0
0
0
0
0
0
0
0
0
0
0
0
0
0
0
0
0
0
1000
1000
0
0
0
0
0
0
0
0
0
0
0
0
0
0
0
0
0
0
0
0
0
-1000
0
-1000
0
0
0
0
0
0
0
1000
1000
0
0
0
0
0
0
0
0
0
0
0
0
0
0
0
0
0
0
0
0
0
0
0
0
0
0
0
0
0
0
0
0
0
0
0
0
0
0
0
0
0
0
0
0
0
0
0
0
0
0
0
0
0
0
0
0
0
0
0
0
0
0
0
0
0
0
0
0
0
0
0
0
0
0
0
0
0
0
0
0
0
0
0
-998.065972997717
385.14452228295
0
0
0.00961535262422331
0
-743.948595954554
0
0
255.702847512818
0
743.938980601929
-0.00961535262422331
239.280268552234
0
0
0
0.000890317467906243
3.72354530372991
0
0
999.990384647376
0
0
0
0
0
0
0
0
0
0
0
0
0
-1000
0.000890317467906243
0
0
0
0.00357682126843883
0
0
0
0
0
0
0
-0.00357682126843883
0
0
0
0
0
259.155019480424
1000
-998.065972997717
-255.693232160194
-255.693232160194
435.561103919638
-564.438896080362
1000
-0.0214609276104056
0
0
0.00961535262422331
-0.00961535262422331
0
0
256.051404045446
-256.051404045446
1000
0
0
0
-255.702847512818
-255.702847512818
1000
0
-256.061019398071
-743.938980601929
-1000
0
-760.719731447766
-239.280268552234
-1000
0
0
0
0
0
-1000
0
-1000
0
0
0
0
0
-1000
0
0
0
-1000
0
0
0
-1000
0
0
0
0
0
0
0
0
0
0
0
0
0
0
0
0
0
0
0
-1000
1000
-1000
0
-1000
0
-1000
0
-1000
0
0
0
0
0
0
0
0
0
-1000
0
-1000
0
235.443290827902
0
1000
0
-1000
0
-1000
0
0
0
0
0
0
0
0
0
0
-975.767488758392
-24.2325112416081
3.46178732022975
-3.46178732022975
0
0
0
0
0
0
0
0
0
0
0
0
0
0
0
0
0
0
0
0
0
0
0
0
0
0
0
0
0
0
0
0
0.000890317467906243
-0.000890317467906243
0
0
0
0
0
0
0
0
0
0
0
0
0
0
0
0
0
0
0
0
0
0
0
0
0
0
0
0
0
0
0
0
0
0
0
0
0.000890317467906243
-0.000890317467906243
0
0
0
0
0
0
-0.00357682126843883
-0.00357682126843883
0
0
0
0
0
0
0
0
0
0
0
0
0
0
0
0
0.00357682126843883
0.00357682126843883
0
0
0
0
0
0
0
0
0
0
0
0
0
0
0
0
0
0
0
0
0
0
0
0
0
0
0
0
0
0
0
0
0
0
0
0
0
0
0
0
0
0
0
0
0
0.00357682126840169
0
0
0
0
0
0
0
0
10.9297912420349
0
0
0
0
0
0
0
0
0
0
0
0
0
0
0
0
0
0
0
0
0
0
0
0
0
0
0
0
0
0
0
0
0
0
0
0
0
0
0
0
0
0
0
0
0
0
0
0
0
0
0
0
0
0
0
0
0
0
0
0
0
0
0
0
0
256.051404045446
256.051404045446
256.051404045446
0
0
0
0
0
0
0
0
0
0
0
0
0
0
0
0
0
0
0
0
0
0
0
0
0
0
0
0
0
0
0
0
0
0
0
0
0
0
0
0
0
0
0
0
0
0
0
0
0
0
0
0
0
0
0
0
0
0
0
0
0
0
0
0
0
0
0
0
0
0
0
0
0
0
0
0
0
0
0
0
0
0
0
0
0
0
0
0
0
0
0
0
0
0
0
0
0
0
0
0
0
0
0
0
0
0
0
0
0
0
0
0
0
0
0
0
255.702847512818
255.702847512818
255.702847512818
255.702847512818
-255.702847512818
0
0
0
0
0
0
0
0
0
0
0
0
0
0
0
0
0
0
0
0
0
0
0
0
0
0
0
0
0
0
0
0
0
0
0
0
0
0
0
0
0
0
0
0
0
0
0
0
0
0
0
0
0
0
0.00357682126840169
0.00357682126840169
0.00357682126840169
0.00357682126840169
0.00357682126840169
0
0
0
0
0
0
0
0
0
0
0
0
0
0
0
0
0
0
0
0
0
0
0
0
0
0
0
0
0
0
0
0
0
0
0
0
0
0
0
0
0
0
0
0
0
0
0
0
0
0
14.6411009901285
14.6411009901285
-14.6411009901285
4.87202108041656
-2.4342221295741
2.43422212957408
2.43422212957408
2.43422212957408
2.43422212957408
2.43422212957408
2.43422212957408
2.43422212957408
2.43422212957408
2.43422212957408
2.43422212957408
2.43422212957408
0
2.4342221295741
2.43422212957408
2.43422212957408
2.43422212957408
2.43422212957408
2.43422212957408
2.43422212957408
0
0
0
2.43422212957408
2.43422212957408
0
2.42708922223303
0
0
0
0
0
0
0
0
0
0
0
0
0
0
0
0
14.6411009901285
14.6411009901285
4.87202108041656
4.87202108041656
0
0
0
0
0
0
0
0
0
0
0
0
0
0
0
0
0
0
0
0
0
0
0
0
0
0
0
0
0
0
0
0
0
0
0
0
0
0
0
0
0
0
0
0
0
0
0
0
0
0
0
0
0
0
0
0
0
0
0
0
0
0
0
0
0
0
0
0
0
0
0
0
0
0
0
0
0
0
0
0
0
0
0
0
0
0
0
0
0
0
0
0
0
0
0
0
0
0
0
0
0
0
0
0
0
0
0
0
0
0
0
0
0
0
0
0
0
0
0
0
0
0
0
0
0
0
0
0
0
0
0
0
0
0
0
0
0
0
0
0
0
0
0
0
0
0
0
0
0
0
0
0
0
0
0
0
0
0
0
0
0
0
0
0
0
0
0
0
0
0
0
0
0
0
0
0
0
0
0
0
0
0
0
0
0
0
0
0
0
0
0
0
1.17150054584949
0.0249962784872941
0.0249962784872941
0
0
0
0
-0.024996278487265
0
0
0
0
1.14650426736219
0
0
0
0
0
0
0
0
0
0
0
0
0
0
0
0
0
0
0
0
0
0
0
0
0
0
0
0
0
0
0
0
0
0
0
0
0
0
0
0
0
0
0
0
0
0.0249962784872941
0
0
0
0
0
0
0
0
0
0
0
0
0
0
0
0
0
0
0
0
0
0
0
0
0
0
0
0
0
0
0
0
0
0
0
0
0
0
0
0
0
0
0
0
0
0
0
0
0
0
0
0
0
0
0
0
0
0
0
0
0
0
0
0
0
0
0
0
0
0
0
0
0
0
0
0
0
0
0
0.00357682126840169
0
0
0
0
0
0
0
1.54225275774965
0
0
0
0.967013501141665
0.967013501141665
0.967013501141665
0
0
0
9.61089110126766
0
0
1.32247696203564
0
0
9.61089110126766
0.00357682126840169
0
0
0
0
-1.32247696203558
1.32247696203564
0
0
0
0
0
0
10.7823916471171
0
0
0
0.241195252932907
0
0.219775795714015
0
10.7823916471171
10.7823916471171
0
0
0
0
0
0
0
0
0
0
0
0
0
0
-10.9297912420349
0
0
0
0
0
0
0
0
0
0
0
0
0
0
0
0
0
0
0
0
0
0
0
0
0
0
0
0
0
0
0
0
0
0
0
0
0
0
0
0
0
0
0
0
0
0
0
0
0
0
0
0
0
0
0
0
0
0
0
0
0
0
0
0
0
0
0
0
0
0
0
0
0
0
0
0
0
0
0
0
0
0
0
0
0
0
0
0
0
0
0
0
0
0
0
0
0
0
0
0
0
0
0
0
0
0
0
0
0
0
0
0
0
0
0
0
0
0
0
0
0
0
0
0
0
0
0
0
0
0
0
0
0
0
0
0
0
0
0
0
0
0
0
0
0
0
0
0
0
0
0
0
0
0
0
0
0
0
0
0
0
0
0
0
0
0
0
0
0
0
0
0
0
0
0
0
0
0
0
0
0
0
0
0
0
0
0
0
0
0
0
0
0
0
0
0
0
0
0
0
0
0
0
0
0
0
0
0
0
0
0
0
0
0
0
0
0
0
0
0
0
0
0
0
0
0
0
0
0
0
0
0
0
0
0
0
0
0
0
0
0
0
0
0
0
0
0
0
0
0
0
0
0
0
0
0
0
0
0
0
0
0
0
0
0
0
0
0
0
0
0
0
0
0
0
0
0
0
0
0
0
0
0
0
0
0
0
0
0
0
0
0
0
0
0
0
0
0
0
0
0
0
0
0
0
0
0
0
0
0
0
0
0
0
0
0
0
0
0
0
0
0
0
0
0
0
0
0
0
0
0
0
0
0
0
0
0
0
0
0
0
0
0
0
0
0
0
0
0
0
0
0
0
0
0
0
0
0
0
0
0
0
0
0
0
0
0
0
0
0
0
0
0
0
0
0
0
0
0
0
0
0
0
0
0
0
0
0
0
0
0
0
0
0
0
0
0
0
0
0
0
0
0
0
0
0
0
0
0
0
0
0
0
0
0
0
0
0
0
0
0
0
0
0
0
0
0
0
0
0
0
0
0
0
1000
0
0
0
0
0
0
0
0
0
0
0
0
0
0
0
0
0
0
0
0
0
0
0
0
0
0
0
0
0
0
0
0
0
0
0
0
0
0
0
0
0
0
0
0
0
0
0
0
0
0
0
0
0
0
0
0
0
0
0
0
0
0
0
0
0
0
0
0
0
0
0
0
0
0
0
0
0
0
0
0
0.162913841185703
0.162913841185703
0
0
0
0.162913841185741
0
0.162913841185703
0
0
0
0
0.0250636678813928
0
0
0
0
0
0
0
0
0
0
0
0
0
0.985837603024745
0
0
0
0
0
0
0.985837603024745
0.985837603024745
0.985837603024745
0.98583760302472
0
0
0
0
0
0
0
0
0
0
0
0
0
0
0
0
0
0
0
0
0
0
0
0
0
0
0
0
0
0
0
0
0
0
0
0
0
0
0
0
0
0
0
0
0
0
0
0
0
0
0
0
0
0
0
0
0
0
0
0
0
0
0
0
0
0
0
0
0
0
0
0
0
0
0
0
0
0
0
0
0
0
0
0
0
0
0
1000
-626.272991854607
-109.348822543747
0
0
0
-1000
1000
1000
0
0
0
0
-1000
263.686148443194
0
0
0
0
0
0
0
0
0
0
0
0
0
0
0
0
0
0
0
0
0
0
0
0
0
0
0
0
0
0
0
0
0
0
0
0
0
0
0
0
-1000
0
0
0
0
0
0
0
0
0
0
0
0
0
0
0
0
0
-999.996423178732
999.996423178732
1000
999.996423178732
1000
-1000
-1000
0
0
0
0
0
0
0.00357682126843883
0
0
0
0
0
0
0
0.0143072850736068
0.00357682126840169
0.00357682126840169
0.00357682126840169
0.00357682126840169
0
0.00357682126840169
0
0
0
0
0
0
0
0
0.0142761822799685
0
0.00357682126840169
0.0214194572188924
1000
0.00178322683526113
0.00178322683526113
0.00357682126843883
0
0.0124929554447073
0.00178322683526113
0.0267795053225262
-0.00178322683530041
0.00178322683526113
0.00178322683526113
0.00178322683526113
0.00178322683526113
0.00178322683526113
-0.00178322683530041
-0.00356645367048714
-0.0446532440666942
0.00178322683526113
0.00178322683526113
0.00178322683530041
0.00178322683526113
0.0392931959630687
-0.00536004810362556
-0.0410764227982554
0.00357682126843883
0.00178322683526113
0.00178322683526113
0.00357682126840169
0.00357682126840169
-0.00357682126843883
-0.00357682126843883
0.00357682126843883
0.00357682126843883
0.00178322683526113
0.00178322683526113
0.00178322683526113
0.00178322683526113
-0.00536004810362556
-999.975003721513
0
0
0
0
0
0
-1000
0
0
0
0.00357682126840169
0
0
0
0
0.00178841063420084
0.00357682126843883
0.00357682126843883
0
0
0.00357682126840169
0.00357682126840169
0
0
0
0
0
0
0.00713290734104452
0.00178322683526113
0.00534968050578339
0.00178322683526113
-0.00178322683530041
0.00178322683526113
0.00178322683526113
0.00178322683526113
0.00178322683526113
0.00178322683526113
0.00178322683526113
0.00356645367052226
0.00178322683526113
0.00178322683526113
0.00178322683526113
0.00178322683526113
0.00178322683526113
0
0.00178322683526113
0.00357682126840169
0
0.00357682126840169
0
0.00357682126840169
0.00357682126840169
0.00357682126840169
0.00357682126840169
0.00357682126840169
0.00357682126840169
0
0.00357682126840169
0
0.00357682126840169
0.00357682126840169
0.00357682126840169
0.00357682126840169
0.00357682126840169
0
0
0
0
0
0
0
0
0
0
0
0
0
0
0
0
-0.00357682126843883
0.00357682126840169
0.00357682126840169
0
0
0
0
0
0
0
0
0
0
0
0
0
0
0
0
0
0
0
0
0
0
0
0
0
0
0
0
0
0
0
0
0
0
0
0
0
0
0
0
0
0
0
0
0
0
0
0
0
0
0
0
0
0
0
0
0
0
0
0
0
0
0
589.77038872316
3.46178732022973
0
0
0
0
0
0.00357682126840169
0
0
0
0
0
0
0
0
0
1000
0
0
0
0
0
0
0
0
0
0
0
-264.713784501594
0
0
0
-259.155019480424
0
0
0
0
0
0.00961535262422177
0
0
0
0
0
0
0
0
0
0.00961535262422177
0
0
738.051023060823
0
0
0
0
0.0192307052484435
0
0
0
0.00961535262422177
0
3.60967459292738
0
0
0
0.600959539013861
0
0
0
0.00961535262422331
0
3.7331606563541
0
0
0
0.00961535262422177
0
0.00961535262422177
0
0.00961535262422177
0
0.00961535262422177
0
0.00961535262422177
0
0.00961535262422177
0
0.00961535262422177
0
0.00961535262422177
0
0.00961535262422177
0
0.00961535262422177
0
0.00961535262422177
0
0.00961535262422177
0
0.00961535262422177
0
0.00961535262422177
0
0.00961535262422177
0
0.00961535262422177
0
0.201922405108657
0
0.0609862713692817
0
0.276441387946376
0
0.278845226102431
0
0.141826451207271
0
0.00961535262422177
0
3.47140267285396
0
0.671843828651815
0
0.00961535262422177
0
0.00961535262422177
0
0.00961535262422177
0
0.00961535262422177
0
4.60335006884617
0
0.0697113065256078
0
3.12018192655996
0
0
0
0.0300769129163745
0
0.00961535262422177
0
0.00961535262422177
0
0.0913458499301068
0
0.00961535262422177
0
0.00961535262422177
0
0.00961535262422177
0
0
727.841367728005
0
0
-1.14650426736216
0
0
0
0
0
0
-0.0107304638052028
-1000
-1000
0
0.985837603024745
1000
204.994608707628
795.168305133558
0
-1.32247696203558
287.001911677519
-1000
-1000
0
0
1000
0
0
0
0
-347.134967619261
1000
-10.7823916471172
0
0
0
-287.001911677519
1000
-0.00357682126843883
0
0
-3.60022612061448
0
712.998088322481
0
0
0
1.15898685520904
-209.869375473555
287.001911677519
-658.329395798399
-799.106843252308
1000
0
1000
0
0
-1000
0
0
1000
0
-1000
1000
0
1000
0
0
99.3692661833798
1000
1000
1000
0
0
0
0
0
0
0
0
0
0
0
0
0
0
91.4081384581664
0
1000
0
0
0
0
0
0
589.590765770066
0
0
0
1000
0
0
0
0
0
1000
0
0
-1000
1000
-4.82249911443114
-1000
1000
-29.4166267971764
-1000
-1000
-1000
-1000
-1000
1000
1000
-1000
-1000
-1000
-238.326400872762
-801.810877391437
-1000
1000
-1000
-1000
-1000
1000
1000
1000
1000
1000
1000
-1000
-1000
1000
-1000
-1000
-1000
-1000
-1000
-1000
1000
-1000
-1000
1000
-1000
-1000
-1000
-1000
-1000
-1000
-1000
-1000
-1000
-1000
-433.263045822425
1000
-1000
-1000
-1000
-187.797208392278
-1000
-1000
-1000
-1000
-1000
-1000
-1000
-1000
-1000
-1000
-327.244085805161
-1000
-386.103037543796
-1000
-1000
1000
1000
1000
-1000
-1000
-1000
1000
-1000
-1000
1000
-1000
-1000
1000
-1000
1000
-1000
1000
1000
1000
-1000
-1000
1000
1000
1000
1000
-1000
-1000
-1000
-1000
433.263045822425
-1000
1000
-1000
1000
-1000
1000
1000
1000
1000
1000
130.49504565012
1000
1000
-1000
-1000
-1000
-1000
-1000
-966.722740941153
1000
-23.6731354070947
1000
0
-976.298250022758
-1000
0
0
0
0
0
0
0
0
0
0
0
0
0
0
0
0
0
0
0
0
0
0
0
0
0
0
0
0
0
0
0
0
0
0
0
0
0
0
0
0
368.760080932602
0
0
0
0
0
0
0
0
0
0
0
0
0
0
0
0
0
0
0
0
0
0
0
0
0
0
0
0
0
0
0
0
0
0
0
0
0
0
0
0
0
0
0
0
0
0
0
0
0
0
0
0
0
0
0
0
0
0
0
0
0
0
0
0
0
0
0
0
0
0
13.1872432358653
0
0
0
0
0
0
0
0
0
0
0
0
0
0
0
0
0
0
0
0
0
0
0
0
0
0
0
0
0
0
0
0
0
0
0
0
0
0
0
0
0
0
0
0
0
0
0
0
0
0
0
0
0
0
0
0
0
0
0
0
0
0
0
0
0
0
0
0
0
0
0
0
0
0
0
0
0
0
0
0
0
0
0
0
0
0
0
0
0
0
0
156.786932605579
0
0
0
0
0
0
0
0
0
0
0
0
0
0
0
0
0
0
0
0
0
0
0
0
0
0
0
0
0
20.8085637931771
0
0
0
0
0
0
0
0
0
0
0
0
0
0
0
0
0
0
0
0
0
0
0
0
0
0
0
0
0
0
0
0
0
0
0
0
0
0
0
0
0
0
0
0
0
0
0
0
0
0
0
0
0
0
0
0
0
0
0
932.406696092945
0
0
0
0
0
0
0
0
0
0
0
0
0
0
0
0
0
0
0
0
0
0
0
0
0
0
0.00357682126840169
0
0
0
0
997.615780794998
1000
-1000
1000
1000
1000
1000
1000
-1000
-1000
0
-1000
1000
1000
1000
-1000
-1000
0
-1000
-1000
997.615780794998
1000
-1000
1000
-1000
-1000
-1000
262.329565296592
1000
1000
-1000
0
1000
-1000
-1000
-1000
1000
-1000
-1000
-1000
-997.565777870426
1000
-1000
-1000
-1000
1000
-997.615780794998
0
-1000
1000
-1000
-1000
-1000
-1000
-1000
0
0
0
0
0
0
0
0
0
0
0
0
0
0
0
-1000
-1000
0
0
0
0
0
0
1000
708.788465372801
0
0
0
0
0
0
0
0
0
-0.00357682126843883
0.00357682126840169
0
0
-0.00357682126843883
-0.00357682126843883
0
0
0
0
0
0
0
0
0
0
0
0
0
0
0
0
0
0
0
0
0
342.502467527799
0
0
0
0
0
0.00357682126840169
0
0
1000
-1000
1000
1000
1000
0
0
0
0
0
0
0
0
0
0
0
0
0
0
0
0
0
0
0
0
0
0
0
0
0
0
0
0.00357682126840169
0
0
0
1000
796.448077212102
0
0
0
0
0
0
-1000
0
1000
0
0
0
0
0
0
0
0
0
0
0
0
0
0
0
0
0
0
0
0
0
0
0
0
0
0
0
0
0
0
0
0
0
0.00357682126840169
0
0
0
0
0
1000
0
-998.065972997717
0
0
1.93402700228333
0
0
0
0
0
0.00534968050578339
1000
0
0
541.280296095367
0
0
0
0
0
0
0
-0.0286145701471696
0
0.00357682126843883
0
-1000
19.3235171822884
-1000
970.630612968616
0
0
511.392502851744
-1000
1000
1000
0
0
0
1000
0
8.98694918966783
0
0
1000
0
999.971385429853
1.67508846954627
0
1000
0.0286145701471696
0
0
-748.198803852236
0
0
-1000
0.00357682126840169
-1000
1000
0
0
0
0
0
0
0
0
0
0
0
0.00835455595779422
999.991645444042
0
0
0
0
0
0
0
0
0
0
1000
0
1000
0
997.680677637891
0
0
0
0
0
0
0
0
0
0
0.967013501141665
0
0.00357682126840169
-0.00357682126843883
0.00357682126840169
0.00357682126840169
0
0
0.00357682126843883
0
0
-8.98337236839961
0.967013501141651
0
0
-0.0107304638052028
11.3026947305083
-1000
-1000
991.0166276316
1000
-1000
0
0
-988.288147155213
-1000
-11.3110492864661
-1000
0
0
0
0
0
0
0
0
0
0
0
0
0
0
0
0
0
0
0.00835455595783679
0
0
0
0
0
0
999.599196441679
0
0
0
0
0
0.00178322683526113
0
748.198803852236
0
0
0
0
0
0
0.00357682126840169
0
0
0
0
0
0
0
0
3.46178732022975
0
-27.6942985618379
0
0
0
0
0
0
0
0
0
0
0
0
0
1000
0
0
0
27.694298561838
0
0
0
0
0
0
0
0
0
0
0
0
0
0
0
0
0
0
0
0
0
0
0
0
0
0
0
2.30679052817209
0
0
0
0
0
0
0
0
0
332.687231833201
0
332.687231833201
0
0
0
0
0
0
0
0
0
0
0
0
0
0
0
0
0
0
0
0
0
0
0
0
0
0
0
0
0
0
0
0
0
0
0
0
0
332.687231833201
-332.687231833201
0
0
0
0
0
0
0
0
0
0
0
0
0
0
0
0
0
0
0
0
0
0
0
0
0
0
0
0
0
0
0
0
0
0
0
0
0
0
0
0
0
0
0
0
0
0
0
0
0
0
0
0
0
0
0
0
0
0
0
0
0
0
-999.987517412153
0
0.00178322683530041
0
0.0196258627858015
0
0
-0.0124825878468755
0
1000
0
0
0
0
0.0160594091152007
0
0
0
0
0
0
0
0
0
0
0
0
0
0
0
0
0
0
0
0
0.00357682126840169
0.00357682126840169
0.00357682126840169
1000
-1000
0
0
-1000
-1000
0
0
0
0
0
0
-1000
1000
0
0
0
0
0
0
0
0
0
0
-1000
0
999.990384647376
-0.00961535262422331
-1000
-1000
-3.72354530372991
0
-1000
1000
0
0
0
0
0
0
0
0
0
0
-1000
0
1000
0.391774244533679
0.00357682126840169
0.00357682126840169
0.00357682126840169
0.00357682126840169
0.00357682126840169
0
0
0
1000
0.526440556176142
0
0
0
0
0.00961535262422177
0
0
0
0
0
0
0
0
0
235.443290827902
0
0
0
0
0
0
1000
-999.990384647376
0
1000
0
0
-999.990384647376
0
0
0
0
0
0
0
0
0
0
0
0
0
0
0
0
0
0
0
0
0
0
0
3.46178732022973
0
0
0
0
0
0
3.46178732022973
0
0
0
0
0
3.46178732022973
0
0
0
0
0
3.46178732022973
0
0
0
0.00357682126840169
263.686148443194
0
0
0
0
0
0
0
0
0
-1000
0
0
0
0
0
0
0
27.6942985618379
1000
-1000
-1000
-1000
-1000
-1000
0
0.0214194572188924
0
0
0
0
1000
-1000
0
0
0
0
0
0
999.97853907239
3.64421065461795
0
0
0
0
0.575239256607987
0.575239256607987
-1.73231760984083
-999.985734185318
0
0
0
0
0
0
0.363107836397068
0
1000
0
0
0
0
0
0
0
1000
0.00357682126840169
0
0
0
0
0
0
0
0
736.306697914269
-1000
0
0
1000
0
0
0
1000
0
0
0
-743.938980601929
0
-1000
0
0
0
-1000
-1000
0
0
0
0
-255.702847512818
0
0
255.693232160194
0
0
-287.721799103325
287.721799103325
0
0
-750
0
0
0
0
-1000
-1000
0
0
0
-1000
0
0
0
0
0.000890317467895636
0
0
0
0
0
0
0
0
988.697305269492
0
1000
0
0
0
0
0
0
0
0
0
0
1000
488.749524599539
0
-1000
488.757879155497
-1000
-1000
511.250475400461
0
0
0
0
0
0
0
0
-1000
0
0
1000
0.00178322683526113
0.00178322683526113
0
42.4361289403366
-1000
-1000
0
0
239.280268552234
0
0
0
0
0
0
0
0
0
0
0
0
0
0
0
0
0
0
0
0
0
0
0
0
0
0.00357682126843883
0
0
0
0
0
0
0
0
0
0
0
0
0
0
0
0
0
0
0
0
0
0
0
0
0
0
0
0
0
0
0
0
0
0
0
0
0
0
0
0
0
0
0
0
0
0
-1000
0
-1000
0
0
0
0
0
0
-1000
0
0
0
0
0
0
0
0
0
0
0
-1000
0
0
0
0
0
0
0
0
0
0
0
0
0
1000
0
0
0
1.93402700228307
0
0
0
0
0
0
0
0
0
0
0
0
0
0
0
255.693232160194
0
0
0
0
0
0
0
0
0
0
0
0
0
0
0
0
0
0
0
0
0
0
0
255.693232160194
0
0
0
0
0
0
0
0
0
0
0
0
0
0
0
0
0
0
0
0
0
0
0
0
0
0
0
0
0
0
0
0
0
0
0
0
0
0
0
0
0
0
0
0
0
0
0
0
0
0
0
0
0
0
0
0
0
0
0
0
0
0
0
0
0
0
0
0
0
0
0
0
0
0
0
0
0
0
0
0
0
0
0
0
0
0
0
0
0
0
0
0
0
0
0
0
0
0
0
0
0
0
0
0
0
0
0
0
0
0
0
0
0
0
0
0
0
0
0
0
0
0
0
0
0
0
0
0
0
0
0
0
0
0
0
0
0
0
0
0
0
0
0
0
0
0
-1000
0
0
0
0
0
0
0
0
0
0
0
0
0
0
0
0
0
0
0
0
0
0
540.609336605455
0
0
207.276003272122
0
40.6065517534689
0
1000
-281.928997312751
-717.908088846063
0
-1000
0
0
727.841367728005
0
0
0
0
203.52688503902
0.0214609276104101
0
0
0
0
0
0
0
0
0
0
0
0
0
0
0
0
0
0
0
0
0
0
0
0
0
0
0
0
0
0
0
0
0
0
0
0
0
0
0
0
0
0
0
0
0
0
0
0
0
0
0
0
0
0
0
0
0
0
0
0
0
0
0
0
0
0
0
0
0
0
0
0
0
0
0
0
0
0
0
0
0
0
0
0
0
0
0
0
0
0
0
0
0
0
0
0
0
0
0
0
0
0
0
0
0
0
0
0
0
0
0
0
0
0
0
0
0
0
0
0
0
0
0
0
0
0
0
0
0
0
0
0
0
0
0
0
0
0
0
0
0
0
0
0
0
0
0
0
0
0
0
0
0
0
0
0
0
0
0
0
0
0
0
0
0
0
0
0
0
0
0
0
0
0
0
0
0
0
0
0
0
0
0
0
0
0
0
0
0
0
0
0
0
0
0
0
0
0
0
0
0
0
0
0
0
0
0
0
0
0
0
0
0
0
0
0
0
0
0
0
0
0
0
0
0
0
0
0
0
0
0
0
0
0
0
0
0
0
0
0
0
0
0
0
0
0
0
0
0
0
0
0
0
0
0
0
0
0
0
0
0
0
0
0
0
0
0
0
0
0
0
0
0
0
0
0
0
0
0
0
0
0
0
0
0
0
0
0
239.280268552234
0
0
0
0
0
0
0
0
0
0
0
-1000
0
0
0
0
0.00357682126843883
-939.795331196503
-1.73231760984083
0
0
0
0
0
0
0
0
0
0
0
0
0
0
0
0
0
0
0
0
0
0
0
0
0
0
0
0
0
0
0
0
0
0
0
0
0
0
0
0
0
0
0
0
0
0
0
0
0
0
0
0
0
0
0
0
0
0
0
0
0
0
0
0
0
0
0
0
0
0
0
0
0
0
0
0
0
0
0
0
0
0
0
0
0
0
0
0
0
0
0
0
0
0
0
0
0
0
0
0
0
0
0
0
0
0
0
0
0
0
0
0
0
0
0
0
0
0
0
0
0
0
0
0
0
0
0
0
0
0
0
0
0
0
0
0
0
0
0
0
0
0
0
0
0
0
0
0
0
0
0
0
0
0
0
0
0
60.2082456247658
0
0
1000
0
0
0
0
0
0
0
1000
0.00357682126843883
0
0
0
1000
0
0
0
0
0
0
0
0
0
0
0
0
0
0
0
0
1000
-1000
0
0
1000
0
0
0
0
0
0
0
0
0
0
0
0
0
0
0
0
0
0
0
0
0
0
0
0
0
0
0
0
0
0
0
0
0
0
0
0
0
0
0
0
0
0
0
0
0
0
0
0
0
0
0
0
0
0
0
0
0
0
0
0
0
0
0
0
0
0
0
0
0
0
0
0
0
0
0
0
0
0
0
0
0
0
0
0
0
0
0
0
0
0
0
0
0
0
0
0
0
0
0
0
0
0
0
0
0
0
0
0
0
0
0
0
0
0
0
0
0
0
0
0
0
0
0
0
0
0
0
0
0
0
0
0
0
0
0
0
0
0
0
0
0
0
0
0
0
0
0
0
0
0
0
0
0
0
0
0
0
0
0
0
0
0
0
0
0
0
0
0
0
0
0
0
0
0
0
0
0
0
0
0
0
0
0
0
0
0
0
0
0
0
456.982036614286
500
86.3966489952098
0
0
-0.967013501141651
0
0
461.142114011933
19.1109387577404
41.772779789184
0.103675978794252
86.3966489952098
0
0
0
0
0
0
0
0
0
0
0
0
0
0
0
0
0
0
0
0
0
0
0
0
0
0
492.541076422798
-1000
0
0
-1000
1000
-947.23762500721
0
1.73231760984083
0
0
0
-3.46178732022975
20.7707239213784
3.46178732022975
0
0
-24.0383815605544
0
0
0.00357682126843883
0
0
0
0
0
0
0
0
0
0
0
0
0
0
0
0
0
0
259.155019480424
0
0
0
0
1.15898685520904
-4.60335006884623
-0.201922405108689
0
-10.6142948709661
-20.8085637931771
-1000
-33.2772590588465
-10.3919142162849
-957.396129966958
-26.2918869554587
-4.56096549710617
-31.1257794667407
195.476223777513
-1000
0
0
0
0
-1000
-40.1372782641996
-17.3429566111945
-368.760080932602
-13.1872432358653
24.0374139180858
-23.6731354070947
-1000
-23.8148345511117
967.623480436818
0
1000
-1000
-1000
0
1000
-0.00357682126843883
0
589.590765770066
-1000
0
0
0
-10.7823916471172
0
0
1000
999.971385429853
0
0
0
0
0
0
0
0
0
-0.00357682126843883
0
0
0
0
0
0
0
0
0
0
0
342.502467527799
-342.502467527799
0
0
0
-1000
1000
1000
0
0
0
-1000
1000
0
-0.00357682126843883
-0.00357682126843883
-0.98583760302472
736.313851556806
0
0
-0.00357682126843883
0
-0.00357682126843883
0
0
0
-0.00357682126843883
0
0
0
-0.00357682126843883
0
0
0
0
0
0
0
0
0
0
0
1000
0
0
0
0
0
-0.0107304638052028
0
0
0
0
0
0
-795.005391292372
790.130624526445
0
0
0
-737.670434703408
0
1000
0
0
-0.00357682126843883
0
0
0
0
-34.2391259116075
0
0
0
0
0
0
0
0
0
796.448077212102
-3.60022612061448
0
-1000
-1000
0
0
0
0
0
712.998088322481
0
0
0
2.4342221295741
0
0
0
0
0
0
-799.106843252308
0
0
0
0
1000
1000
795.168305133558
0
0
-1.32247696203558
0
0
0
0
0
0
0
0
0
0
-1000
-1000
0
0
0
0
-0.0500029245724818
0
0
0
0
263.693302085731
-287.001911677519
287.001911677519
0
0
0
0
0
0
287.001911677519
-1000
-658.329395798399
-347.134967619261
0
0
0
0
0
0
0
0
0
0
1000
0
0
-0.0300769129163427
-0.00961535262422331
0
0
-0.141826451207294
-0.671843828651845
-0.0913458499301214
-3.12018192656001
-0.27644138794642
-0.00961535262422331
0
0
738.051023060823
0
-0.00961535262422331
-60.2082456247658
-0.0192307052484466
-0.00961535262422331
0
-0.069711306525619
0
-0.00961535262422331
-3.60967459292738
0
0
-3.64421065461795
0
-0.363107836397035
-0.00961535262422331
-0.0609862713693019
0
-3.47140267285397
-0.00961535262422331
-0.00961535262422331
-0.00961535262422331
-0.278845226102476
0
-0.600959539013843
0
0
0
-1000
1000
0
0
-1000
1000
-0.00357682126843883
-1000
750
-750
0
0
0
-1000
0
0
1000
0
0
0
0
0
0
0
0
0
0
0
0
0
0
0
0
-1000
1000
-42.4361289403366
42.4361289403366
1000
-1000
1000
-1000
-1000
0
-1000
-1000
-0.00961535262422331
-0.00961535262422331
0
0
0
0
60.2082456247658
-718.071002687249
717.908088846063
203.52688503902
0.0214609276104056
0
0
0
0
0
1000
-60.2082456247658
0
0
0
0
0
0
0
0
0
0
0
0
0
0
0
0
0
0
0
0
0
0
0
0
0
0
0
0
0
0
0
0
0
0
0
0
0
0
0
0
0
0
0
0
0
0
0
0
0
0
0
0
0
0
0
0
0
0
0
0
0
0
0
0
0
0
0
0
0
0
-0.00961535262422331
0
0
0
0
0
0
0
0
0
0
0
0
0
0
0
0
0
0
0
0
0
0
0
0
0
0
0
0
0
0
0
0
0
0
0
0
0
0
0
0
0
0
0
0
0
0
0
0
0
0
0
0
0
0
0
0
0
0
0
0
0
0
0
0
0
0
0
0
0
0
0
0
0
0
0
0
0
0
0
0
0
0
0
0
0
0
0
0
0
0
0
0
0
0
0
0
0
0
0
0
0
0
0
0
0
0
0
0
0
0
0
0
0
0
0
0
0
0
0
0
0
0
0
0
0
0
0
0
0
0
0
0
0
0
0
0
0
0
0
0
0
0
0
0
0
0
0
0
0
0
0
0
0
0
0
0
0
0
0
0
0
0
0
0
0
0
0
0
0
0
0
0
0
0
0
0
0
0
0
0
0
0
0
0
0
0
0
0
0
0
0
0
0
0
0
0
0
0
0
0
0
0
0
0
0
0
0
0
0
0
0
0
0
0
0
0
0
0
0
0
0
0
0
0
0
0
0
0
0
0
0
0
0
0
0
0
0
0
0
0
0
0
0
0
0
0
0
0
0
0
0
0
0
0
0
0
0
-1000
0
1000
0
0
0
939.795331196503
0
0
0
0
0
0
0
0
0
0
0
0
0
0
0
0
0
0
0
0
0
0
0
60.2082456247658
0
-1000
0
-1000
-0.00357682126843883
0
0
0
0
0
0
0
0
998.853495732638
0
0
0
0
0
-1000
0
0
0
0
0
0
0
0
0
0
0
0
0
0
0
0
0
0
0
0
0
0
0
0
0
0
0
0
0
0
0
0
0
0
0
0
0
0
0
0
0
0
0
0
0
0
0
0
0
0
0
0
0
0
0
0
0
0
0
0
0
0
0
0
0
0
0
0
0
0
0
0
0
0
0
0
0
0
0
-0.00961535262422331
-0.00961535262422331
-0.00961535262422331
0
-0.00961535262422331
-3.73316065635413
0
-0.00961535262422331
-0.00961535262422331
-0.00961535262422331
-0.00961535262422331
0
-0.00961535262422331
-0.00961535262422331
-0.00961535262422331
-0.00961535262422331
-0.00961535262422331
-0.00961535262422331
-0.00961535262422331
0
-0.00961535262422331
-0.00961535262422331
-0.00961535262422331
0
-1000
86.3966489952099
0
0
0
0
0
0
0
0
0
0
0
0
0
