0
0
0
0
0
0
0
831.519864124602
-833.194952594148
396.413709385726
603.586290614274
0
0
263.486612237773
0
0
999.745186043286
-999.745186043286
999.941518108295
0
0.0584818917048577
0
-1000
0.367600462144765
0
1000
-276.71892082972
0
-377.996593754611
0.012482587846828
0
0
0
0
0
0
342.534674470612
0
0
0
35.0943188218544
0
0
0
0
0
0
0
0
0
0
0
0
0
0
0
0
0
0
0
0
0
0
0
0
0
0
0
0
377.996593754611
0
0
0
0
-1000
-1000
0
0
0
0
377.996593754611
0
0
-1000
0
0
0
0
0
0
0
0
0
0
0
0
0
0
0
0
0
0
0
0
0
0
0
0
0
0
0
0
0
0
0
0
999.745186043286
243.529017376073
0
243.529017376073
0
0
0
0
0
0
0
0
0
0
0
0
0.0913774158095748
0
0
-1000
0
0
0
0
-1000
0
0
0
-14.6411009901285
0
0
-1000
0
260.361082556722
0
0
0.00892650177418511
-621.828009816365
0
0
459.385093690573
1000
1000
540.606551753469
0
621.828009816365
0
-1000
540.606551753469
804.093163991241
1000
-736.513387762227
0
0
1000
0
0
0.00892650177422638
0
0
1000
751.693437224172
0
0
0
0
0
-3.93436084077109
0
0
0
0
0
0
1000
-995.898548040072
-1000
0
0
0
0
0
0
0
0
1000
0
0
0
0
0
-3.93853811874999
0
-999.995822722021
0
0
0
0
0
0
0
0
0
0
0
0
0
0
-1000
0
656.706287872726
0
0.461358105634417
0
0
0.469712661592259
342.362641360047
0
3.93853811874999
0
0
0
-1000
0
0
0
0
0
0
0
0
0
0
0
0
-1000
0
-1000
0
-1.38407431690325
1000
1000
-667.383460496898
666.920319164429
-1000
-126.030132396107
-0.967013501141651
999.538641894366
0
8.98337236838699
-0.692037158451626
1000
-1000
-1000
1000
0
0
1000
0
0.179622953093492
0
-0.179622953093485
0
0.00178322683526114
0
0
0
0
2.63321261947286
0
0
0
1000
0
0
0
0
0
0
0
0
1000
0
1000
0
0
0
1000
0
-0.179622953093485
0
-0.692037158451626
332.687231833208
0
0.692037158451626
0
0
0
0
8.98337236838699
0
0
-1000
0
0
0
-755.175851882632
333.37926899166
0
-261.51508045016
-0.967013501141651
0
8.98694918965521
0
0
0
0
0
0
0
0
0
0
0
0
0
0
0
2.30679052817211
0
9.71098334706162
0
0
0
0
8.98337236838699
0
0
0
-242.028021656718
-1000
1000
-1000
-1000
1000
0
1000
-1000
-1000
1000
-1000
1000
-0.00178322683530041
1000
8.98337236838699
-1000
0
0
0
0
-1000
8.98337236838699
-1000
-1000
-1000
1000
1000
0
0
1000
0
0
0
0
0
0
0
0.967013501141668
-1000
1000
1000
-1000
1000
-1000
-1000
1000
-887.52425167173
-1000
1000
1000
1000
-1000
0
-112.467393772312
0
1000
-1000
-1000
-1000
1000
-1000
1000
1000
0
0
0
-1000
1000
0
0
0
-3.93853811874999
0
0
0
-1000
999.851393443896
0
0
-61.144573095134
31.7121031512124
0
0
0
0
0
0
0
0.0913774158095748
0
0
0
0
0
0
0
0
0
0
999.971385429853
0.0286145701472833
-1000
0
1000
0
0
0
0
0
0
0
0
0
0
0
0
0
0
0
0
0
0
0
0
0
0
0
0
0
0
0
0
0
0
0
0
0
0
0
0
0
0
0
0
0
0.00357682126843883
1000
0.104431949472996
0.104431949472996
0
-918.546931358682
0
0
0
0
0
0
0
0
0
0
0
0
0.0286145701472136
0
0
0
-488.636111718363
0
0
0
0
0
0
0
0
0
0
0
0
0
0
0
0
0
0
0
0
0
0
0
0
0
0
0
0
0
0
0
0
0
0.162913841177815
0
0
0.0035768212684017
1000
0
0
0
0
0
0
-1000
0
0
0
0
0
0
0
0
0
0
0
0
0
0
0
0
0
0
0
0
0
0
0
0
0
0
0
191.61846293738
0
0
0.162913841177815
0
0
0
0
0
0
0
0
0
736.973429737639
0
0
0
0
0
0
0
0
0
0
0
0
0
0
0
0
0
0
0
0
0
0
0
0.0035768212684017
0
0
0
0
0
0
0
0
0
0
-1000
0
0
0
0
0
0
0
0
0
0
0
0
0.0107304638052051
0.0107304638052051
0
0.0107304638052051
0
0
0
0
0
0
0
0
0
0
0
0
0
0
0
0
0
0
0
500.013696460765
0
-1000
0
500.017873738744
0
0
0
0
0.756087314184232
0.756087314184232
0
0
0
0
0
0
0
0
0
0
0
0
0
0
0
0
0
0
0
0
0
0
0
0
0
0
0
-0.00357682126843883
0
0
0
-1000
0
0
1000
0
0
0
0
344.674652076837
0
0
344.674652076837
0
0
0
0
0
0
0
0
0
0
344.674652076837
0
344.674652076837
0
0
0
12.9580934037353
36.9374833323559
23.610476237411
17.2928292754475
25.6395015390635
8.43890068641839
19.7368824797108
36.1074275271344
33.2483464202604
10.5140401994721
20.3824814393275
42.0100465864872
33.1561179974581
10.2373549310649
16.9700297956392
23.5182478146086
30.4814937361888
24.6711030996385
4.51919271731695
30.758179004596
0
0
0
0
0
0
0
0
0
0
0
0
0
0
0
0
0
0
0
0
0
0
0
0
0
0
0
0
0
0
0
0
0
0
0
0
0
0
0
0
0
0
0
0
0
0
0
0
0
0
0
0
0
0
0
0
0
0
0
0
0
0
0
0
0
0
0
0
0
0
0
0
0
0
0
0
0
0
0
0
0
0
0
0
0
0
0
0
0
0
0
0
-1000
0
0
0
0
0
-1000
-1000
1000
1000
0
0
458.569321897351
0
0
0
0
31.7121031512124
-519.864276999726
-458.719703904592
-1000
0
-511.392502851784
488.636111718363
-511.509466635194
1000
1000
458.577676453309
1000
0
0
1000
0
-1000
-1000
-1000
0
0
0
488.636111718363
488.636111718363
511.392502851784
0
0
0
0
0
0
0
0
0
0
0
1000
240.293780729851
1000
1000
0
500
0
2.51251369064047
5
0
0
0
0
0
0
378.515843850063
0
0
0
0
-0.00961535262422331
0
0
0
0
-0.00961535262422331
692.910478647868
239.28026855222
0
-0.00961535262422331
0.00961535262422331
-0.00961535262422331
0
0
-0.600959539013843
0
-1000
0
0
-0.00961535262422331
-0.00961535262422331
0.00961535262422331
-0.00961535262422331
0.00961535262422331
-0.00961535262422331
-0.00961535262422331
-0.00961535262422331
-0.00961535262422331
-0.00961535262422331
-0.00961535262422331
-0.00961535262422331
-0.00961535262422331
-0.00961535262422331
-0.00961535262422331
-0.00961535262422331
-0.201922405108689
-0.0609862713693019
-0.555286614048782
0
-0.141826451207294
0.00961535262422331
85.0441332314438
-0.671843828651845
0.00961535262422331
0.00961535262422331
0.00961535262422331
0.00961535262422331
-4.67306137537184
0
-0.516825203551889
-2.60335672300801
-0.0300769129163427
0.00961535262422331
0.100961202554345
0
0.00961535262422331
0.00961535262422331
-0.00961535262422331
0
0
0
0
0
0
0
0
0
0
0
0
0
0
0
0
0
0
0
0
0
0
0
0
0
0
0
0
0
0
0
0
0
0
0
0
0.000890317467906243
0
0
0
0
0
0
0
0
0
0
0
0
0
0
0
0
0
0
0
0
0
0
0
0
0
0
0
0
0
0
0
0
0
0
0
0
0
0
0
0
0
0
0
0
0
0
7.35245060190573
0
0
0
0
0
0
0
0
0
0
0
0
0
0
0
0
0
0
0
0
0
0
0
0
0
0
0
0
0
0
0
0
0
0
0
0
0
0
0
0
0
0
0
0
0
0
0
0
0
0
0
0
0
0
0
0
0
0
0
0
0
0
7.35245060190573
7.35245060190573
7.35245060190573
7.34283524928151
0
0
0
0
0
0
0
0
0
0
0
0
0
0
0
0
0
0
0
0
0
0
0
0
0
0
0
0
0.0096153526242218
0.0096153526242218
255.712462865463
0.526440556176144
0.0096153526242218
3.73316065635412
0
0
0
0.0096153526242218
0.0096153526242218
0
0
0
0
0
0
0
0
0
0
0
0
0
0
0
0
0
0
0
0
0
0
0
0
0
0
0
0
0.278845226102432
0
0
0
0
0
0
0
0
0
0
0
0
0
0
0
0
0
0
0
0
0
0
0
0
0
0
0
0
0
0
0
0
0
0
0
0
0
0
0
0
0
0
0
0
0
0
0
0
0
0
0
0
0
0
0
0
0
0
0
0
0.0697113065256081
0
0
0
0
0
0
0
0
0
0
0
0
0
0
0
0
0
0
0
0
0
0
0
0
0
0
0
0
0
0
0
0
0
0
0
0
0
0
0
0
0
0
0
0
0
0
0
0
0
0
0
0
0
0
0
0
0
0
0
0
0
0
0
0
0
0
0
0
0
0
0
0
0
0
0
0
0
0
0
0
0
0
0
0
0
0
0
0
0
0
0
0
0
0
0
0
0
0
0
0
0
0
0
0
0
0
0
-1000
0
0
0
0
0
0
0
0
0
0
0
0
0
0
0
0
0
0
0
0
0
0
0
0
0
0
0
0
0
0
0
0
0
0
0
0
0
0
0
0
0
0
0
0
0
0
0
0
0
0
0
0
0
0
0
0
0
0
0
0
0
0
0
0
0
0
0
0
0
0
0
0
0
0
0
0
0
0
0
0
0
0
0
0
0
0
0
0
0
0
0
0
0
0
0
0
0
0
0
0
0
0
0
0
0
0
0
0
0
1000
1000
0
0
0
0
0
0
0
0
0
0
0
0
0
0
0
0
0
0
0
0
0
-1000
0
-1000
0
0
0
0
0
0
0
1000
1000
0
0
0
0
0
0
0
0
0
0
0
0
0
0
0
0
0
0
0
0
0
0
0
0
0
0
0
0
0
0
0
0
0
0
0
0
0
0
0
0
0
0
0
0
0
0
0
0
0
0
0
0
0
0
0
0
0
0
0
0
0
0
0
0
0
0
0
0
0
0
0
0
0
0
0
0
0
0
0
0
0
0
0
0
273.136148515237
0
0
0.00961535262422331
0
-743.948595954533
0
0
255.702847512839
0
743.948595954533
0
239.28026855222
0
0
0
0.000890317467906243
3.72354530372991
0
-996.27645469627
999.990384647376
0
0
0
0
0
0
0
0
0
0
0
0
0
-1000
0.000890317467906243
0
0
0
0.00357682126843883
0
0
0
0
0
0
0
-0.00357682126843883
0
0
0
0
0
378.515843850063
1000
0
-255.693232160214
-255.693232160214
435.561103919516
-564.438896080484
1000
-0.0214609276104056
0
0
0.00961535262422331
-0.00961535262422331
0
0
256.051404045467
-256.051404045467
1000
0
0
0
-255.702847512839
-255.702847512839
-1000
0
-256.051404045467
-743.948595954533
-1000
0
-760.71973144778
-239.28026855222
-1000
0
0
0
0
0
-1000
0
-3.72354530372991
0
0
0
-996.27645469627
996.27645469627
-1000
0
0
0
-1000
0
0
0
-1000
0
0
0
0
0
0
0
0
0
0
0
0
0
0
0
0
0
0
0
-1000
1000
-1000
0
-1000
0
-1000
0
-1000
0
0
0
0
0
0
0
0
0
-1000
0
-1000
0
-1000
0
1000
0
239.30172947983
0
-1000
0
0
0
0
0
0
0
0
0
0
-291.302747565246
-708.697252434754
122.822611689848
-122.822611689848
0
0
0
0
0
0
0
0
0
0
0
0
0
0
0
0
0
0
0
0
0
0
0
0
0
0
0
0
0
0
0
0
0.000890317467906243
-0.000890317467906243
0
0
0
0
0
0
0
0
0
0
0
0
0
0
0
0
0
0
0
0
0
0
0
0
0
0
0
0
0
0
0
0
0
0
0
0
0.000890317467906243
-0.000890317467906243
0
0
0
0
0
0
-0.00357682126843883
-0.00357682126843883
0
0
0
0
0
0
0
0
0
0
0
0
0
0
0
0
0.00357682126843883
0.00357682126843883
0
0
0
0
0
0
0
0
0
0
0
0
0
0
0
0
0
0
0
0
0
0
0
0
0
0
0
0
0
0
0
0
0
0
0
0
1000
0
0
0
0
0
0
0
0
0.0035768212684017
0
0
0
0
0
0
0
0
10.9297912420349
0
0
0
0
0
0
0
0
0
0
0
0
0
0
0
0
0
0
0
0
0
0
0
0
0
0
0
0
0
0
0
0
0
0
0
0
0
0
0
0
0
0
0
0
0
0
0
0
0
0
0
0
0
0
0
0
0
0
0
0
0
0
0
0
0
256.051404045467
256.051404045467
256.051404045467
0
0
0
0
0
0
0
0
0
0
0
0
0
0
0
0
0
0
0
0
0
0
0
0
0
0
0
0
0
0
0
0
0
0
0
0
0
0
0
0
0
0
0
0
0
0
0
0
0
0
0
0
0
0
0
0
0
0
0
0
0
0
0
0
0
0
0
0
0
0
0
0
0
0
0
0
0
0
0
0
0
0
0
0
0
0
0
0
0
0
0
0
0
0
0
0
0
0
0
0
0
0
0
0
0
0
0
0
0
0
0
0
0
0
0
0
255.702847512839
255.702847512839
255.702847512839
255.702847512839
-255.702847512839
0
0
0
0
0
0
0
0
0
0
0
0
0
0
0
0
0
0
0
0
0
0
0
0
0
0
0
0
0
0
0
0
0
0
0
0
0
0
0
0
0
0
0
0
0
0
0
0
0
0
0
0
0
0
0.0035768212684017
0.0035768212684017
0.0035768212684017
0.0035768212684017
0.0035768212684017
0
0
0
0
0
0
0
0
0
0
0
0
0
0
0
0
0
0
0
0
0
0
0
0
0
0
0
0
0
0
0
0
0
0
0
0
0
0
0
0
0
0
0
0
0
0
0
0
0
0
14.6411009901285
14.6411009901285
-14.6411009901285
4.87202108041657
-2.4342221295741
2.43422212957409
2.43422212957409
2.43422212957409
2.43422212957409
2.43422212957409
2.43422212957409
2.43422212957409
2.43422212957409
2.43422212957409
2.43422212957409
2.43422212957409
0
2.4342221295741
2.43422212957409
2.43422212957409
2.43422212957409
2.43422212957409
2.43422212957409
2.43422212957409
0
0
0
2.43422212957409
2.43422212957409
0
2.42708922223304
0
0
0
0
0
0
0
0
0
0
0
0
0
0
0
0
14.6411009901285
14.6411009901285
4.87202108041657
4.87202108041657
0
0
0
0
0
0
0
0
0
0
0
0
0
0
0
0
0
0
0
0
0
0
0
0
0
0
0
0
0
0
0
0
0
0
0
0
0
0
0
0
0
0
0
0
0
0
0
0
0
0
0
0
0
0
0
0
0
0
0
0
0
0
0
0
0
0
0
0
0
0
0
0
0
0
0
0
0
0
0
0
0
0
0
0
0
0
0
0
0
0
0
0
0
0
0
0
0
0
0
0
0
0
0
0
0
0
0
0
0
0
0
0
0
0
0
0
0
0
0
0
0
0
0
0
0
0
0
0
0
0
0
0
0
0
0
0
0
0
0
0
0
0
0
0
0
0
0
0
0
0
0
0
0
0
0
0
0
0
0
0
0
0
0
0
0
0
0
0
0
0
0
0
0
0
0
0
0
0
0
0
0
0
0
0
0
0
0
0
0
0
0
0
1.17150054584949
0.0249962784872942
0.0249962784872942
0
0
0
0
-0.024996278487265
0.0249962784872942
0
0
0
1.1465042673622
0
1000
0
0
0
0
0
0
0
0
0
0
0
0
0
0
0
0
0
0
0
0
0
0
0
0
0
0
0
0
0
0
0
0
0
0
0
0
0
0
0
0
0
0
0
0
0
0
0
0
0
0
0
0
0
0
0
0
0
0
0
0
0
0
0
0
0
0
0
0
0
0
0
0
0
0
0
0
0
0
0
0
0
0
0
0
0
0
0
0
0
0
0
0
0
0
0
0
0
0
0
0
0
0
0
0
0
0
0
0
0
0
0
0
0
0
0
0
0
0
0
0
0
0
0
0.0035768212684017
0
0
0
0
0
0
0
1.54225275774966
0
0
0
0.967013501141668
0.967013501141668
0.967013501141668
0
0
0
9.61089110126769
0
0
1.32247696203564
0
0
9.61089110126769
0.0035768212684017
0
0
0
0
-1.32247696203569
1.32247696203564
0
0
0
0
0
0
10.7823916471172
3.64421065461796
0
0
0.241195252932908
0
0.219775795714016
0
10.7823916471172
10.7823916471172
0
0
0
0
0
0
0
0
0
0
0
0
0
0
-10.929791242035
0
0
0
0
0
0
0
0
0
0
0
0
0
0
0
0
0
0
0
0
0
0
0
0
0
0
0
0
0
0
0
0
0
0
0
0
0
0
0
0
0
0
0
0
0
0
0
0
0
0
0
0
0
0
0
0
0
0
0
0
0
0
0
0
0
0
0
0
0
0
0
0
0
0
0
0
0
0
0
0
0
0
0
0
0
0
0
0
0
0
0
0
0
0
0
0
0
0
0
0
0
0
0
0
0
0
0
0
0
0
0
0
0
0
0
0
0
0
0
0
0
0
0
0
0
0
0
0
0
0
0
0
0
0
0
0
0
0
0
0
0
0
0
0
0
0
0
0
0
0
0
0
0
0
0
0
0
0
0
0
0
0
0
0
0
0
0
0
0
0
0
0
0
0
0
0
0
0
0
0
0
0
0
0
0
0
0
0
0
0
0
0
0
0
0
0
0
0
0
0
0
0
0
0
0
0
0
0
0
0
0
0
0
0
0
0
0
0
0
0
0
0
0
0
0
0
0
0
0
0
0
0
0
0
0
0
0
0
0
0
0
0
0
0
0
0
0
0
0
0
0
0
0
0
0
0
0
0
0
0
0
0
0
0
0
0
0
0
0
0
0
0
0
0
0
0
0
0
0
0
0
0
0
0
0
0
0
0
0
0
0
0
0
0
0
0
0
0
0
0
0
0
0
0
0
0
0
0
0
0
0
0
0
0
0
0
0
0
1000
0
0
0
0
0
0
0
0
0
0
0
0
0
0
0
0
0
0
0
0
0
0
0
0
0
0
0
0
0
0
0
0
0
0
0
0
0
0
0
0
0
0
0
0
0
0
0
0
0
0
0
0
0
0
0
0
0
0
0
0
0
0
0
0
0
0
0
0
0
0
0
0
0
0
0
0
0
0
0
0
0
0
0
0
507.458923577202
0
0
507.458923577202
0
0
0
0
0
0
0
0
0
0
0
0
0
0
0
0
0
0
0
0
0
0
0
0
0
0
0
1000
0
0
0
0
0
0
0
0
0
0
0
0
0
0
0
0
0
0
0
0
0
0
0
0
0
0
0
0
0
0
0
0
0
0
0
0
0
0
0
0
0
0
0
0
0
0
0
0
0
0
0
0
0
0
0
0
0
0
0
0
0
0
0
0
0
0
0
0
0
0
0
0
0
0
0
0
0
0
0
0
0.162913841177815
0.162913841177815
0
0
0
0.162913841177783
0
0.162913841177815
0
0
0
0
0.0250636678735071
0
0
0
0
0
0
0
0
0
0
0
0
0
0.985837603024606
0
0
0
0
0
0
0.985837603024606
0.985837603024606
0.985837603024606
0.985837603024606
0
0
0
0
0
0
0
0
0
0
0
0
0
0
0
0
0
0
0
0
0
0
0
0
0
0
0
0
0
0
0
0
0
0
0
0
0
0
0
0
0
0
0
0
0
0
0
0
0
0
0
0
0
0
0
0
0
0
0
0
0
0
0
0
0
0
0
0
0
0
0
0
0
0
0
0
0
0
0
0
0
0
0
0
0
0
0
1000
-918.554085001219
1000
0
0
0
1000
-1000
-1000
0
80.7610314828663
0
0
-919.24612215967
1000
0
0
0
0
0
0
0
0
0
0
0
0
0
0
0
0
0
0
0
0
0
0
0
0
0
0
0
0
0
0
0
0
0
0
0
0
0
0
0
0
1000
0
0
0
0
0
0
0
0
0
0
0
0
0
0
0
0
0
-999.996423178732
999.996423178732
1000
999.996423178732
1000
-1000
-1000
0
0
0
0
0
0
0.00357682126843883
0
0
0
0
0
0
0
0.0143072850736068
0.0035768212684017
0.0035768212684017
0.0035768212684017
0.0035768212684017
0
0.0035768212684017
0
0
0
0
0
0
0
0
0.0142761822799685
0
0.0035768212684017
0.0214194572188925
1000
0.00178322683526114
0.00178322683526114
0.00357682126843883
0
0.0124929554447074
0.00178322683526114
0.0267795053225262
-0.00178322683530041
0.00178322683526114
0.00178322683526114
0.00178322683526114
0.00178322683526114
0.00178322683526114
-0.00178322683530041
-0.00356645367048714
-0.0446532440666942
0.00178322683526114
0.00178322683526114
0.00178322683530041
0.00178322683526114
0.0392931959630687
-0.00536004810362556
-0.0410764227982554
0.00357682126843883
0.00178322683526114
0.00178322683526114
0.0035768212684017
0.0035768212684017
-0.00357682126843883
-0.00357682126843883
0.00357682126843883
0.00357682126843883
0.00178322683526114
0.00178322683526114
0.00178322683526114
0.00178322683526114
-0.00536004810362556
-999.975003721513
0
0
0
0
0
0
-999.996423178732
0
0
0
0.0035768212684017
0
0
0
0
0.00178841063420085
0.00357682126843883
0.00357682126843883
0
0
0.0035768212684017
0.0035768212684017
0
0
0
0
0
0
0.00713290734104455
0.00178322683526114
0.00534968050578341
0.00178322683526114
-0.00178322683530041
0.00178322683526114
0.00178322683526114
0.00178322683526114
0.00178322683526114
0.00178322683526114
0.00178322683526114
0.00356645367052227
0.00178322683526114
0.00178322683526114
0.00178322683526114
0.00178322683526114
0.00178322683526114
0
0.00178322683526114
0.0035768212684017
0
0.0035768212684017
0
0.0035768212684017
0.0035768212684017
0.0035768212684017
0.0035768212684017
0.0035768212684017
0.0035768212684017
0
0.0035768212684017
0
0.0035768212684017
0.0035768212684017
0.0035768212684017
0.0035768212684017
0.0035768212684017
0
0
0
0
0
0
0
0
0
0
0
0
0
0
0
0
-0.00357682126843883
0.0035768212684017
0.0035768212684017
0
0
0
0
0
0
0
0
0
0
0
0
0
0
0
0
0
0
0
0
0
0
0
0
0
0
0
0
0
0
0
0
0
0
0
0
0
0
0
0
0
0
0
0
0
0
0
0
0
0
0
0
0
0
0
0
0
0
0
0
0
0
0
600.767049979594
160.656378425842
0
0
0
0
0
0.0035768212684017
0
0
0
0
0
0
0
0
0
0
0
0
0
0
0
0
0
0
0
0
0
-0.334768761561349
0
0
0
-378.515843850063
0
0
0
0
0
0.0096153526242218
0
0
0
0
0
0
0
0
0
0.0096153526242218
0
0
692.910478647868
0
0
0
0
0.0096153526242218
0
0.0096153526242218
0
0.0096153526242218
0
0
0
0
0
0.600959539013863
0
0
0
0
0
0
0
0
0
0.0096153526242218
0
0.0096153526242218
0
0.0096153526242218
0
0.0096153526242218
0
0.0096153526242218
0
0.0096153526242218
0
0.0096153526242218
0
0.0096153526242218
0
0.0096153526242218
0
0.0096153526242218
0
0.0096153526242218
0
0.0096153526242218
0
0.0096153526242218
0
0.0096153526242218
0
0.0096153526242218
0
0.0096153526242218
0
0.201922405108658
0
0.0609862713692819
0
0.555286614048809
0
0
0
0.141826451207272
0
0.0096153526242218
0
85.0441332314438
0
0.671843828651817
0
0.0096153526242218
0
0.0096153526242218
0
0.0096153526242218
0
0.0096153526242218
0
4.6730613753718
0
0
0
0.516825203551922
0
2.60335672300805
0
0.0300769129163746
0
0.0096153526242218
0
0.100961202554329
0
0
0
0.0096153526242218
0
0.0096153526242218
0
0.0096153526242218
0
0
-1000
0
0
-1.14650426736216
0
0
0
0
0
0
-1000
-1000
0
598.103420683743
0.985837603024606
-1000
0.162913841177783
1000
0
-1.32247696203569
1000
-1000
-1000
0
0
1000
0
0
0
0
-347.134967619255
1000
-10.7823916471172
0
0
0
-1000
1000
-0.00357682126843883
0
0
-3.60022612061448
1000
332.687231833208
0
0
0
-998.841013144791
994.9623193929
1000
-991.016627631613
-3.93853811874999
-1000
0
1000
0
0
1000
0
0
1000
1000
21.964842965374
1000
0
-1000
0
0
-1000
1000
1000
1000
0
0
0
0
0
0
0
0
0
0
0
0
0
0
1000
0
0
0
0
0
0
0
0
0
0
0
0
1000
0
0
0
0
0
0
0
0
-1000
1000
1000
1000
1000
-1000
-974.286658221919
-1000
-1000
-1000
1000
1000
1000
-1000
-979.191436206823
-1000
-1000
-38.5535672104708
-1000
1000
-1000
-1000
-1000
1000
1000
1000
1000
1000
1000
355.586778370754
-724.346859303356
1000
-1000
-1000
-1000
-1000
-1000
-1000
-1000
-1000
-1000
1000
-1000
-1000
-1000
-1000
-1000
-1000
-1000
-1000
-1000
-115.565127898456
-1000
1000
-1000
-1000
202.892824718777
-1000
-1000
23.8148345511119
-1000
-1000
-1000
-1000
-1000
245.851853845755
-1000
972.455331395284
-1000
-1000
-1000
-1000
-1000
1000
1000
-1000
-1000
-1000
-1000
1000
-1000
-1000
1000
-1000
-1000
1000
1000
1000
-1000
1000
1000
1000
-1000
-17.3429566111945
1000
1000
1000
1000
-1000
-1000
172.982794320656
1000
215.418923260993
-1000
-1000
-1000
-1000
-1000
1000
1000
1000
1000
1000
-141.857014853915
1000
1000
-1000
-1000
-1000
33.2772590588468
-1000
-1000
0
1000
-56.9503944659415
-1000
-999.971385429853
-1000
0
0
0
0
0
0
0
0
0
0
0
0
0
0
0
0
0
0
0
0
0
0
0
0
0
0
0
0
0
0
0
0
0
0
0
0
0
0
0
0
0
0
0
0
0
0
0
0
0
0
0
0
0
0
0
0
0
0
0
0
0
0
0
0
0
0
0
0
0
0
0
0
0
0
0
0
0
0
0
0
0
0
0
0
0
0
0
0
0
0
0
0
0
0
0
0
0
0
0
0
0
0
0
0
0
0
0
0
0
0
0
0
0
0
0
0
0
0
784.581076739007
0
0
0
0
0
0
0
0
0
0
0
0
0
0
0
0
0
0
0
0
0
0
0
0
0
0
0
0
0
0
0
0
0
0
0
0
0
0
0
0
0
0
0
0
0
0
0
0
0
0
0
0
0
0
0
0
0
0
0
0
0
0
0
0
0
0
0
0
0
0
0
0
0
0
0
0
0
0
0
0
0
0
0
0
0
0
0
0
0
0
0
0
0
0
0
0
0
0
0
0
0
0
0
0
0
0
0
0
0
0
0
0
0
0
0
0
0
0
0
0
0
0
0
0
0
0
0
0
0
0
0
0
0
0
0
0
0
0
0
0
0
0
0
0
0
0
0
0
0
0
0
0
0
0
0
0
0
0
0
0
0
0
0
0
0
0
0
0
0
0
0
0
0
0
0
0
0
0
0
0
0
0
0
0
0
0
0
0
0
0
0
0
0
0
0
0
0
0
0
0
0
0.0035768212684017
0
0
0
0
1000
1000
-1000
1000
1000
1000
1000
739.638917443278
-1000
-1000
1000
-1000
1000
1000
-738.055206389542
0
-1000
-1000
998.416288946263
-1000
1000
1000
-1000
1000
-1000
-1000
-1000
0.384771686133718
1000
-1000
-1000
-1000
-1000
-1000
-1000
1000
1000
-1000
-1000
-1000
-1000
1000
-1000
-1000
-1000
1000
-1000
0
-1000
-1000
-1000
-999.949997075428
-1000
-1000
1000
0
0
0
0
0
0
0
0
0
0
0
0
0
0
0
-1000
-1000
0
0
0
0
0
0
0
641.985644776838
0
0
0
0
0
0
67.5933039070549
0
0
-0.00357682126843883
0.0035768212684017
0
0
-0.00357682126843883
-0.00357682126843883
0
0
0
0
0
0
0
0
0
0
0
0
0
0
0
0
0
0
0
0
0
342.502467527799
0
0
0
0
0
0.0035768212684017
0
0
-1000
80.7503010190612
-80.7538778403296
1000
-1000
0
0
0
0
0
0
0
0
0
0
0
0
0
0
0
0
0
0
0
0
0
0
0
0
0
0
0
0.0035768212684017
0
0
0
2.43422212957409
-0.0250377488787308
0
0
0
0
0
0
-1000
0
0
0
0
0
0
0
0
0
0
0
0
0
0
0
0
0
0
0
0
0
0
0
0
0
0
0
0
0
0
0
0
0
0
0
0.0035768212684017
0
0
0
0
0
1000
0
0
0
0
1.93402700228334
0
0
0
0
0
0.00534968050578341
1000
0
-1000
0
61.1445730951341
61.144573095134
0
0
0
0
0
-0.0286145701471696
0
0.00357682126843883
0
-1000
511.392502851784
-1.9340270022833
0
0
0
31.2484252955525
-1000
1000
1000
0
0
0
1000
0
8.98694918965521
0
0
1000
0
0
0.0913774158095748
0
1000
0.0286145701471696
0
0
-603.586290614274
0
0
-1000
0.0035768212684017
-1000
1000
0
0
0
0
0
0
0
0
0
0
0
0
1000
0
151.069351475054
151.097966045201
0
636.682759704106
636.682759704106
0
0
151.069351475054
0
0
0
1000
0
664.993445804683
0
0
0
0
0
0
0
0
0
0
0.967013501141668
0
0.0035768212684017
-0.00357682126843883
0.0035768212684017
0.0035768212684017
0
0
0.00357682126843883
0
0
-8.98337236838699
0.967013501141651
0
0
-0.0107304638052028
-1000
-1000
-1000
-331.913764969112
-343.989926563704
1000
0
0
1000
-1000
-1000
-1000
0
0
0
0
0
0
0
0
0
0
0
0
0
0
0
0
0
0
0
0
0
0
0
0
666.920319164429
0
0
0
0
0
0
0.00178322683526114
0
603.586290614274
0
0
0
0
0
0
0.0035768212684017
0
0
0
0
0
0
0
0.0913458499301214
85.0345178788195
0
-831.519864124602
0
37.7880938110288
0
0
0
0
0
0
0
0
0
0
0
1000
0
0
0
831.519864124602
0
0
0
0
0
0
0
0
0
0
0
0
0
0
0
0
0
0
0
0
0
0
0
0
0
0
0
2.30679052817209
0
0
0
0
0
0
0
0
0
0
0
0
0
0
0
0
0
0
0
0
0
0
0
0
0
0
0
0
0
0
0
0
0
0
0
0
0
0
0
0
0
0
0
0
0
0
0
0
0
0
0
0
0
0
0
0
0
0
0
0
0
0
0
0
0
0
0
0
0
0
0
0
0
0
0
0
0
0
0
0
0
0
0
0
0
0
0
0
0
0
0
0
0
0
0
0
0
0
0
0
0
0
0
0
0
0
0
0
0
0
0
0
0
-999.987517412153
0
0.00178322683530041
0
0.0196258627858015
0
0
-0.0124825878468755
0
1000
0
0
0
0
0.0160594091152007
0
0
0
0
0
0
0
0
0
0
0
0
0
0
0
0
0
0
0
0
0.0035768212684017
0.0035768212684017
0.0035768212684017
-1000
-1000
0
0
-1000
239.30172947983
0
0
0
0
0
0
-1000
151.097966045201
0
0
0
0
0
0
0
0
0
0
-1000
0
1000
0
-1000
-1000
-1000
-996.27645469627
-1000
1000
0
0
0
0
0
0
0
0
0
0
-1000
0
1000
0.39177424453368
0.0035768212684017
0.0035768212684017
0.0035768212684017
0.0035768212684017
0.0035768212684017
0
0
0
1000
0
0
0
0
0
0
0
0
0
0
0
0
0
0
0
-1000
0
0
0
0
0
0
1000
-999.990384647376
0
1000
0
0
-1000
0
0
0
0
0
0
0
0
0
37.7880938110288
0
0
0
0
0
0
0
0
0
0
0
0
0
85.0345178788196
0
0
0
0
0
0
85.0345178788196
0
0
0
0
0
85.0345178788196
0
0
0
0
0.0913458499301071
85.0345178788196
0
0
0
0.0035768212684017
-1000
0
0
0
0
0
0
0
0
0
-1000
0
0
0
0
0
0
0
999.90862258419
1000
-1000
-1000
-1000
-1000
-1000
0
0.0214194572188925
0
0
0
0
-593.234976424595
-1000
-1000
0
0
0
0
0
999.97853907239
0
0
0
0
0
0.575239256607988
0.575239256607988
0
-999.985734185318
0
0
0
0
0
0
4.00731849101503
0
-1000
0
0
0
0
0
0
0
1000
0.0035768212684017
0
0
0
0
0
0
0
0
0
1000
0
0
1000
0
0
0
1000
0
0
0
-743.948595954533
0
-1000
0
0
0
-1000
-1000
0
0
0
0
-255.702847512839
0
0
255.693232160214
0
0
-586.298285207627
586.298285207627
0
0
-750
0
0
0
0
-999.991645444042
-1000
0
0
0
-1000
0
0
0
0
0.000890317467895639
0
0
0
0
0
0
0
0
656.010073436296
0
664.993445804683
0
0
0
0
0
0
0
0
0
0
1000
968.893602155731
0
-1000
968.893602155731
-1000
-1000
31.1063978442694
0
0
0
0
0
0
0
0
-1000
0
0
-471.263180601702
0.00178322683526114
0.00178322683526114
0
42.4361289403369
-1000
1000
-507.458923577202
-507.458923577202
239.28026855222
0
0
0
0
0
0
0
0
0
0
0
0
0
0
0
0
0
0
0
0
0
0
0
0
0
0.00357682126843883
0
0
0
0
0
0
0
0
0
0
0
0
0
0
0
0
0
0
0
0
0
0
0
0
0
0
0
0
0
0
0
0
0
0
0
0
0
0
0
0
0
0
0
0
0
0
-1000
0
-1000
0
0
0
0
0
0
-1000
0
0
0
0
0
0
0
0
0
0
0
-1000
0
0
0
0
0
0
0
0
0
0
0
0
0
1000
0
0
0
1000
0
0
0
0
0
0
0
0
0
0
0
0
0
0
0
255.693232160214
0
0
0
0
0
0
0
0
0
0
0
0
0
0
0
0
0
0
0
0
0
0
0
255.693232160214
0
0
0
0
0
0
0
0
0
0
0
0
0
0
0
0
0
0
0
0
0
0
0
0
0
0
0
0
0
0
0
0
0
0
0
0
0
0
0
0
0
0
0
0
0
0
0
0
0
0
0
0
0
0
0
0
0
0
0
0
0
0
0
0
0
0
0
0
0
0
0
0
0
0
0
0
0
0
0
0
0
0
0
0
0
0
0
0
0
0
0
0
0
0
0
0
0
0
0
0
0
0
0
0
0
0
0
0
0
0
0
0
0
0
0
0
0
0
0
0
0
0
0
0
0
0
0
0
0
0
0
0
0
0
0
0
0
0
0
0
0
0
0
0
0
0
-1000
0
0
0
0
0
0
0
0
0
0
0
0
0
0
0
0
0
0
0
0
0
0
0
0
0
207.276003272122
0
40.6065517534689
0
808.38153706262
-1000
191.781376778558
0
0
0
-598.103420683743
-1000
0
0
0
0
1000
0.0214609276104102
0
0
0
0
0
0
0
0
0
0
0
0
0
0
0
0
0
0
0
0
0
0
0
0
0
0
0
0
0
0
0
0
0
0
0
0
0
0
0
0
0
0
0
0
0
0
0
0
0
0
0
0
0
0
0
0
0
0
0
0
0
0
0
0
0
0
0
0
0
0
0
0
0
0
0
0
0
0
0
0
0
0
0
0
0
0
0
0
0
0
0
0
0
0
0
0
0
0
0
0
0
0
0
0
0
0
0
0
0
0
0
0
0
0
0
0
0
0
0
0
0
0
0
0
0
0
0
0
0
0
0
0
0
0
0
0
0
0
0
0
0
0
0
0
0
0
0
0
0
0
0
0
0
0
0
0
0
0
0
0
0
0
0
0
0
0
0
0
0
0
0
0
0
0
0
0
0
0
0
0
0
0
0
0
0
0
0
0
0
0
0
0
0
0
0
0
0
0
0
0
0
0
0
0
0
0
0
0
0
0
0
0
0
0
0
0
0
0
0
0
0
0
0
0
0
0
0
0
0
0
0
0
0
0
0
0
0
0
0
0
0
0
0
0
0
0
0
0
0
0
0
0
0
0
0
0
0
0
0
0
0
0
0
0
0
0
0
0
0
0
0
0
0
0
0
0
0
0
0
0
0
0
0
0
0
0
0
0
239.28026855222
0
0
0
0
0
0
0
0
0
0
0
-1000
0
0
0
0
0.00357682126843883
-736.547347383789
0
0
0
0
0
0
0
0
0
0
0
0
0
0
0
0
0
0
0
0
0
0
0
0
0
0
0
0
0
0
0
0
0
0
0
0
0
0
0
0
0
0
0
0
0
0
0
0
0
0
0
0
0
0
0
0
0
0
0
0
0
0
0
0
0
0
0
0
0
0
0
0
0
0
0
0
0
0
0
0
0
0
0
0
0
0
0
0
0
0
0
0
0
0
0
0
0
0
0
0
0
0
0
0
0
0
0
0
0
0
0
0
0
0
0
0
0
0
0
0
0
0
0
0
0
0
0
0
0
0
0
0
0
0
0
0
0
0
0
0
0
0
0
0
0
0
0
0
0
0
0
0
0
0
0
0
0
0
1000
0
0
-260.361082556722
0
0
0
0
0
0
0
1000
0.00357682126843883
0
0
0
1000
0
0
0
0
0
0
0
0
0
0
0
0
0
0
0
0
1000
-1000
0
0
1.1465042673622
0
0
0
0
0
0
0
0
0
0
0
0
0
0
0
0
0
0
0
0
0
0
0
0
0
0
0
0
0
0
0
0
0
0
0
0
0
0
0
0
0
0
0
0
0
0
0
0
0
0
0
0
0
0
0
0
0
0
0
0
0
0
0
0
0
0
0
0
0
0
0
0
0
0
0
0
0
0
0
0
0
0
0
0
0
0
0
0
0
0
0
0
0
0
0
0
0
0
0
0
0
0
0
0
0
0
0
0
0
0
0
0
0
0
0
0
0
0
0
0
0
0
0
0
0
0
0
0
0
0
0
0
0
0
0
0
0
0
0
0
0
0
0
0
0
0
0
0
0
0
0
0
0
0
0
0
0
0
0
0
0
0
0
0
0
0
0
0
0
0
0
0
0
0
0
0
0
0
0
0
0
0
0
0
0
0
0
0
0
0
0
500
86.3966489952101
0
0
-0.967013501141651
0
0
461.142114011934
19.1109387577405
41.7727797891841
0.103675978794252
86.3966489952101
0
0
0
0
0
0
0
0
0
0
0
0
0
0
0
0
0
0
0
0
0
0
0
0
0
0
1000
-1000
0
-1000
0
-0.148606556104141
-947.237625007129
0
0
0
0
0
-122.822611689849
510.207107272917
160.656378425842
0
-0.0913458499301214
-24.0383815605545
0
0
0.00357682126843883
0
0
0
0
0
0
0
0
0
0
0
0
0
0
0
0
0
0
378.515843850063
0
0
0
0
-998.841013144791
-4.67306137537184
-0.201922405108689
0
-10.6142948709661
-20.8085637931772
-1000
-33.2772590588468
-10.3919142162846
-754.148146154245
-26.2918869554587
-4.56096549710628
-31.1257794667408
427.680547394003
-1000
0
0
0
0
-1000
-38.5535672104708
-17.3429566111945
-368.760080932602
-13.1872432358654
-10.2017119935218
-23.6731354070948
-953.478094428742
976.185165448888
886.862448953951
0
0
-1000
0
0
1000
-0.00357682126843883
0
593.234976424595
-1000
0
0
0
-10.7823916471172
0
0
1000
-0.0286145701472833
0
0
0
0
0
0
0
0
0
-0.00357682126843883
0
0
-1000
1000
0
0
0
0
0
0
0
342.502467527799
-342.502467527799
0
0
0
-1000
1000
1000
-1.58371105373658
0
0
0
-998.853495732638
0
-0.00357682126843883
-0.00357682126843883
-0.985837603024606
-80.7538778403296
0
0
-0.00357682126843883
0
-0.00357682126843883
0
0
0
-0.00357682126843883
0
0
0
-0.00357682126843883
0
0
0
0
0
0
0
0
0
0
0
-260.361082556722
0
0
0
0
0
80.7503010190612
0
0
0
0
0
0
-999.837086158822
-5.03768060710001
0
0
0
-737.670434703408
0
1000
0
0
-0.00357682126843883
0
0
0
0
0
0
0
0
0
0
0
0
0
0
-0.0250377488787308
-3.60022612061448
0
-1000
-1000
0
0
0
0
0
332.687231833208
0
0
0
2.4342221295741
1000
0
0
0
0
0
-3.93853811874999
0
0
0
0
1000
1000
1000
0
0
-1.32247696203569
0
0
0
0
0
0
0
0
0
0
-1000
-999.996423178732
0
0
0
0
-0.0500029245723681
0
0
0
0
1000
-1000
1000
0
0
0
0
0
0
1000
-1000
-991.016627631613
-347.134967619255
0
0
0
0
0
0
0
0
0
0
1000
0
0
-0.0300769129163427
-0.00961535262422331
-2.60335672300801
0
-0.141826451207294
-0.671843828651845
0
-0.516825203551889
-0.555286614048782
0
0
0
692.910478647868
0
-0.00961535262422331
-1000
-0.00961535262422331
-0.00961535262422331
0
0
0
-0.00961535262422331
0
0
0
0
0
-4.00731849101498
-0.00961535262422331
-0.0609862713693019
0
-85.0441332314438
-0.00961535262422331
-0.100961202554345
-0.00961535262422331
0
0
-0.600959539013843
0
0
0
-1000
1000
0
0
-1000
1000
-0.00357682126843883
0
750
-750
0
0
0
-1000
0
0
0
0
0
0
0
0
0
0
0
0
0
0
0
0
0
0
0
471.263180601702
-471.263180601702
-42.4361289403369
42.4361289403369
1000
-1000
-1000
1000
1000
0
-1000
-1000
-0.00961535262422331
-0.00961535262422331
0
0
0
0
1000
191.61846293738
-191.781376778558
1000
0.0214609276104056
0
0
0
0
0
1000
-1000
0
0
0
0
0
0
0
0
0
0
0
0
0
0
0
0
0
0
0
0
0
0
0
0
0
0
0
0
0
0
0
0
0
0
0
0
0
0
0
0
0
0
0
0
0
0
0
0
0
0
0
0
0
0
0
0
0
0
0
0
0
0
0
0
0
0
0
0
0
0
-0.00961535262422331
0
0
0
0
0
0
0
0
0
0
0
0
0
0
0
0
0
0
0
0
0
0
0
0
0
0
0
0
0
0
0
0
0
0
0
0
0
0
0
0
0
0
0
0
0
0
0
0
0
0
0
0
0
0
0
0
0
0
0
0
0
0
0
0
0
0
0
0
0
0
0
0
0
0
0
0
0
0
0
0
0
0
0
0
0
0
0
0
0
0
0
0
0
0
0
0
0
0
0
0
0
0
0
0
0
0
0
0
0
0
0
0
0
0
0
0
0
0
0
0
0
0
0
0
0
0
0
0
0
0
0
0
0
0
0
0
0
0
0
0
0
0
0
0
0
0
0
0
0
0
0
0
0
0
0
0
0
0
0
0
0
0
0
0
0
0
0
0
0
0
0
0
0
0
0
0
0
0
0
0
0
0
0
0
0
0
0
0
0
0
0
0
0
0
0
0
0
0
0
0
0
0
0
0
0
0
0
0
0
0
0
0
0
0
0
0
0
0
0
0
0
0
0
0
0
0
0
0
0
0
0
0
0
0
0
0
0
0
0
0
0
0
0
0
0
0
0
0
0
0
0
0
0
0
0
0
0
260.361082556722
0
1000
0
0
0
736.547347383789
0
0
0
0
0
0
0
0
0
0
0
0
0
0
0
0
0
0
0
0
0
0
0
1000
0
-1000
0
-1000
-0.00357682126843883
0
0
0
0
0
0
0
0
-1000
0
0
0
0
0
-1.14650426736216
0
0
0
0
0
0
0
0
0
0
0
0
0
0
0
0
0
0
0
0
0
0
0
0
0
0
0
0
0
0
0
0
0
0
0
0
0
0
0
0
0
0
0
0
0
0
0
0
0
0
0
0
0
0
0
0
0
0
0
0
0
0
0
0
0
0
0
0
0
0
0
0
0
0
-1000
1000
1000
0
-0.00961535262422331
-0.00961535262422331
-0.00961535262422331
-0.00961535262422331
0
-0.00961535262422331
0
0
-0.00961535262422331
-0.00961535262422331
-0.00961535262422331
-0.00961535262422331
0
-0.00961535262422331
-0.00961535262422331
-0.00961535262422331
-0.00961535262422331
-0.00961535262422331
-0.00961535262422331
-0.00961535262422331
0
-0.00961535262422331
-0.00961535262422331
-0.00961535262422331
0
-1000
86.3966489952102
0
1000
0
0
0
0
0
0
0
0
0
0
0
