0
0
0
0
0
0
0
1000
-1000
0
1000
0
0
254.773424787871
0
0
999.725213656844
-999.725213656844
999.936934281899
0
0.0630657181014617
0
-1000
0.396413085209133
0
1000
-257.415366881579
0
-315.922605664867
0.013460976438616
0
0
0
0
0
0
277.681171612286
0
0
0
37.8450209673715
0
0
0
0
0
0
0
0
0
0
0
0
0
0
0
0
0
0
0
0
0
0
0
0
0
315.922605664867
0
0
0
0
0
0
0
1000
1000
0
0
0
0
0
-1000
0
0
0
0
0
0
0
0
0
0
0
0
0
0
0
0
0
0
0
0
0
0
0
0
0
0
0
0
0
0
0
0
0
0
0
338.696231859214
979.511129387269
0
979.511129387269
0
0
0
0
0
0
0
0
0
0
0
0
749.024875853329
0
0
1000
0
0
0
0
1000
0
0
0
0
-15.7886744224757
0
0
0
0
-1000
0
0
0.0096261633834289
-537.87273631188
0
0
487.36974830384
1000
1000
512.62124230786
0
0
0
-1000
512.62124230786
767.394667095731
1000
-745.226575212129
0
537.87273631188
1000
0
0
0.00962616338347289
0
0
1000
-1000
0
0
0
0
0
-4.24273710135276
0
0
0
0
0
0
585.213637991852
-334.21147141714
-1000
0
0
0
661.02898179763
0
0
0
0
808.234482254026
223.020844262174
0
0
0
0
-227.268086057677
0
-999.99549530585
0
0
0
0
0
0
0
0
0
0
0
-262.162212788976
0
0
-1000
0
998.760058478468
0.497519478005327
0
0
0
0
0.742422043526823
0
227.268086057677
0
0
0
-1000
0
0
0
0
0
0
0
0
0
0
0
0
-1000
0
-230.510294241807
1000
-1000
-1000
1000
0
1000
-1000
1000
-1.04280827937453
1000
-2.33307566630731
0
-1000
999.920537567866
-1000
-0.746279217008009
1000
0
0
1000
0
0.19370184845449
0
-0.193701848454452
0
0.001922996634088
0
0
0
0
0
0
0
0
1000
0
0
0
0
0
0
0
0
287.001911677519
0
1000
0.506528866305644
0
0
1000
0
-0.193701848454452
0
-0.742422043526858
0
0
0.742422043526858
2.33307566630727
0
0
-0.00385717348115122
0
0
0
-1000
0
0
0
-4.80201700759312
0.742422043526858
0
-1000
-1.04280827937453
0
0
0
0
0
0
0
0.00385717348115122
0
0
0
0
0
712.998088322481
0
0
0
2.48759739002663
0
10.4721328329211
0
0
0
0
0
0
0
0
114.435385992655
632.787257222937
1000
-1000
1000
1000
-1000
-0.499442474639409
0
-1000
1000
-999.502480521995
-1000
1000
1000
0
-1000
0
0
0
0
-1000
0
-1000
1000
-999.920537567866
1000
1000
0
0
-1000
0
0
0
0
0
0
0
1.04280827937449
-1000
-1000
1000
1000
1000
-1000
-999.170401177377
1000
-664.291263599132
0
1000
1000
-1000
-1000
-1000
-337.035854701497
0
1000
1000
-1000
-1000
1000
-1000
1000
1000
0
0
0
-1000
1000
1.99072543269028
0
0
34.8941267312985
0
0
0
1000
0
0
0
0
-223.68059566984
191.941200817828
0
0
0
0
0
0
0
0
0
0
0
0
0
0
0
0
1000
-981.479124692674
-18.5208753073264
0
18.5208753073263
0
0
0
0
0
0
0
0
0
0
0
0
0
0
0
0
0
0
0
0
0
1000
0
0
0
0
0
-1000
1000
0
0
0
0
0
0
0
0
0
0
1000
1000
1000
0.112617353752626
0.112617353752626
0
-962.361780363968
0
0
0
0
0
0
0
0
0
0
0
0
0
0
0
0
-735.487579700905
0
0
0
0
0
0
0
0
0
0
0
0
0
0
0
0
0
0
0
0
0
0
0
0
0
0
0
0
0
0
0
0
0.175683071854089
0
0
507.235027198524
1000
0
1000
0
1000
0
0
-1000
0
0
0
0
0
0
0
0
0
0
0
0
0
0
0
0
0
0
0
0
0
0
0
0
0
0
0
999.824316928146
0
0
0.175683071854089
0
0
0
0
0
0
0
0
0
1000
0
0
0
0
0
0
0
0
0
0
0
0
0
0
0
0
0
0
0
0
0
0
0.00385717348116489
0
0
0
0
0
0
0
0
0
0
0
0
0
0
0
0
0
0
0
0
0
0
0
0
0
34.8941267312985
0
0
34.8941267312985
0
0
0
0
0
0
0
0
0
0
0
0
0
0
0
0
0
0
0
0
0
0
0
-1000
0
0.00450469415010441
0
0
0
0
0.815349641168898
0.815349641168898
0
0
0
0
0
0
0
0
0
0
0
0
0
0
0
0
0
0
0
0
0
0
1000
0
0
0
0
0
-1000
0
0
0
-1000
0
0
-1000
0
0
0
0
279.988881238691
0
0
279.988881238691
0
0
0
0
0
0
0
0
0
0
279.988881238691
0
279.988881238691
0
0
0
13.9737522489291
39.8326532078015
25.4610717133513
18.6482458838022
27.6491325637174
9.10034399129547
21.2838646353796
38.937537405379
35.8543607525903
11.3381334973517
21.9800658150415
45.3028053337168
35.7549034412101
11.0397615632109
18.3001452939712
25.361614401971
32.870641411182
26.6048307942245
4.87340825763364
33.1690133453228
0
0
0
0
0
0
0
0
0
0
0
0
0
0
0
0
0
0
0
0
0
0
0
0
0
0
0
0
0
0
0
0
0
0
0
0
0
0
0
0
0
0
0
0
0
0
0
0
0
0
0
0
0
0
0
0
0
0
0
0
0
0
0
0
0
0
0
0
0
0
0
0
0
0
0
0
0
0
0
0
0
0
0
0
0
974.471357874397
1000
974.471357874397
221.050599581752
25.5286421256028
0
0
0
0
0
-1000
0
0
0
0
0
1000
1000
-367.212742777063
-367.212742777063
0
0
0
0
438.586441071515
264.508563125613
0
-223.68059566984
-703.257173186532
-703.257173186532
-1000
0
-264.512420299095
0
-72.6973509174695
1000
1000
703.104013585428
1000
0
-438.586441071515
735.491436874387
0
-1000
-1000
-1000
0
0
735.487579700905
0
735.487579700905
264.512420299095
0
0
0
0
0
0
0
0
0
0
0
-999.996142826519
368.263265403399
1000
1000
0
500
250.0015992363
2.51349451707758
5
0
0
0
0
0
0
250
0
132.257357966859
0
0
-0.0015615388574588
0
0
0
0
-0.0015615388574588
615.467441779876
367.17031386877
0
-0.0046846165723764
0
0
-1.19166520159638
0
-0.0975961785914023
0
-1000
-0.0015615388574588
0
-0.0015615388574588
-0.0015615388574588
0.0015615388574588
-0.0015615388574588
0.0015615388574588
-0.0015615388574588
-0.0015615388574588
-0.0015615388574588
-0.0015615388574588
-0.0015615388574588
-0.0015615388574588
-0.0015615388574588
-0.0015615388574588
-0.0015615388574588
-0.0015615388574588
-0.0015615388574588
-0.0327923160067485
-0.0107197186495114
-0.0448942421520542
-0.0452846268664189
-0.0230326981475173
0.0015615388574588
0.0015615388574588
-0.112384124074765
0.0015615388574588
0.0015615388574588
0.0015615388574588
0.0015615388574588
-0.747586728010106
-0.0113211567165763
-0.0839327135886379
-0.422786645657879
-0.00160821251995458
0.0015615388574588
0.0015615388574588
0.0148346191458586
0.0015615388574588
0.0015615388574588
-0.0015615388574588
0
0
0
0
0
0
0
0
0
0
0
0
0
0
0
0
0
0
0
0
0
0
0
0
0
0
0
0
0
0
0
0
0
0
0
0
0.000960100790393881
0
0
0
0
0
0
0
0
0
0
0
0
0
0
0
0
0
0
0
0
0
0
0
0
0
0
0
0
0
0
0
0
0
0
0
0
0
0
0
1000
0
0
0
0
0
0
0
0
0
0
0
0
0
0
0
0
0
0
0
0
0
0
0
0
0
0
0
0
0
0
0
0
0
0
0
0
0
0
0
0
0
0
0
0
0
0
0
0
0
0
0
0
0
0
0
0
0
0
0
0
0
0
0
0
0
0
0
0
0
0
0
0
0
0
0
0
0
0
0
0
0
0
0
0
0
0
0
0
0
0
0
0
0
0
0
0
0
0
0
0
0
0.00156153885746233
0.00156153885746233
0.00156153885746233
0
0
0
0
0.604705922552286
0.00156153885746233
0.00156153885746233
0.00156153885746233
0
0.00156153885746233
0.00156153885746233
0
0
0
0
0
0
0
0
0
0
0
0
0
0
0
0
0
0
0
0
0
0
0
0
0
0
0
0
0
0
0
0
0
0
0
0
0
0
0
0
0
0
0
0
0
0
0
0
0
0
0
0
0
0
0
0
0
0
0
0
0
0
0
0
0
0
0
0
0
0
0
0
0
0
0
0
0
0
0
0
0
0
0
0
0
0
0
0
0
0
0
0
0
0
0
0
0
0
0
0
0
0
0
0
0
0
0
0
0
0
0
0
0
0
0
0
0
0
0
0
0
0
0
0
0
0
0
0
0
0
0
0
0
0
0
0
0
0
0
0
0
0
0
0
0
0
0
0
0
0
0
0
0
0
0
0
0
0
0
0
0
0
0
0
0
0
0
0
0
0
0
0
0
0
0
0
0
0
0
0
0
0
0
0
0
0
0
0
0
0
0
-1000
0
0
0
0
0
0
0
0
0
0
0
0
0
0
0
0
0
0
0
0
0
0
0
0
0
0
0
0
0
0
0
0
0
0
0
0
0
0
0
0
0
0
0
0
0
0
0
0
0
0
0
0
0
0
0
0
0
0
0
0
0
0
0
0
0
0
0
0
0
0
0
0
0
0
0
0
0
0
0
0
0
0
0
0
0
0
0
0
0
0
0
0
0
0
0
0
0
0
0
0
0
0
0
0
0
0
0
0
1000
1000
0
0
0
0
0
0
0
0
0
0
0
0
0
0
0
0
0
0
0
0
0
-1000
0
-1000
0
0
0
0
0
0
0
1000
1000
0
0
0
0
0
0
0
0
0
0
0
0
0
0
0
0
0
0
0
0
0
0
0
0
0
0
0
0
0
0
0
0
0
0
0
0
0
0
0
0
0
0
0
0
0
0
0
0
0
0
0
0
0
0
0
0
0
0
0
0
0
0
0
0
0
0
0
0
0
0
0
0
0
0
0
0
0
0
0
0
0
0
0
-969.605533054368
327.363913894418
0
0
0.0015615388574588
0
1000
0
0
0
0
617.682913171843
-0.0015615388574588
367.17031386877
0
0
0
0.000960100790393881
0
0
-1000
1000
0
0
0
0
0
0
0
0
0
0
0
0
0
-1000
0.000960100790393881
0
0
0
0.00385717348115122
0
0
0
0
0
0
0
-0.00385717348115122
0
0
0
0
0
250
1000
-969.605533054368
0
0
0
306.406084557251
1000
-0.023143040887021
0
0
0.0015615388574588
-0.0015615388574588
0
0
0.0566057835829952
-0.0566057835829952
1000
0
0
0
0
0
-1000
0
-132.317086828157
-867.682913171843
-1000
0
-632.82968613123
-367.17031386877
-1000
0
0
0
0
0
-1000
0
0
0
0
0
-1000
1000
-1000
0
0
0
-1000
0
0
0
-1000
0
0
0
0
0
0
0
0
0
0
0
0
0
0
0
0
0
0
0
-1000
1000
-1000
0
-1000
0
-1000
0
-1000
0
0
0
0
0
0
0
0
0
-1000
0
1000
0
1000
0
-1000
0
-1000
0
-1000
0
0
0
0
0
0
0
0
0
0
-1000
250
-250
0
0
0
0
0
0
0
0
0
0
0
0
0
0
0
0
0
0
0
0
0
0
0
0
0
0
0
0
0
0
0
0
0.000960100790393881
-0.000960100790393881
0
0
0
0
0
0
0
0
0
0
0
0
0
0
0
0
0
0
0
0
0
0
0
0
0
0
0
0
0
0
0
0
0
0
0
0
0.000960100790393881
-0.000960100790393881
0
0
0
0
0
0
-0.00385717348115122
-0.00385717348115122
0
0
0
0
0
0
0
0
0
0
0
0
0
0
0
0
0.00385717348115122
0.00385717348115122
0
0
0
0
0
0
0
0
0
0
0
0
0
0
0
0
0
0
0
0
0
0
0
0
0
0
0
0
0
0
0
0
0
0
0
0
0
0
0
0
0
0
0
0
1.26332307362957
0.00385717348116489
0
0
0
0
0
0
0
0
0.158952814800623
0
0
0
0
0
0
0
0
0
0
0
0
0
0
0
0
0
0
0
0
0
0
0
0
0
0
0
0
0
0
0
0
0
0
0
0
0
0
0
0
0
0
0
0
0
0
0
0
0
0
0
0
132.3155252893
132.3155252893
132.3155252893
0
0
0
0
0
0
0
0
0
0
0
0
0
0
0
0
0
0
0
0
0
0
0
0
0
0
0
0
0
0
0
0
0
0
0
0
0
0
0
0
0
0
0
0
0
0
0
0
0
0
0
0
0
0
0
0
0
0
0
0
0
0
0
0
0
0
0
0
0
0
0
0
0
0
0
0
0
0
0
0
0
0
0
0
0
0
0
0
0
0
0
0
0
0
0
0
0
0
0
0
0
0
0
0
0
0
0
0
0
0
0
0
0
0
0
0
0
0
0
0
0
0
0
0
0
0
0
0
0
0
0
0
0
0
0
0
0
0
0
0
0
0
0
0
0
0
0
0
0
0
0
0
0
0
0
0
0
0
0
0
0
0
0
0
0
0
0
0
0
0
0
0.00385717348116489
0.00385717348116489
0.00385717348116489
0.00385717348116489
0.00385717348116489
0
0
0
0
0
0
0
0
0
0
0
0
0
0
0
0
0
0
0
0
0
0
0
0
0
0
0
0
0
0
0
0
0
0
0
0
0
0
0
0
0
0
0
0
0
0
0
15.7886744224756
15.7886744224756
-15.7886744224757
5.2538914027025
-2.62501711461061
2.62501711461067
2.62501711461067
2.62501711461067
0
0
0
0
0
0
0
0
0
0
0
0
0
0
0
0
0
0
0
0
2.62501711461067
0
2.61732512807431
2.62501711461067
2.62501711461067
2.62501711461067
2.62501711461067
2.62501711461067
2.62501711461067
2.62501711461067
2.62501711461067
2.62501711461067
2.62501711461067
2.62501711461067
2.62501711461067
2.62501711461067
2.62501711461067
2.62501711461067
2.62501711461067
15.7886744224756
15.7886744224756
5.2538914027025
5.2538914027025
0
0
0
0
0
0
0
0
0
0
0
0
0
0
0
0
0
0
0
0
0
0
0
0
0
0
0
0
0
0
0
0
0
0
0
0
0
0
0
0
0
0
0
0
0
0
0
0
0
0
0
0
0
0
0
0
0
0
0
0
0
0
0
0
0
0
0
0
0
0
0
0
0
0
0
0
0
0
0
0
0
0
0
0
0
0
0
0
0
0
0
0
0
0
0
0
0
0
0
0
0
0
0
0
0
0
0
0
0
0
0
0
0
0
0
0
0
0
0
0
0
0
0
0
0
0
0
0
0
0
0
0
0
0
0
0
0
0
0
0
0
0
0
0
0
0
0
0
0
0
0
0
0
0
0
0
0
0
0
0
0
0
0
0
0
0
0
0
0
0
0
0
0
0
0
0
0
0
0
0
0
0
0
0
0
0
0
0
0
0
0
0
1.26332307362957
1.26332307362957
1.26332307362957
0
0.0269554935161987
0.0269554935161987
0
-1.29027856714572
0
0.0269554935161987
0
0
0
0
1000
0
0.0269554935161987
0
0.0269554935161987
0.0269554935161987
0
0
0
0
0
0
0
0
0
0
0
0
0
0
0
0
0
0
0
0
0
0
0
0
0
0
0
0
0
0
0
0
0
0
0
0
1.29027856714577
0
0
0
0
0
0
0
0
0
0
0
0
0
0
0
0
0
0
0
0
0
0
0
0
0
0
0
0
0
0
0
0
0
0
0
0
0
0
0
0
0
0
0
0
0
0
0
0
0
0
0
0
0
0
0
0
0
0
0
0
0
0
0
0
0
0
0
0
0
0
0
0
0
0
0
0
0
0
1.26332307362957
0.00385717348116489
0
0
0
0
0
0
0
1.66313494358738
0
0
0
1.04280827937449
1.04280827937449
1.04280827937449
0
0
0
0
0
0
1.42613306191136
0
0
0
0.00385717348116489
0
0
0
0
-1.4261330619114
1.42613306191136
0
0
0
0
0
0
0
0
0
0
0.260100201711054
0
0.237001881676021
0
0
0
0
0
0
0
0
0
0
11.6275184036183
11.6275184036183
11.6275184036183
0
0
0
0
-0.158952814800614
0
0
0
0
0
0
0
0
0
0
0
0
0
0
0
0
0
0
0
0
0
0
0
0
0
0
0
0
0
0
0
0
0
0
0
0
0
0
0
0
0
0
0
0
0
0
0
0
0
0
0
0
0
0
0
0
0
0
0
0
0
0
0
0
0
0
0
0
0
0
0
0
0
0
0
0
0
0
0
0
0
0
0
0
0
0
0
0
0
0
0
0
0
0
0
0
0
0
0
0
0
0
0
0
0
0
0
0
0
0
0
0
0
0
0
0
0
0
0
0
0
0
0
0
0
0
0
0
0
0
0
0
0
0
0
0
0
0
0
0
0
0
0
0
0
0
0
0
0
0
0
0
0
0
0
0
0
0
0
0
0
0
0
0
0
0
0
0
0
0
0
0
0
0
0
0
0
0
0
0
0
0
0
0
0
0
0
0
0
0
0
0
0
0
0
0
0
0
0
0
0
0
0
0
0
0
0
0
0
0
0
0
0
0
0
0
0
0
0
0
0
0
0
0
0
0
0
0
0
0
0
0
0
0
0
0
0
0
0
0
0
0
0
0
0
0
0
0
0
0
0
0
0
0
0
0
0
0
0
0
0
0
0
0
0
0
0
0
0
0
0
0
0
0
0
0
0
0
0
0
0
0
0
0
0
0
0
0
0
0
0
0
0
0
0
0
0
0
0
0
0
0
0
0
0
0
0
0
0
0
0
0
0
0
0
0
0
0
0
0
0
0
0
0
0
0
0
0
0
0
0
0
0
0
0
0
0
0
0
0
0
0
0
0
0
0
0
0
0
0
0
0
0
0
0
0
0
0
0
0
0
0
0
0
0
0
0
0
0
0
0
0
0
0
0
0
0
0
0
0
0
0
0
0
0
0
0
0
0
0
0
0
0
0
0
0
0
0
0
0
0
0
0
0
0
0
240.693330109064
0
240.693330109064
0
0
0
0
0
0
0
0
0
0
0
0
0
0
0
0
0
0
0
0
0
0
0
0
0
0
0
0
1000
0
0
0
0
0
0
0
0
0
0
0
0
0
0
0
0
0
0
0
0
0
0
0
0
0
0
0
0
0
0
0
0
0
0
0
0
0
0
0
0
0
0
0
0
0
0
0
0
0
0
0
0
0
0
0
0
0
0
0
0
0
0
0
0
0
0
0
0
0
0
0
0
0
0
0
0
0
0.175683071854089
0.175683071854089
0
0
0
0.17568307185411
0
0.175683071854089
-246.579241707355
0
0
0
0.027028164900651
0
0
0
0
0
0
0
221.050599581752
25.5286421256028
0
0
0
0
1.06310781942474
0
0
0
0
0
0
1.06310781942474
0
1.06310781942474
1.06310781942477
0
0
0
0
0
0
0
0
0
0
0
0
0
0
0
0
0
0
0
0
0
0
0
0
0
0
0
0
0
0
0
0
0
0
0
0
0
146.01551397496
146.01551397496
0
0
0
0
0
0
0
0
0
0
0
0
0
0
0
0
0
0
0
0
0
0
0
0
0
0
0
0
0
0
0
0
0
0
0
0
0
0
0
0
0
0
0
0
0
0
0
0
1000
737.856538818292
-1000
0
0
0
-1000
1000
1000
0
36.8957975925049
0
0
-1000
737.114116774765
0
0
0
0
0
0
0
0
0
0
0
0
0
0
0
0
0
0
0
0
0
0
0
0
0
0
0
0
0
0
0
0
0
0
0
0
0
0
0
0
-1000
0
0
0
0
0
0
0
0
0
0
0
0
0
0
0
-999.996142826519
999.996142826519
1000
999.996142826519
1000
-1000
-1000
0
0
0
0
0
0
0.00385717348115122
0
0
0
0
0
0
0
0
0
0
0
0
0
0
0
0
0
0
0
0
0.0153951532856929
0
0.00385717348116489
0.0230983200350338
1000
0.001922996634088
0.001922996634088
0.00385717348115122
0
0.0134721566516049
0.001922996634088
0.0288784901502858
-0.00192299663410722
0.001922996634088
0.001922996634088
0.001922996634088
0.001922996634088
0.001922996634088
-0.00192299663410722
-0.00384599326821444
-0.00578017011525844
0.001922996634088
0.001922996634088
0.00192299663410722
0.001922996634088
-0.00578017011525844
-0.00192299663410722
0.00385717348115122
0.001922996634088
0.001922996634088
0.00385717348116489
0.00385717348116489
-0.00385717348115122
-0.00385717348115122
0.00385717348115122
0.00385717348115122
0.001922996634088
0.001922996634088
0.001922996634088
0.001922996634088
0.0423730072278659
-0.00578017011525844
-999.973044506484
0
0
0
0
0
0
-492.764972801476
0
0
0
0.00385717348116489
0
0
0
0
0.00192858674058245
0.00385717348115122
0.00385717348115122
0
0
0.00385717348116489
0.00385717348116489
0
0
0
0
0
0
0.00769198653635202
0.001922996634088
0.00576898990226401
0.001922996634088
-0.00192299663410722
0.001922996634088
0.001922996634088
0.001922996634088
0.001922996634088
0.001922996634088
0.001922996634088
0.00384599326817601
0.001922996634088
0.001922996634088
0.001922996634088
0.001922996634088
0.001922996634088
0
0.001922996634088
0.00385717348116489
0
0.00385717348116489
0
0.00385717348116489
0.00385717348116489
0.00385717348116489
0.00385717348116489
0.00385717348116489
0.00385717348116489
0
0.00385717348116489
0
0.00385717348116489
0.00385717348116489
0.00385717348116489
0.00385717348116489
0.00385717348116489
0
0
0
0
0
0
0
0
0
0
0
0
0
0
0
0
-0.00385717348115122
0.00385717348116489
0.00385717348116489
0
0
0
0
0
0
0
0
0
0
0
0
0
0
0
0
0
0
0
0
0
0
0
0
0
0
0
0
0
0
0
0
0
0
0
0
0
0
0
0
0
0
0
0
0
0
0
0
0
0
0
0
0
0
0
0
0
0
0
0
0
0
0
1000
500
0
0
0
0
0
0.00385717348116489
0
0
0
0
0
0
0
0
0
0
0
0
0
0
0
0
0
0
0
0
0
-1000
0
0
0
-250
0
-132.257357966859
0
0
0
0.00156153885746233
0
0
0
0
0
0
0
0
0
0.00156153885746233
0
0
615.467441779876
0
0
0
0
0.00468461657238698
0
0
0
0
0
1.19166520159643
0
0
0
0.0975961785913955
0
0
0
0
0
0.00156153885746233
0
0
0
0.00156153885746233
0
0.00156153885746233
0
0.00156153885746233
0
0.00156153885746233
0
0.00156153885746233
0
0.00156153885746233
0
0.00156153885746233
0
0.00156153885746233
0
0.00156153885746233
0
0.00156153885746233
0
0.00156153885746233
0
0.00156153885746233
0
0.00156153885746233
0
0.00156153885746233
0
0.00156153885746233
0
0.00156153885746233
0
0.0327923160067089
0
0.0107197186495599
0
0.0448942421520419
0
0.0452846268664075
0
0.0230326981475693
0
0.00156153885746233
0
0.00156153885746233
0
0.112384124074797
0
0.00156153885746233
0
0.00156153885746233
0
0.00156153885746233
0
0.00156153885746233
0
0.747586728010089
0
0.0113211567166019
0
0.0839327135886001
0
0.422786645657925
0
0.00160821251995325
0
0.00156153885746233
0
0.00156153885746233
0
0.0148346191458921
0
0.00156153885746233
0
0.00156153885746233
0
0.00156153885746233
0
0
-1000
0
0
0
0
0
0
0
0
-1000
-1000
-1000
1.06310781942474
-1000
700.682655314158
546.072269465051
0
144.589380913049
287.001911677519
-1000
-1000
0
0
1000
0
0
0
0
0
-5.88880451812861
1000
0
0
0
0
-287.001911677519
1000
-0.00385717348115122
0
0
-3.37588394568172
1000
712.998088322481
0
0
0
0.0134609764386369
1000
286.998054504038
-1000
-227.268086057677
-737.837787211024
0
1000
0
0
-1000
0
0
1000
847.006400970877
-1000
1000
0
1000
0
0
-1000
1000
1000
1000
0
0
0
0
0
-502.838260577844
0
0
0
0
0
0
0
0
0
93.0652870524567
0
1000
0
0
0
0
0
1000
431.098003668606
0
0
0
1000
0
0
0
0
0
0
952.616848500145
0
0
-1000
-639.422930457399
-1000
-1000
1000
33.5654264305319
-1000
-1000
-1000
-1000
-1000
1000
1000
-1000
-1000
-1000
-1000
-1000
-1000
1000
-1000
-1000
-41.4768665725895
1000
1000
1000
1000
1000
1000
1000
-1000
1000
-1000
-985.779137093484
-1000
-1000
-699.462367147049
-18.7023022136034
1000
-1000
-1000
1000
-1000
773.963893099704
-1000
-1000
-1000
-1000
-1000
-1000
-1000
-1000
1000
1000
-1000
-1000
-1000
-11.0013249226396
-1000
-1000
-1000
-1000
-987.313633438106
-1000
-1000
1000
-1000
-1000
230.954562099431
-1000
-1000
-1000
-1000
-1000
1000
-1000
-1000
-1000
-1000
1000
-966.434573569468
-1000
1000
-1000
-1000
1000
1000
1000
-1000
1000
1000
1000
1000
1000
1000
1000
1000
1000
-1000
-1000
-1000
-1000
364.002802907753
-1000
-1000
-1000
-1000
-364.002802907753
977.560455381648
1000
1000
1000
1000
-1000
1000
1000
-1000
-1000
-1000
-1000
-1000
-1000
974.471357874397
18.5208753073264
11.4462461569542
-1000
-1000
-1000
0
0
0
0
0
0
0
0
0
0
0
0
0
0
0
0
0
0
0
0
0
0
0
0
0
0
0
0
0
0
0
0
0
0
0
0
0
0
0
0
0
0
0
0
0
0
0
0
0
0
0
0
0
0
0
0
0
0
0
0
0
0
0
0
0
0
0
0
0
0
0
0
0
0
0
0
0
0
0
0
0
0
0
0
0
0
0
0
0
0
0
0
0
0
0
0
0
0
0
0
0
0
0
0
0
0
0
0
0
0
0
0
0
0
0
0
0
0
0
0
0
0
0
0
0
0
0
0
0
0
0
0
0
0
0
0
0
0
0
0
0
0
0
0
0
0
0
0
0
0
0
0
0
0
0
0
0
0
0
0
0
0
0
0
0
0
0
0
0
0
0
0
0
0
0
0
0
0
0
0
0
0
0
0
0
0
0
0
0
0
0
0
0
0
0
0
0
0
0
0
0
0
0
0
45.6334070268514
0
0
0
0
0
0
0
0
0
0
0
0
0
0
0
0
0
0
0
0
0
0
0
0
0
0
0
0
0
0
0
0
0
0
0
0
0
0
0
0
0
0
0
0
0
0
0
0
0
0
0
0
0
0
0
0
0
0
0
0
0
0
0
0
0
0
0
0
0
0
0
0
0
0
0
0
0
0
0
0
0
0
0
0
0
0
0
0
0
0
0
0
0
0
0
0
0
0
0
0
0
970.032878535719
0
0
0
0
0
0
0
0
0
0
0
0
0
0
0
0
0
0
1000
-1000
-1000
1000
1000
1000
1000
1000
-1000
-1000
0
-1000
1000
1000
191.135642248184
-1000
810.670740106008
-1000
-250.975124146671
-1000
1000
1000
0
1000
0.053922167245446
-1000
-1000
-1000
1000
1000
-1000
1000
-1000
-1000
-1000
1000
-1000
-1000
-1000
-1000
-1000
1000
-1000
-1000
-999.946077832755
1000
-1000
1000
1000
-1000
-1000
-1000
-1000
-1000
-1000
0
0
0
0
0
0
0
0
0
0
0
0
0
0
0
0
-1000
-1000
-0.506528866305644
0
0
0
0
0
1000
0
0
0
0
0
0
0
0
0
0
-0.00385717348115122
0.00385717348116489
0
0
-0.00385717348115122
-0.00385717348115122
0
0
0
0
0
0
0
0
0
0
0
0
0
0
0
0
0
0
0
0
277.646440280636
0
0
0
0
0
0
0.00385717348116489
0
0
-244.345286799807
2.00167086120632
1000
-264.891411259923
1000
0
0
0
0
-0.00385717348115122
0
0
0
0
0
246.579241707355
0
0
0
0
0
0
0
0
0
0
0
0
0
0
0
0
0.00385717348116489
0
0
0
191.954277008602
633.742998237301
0
0
0
0
0
-1000
0
0
0
0
61.414181697166
0
0
0
0
0
0
0
0
0
0
0
0
0
0
0
0
0
0
0
0
0
0
0
0
0
0
672.988356887931
0
0.00385717348116489
0
0
0
0
1000
0
-969.605533054368
0
-132.257357966859
0
2.08561655874898
0
0
0
0
0.00576898990226401
1000
0
-18.5208753073264
0
0
0
0
0
0
0
0
0
0
0
0
0.00385717348115122
-967.616433884523
264.512420299095
-839.433791646258
749.024875853329
0
0
0.15315960110355
-1000
1000
0
0
0
0
0
0
0.00385717348115122
0
1000
0
1000
0
0
1000
0
0
-1000
149.538416035182
149.538416035182
-1000
0
-1000
1000
0
0
0
0
0
0
0
0
0
0
0
0
1000
906.707032180132
906.707032180132
18.5208753073264
0
0
0
0
0
0
0
0
0
1000
998.005417393829
0
0
0
0
0
0
0
0
0
0
0
1.04280827937449
0
0.00385717348116489
-0.00385717348115122
0.00385717348116489
0.00385717348116489
0
0
0.00385717348115122
0
0
0
1.04280827937453
0
0
-0.0115715204434537
0.0794624321340507
0
-1000
-1000
1000
-0.0833196056152019
0
0
1000
-1000
-999.996142826519
-1000
0
0
0
0
0
0
0
0
0
0
0
0
0
0
0.0833196056152019
0
0
0
0
0
0
0
0
0
1000
0
0
0
0
0
0
0.001922996634088
0
1000
0
0
0
0
0
0
0.00385717348116489
0
0
0
0
0
0
0
0
0
0
-1000
0
0
0
0
0
0
0
0
0
0
0
0
0
1000
0
0
500
0
1000
0
0
0
0
0
0
0
0
0
0
0
0
0
0
0
0
0
0
0
0
0
0
0
0
0
0
2.48759739002662
0
0
0
0
0
0
0
0
0
0
0
0
0
0
0
0
0
0
0
0
0
0
0
0
0
0
0
0
0
0
0
0
0
0
0
0
0
0
0
0
0
0
0
0
0
0
0
0
0
0
0
0
0
0
0
0
0
0
0
0
0
0
0
0
0
0
0
0
0
0
0
0
0
0
0
0
0
0
0
0
0
0
0
0
0
0
0
0
0
0
0
0
0
0
0
0
0
0
0
0
0
0
0
0
0
0
0
0
0
0
0
-999.986539023561
0
0.00192299663410722
0
0.0211641431880025
0
0
-0.0134609764386369
0
1000
0
0
0
0
0.0173181499197881
0
0
0
0
0
0
0
0
0
0
0
0
0
0
0
0
0
0.00385717348116489
0.00385717348116489
0.00385717348116489
-244.345286799807
-1000
0
306.406084557251
-1000
0
0
0
0
0
0
-1000
18.5208753073264
0
0
0
0
0
0
0
0
0
0
-1000
0
999.998438461143
-0.0015615388574588
-1000
-1000
-1000
-1000
-1000
-1000
0
0
0
0
0
0
0
0
0
0
-1000
0
1000
0.422481615161602
0.00385717348116489
0.00385717348116489
0.00385717348116489
0.00385717348116489
0.00385717348116489
0
0
0
0
1000
0.0854942524460624
0
0
0
0
0
0
0
0
0
0
0
0
0
0
1000
0
0
0
0
0
0
1000
-1000
0
1000
0
0
-1000
0
0
0
0
0
0
0
0
0
250
0
0
0
0
0
0
0
0
0
0
0
0
0
0
0
0
0
0
0
0
0
0
0
0
0
0
0
0
0
0
0
0
0
0
0
0
0
-262.885883225235
0
0
0
0
0
0
0
0
0
-1000
0
0
0
0
0
0
250.975124146671
1000
-1000
-1000
-1000
-1000
1000
0
0.0230983200350338
0
0
0
0
383.908554017205
-1000
-974.471357874397
0
246.579241707355
0
0
0
999.976856959113
15.557363269211
0
0
0
0
0
0.620326664212889
0.620326664212889
-18.5208753073264
-999.984616026927
0
0
0
0
0
0
0.391568326247338
0
-1000
0
0
0
0
0
0
0
1000
0.00385717348116489
0
0
0
0
0
0
0
0
-1000
-1000
0
0
1000
0
0
0
1000
0
0
0
0
-867.682913171843
0
-1000
-250
0
0
-1000
-1000
0
0
0
0
0
0
1000
0
0
0
-605.190096795589
605.190096795589
0
0
-750
0
0
0
0
-1000
-1000
0
0
-561.404549540185
0
0
0
0
0.000960100790420391
0
0
0
0
0
0
0
0
0
998.00927456731
0
1000
0
0
0
0
0
0
0
0
0
0
1000
1000
0
-1000
1000
-1000
-1000
0
0
0
0
0
0
0
0
-1000
0
0
22.5062120624028
0.001922996634088
0.001922996634088
0
45.7622841370276
-1000
424.500333775527
-240.693330109064
-240.693330109064
367.17031386877
0
0
0
0
0
0
0
0
0
0
0
0
0
0
0
0
0
0
0
0
0
0
0
0
0
0.00385717348115122
0
0
0
0
0
0
0
0
0
0
0
0
0
0
0
0
0
0
0
0
0
0
0
0
0
0
0
0
0
0
0
0
0
0
0
0
0
0
0
0
0
0
0
0
0
0
-1000
0
-1000
0
0
0
0
0
0
-1000
0
0
0
0
0
0
0
0
0
0
0
999.943394216417
0
0
0
0
0
0
0
0
0
0
0
0
0
1000
0
0
0
30.3944669456316
0
0
0
0
0
0
0
0
0
0
0
0
0
0
0
0
0
0
0
0
0
0
0
0
0
0
0
0
0
0
0
0
0
0
0
0
0
0
0
132.257357966859
0
0
0
0
0
0
0
0
0
0
0
0
132.258919505717
0
0
0
0
0
0
0
0
0
0
0
0
0
0
0
0
0
0
0
0
0
0
0
0
0
0
0
0
0
0
0
0
0
0
0
0
0
0
0
0
0
0
0
0
0
0
0
0
0
0
0
0
0
0
0
0
0
0
0
0
0
0
0
0
0
0
0
0
0
0
0
0
0
0
0
0
0
0
0
0
0
0
0
0
0
0
0
0
0
0
0
0
0
0
0
0
0
0
0
0
0
0
0
0
0
0
0
0
0
0
0
0
0
0
0
0
0
0
0
0
0
0
0
0
0
0
0
0
0
0
0
0
0
-1000
0
0
0
0
0
0
0
0
0
0
0
0
0
0
0
0
0
0
0
0
0
0
0
0
179.29091210396
0
0
12.6212423078599
0
-1000
0.17568307185411
1000
0
0
0
0
-1000
0
0
0
0
366.230001548332
0.023143040887021
0
0
0
0
0
0
0
0
0
0
0
0
0
0
0
0
0
-34.8941267312985
0
0
0
0
0
0
0
0
0
0
0
0
0
0
0
0
0
0
0
0
0
0
0
0
0
0
0
0
0
0
0
0
0
0
0
0
0
0
0
0
0
0
0
0
0
0
0
0
0
0
0
0
0
0
0
0
0
0
0
0
0
0
0
0
0
0
0
0
0
0
0
0
0
0
0
0
0
0
0
0
0
0
0
0
0
0
0
0
0
0
0
0
0
0
0
0
0
0
0
0
0
0
0
0
0
0
0
0
0
0
0
0
0
0
0
0
0
0
0
0
0
0
0
0
0
0
0
0
0
0
0
0
0
0
0
0
0
0
0
0
0
0
0
0
0
0
0
0
0
0
0
0
0
0
0
0
0
0
0
0
0
0
0
0
0
0
0
0
0
0
0
0
0
0
0
0
0
0
0
0
0
0
0
0
0
0
0
0
0
0
0
0
0
0
0
0
0
0
0
0
0
0
0
0
0
0
0
0
0
0
0
0
0
0
0
0
0
0
0
0
0
0
0
0
0
0
0
0
0
0
0
0
0
0
0
0
0
0
0
0
0
0
0
0
0
0
0
0
0
0
0
0
0
0
0
0
0
0
0
0
0
0
0
0
0
0
0
0
0
0
0
0
0
0
0
0
0
367.17031386877
0
0
0
0
0
0
0
0
0
0
0
-1000
0
0
1.06310781942474
0
0.00385717348115122
-981.019645889363
-18.5208753073264
0
0
0
0
0
0
0
0
0
0
0
0
0
0
0
0
0
0
0
0
0
0
0
0
0
0
0
0
0
0
0
0
0
0
0
0
0
0
0
0
0
0
0
0
0
0
0
0
0
0
0
0
0
0
0
0
0
0
0
0
0
0
0
0
0
0
0
0
0
0
0
0
0
0
0
0
0
0
0
0
0
0
0
0
0
0
0
0
0
0
0
0
0
0
0
0
0
0
0
0
0
0
0
0
0
0
0
0
0
0
0
0
0
0
0
0
0
0
0
0
0
0
0
0
0
0
0
0
0
0
0
0
0
0
0
0
0
0
0
0
0
0
0
0
0
0
0
0
0
0
0
0
0
0
0
965.105873268702
0
1000
1000
0
0
0
0
0
0
0
1000
0.00385717348115122
0
0
-1000
1000
0
0
0
0
0
0
0
0
0
0
0
0
0
0
0
0
0
0
0
0
0
0
0
0
0
0
0
0
0
0
0
0
0
0
0
0
0
0
0
0
0
0
0
0
0
0
0
0
0
0
0
0
0
0
0
0
0
0
0
0
0
0
0
0
0
0
0
0
0
0
0
0
0
0
0
0
0
0
0
0
0
0
0
0
0
0
0
0
0
0
0
0
0
0
0
0
0
0
0
0
0
0
0
0
0
0
0
0
0
0
0
0
0
0
0
0
0
0
0
0
0
0
0
0
0
0
0
0
0
0
0
0
0
0
0
0
0
0
0
0
0
0
0
0
0
0
0
0
0
0
0
0
0
0
0
0
0
0
0
0
0
0
0
0
0
0
0
0
0
0
0
0
0
0
0
0
0
0
0
0
0
0
0
0
0
0
0
0
0
0
0
0
0
0
0
0
0
500
93.1684415740312
0
0
-1.04280827937453
0
0
497.286556901392
20.6088592761757
45.0469415010441
0.111802129888837
93.1684415740312
0
0
0
0
0
0
0
0
0
0
0
0
0
0
0
0
0
0
0
0
0
0
0
0
0
733.237626112926
-1000
0
-25.5286421256028
1000
-1000
0
18.5208753073263
0
0
0
0
-250
0
0
-3.90384714365587
0
0
0
0.00385717348115122
0
0
0
0
0
0
0
0
0
0
0
0
0
0
0
0
0
0
250
0
132.257357966859
0
0
0.0134609764386369
-0.747586728010106
-0.0327923160067485
0
-11.4462461569542
-22.4395446183521
-1000
-35.8855395715632
23.6876914845337
-1000
-28.352652124465
-4.91845519913466
-33.5654264305319
1000
-1000
0
0
0
0
-1000
-41.4768665725895
-18.7023022136034
-305.962132484329
-14.2208629065159
-11.0013249226396
-1000
-1000
-7.16057237930204
926.957492128827
0
0
-1000
-25.5286421256028
0
1000
0
0
999.806298151546
-1000
0
0
0
0
0
0
1000
981.479124692674
0
0
0
0
0
0
0
0
0
-0.00385717348115122
-0.00385717348115122
0
0
0
0
0
0
0
0
0
0
0
0
277.646440280636
0
0
0
0
249.168741792479
0
749.024875853329
0
0
-1000
-1000
246.579241707355
-0.00385717348115122
-0.00385717348115122
-1.06310781942477
262.885883225235
0
0
-0.00385717348115122
0
-0.00385717348115122
0
0
0
-0.00385717348115122
0
0
0
-0.00385717348115122
0
0
0
0
974.471357874397
0
0
0
0
0
0
1000
0
0
0
0
0
2.00167086120632
0
0
0
0
0
0
-299.317344685842
0
0
0
0
-808.810435584571
0
1000
0
0
-0.00385717348115122
0
0
0
0
0
0
0
0
0
0
0
0
0
0
633.742998237301
-3.37588394568172
-0.506528866305644
-1000
-1000
0
0
0
0
712.998088322481
0
0
0
2.62501711461061
0
0
0
0
0
-227.268086057677
0
0
0
0
1000
1000
546.072269465051
0
0
144.589380913049
262.162212788976
0
0
0
0
0
0
0
0
0
-1000
-492.764972801476
0
0
0
0
0
0
-0.053922167245446
0
0
0
735.108588740077
-287.001911677519
286.998054504038
0
0
0
0
0
0
287.001911677519
-1000
-1000
-5.88880451812861
0
0
0
0
0
0
0
0
0
0
0
1000
0
-0.00160821251995458
-0.0015615388574588
-0.422786645657879
-502.838260577844
-0.0230326981475173
-0.112384124074765
-0.0148346191458586
-0.0839327135886379
-0.0448942421520542
0
0
0
615.467441779876
0
-0.0015615388574588
-965.105873268702
-0.0046846165723764
-0.0015615388574588
0
-0.0113211567165763
0
-0.0015615388574588
-1.19166520159638
0
0
-15.557363269211
0
-0.391568326247352
-0.0015615388574588
-0.0107197186495114
0
-0.0015615388574588
-0.0015615388574588
-0.0015615388574588
-0.0015615388574588
-0.0452846268664189
0
-0.0975961785914023
0
0
0
-1000
1000
0
0
-1000
1000
-0.00385717348115122
0
750
-750
0
0
0
-1000
0
0
0
0
0
0
0
0
0
0
0
0
0
0
0
0
0
0
0
-22.5062120624028
22.5062120624028
-45.7622841370275
45.7622841370276
1000
-1000
-424.500333775527
424.500333775527
424.500333775527
0
-1000
-1000
0
0
0
-0.0015615388574588
-0.0015615388574588
0
0
0
0
965.105873268702
0
999.824316928146
-1000
366.230001548332
0.023143040887021
0
0
0
0
0
1000
0
-1000
0
0
0
0
0
0
0
0
0
0
0
0
0
0
0
0
0
0
0
0
0
0
0
0
0
0
0
0
0
0
0
0
0
0
0
0
0
0
0
0
0
0
0
0
0
0
0
0
0
0
0
0
0
0
0
0
0
0
0
0
0
0
0
0
0
0
0
0
0
0
0
-0.0015615388574588
0
0
0
0
0
0
0
0
0
0
0
0
0
0
0
0
0
0
0
0
0
0
0
0
0
0
0
0
0
0
0
0
0
0
0
0
0
0
0
0
0
0
0
0
0
0
0
0
0
0
0
0
0
0
0
0
0
0
0
0
0
0
0
0
0
0
0
0
0
0
0
0
0
0
0
0
0
0
0
0
0
0
0
0
0
0
0
0
0
0
0
0
0
0
0
0
0
0
0
0
0
0
0
0
0
0
0
0
0
0
0
0
0
0
0
0
0
0
0
0
0
0
0
0
0
0
0
0
0
0
0
0
0
0
0
0
0
0
0
0
0
0
0
0
0
0
0
0
0
0
0
0
0
0
0
0
0
0
0
0
0
0
0
0
0
0
0
0
0
0
0
0
0
0
0
0
0
0
0
0
0
0
0
0
0
0
0
0
0
0
0
0
0
0
0
0
0
0
0
0
0
0
0
0
0
0
0
0
0
0
0
0
0
0
0
0
0
0
0
0
0
0
0
0
0
0
0
0
0
0
0
0
0
0
0
0
0
0
0
0
0
0
0
0
0
0
0
0
0
0
0
0
0
0
0
0
0
-1000
0
1000
0
0
981.019645889363
0
0
0
0
0
0
0
0
0
0
0
0
0
0
0
0
0
0
0
0
0
0
0
965.105873268702
0
-1000
0
-1000
-0.00385717348115122
0
0
0
0
0
0
0
0
-1000
0
0
0
0
0
0
0
0
0
0
0
0
0
0
0
0
0
0
0
0
0
0
0
0
0
0
0
0
0
0
0
0
0
0
0
0
0
0
0
0
0
0
0
0
0
0
0
0
0
0
0
0
0
0
0
0
0
0
0
0
0
0
0
0
0
0
0
0
0
0
0
0
0
0
0
0
0
0
-0.0015615388574588
-0.0015615388574588
-0.0015615388574588
0
-0.0015615388574588
-0.0015615388574588
0
-0.0015615388574588
-0.0015615388574588
-0.0015615388574588
-0.0015615388574588
0
-0.0015615388574588
-0.0015615388574588
0
-0.0015615388574588
-0.0015615388574588
-0.0015615388574588
-0.0015615388574588
0
-0.0015615388574588
-0.0015615388574588
-0.0015615388574588
-1000
93.1684415740312
0
1000
0
0
0
0
0
0
0
0
0
0
0
