0
0
0
0
0
0
0
0
1000
0
0
0
0
199.360496084876
0
0
999.767514906927
-999.767514906927
999.946642765524
0
0.0533572344758656
0
-1000
0.335388330991123
0
1000
-201.595731455363
0
-32.4066491805156
0.14568417085143
0
0
0
0
0
0.0293847095108778
0
0
0
32.0190702379917
0
0
0
0
0
0
0
0
0
0
0
0
0
0
0
0
0
0
0
0
0
0
0
0
0
0
0
32.4066491805156
0
0
0
0
1000
1000
0
0
0
32.4066491805156
0
-1000
0
0
0
0
0
0
0
0
0
0
0
0
0
1000
0
-1000
0
1000
-1000
0
0
0
0
0.00326339120594007
0
1000
0
0
0
0
0
0
0
243.516675881326
1000
0
0
0
0
0
0
0
0
0
0
0
0
0
0
0
0
-1000
0
0
0
-1000
0
0
0
0
-13.3581290847715
0
0
0
0
0
0
0
0.00814428935743305
1000
0
0
-163.448226384691
237.881501796879
1000
401.322105719502
0
966.092437823694
0
-1000
401.322105719502
600.682601804377
1000
-800.639503915124
0
966.092437823694
1000
0
0
0.00814428935746037
0
0
1000
822.774450431367
0
0
0
0
0
-3.16867009379951
0
0
0
0
0
0
0
-3.80913032443414
-1000
0
0
0
401.221497467427
0
0
0
0
342.646372881554
0
842.062693320826
0
0
0
-3.17248132483348
0
-1000
0
0
0
0
0
0
0
0
0
0
0
-97.7248218733171
0.420930170041544
0
-999.579069829958
1.05994788717184
0
-1000
331.161986859666
331.161986859666
0
-999.364793513904
331.161986859666
0
0
0
0
0
0
0
0
0
-0.420930170041515
0
-1000
0
789.88273237209
-243.516675881326
-1000
-1000
1000
-250.051394482255
245.274700983868
-1000
996.635826760426
-0.882275942477008
-999.36098228287
0
0
-1000
1000
-1000
-0.63139525506233
1.05994788717184
0
0
1000
0
0.163882934461587
0
-0.16388293446164
0
0.00162696605049766
0
0
0
0
3.03386444793796
0
0
0
0
0
4.35413636229455
0
0
0
0
0
0
1000
0
1000
0
0
0
1000
0
-0.16388293446164
0
-0.63139525506233
0
0
0.63139525506233
0
0
0
0
0
0
-1000
0
0
0
1000
0
0
1000
-0.882275942477008
0
0.00326339120597178
0
0
0
0
0
0
0.631395255062318
0
0
0.635206486096308
0
-1.05613665613782
0
0
0
2.10465085020773
0
8.86002829825276
0
0
0
0
0
0
0
0
-608.156262637073
-1000
999.368604744938
-1000
1000
1000
-1000
1000
-1000
-1000
1000
-1000
-1000
-4.35576332834501
1000
0
0
0
0
0
0
-1000
0
-1000
1000
-1000
1000
1000
0
0
-1000
-1000
0
0
0
0
0
0
0.882275942477042
-1000
-1000
1000
1000
1000
-1000
0.639017717130287
0
-1000
-1000
1000
1000
1000
-1000
-1000
-1000
1000
1000
-1000
-164.583261201218
0
-841.438920527832
-1000
-1000
1000
0
0
0
-1000
1000
0
0
0
4.44433681053044
0
0
342.646372881554
-438.542032167827
1000
0
0
0
45.6614801097378
244.149340232969
0
0
0
0
0
0
0
0
0
0
316.664178779319
0
0
0
0
0.00326339120594007
0
999.973892870353
0
-999.973892870353
0
999.973892870353
0
0
0
0
1000
0
0
0
0
0
0
0
0
0
0
0
0
0
0
0
0
0
0
0
0
0
0
0
0
0
0
0
0
0
0
0
0
0
0
-1000
-1000
0.0952807758498011
0.0952807758498011
0
493.09508202701
0
0
0
-0.0261071296474711
0
0
0
0
0
0
29.5224435379782
0
0
0
0
0
0
0
0
0
0
0
0
0
0
0
0
0
0
0
0
0
0
0
0
0
0
0
0
0
0
0
0
0
0
0
0
0
0
0
74.3560765399287
1000
0
0
0
0
0
0
-1000
0
0
0
0
0
0
0
0
0
0
0
0
0
0
0
0
0
0
0
0
0
0
0
0
0
0
0
-85.0180572581201
0
0
0
0
0
0
0
0
0
0
1000
0
0
0
0
0
0
0
0
0
0
0
0
0
0
0
0
0
0
0
0
0
0
0
0
0
0
0
0
0
0
0
0
0
-1000
0
0
0
0
0
0
0
0
0
0
0
0
0
0
0
0
0
0
0
0
0
0
0
0
0
0
0
0
0
0
0
0
0
0
0
0
0
-1000
0
0.0038112310339904
0
0
0
0
0.689832817152262
0.689832817152262
0
0
0
0
0
0
0
0
0
0
0
0
0
0
0
0
0
0
0
0
0
0
0
0
0
0
0
1000
0
0
0
1000
0
0
1000
0
0
0
0
1.98184013767501
0
0
1.98184013767501
0
0
0
0
0
0
0
0
0
1.98184013767501
0
1.98184013767501
0
0
0
11.822600260481
33.7007217389512
21.5415349941861
15.7774914508199
23.3927606577489
7.6994158280001
18.0073769092024
32.9434021493119
30.3348568961097
9.59271480209848
18.5964032566997
38.3287858978584
30.2507102750386
9.34027493888536
15.4829782770712
21.457388373115
27.8104582639785
22.509221136503
4.12318443248093
28.0628981271916
0
0
0
0
0
0
0
0
0
0
0
0
0
0
0
0
0
0
0
0
0
0
0
0
0
0
0
0
0
0
0
0
0
0
0
0
0
0
0
0
0
0
0
0
0
0
0
0
0
0
0
0
0
0
0
0
0
0
0
0
0
0
0
0
0
0
0
0
0
0
0
0
0
0
0
0
0
0
0
0
0
0
0
0
0
0
0
0
0
0
0
-1000
0
0
0
0
29.5224435379783
-1000
-1000
1000
1000
0
0
0
0
0
401.084681214812
0
45.6614801097378
-644.738561413362
-401.221885532036
-1000
0
-644.656834746639
0
-400.614208982623
1000
1000
401.09230367688
1000
0
0
598.915318785188
0
-1000
-1000
-1000
0
355.369272383008
0
0
0
644.656834746639
0
0
0
0
0
0
0
0
0
0
0
0.00326339120590546
178.111088902316
1000
1000
0
0
0
2.51141713966832
5
0
0
0
0
0
0
0
0
322.329383931779
0
0
-0.00133027428728383
0
0
0
0
-0.00133027428728383
319.371582456238
177.186388874162
0
-0.00133027428728383
0.00133027428728383
-0.00133027428728383
-0.466462116379944
0
-0.0831421429518286
0
-1000
-0.516478992016459
0
-0.00133027428728383
-0.00133027428728383
0.00133027428728383
-0.00133027428728383
0.00133027428728383
-0.00133027428728383
-0.00133027428728383
-0.00133027428728383
-0.00133027428728383
-0.00133027428728383
-0.00133027428728383
-0.00133027428728383
-0.00133027428728383
-0.00133027428728383
-0.00133027428728383
-0.00133027428728383
-0.0279357600318235
-0.0427003670567956
-0.0382453857578184
0
-0.0196215457366407
0.00133027428728383
0.00133027428728383
0
0.00133027428728383
0.00133027428728383
0.00133027428728383
0.00133027428728383
-0.636868815010644
-0.00964448858235301
-0.0715022429385499
-0.36017176326709
-0.135687977297266
0.00133027428728383
0.00133027428728383
0.0126376057286279
0.00133027428728383
0.00133027428728383
-0.00133027428728383
0
0
0
0
0
0
0
0
0
0
0
0
0
0
0
0
0
0
0
0
0
0
0
0
0
0
0
0
0
0
0
0
0
0
0
0
0.0343861527616127
0
0
0
0
0
0
0
0
0
0
0
0
0
0
0
0
0
0
0
0
0
0
0
0
0
0
0
0
0
0
0
0
0
0
0
0
0
0
0
0
0
0
0
0
0
0
0
0
0
0
0
0
0
0
0
0
0
0
0
0
0
0
0
0
0
0
0
0
0
0
0
0
0
0
0
0
0
0
0
0
0
0
0
0
0
0
0
0
0
0
0
0
0
0
0
0
0
0
0
0
0
0
0
0
0
0
0
0
0
0
0
0
0
0
0
0
0
0
0
0
0
0
0
0
0
0
0
0
0
0
0
0
0
0
0
0
0
0
0
0
0
0.0013302742872285
0.0013302742872285
322.332044480353
0
0
0
0
0
0.0013302742872285
0.0013302742872285
0
0
0
0
0
0
0
0
0
0
0
0
0
0
0
0
0
0
0
0
0
0
0
0
0
0
0
0
0
0
0
0
0
0
0
0
0
0
0
0
0
0
0
0
0
0
0
0
0
0
0
0
0
0
0
0
0
0
0
0
0
0
0
0
0
0
0
0
0
0
0
0
0
0
0
0
0
0
0
0
0
0
0
0
0
0
0
0
0
0
0
0
0
0
0
0
0
0
0
0
0
0
0
0
0
0
0
0
0
0
0
0
0
0
0
0
0
0
0
0
0
0
0
0
0
0
0
0
0
0
0
0
0
0
0
0
0
0
0
0
0
0
0
0
0
0
0
0
0
0
0
0
0
0
0
0
0
0
0
0
0
0
0
0
0
0
0
0
0
0
0
0
0
0
0
0
0
0
0
0
0
0
0
0
0
0
0
0
0
0
0
0
0
0
-1000
0
0
0
0
0
0
0
0
0
0
0
0
0
0
0
0
0
0
0
0
0
0
0
0
0
0
0
0
0
0
0
0
0
0
0
0
0
0
0
0
0
0
0
0
0
0
0
0
0
0
0
0
0
0
0
0
0
0
0
0
0
0
0
0
0
0
0
0
0
0
0
0
0
0
0
0
0
0
0
0
0
0
0
0
0
0
0
0
0
0
1000
1000
0
0
0
0
0
0
0
0
0
0
0
0
0
0
0
0
0
-1000
0
-1000
0
0
0
0
0
0
0
1000
1000
0
0
0
0
0
0
0
0
0
0
0
0
0
0
0
0
0
0
0
0
0
0
0
0
0
0
0
0
0
0
0
0
0
0
0
0
0
0
0
0
0
0
0
0
0
0
0
0
0
0
0
0
0
0
0
0
0
0
0
0
0
0
0
0
0
0
0
0
0
0
0
0
0
0
0
0
0
0
0
0
0
0
0
0
42.0638498540575
0
0
0.00133027428728383
0
-677.621063351022
0
0
322.330714206066
0
321.27436728027
-0.00133027428728383
177.186388874162
0
0
0
0.0343861527616127
0.515148717729289
0
-999.484851282271
1000
0
0
0
0
0
0
0
0
0
0
0
0
0
-1000
0.0343861527616127
0
-0.0385779543296394
0
-0.0924540629623607
0
0
0
0
0
0
0
0.131032017292
0
0
0
0
0
0
-1000
0
0
0
0
-565.872044165147
1000
-0.0195803472356602
0
0
0.00133027428728383
-0.00133027428728383
0
0
322.378936648978
-322.378936648978
1000
0
0
0
-322.330714206066
-322.330714206066
-1000
0
-515.492399860732
-484.507600139268
-1000
0
-822.813611125838
-177.186388874162
-63.7699454473727
0
0
0
0
0
-1000
0
-0.515148717729289
0
0
0
-999.484851282271
999.484851282271
-1000
0
0
0
-1000
0
0
0
-1000
0
0
0
0
0
0
0
0
0
0
0
0
0
0
0
0
0
0
0
-1000
1000
-1000
0
-1000
0
-1000
0.0385779543296394
-1000
0
-0.0385779543296394
-0.0385779543296394
0
0
0
0
0
0
1000
0
1000
0
-1000
0
-1000
0
-1000
0
-1000
0
0
0
0
0
0
0
0
0
-1000
0
0
0
0
0
0
0
0
0
0
0
0
0
0
0
0
0
0
0
0
0
0
0
0
0
0
0
0
0
0
0
0
0
0
0
0.0343861527616127
-0.0343861527616127
0
0
0
0
0
0
0
0
0
0
0
0
0
0
0
0
0
0
0
0
0
0
0
0
0
0
0
0
0
0
0
0
0
0
0
0
0.0343861527616127
-0.0343861527616127
0
0
0
0
0
0
0.131032017292
0.131032017292
0
0
0
0
0
0
0
0
0
0
0
0
0
0
0
0
-0.131032017292
-0.131032017292
0
0
0
0
0
0
0
0
0
0
0
0
0
0
0
0
0
0
0
0
0
0
0
0
0
0
0
0
0
0
0
0
0
0
0
0
886.929655387952
0
0
0
0
0
0
0
1.06884417537239
0.00326339120594007
0
0
0
0
0
0
0
0
0.134483248034547
0
0
0
0
0
0
0
0
0
0
0
0
0
0
0
0
0
0
0
0
0
0
0
0
0
0
0
0
0
0
0
0
0
0
0
0
0
0
0
0
0
0
0
0
0
0
0
0
0
322.378936648978
322.378936648978
322.378936648978
0
0
0
0
0
0
0
0
0
0
0
0
0
0
0
0
0
0
0
0
0
0
0
0
0
0
0
0
0
0
0
0
0
0
0
0
0
0
0
0
0
0
0
0
0
0
0
0
0
0
0
0
0
0
0
0
0
0
0
0
0
0
0
0
0
0
0
0
0
0
0
0
0
0
0
0
0
0
0
0
0
0
0
0
0
0
0
0
0
0
0
0
0
0
0
0
0
0
0
0
0
0
0
0
0
0
0
0
0
0
0
0
322.330714206066
322.330714206066
322.330714206066
322.330714206066
-322.330714206066
0
0
0
0
0
0
0
0
0
0
0
0
0
0
0
0
0
0
0
0
0
0
0
0
0
0
0
0
0
0
0
0
0
0
0
0
0
0
0
0
0
0
0
0
0
0
0
0
0
0
0
0
0
0
0.00326339120594007
0.00326339120594007
0.00326339120594007
0.00326339120594007
0.00326339120594007
0
0
0
0
0
0
0
0
0
0
0
0
0
0
0
0
0
0
0
0
0
0
0
0.0447651361659823
0.0447651361659823
0
0
0
0
0
0
0
0
0
0
0
0
0
0
0
0.0447651361659823
13.3581290847715
13.3581290847715
-13.3581290847715
4.4450951154433
-2.22091586211866
2.22091586211868
2.22091586211868
2.22091586211868
2.22091586211868
2.22091586211868
2.22091586211868
2.22091586211868
2.22091586211868
2.22091586211868
2.22091586211868
0
2.22091586211868
2.22091586211866
2.22091586211868
2.22091586211868
2.22091586211868
2.22091586211868
2.22091586211868
2.22091586211868
0
0
0
2.22091586211868
0
2.22091586211868
2.21440799791669
0
0
0
0
0
0
0
0
0
0
0
0
0
0
0
0
13.3581290847715
13.3581290847715
4.4450951154433
4.4450951154433
0
0
0
0
0
0
0
0
0
0
0
0
0
0
0
0
0
0
0
0
0
0
0
0
0
0
0
0
0
0
0
0
0
0
0
0
0
0
0
0
0
0
0
0
0
0
0
0
0
0
0
0
0
0
0
0
0
0
0
0
0
0
0
0
0
0
0
0
0
0
0
0
0
0
0
0
0
0
0
0
0
0
0
0
0
0
0
0
0
0
0
0
0
0
0
0
0
0
0
0
0
0
0
0
0
0
0
0
0
0
0
0
0
0
0
0
0
0
0
0
0
0
0
0
0
0
0
0
0
0
0
0
0
0
0
0
0
0
0
0
0
0
0
0
0
0
0
0
0
0
0
0
0
0
0
0
0
0
0
0
0
0
0
0
0
0
0
0
0
0
0
0
0
0
0
0
0
0
0
0
0
0
0
0
0
0
0
0
0
0
0
0
0
1.06884417537239
1.09165007739419
1.09165007739419
0
0
0
0
-1.09165007739421
1.09165007739419
0
0
0.0228059020218014
0
0
1000
0
0
0
0
0
0
0
0
0
0
0
0
0
0
0
0
0
0
0
0
0
0
0
0
0
0
0
0
0
0
0
0
0
0
0
0
0
0
0
0
0
0
0
0
0
0
0
0
0
0
0
0
0
0
0
0
0
0
0
0
0
0
0
0
0
0
0
0
0
0
0
0
0
0
0
0
0
0
0
0
0
0
0
0
0
0
0
0
0
0
0
0
0
0
0
0
0
0
0
0
0
0
0
0
0
0
0
0
0
0
0
0
0
0
0
0
0
0
0
1.06884417537239
0.00326339120594007
0
0
0
0
0
0
0
1.40710807426675
0
0
0
0.882275942477042
0.882275942477042
0.882275942477042
0
0
0
0
0
0
1.20659081461287
0
0
0
0.00326339120594007
0
0
0
0
-1.20659081461292
1.20659081461287
0
0
0
0
0.331289385515095
0
0
0
0
0
0.220059770469735
0
0.200517259653873
0
0
0
0
0
0
0
0
0
0
9.83755112145351
9.83755112145351
9.83755112145351
0
0
0
0
-0.134483248034599
0
0
0
0
0
0
0
0
0
0
0
0
0
0
0
0
0
0
0
0
0
0
0
0
0
0
0
0
0
0
0
0
0
0
0
0
0
0
0
0
0
0
0
0
0
0
0
0
0
0
0
0
0
0
0
0
0
0
0
0
0
0
0
0
0
0
0
0
0
0
0
0
0
0
0
0
0
0
0
0
0
0
0
0
0
0
0
0
0
0
0
0
0
0
0
0
0
0
0
0
0
0
0
0
0
0
0
0
0
0
0
0
0
0
0
0
0
0
0
0
0
0
0
0
0
0
0
0
0
0
0
0
0
0
0
0
0
0
0
0
0
0
0
0
0
0
0
0
0
0
0
0
0
0
0
0
0
0
0
0
0
0
0
0
0
0
0
0
0
0
0
0
0
0
0
0
0
0
0
0
0
0
0
0
0
0
0
0
0
0
0
0
0
0
0
0
0
0
0
0
0
0
0
0
0
0
0
0
0
0
0
0
0
0
0
0
0
0
0
0
0
0
0
0
0
0
0
0
0
0
0
0
0
0
0
0
0
0
0
0
0
0
0
0
0
0
0
0
0
0
0
0
0
0
0
0
0
0
0
0
0
0
0
0
0
0
0
0
0
0
0
0
0
0
0
0
0
0
0
0
0
0
0
0
0
0
0
0
0
0
0
0
0
0
0
0
0
0
0
0
0
0
0
0
0
0
0
0
0
0
0
1000
0
0
0
0
0
0
0
0
0
0
0
0
0
0
0
0
0
0
0
0
0
0
0
0
0
0
0
0
0
0
0
0
0
0
0
0
0
0
0
0
0
0
0
0
0
0
0
0
0
0
0
0
0
0
0
0
0
0
0
0
0
0
0
0
0
0
0
0
0
0
0
0
0
0
0
0
0
0
0
0
0
0
0
0
0
0
0
0
0
0
0
0
0
0
0
0
0
0
0
0
0
0
0
0
0
0
0
0
0
0
0
0
0
0
0
1000
0
0
0
0
0
0
0
0
0
0
0
0
0
0
0
0
0
0
0
0
0
0
0
0
0
0
0
0
0
0
0
0
0
0
0
0
0
0
0
0
0
0
0
0
0
0
0
0
0
0
0
0
0
0
0
0
0
0
0
0
0
0
0
0
0
0
0
0
0
0
0
0
0
0
0
0.07283251722572
0
0
0
0
0
0
0
-0.148638010325612
0
0
0.0228673862039393
0
0
0
0
0
0
0
0
0
0
0
0
0.899450524021688
0
0
0
0
0
0
0.899450524021688
0.899450524021688
0.899450524021688
0.899450524021631
0
0
0
0
0
0
0
0
0
0
0
0
0
0
0
0
0
0
0
0
0
0
0
0
0
0
0
0
0
0
0
0
0
0
0
0
1.20659081461287
1.20659081461287
0
0
0
0
0
0
0
0
0
0
0
0
0
0
0
0
0
0
0
0
0
0
0
0
0
0
0
0
0
0
0
0
0
0
0
0
0
0
0
0
0
0
0
0
0
0
0
0
1000
-1000
926.278582106339
0
0
0
1000
-492.217604664776
-1000
0
492.463686771948
0
0
-1000
925.647186851277
0
0
0
0
0
0
0
0
0
0
0
0
0
0
0
0
0
0
0
0
0
0
0
0
0
0
0
0
0
0
0
0
0
0
0
0
0
0
0
0
492.217604664776
0
0
0
0
0
0
0
0
0
0
0
0
0
0
-999.996736608794
999.996736608794
1000
999.996736608794
1000
-1000
-1000
0
0
0
0
0
0
0.00326339120590546
0
0
0
0
0
0.0261071296475206
0.0130535648237603
0.00326339120594007
0.00326339120594007
0.00326339120594007
0.00326339120594007
0
0.00326339120594007
0
0
0
0
0
0
0
0.013025187508926
0
0.00326339120594007
0.0195425108158614
1000
0.00162696605049766
0.00162696605049766
0.00326339120590546
0
0.0113982214584284
0.00162696605049766
0.0244328680722847
-0.00162696605048041
0.00162696605049766
0.00162696605049766
0.00162696605049766
0.00162696605049766
0.00162696605049766
-0.00162696605048041
-0.00325393210096081
-0.0407403649970774
0.00162696605049766
0.00162696605049766
0.00162696605048041
0.00162696605049766
0.0358500077405779
-0.00489035725638587
-0.0374769737910583
0.00326339120590546
0.00162696605049766
0.00162696605049766
0.00326339120594007
0.00326339120594007
-0.00326339120590546
-0.00326339120590546
0.00326339120590546
0.00326339120590546
0.00162696605049766
0.00162696605049766
0.00162696605049766
0.00162696605049766
-0.00489035725638587
-999.977194097978
0
0
0
0
0
-925.643923460071
0
0
0
0.00326339120594007
0
0
0
0
0.00163169560297004
0.00326339120590546
0.00326339120590546
0
0.00326339120594007
0
0
0
0
0
-0.00326339120590546
0
0
0.00650786420199063
0.00162696605049766
0.00488089815149298
0.00162696605049766
-0.00162696605048041
0.00162696605049766
0.00162696605049766
0.00162696605049766
0.00162696605049766
0.00162696605049766
0.00162696605049766
0.00325393210099532
0.00162696605049766
0.00162696605049766
0.00162696605049766
0.00162696605049766
0.00162696605049766
0
0.00162696605049766
0.00326339120594007
0.00326339120594007
0.00326339120594007
0.00326339120594007
0.00326339120594007
0.00326339120594007
0.00326339120594007
0.00326339120594007
0.00326339120594007
0.00326339120594007
0.00326339120594007
0.00326339120594007
0.00326339120594007
0.00326339120594007
0
0
0
0
0
0
0
0
0
0
0
0
-0.00326339120590546
0
0
0
0
0
0
0
0
0
0
0
0
0
0
0
0
0
0
0
0
0
0
0
0
0
0
0
0
0
0
0
0
0
0
0
0
0
0
0
0
0
0
0
0
0
0
0
0
0
0
0
0
0
0
0
0
0
0
0
0
0
0
0
0
0
0.0124962658907652
29.5099472720876
0
-14.0969204186456
0
0.00326339120594007
0
0
0
0
0
0
0
0
0
0
1000
0
0
0
0
0
0
0
0
0
0
-244.163666835666
0
0
0
0
0
-322.329383931779
0
0
0
0.0013302742872285
0
0
0
0
0
0
0
0
0
0.0013302742872285
0
0
319.371582456238
0
0
0
0
0.0013302742872285
0
0.0013302742872285
0
0.0013302742872285
0
0.466462116379911
0
0
0
0.083142142951781
0
0
0
0
0
0.516478992016463
0
0
0
0.0013302742872285
0
0.0013302742872285
0
0.0013302742872285
0
0.0013302742872285
0
0.0013302742872285
0
0.0013302742872285
0
0.0013302742872285
0
0.0013302742872285
0
0.0013302742872285
0
0.0013302742872285
0
0.0013302742872285
0
0.0013302742872285
0
0.0013302742872285
0
0.0013302742872285
0
0.0013302742872285
0
0.0013302742872285
0
0.0279357600317984
0
0.0427003670567956
0
0.0382453857578192
0
0
0
0.0196215457366203
0
0.0013302742872285
0
0.0013302742872285
0
0
0
0.0013302742872285
0
0.0013302742872285
0
0.0013302742872285
0
0.0013302742872285
0
0.636868815010642
0
0.00964448858240659
0
0.0715022429385316
0
0.360171763267115
0
0.135687977297307
0
0.0013302742872285
0
0.0013302742872285
0
0.0126376057286707
0
0.0013302742872285
0
0.0013302742872285
0
0.0013302742872285
0
0
-1000
0
0
0.022805902021787
1000
0
0
0
0
-1000
-1000
0
0.899450524021688
-1000
1000
244.921551008237
0
996.702000293843
-1000
-1000
0
0
1000
0
0
0
0
0
1000
0
0
0
-1000
-3.593411494875
-0.00326339120590546
0
0
-3.91614039041497
0
-1.05613665613782
0
0
0
0.145684170851382
995.552399798264
1000
-1000
1000
-902.275178126683
0
1000
860.065874653441
1000
-1000
0
0
1000
0
-1000
377.683466114583
0
1000
0
0
-1000
1000
1000
1000
0
0
0
0
-29.5224435379783
0
0
0
0
0
0
0
0
0
0
0
1000
0
0
0
0
0
41.4960876162662
0
0
0
0
1000
0
0
0
0
0
985.739196646893
0
0
-165.269703013922
-1000
1000
-1000
-1000
-1000
1000
-1000
-1000
-1000
-1000
1000
-1000
-1000
1000
-1000
-1000
-1000
-869.970756062762
-1000
-1000
-1000
1000
1000
1000
1000
1000
1000
1000
976.043291446739
-1000
-1000
-1000
-1000
-1000
-1000
-1000
-1000
-1000
1000
1000
1000
-1000
-1000
-1000
-1000
-1000
-1000
-1000
-1000
-1000
-1000
-1000
1000
-1000
-1000
-564.377128170732
-1000
-1000
-1000
-1000
-1000
-1000
1000
-554.895837683589
-1000
-1000
-9.30775532434404
-1000
-1000
1000
-1000
1000
1000
1000
-1000
-1000
-1000
-1000
-1000
-1000
-1000
1000
535.910688861422
-1000
961.282468536675
1000
1000
360.885691460729
-23.9879787776913
1000
1000
-1000
-1000
1000
1000
1000
1000
-1000
-1000
-1000
-1000
-1000
-1000
1000
-1000
-1000
-1000
1000
1000
1000
1000
1000
-1000
1000
1000
-1000
1000
1000
170.295361321584
1000
-1000
1000
-1000
808.105935218721
0
-1000
-1000
0
0
0
0
0
0
0
0
0
0
0
0
0
0
0
0
0
0
0
0
0
0
0
0
0
0
0
0
0
0
0
0
0
0
0
0
0
0
0
0
0
0
0
0
0
0
0
0
0
0
0
0
0
0
0
0
0
0
0
0
0
0
0
0
0
0
0
0
0
0
0
0
0
0
0
0
0
0
0
0
0
0
0
0
0
0
0
0
0
0
295.955167497871
0
0
0
0
0
0
0
0
0
0
0
0
0
0
0
0
0
0
0
0
0
0
0
0
0
0
0
0
0
0
0
0
0
0
0
0
0
0
0
0
0
0
0
0
0
0
0
0
0
0
0
0
0
0
0
0
0
0
0
0
0
0
0
0
0
0
0
0
0
0
0
0
0
0
0
0
0
0
0
0
0
0
0
0
0
0
0
0
0
0
0
0
0
0
0
0
0
0
0
0
667.512594997454
0
0
0
0
0
0
0
0
0
0
0
0
0
0
0
0
0
0
0
0
0
0
0
0
0
0
0
0
0
0
0
0
0
0
0
0
0
0
0
0
0
0
0
0
0
0
0
0
0
0
0
0
0
0
0
0
0
0
0
0
0
0
0
0
0
0
0
0
0
0
0
0
0
0
0
0
798.421750871806
0
0
0
0
0
0
0
0
0
0
0
0
0
0
0
0
0
0
0
0
0
0
0
0
0
0
0
0
0
0
0
0
0
0
0
0
0
0
0
0
0
0
0
0
0
0
0
0
0
0
0
0.00326339120594007
0
0
0
0
1000
1000
-1000
1000
1000
1000
1000
1000
-1000
-1000
1000
-1000
1000
1000
1000
-1000
-1000
-1000
758.011627763304
-1000
1000
1000
-1000
0
-1000
-1000
-1000
-1000
1000
-1000
-1000
-2.22091586211866
-1000
-1000
-997.779084137881
1000
1000
-1000
-1000
-1000
-1000
1000
241.942750973548
-1000
-1000
-241.942750973548
-1000
-1000
-1000
-999.954378736852
-1000
-1000
241.942750973548
-1000
1000
0
0
0
0
0
1000
0
0
0
0
-1000
0
0
0
0
1000
0
-1000
-1000
0
0
0
0
0
21.7540929061757
0
1000
0
0
0
547.359955458744
0
0
0
0
0
-0.00326339120590546
0.00326339120594007
0
0
-0.00326339120590546
-0.00326339120590546
0
0
0
0
0
0
0
0
0
0
0
0
0
0
0
0
0
0
0
0
0
0
0
0.00326339120594007
0
0
-1000
492.463686771948
1000
433.180236688124
1000
0
0
0
0
0.331289385515106
-342.646372881554
0
0
0
0
0
0
0
0
0
0
0
0
0
-1000
0
0
0
0
0.00326339120594007
0
0
0
0
119.823596154004
0
0
0
0
0
-1000
1000
0
0
0
0
0
0
0
0
0
0
0
0
0
0
0
0
0
0
0
0
0
0
0
0
0
0
0
0.00326339120594007
0
0
0
1000
0
0
0
-322.329383931779
0
1.76455188495408
0
0
0
0
0
0.00488089815149298
1000
0
-999.973892870353
0
0
0
0
0
0
-0.0261071296474711
0
0.00326339120590546
0
-1000
644.656834746639
320.564832046825
0
0
0
267.562764977629
-267.433183122473
1000
0
0
0
0
0.00326339120601915
0
0
1000
0
0
0
0
1000
0.0261071296474711
0
0
438.504517357616
438.504517357616
-1000
0.00326339120594007
-1000
1000
0
0
0
0
0
0
0
0
976.091115220921
0
0
-976.083492758853
1000
1000
0
0
0
0
0
0
0
0
0
0
0
0
0.882275942477042
0
0.00326339120594007
-0.00326339120590546
0.00326339120594007
0.00326339120594007
0
0
0.00326339120590546
0
0
0
0.882275942477008
0
0
-0.00979017361783008
-1000
754.725299016132
-1000
1000
754.725299016132
-1000
0
0
-1000
-1000
1000
-1000
0
0
0
0
0
0
0
0
0
0
0
0
0
0
0
0
0
0
0
0
0
0
0
0
245.274700983868
0
0
0
0
0
0
0.00162696605049766
0
0
0
0
0
0
0
0
0.00326339120594007
0
0
0
0
0
0
0
0
0
0
0
0
0
0
0
0
0
0
0
0
0
0
0
0
1000
0
0
0
0
0
0
0
0
0
0
0
0
0
0
0
0
0
0
0
0
0
0
0
0
0
0
0
0
0
0
2.10465085020769
0
0
0
0
0
0
0
0
0
0
0
0
0
0
0
0
0
0
0
0
0
0
0
0
0
0
0
0
0
0
0
0
0
0
0
0
0
0
0
0
0
0
0
0
0
0
0
0
0
0
0
0
0
0
0
0
0
0
0
0
0
0
0
0
0
0
0
0
0
0
0
0
0
0
0
0
0
0
0
0
0
0
0
0
0
0
0
0
0
0
0
0
0
0
0
0
0
0
0
0
0
0
0
0
0
0
0
0
0
0
0
-999.854315829149
0
0.00162696605048041
0
0.0850537899093524
0
0
-0.145684170851382
0
1000
0.014652153559382
0
0
0
0
0
0
0
0
0
0
0
0
0
0
0
0
0.00326339120594007
0.00326339120594007
0.00326339120594007
-1000
-1000
0
0
-565.872044165147
-1000
0
0
0
0
0
-1000
0
0
0
0
0
0
0
0
0
1000
-1000
0
806.886536788247
-193.113463211753
-1000
-1000
-1000
-999.484851282271
-1000
-1000
0
0
0
0
0
0
0
0
0
-1000
0
1000
0.357443810687339
0.00326339120594007
0.00326339120594007
0.00326339120594007
0.00326339120594007
0.00326339120594007
0
0
0
1000
0
0.0013302742872285
0
0
0
0
0
0
0
0
0
-1000
0
0
0
0
0
0
0
1000
-1000
0
1000
0
0
-1000
0
0
0
0
0
0
0
0
0
0
0
0
0
0
0
0
0
0
0
0
0
0
0
0
0
0
0
0
0
0
0
0
0
0
0
0.0385779543296264
0
0
0
0
0
0
0
0
0
0
0.00326339120594007
925.647186851277
0
0
0
0
0
0
0
0
0
-63.7699454473727
0
0
0
0
0
0
1000
1000
1000
-1000
-1000
-1000
1000
0
0.0195425108158614
0
0
0
0
0
0.148638010325622
0
0
0
999.980419652764
13.4937158950496
0
0
0
0
0.524832131789703
0.524832131789703
-561.487338353027
-999.852688863098
0
0
0
0
0
0
0
0
-1000
0
0
0
0
0
0
0
1000
0.00326339120594007
0
0
0
0
0
0
0
0
1000
-1000
0
0
999.96142204567
0
0
0
1000
0
0
0
0
-484.507600139268
0
-1000
0
0
0
-1000
-1000
0.0728325172257601
0
0
0
-322.330714206066
0
0
0
0
0
0
0
-405.774802607388
405.774802607388
-998.694349285216
1000
0
0
0
-1000
-1000
0
0
-1000
0
0
0
0
0.0343861527616175
0
0
0
0
0
0
0
0
0
0
0
0
0
0
0
0
0
0
0
1000
0
976.091115220921
-1000
954.258484038548
-1000
-978.167368817627
1000
0
0
0
0
0
0
0
0
-1000
0
0
1000
0.00162696605049766
0.00162696605049766
0
38.7175314633255
-1000
1000
0
0
177.186388874162
0
0
0
0
0
0
0
0
0
0
0
0
0
0
0
0
0
0
0
0
0
0
0
0
0
-0.131032017292
0
0
0
0
0
0
0
0
0
0
0
0
0
0
0
0
0
0
0
0
0
0
0
0
0
0
0
0
0
0
0
0
0
0
0
0
0
0
0
0
0
0
0
0
0
0
-1000
0
-1000
0
0
0
0
0
-1000
0
0
0
0
0
0
0
0
0
0
0
-1000
0
0
0
0
0
0
0
0
0
0
0
0
0
1000
0
0
0
-1000
0
0
0
0
0
0
0
0
0
0
0
0
0
0
0
0
0
0
0
0
0
0
0
0
0
0
0
0
0
0
0
0
0
0
0
0
0
0
322.329383931779
0
0
0
0
0
0
0
0
0
0
0
0
0
0
0
0
0
0
0
0
0
0
0
0
0
0
0
0
0
0
0
0
0
0
0
0
0
0
0
0
0
0
0
0
0
0
0
0
0
0
0
0
0
0
0
0
0
0
0
0
0
0
0
0
0
0
0
0
0
0
0
0
0
0
0
0
0
0
0
0
0
0
0
0
0
0
0
0
0
0
0
0
0
0
0
0
0
0
0
0
0
0
0
0
0
0
0
0
0
0
0
0
0
0
0
0
0
0
0
0
0
0
0
0
0
0
0
0
0
0
0
0
0
0
0
0
0
0
0
0
-1000
0
0
0
0
0
0
0
0
0
0
0
0
0
0
0
0
0
0
0
0
0
655.364145941231
0
0
0
0
-98.6778942804983
0
-914.98194274188
1000
-85.0180572581201
0
0
0
-1000
0
0
0
523.80819431109
0.0195803472356404
0
0
0
163.233232858998
0
0
0
0
0
0
0
0
0
0
0
0
0
0
0
0
0
0
0
0
0
0
0
0
0
0
0
0
0
0
0
0
0
0
0
0
0
0
0
0
0
0
0
0
0
0
0
0
0
0
0
0
0
0
0
0
0
0
0
0
0
0
0
0
0
0
0
0
0
0
0
0
0
0
0
0
0
0
0
0
0
0
0
0
0
0
0
0
0
0
0
0
0
0
0
0
0
0
0
0
0
0
0
0
0
0
0
0
0
0
0
0
0
0
0
0
0
0
0
0
0
0
0
0
0
0
0
0
0
0
0
0
0
0
0
0
0
0
0
0
0
0
0
0
0
0
0
0
0
0
0
0
0
0
0
0
0
0
0
0
0
0
0
0
0
0
0
0
0
0
0
0
0
0
0
0
0
0
0
0
0
0
0
0
0
0
0
0
0
0
0
0
0
0
0
0
0
0
0
0
0
0
0
0
0
0
0
0
0
0
0
0
0
0
0
0
0
0
0
0
0
0
0
0
0
0
0
0
0
0
0
0
0
0
0
0
0
0
0
0
0
0
0
0
0
0
0
0
0
0
0
0
0
0
0
0
0
0
0
0
0
0
0
0
0
0
0
0
0
0
0
0
0
0
0
0
0
0
0
0
0
0
0
0
0
0
0
177.186388874162
0
0
0
0
0
0
0
0
0
0
0
0
-1000
0
0
0
0
0.00326339120590546
-438.123916081506
-561.487338353027
0
0
0
0
0
0
0
0
0
0
0
0
0
0
0
0
0
0
0
0
0
0
0
0
0
0
0
0
0
0
0
0
0
0
0
0
0
0
0
0
0
0
0
0
0
0
0
0
0
0
0
0
0
0
0
0
0
0
0
0
0
0
0
0
0
0
0
0
0
0
0
0
0
0
0
0
0
0
0
0
0
0
0
0
0
0
0
0
0
0
0
0
0
0
0
0
0
0
0
0
0
0
0
0
0
0
0
0
0
0
0
0
0
0
0
0
0
0
0
0
0
0
0
0
0
0
0
0
0
0
0
0
0
0
0
0
0
0
0
0
0
0
0
0
0
0
0
0
0
0
0
0
0
0
0
1000
0
0
0
0
0
0
0
0
0
0
1000
0.00326339120590546
0
0
-1000
806.887867062534
0
0
0
0
0
0
0
0
0
0
0
0
0
0
0
1000
0
-1000
0
0
0
0
0
0
0
0
0
0
0
0
0
0
0
0
0
0
0
0
0
0
0
0
0
0
0
0
0
0
0
0
0
0
0
0
0
0
0
0
0
0
0
0
0
0
0
0
0
0
0
0
0
0
0
0
0
0
0
0
0
0
0
0
0
0
0
0
0
0
0
0
0
0
0
0
0
0
0
0
0
0
0
0
0
0
0
0
0
0
0
0
0
0
0
0
0
0
0
0
0
0
0
0
0
0
0
0
0
0
0
0
0
0
0
0
0
0
0
0
0
0
0
0
0
0
0
0
0
0
0
0
0
0
0
0
0
0
0
0
0
0
0
0
0
0
0
0
1000
500
78.8258745396153
0
0
-0.882275942477008
0
0
420.733105355196
17.4362834481629
38.112310339904
0.0945910494475383
78.8258745396153
0
0
0
0
0
0
0
0
0
0
0
0
0
0
0
0
0
0
0
492.537476973791
-1000
0
-1000
561.457967832173
0
561.487338353027
-1000
0
0
0
14.0969204186456
0
0
0
0
0
0
-3.32568571807121
0
0
0
-0.148638010325612
0.00326339120594007
0
0
0
0
0
0
0
0
0
0
0
0
0
0
0
0
0
0
322.329383931779
0
0
0.145684170851382
-0.636868815010644
-0.0279357600318235
0
-9.68418434691421
-18.9851488221667
-1000
-30.3612359750243
-9.48129048714304
-454.18239024471
-23.9879787776913
-4.1612967428207
-28.3982864581826
1000
-1000
0
0
0
0
-994.777397140865
-35.2404590766835
-332.487405002546
-23.9567085532615
-12.0316701275225
-9.30775532434404
-21.5987034596959
461.224870511793
978.245907093824
-523.403246905483
0
-1000
-1000
-1000
0
1000
-0.00326339120590546
0
985.739196646893
-1000
0
0
0
0
0.331289385515106
0
1000
0
0
0
0
0
0
0
0
0
0
0
-0.00326339120590546
0
0
-1000
1000
0
0
0
0
0
0
0
0
0
0
0
0
241.988372236696
0
1000
0
0
-1000
-1000
0
-0.00326339120590546
-0.00326339120590546
-0.899450524021631
74.3528131487228
0
0
-0.00326339120590546
0
-0.00326339120590546
-342.646372881554
0
0
-0.00326339120590546
0
0
0
-0.00326339120590546
0
0
0
0
0
1000
0
0
0
0
0
0
0
0
0
0
0
492.463686771948
0
0
0
0
0
0
0
-4.44760020173646
0
0
0
-1000
0
1000
0
0
-0.00326339120590546
-1000
0
0
0
0
0
0
0
0
0
0
0
0
0
119.823596154004
-3.91614039041497
0
-1000
-1000
0
0
0
0
-1.05613665613782
0
0
2.22091586211866
1000
0
0
0
0
1000
0
0
0
0
-3.593411494875
1000
244.921551008237
0
0
0
97.7248218733171
0
0
0
0
0
-29.5224435379783
0
0
-0.148638010325612
-925.643923460071
0
0
0
0
0
-0.045621263148405
0
0
0
-566.819763311876
-1000
1000
0
0
0
0
0
0
996.702000293843
-1000
-1000
0
0
0
0
0
0
0
0
0
0
0
1000
0
-0.135687977297266
-0.00133027428728383
-0.36017176326709
0
-0.0196215457366407
0
-0.0126376057286279
-0.0715022429385499
-0.0382453857578184
0
0
0
319.371582456238
0
-0.00133027428728383
-1000
-0.00133027428728383
-0.00133027428728383
0
-0.00964448858235301
0
-0.00133027428728383
-0.466462116379944
0
0
-13.4937158950496
0
-0.00133027428728383
-0.0427003670567956
0
-0.00133027428728383
-0.00133027428728383
-0.00133027428728383
-0.00133027428728383
0
0
-0.0831421429518286
0
0
0
-1000
1000
0
0
-1000
1000
-0.00326339120590546
0
998.694349285216
-998.694349285216
1000
0
0
-1000
0
0
-1000
0
0
0
0
0
0
0
0
0
0
0
0
0
0
0
-1000
1000
-38.7175314633255
38.7175314633255
1000
-1000
-1000
1000
1000
0
-1000
-1000
0
0
0
-0.00133027428728383
-0.00133027428728383
0
0
0
0
1000
-85.0180572581201
85.0180572581201
0
523.80819431109
0.0195803472356602
0
0
0
163.233232858998
0
1000
-1000
0
0
0
0
0
0
0
0
0
0
0
0
0
0
0
0
0
0
0
0
0
0
0
0
0
0
0
0
0
0
0
0
0
0
0
0
0
0
0
0
0
0
0
0
0
0
0
0
0
0
0
0
0
0
0
0
0
0
0
0
0
0
0
0
0
0
0
0
0
0
0
-0.00133027428728383
0
0
0
0
0
0
0
0
0
0
0
0
0
0
0
0
0
0
0
0
0
0
0
0
0
0
0
0
0
0
0
0
0
0
0
0
0
0
0
0
0
0
0
0
0
0
0
0
0
0
0
0
0
0
0
0
0
0
0
0
0
0
0
0
0
0
0
0
0
0
0
0
0
0
0
0
0
0
0
0
0
0
0
0
0
0
0
0
0
0
0
0
0
0
0
0
0
0
0
0
0
0
0
0
0
0
0
0
0
0
0
0
0
0
0
0
0
0
0
0
0
0
0
0
0
0
0
0
0
0
0
0
0
0
0
0
0
0
0
0
0
0
0
0
0
0
0
0
0
0
0
0
0
0
0
0
0
0
0
0
0
0
0
0
0
0
0
0
0
0
0
0
0
0
0
0
0
0
0
0
0
0
0
0
0
0
0
0
0
0
0
0
0
0
0
0
0
0
0
0
0
0
0
0
0
0
0
0
0
0
0
0
0
0
0
0
0
0
0
0
0
0
0
0
0
0
0
0
0
0
0
0
0
0
0
0
0
0
0
0
0
0
0
0
0
0
0
0
0
0
0
0
0
0
0
0
0
0
0
1000
0
0
0
438.123916081506
0
0
0
0
0
0
0
0
0
0
0
0
0
0
0
0
0
0
0
0
0
0
0
1000
0
-806.887867062534
0
0
-0.00326339120590546
0
0
0
0
0
0
0
0
-999.977194097978
0
0
0
0
0
0
0
0
0
0
0
0
0
0
0
0
0
0
0
0
0
0
0
0
0
0
0
0
0
0
0
0
0
0
0
0
0
0
0
0
0
0
0
0
0
0
0
0
0
0
0
0
0
0
0
0
0
0
0
0
0
0
0
-886.929655387952
886.929655387952
886.929655387952
0
-0.00133027428728383
-0.00133027428728383
-0.00133027428728383
-0.00133027428728383
0
-0.00133027428728383
-0.516478992016459
0
-0.00133027428728383
-0.00133027428728383
-0.00133027428728383
-0.00133027428728383
0
-0.00133027428728383
-0.00133027428728383
-0.00133027428728383
-0.00133027428728383
-0.00133027428728383
-0.00133027428728383
-0.00133027428728383
0
-0.00133027428728383
-0.00133027428728383
-0.00133027428728383
0
-1000
78.8258745396151
0
1000
0
0
0
0
0
0
0
0
0
