0
0
0
0
0
0
0
978.21236397554
-1000
0
725.196237765314
0
0
37.0499819403494
0
0
999.824957541545
-999.824957541545
999.95982632101
0
0.0401736789896486
0
-1000
0.252520267934983
0
1000
-38.7329332612409
0
-470.237542827645
0.0177728023492985
0
0
0
0
0
445.877254195705
0
0
0
24.1077683640054
0
0
0
0
0
465.456820963282
0
465.456820963282
0
465.456820963282
0
465.456820963282
0
465.456820963282
0
465.456820963282
0
0
465.456820963282
0
0
0
0
0
0
470.237542827645
0
0
0
0
0
0
0
0
0
0
0
0
0
0
0
-1000
0
258.197746742974
0
0
0
0
0
0
0
0
0
0
0
0
0
0
0
0
0
0
0
0
0
0
0
274.803762234686
0
0
0
0
129.782231375871
0
979.363052923744
0
0
0
0
0
0
0
0
0
0
0
0
0
0
0
-129.782231375871
0
0
1000
0
0
1000
0
0
0
0
1000
0
0
0
-10.0575900348927
0
0
-1000
0
153.086157930226
0
0
0
1000
0
0
152.116783715039
228.180914669557
1000
76.0583918575194
0
0
0
-1000
76.0583918575194
113.108373797869
1000
-962.950018059651
0
0
1000
0
0
0
0
0
1000
500.337055326889
0
0
0
0
0
-2.70267846745207
0
0
0
0
0
0
2.70554801595131
247.93284506794
-1000
0
0
0
0
0
0
0
0
1000
997.294451984049
878.708686012644
0
0
0
-1000
0
1000
0
0
0
0
1000
0
0
0
0
0
121.116271528901
-1000
0
0
-1000
999.207684126885
0
0
0.31692634924616
0
0
0
0.475389523869235
0
476.113759737497
0
0
0
-752.069612001509
0
0
0
0
0
0
0
0
0
0
0
0
-760.476607169416
0
-1000
-1000
-1000
-1000
0
545.954380555219
1000
-1000
-1000
-0.664282375980179
999.683073650754
-1.48619940751325
0
-1000
-0.0530756675781276
1000
-0.475389523869239
1000
0
0
1000
0
0.123390585468206
0
-0.123390585468201
0
0.00122497375438964
0
0
0
0
0
0
0
0
1000
0
0
0
0
0
0
0
0
1000
0
1000
0.322665446244628
0
0
752.069612001509
0
-0.123390585468201
0
-0.475389523869239
0
0
0.475389523869239
1.48619940751325
0
0
0
0
0
0
0
-1000
0
0
0
570.727110893929
0.475389523869239
0
-1000
-0.664282375980179
0
0
0.00245706944928118
0
0
0
0
0
0
0
0
0
0
0
0
-247.930387998491
0
0
0
1.58463174623078
0
6.67088420510637
0
0
0
0
0
0
0
0
429.384801497542
-1000
-999.997130451501
-998.94231825239
-1000
1000
1000
-1000
-1000
-1000
1000
1000
1000
-1.05890672136479
0
0
-1000
0
0
0
0
-1000
0
0
-1000
0.0530756675781276
-1000
1000
0
0
1000
1000
0
0
0
0
0
0
0.664282375980233
426.213942096929
1000
1000
0
1000
-1000
-877.390774496581
-1000
-122.926151852666
-1000
1000
1000
1000
-1000
1000
-1000
-1000
1000
-1000
-1000
-1000
1000
0
-1000
1000
0
0
0
-1000
1000
1.27057494548399
0
0
-0.00245706944929225
0
0
0
1000
-1000
0
-999.896696254027
979.678290779613
0
0
0
0
0
0
0
0
0
0
0
0
0
0
0
0
0
0
0
0
0
0
0
0
0
0
0
0
0
0
0
0
0
0
0
0
0
0
0
0
0
0
0
0
0
0
0
0
0
0
0
0
0
0
0
0
0
0
0
0
1000
999.997542930551
0.0717387124815332
0.0717387124815332
0
236.385586888422
0
0
0
0
0
0
0
0
0
0
22.2280105281924
0
0
0
0
-999.997542930551
0
0
0
0
0
0
0
0
0
0
0
0
0
0
0
0
0
0
0
0
0
0
0
0
0
0
0
0
0
0
0
0
0.111912391471164
0
0
1000
-1000
0
0
0
0
0
0
1000
0
0
0
0
0
0
0
0
0
0
0
0
0
0
0
0
0
0
0
0
0
0
0
0
0
0
0
687.319482951332
0
0
0.111912391471164
0
0
0
0
0
0
0
0
0
-391.25978266011
0
0
0
0
0
0
0
0
0
0
0
0
0
0
0
0
0
0
0
0
0
0
0.00245706944921178
0
0
0
0
0
0
0
0
0
0
0
-1000
0
0
0
0
0
0
0
0
0
0
0
0
0
0
0
0
0
0
0
0
0
0
0
0
0
0
0
0
0
0
0
0
0
0
0
0
0
0
1000
0
0.00286954849926061
0
0
0
0
0.519388278366171
0.519388278366171
0
0
0
0
0
0
0
0
0
0
0
0
0
0
0
0
0
0
0
0
0
0
0
0
0
0
0
-1000
0
0
0
-999.997542930551
0
0
-1000
0
0
0
0
447.347295107367
0
0
447.347295107367
0
0
0
0
0
0
0
0
0
0
447.347295107367
0
447.347295107367
0
0
0
8.90146111118881
25.3739158365204
16.2190323449419
11.879174080768
17.6128554370853
5.79703695141478
13.5580973508499
24.8037154806436
22.8396920326232
7.22253784110694
14.0015865165319
28.858473566879
22.7763364375258
7.03247105581465
11.657429497927
16.1556767498445
20.9390241797004
16.9476216885623
3.10442415977403
21.1290909649927
0
0
0
0
0
0
0
0
0
0
0
0
0
0
0
0
0
0
0
0
0
0
0
0
0
0
0
0
0
0
0
0
0
0
0
0
0
0
0
0
0
0
0
0
0
0
0
0
0
0
0
0
0
0
0
0
0
0
0
0
0
0
0
0
0
0
0
0
0
0
0
0
0
0
0
0
0
0
0
0
0
0
0
0
0
0
0
0
0
0
0
0
0
0
-1000
0
0
0
0
0
22.2280105281923
1000
1000
0
0
0
0
0
0
0
0
0
979.678290779613
-1000
-0.103303745973335
-1000
0
-0.00245706944917856
0
387.491156759204
612.426038813368
1000
0.00573909699846809
1000
0
0
1000
0
-1000
-1000
-1000
0
0
999.997542930551
0
999.997542930551
0.00245706944917856
0
0
0
0
0
0
0
0
0
0
0
-1000
500.329684118541
1000
1000
0
500
238.887013470133
2.8330517605417
5.64891115687935
0
0
0
0
0
0
244.555050703099
0
0
0
0
-0.000994720470657739
0
0
0
0
-0.000994720470657739
753.995617276852
499.633459839721
0
-0.000994720470657739
0.000994720470657739
-0.000994720470657739
-0.370606443564157
0
-0.0621700294134371
0
-1000
-0.386200222716298
0
-0.000994720470657739
-0.000994720470657739
0.000994720470657739
-0.000994720470657739
0.000994720470657739
-0.000994720470657739
-0.000994720470657739
-0.000994720470657739
-0.000994720470657739
-0.000994720470657739
-0.000994720470657739
-0.000994720470657739
-0.000994720470657739
-0.000994720470657739
-0.000994720470657739
-0.000994720470657739
-0.020889129882903
-0.000985790981644641
-0.028598213530131
0
-0.0146721269416048
0.000994720470657739
0.000994720470657739
-0.099381354847651
0.000994720470657739
0.000994720470657739
0.000994720470657739
0.000994720470657739
-0.476222425306901
-0.00721172341195597
-0.0534662252955513
-0.269320567418958
-0.0102224382665099
0.000994720470657739
0.000994720470657739
0.00944984447085062
0.000994720470657739
0.000994720470657739
-0.000994720470657739
0
0
0
0
0
0
0
0
0
0
0
0
0
0
0
0
0
0
0
0
0
0
0
0
0
0
0
0
0
0
0
0
0
0
0
0
0.00291109315173799
0
0
0
0
0
0
0
0
0
0
0
0
0
0
0
0
0
0
0
0
0
0
0
0
0
0
0
0
0
0
0
0
0
0
0
0
0
0
0
0
0
0
0
0
0
0
0
0
0
0
0
0
0
0
0
0
0
0
0
0
0
0
0
0
0
0
0
0
0
0
0
0
0
0
0
0
0
0
0
0
0
0
0
0
0
0
0
0
0
0
0
0
0
0
0
0
0
0
0
0
0
0
0
0
0
0
0
0
0
0
0
0
0
0
0
0
0
0
0
0
0
0
0
0
0
0
0
0
0
0
0
0
0
0
0
0
0
0
0
0
0
0.000994720470614924
0.000994720470614924
0.000994720470614924
0.0544609457661671
0
0
0
0
0
0.000994720470614924
0
0
0
0
0
0
0
0
0
0
0
0
0
0
0
0
0
0
0
0
0
0
0
0
0
0
0
0
0
0
0
0
0
0
0
0
0
0
0
0
0
0
0
0
0
0
0
0
0
0
0
0
0
0
0
0
0
0
0
0
0
0
0
0
0
0
0
0
0
0
0
0
0
0
0
0
0
0
0
0
0
0
0
0
0
0
0
0
0
0
0
0
0
0
0
0
0
0
0
0
0
0
0
0
0
0
0
0
0
0
0
0
0
0
0
0
0
0
0
0
0
0
0
0
0
0
0
0
0
0
0
0
0
0
0
0
0
0
0
0
0
0
0
0
0
0
0
0
0
0
0
0
0
0
0
0
0
0
0
0
0
0
0
0
0
0
0
0
0
0
0
0
0
0
0
0
0
0
0
0
0
0
0
0
0
0
0
0
0
0
0
0
0
-1000
0
0
0
0
0
0
0
0
0
0
0
0
0
0
0
0
0
0
0
787.590446349908
0
0
0
0
0
0
0
0
0
0
0
0
0
0
0
0
0
0
0
0
0
0
0
0
-0.00306599535622354
0
0
0.00306599535622354
0
0
0
0
0
0
0
0
0
0
0
0
0
0
0
0
0
0
0
0
0
0
0
0
0
0
0
0
0
0
0
0
0
0
0
0
0
0
0
0
0
0
0
1000
1000
0
0
0
0
0
0
0
0
0
0
0
0
0
0
0
0
0
0
-1000
0
-1000
0
0
0
0
0
0
0
1000
1000
0
0
0
0
0
0
0
0
0
0
0
0
0
0
0
0
0
0
0
0
0
0
0
0
0
0
0
0
0
0
0
0
0
0
0
0
0
0
0
0
0
0
0
0
0
0
0
0
0
0
0
0
0
0
0
0
0
0
0
0
0
0
0
0
0
0
0
0
0
0
0
0
0
0
0
0
0
0
0
0
0
0
0
0
1000
232.972713315158
0
0
0.000994720470657739
0
1000
0
0
0
0
999.959992232785
-0.000994720470657739
499.633459839721
0
0
0
0.00291109315173799
0.38520550224564
0
0
999.999005279529
0
0
0
0
0
0
0
0
0
0
0
0
0
-1000
-0.00523121195965359
0
-0.0288468936478239
0
0.0302482821399508
0
0
0
0
0
0
0
0.00674091661937837
0
0
0
0
0
244.555050703099
-1000
1000
-0.00195970921390654
-0.00195970921390654
1000
0
1000
-0.0147424166952987
0
0
0.000994720470657739
-0.000994720470657739
0
0
0.0360586170597799
-0.0360586170597799
1000
0
0
0
0
0
1000
0
-0.0400077672150019
-999.959992232785
-1000
0
-500.366540160279
-499.633459839721
-1000
0
0
0
0
0
-1000
0
-1000
0
0
0
0
0
-1000
0
0
0
-1000
0
0
0
-1000
0
0
0
0
0
0
0
0
0
0
0
0
0
0
0
0
0
0
0
-1000
1000
-1000
0.00814230511139158
-1000
0
-1000
0.0288468936478239
-1000
0
-0.0369891987592155
-0.0369891987592155
0
0
0
0
0
0
-1000
0
-1000
0
499.686186175646
0
-1000
0
-1000
0
-1000
0
0
0
0
0
0
0
0
0
0
-266.340727018345
-733.659272981655
244.553090993885
-244.553090993885
0
0
0
0
0
0
0
0
0
0
0
0
0
0
0
0
0
0
0
0
0
0
0
0
0
0
0
0
0
0
0
0
0.00291109315173799
-0.00291109315173799
0
0
0
0
0
0
0
0
0
0
0
0
0
0
0
0
0
0
0
0
0
0
0
0
0
0
0
0
0
0
0
0
0
0
0
0
0.00291109315173799
-0.00291109315173799
0
0
0
0
0
0
0.00674091661937837
0.00674091661937837
0
0
0
0
0
0
0
0
0
0
0
0
0
0
0
0
-0.00674091661937837
-0.00674091661937837
0
0
0
0
0
0
0
0
0
0
0
0
0
0
0
0
0
0
0
0
0
0
0
0
0
0
0
0
0
0
0
0
0
0
0
0
0
0
0
0
0
0
0
0
0.804753155090677
0.00245706944921178
0
0
0
0
0
0
0
0
0.101255001108967
0
0
0
0
0
0
0
0
0
0
0
0
0
0
0
0
0
0
0
0
0
0
0
0
0
0
0
0
0
0
0
0
0
0
0
0
0
0
0
0
0
0
0
0
0
0
0
0
0
0
0
0
0
0
0
0
0
0
0
0
0
0
0
0
0
0.0390130467443102
0.0390130467443102
0.0390130467443102
0
0.00295442968451924
0.00295442968451924
0
0.00195970921390431
0.00195970921390431
0
0
0
0
0
0
0
0
0
0
0
0
0
0
0
0
0
0
0
0
0
0
0
0
0
0
0
0
0
0
0
0
0
0
0
0
0
0
0
0
0
0
0
0
0
0
0
0
0
0
0
0
0
0
0
0
0
0
0
0
0
0
0
0
0
0
0
0
0
0
0
0
0
0
0
0
0
0
0
0
0
0
0
0
0
0
0
0
0
0
0
0
0
0
0
0
0
0
0
0
0
0
0
0
0
0
0
0
0
0
0
0
0
0
0
0
0
0
0
0
0
0
0
0
0
0
0
0
0
0
0
0
0
0
0
0
0
0
0
0
0
0
0
0
0
0
0
0
0
0
0
0
0
0
0
0
0
0
0
0
0
0
0
0
0
0
0
0
0
0.00245706944921178
0.00245706944921178
0.00245706944921178
0.00245706944921178
0.00245706944921178
0
0
0
0
0
0
0
0
0
0
0
0
0
0
0
0
0
0
0
0
0
0
0
0
0
0
0
0
0
0
0
0
0
0
0
0
0
0
0
0
0
0
0
0
0
0
0
0
0
10.0575900348927
10.0575900348927
-10.0575900348927
3.34679684958273
-1.67216989006681
1.67216989006676
1.67216989006676
1.67216989006676
1.67216989006676
1.67216989006676
1.67216989006676
1.67216989006676
1.67216989006676
1.67216989006676
1.67216989006676
1.67216989006676
0
1.67216989006681
1.67216989006676
1.67216989006676
1.67216989006676
1.67216989006676
1.67216989006676
1.67216989006676
0
0
0
1.67216989006676
0
1.67216989006676
1.6672699950492
0
0
0
0
0
0
0
0
0
0
0
0
0
0
0
0
10.0575900348927
10.0575900348927
3.34679684958273
3.34679684958273
0
0
0
0
0
0
0
0
0
0
0
0
0
0
0
0
0
0
0
0
0
0
0
0
0
0
0
0
0
0
0
0
0
0
0
0
0
0
0
0
0
0
0
0
0
0
0
0
0
0
0
0
0
0
0
0
0
0
0
0
0
0
0
0
0
0
0
0
0
0
0
0
0
0
0
0
0
0
0
0
0
0
0
0
0
0
0
0
0
0
0
0
0
0
0
0
0
0
0
0
0
0
0
0
0
0
0
0
0
0
0
0
0
0
0
0
0
0
0
0
0
0
0
0
0
0
0
0
0
0
0
0
0
0
0
0
0
0
0
0
0
0
0
0
0
0
0
0
0
0
0
0
0
0
0
0
0
0
0
0
0
0
0
0
0
0
0
0
0
0
0
0
0
0
0
0
0
0
0
0
0
0
0
0
0
0
0
0
0
0
0
0
0.804753155090677
0.804753155090677
0.804753155090677
0
0.0171709983827524
0.0171709983827524
0
-0.821924153473446
0
0.0171709983827524
0
0
0
0
1000
0
0.0171709983827524
0
0.0171709983827524
0.0171709983827524
0
0
0
0
0
0
0
0
0
0
0
0
0
0
0
0
0
0
0
0
0
0
0
0
0
0
0
0
0
0
0
0
0
0
0
0
0
0
0.82192415347343
0
0
0
0
0
0
0
0
0
0
0
0
0
0
0
0
0
0
0
0
0
0
0
0
0
0
0
0
0
0
0
0
0
0
0
0
0
0
0
0
0
0
0
0
0
0
0
0
0
0
0
0
0
0
0
0
0
0
0
0
0
0
0
0
0
0
0
0
0
0
0
0
0
0
0
0
0
0
0.804753155090677
0.00245706944921178
0
0
0
0
0
0
0
1.05943849291709
0
0
0
0.664282375980233
0.664282375980233
0.664282375980233
0
0
0
0
0
0
0.908465225648856
0
0
0
0.00245706944921178
0
0
0
0
-0.908465225648911
0.908465225648856
0
0
0
0
5.89057236258985
0
0
5.64113826884234
0
0
0.165687196201775
0
0.150973267268235
0
0
0
0
0
0
0
0
0
0
7.40687977328157
7.40687977328157
7.40687977328157
0
0
0
0
-0.101255001108939
0
0
0
0
0
0
0
0
0
0
0
0
0
0
0
0
0
0
0
0
0
0
0
0
0
0
0
0
0
0
0
0
0
0
0
0
0
0
0
0
0
0
0
0
0
0
0
0
0
0
0
0
0
0
0
0
0
0
0
0
0
0
0
0
0
0
0
0
0
0
0
0
0
0
0
0
0
0
0
0
0
0
0
0
0
0
0
0
0
0
0
0
0
0
0
0
0
0
0
0
0
0
0
0
0
0
0
0
0
0
0
0
0
0
0
0
0
0
0
1000
0
0
1000
1000
0
0
0
0
0
0
0
0
0
0
0
0
0
0
0
0
0
0
0
0
0
0
0
0
0
0
0
0
0
0
0
0
0
0
0
0
0
0
0
0
0
0
0
0
0
0
0
0
0
0
0
0
0
0
0
0
0
0
0
0
0
0
0
0
0
0
0
0
0
0
0
0
0
0
0
0
0
0
0
0
0
0
0
0
0
0
0
0
0
0
0
0
0
0
0
0
0
0
0
0
0
0
0
0
0
0
0
0
0
0
0
0
0
0
0
0
0
0
0
0
0
0
0
0
0
0
0
0
0
0
0
0
0
0
0
0
0
0
0
0
0
0
0
0
0
0
0
0
0
0
0
0
0
0
0
0
0
0
0
0
0
0
0
0
0
0
0
0
0
0
0
0
0
0
0
0
0
0
0
0
0
0
0
0
0
0
0
0
0
0
0
0
0
0
0
0
0
0
0
0
0
0
0
0
0
0
0
0
0
0
0
0
0
0
0
0
0
0
0
0
0
0
0
0
0
0
0
0
0
0
0
0
0
0
0
0
0
0
0
0
0
0
0
0
0
0
0
0
0
0
0
0
0
0
0
0
0
0
0
0
0
0
0
0
0
0
0
0
0
0
0
0
0
0
0
0
0
0
0
0
0
0
0
0
0
0
0
0
0
0
0
0
0
0
0
0
0
0
0
0
0
0
0
0
0
0
0
0
0
0
0
0
1000
0
0
0
0
362.02811361762
0
0
0
0
0
0
0
0
0
0
0
0
0
0
0
0
0
0
0
0
0
0
0
0
0
0
0
0
0
0
0
0
0
0
0
0
0
0
0
0
0
0
0
0
0
0
0
0
0
0
0
0
0
0
0
0
0
0
0
0
0
0
0
0
0
0
0
0
0
0
0
0
0
0
0.111912391471164
0.111912391471164
0
0
0
0
0.111912391471151
0
0.111912391471164
-247.820932676469
0
0
0
0
0.0172172909955637
0
0
0
0
0
0
247.820932676469
0
0
0
0
0
0
0.677213445825615
0
0
0
0
0
0
0.677213445825615
0
0.677213445825615
0.677213445825601
0
0
0
0
0
0
0
0
0
0
0
0
0
0
0
0
0
0
0
0
0
0
0
0
0
0
0
0
0
0
0
0
0
0
0
0
0
529.632771978534
529.632771978534
0
0
0
0
0
0
0
0
0
0
0
0
0
0
0
0
0
0
0
0
0
0
0
0
0
0
0
0
0
0
0
0
0
0
0
0
0
0
0
0
0
0
0
0
0
0
0
0
1000
209.176373180498
-801.821386749328
0
0
0
-1000
-1000
1000
1000
0
0
0
-1000
406.879596907301
0
0
0
0
0
0
0
0
0
0
0
0
0
0
0
0
0
0
0
0
0
0
0
0
0
0
0
0
0
0
0
0
0
0
0
0
0
0
0
0
1000
0
0
0
0
0
0
0
0
0
0
0
0
0
0
-999.997542930551
999.997542930551
1000
999.997542930551
1000
-1000
-1000
0
0
0
0
0
0
0.00245706944917856
0
0
0
0
0
0
0
0
0
0
0
0
0
0
0
0
0
500
0
0
0
0.00980691197554961
0
0.00245706944921178
0.0147139289335407
1000
0.00122497375438964
0.00122497375438964
0.00245706944917856
0
0.00858193822115997
0.00122497375438964
0.0183959721371564
-0.00122497375434705
0.00122497375438964
0.00122497375438964
0.00122497375438964
0.00122497375438964
0.00122497375438964
-0.00122497375434705
-0.00244994750880778
-0.0036820432036393
0.00122497375438964
0.00122497375438964
0.00122497375434705
0.00122497375438964
-0.0036820432036393
-0.00122497375434705
0.00245706944917856
0.00122497375438964
0.00122497375438964
0.00245706944921178
0.00245706944921178
-0.00245706944917856
-0.00245706944917856
0.00245706944917856
0.00245706944917856
0.00122497375438964
0.00122497375438964
0.00122497375438964
0.00122497375438964
0.0269921542391103
-0.0036820432036393
-999.982829001617
0
0
0
0
0
0
0
0
0
0
0.00245706944921178
0
0
0
0
0.00122853472460589
0.00245706944917856
0.00245706944917856
0
0
0.00245706944921178
0.00245706944921178
0
0
0
0
0
0
0.00489989501755856
0.00122497375438964
0.00367492126316892
0.00122497375438964
-0.00122497375434705
0.00122497375438964
0.00122497375438964
0.00122497375438964
0.00122497375438964
0.00122497375438964
0.00122497375438964
0.00244994750877928
0.00122497375438964
0.00122497375438964
0.00122497375438964
0.00122497375438964
0.00122497375438964
0
0.00122497375438964
0.00245706944921178
0.00245706944921178
0.00245706944921178
0.00245706944921178
0.00245706944921178
0.00245706944921178
0.00245706944921178
0.00245706944921178
0.00245706944921178
0.00245706944921178
0.00245706944921178
0.00245706944921178
0.00245706944921178
0.00245706944921178
0
0
0
0
0
0
0
0
0
0
0
0
-0.00245706944917856
0.00245706944921178
0.00245706944921178
0
0
0
0
0
0
0
0
0
0
0
0
0
0
0
0
0
0
0
0
0
0
0
0
0
0
0
0
0
0
0
0
0
0
0
0
0
0
0
0
0
0
0
0
0
0
0
0
0
0
0
0
0
0
0
0
0
0
0
0
0
1000
489.10618198777
22.2280105281923
0
0
0
0
0.00245706944921178
0
0
0
0
0
0
0
0
0
0
0
0
0
0
0
0
0
0
0
0
0
0
0
-1000
0
0
0
-244.555050703099
0
0
0
0
0
0.000994720470614924
0
0
0
0
0
0
0
0
0
0.000994720470614924
0
0
753.995617276852
0
0
0
0
0.000994720470614924
0
0.000994720470614924
0
0.000994720470614924
0
0.37060644356412
0
0
0
0.0621700294134327
0
0
0
0.000994720470657739
0
0.386200222716244
0
0
0
0.000994720470614924
0
0.000994720470614924
0
0.000994720470614924
0
0.000994720470614924
0
0.000994720470614924
0
0.000994720470614924
0
0.000994720470614924
0
0.000994720470614924
0
0.000994720470614924
0
0.000994720470614924
0
0.000994720470614924
0
0.000994720470614924
0
0.000994720470614924
0
0.000994720470614924
0
0.000994720470614924
0
0.000994720470614924
0
0.0208891298829134
0
0.000985790981700643
0
0.0285982135301791
0
0
0
0.0146721269415701
0
0.000994720470614924
0
0.000994720470614924
0
0.0993813548476369
0
0.000994720470614924
0
0.000994720470614924
0
0.000994720470614924
0
0.000994720470614924
0
0.476222425306895
0
0.0072117234119582
0
0.0534662252955522
0
0
0
0.0102224382665115
0
0.000994720470614924
0
0.000994720470614924
0
0.00944984447084178
0
0.000994720470614924
0
0.000994720470614924
0
0.000994720470614924
0
0
663.703147235278
0
0
0
1000
0
0
0
0
0
-1000
-1000
1000
0
0.677213445825615
-1000
1000
0
0
528.724306752885
1000
-937.321990994468
-1000
0
0
1000
0
0
0
0
0
-3.75370179425295
818.145902340544
0
0
0
0
-1000
476.113759737497
-0.00245706944917856
0
0
0
-2.15048178349343
1000
-247.930387998491
0
0
0
465.474593765631
1000
1000
-752.069612001509
-476.113759737497
0
0
1000
46.4130359215243
0
-1000
0
0
1000
1000
1000
-1000
0
-1000
535.295005017538
0
1000
0
1000
1000
0
0
0
0
-22.2280105281924
-501.805551667723
0
0
0
0
0
0
0
0
0
1000
0
0
0
0
0
0
0
1000
0
0
0
0
1000
0
0
0
0
0
0
0
0
0
-212.409553650092
-1000
1000
-1000
1000
-1000
-1000
-1000
-1000
1000
-1000
-1000
1000
-1000
-1000
-1000
-1000
-1000
1000
1000
1000
-814.011747388659
-1000
-1000
-1000
1000
1000
1000
1000
-1000
-1000
1000
-1000
536.107407554053
-1000
-1000
-1000
-1000
1000
-1000
-1000
1000
-1000
-1000
-1000
-1000
-1000
-1000
264.829149262594
-1000
-1000
-1000
-1000
1000
-1000
-36.2898118640909
-1000
-1000
-1000
-1000
-1000
-1000
-1000
970.848832486196
-1000
-1000
-1000
702.478123650329
-1000
-1000
-11.9136086627591
-1000
-1000
1000
1000
-1000
-1000
-1000
816.483568973424
-1000
-1000
526.688364448205
1000
-1000
-1000
1000
-1000
1000
-1000
-512.754253290998
1000
985.705719536543
-1000
-1000
1000
1000
1000
1000
-1000
-1000
1000
-1000
-970.848832486196
-1000
1000
1000
-1000
-1000
1000
1000
1000
1000
1000
-978.618388767072
1000
1000
-1000
-1000
-1000
-1000
-1000
-23.55348257752
0
983.737924427569
1000
-1000
-983.737924427569
-1000
0
0
0
0
0
0
0
0
0
0
0
0
0
0
0
0
0
0
0
0
0
0
0
0
0
0
0
0
0
0
0
0
0
0
0
0
0
0
0
0
0
0
0
0
0
0
0
0
0
0
0
0
0
0
0
0
0
0
0
0
0
0
0
0
0
0
0
0
0
0
0
0
0
0
0
0
0
0
0
0
0
0
0
0
0
0
0
0
0
0
0
0
0
0
0
0
0
0
0
0
0
0
0
0
0
0
0
0
0
0
0
0
0
0
0
0
0
0
0
0
0
0
0
0
0
0
0
0
0
0
0
0
0
0
0
0
0
0
0
0
0
0
0
0
0
0
0
0
0
0
0
0
0
0
0
0
0
0
0
0
0
0
0
0
0
0
0
0
0
0
0
0
0
0
0
0
0
0
0
0
0
0
0
0
0
0
0
0
0
0
0
0
0
0
0
0
0
0
0
0
0
0
0
0
0
0
0
0
0
0
0
0
0
0
0
0
0
0
0
0
0
0
0
0
0
0
0
0
0
0
0
0
0
0
0
0
0
0
0
0
0
0
0
0
0
0
0
0
0
0
0
0
0
0
0
0
0
0
0
0
0
0
0
0
0
0
0
0
0
0
0
0
0
0
0
0
0
0
0
0
0
0
0
0
0
0
0
0
0
0
0
0
0
0
0
0
0
0
0
0
0
0
0
0
0
0
0
0
0
0
0
0
0
0
0
0
0
0
0
0
0
0
0
0
0
1000
-1000
-1000
1000
1000
1000
0
1000
-1000
-1000
825.091856926609
-1000
1000
1000
1000
1000
-1000
-1000
-21.8219851431651
-1000
1000
-978.178014856835
0
-763.490215457352
-825.091856926609
1000
-1000
-1000
1000
1000
-1000
-1000
-1000
-1000
1000
1000
1000
-1000
1000
-1000
-1000
1000
-1000
-1000
-1000
1000
-1000
1000
-1000
-999.965650881294
-1000
-1000
-1000
-1000
-21.8219851431651
0
0
0
0
0
1000
0
0
0
0
-1000
0
0
0
0
1000
0
-1000
-752.069612001509
-0.322665446244628
0
0
0
0
0
0
1000
0
0
0
0
0
0
0
0
0
-0.00245706944917856
0.00245706944921178
0
0
-0.00245706944917856
-0.00245706944917856
0
0
0
0
0
0
0
0
0
0
0
0
0
0
0
0
0
0
0
0
445.855129887751
0
0
0.111912391471151
0
0
0
0
0
0
0.00245706944921178
0
0
-1000
1000
593.120403092699
-593.120403092699
1000
0
0
0
0
-0.00245706944917856
5.89057236258986
0
0
0
0
247.820932676469
0
0
0
0
0
0
0
0
0
0
0
0
0
0
1000
0
-465.456820963282
465.456820963282
0.00245706944921178
0
0
0
238.181954432715
499.296240847358
0
0
0
0
0
0
-818.145902340544
0
476.240518279962
0
0
0
0
0
0
0
0
0
0
0
0
0
0
0.269320567418991
0
0
0
0
0
0
0
0
0
0
0
0
0
0
0
0
0
0
0
0
0.00245706944921178
0
0
0
0
1000
0
1000
0
0
1.32856475196047
0
0
0
0
1000
0
0
0
999.896696254027
999.896696254027
0
0
0
0
0
0
0
0
0.00245706944917856
-1000
-387.571504117183
998.671435248039
1000
0
0
0.00245706944921178
1000
1000
1000
0
0
0
1000
0
0.00245706944929225
0
0
1000
0
259.667766497715
0
0
0
0
0
-725.196237765314
0
0
-1000
0
-1000
1000
0
0
0
0
0
0
0
0
0
0
0
-1000
0
0
0
259.667766497715
0
0
0
0
0
0
0
0
0
1000
0
998.729425054516
0
0
0
0
0
0
0
0
0
0
0.664282375980233
0
0.00245706944921178
-0.00245706944917856
0.00245706944921178
0.00245706944921178
0
0
0.00245706944917856
0
0
0
0.664282375980179
0
0
-0.00737120834764937
-1000
-998.729425054516
0
-1000
-0.0530756675781276
1000
0
0
1000
-1000
-1000
-1000
0
0
0
0
0
0
0
0
0
0
0
0
0
0
0.0530756675781276
0
0
0
0
0
0
0
0
0
0
1000
0
0
0
0
0
0.00122497375438964
0
725.196237765314
0
0
0
0
0
0
0.00245706944921178
0
0
0
0
0
0
0
0
0
0
-978.212363975541
0
244.553090993885
0
0
0
0
0
0
0
0
0
0
0
1000
0
0
0
978.21236397554
0
0
0
0
0
0
0
0
0
0
0
0
0
0
0
0
0
0
0
0
0
0
0
0
0
0
0
1.5846317462308
0
0
0
0
0
0
0
0
0
0
0
0
0
0
0
0
0
0
0
0
0
0
0
0
0
0
0
0
0
0
0
0
0
0
0
0
0
0
0
0
0
0
0
0
0
0
0
0
0
0
0
0
0
0
0
0
0
0
0
0
0
0
0
0
0
0
0
0
0
0
0
0
0
0
0
0
0
0
0
0
0
0
0
0
0
0
0
0
0
0
0
0
0
0
0
0
0
0
0
0
0
0
0
0
0
0
0
0
0
0
0
0
0
-999.982227197651
0
0.00122497375434705
0
0.0180808262730352
0
0
-0.0177728023493273
0
1000
0.011031885729949
0
0
0
0
0
0
0
0
0
0
0
0
0
0
0
0
0
0
0
0.00245706944921178
0.00245706944921178
0.00245706944921178
-1000
-1000
0
-1000
-1000
0
0
0
0
0
0
-1000
259.667766497715
0
0
0
0
0
0
0
0
0
0
-1000
0
999.999005279529
-0.000994720470657739
-1000
-1000
-0.38520550224564
0
-1000
-1000
0
0
0
0
0
0
0
0
0
0
-1000
0
1000
0.269126259043375
0.00245706944921178
0.00245706944921178
0.00245706944921178
0.00245706944921178
0.00245706944921178
0
0
0
1000
0
0
0
0
0
0.000994720470614924
0
0
0
0
0
0
0
0
0
499.686186175646
0
0
0
0
0
0
1000
-999.999005279529
0
1000
1000
1000
-999.999005279529
0
0
0
0
0
0
0
0
0
244.553090993885
0
0
0
0
0
0
0
0
0
0
0
0
0
0
0
0
0
0
0
0.00814230511142615
0
0
0
0
0
0.0369891987592589
0
0
0
0
0
0
0
0
0
0
0
-1000
0
0
0
0
0
0
0
0
0
-1000
0
0
0
0
0
0
0
0
1000
-1000
-1000
-1000
-1000
-1000
0
0.0147139289335407
0
0
0
0
-999.876609414532
-1000
-1000
0.111912391471151
247.820932676469
0
0
0
999.985257583305
10.1596759290521
0
0
0
0
0.395156116936858
0.395156116936858
0
-999.981002223896
0
0
0
0
0
0
0
0
1000
0
0
0
0
0
0
0
999.991857694888
0.00245706944921178
0
0
0
0
0
0
0
0
235.912654434002
-1000
0
0
999.971153106352
0
0
0
1000
0
0.00367492126316892
0
0
-999.959992232785
0
-1000
0
0
0
-1000
-1000
0
0
0
0
0
0
0
0.00195970921390654
-725.300773606982
725.300773606982
0
0
0
0
-750
0
0
0
0
-1000
-1000
0
0
-999.899153323476
0
0
0
0
0.00291109315178352
0
0
0
0
0
0
0
0
998.729425054516
0
1000
0
0
0
0
0
0
0
0
0
0
1000
-999.904892420474
0
-0.0951075795256884
1000
-1000
-1000
1000
0
0
0
0
0
0
0
0
-1000
-362.02811361762
0
1000
0.00122497375438964
0.00122497375438964
0
-1000
29.1511675138036
-1000
0
0
499.633459839721
0
0
0
0
0
0
0
0
0
0
0
0
0
0
0
0
0
0
0
0
0
0
0
0
0
-0.00674091661937837
0
0
0
0
0
0
0
0
0
0
0
0
0
0
0
0
0
0
0
0
0
0
0
0
0
0
0
0
0
0
0
0
0
0
0
0
0
0
0
0
0
0
0
0
0
-1000
0
-1000
0
0
0
0
0
-1000
0
0
0
0
0
0
0
0
0
0
0
999.96394138294
0
0
0
0
0
0
0
0
0
0
0
0
0
1000
0
0
0
0
0
0
0
0
0
0
0
0
0
0
0
0
0
0
0
0.00195970921390431
0
0
0
0
0
0
0
0
0
0
0
0
0
0
0
0
0
0
0
0
0
0
0
0
0.00195970921390431
0
0
0
0
0
0
0
0
0
0
0
0
0
0
0.00295442968451924
0
0
0
0
0
0
0
0
0
0
0
0
0
0
0
0
0
0
0
0
0
0
0
0
0
0
0
0
0
0
0
0
0
0
0
0
0
0
0
0
0
0
0
0
0
0
0
0
0
0
0
0
0
0
0
0
0
0
0
0
0
0
0
0
0
0
0
0
0
0
0
0
0
0
0
0
0
0
0
0
0
0
0
0
0
0
0
0
0
0
0
0
0
0
0
0
0
0
0
0
0
0
0
0
0
0
0
0
0
0
0
0
0
0
0
0
0
0
0
0
0
0
0
0
0
0
0
0
-476.502142542909
0
0
0
0
0
0
0
0
0
0
0
0
0
0
0
0
0
0
0
0
0
0
333.333333333333
0
0
0
0
-423.941608142481
0
0
312.680517048668
-1000
687.431395342803
0
-476.240518279962
0
-1000
663.703147235278
0
0
0
0
500.686559666497
0.0147424166952707
0
0
0
0
0
0
0
0
0
0
0
0
0
0
0
0
0
0
0
0
0
0
0
0
0
0
0
0
0
0
0
0
0
0
0
0
0
0
0
0
0
0
0
0
0
0
0
0
0
0
0
0
0
0
0
0
0
0
0
0
0
0
0
0
0
0
0
0
0
0
0
0
0
0
0
0
0
0
0
0
0
0
0
0
0
0
0
0
0
0
0
0
0
0
0
0
0
0
0
0
0
0
0
0
0
0
0
0
0
0
0
0
0
0
0
0
0
0
0
0
0
0
0
0
0
0
0
0
0
0
0
0
0
0
0
0
0
0
0
0
0
0
0
0
0
0
0
0
0
0
0
0
0
0
0
0
0
0
0
0
0
0
0
0
0
0
0
0
0
0
0
0
0
0
0
0
0
0
0
0
0
0
0
0
0
0
0
0
0
0
0
0
0
0
0
0
0
0
0
0
0
0
0
0
0
0
0
0
0
0
0
0
0
0
0
0
0
0
0
0
0
0
0
0
0
0
0
0
0
0
0
0
0
0
0
0
0
0
0
0
0
0
0
0
0
0
0
0
0
0
0
0
0
0
0
0
0
0
0
0
0
0
0
0
0
0
0
0
0
0
0
0
0
0
0
0
0
0
0
0
0
0
0
0
0
0
0
0
0
499.633459839721
0
0
0
0
0
0
0
0
0
0
0
-1000
0
0
0.677213445825615
0
0.00245706944917856
391.552476607035
0
0
0
0
0
0
0
0
0
0
0
0
0
0
0
0
0
0
0
0
0
0
0
0
0
0
0
0
0
0
0
0
0
0
0
0
0
0
0
0
0
0
0
0
0
0
0
0
0
0
0
0
0
0
0
0
0
0
0
0
0
0
0
0
0
0
0
0
0
0
0
0
0
0
0
0
0
0
0
0
0
0
0
0
0
0
0
0
0
0
0
0
0
0
0
0
0
0
0
0
0
0
0
0
0
0
0
0
0
0
0
0
0
0
0
0
0
0
0
0
0
0
0
0
0
0
0
0
0
0
0
0
0
0
0
0
0
0
0
0
0
0
0
0
0
0
0
0
0
0
0
0
0
0
0
0
0
0
0
-153.086157930226
764.089802635447
0
0
0
0
0
0
0
1000
0.00245706944917856
0
0
-1000
1000
0
0
0
0
0
0
0
0
0
0
0
0
0
0
0
1000
0
-1000
0
0
0
0
0
0
0
0
0
0
0
0
0
0
0
0
0
0
0
0
0
0
0
0
0
0
0
0
0
0
0
0
0
0
0
0
0
0
0
0
0
0
0
0
0
0
0
0
0
0
0
0
0
0
0
0
0
0
0
0
0
0
0
0
0
0
0
0
0
0
0
0
0
0
0
0
0
0
0
0
0
0
0
0
0
0
0
0
0
0
0
0
0
0
0
0
0
0
0
0
0
0
0
0
0
0
0
0
0
0
0
0
0
0
0
0
0
0
0
0
0
0
0
0
0
0
0
0
0
0
0
0
0
0
0
0
0
0
0
0
0
0
0
0
0
0
0
0
0
0
0
0
0
0
0
0
0
0
0
0
0
0
0
0
0
0
0
0
0
0
0
0
0
564.891115687935
59.3495036041492
-2.48680117653726
0
0
-0.664282375980179
0
0
316.777975487146
13.1281101972378
28.6954849926061
0.071219404324979
59.3495036041492
0
0
0
0
0
0
0
0
0
0
0
0
0
0
0
0
0
0
0
0
0
0
0
0
0
918.474079698229
-1000
0
-999.888087608529
-0.111912391471151
0
0
0
0
0
-1000
-244.553090993885
489.10618198777
0
0
0
0
0
0
0.00245706944917856
0
0
0
0.00306599535619035
0
0
0
0
0
0
0
0
0
0
0
0
0
0
0
0
244.555050703099
0
0
0
0
465.474593765631
-0.476222425306901
-0.020889129882903
0
-7.29140700508924
-14.2942804634565
-1000
-22.8595533440043
-7.13864435028734
379.461745285719
-18.0610065062752
-3.13311964476657
-21.3816112329276
-1000
-1000
0
0
0
0
-1000
-26.4213010387505
-11.9136086627591
-463.892592445947
-9.05887379959813
-7.00798641810286
-16.2620755724307
1000
-16.3594146932919
-264.829149262594
0
0
-1000
-0.111912391471151
0
760.476607169416
1000
0
999.876609414532
-1000
0
0
0
0
5.89057236258986
0
1000
0
0
-1000
0
0
0
0
0
0
0
0
-0.00245706944917856
-0.00245706944917856
0
0
0
0
0
0
0
0
0
0
0
0
445.855129887751
0
0
0
0
-1000
1000
1000
978.212363975541
0
0
1000
-1000
247.820932676469
-0.00245706944917856
-0.00245706944917856
-0.677213445825601
593.120403092699
0
0
-0.00245706944917856
0
-0.00245706944917856
0
0
-500
-0.00245706944917856
0
0
0
-0.00245706944917856
0
0
0
0
0
0
0
0
0
0
0
-153.086157930226
0
0
0
0
0
1000
0
0
0
0
0
0
0
0
0
0
0
-588.582072383961
0
1000
0
0
-0.00245706944917856
0
0
0
0
0
0
0
0
0
0
0
0
0
0
499.296240847358
-2.15048178349343
-0.322665446244628
-752.069612001509
-1000
500
0
0
0
0
-247.930387998491
0
0
0
1.67216989006681
0
0
0
0
0
0
-476.113759737497
0
0
0
0
476.113759737497
760.476607169416
0
0
0
528.724306752885
1000
0
-787.590446349908
787.590446349908
465.456820963282
0
-22.2280105281924
0
0
0
-1000
0
0
0
0
0
0
-0.034349118705677
0
0
0
0
-829.033057526701
-1000
1000
0
0
0
0
0
0
1000
-760.476607169416
-752.069612001509
-3.75370179425295
0
0
-465.456820963282
0
0
0
0
0
0
0
0
1000
0
-0.0102224382665099
-0.000994720470657739
-0.269320567418958
-501.805551667723
-0.0146721269416048
-0.099381354847651
-0.00944984447085062
-0.0534662252955513
-0.028598213530131
-0.000994720470657739
0
0
753.995617276852
0
-0.000994720470657739
0
-0.000994720470657739
-0.000994720470657739
0
-0.00721172341195597
0
-0.000994720470657739
-0.370606443564157
0
0
-10.1596759290521
0
0
-0.000994720470657739
-0.000985790981644641
0
-0.000994720470657739
-0.000994720470657739
-0.000994720470657739
-0.000994720470657739
0
0
-0.0621700294134371
0
0
0
-1000
1000
0
0
-1000
1000
-0.00245706944917856
0
750
-750
0
0
0
-1000
0
0
0
0
0
0
0
0
0
0
0
0
0
0
0
0
0
0
0
-1000
1000
1000
-1000
-29.1511675138036
29.1511675138036
1000
-1000
-1000
0
-760.476607169416
-1000
0
-0.000994720470657739
-0.000994720470657739
0
0
0
0
0
687.319482951332
-687.431395342803
500.686559666497
0.0147424166952987
0
0
0
0
0
1000
0
0
0
0
0
0
0
0
0
0
0
0
0
0
0
0
0
0
0
0
0
0
0
0
0
0
0
0
0
0
0
0
0
0
0
0
0
0
0
0
0
0
0
0
0
0
0
0
0
0
0
0
0
0
0
0
0
0
0
0
0
0
0
0
0
0
0
0
0
0
0
0
-0.000994720470657739
0
0
0
0
0
0
0
0
0
0
0
0
0
0
0
0
0
0
0
0
0
0
0
0
0
0
0
0
0
0
0
0
0
0
0
0
0
0
0
0
0
0
0
0
0
0
0
0
0
0
0
0
0
0
0
0
0
0
0
0
0
0
0
0
0
0
0
0
0
0
0
0
0
0
0
0
0
0
0
0
0
0
0
0
0
0
0
0
0
0
0
0
0
0
0
0
0
0
0
0
0
0
0
0
0
0
0
0
0
0
0
0
0
0
0
0
0
0
0
0
0
0
0
0
0
0
0
0
0
0
0
0
0
0
0
0
0
0
0
0
0
0
0
0
0
0
0
0
0
0
0
0
0
0
0
0
0
0
0
0
0
0
0
0
0
0
0
0
0
0
0
0
0
0
0
0
0
0
0
0
0
0
0
0
0
0
0
0
0
0
0
0
0
0
0
0
0
0
0
0
0
0
0
0
0
0
0
0
0
0
0
0
0
0
0
0
0
0
0
0
0
0
0
0
0
0
0
0
0
0
0
0
0
0
0
0
0
0
0
0
0
0
0
0
0
0
0
0
0
0
0
0
0
0
0
0
0
153.086157930226
0
1000
0
0
0
-391.552476607035
0
0
0
0
0
0
0
0
0
0
0
0
0
0
0
0
0
0
0
0
0
0
0
0
0
-1000
0
-764.089802635447
-0.00245706944917856
0
0
0
0
0
0
0
0
-1000
0
0
0
0
0
0
0
0
0
0
0
0
0
0
0
0
0
0
0
0
0
0
0
0
0
0
0
0
0
0
0
0
0
0
0
0
0
0
0
0
0
0
0
0
0
0
0
0
0
0
0
0
0
0
0
0
0
0
0
0
0
0
0
0
0
0
0
0
0
0
0
0
0
0
0
0
0
-0.000994720470657739
-0.000994720470657739
-0.000994720470657739
-0.000994720470657739
0
-0.000994720470657739
-0.386200222716298
0
-0.000994720470657739
-0.000994720470657739
-0.000994720470657739
-0.000994720470657739
0
-0.000994720470657739
-0.000994720470657739
-0.000994720470657739
-0.000994720470657739
-0.000994720470657739
-0.000994720470657739
-0.000994720470657739
0
-0.000994720470657739
-0.000994720470657739
-0.000994720470657739
0
-1000
59.3495036041493
0
1000
0
0
0
0
0
0
0
0
0
0
0
