0
0
0
0
0
0
0
210.838161109356
-1000
0
1000
0
0
199.289216566966
1000
0
999.741601968845
-999.741601968845
999.940695533833
0
0.0593044661667363
0
-1000
0.372770930190654
0
1000
-201.773592710254
0
-444.794671472515
0.0307622753145976
0
0
0
0
0
0.0326599481424461
0
0
0
35.5879364114534
0
0
0
0
0
176.104008307255
0
176.104008307255
0
176.104008307255
0
176.104008307255
0
176.104008307255
0
176.104008307255
0
0
0
0
176.104008307255
0
0
0
0
444.794671472515
0
0
0
0
591.167933541957
0
0
204.185244919306
204.185244919306
0
0
0
0
0
0
-1000
0
0
0
0
0
0
0
0
0
0
0
0
0
1000
0
-1000
0
1000
-1000
0
0
0
0
0
0
0
0
0
0
0
0
0
0
0
0
0
0
0
0
0
0
0
0
0
0
0
0
0
0
787.463189538298
0
0
1000
0
0
0
0
1000
0
0
0
0
-13.5098324940057
0
0
0
0
-786.378879991062
0
0
0
1000
0
0
598.522059459613
1000
1000
401.469468473791
0
204.41687748797
0
-1000
401.469468473791
600.758685040757
1000
-800.710783433034
0
204.41687748797
1000
0
0
0
0
0
1000
646.679547698591
0
0
0
0
0
-3.98969941920859
0
0
0
0
0
0
0
4.15914075111345
-995.056667417613
0
0
0
0
0
0
0
0
0
0
0
0
0
0
-3.99393545250621
0
-999.995763966702
0
0
0
0
0
0
0
0
0
0
0
78.9450619038889
0
0
-994.891462119005
989.653185095404
0
0
0.467847317669033
0
0
0
9.87896758692693
0
9.10247333350082
0
0
921.054938096111
-78.945061903889
0
-921.054938096111
0
0
0
0
0
0
0
0
0
0
-1000
0
-1000
-1000
-11.0485858810995
-204.185244919306
0
-0.467847317668998
1000
-1000
1000
-0.980614986782825
-1000
0
9.09884620261096
-1000
0
1000
999.039830992342
1000
0
0
1000
2.19393057087317
0.182149431797716
0
-0.182149431797711
0
0.00180830873346233
0
0
0
0
0
0
0
0
0
0
0
0
0
0
0
0
0
994.891462119005
0
1000
0.476319384264276
0
0
1000
0
-0.182149431797711
0
-0.701770976503553
0
0
0.780121384315976
0
0
0
0
9.09884620261096
0
0
-0.258398031154911
0
0
0
1000
0.780121384315976
0
-909.971184973259
-0.980614986782825
0
9.10247333350079
0
0
0
0
0
0
0
0
0
0
0
0
0
0
0
2.33923658834517
0
9.84757275393246
0
0
0
326.772060901588
9.09884620261096
0
0.078350407812424
0
-529.487472356105
-1000
1000
326.302405275185
1000
1000
-1000
-1000
-1000
1000
1000
-999.532152682331
-1000
-1000
1000
9.09884620261096
0
0
0
0
0
-1000
9.09884620261096
-1000
1000
0
-1000
1000
0
0
-1000
1000
0
0
0
0
0
0
0.980614986782873
1000
-1000
1000
1000
1000
-1000
-1000
0
-1000
0
1000
1000
0
-470.347322345287
-1000
-530.120524972382
1000
1000
0
-93.3502120750309
-1000
-1000
-1000
-1000
1000
0
0
0
-1000
1000
0
0
0
-88.0475352373899
0
0
0
-81.3041977733694
1000
0
0
0
-29.8464510484819
0
0
0
0
0
0
0
0
0
0
0
0
0
0
0
0
0.00362713088979363
0
918.69942935752
81.3005706424797
-1000
0
803.840167246009
196.159832753991
0
0
0
202.92406619476
0
0
0
0
0
0
0
0
0
0
0
0
0
0
0
0
0
1000
0
0
0
0
0
-1000
1000
0
0
0
0
0
0
0
0
0
0
0
0
-1000
-0.00362713088975397
0.105900832440511
0.105900832440511
0
-964.606531247472
0
0
0
0
0
0
0
0
0
0
0
0
32.8130340928412
0
0
0
0
0
0
0
0
0
0
0
0
0
0
0
0
0
0
0
0
0
0
0
0
0
0
0
0
0
0
0
0
0
0
0
0
0.16520529860726
0
0
0
1000
0
0
0
0
0
0
-1000
0
0
0
0
0
0
0
0
0
0
0
0
0
0
0
0
0
0
0
0
0
0
0
0
-119.085006404461
0
0
0.16520529860726
0
0
0
0
0
0
0
0
0
999.296818472595
0
0
0
0
0
0
0
0
0
0
0
0
0
0
0
0
0
0
0
0
0
0
0
0
0
0
0
0
0
0
0
-1000
0
0
0
0
0
0
0
0
0
0
0
0
0
0
0
0
0
0
0
0
0
0
0
0
0
0
0
0
0
0
0
0
0
0
0
0
0
0
0
-1000
0
0.0042360332976213
0
0
0
0
0.766722026869456
0.766722026869456
0
0
0
0
0
0
0
0
0
0
0
0
0
0
0
0
0
0
0
0
0
0
0
0
0
0
0
1000
0
0
0
0.00362713088975397
0
0
-1000
0
0
0
0
2.20273731476308
0
0
2.20273731476308
0
0
0
0
0
0
0
0
0
2.20273731476308
0
2.20273731476308
0
0
0
13.1403548935286
37.457025870877
23.9425683469276
17.5360608009724
26.0001328142417
8.55759767087452
20.0144907275098
36.6152949524303
33.7159995666695
10.6619249669912
20.6691703307461
42.6009370391622
33.6224739090644
10.3813479941756
17.2087209993542
23.8490426893224
30.910229838514
25.0181134093873
4.58275722265411
31.1908068113295
0
0
0
0
0
0
0
0
0
0
0
0
0
0
0
0
0
0
0
0
0
0
0
0
0
0
0
0
0
0
0
0
0
0
0
0
0
0
0
0
0
0
0
0
0
0
0
0
0
0
0
0
0
0
0
0
0
0
0
0
0
0
0
0
0
0
0
0
0
0
0
0
0
0
0
0
0
0
0
0
0
0
0
0
0
0
0
0
0
0
0
0
0
-829.10713896176
0
0
0
0
0
32.8130340928411
0
0
1000
1000
163.685994618809
0
0
0
0
504.386884284212
0
-29.8464510484819
-668.225376101736
-668.225376101736
-1000
0
-301.466445220341
0
-301.585054152675
1000
1000
668.081350969617
1000
0
0
495.613115715788
0
-1000
-1000
-1000
0
698.533554779659
0
0
0
301.466445220341
0
0
0
0
0
0
0
0
0
0
0
1000
345.20584821647
1000
1000
0
282.515629590045
124.852801606132
2.51268970140284
5
0
0
0
0
0
0
203.362126561341
0
0
0
0.164899783226474
0
5.48291779227884
-0.164899783226474
-0.164899783226474
0.164899783226474
0
371.312911180896
353.206343659767
0.164899783226474
0
0
0
0.00542886873392945
-0.164899783226474
0
0
-1000
-0.164899783226474
0
0
0
0
0
0
0
0
0
0
0
0
0
0
0
0
0
0
-0.00542886873392945
0
0
0
0
0
0.0144769832905922
0
0
0
0
0
0
0
0
-0.0144769832905922
0
0
0
0
0
0
0
0
0
0
0
0
0
0
0
0
0
0
0
0
0
0
0
0
0
0
0
0
0
0
0
0
0
0
0
0
0
0
0
0
0
0
0.00542886873392945
0
0
0
0
0
0
0
0
0
0
0
0
0
0
0
0
0
0
0
0
0
0
0
0
0
0
0
0
0
0
0
0
0
0
0
0
0
0
0
1000
0
0
0
0
0
0
0
0
0
0
0
0
0
0
0
0
0
0
0
0
0
0
0
0
0
0
0
0
0
0
0
0
0
0
0
0
0
0
0
0
0
0
0
0
0
0
0
0
0
0
0
0
0
0
0
0
0
0
0
0
0
0
0
0
0
0
0
0
0
0
0
0
0
0
0
0
0
0
0
0
0
0
0
0
0
0
0
0
0
0
0
0
0
0
0
0
0
0
0
0
0
0.16489978322643
0.16489978322643
150.982385850455
0
0
0
0
0
0
0
0
0
0
0
0
0
0
0
0
0
0
0
0
0
0
0
0
0
0
0
0
0
0
0
0
0
0
0
0
0
0
0
0
0
0
0
0
0
0
0
0
0
0
0
0
0
0
0
0
0
0
0
0
0
0
0
0
0
0
0
0
0
0
0
0
0
0
0
0
0
0
0
0
0
0
0
0
0
0
0
0
0
0
0
0
0
0
0
0
0
0
0
0
0
0
0
0
0
0
0
0
0
0
0
0
0
0
0
0
0
0
0
0
0
0
0
0
0
0
0
0
0
0
0
0
0
0
0
0
0
0
0
0
0
0
0
0
0
0
0
0
0
0
0
0
0
0
0
0
0
0
0
0
0
0
0
0
0
0
0
0
0
0
0
0
0
0
0
0
0
0
0
0
0
0
0
0
0
0
0
0
0
0
0
0
0
0
0
0
0
0
0
0
0
0
0
0
0
0
0
0
0
1000
0
0
0
0
0
0
0
0
0
0
0
0
0
0
0
0
0
0
0
0
0
0
0
0
0
0
0
0
0
0
0
0
0
0
0
0
0
0
0
0
0
0
0
0
0
0
0
0
0
0
0
0
0
0
0
0
0
0
0
0
0
-0.00452602854511497
0
0
0.00452602854511497
0
0.00452602854509031
0
0.00452602854509031
0
0
0
0
0
0
0
0
0
0
0
0
0
0
0
0
0
0
0
0
0
0
0
0
0
0
0
0
0
0
0
0
0
0
0
0
0
0
0
0
0
0
1000
1000
0
0
0
0
0
0
0
0
0
0
0
0
0
0
0
0
0
0
0
0
0
-1000
0
-1000
0
0
0
0
0
0
0
1000
1000
0
0
0
0
0
0
0
0
0
0
0
0
0
0
0
0
0
0
0
0
0
0
0
0
0
0
0
0
0
0
0
0
0
0
0
0
0
0
0
0
0
0
0
0
0
0
0
0
0
0
0
0
0
0
0
0
0
0
0
0
0
0
0
0
0
0
0
0
0
0
0
0
0
0
0
0
0
0
0
0
0
0
0
1000
-9.96883341396381
0
0
0.164899783226474
0
-843.204896790813
0
0
150.817486067229
0
843.039997007587
-0.164899783226474
344.17808052812
0
0
0
0.00542886873392945
0
0
-1000
1000
0
0
0
0
0
0
0
0
0
0
0
0
0
-1000
0.00542886873392945
0
0
0
-0.0144769832905922
0
0
0
0
0
0
0
0.0144769832905922
0
0
0
0
0
203.362126561341
-1000
1000
-150.652586284002
-150.652586284002
1000
59.2894786028664
1000
-0.0217627853387512
0
0
0.164899783226474
-0.164899783226474
0
0
156.795103209187
-156.795103209187
1000
0
0
0
-150.817486067229
-150.817486067229
1000
0
-156.960002992413
-843.039997007587
-1000
0
-655.82191947188
-344.17808052812
-1000
0
0
0
0
0
-1000
0
0
0
0
0
-1000
1000
-1000
0
0
0
-285.075264493819
0
0
0
-1000
0
0
0
0
0
0
0
0
0
0
0
0
0
0
0
0
0
0
0
-1000
1000
-1000
0
-1000
0
-1000
0
-1000
0
0
0
0
0
0
0
0
0
-1000
0
1000
0
-1000
0
-1000
0
-1000
0
-1000
0
0
0
0
0
0
0
0
0
-841.871379167983
-158.128620832017
52.7095402773389
-52.709540277339
0
0
0
0
0
0
0
0
0
0
0
0
0
0
0
0
0
0
0
0
0
0
0
0
0
0
0
0
0
0
0
0
0.00542886873392945
-0.00542886873392945
0
0
0
0
0
0
0
0
0
0
0
0
0
0
0
0
0
0
0
0
0
0
0
0
0
0
0
0
0
0
0
0
0
0
0
0
0.00542886873392945
-0.00542886873392945
0
0
0
0
0
0
0.0144769832905922
0.0144769832905922
0
0
0
0
0
0
0
0
0
0
0
0
0
0
0
0
-0.0144769832905922
-0.0144769832905922
0
0
0
0
0
0
0
0
0
0
0
0
0
0
0
0
0
0
0
0
0
0
0
0
0
0
0
0
0
0
0
0
0
0
0
0
0
0
0
0
0
0
0
0
1.18797823497609
0.00362713088979363
0
0
0
0
0
0
0
0
0.149472837402394
0
0
0
0
0
0
0
0
0
0
0
0
0
0
0
0
0
0
0
0
0
0
0
0
0
0
0
0
0
0
0
0
0
0
0
0
0
0
0
0
0
0
0
0
0
0
0
0
0
0
0
0
0
0
0
0
0
0
0
0
0
0
0
0
0
156.795103209187
156.795103209187
156.795103209187
0
0
0
0
150.652586284002
150.652586284002
0
0
0
0
0
0
0
0
0
0
0
0
0
0
0
0
0
0
0
0
0
0
0
0
0
0
0
0
0
0
0
0
0
0
0
0
0
0
0
0
0
0
0
0
0
0
0
0
0
0
0
0
0
0
0
0
0
0
0
0
0
0
0
0
0
0
0
0
0
0
0
0
0
0
0
0
0
0
0
0
0
0
0
0
0
0
0
0
0
0
0
0
0
0
0
0
0
0
0
0
0
0
0
0
0
0
0
0
0
0
150.817486067229
150.817486067229
150.817486067229
150.817486067229
-150.817486067229
0
0
0
0
0
0
0
0
0
0
0
0
0
0
0
0
0
0
0
0
0
0
0
0
0
0
0
0
0
0
0
0
0
0
0
0
0
0
0
0
0
0
0
0
0
0
0
0
0
0
0
0
0
0
0.00362713088979363
0.00362713088979363
0.00362713088979363
0.00362713088979363
0.00362713088979363
0
0
0
0
0
0
0
0
0
0
0
0
0
0
0
0
0
0
0
0
0
0
0
0
0
0
0
0
0
0
0
0
0
0
0
0
0
0
0
0
0
0
0
0
0
0
13.5098324940056
13.5098324940056
-13.5098324940057
4.49481419259235
-2.24559353085124
2.24559353085128
2.24559353085128
2.24559353085128
0
0
0
0
0
0
0
0
0
0
0
0
0
0
0
0
0
0
0
0
2.24559353085128
0
2.23836029591743
2.24559353085128
2.24559353085128
2.24559353085128
2.24559353085128
2.24559353085128
2.24559353085128
2.24559353085128
2.24559353085128
2.24559353085128
2.24559353085128
2.24559353085128
2.24559353085128
2.24559353085128
2.24559353085128
2.24559353085128
2.24559353085128
13.5098324940056
13.5098324940056
4.49481419259235
4.49481419259235
0
0
0
0
0
0
0
0
0
0
0
0
0
0
0
0
0
0
0
0
0
0
0
0
0
0
0
0
0
0
0
0
0
0
0
0
0
0
0
0
0
0
0
0
0
0
0
0
0
0
0
0
0
0
0
0
0
0
0
0
0
0
0
0
0
0
0
0
0
0
0
0
0
0
0
0
0
0
0
0
0
0
0
0
0
0
0
0
0
0
0
0
0
0
0
0
0
0
0
0
0
0
0
0
0
0
0
0
0
0
0
0
0
0
0
0
0
0
0
0
0
0
0
0
0
0
0
0
0
0
0
0
0
0
0
0
0
0
0
0
0
0
0
0
0
0
0
0
0
0
0
0
0
0
0
0
0
0
0
0
0
0
0
0
0
0
0
0
0
0
0
0
0
0
0
0
0
0
0
0
0
0
0
0
0
0
0
0
0
0
0
1.18797823497609
409.989282417704
409.989282417704
0
3.4735017458837
3.4735017458837
0
-413.462784163588
0
3.4735017458837
0
408.801304182728
0
0
0
0
3.4735017458837
0
3.4735017458837
3.4735017458837
0
0
0
0
0
0
0
0
0
0
0
0
0
0
0
0
0
0
0
0
0
0
0
0
0
0
0
0
0
0
0
0
0
0
0
0
413.462784163588
0
0
0
0
0
0
0
0
0
0
0
0
0
0
0
0
0
0
0
0
0
0
0
0
0
0
0
0
0
0
0
0
0
0
0
0
0
0
0
0
0
0
0
0
0
0
0
0
0
0
0
0
0
0
0
0
0
0
0
0
0
0
0
0
0
0
0
0
0
0
0
0
0
0
0
0
0
0
1.18797823497609
0.00362713088979363
0
0
0
0
0
0
0
1.56394524571893
0
0
0
0.980614986782873
0.980614986782873
0.980614986782873
0
0
0
0
0
0
1.34107820326828
0
0
0
0.00362713088979363
0
0
0
0
-1.34107820326824
1.34107820326828
0
0
0
0
0
0
0
0
0
0
0.0217207316472859
0
0
0
0
0
0
0
0
0
0
0
0
10.9340509000573
10.9340509000573
10.9340509000573
0
0
0
0
-0.149472837402413
0
0
0
0
0
0
0
0
0
0
0
0
0
0
0
0
0
0
0
0
0
0
0
0
0
0
0
0
0
0
0
0
0
0
0
0
0
0
0
0
0
0
0
0
0
0
0
0
0
0
0
0
0
0
0
0
0
0
0
0
0
0
0
0
0
0
0
0
0
0
0
0
0
0
0
0
0
0
0
0
0
0
0
0
0
0
0
0
0
0
0
0
0
0
0
0
0
0
0
0
0
0
0
0
0
0
0
0
0
0
0
0
0
0
0
0
0
1000
0
0
1000
1000
0
0
0
0
0
0
0
0
0
0
0
0
0
0
0
0
0
0
0
0
0
0
0
0
0
0
0
0
0
0
0
0
0
0
0
0
0
0
0
0
0
0
0
0
0
0
0
0
0
0
0
0
0
0
0
0
0
0
0
0
0
0
0
0
0
0
0
0
0
0
0
0
0
0
0
0
0
0
0
0
0
0
0
0
0
0
0
0
0
0
0
0
0
0
0
0
0
0
0
0
0
0
0
0
0
0
0
0
0
0
0
0
0
0
0
0
0
0
0
0
0
0
0
0
0
0
0
0
0
0
0
0
0
0
0
0
0
0
0
0
0
0
0
0
0
0
0
0
0
0
0
0
0
0
0
0
0
0
0
0
0
0
0
0
0
0
0
0
0
0
0
0
0
0
0
0
0
0
0
0
0
0
0
0
0
0
0
0
0
0
0
0
0
0
0
0
0
0
0
0
0
0
0
0
0
0
0
0
0
0
0
0
0
0
0
0
0
0
0
0
0
0
0
0
0
0
0
0
0
0
0
0
0
0
0
0
0
0
0
0
0
0
0
0
0
0
0
0
0
0
0
0
0
0
0
0
0
0
0
0
0
0
0
0
0
0
0
0
0
0
0
0
0
0
0
0
0
0
0
0
0
505.023167976047
0
505.023167976047
0
0
0
0
0
0
0
0
0
0
0
0
0
0
0
0
0
0
0
0
0
0
0
0
0
0
0
0
1000
0
0
0
0
0
0
0
0
0
0
0
0
0
0
0
0
0
0
0
0
0
0
0
0
0
0
0
0
0
0
0
0
0
0
0
0
0
0
0
0
0
0
0
0
0
0
0
0
0
0
0
0
0
0
0
0
0
0
0
0
0
0
0
0
0
0
0
0
0
0
0
0
0
0
0
0
0
0
0
0.16520529860726
0.16520529860726
0
0
0
0.165205298607248
0
0.16520529860726
0
0
0
0
0.0254161997857567
0
0
0
0
0
0
0
0
0
0
1000
0
0
0.999703858238448
0
0
0
0
0
0
0.999703858238448
0.999703858238448
0.999703858238448
0.99970385823849
0
0
0
0
0
0
0
0
0
0
0
0
0
0
0
0
0
0
0
0
0
0
0
0
0
0
0
0
0
0
0
0
0
0
0
0
0
350.592483465594
350.592483465594
0
0
0
0
0
0
0
0
0
0
0
0
0
0
0
0
0
0
0
0
0
0
0
0
0
0
0
0
0
0
0
0
0
0
0
0
0
0
0
0
0
0
0
0
0
0
0
0
1000
-1000
203.755486868252
0
0
0
-659.204482741232
-1000
659.204482741232
0
34.6133473682116
0
0
-1000
202.975365483936
0
0
0
0
0
0
0
0
0
0
0
0
0
0
0
0
0
0
0
0
0
0
0
0
0
0
0
0
0
0
0
0
0
0
0
1000
0
0
0
0
1000
0
0
0
0
0
0
0
0
0
0
0
0
0
0
-999.99637286911
-1000
1000
-1000
1000
999.99637286911
-1000
0
0
0
0
0
0
0.00362713088975397
0
0
0
0
0
0
0
0
0
0
0
0
0
0
0
0
0
0
0
0
0.0144769832905676
0
0.00362713088979363
0.0217207316472859
1000
0.00180830873346233
0.00180830873346233
0.00362713088975397
0
0.0126686745571053
0.00180830873346233
0.0271561712705086
-0.0018083087334162
0.00180830873346233
0.00180830873346233
0.00180830873346233
0.00180830873346233
0.00180830873346233
-0.0018083087334162
-0.00361661746694608
-0.00543543962328386
0.00180830873346233
0.00180830873346233
0.0018083087334162
0.00180830873346233
-0.00543543962328386
-0.0018083087334162
0.00362713088975397
0.00180830873346233
0.00180830873346233
0.00362713088979363
0.00362713088979363
-0.00362713088975397
-0.00362713088975397
0.00362713088975397
0.00362713088975397
0.00180830873346233
0.00180830873346233
0.00180830873346233
0.00180830873346233
0.0398458726733679
-0.00543543962328386
-999.974652137463
0
0
0
0
0
0
-1000
0
0
0
0.00362713088979363
0
0
0
0
0.00181356544489681
0.00362713088975397
0.00362713088975397
0
0
0.00362713088979363
0.00362713088979363
0
0
0
0
0.00723323493384932
0.00180830873346233
0.00542492620038699
0.00180830873346233
-0.0018083087334162
0.00180830873346233
0.00180830873346233
0.00180830873346233
0.00180830873346233
0.00180830873346233
0.00180830873346233
0.00361661746692466
0.00180830873346233
0.00180830873346233
0.00180830873346233
0.00180830873346233
0.00180830873346233
0
0.00180830873346233
0.00362713088979363
0
0.00362713088979363
0
0.00362713088979363
0.00362713088979363
0.00362713088979363
0.00362713088979363
0.00362713088979363
0.00362713088979363
0
0.00362713088979363
0
0.00362713088979363
0.00362713088979363
0.00362713088979363
0.00362713088979363
0.00362713088979363
0
0
0
0
0
0
0
0
0
0
0
0
0
0
0
0
-0.00362713088975397
0.00362713088979363
0.00362713088979363
0
0
0
0
0
0
0
0
0
0
0
0
0
0
0
0
0
0
0
0
0
0
0
0
0
0
0
0
0
0
0
0
0
0
0
0
0
0
0
0
0
0
0
0
0
0
0
0
0
0
0
0
0
0
0
0
0
0
0
0
0
0
797.258083237037
105.419080554678
32.8130340928411
0
0
0
0
0.00362713088979363
0
0
0
0
0
0
0
0
0
0
0
0
0
0
0
0
0
0
0
0
0.222867042450653
-786.87511793107
0
0
0
-203.362126561341
0
0
0
0
0
0.16489978322643
0
0
0
0
0
0
0
0
0
0.16489978322643
0
0
279.793531490228
0
0
0
0
0.16489978322643
0
0.16489978322643
0
0.16489978322643
0
61.749539949564
0
0
0
10.3062364516519
0
63.6925412712085
0
0.16489978322643
0
0.32979956645286
0
0.16489978322643
0
0.16489978322643
0
0.16489978322643
0
0.16489978322643
0
0.16489978322643
0
0.16489978322643
0
0.16489978322643
0
0.16489978322643
0
0.16489978322643
0
0.16489978322643
0
0.16489978322643
0
0.16489978322643
0
0.16489978322643
0
0.16489978322643
0
0.16489978322643
0
0.16489978322643
0
0.16489978322643
0
3.46289544775503
0
1.03605251389915
0
4.74086876775986
0
4.78209371356647
0
2.43227180258984
0
0.16489978322643
0
0.16489978322643
0
11.4460579509463
0
0.16489978322643
0
0.16489978322643
0
0.16489978322643
0
0.16489978322643
0
78.9457712196533
0
1.19552342839162
0
8.86336334842061
0
44.6466163085559
0
0.591626224583072
0
0.16489978322643
0
0.16489978322643
0
1.56654794065108
0
0.16489978322643
0
0.16489978322643
0
0.16489978322643
0
0
-1000
0
0
408.801304182728
0
0
0
0
0
-1000
-565.03125918009
408.832066458043
0
0.999703858238448
-921.054938096111
-4.94333258238737
1000
0
349.251405262325
1000
1000
-1000
0
0
1000
0
0
0
0
-343.684410262573
-170.858471632036
0
0
0
0
-994.891462119005
1000
-0.00362713088975397
0
0
0
-0.980614986782825
0
0
0
0
0
0.0307622753146006
1000
994.969812526818
-664.129092895801
-9.10247333350082
-1000
0
-1000
115.045889517175
0
-1000
0
0
1000
1000
-1000
1000
672.964016815922
1000
0
0
-1000
1000
1000
1000
0
0
0
0
-32.8130340928411
0
0
0
0
0
0
0
0
0
0
0
1000
0
0
0
0
0
0
0
0
0
0
1000
0
0
0
0
0
1000
0
0
-1000
-1000
-1000
-1000
1000
-0.873788097011243
-1000
-1000
-1000
-1000
-1000
-1000
1000
-614.807718858269
-992.141273353154
-1000
-1000
75.2915055257142
885.705316449777
1000
1000
-1000
-1000
-1000
-1000
1000
1000
1000
1000
1000
-82.3403175000703
1000
-1000
-1000
-1000
-1000
-1000
-1000
55.7133787949738
-1000
-1000
1000
-1000
-1000
-1000
-986.62727217751
-326.617597140414
-1000
-1000
-1000
-1000
-581.161085979571
-776.92573769825
1000
-1000
-1000
-1000
-1000
-1000
-1000
-1000
-1000
-1000
-1000
-1000
-1000
-1000
-1000
-1000
-1000
-1000
-1000
-1000
1000
1000
-1000
-1000
-1000
-1000
-1000
-1000
-1000
1000
-1000
-1000
1000
-1000
1000
-1000
1000
1000
1000
-1000
-1000
1000
1000
1000
1000
-1000
-1000
-1000
-1000
-837.88198116002
-1000
1000
-24.1498010534535
-1000
-1000
1000
1000
1000
1000
1000
1000
1000
1000
1000
-1000
-1000
-81.3005706424796
-1000
-1000
0
1000
-918.69942935752
-1000
-918.69942935752
-1000
0
0
0
0
0
0
0
0
0
0
0
0
0
0
0
0
0
0
0
0
0
0
0
0
0
0
0
0
0
0
0
0
0
0
0
0
0
0
0
0
0
0
0
0
0
0
0
0
0
0
0
0
0
0
0
0
0
0
0
0
0
0
0
0
0
0
0
0
0
0
0
0
0
0
0
0
0
0
0
0
0
0
0
0
0
0
0
0
0
0
0
0
0
0
0
0
0
0
0
0
0
0
0
0
0
0
0
0
0
0
0
0
0
0
0
0
0
0
0
0
0
0
0
0
0
0
0
0
0
0
0
0
0
0
0
0
0
0
0
0
0
0
0
0
0
0
0
0
0
0
0
0
0
0
0
0
0
0
0
0
0
0
0
0
0
0
0
0
0
0
0
0
0
0
0
0
0
0
0
0
0
0
0
0
0
0
0
0
0
0
0
0
0
0
0
607.822780308435
0
0
0
0
0
0
0
0
0
0
0
0
0
0
0
0
0
0
0
0
0
0
0
0
0
0
0
0
0
0
0
0
0
0
0
0
0
0
0
0
0
0
0
0
0
0
0
0
0
0
0
0
0
0
0
0
0
0
0
0
0
0
0
0
0
0
0
0
0
0
0
0
0
0
0
0
0
0
0
0
0
0
0
0
0
0
0
0
0
0
0
0
0
0
0
0
0
0
0
0
0
0
0
0
0
0
0
0
0
0
0
0
0
0
0
0
0
0
0
0
0
0
0
0
0
0
0
0
0
1000
1000
997.754406469149
1000
1000
1000
997.805112707646
1.69864935234625
-1000
-1000
1000
-1000
786.87511793107
1000
1000
-1000
-1000
-1000
998.301350647654
-1000
1000
1000
-1000
-1000
-1000
-1000
1000
-1000
1000
0
-1000
-1000
-1000
-1000
-1000
1000
0
-1000
-1000
-1000
-1000
1000
-1000
-1000
-1000
1000
-1000
999.949293761503
1000
-1000
-1000
-1000
-1000
-999.949293761503
-1000
0
0
0
0
0
0
0
0
0
0
0
0
0
0
0
0
0
0
-994.891462119005
-1000
-0.476319384264229
0
0
0
0
1000
0
1000
0
0
0
0
0
0
0
0
0
-0.00362713088975397
0.00362713088979363
0
0
-0.00362713088975397
-0.00362713088975397
0
0
0
1000
0
0
0
0
0
0
0
0
0
0
0
0
0
0
0
0
0
0
0
0
0
0
0
0.00362713088979363
0
0
-1000
34.6133473682116
-202.975365483936
1000
-168.362018115725
0
0
0
0
-0.00362713088975397
0
0
0
0
0
0
0
0
0
0
0
0
0
0
0
0
-1000
0
0
-176.104008307255
176.104008307255
0.00362713088979363
0
0
0
0
891.166634440657
0
0
0
0
0
0
170.858471632035
1000
1000
0
0
0
0
0
0
0
0
0
0
0
0
0
0
0
0
0
0
0
0
0
0
0
0
0
0
0
0
0
0
0
0
0
0
0
0.00362713088979363
0
0
0
1000
0
1000
0
0
1.96122997356575
0
0
0
0
0.00542492620038699
1000
0
-1000
0
0
0
0
0
0
0
0
0
0
0
0
0.00362713088975397
1000
301.466445220341
998.038770026434
787.463189538298
0
0
840.058548415131
0
1000
0
0
0
0
0
9.10247333350082
0
0
1000
0
0
0
0
918.69942935752
0
0
-1000
0
0
-1000
0
-1000
1000
0
0
0
0
0
0
0
0
0
0
1000
-1000
1000
0
0
81.3005706424796
0
0
0
0
0
0
0
0
0
1000
0
998.046024288214
0
0
0
0
0
0
0
0
0
0
0.980614986782873
0
0.00362713088979363
-0.00362713088975397
0.00362713088979363
0.00362713088979363
0
0
0.00362713088975397
0
0
-9.09884620261096
0.980614986782825
0
0
-0.0108813926693756
-1000
-998.046024288214
-1000
-1000
-9.09884620261096
1000
0
0
1000
-1000
-1000
-1000
0
0
0
0
0
0
0
0
0
0
0
0
0
0
0
0
0
0
0
0
0
0
0
0
1000
0
0
0
0
0
0
0.00180830873346233
0
1000
0
0
0
0
0
0
0.00362713088979363
0
0
0
0
0
0
0
0
0
0
0
-210.838161109356
0
52.709540277339
0
0
0
0
0
0
0
0
0
0
0
1000
0
0
0
0
210.838161109356
0
0
0
0
0
0
0
0
0
0
0
0
0
0
0
0
0
0
0
0
0
0
0
0
0
0
0
2.33923658834522
0
0
0
0
0
0
0
0
0
326.8504113094
0
326.8504113094
0
0
0
0
0
0
0
0
0
0
0
0
0
0
0
0
0
0
0
0
0
0
0
0
0
0
0
0
0
0
0
0
0
0
0
0
0
0
326.772060901588
-326.772060901588
0
0
0.0783504078124224
-0.0783504078124224
0
0
0
0
0
0
0
0
0
0
0
0
0
0
0
0
0
0
0.222867042450653
0
0
0
0
0
0
0
0
0
0
0
0
0
0
0
0
0
0
0
0
0
0
0
0
0
0
0
0
0
0
0
0
0
0
0
0
0
0
0
0
-999.969237724685
0
0.0018083087334162
0
0.0289539665811844
0
0
-0.0307622753146006
0
1000
0
0
0
0
0.0162852920240084
0
0
0
0
0
0
0
0
0
0
0
0
0
0
0
0
0.00362713088979363
0.00362713088979363
0.00362713088979363
-1000
-1000
0
-940.710521397134
-1000
0
0
0
0
0
0
-1000
81.3005706424797
0
0
0
0
0
0
0
0
0
0
-1000
0
999.835100216774
-0.164899783226474
-1000
-1000
-1000
-1000
-1000
-1000
0
0
0
0
0
0
0
0
0
0
-1000
0
1000
0.397284727846816
0.00362713088979363
0.00362713088979363
0.00362713088979363
0.00362713088979363
0.00362713088979363
0
0
0
0
1000
9.02826313164707
0
0
0
0
0
0
0
0
0
0
0
0
0
0
-1000
0
0
0
0
0
0
1000
-1000
0
1000
0
0
-1000
0
0
0
0
0
0
0
0
0
52.709540277339
0
0
0
0
0
0
0
0
0
0
0
0
0
0
0
0
0
0
0
0
0
0
0
0
0
0
0
0
0
0
0
0
0
0
0
0
0
-1000
0
0
0
0
0
0
0
0
0
-1000
0
0
0
0
0
0
0
212.536810461702
285.075264493819
-1000
-1000
-1000
-1000
1000
0
0.0217207316472859
0
0
0
0
0
-1000
-1000
0
0
0
0
0
999.978237214661
14.6295190384992
0
0
0
0
0.583330258936057
0.583330258936057
-1000
-999.967429415952
0
0
0
0
0
0
0.368215113614122
0
1000
0
0
0
0
0
0
0
1000
0.00362713088979363
0
0
0
0
0
0
0
0
831.641609015165
168.362018115725
0
0
1000
0
0
0
1000
0
0
0
0
-843.039997007587
0
-1000
0
0
0
-1000
-1000
0
0
0
0
-150.817486067229
0
1000
150.652586284002
0
0
0
0
0
0
-707.27678474044
0
0
0
0
129.633272906946
-1000
0
0
-965.938806221542
0
0
0
0
0.00542886873396286
0
0
0
0
0
0
0
0
988.947178085603
0
998.046024288214
0
0
0
0
0
0
0
0
0
-839.914523283012
1000
0
-1000
1000
-1000
-1000
1000
0
0
0
0
0
0
0
0
-1000
0
0
1000
0.00180830873346233
0.00180830873346233
0
-1000
-505.023167976047
-505.023167976047
344.17808052812
0
0
0
0
0
0
0
0
0
0
0
0
0
0
0
0
0
0
0
0
0
0
0
0
0
-0.0144769832905922
0
0
0
0
0
0
0
0
0
0
0
0
0
0
0
0
0
0
0
0
0
0
0
0
0
0
0
0
0
0
0
0
0
0
0
0
0
0
0
0
0
0
0
0
0
0
-1000
0
-1000
0
0
0
0
0
0
-1000
0
0
0
0
0
0
0
0
0
0
0
-1000
0
0
0
0
0
0
0
0
0
0
0
0
0
1000
0
0
0
0
0
0
0
0
0
0
0
0
0
0
0
0
0
0
0
150.652586284002
0
0
0
0
0
0
0
0
0
0
0
0
0
0
0
0
0
0
0
0
0
0
0
0
150.652586284002
0
0
0
0
0
0
0
0
0
0
0
0
0
0
0
0
0
0
0
0
0
0
0
0
0
0
0
0
0
0
0
0
0
0
0
0
0
0
0
0
0
0
0
0
0
0
0
0
0
0
0
0
0
0
0
0
0
0
0
0
0
0
0
0
0
0
0
0
0
0
0
0
0
0
0
0
0
0
0
0
0
0
0
0
0
0
0
0
0
0
0
0
0
0
0
0
0
0
0
0
0
0
0
0
0
0
0
0
0
0
0
0
0
0
0
0
0
0
0
0
0
0
0
0
0
0
0
0
0
0
0
0
0
0
0
0
0
0
0
0
0
0
0
-1000
0
0
0
0
0
0
0
0
0
0
0
0
0
0
0
0
0
0
0
0
0
0
401.47229249599
0
0
0
0
-98.5305315262085
0
1000
-880.914993595539
-118.919801105853
0
-1000
0
0
-1000
0
0
0
0
108.807975643114
0.0217627853387618
0
0
0
0
0
0
0
0
0
0
0
0
0
0
0
0
0
0
0
0
0
0
0
0
0
0
0
0
0
0
0
0
0
0
0
0
0
0
0
0
0
0
0
0
0
0
0
0
0
0
0
0
0
0
0
0
0
0
0
0
0
0
0
0
0
0
0
0
0
0
0
0
0
0
0
0
0
0
0
0
0
0
0
0
0
0
0
0
0
0
0
0
0
0
0
0
0
0
0
0
0
0
0
0
0
0
0
0
0
0
0
0
0
0
0
-989.236410233866
0
0
0
0
0
0
0
0
0
0
0
0
0
0
0
0
0
0
0
0
0
0
0
0
13.2425190802578
0
0
0
0
0
0
0
0
0
0
0
0
0
0
0
0
0
0
0
0
0
0
0
0
0
0
0
0
0
0
-982.413106799456
0
0
0
0
0
0
0
0
0
0
0
0
0
0
0
0
0
0
0
0
0
0
0
0
0
0
0
0
0
0
0
0
0
0
0
0
0
0
0
0
0
0
0
0
0
0
0
0
0
0
0
0
0
0
0
0
0
0
0
0
0
0
0
0
0
0
0
0
0
0
0
0
0
0
0
0
0
0
0
0
0
0
0
0
0
0
0
0
0
0
0
0
0
0
0
0
0
0
0
0
0
0
0
0
0
-989.236410233866
13.2425190802578
-982.413106799456
0
0
0
0
0
0
0
0
0
0
0
0
0
0
0
344.17808052812
0
0
0
0
0
0
0
0
0
0
0
-1000
0
0
0
0
0.00362713088975397
1.13525692376254
-1000
0
0
0
0
0
0
0
0
0
0
0
0
0
0
0
0
0
0
0
0
0
0
0
0
0
0
0
0
0
0
0
0
0
0
0
0
0
0
0
0
0
0
0
0
0
0
0
0
0
0
0
0
0
0
0
0
0
0
0
0
0
0
0
0
0
0
0
0
0
0
0
0
0
0
0
0
0
0
0
0
0
0
0
0
0
0
0
0
0
0
0
0
0
0
0
0
0
0
0
0
0
0
0
0
0
0
0
0
0
0
0
0
0
0
0
0
0
0
0
0
0
0
0
0
0
0
0
0
0
0
0
0
0
0
0
0
0
0
0
0
0
0
0
0
0
0
0
0
0
0
0
0
0
0
1000
0
0
786.378879991062
1000
0
0
0
0
0
0
0
1000
0.00362713088975397
0
0
-1000
0
1000
0
0
0
0
0
0
0
0
0
0
0
0
0
0
0
0
0
0
1000
-1000
0
0
1000
0
0
0
0
408.801304182728
0
0
0
0
0
0
0
0
0
1000
0
0
0
0
0
0
0
0
0
0
0
0
0
0
0
0
0
0
0
0
0
0
0
0
0
0
0
0
0
0
0
0
0
0
0
0
0
0
0
0
0
0
0
0
0
0
0
0
0
0
0
0
0
0
0
0
0
0
0
0
0
0
0
0
0
0
0
0
0
0
0
0
0
0
0
0
0
0
0
0
0
0
0
0
0
0
0
0
0
0
0
0
0
0
0
0
0
0
0
0
0
0
0
0
0
0
0
0
0
0
0
0
0
0
0
0
0
0
0
0
918.69400443132
500
87.611857241392
-412.249458066075
0
0
0
-0.980614986782825
0
0
467.62828802593
19.3797428217959
42.360332976213
0.10513422868967
87.611857241392
0
0
0
0
0
0
0
0
0
0
0
0
0
0
0
0
0
0
0
997.564822157453
-1000
0
-1000
918.695802226631
0
1000
-202.92406619476
0
0
0
-1000
-52.709540277339
105.419080554678
0
0
0
0
0
-0.00452602854511497
0
-0.222867042450616
0
0
0.00362713088979363
0
0
0
0
0
0
0
0
0
0
0
0
0
0
0
0
203.362126561341
0
0
0
0
1000
-78.9457712196534
-3.46289544775505
0
-1000
-7.85872664684564
-43.0330124355196
-33.7453188746954
-992.951188025644
-999.126211902989
-26.6616943288643
-4.62511755563025
-31.5635777415202
-1000
-1000
0
0
0
0
-1000
-39.0031780245088
-1000
-26.6269387050967
-13.37272782249
-999.581613956336
-1000
-1000
975.850198946546
535.754976681583
0
1000
-1000
-1000
0
1000
0
0
1000
-1000
0
0
0
0
0
0
1000
-81.3005706424796
0
0
0
0
0
0
0
0
0
0
0
-0.00362713088975397
-0.00362713088975397
0
0
0
0
0
0
0
0
0
0
0
0
0
0
0
0
0
1000
0
-1.69864935234625
0
0
1000
1000
0
-0.00362713088975397
-0.00362713088975397
-0.99970385823849
797.024634516064
0
0
-0.00362713088975397
0
-0.00362713088975397
0
0
0
-0.00362713088975397
0
0
0
-0.00362713088975397
0
0
0
0
0
1000
0
0
0
0
0
786.378879991062
0
0
0
0
0
34.6133473682116
0
1000
0
-1000
0
0
-1000
78.9450619038889
0
1000
0
-1000
0
995.056667417613
0
0
-0.00362713088975397
-1000
0
0
0
0
0
0
0
0
0
0
0
0
0
891.166634440657
-0.980614986782825
-0.476319384264229
-1000
-994.891462119005
0
0
0
0
0
0
0
2.24559353085124
0
0
0
0
0
0
-9.10247333350082
0
0
0
0
1000
1000
1000
0
0
349.251405262325
-78.945061903889
0
0
0
176.104008307255
0
-32.8130340928411
0
-1000
1000
-565.03125918009
-1000
0
0
0
0
0
-0.0507062384969004
0
-591.167933541957
0
0
168.358390984835
-994.891462119005
994.969812526818
0
0
0
0
0
0
1000
-1000
-664.129092895801
-343.684410262573
0
0
-176.104008307255
0
0
0
0
0
0
0
1000
0
-0.591626224583024
-0.164899783226474
-44.6466163085558
0
-2.43227180258987
-11.4460579509463
-1.56654794065105
-8.86336334842065
-4.74086876775982
-0.164899783226474
0
0
279.793531490228
0
-0.164899783226474
-1000
-0.164899783226474
-0.164899783226474
-0.164899783226474
-1.19552342839165
0
-0.164899783226474
-61.749539949564
-63.6925412712086
0
-14.6295190384992
0
-0.368215113614156
-0.164899783226474
-1.03605251389911
0
-0.164899783226474
-0.164899783226474
-0.164899783226474
-0.164899783226474
-4.7820937135665
0
-10.3062364516519
-0.222867042450616
0
0
-1000
1000
0
0
-1000
1000
-0.00362713088975397
0
707.27678474044
-707.27678474044
0
0
0
-995.056667417613
0
0
0
0
0
0
0
0
0
0
0
0
0
0
0
0
0
0
-1000
1000
1000
-1000
-1000
408.801304182728
-1000
1000
0
-0.164899783226474
-0.164899783226474
0
0
0
0
1000
-119.085006404461
118.919801105853
108.807975643114
0.0217627853387512
0
0
0
0
0
-1000
0
0
-1000
0
0
0
0
0
0
0
0
0
0
0
0
0
0
0
0
0
0
0
0
0
0
0
0
0
0
0
0
0
0
0
0
0
0
0
0
0
0
0
0
0
0
0
0
0
0
0
0
0
0
0
0
0
0
0
0
0
0
0
0
0
0
0
0
0
0
0
0
0
0
-0.164899783226474
0
0
0
0
0
0
0
0
0
0
0
0
0
0
0
0
0
0
0
0
0
0
0
0
0
0
0
0
0
0
0
0
0
0
0
0
0
0
0
0
0
0
0
0
0
0
0
0
0
0
0
0
0
0
0
0
0
0
0
0
0
0
0
0
0
0
0
0
0
0
0
0
0
0
0
0
0
0
0
0
0
0
0
0
0
989.236410233866
0
0
0
0
0
0
0
0
0
0
0
0
0
0
0
0
0
0
0
0
0
0
0
0
-13.2425190802578
0
0
0
0
0
0
0
0
0
0
0
0
0
0
0
0
0
0
0
0
0
0
0
0
0
0
0
0
0
0
982.413106799456
0
0
0
0
0
0
0
0
0
0
0
0
0
0
0
0
0
0
0
0
0
0
0
0
0
0
0
0
0
0
0
0
0
0
0
0
0
0
0
0
0
0
0
0
0
0
0
0
0
0
0
0
0
0
0
0
0
0
0
0
0
0
0
0
0
0
0
0
0
0
0
0
0
0
0
0
0
0
0
0
0
0
0
0
0
0
0
0
0
0
0
0
0
0
0
0
0
0
0
0
0
0
0
0
0
0
0
1000
0
0
0
0
0
0
0
-786.378879991062
-4.94333258238737
1000
0
0
0
-1.13525692376254
0
0
0
0
0
0
0
0
0
0
0
0
0
0
0
0
0
0
0
0
0
0
0
1000
0
-1000
0
-1000
-0.00362713088975397
0
0
0
0
0
0
0
0
1000
0
0
0
-1000
0
-1000
0
1000
0
0
0
0
0
0
0
0
0
0
0
0
0
0
0
0
0
0
0
0
0
0
0
0
0
0
0
0
0
0
0
0
0
0
0
0
0
0
0
0
0
0
0
0
0
0
0
-0.164899783226474
-0.164899783226474
-0.164899783226474
-0.164899783226474
0
-0.164899783226474
-0.329799566452834
0
-0.164899783226474
-0.164899783226474
-0.164899783226474
-0.164899783226474
0
-0.164899783226474
-0.164899783226474
-0.164899783226474
-0.164899783226474
-0.164899783226474
-0.164899783226474
-0.164899783226474
0
-0.164899783226474
-0.164899783226474
-0.164899783226474
0
-829.10713896176
87.611857241392
0
0
0
0
0
0
0
0
0
0
0
