0
0
0
0
0
0
0
822.701391836961
-824.383517570324
0
1000
0
0
199.29613071591
669.512821144988
0
999.74411553682
-999.74411553682
999.941272418287
0
0.0587275817134243
0
-1000
0.369144799341484
0
1000
-201.75634007943
0
-35.6432416525016
0.0591353518922588
0
0
0
0
0
0
0.0323422483544546
0
0
0
35.2417546048057
0
0
0
0
0
0
0
0
0
0
0
0
0
0
0
0
0
0
0
0
0
0
0
0
0
0
0
0
35.6432416525017
0
0
0
0
2.53614311158765
2.53614311158765
0
0
0
0
35.6432416525016
0
-1000
0
0
0
0
0
0
0
0
0
0
0
0
0
1000
0
-1000
0
1000
-1000
0
0
0
0
0
0
0
0
0
0
0
0
0
0
0
0
0
269.52586429501
0
269.52586429501
0
0
0
0
0
0
0
0
0
0
0
0
0
0
0
-1000
0
0
0
0
0
0
-1000
0
0
0
0
-14.7026101534409
0
0
0
0
-999.287890114394
0
0
0
1000
0
0
-159.895643447456
241.567920419878
1000
401.455174212804
0
0
0
-1000
401.455174212804
600.751304928714
1000
-800.70386928409
0
0
1000
0
0
0
0
0
1000
739.430201181659
0
1000
0
0
0
-3.95088960070836
0
0
0
0
0
0
0
272.525161986222
-1000
0
0
0
1000
0
0
0
0
0.00359184795820511
0.00359184795824459
0
0
0
0
-3.95867627593191
0
-999.995805172735
999.996408152042
0
0
0
0
0
0
0
0
0
0
-0.00359184795820511
0
0
0
886.928843357355
0
0
0.463296330845992
0
0
0
0.694944496269063
0
155.203784278742
86.3677279890944
86.3677279890945
0
-1000
86.3677279890945
0
0
0
0
0
0
0
0
0
0
0
-1000
0
-1000
0
-1000
-2.53614311158765
1000
-1000
8.08739531922606
1000
1000
-0.971076050222337
1000
0
0
-0.694944496269045
119.922722880877
1000
-1000
888.08708418447
0
0
1000
0
0.180377572405518
0
-0.180377572405519
0
0.00179071840237122
0
0
0
0
0
130.397735554074
0
0
330.231294391832
0
0
0
0
0
0
0
0
-1000
0
1000
0.471685985376531
0
0
1000
0
-0.180377572405519
0
-0.694944496269045
0
0
0.694944496269045
0
0
0
0
0
0
0
0
-1000
0
0
0
-1000
0.694944496269045
0
-1000
-0.971076050222337
0
0
0.00359184795824459
0
2.17258910167688
0
0
0
0
0
0
0
0
0
0
1000
0
0
0
2.31648165423021
0
9.75178044702156
0
0
0
0
0
0
0
0
-487.119647519518
-1000
1000
-1000
-1000
1000
-1000
-0.465087049248382
-1000
-1000
1000
-999.536703669154
1000
1000
1000
0
0
0
0
0
0
-1000
0
1000
-1000
-119.922722880877
-1000
1000
0
0
1000
0
0
0
0
0
0
0
0.971076050222305
-1000
1000
-991.449308349928
-1000
1000
-1000
-1000
-1000
-496.762320813029
1000
-1000
1000
1000
-512.251667167889
0
1000
0
1000
-1000
1000
1000
-5.46167724569409
-1000
1000
1000
0
0
0
0
0
113.770295966179
0
0
-1000
0
0
0
-919.653879276356
1000
0
0
0
-29.5561195657421
0
0
0
0
0
80.346120723644
0
0
0
0
0
0
0
0
0
0
0.0035918479582446
0
1000
0
-1000
0
0
1000
0
0
0
0
0
0
0
0
0
0
0
0
0
0
0
0
0
0
0
0
0
1000
0
0
0
0
0
-1000
1000
0
0
0
0
0
0
0
0
0
0
0
1000
1000
999.996408152042
0.104870681631155
0.104870681631155
0
-854.22379041785
0
0
0
0
0
0
0
0
0
0
0
0
500.002978457498
0
0
0
0
-522.12144923078
0
0
0
0
0
0
0
0
0
0
0
0
0
0
0
0
0
0
0
0
0
0
0
0
0
0
0
0
0
0
0
0
0.163598263344536
0
0
0
1000
0
0
0
0
0
0
-1000
0
0
0
0
0
0
0
0
0
0
0
0
0
0
0
0
0
0
0
0
0
0
0
0
0
999.836401736655
0
0
0.163598263344511
0
0
0
0
0
0
0
0
0
1000
0
0
0
0
0
0
0
0
0
0
0
0
0
0
0
0
0
0
0
0
0
0
0
0
0
0
0
0
0
0
0
0
0
0
0
0
0
0
0
0
0
0
0
0
0
0
0
0
0
0
0
0
0
0
0
0
0
0
0
0
0
0
0
0
0
0
0
0
0
0
0
0
0
0
0
-1000
0
0.00419482726524459
0
0
0
0
0.759263735009271
0.759263735009271
0
1000
0
0
0
0
0
0
0
0
0
0
0
0
0
0
0
0
0
0
1000
0
0
0
0
0
-1000
0
0
0
-999.996408152042
0
0
1000
0
0
0
0
2.18131017792719
0
0
2.18131017792719
0
0
0
0
0
0
0
0
0
2.18131017792719
0
2.18131017792719
0
0
0
13.0125320339944
37.0926624883612
23.7096669089151
17.365478693053
25.7472164088999
8.47435360220987
19.8197996816712
36.2591195110947
33.3880270338433
10.5582110453762
20.4681108862118
42.1865362383235
33.2954111474803
10.2803633862874
17.0413230907827
23.6170510225521
30.6095504429548
24.774749602089
4.53817843178452
30.8873981020436
0
0
0
0
0
0
0
0
0
0
0
0
0
0
0
0
0
0
0
0
0
0
0
0
0
0
0
0
0
0
0
0
0
0
0
0
0
0
0
0
0
0
0
0
0
0
0
0
0
0
0
0
0
0
0
0
0
0
0
0
0
0
0
0
0
0
0
0
0
0
0
0
0
0
0
0
0
0
0
0
0
0
0
0
0
0
0
0
0
0
0
0
0
0
-1000
0
467.509133296898
0
0
500.002978457498
1000
1000
-1000
-1000
0
0
0
0
14.082120790315
477.874958921262
0
-29.5561195657421
-492.108093493126
-492.108093493126
-1000
0
-477.87855076922
522.12144923078
-121.131176026344
643.135170093697
1000
-1000
-491.965469366108
0
-14.082120790315
522.125041078738
0
-1000
491.965469366108
-1000
0
0
0
522.12144923078
522.121449230779
477.878550769221
0
0
0
0
0
0
0
0
0
0
0
-1000
261.544466716522
1000
1000
0
500
0
2.5125662622771
5
0
0
0
0
0
0
205.67534795924
0
238.940344246379
0
0
-0.00145412442145698
0
0
0
0
-0.00145412442145698
0
812.6033834759
0
-0.00145412442145698
0.00145412442145698
-0.00145412442145698
0
0
0
0
-1000
0
0
-0.00145412442145698
-0.00145412442145698
0.00145412442145698
-0.00145412442145698
0.00145412442145698
-0.00145412442145698
-0.00145412442145698
-0.00145412442145698
-0.00145412442145698
-0.00145412442145698
-0.00145412442145698
-0.00145412442145698
-0.00145412442145698
-0.00145412442145698
-0.00145412442145698
-0.00145412442145698
-0.0305366128513924
-0.0216324162101955
-0.0839756853412155
0
-0.0214483352169736
0.00145412442145698
0.00145412442145698
-0.0580531721763009
0.00145412442145698
0.00145412442145698
0.00145412442145698
0.00145412442145698
-0.696162066789611
-0.0105424020558758
-0.0781591876552739
-0.39370418711917
-0.0480979105926735
0.00145412442145698
0.00145412442145698
0.0138141820041255
0.00145412442145698
0.00145412442145698
-0.00145412442145698
0
0
0
0
0
0
0
0
0
0
0
0
0
0
0
0
0
0
0
0
0
0
0
0
0
0
0
0
0
0
0
0
0
0
0
0
0.0125441385758904
0
0
0
0
0
0
0
0
0
0
0
0
0
0
0
0
0
0
0
0
0
0
0
0
0
0
0
0
0
0
0
0
0
0
0
0
0
0
0
0
0
0
0
0
0
0
1.19038028910388
0
0
0
0
0
0
0
0
0
0
0
0
0
0
0
0
0
0
0
0
0
0
0
0
0
0
0
0
0
0
0
0
0
0
0
0
0
0
0
0
0
0
0
0
0
0
0
0
0
0
0
0
0
0
0
0
0
0
0
0
0
0
1.19038028910388
1.19038028910388
1.19038028910388
1.18747204026089
0
0
0
0
0
0
0
0
0
0
0
0
0
0
0
0
0
0
0
0
0
0
0
0
0
0
0
0
0.00145412442149264
238.943252495222
0.00145412442149264
0
0
0.00145412442149264
0.0908827763432901
0
0
0.00145412442149264
0
0
0
0
0
0
0
0
0
0
0
0
0
0
0
0
0
0
0
0
0
0
0
0
0
0
0
0
0
0
0
0
0
0
0
0
0
0
0
0
0
0
0
0
0
0
0
0
0
0
0
0
0
0
0
0
0
0
0
0
0
0
0
0
0
0
0
0
0
0
0
0
0
0
0
0
0
0
0
0
0
0
0
0
0
0
0
0
0
0
0
0
0
0
0
0
0
0
0
0
0
0
0
0
0
0
0
0
0
0
0
0
0
0
0
0
0
0
0
0
0
0
0
0
0
0
0
0
0
0
0
0
0
0
0
0
0
0
0
0
0
0
0
0
0
0
0
0
0
0
0
0
0
0
0
0
0
0
0
0
0
0
0
0
0
0
0
0
0
0
0
0
0
0
0
0
0
0
0
0
0
0
0
0
0
0
0
0
0
0
0
0
0
0
0
0
0
0
0
0
0
0
0
1000
0
0
0
0
0
0
0
0
0
0
0
0
0
0
0
0
0
0
0
0
0
0
0
0
0
0
0
269.784282226028
0
0
0
0
0
0
0
0
0
0
0
0
0
0
0
0
0
0
0
0
0
0
0
0
0
0
0
0
0
0
0
0
0
-0.011650080768959
0
0
0.011650080768959
0
0.0116500807689151
0
0.0116500807689151
0
0
0
0
0
0
0
0
0
0
0
0
0
0
0
0
0
0
0
0
0
0
0
0
0
0
0
0
0
0
0
0
0
0
0
0
0
0
0
0
0
0
0
1000
1000
0
0
0
0
0
0
0
0
0
0
0
0
0
0
0
0
0
0
0
0
0
-1000
0
-1000
0
0
0
0
0
0
0
1000
1000
0
0
0
0
0
0
0
0
0
0
0
0
0
0
0
0
0
0
0
0
0
0
0
0
0
0
0
0
0
0
0
0
0
0
0
0
0
0
0
0
0
0
0
0
0
0
0
0
0
0
0
0
0
0
0
0
0
0
0
0
0
0
0
0
0
0
0
0
0
0
0
0
0
0
0
0
0
0
0
0
0
0
0
-257.332616762243
-158.187437377356
0
0
0.00145412442145698
0
1000
0
238.9417983708
0
0
761.005489618921
-0.00145412442145698
260.526696642842
0
0
0
0.0125441385758904
0
0
-1000
999.998545875579
0
0
0
0
0
0
0
0
0
0
0
0
0
-1000
0.0125441385758904
0
0
0
-0.0430084751174036
0
0
0
0
0
0
0
0.0430084751174036
0
0
0
0
0
205.67534795924
1000
-257.332616762243
0
0
0
-224.786518744923
1000
-0.021551087749458
0
0
0.00145412442145698
-0.00145412442145698
0
0
238.994510381079
-238.994510381079
-1000
0
-238.9417983708
-238.9417983708
0
0
-1000
0
-238.994510381079
-761.005489618921
-1000
0
-739.473303357158
-260.526696642842
-1000
0
0
0
0
0
-1000
0
1000
0
0
0
-1000
1000
-1000
0
0
0
-1000
0
0
0
-1000
0
0
0
0
0
0
0
0
0
0
0
0
0
0
0
0
0
0
0
-1000
1000
-1000
0
-1000
0
-1000
0
-1000
0
0
0
0
0
0
0
0
0
-1000
0
1000
0
1000
0
-1000
0
-1000
0
-1000
0
0
0
0
0
0
0
0
0
-382.973956122279
-617.026043877721
205.67534795924
-205.67534795924
0
0
0
0
0
0
0
0
0
0
0
0
0
0
0
0
0
0
0
0
0
0
0
0
0
0
0
0
0
0
0
0
0.0125441385758904
-0.0125441385758904
0
0
0
0
0
0
0
0
0
0
0
0
0
0
0
0
0
0
0
0
0
0
0
0
0
0
0
0
0
0
0
0
0
0
0
0
0.0125441385758904
-0.0125441385758904
0
0
0
0
0
0
0.0430084751174036
0.0430084751174036
0
0
0
0
0
0
0
0
0
0
0
0
0
0
0
0
-0.0430084751174036
-0.0430084751174036
0
0
0
0
0
0
0
0
0
0
0
0
0
0
0
0
0
0
0
0
0
0
0
0
0
0
0
0
0
0
0
0
0
0
0
0
0
0
0
0
0
0
0
0
1.17642217151437
0.0035918479582446
0
0
0
0
0
0
0
0
0.148018839724684
0
0
0
0
0
0
0
0
0
0
0
0
0
0
0
0
0
0
0
0
0
0
0
0
0
0
0
0
0
0
0
0
0
0
0
0
0
0
0
0
0
0
0
0
0
0
0
0
0
0
0
0
0
0
0
0
0
238.994510381079
238.994510381079
238.994510381079
0
0
0
0
238.940344246379
238.940344246379
0
0
0
0
0
0
0
0
0
0
0
0
0
0
0
0
0
0
0
0
0
0
0
0
0
0
0
0
0
0
0
0
0
0
0
0
0
0
0
0
0
0
0
0
0
0
0
0
0
0
0
0
0
0
0
0
0
0
0
0
0
0
0
0
0
0
0
0
0
0
0
0
0
0
0
0
0
0
0
0
0
0
0
0
238.9417983708
238.9417983708
238.9417983708
238.9417983708
-238.9417983708
0
0
0
0
0
0
0
0
0
0
0
0
0
0
0
0
0
0
0
0
0
0
0
0
0
0
0
0
0
0
0
0
0
0
0
0
0
0
0
0
0
0
0
0
0
0
0
0
0
0
0
0
0
0
0
0
0
0
0
0
0
0
0
0
0
0
0
0
0
0
0
0
0
0
0
0
0.0035918479582446
0.0035918479582446
0.0035918479582446
0.0035918479582446
0.0035918479582446
0
0
0
0
0
0
0
0
0
0
0
0
0
0
0
0
0
0
0
0
0
0
0
0
0
0
0
0
0
0
0
0
0
0
0
0
0
0
0
0
0
0
0
0
0
0
14.7026101534409
14.7026101534409
-14.7026101534409
4.89248907257772
-2.44444861230977
2.44444861230974
2.44444861230974
2.44444861230974
0
0
0
0
0
0
0
0
0
0
0
0
0
0
0
0
0
0
0
0
2.44444861230974
0
2.43728573870025
2.44444861230974
2.44444861230974
2.44444861230974
2.44444861230974
2.44444861230974
2.44444861230974
2.44444861230974
2.44444861230974
2.44444861230974
2.44444861230974
2.44444861230974
2.44444861230974
2.44444861230974
2.44444861230974
2.44444861230974
2.44444861230974
14.7026101534409
14.7026101534409
4.89248907257772
4.89248907257772
0
0
0
0
0
0
0
0
0
0
0
0
0
0
0
0
0
0
0
0
0
0
0
0
0
0
0
0
0
0
0
0
0
0
0
0
0
0
0
0
0
0
0
0
0
0
0
0
0
0
0
0
0
0
0
0
0
0
0
0
0
0
0
0
0
0
0
0
0
0
0
0
0
0
0
0
0
0
0
0
0
0
0
0
0
0
0
0
0
0
0
0
0
0
0
0
0
0
0
0
0
0
0
0
0
0
0
0
0
0
0
0
0
0
0
0
0
0
0
0
0
0
0
0
0
0
0
0
0
0
0
0
0
0
0
0
0
0
0
0
0
0
0
0
0
0
0
0
0
0
0
0
0
0
0
0
0
0
0
0
0
0
0
0
0
0
0
0
0
0
0
0
0
0
0
0
0
0
0
0
0
0
0
0
0
0
0
0
0
0
0
0
1.17642217151437
1.17642217151437
1.17642217151437
0
0.0251012910937035
0.0251012910937035
0
-1.20152346260807
0
0.0251012910937035
0
0
0
0
0
0
0.0251012910937035
0
0.0251012910937035
0.0251012910937035
0
0
0
0
0
0
0
0
0
0
0
0
0
0
0
0
0
0
0
0
0
0
0
0
0
0
0
0
0
0
1.20152346260808
0
0
0
0
0
0
0
0
0
0
0
0
0
0
0
0
0
0
0
0
0
0
0
0
0
0
0
0
0
0
0
0
0
0
0
0
0
0
0
0
0
0
0
0
0
0
0
0
0
0
0
0
0
0
0
0
0
0
0
0
0
0
0
0
0
0
0
0
0
0
0
0
0
0
0
0
0
0
1.17642217151437
0.0035918479582446
0
0
0
0
0
0
0
1.54873196152055
0
0
0
0.971076050222305
0.971076050222305
0.971076050222305
0
0
0
0
0
0
1.3280328591973
0
0
0
0.0035918479582446
0
0
0
0
-1.32803285919726
1.3280328591973
0
0
0
0
0.364633299490589
0
0
0
0
0
0.24220854545871
0
0.220699102323251
0
0
0
0
0
0
0
0
0
0
10.8276898722416
10.8276898722416
10.8276898722416
0
0
0
0
-0.148018839724728
0
0
0
0
0
0
0
0
0
0
0
0
0
0
0
0
0
0
0
0
0
0
0
0
0
0
0
0
0
0
0
0
0
0
0
0
0
0
0
0
0
0
0
0
0
0
0
0
0
0
0
0
0
0
0
0
0
0
0
0
0
0
0
0
0
0
0
0
0
0
0
0
0
0
0
0
0
0
0
0
0
0
0
0
0
0
0
0
0
0
0
0
0
0
0
0
0
0
0
0
0
0
0
0
0
0
0
0
0
0
0
0
0
1000
0
0
1000
1000
0
0
0
0
0
0
0
0
0
0
0
0
0
0
0
0
0
0
0
0
0
0
0
0
0
0
0
0
0
0
0
0
0
0
0
0
0
0
0
0
0
0
0
0
0
0
0
0
0
0
0
0
0
0
0
0
0
0
0
0
0
0
0
0
0
0
0
0
0
0
0
0
0
0
0
0
0
0
0
0
0
0
0
0
0
0
0
0
0
0
0
0
0
0
0
0
0
0
0
0
0
0
0
0
0
0
0
0
0
0
0
0
0
0
0
0
0
0
0
0
0
0
0
0
0
0
0
0
0
0
0
0
0
0
0
0
0
0
0
0
0
0
0
0
0
0
0
0
0
0
0
0
0
0
0
0
0
0
0
0
0
0
0
0
0
0
0
0
0
0
0
0
0
0
0
0
0
0
0
0
0
0
0
0
0
0
0
0
0
0
0
0
0
0
0
0
0
0
0
0
0
0
0
0
0
0
0
0
0
0
0
0
0
0
0
0
0
0
0
0
0
0
0
0
0
0
0
0
0
0
0
0
0
0
0
0
0
0
0
0
0
0
0
0
0
0
0
0
0
0
0
0
0
0
0
0
0
0
0
0
0
0
0
0
0
0
0
0
0
0
0
0
0
0
0
0
0
1000
0
1000
0
0
1000
0
0
0
1000
0
0
0
0
0
0
0
0
0
0
0
0
0
0
0
0
0
0
0
0
0
0
0
0
0
0
0
0
0
0
507.458751009824
0
0
0
0
0
0
0
0
0
0
0
0
0
0
0
0
0
0
0
0
0
0
0
0
0
0
0
0
0
0
0
0
0
0
0
0
0
0
-1000
0
0
0
1000
0
0
0
0
0
0
0
0
0
0
0
0
0
0
0
0
0
0
0
0
0
0
0
0
0
0
0
0
0
0
552.156300145134
0.163598263344511
0.163598263344536
0
0
0
0.163598263344511
0.163598263344536
0
-182.038751305809
0
0
0
0.0251689635914641
0
0
0
0
0
0
182.038751305809
0
0
0
0
0
0
0.989979234597614
0
0
0
0
0
0
0.989979234597614
0.989979234597614
0.989979234597614
0.989979234597627
0
0
0
0
0
0
0
0
0
0
0
0
0
0
0
0
0
0
0
0
0
0
0
0
0
0
0
0
0
0
0
0
0
0
0
0
0
1.3280328591973
1.3280328591973
0
0
0
0
0
0
0
0
0
0
0
0
0
0
0
0
0
0
0
0
0
0
0
0
0
0
0
0
0
0
0
0
0
0
0
0
0
0
0
0
0
0
0
0
0
0
0
0
1000
930.357349885603
-1000
0
0
0
-1000
-367.687035635154
1000
145.081265085881
0
0
0
-1000
929.662405389334
0
0
0
0
0
0
0
0
0
0
0
0
0
0
0
0
0
0
0
0
0
0
0
0
0
0
0
0
0
0
0
0
0
0
0
0
0
0
0
0
367.687035635154
0
0
0
0
0
0
0
0
0
0
0
0
0
0
0
0
0
-999.996408152042
-1000
1000
-1000
1000
999.996408152042
-1000
0
0
0
0
0
0
0.00359184795820511
0
0
0
0
0
0
0
0
0
0
0
0
0
0
0
0
0
0
0
0
0
0
0.0143361583724719
0.0035918479582446
0.0215094431354589
1000
0.00179071840237122
0.00179071840237122
0.00359184795820511
0
0.0125454399701007
0.00179071840237122
0.0268920094961046
-0.00179071840238976
0.00179071840237122
0.00179071840237122
0.00179071840237122
0.00179071840237122
0.00179071840237122
-0.00179071840238976
-0.00358143680477951
0.00179071840237122
0.00179071840237122
0.00179071840238976
0.00179071840237122
-0.00538256636059486
-0.00538256636059486
0.00359184795820511
0.00359184795820511
0.00179071840237122
0.00179071840237122
0.0035918479582446
0.0035918479582446
-0.00359184795820511
-0.00359184795820511
0.00359184795820511
0.00359184795820511
0.00179071840237122
0.00179071840237122
0.00179071840237122
0.00179071840237122
0.0448408381338368
-0.00538256636059486
-999.974898708906
0
0
0
0
0
0
-1000
0
0
0
0.0035918479582446
0
0
0
0
0.0017959239791223
0.00359184795820511
0.00359184795820511
0
0
0.0035918479582446
0.0035918479582446
0
0
0
0
0.00716287360948487
0.00179071840237122
0.00537215520711366
0.00179071840237122
-0.00179071840238976
0.00179071840237122
0.00179071840237122
0.00179071840237122
0.00179071840237122
0.00179071840237122
0.00179071840237122
0.00358143680474244
0.00179071840237122
0.00179071840237122
0.00179071840237122
0.00179071840237122
0.00179071840237122
0
0.00179071840237122
0.0035918479582446
0
0.0035918479582446
0
0.0035918479582446
0.0035918479582446
0.0035918479582446
0.0035918479582446
0.0035918479582446
0.0035918479582446
0
0.0035918479582446
0
0.0035918479582446
0.0035918479582446
0.0035918479582446
0.0035918479582446
0.0035918479582446
0
0
0
0
0
0
0
0
0
0
0
0
0
0
0
0
-0.00359184795820511
0.0035918479582446
0.0035918479582446
0
0
0
0
0
0
0
0
0
0
0
0
0
0
0
0
0
0
0
0
0
0
0
0
0
0
0
0
0
0
0
0
0
0
0
0
0
0
0
0
0
0
0
0
0
0
0
0
0
0
0
0
0
0
0
0
0
0
0
0
0
0
0
0
0
1000
411.350695918481
500.002978457498
0
0
0
0
0.0035918479582446
0
0
0
0
0
0
0
0
0
0
0
1000
0
0
0
0
0
0
0
0
0
0
0
-1000
0
0
0
-205.67534795924
0
-238.940344246379
0
0
0
0.00145412442149264
0
0
0
0
0.00145412442149264
0
0
0
0.00145412442149264
0.00145412442149264
0.00145412442149264
0
0
0
0
0
0
0
0.00145412442149264
0.00145412442149264
0.00145412442149264
0.00145412442149264
0.00145412442149264
0.00145412442149264
0.00145412442149264
0.00145412442149264
0.00145412442149264
0.00145412442149264
0.00145412442149264
0.00145412442149264
0.00145412442149264
0.00145412442149264
0.00145412442149264
0.00145412442149264
0.0305366128513455
0.0216324162102419
0.0839756853412001
0
0.0214483352170165
0.00145412442149264
0.00145412442149264
0.0580531721763229
0.00145412442149264
0.00145412442149264
0.00145412442149264
0.00145412442149264
0.696162066789602
0.0105424020558217
0.0781591876552295
0.393704187119133
0.04809791059264
0.00145412442149264
0.00145412442149264
0.0138141820041801
0.00145412442149264
0.00145412442149264
0.00145412442149264
0
-1000
0
0
0
1000
0
0
0
0
-1000
-1000
-1000
0
0
-1000
272.525161986222
0
0
0
-1000
-1000
0
0
1000
0
0
0
0
0
-5.48731991677016
-442.792834551523
0
0
0
0
1000
151.24510800281
-0.00359184795820511
0
0
-3.1436651518992
0
1000
0
0
0
0.0591353518922233
1000
-1000
-1000
-155.203784278742
0
0
1000
376.485578742054
1000
-1000
0
0
1000
1000
-1000
1000
0
957.385591380621
0
0
-1000
1000
1000
1000
0
0
0
0
-500.002978457498
-459.455567737138
0
0
0
0
0
0
0
0
0
0
0
0
0
0
0
0
0
0
948.993322977499
0
0
0
1000
0
0
0
0
0
0
0
0
0
-1000
-1000
-1000
-889.27296904873
1000
-1000
-1000
-1000
-1000
-1000
-1000
1000
-1000
-1000
1000
-1000
-1000
-1000
-1000
1000
-1000
-1000
-1000
1000
1000
1000
1000
1000
1000
1000
-138.018198005117
1000
-1000
-1000
-1000
-1000
-1000
-1000
-1000
1000
-1000
31.1405539754098
-1000
820.890243215092
-1000
-1000
-1000
-1000
-1000
-1000
-1000
-1000
1000
1000
-1000
-1000
-1000
-1000
-1000
-1000
-1000
-1000
-1000
-1000
-1000
-1000
-1000
-1000
-1000
-1000
-746.505514282939
-1000
-1000
1000
1000
-1000
-1000
-1000
-962.766756573495
1000
-1000
-973.597657418996
-1000
-1000
1000
1000
-986.757355445724
1000
-1000
1000
1000
1000
1000
1000
1000
1000
1000
-10.244570708143
-1000
-1000
-1000
-1000
-1000
-1000
-1000
-968.743457098615
1000
-1000
1000
1000
1000
1000
1000
1000
1000
1000
-1000
1000
1000
-1000
-1000
-34.4314762176358
-308.637041386246
1000
976.227410682106
-1000
-1000
-1000
0
0
0
0
0
0
0
0
0
0
0
0
0
0
0
0
0
0
0
0
0
0
0
0
0
0
0
0
0
0
0
0
0
0
0
0
0
0
0
0
0
0
0
0
0
0
0
0
0
0
0
0
0
0
0
0
0
0
0
0
0
0
0
0
0
0
0
0
0
0
729.089697662703
0
0
0
0
0
930.195397772284
0
0
0
0
0
0
0
0
0
0
0
0
0
0
0
0
0
0
0
0
0
0
0
0
0
0
0
0
0
0
0
0
0
0
0
0
0
0
0
0
0
0
0
0
0
0
0
0
0
0
0
0
0
0
0
0
0
0
0
0
0
0
0
0
0
0
0
0
0
0
0
0
0
0
31.1808277875407
0
0
0
0
0
0
0
0
0
0
0
0
0
0
0
0
0
0
0
0
0
0
0
0
0
0
0
0
0
0
0
0
0
0
0
0
0
0
0
0
0
0
0
0
0
0
0
0
0
0
0
0
0
0
0
0
0
0
0
0
0
0
0
0
0
0
0
0
0
0
0
0
0
0
0
0
0
0
0
0
0
0
0
0
0
0
0
0
0
0
0
0
0
0
0
0
0
0
0
0
0
0
0
0
0
0
0
0
0
0
0
0
308.637041386246
0
0
0
0
0
0
0
0
0
0
0
0
0
0
0
0
0
0
0
0
0
0
0
0
0
0
0
0
0
0
0
0
0
0
0
0
0
0
0
0
0
0
0
0
0
0
0
0
0
0
0
0
0
0
0
0
0
0
0
0
1000
-1000
-1000
1000
998.267661273296
1000
1.73233872670426
997.55555138769
-1000
-1000
1000
-1000
1000
1000
1000
2.44444861230977
-1000
-1000
1000
-1000
1000
-1000
-1000
-1000
-1000
0
-1000
1000
1000
1000
-1000
997.55555138769
-1000
-1000
-1000
1000
1000
-1000
-1000
-1000
-1000
1000
-1000
-1000
-1000
1000
-1000
1000
-1000
-999.949787006659
-1000
-1000
-1000
-1000
-1000
0
0
0
0
1000
0
0
-1000
0
0
0
-1000
0
0
0
0
-1000
-0.471685985376553
0
0
0
0
0
0
1000
0
0
0
0
0
0
0
0
0
-0.00359184795820511
0.0035918479582446
0
0
-0.00359184795820511
-0.00359184795820511
0
0
0
0
0
0
0
0
0
0
0
0
0
0
0
0
0
0
0
0
0
0
0
0
0
0
0.0035918479582446
0
0
-1000
612.590398382779
1000
-682.931584841403
-70.3411864586246
0
0
0
0
-0.00359184795820511
0.364633299490606
0
0
0
0
182.038751305809
0
0
0
0
0
0
0
0
0
0
0
-1000
0
0
0
0
0.0035918479582446
0
0
0
0
447.899624355657
1000
0
0
0
0
0
442.792834551523
1000
49.6359191609918
0
0
0
0
0
0
0
0
0
0
0
0
0
0
0
0
0
0
0
0
0
0
0
0
0
0
0
0
0
0
0
0
0
0.989979234597614
0.0035918479582446
0
0
0
1000
0
-257.332616762243
0
-238.940344246379
0
1.94215210044461
0
0
0
0
-1000
0
1000
0
-1000
0
0
0
0
0
0
0
0
0
0
0
0
0
0.00359184795820511
1000
-1000
1000
121.013720862917
0
1000
1000
0
-1000
-1000
0
-1000
1000
-20.3344246163088
0
0
0
0
0
-1000
1000
0
0
0
0
0
0.00359184795820511
0
0
1000
0
0
0
0
920.350220602387
0
0
-1000
0
0
-1000
0
-1000
1000
0
0
0
0
0
0
0
0
0
44.1038661824992
999.446282800988
0
1000
0
0
0
0
1000
1000
0
0
0
171.339954891555
0
667.267870487168
1000
0
0
0
886.229704033821
0
0
0
0
0
0
0
0
0
0
0.971076050222305
0
0.0035918479582446
-0.00359184795820511
0.0035918479582446
0.0035918479582446
0
0
-1000
1000
0.00359184795820511
0
0
0
0.971076050222337
0
0
-0.010775543874729
-1000
993.847573085302
-1000
-1000
1000
1000
0
0
111.835327561651
-1000
-1000
-1000
0
0
0
0
0
0
0
0
0
0
0
0
0
0
0
0
0
0
0
0
0
0
0
880.077277119123
0
8.08739531922606
0
0
0
0
0
0.00179071840237122
0
1000
0
0
0
0
0
0
0.0035918479582446
0
-1000
1000
0
0
0
0
0
0
0
0
0
0
-822.701391836961
0
205.67534795924
0
0
0
0
0
0
0
0
0
0
0
1000
0
0
0
0
822.701391836961
0
0
0
0
0
0
0
0
0
0
0
0
0
0
0
0
0
0
0
0
0
0
0
0
0
0
0
2.31648165423019
0
0
0
0
0
0
0
0
0
0
0
0
0
0
0
0
0
0
0
0
0
0
0
0
0
0
0
0
0
0
0
0
0
0
0
0
0
0
0
0
0
0
0
0
0
0
0
0
0
0
0
0
0
0
0
0
0
0
0
0
0
0
0
0
0
0
0
0
0
0
0
0
0
0
0
0
0
0
0
0
0
0
0
0
0
0
0
0
0
0
0
0
0
0
0
0
0
0
0
0
0
0
0
0
0
0
0
0
0
0
0
0
0
-999.940864648108
0
0.00179071840238976
0
0.0430084751174036
0
0
-0.0591353518922233
0
1000
0
0
0
0
0.0161268767748197
0
0
0
0
0
0
0
0
0
0
0
0
0
0
0
0
0.0035918479582446
0.0035918479582446
0.0035918479582446
-1000
-1000
0
-224.786518744923
-1000
0
0
0
0
0
0
-1000
-171.339954891555
0
0
0
0
0
0
0
0
0
0
-1000
552.076686833057
1000
0
-1000
-1000
-1000
-1000
0
-1000
0
0
0
0
0
0
0
0
0
-667.267870487168
-1000
0
1000
0.393420138924057
0.0035918479582446
0.0035918479582446
0.0035918479582446
0.0035918479582446
0.0035918479582446
0
0
0
1000
0
0
0.561655557801533
0
0
0
0
0.00145412442149264
0
0
0.0421696082232866
0
0
0
0
1000
0
0
0
0
0
0
0
1000
-999.998545875579
0
1000
0
0
-1000
0
0
0
0
0
0
0
0
0
205.67534795924
0
0
0
0
0
0
0
0
0
0
0
0
0
0
0
0
0
0
0
0
0
0
0
0
0
0
0
0
0
0
0
0
0
0
0
0
0
929.662405389334
0
0
0
0
0
0
0
0
-1000
0
0
0
0
0
0
0
1000
1000
-1000
-1000
-1000
-1000
1000
0
0.0215094431354589
0
0
0
0
-49.6359191609918
-1000
-1000
0
182.038751305809
0
0
0
999.978448912251
14.8518436277408
0
0
0
0
0.577655911298249
0.577655911298249
-81.0460538976329
-999.939073929705
0
0
0
0
0
0
0
0
-1000
0
0
0
0
0
0
0
1000
0.0035918479582446
0
0
0
0
0
0
0
0
-1000
70.3411864586246
0
0
1000
0
0
0
-1000
0
0.00537215520711366
0
0
-761.005489618921
0
-1000
0
0
0
-1000
-1000
552.156300145134
0
0
0
-238.9417983708
0
0
0
-650.783427215825
650.783427215825
-1000
1000
-1000
1000
-750
0
0
0
0
14.0905104448454
-1000
0
0
-1000
0
0
0
552.076686833057
0.0125441385759129
0
0
0
0
0
0
0
0
886.229704033821
0
1000
0
0
0
0
0
0
0
0
1000
999.446282800988
-1000
-1000
43.5501489834869
0
-1000
1000
0
0
0
0
0
0
0
0
0
-507.458751009824
0
1000
0.00179071840237122
0.00179071840237122
0
-1000
42.6144086193785
-1000
0
-1000
260.526696642842
0
0
0
0
0
0
0
0
0
0
0
0
0
0
0
0
0
0
0
0
0
0
0
0
0
-0.0430084751174036
0
0
0
0
0
0
0
0
0
0
0
0
0
0
0
0
0
0
0
0
0
0
0
0
0
0
0
0
0
0
0
0
0
0
0
0
0
0
0
0
0
0
0
0
0
0
-1000
0
-1000
0
0
0
0
0
0
-1000
0
0
0
0
0
0
0
0
0
0
0
761.005489618921
0
0
0
0
0
0
0
0
0
0
0
0
0
1000
0
0
0
742.667383237757
0
0
0
0
0
0
0
0
0
0
0
0
0
0
0
0
0
0
0
0
0
0
0
0
0
0
0
0
0
0
0
0
0
0
0
0
0
0
0
0
0
238.940344246379
0
0
0
0
0
0
0
0
0
0
0
0
0
0
0
0
0
0
0
0
0
0
0
0
0
0
0
0
0
0
0
0
0
0
0
0
0
0
0
0
0
0
0
0
0
0
0
0
0
0
0
0
0
0
0
0
0
0
0
0
0
0
0
0
0
0
0
0
0
0
0
0
0
0
0
0
0
0
0
0
0
0
0
0
0
0
0
0
0
0
0
0
0
0
0
0
0
0
0
0
0
0
0
0
0
0
0
0
0
0
0
0
0
0
0
0
0
0
0
0
0
0
0
0
0
0
0
0
0
0
0
0
0
0
0
0
0
0
0
0
0
0
0
0
0
0
-1000
0
0
0
0
0
0
0
0
0
0
0
0
0
0
0
0
0
0
0
0
0
0
654.268663957688
0
320.935330624355
320.935330624355
0
-98.5448257871958
0
0
1000
-999.836401736655
-1000
1000
0
-49.6359191609918
0
0
-1000
0
0
0
1000
0.0215510877494676
0
0
0
0
0
0
0
0
0
0
0
0
0
0
0
0
0
0
0
0
0
0
0
0
0
0
0
0
0
0
0
0
0
0
0
0
0
0
0
0
0
0
0
0
0
0
0
0
0
0
0
0
0
0
0
0
0
0
0
0
0
0
0
0
0
0
0
0
0
0
0
0
0
0
0
0
0
0
0
0
0
0
0
0
0
0
0
0
0
0
0
0
0
0
0
0
0
0
0
0
0
0
0
0
0
0
0
0
0
0
0
0
0
0
0
0
0
0
0
0
0
0
0
0
0
0
0
0
0
0
0
0
0
0
0
0
0
0
0
0
0
0
0
0
0
0
0
0
0
0
0
0
0
0
0
0
0
0
0
0
0
0
0
0
0
0
0
0
0
0
0
0
0
0
0
0
0
0
0
0
0
0
0
0
0
0
0
0
0
0
0
0
0
0
0
0
0
0
0
0
0
0
0
0
0
0
0
0
0
0
0
0
0
0
0
0
0
0
0
0
0
0
0
0
0
0
0
0
0
0
0
0
0
0
0
0
0
0
0
0
0
0
0
0
0
0
0
0
0
0
0
0
0
0
0
0
0
0
0
0
0
0
0
0
0
0
0
0
0
0
0
0
0
0
0
0
0
0
0
0
0
0
0
0
0
0
0
0
0
0
260.526696642842
0
0
0
0
0
0
0
0
0
0
0
-1000
0
0
0
0
0.00359184795820511
-918.526073721312
-81.0460538976329
0
0
0
0
0
0
0
0
0
0
0
0
0
0
0
0
0
0
0
0
0
0
0
0
0
0
0
0
0
0
0
0
0
0
0
0
0
0
0
0
0
0
0
0
0
0
0
0
0
0
0
0
0
0
0
0
0
0
0
0
0
0
0
0
0
0
0
0
0
0
0
0
0
0
0
0
0
0
0
0
0
0
0
0
0
0
0
0
0
0
0
0
0
0
0
0
0
0
0
0
0
0
0
0
0
0
0
0
0
0
0
0
0
0
0
0
0
0
0
0
0
0
0
0
0
0
0
0
0
0
0
0
0
0
0
0
0
0
0
0
0
0
0
0
0
0
0
0
0
0
0
0
0
0
0
0
999.287890114394
1000
0
0
0
0
0
0
0
1000
0.00359184795820511
0
0
-1000
447.924767291364
0
0
0
0
0
0
0
0
0
0
0
0
0
0
0
0
0
0
0
0
0
1000
0
0
0
0
0
0
0
0
0
0
0
0
0
0
0
0
0
0
0
0
0
0
0
0
0
0
0
0
0
0
0
0
0
0
0
0
0
0
0
0
0
0
0
0
0
0
0
0
0
0
0
0
0
0
0
0
0
0
0
0
0
0
0
0
0
0
0
0
0
0
0
0
0
0
0
0
0
0
0
0
0
0
0
0
0
0
0
0
0
0
0
0
0
0
0
0
0
0
0
0
0
0
0
0
0
0
0
0
0
0
0
0
0
0
0
0
0
0
0
0
0
0
0
0
0
0
0
0
0
0
0
0
0
0
0
0
0
0
0
0
0
0
0
0
0
0
0
0
0
0
0
0
0
0
0
0
0
0
0
0
0
0
0
0
0
0
0
0
0
0
0
500
86.7596125179854
0
0
-0.971076050222337
0
0
463.079431814747
19.1912262889784
41.9482726524459
0.104111535021582
86.7596125179854
0
0
0
0
0
0
0
0
0
0
0
0
0
0
0
0
0
0
0
0
0
0
0
0
0
-1000
0
-1000
0
0
0.696341326030506
80.346120723644
81.0460538976329
0
-1000
-205.67534795924
0
411.350695918481
0
-3.63531105373158
0
0
-0.011650080768959
0
0
0.0035918479582446
0
0
0
0
0
0
0
0
0
0
0
0
0
0
0
0
205.67534795924
0
238.940344246379
0
0
0.0591353518922233
-0.696162066789611
-0.0305366128513924
0
-10.658886899742
-20.8959832672667
-1000
-33.4170611381724
-10.4355719951013
-936.200815729147
-26.4023425810038
-4.58012670443702
-31.2565429013852
-1000
-1000
0
0
0
0
-1000
-38.6237744401756
-17.415816620236
-106.877644029707
-13.2426445542758
989.755429291857
-23.7725893178938
380.511313177298
976.085116241615
820.890243215092
0
1000
130.397735554074
0
0
1000
0
0
998.629242138491
-1000
0
0
0
0
0.364633299490606
0
1000
0
0
0
0
0
0
0
0
0
0
0
-0.00359184795820511
-0.00359184795820511
0
0
0
0
0
0
0
0
0
0
0
0
0
0
0
0
1000
0
-1.68212573336314
0
0
-1000
1000
182.038751305809
-0.00359184795820511
-0.00359184795820511
-0.989979234597627
70.3375946106664
0
0
-0.00359184795820511
0
-0.00359184795820511
0
0
0
-0.00359184795820511
0
0
0
-0.00359184795820511
0
0
0
0
0
1000
0
0
0
0
0
999.287890114394
0
0
0
0
0
612.590398382779
0
0
0
0
0
0
-727.474838013778
1000
0
0
0
-1000
0
0
0
0
-0.00359184795820511
-1000
0
0
0
-1000
0
0
0
0
0
0
0
130.397735554074
0
-552.100375644343
-3.1436651518992
-0.471685985376553
-1000
0
0
0
0
0
1000
0
0
2.44444861230977
0
0
0
0
0
0
-155.203784278742
0
0
0
0
151.24510800281
1000
0
0
0
0
1000
0
-269.784282226028
269.784282226028
0
0
-500.002978457498
0
0
0
-1000
-1000
0
0
0
0
0
-0.0502129933411197
0
0
0
0
0
0
317.068415158597
1000
-1000
0
0
0
0
0
0
-1000
-1000
-5.48731991677016
0
0
0
0
0
0
0
0
0
0
1000
0
-0.0480979105926735
-0.00145412442145698
-0.39370418711917
-459.455567737138
-0.0214483352169736
-0.0580531721763009
-0.0138141820041255
-0.0781591876552739
-0.0839756853412155
0
0
0
0
0
-0.00145412442145698
0
-0.00145412442145698
-0.00145412442145698
0
-0.0105424020558758
0
-0.00145412442145698
0
0
0
-14.8518436277408
0
0
-0.00145412442145698
-0.0216324162101955
0
-0.00145412442145698
-0.00145412442145698
-0.00145412442145698
-0.00145412442145698
0
0
0
0
0
0
-1000
1000
0
0
-1000
1000
-0.00359184795820511
-1000
750
-750
0
0
0
-1000
-130.397735554074
0
1000
0
0
0
0
0
0
0
0
0
0
0
0
0
0
0
0
-1000
1000
1000
-1000
-42.6144086193784
42.6144086193785
1000
-1000
-1000
0
-1000
1000
0
-0.00145412442145698
-0.00145412442145698
0
0
0
0
0
999.836401736655
-1000
1000
0.021551087749458
0
0
0
0
0
-1000
0
0
0
0
0
0
0
0
0
0
0
0
0
0
0
0
0
0
0
0
0
0
0
0
0
0
0
0
0
0
0
0
0
0
0
0
0
0
0
0
0
0
0
0
0
0
0
0
0
0
0
0
0
0
0
0
0
0
0
0
0
0
0
0
0
0
0
0
0
0
0
0
-0.00145412442145698
0
0
0
0
0
0
0
0
0
0
0
0
0
0
0
0
0
0
0
0
0
0
0
0
0
0
0
0
0
0
0
0
0
0
0
0
0
0
0
0
0
0
0
0
0
0
0
0
0
0
0
0
0
0
0
0
0
0
0
0
0
0
0
0
0
0
0
0
0
0
0
0
0
0
0
0
0
0
0
0
0
0
0
0
0
0
0
0
0
0
0
0
0
0
0
0
0
0
0
0
0
0
0
0
0
0
0
0
0
0
0
0
0
0
0
0
0
0
0
0
0
0
0
0
0
0
0
0
0
0
0
0
0
0
0
0
0
0
0
0
0
0
0
0
0
0
0
0
0
0
0
0
0
0
0
0
0
0
0
0
0
0
0
0
0
0
0
0
0
0
0
0
0
0
0
0
0
0
0
0
0
0
0
0
0
0
0
0
0
0
0
0
0
0
0
0
0
0
0
0
0
0
0
0
0
0
0
0
0
0
0
0
0
0
0
0
0
0
0
0
0
0
0
0
0
0
0
0
0
0
0
0
0
0
0
0
0
0
0
0
0
0
0
0
0
0
0
0
0
0
0
0
0
0
0
0
0
-999.287890114394
0
1000
0
0
918.526073721312
0
0
0
0
0
0
0
0
0
0
0
0
0
0
0
0
0
0
0
0
0
0
0
0
0
-447.924767291364
0
-1000
-0.00359184795820511
0
0
0
0
0
0
0
0
1000
0
0
0
0
0
-1000
0
0
0
0
0
0
0
0
0
0
0
0
0
0
0
0
0
0
0
0
0
0
0
0
0
0
0
0
0
0
0
0
0
0
0
0
0
0
0
0
0
0
0
0
0
0
0
0
0
0
0
0
0
0
0
0
0
0
0
0
0
0
0
0
0
0
0
0
0
-0.00145412442145698
-0.00145412442145698
-0.00145412442145698
-0.00145412442145698
0
-0.00145412442145698
0
0
-0.00145412442145698
-0.00145412442145698
-0.00145412442145698
-0.00145412442145698
0
-0.00145412442145698
-0.00145412442145698
-0.00145412442145698
-0.00145412442145698
-0.00145412442145698
-0.00145412442145698
-0.00145412442145698
0
-0.00145412442145698
-0.00145412442145698
-0.00145412442145698
0
-1000
86.7596125179855
0
0
0
0
0
0
0
0
0
0
0
0
0
