0
0
0
0
0
0
0
944.994320806651
-1000
0
156.952034910451
0
0
199.280411224161
0
0
999.738400876728
-999.738400876728
999.939960856954
0
0.0600391430460378
0
-1000
0.377388899146467
0
1000
-201.795564370094
0
-334.927735110307
0.0128149732416776
0
0
0
0
0
0.0330645468233151
0
0
0
36.0288076603643
0
0
0
0
0
0
0
0
0
0
0
0
0
0
0
0
0
0
0
0
0
0
0
0
0
0
0
0
334.927735110307
0
0
0
0
1000
1000
0
0
0
0
334.927735110307
0
-1000
0
0
0
0
0
0
0
0
0
0
0
0
0
1000
0
-1000
0
1000
-1000
0
0
0
0
0
843.047965089549
0
0
0
0
0
0
401.802071757306
0
0
0
0
0
0
0
0
0
0
0
0
0
0
0
0
0
165.419565315037
0
0
1000
0
0
0
0
0
0
1000
0
0
0
0
-15.0309631079324
0
0
-1000
0
-887.138407866601
0
0
0.00916419598096709
-204.47159474586
0
0
598.503750404423
1000
1000
401.487672575142
0
204.47159474586
0
-1000
401.487672575142
600.768083799302
1000
-800.719588775839
0
204.47159474586
1000
0
0
0.00916419598092943
0
0
1000
-1000
0
0
0
0
0
-4.03912470044395
0
0
0
0
0
0
1000
-749.045928213514
-1000
0
0
0
999.738400876728
0
0
0
0
1000
0
0
0
0
0
-4.04341321066158
0
1000
0
0
0
0
0
0
0
0
0
0
0
-753.089341424175
0
0
-1000
284.802925905825
713.933645279137
0
0.47364311399888
0
0
0.0793210300407736
0.71046467099832
0
4.04341321066158
0
0
0
-1000
0
0
0
0
0
0
0
0
0
0
0
0
-1000
0
-1000
1000
-1000
-1000
1000
-0.473643113998833
1000
-1000
998.41747498075
-0.992763062718609
999.526356886001
-2.30043049939309
0
-0.710464670998363
1000
-1000
-1000
1000
0
0
1000
0
0.184405939355688
0
-0.184405939355656
0
0.00183071046309679
0
0
0
0
0
0
0
0
1000
0
0
0
0
0
0
0
0
1000
0
1000
0.402899104393214
0
0
1000
0
-0.184405939355656
0
-0.710464670998363
0
0
0.710464670998363
2.30043049939305
0
0
0
0
0
0
0
-1000
0
0
0
145.636168478002
0.710464670998363
0
-1000
-0.992763062718609
0
0
0.00367206459164512
0
0
0
0
0
0
0
0
0
0
0
0
0
0
0
0
2.3682155699944
0
9.96956666918991
0
0
0
0
0
0
0
0
-145.207317456244
624.136322645017
-999.995711489782
-0.00183071046308214
1000
1000
-1000
-1000
-1000
-1000
1000
-1000
1000
1000
0
0
-1000
0
0
0
0
-1000
0
1000
-1000
-1000
1000
-1000
0
0
1000
-1000
0
0
0
0
0
0
0.992763062718641
-1000
0
1000
-1000
1000
-1000
-133.099231256459
0
-867.295090827499
1000
1000
1000
-1000
-1000
1000
-1000
-1000
1000
-1000
-1000
1000
849.712946182414
-1000
1000
1000
0
0
0
0
0
1.97818199625385
0
0
749.045928213514
0
0
0
487.09806734176
-197.42957430339
0
0
0
-30.2161955033771
0
0
0
0
0
0
0
289.66849303837
0
0
0
289.66849303837
0
0
0
0.00367206459167671
0
1000
0
-1000
0
0
1000
0
0
0
0
0
0
0
0
0
0
0
0
0
0
0
0
0
0
0
0
0
1000
0
0
0
0
0
-1000
1000
0
0
0
0
0
0
0
0
0
0
0
0.00367206459168301
-1000
0.107212755439377
0.107212755439377
0
-200.614173891416
0
0
0
0
0
0
0
0
0
0
0
0
0
0
0
-752.731133966459
0
0
0
0
0
0
0
0
0
0
0
0
0
0
0
0
0
0
0
0
0
0
0
0
0
0
0
0
0
0
0
0
0
0.167251898485393
0
0
0
-1000
0
1000
0
1000
0
0
1000
0
0
0
0
0
0
0
0
0
0
0
0
0
0
0
0
0
0
0
0
0
0
0
0
0
-1000
0
0
0.167251898485393
0
0
0
0
0
0
0
0
0
887.154528584947
0
0
0
0
0
0
0
0
0
0
0
0
0
0
0
0
0
0
0
0
0
0
0
0
0
0
0
0
0
0
0
0
0
0
0
0
0
0
0
0
0
0
0
0
0
0
0
33.2195292364148
0
33.2195292364148
0
0
0
0
0
0
0
0
0
0
0
0
0
0
0
0
0
0
0
0
0
1000
0
0.00428851021757413
0
0
0
0
0.776220349380917
0.776220349380917
0
0
0
0
0
0
0
0
0
0
0
0
0
0
0
0
0
0
0
0
0
0
0
0
0
0
-0.00367206459168301
0
0
0
1000
0
0
-1000
0
0
0
0
2.23002531313855
0
0
2.23002531313855
0
0
0
0
0
0
0
0
0
0
2.23002531313855
0
2.23002531313855
0
0
0
13.3031405242003
37.9210518145353
24.2391741935607
17.7533014112993
26.3222282258198
8.66361108871407
20.2624346774296
37.068893346793
34.1336808467915
10.79400725807
20.9252245967848
43.1286868951831
34.0389965725979
10.5099544354892
17.4219064516217
24.1444899193671
31.2931526209836
25.328043346787
4.63952943548622
31.5772054435644
0
0
0
0
0
0
0
0
0
0
0
0
0
0
0
0
0
0
0
0
0
0
0
0
0
0
0
0
0
0
0
0
0
0
0
0
0
0
0
0
0
0
0
0
0
0
0
0
0
0
0
0
0
0
0
0
0
0
0
0
0
0
0
0
0
0
0
0
0
0
0
0
0
0
0
0
0
0
0
0
0
0
0
246.743406677339
0
0
246.743406677339
0
0
0
0
0
-1000
0
0
0
0
-375.863677354983
-375.863677354983
1000
1000
72.8258387552796
0
0
0
0
247.265193968949
0
-30.2161955033771
-320.245419092061
-320.245419092061
-1000
0
-247.268866033541
0
-247.388944319633
1000
1000
320.099609744664
1000
0
0
752.734806031051
0
-1000
-1000
-1000
0
0
752.731133966459
0
752.731133966459
247.268866033541
0
0
0
0
0
0
0
0
0
0
0
-1000
376.860112482293
1000
1000
0
500
0
2.51284690423813
5
0
0
0
0
0
0
152.627644648712
0
123.575828054596
0
0.121823315265715
0.000941326325346381
46.2461453473977
-0.121823315265715
-0.121823315265715
0.121823315265715
0.000941326325346381
67.6119399724969
382.489439090683
387.033973316152
-0.119940662615136
-0.121823315265715
0.000941326325346381
0.353440733597836
-0.121823315265715
0.058832895331193
0
-999.999058673675
0.121823315265715
-0.121823315265715
0.000941326325346381
0.000941326325346381
-0.000941326325346381
0.000941326325346381
-0.00188265265057908
0.000941326325346381
0.000941326325346381
0.000941326325346381
0.000941326325346381
0.000941326325346381
0.000941326325346381
0.000941326325346381
0.000941326325346381
0.000941326325346381
0.000941326325346381
0.000941326325346381
0.0197678528312508
0.761395720410974
0.0270631318522874
3.5328761427071
0.0138845632981202
-0.000941326325346381
83.3328995028915
-4.20025401990802
-0.000941326325346381
-0.000941326325346381
-0.000941326325346381
-0.000941326325346381
0.450659978236786
0.00682461585836336
0.05059628998481
0.254864102574629
0.00696670673016797
-0.000941326325346381
1.14743756860912
-1.15732149502469
-0.000941326325346381
-0.000941326325346381
0.000941326325346381
0
0
0
0
0
0
0
0
0
0
0
0
0
0
0
0
0
0
0
0
0
0
0
0
0
0
0
0
0
0
0
0
0
0
0
0
0.00091402477335123
0
0
0
0
0
0
0
0
0
0
0
0
0
0
0
0
0
0
0
0
0
0
0
0
0
0
0
0
0
0
0
0
0
0
0
0
0
0
0
0
0
0
0
0
0
0
0.000941326325298855
0
0
0
0
0
0
0
0
0
0
0
0
0
0
0
0
0
0
0
0
0
0
0
0
0
0
0
0
0
0
0
0
0
0
0
0
0
0
0
0
0
0
0
0
0
0
0
0
0
0
0.000941326325298855
0.000941326325298855
0.000941326325298855
0.000941326325298855
0
0
0
0
0
0
0
0
0
0
0
0
0
0
0
0
0
0
0
0
0
0
0
0
0
0
0
0
0
0
0
0
0
0
0
0
0
0
0
0
0.120881988940461
0.120881988940461
0.120881988940461
6.61828889449025
0
0
0
0
0
0
0
0
0.120881988940461
0
0
0
0
0
0
0
0
0
0
0
0
0
0
0
0
0
0
0
0
0
0
0
0
0
0
0
0
0
0
0
0
0
0
0
0
0
0
0
0
0
0
0
0
0
0
0
0
0
0
0
0
0
0
0
0
0
0
0
0
0
0
0
0
0
0
0
0
0
0
0
0
0
0
0
0
0
0
0
0
0
0
0
0
0
0
0
0
0
0
0
0
0
0
0
0
0
0
0
0
0
0
0
0
0
0
0
0
0
0
0
0
0
0
0
0
0
0
0
0
0
0
0
0
0
0
0
0
0
0
0
0
0
0
0
0
0
0
0
0
0
0
0
0
0
0
0
0
0
0
0
0
0
0
0
0
0
0
0
0
0
0
0
0
0
0
0
0
0
0
0
0
0
0
0
0
0
0
0
0
0
0
0
0
0
0
0
0
0
0
0
0
0
-1000
0
0
0
0
0
0
0
0
0
0
0
0
0
0
0
0
0
0
0
0
0
0
0
0
0
0
0
0
0
0
0
0
0
0
0
0
0
0
0
0
0
0
0
0
0
0
0
0
0
0
0
0
0
0
0
0
0
0
0
0
0
0
0
0
0
0
0
0
0
0
0
0
0
0
0
0
0
0
0
0
0
0
0
0
0
0
0
0
0
0
0
0
0
0
0
0
0
0
0
0
0
0
0
0
0
0
0
0
0
1000
1000
0
0
0
0
0
0
0
0
0
0
0
0
0
0
0
0
0
0
0
0
0
-1000
0
-1000
0
0
0
0
0
0
0
1000
1000
0
0
0
0
0
0
0
0
0
0
0
0
0
0
0
0
0
0
0
0
0
0
0
0
0
0
0
0
0
0
0
0
0
0
0
0
0
0
0
0
0
0
0
0
0
0
0
0
0
0
0
0
0
0
0
0
0
0
0
0
0
0
0
0
0
0
0
0
0
0
0
0
0
0
0
0
0
0
0
0
0
0
0
-1000
-105.295211665016
0
0
0.120881988940482
0
-953.422507786097
0
0
0
0
442.692765752734
-387.033031989826
375.819612579883
0
0
0
0.00091402477335123
-0.242705304206197
0
-1000
1000
0
0
0
0
0
0
0
0
0
0
0
0
0
-1000
-0.755512430877843
0
-3.50557767927342
0
4.26567619951629
0
0
0
0
0
0
0
-0.00367206459168301
0
0
0
0
0
152.627644648712
0
-1000
0
0
0
-102.338112177045
1000
-0.0220323875500981
0
0
0.120881988940482
-0.120881988940482
0
0
46.577492213903
-46.577492213903
1000
0
0
0
0
0
1000
0
-557.307234247266
-442.692765752734
-1000
0
-624.180387420117
-375.819612579883
-1000
0
0
0
0
0
-1000
0
0
0
0
0
-1000
1000
-1000
0
0
0
-1000
0
0
0
-1000
0
0
0
0
0
0
0
0
0
0
0
0
0
0
0
0
0
0
0
-1000
1000
-1000
0.756426455651194
-1000
0
-1000
3.50557767927342
-1000
0
-4.26200413492461
-4.26200413492461
0
0
0
0
0
0
-1000
0
-1000
0
1000
0
-1000
0
869.474793269229
0
-1000
0
0
0
0
0
0
0
0
0
-207.633323842061
-792.366676157939
152.627644648712
-152.627644648712
0
0
0
0
0
0
0
0
0
0
0
0
0
0
0
0
0
0
0
0
0
0
0
0
0
0
0
0
0
0
0
0
0.00091402477335123
-0.00091402477335123
0
0
0
0
0
0
0
0
0
0
0
0
0
0
0
0
0
0
0
0
0
0
0
0
0
0
0
0
0
0
0
0
0
0
0
0
0.00091402477335123
-0.00091402477335123
0
0
0
0
0
0
-0.00367206459168301
-0.00367206459168301
0
0
0
0
0
0
0
0
0
0
0
0
0
0
0
0
0.00367206459168301
0.00367206459168301
0
0
0
0
0
0
0
0
0
0
0
0
0
0
0
0
0
0
0
0
0
0
0
0
0
0
0
0
0
0
0
0
0
0
0
0
0
0
0
0
0
0
0
0
1.20269517281922
0.00367206459167671
0
0
0
0
0
0
0
0
0.151324540062035
0
0
0
0
0
0
0
0
0
0
0
0
0
0
0
0
0
0
0
0
0
0
0
0
0
0
0
0
0
1000
-1000
0
0
0
0
0
0
0
0
0
0
0
0
0
0
0
0
0
0
0
0
170.274202257439
170.274202257439
170.274202257439
0
123.696710043536
123.696710043536
0
0
0
0
0
0
0
0
0
0
0
0
0
0
0
0
0
0
0
0
0
0
0
0
0
0
0
0
0
0
0
0
0
0
0
0
0
0
0
0
0
0
0
0
0
0
0
0
0
0
0
0
0
0
0
0
0
0
0
0
0
0
0
0
0
0
0
0
0
0
0
0
0
0
0
0
0
0
0
0
0
0
0
0
0
0
0
0
0
0
0
0
0
0
0
0
0
0
0
0
0
0
0
0
0
0
0
0
0
0
0
0
0
0
0
0
0
0
0
0
0
0
0
0
0
0
0
0
0
0
0
0
0
0
0
0
0
0
0
0
0
0
0
0
0
0
0
0
0
0
0
0
0
0
0
0
0
0
0
0
0
0
0
0
0
0
0
0
0.00367206459167671
0.00367206459167671
0.00367206459167671
0.00367206459167671
0.00367206459167671
0
0
0
0
0
0
0
0
0
0
0
0
0
0
0
0
0
0
0
0
0
0
0
0
0
0
0
0
0
0
0
0
0
0
0
0
0
0
0
0
0
0
0
0
0
0
15.0309631079324
15.0309631079324
-15.0309631079324
5.00175288526354
-2.49904041033597
2.49904041033593
2.49904041033593
2.49904041033593
2.49904041033593
2.49904041033593
2.49904041033593
2.49904041033593
2.49904041033593
2.49904041033593
2.49904041033593
2.49904041033593
0
2.49904041033597
2.49904041033593
2.49904041033593
2.49904041033593
2.49904041033593
2.49904041033593
2.49904041033593
0
0
0
2.49904041033593
0
2.49904041033593
2.49171756848355
0
0
0
0
0
0
0
0
0
0
0
0
0
0
0
0
15.0309631079324
15.0309631079324
5.00175288526354
5.00175288526354
0
0
0
0
0
0
0
0
0
0
0
0
0
0
0
0
0
0
0
0
0
0
0
0
0
0
0
0
0
0
0
0
0
0
0
0
0
0
0
0
0
0
0
0
0
0
0
0
0
0
0
0
0
0
0
0
0
0
0
0
0
0
0
0
0
0
0
0
0
0
0
0
0
0
0
0
0
0
0
0
0
0
0
0
0
0
0
0
0
0
0
0
0
0
0
0
0
0
0
0
0
0
0
0
0
0
0
0
0
0
0
0
0
0
0
0
0
0
0
0
0
0
0
0
0
0
0
0
0
0
0
0
0
0
0
0
0
0
0
0
0
0
0
0
0
0
0
0
0
0
0
0
0
0
0
0
0
0
0
0
0
0
0
0
0
0
0
0
0
0
0
0
0
0
0
0
0
0
0
0
0
0
0
0
0
0
0
0
0
0
0
0
1.20269517281922
299.691169176792
299.691169176792
0
6.09547603790719
6.09547603790719
0
-305.786645214699
0
6.09547603790719
0
298.488474003973
0
0
0
0
6.09547603790719
0
6.09547603790719
6.09547603790719
0
0
0
0
0
0
0
0
0
0
0
0
0
0
0
0
0
0
0
0
0
0
0
0
0
0
0
0
0
0
0
0
0
0
0
0
305.786645214699
0
0
0
0
0
0
0
0
0
0
0
0
0
0
0
0
0
0
0
0
0
0
0
0
0
0
0
0
0
0
0
0
0
0
0
0
0
0
0
0
0
0
0
0
0
0
0
0
0
0
0
0
0
0
0
0
0
0
0
0
0
0
0
0
0
0
0
0
0
0
0
0
0
0
0
0
0
1.20269517281922
0.00367206459167671
0
0
0
0
0
0
0
1.58331974627262
0
0
0
0.992763062718641
0.992763062718641
0.992763062718641
0
0
0
0
0
0
1.35769177747292
0
0
0
0.00367206459167671
0
0
0
0
-1.35769177747295
1.35769177747292
0
0
0
0
0
0
0
0
0
0
0.247617781687819
0
0.225627968799691
0
0
0
0
0
0
0
0
0
0
11.0695043475466
11.0695043475466
11.0695043475466
0
0
0
0
-0.151324540061978
0
0
0
0
0
0
0
0
0
0
0
0
0
0
0
0
0
0
0
0
0
0
0
0
0
0
0
0
0
0
0
0
0
0
0
0
0
0
0
0
0
0
0
0
0
0
0
0
0
0
0
0
0
0
0
0
0
0
0
0
0
0
0
0
0
0
0
0
0
0
0
0
0
0
0
0
0
0
0
0
0
0
0
0
0
0
0
0
0
0
0
0
0
0
0
0
0
0
0
0
0
0
0
0
0
0
0
0
0
0
0
0
0
0
0
0
0
0
0
0
0
0
0
0
0
0
0
0
0
0
0
0
0
0
0
0
0
0
0
0
0
0
0
0
0
0
0
0
0
0
0
0
0
0
0
0
0
0
0
0
0
0
0
0
0
0
0
0
0
0
0
0
0
0
0
0
0
0
0
0
0
0
0
0
0
0
0
0
0
0
0
0
0
0
0
0
0
0
0
0
0
0
0
0
0
0
0
0
0
0
0
0
0
0
0
0
0
0
0
0
0
0
0
0
0
0
0
0
0
0
0
0
0
0
0
0
0
0
0
0
0
0
0
0
0
0
0
0
0
0
0
0
0
0
0
0
0
0
0
0
0
0
0
0
0
0
0
0
0
0
0
0
0
0
0
0
0
0
0
0
0
0
0
0
0
0
0
0
0
0
0
0
0
0
0
0
0
0
0
0
0
0
0
0
0
0
0
0
0
0
0
0
0
0
0
0
0
0
0
0
0
0
0
0
0
0
0
0
0
0
0
0
0
0
0
0
0
0
0
0
0
0
0
0
0
0
0
0
0
0
0
0
0
0
0
0
0
0
0
0
0
0
0
0
0
0
0
0
0
0
0
0
0
0
0
0
0
0
0
0
0
0
0
0
0
0
0
0
0
0
0
0
0
0
0
0
0
0
0
0
0
0
0
0
0
0
0
0
0
0
0
0
0
0
0
0
0
0
0
0
0
0
0
0
0
0
0
0
0
0
0
0
0
0
1000
0
0
0
0
0
0
0
0
0
0
0
0
0
0
0
0
0
0
0
0
0
0
0
0
0
0
0
0
0
0
0
0
0
0
0
0
0
0
0
0
0
0
0
0
0
0
0
0
0
0
0
0
0
0
0
0
0
0
0
0
0
0
0
0
0
0
0
0
0
0
0
0
0
0
0
0
0
0
0
0.167251898485393
0.167251898485393
0
0
0
0.167251898485347
0.167251898485393
0
-246.743406677339
0
0
0
0.0257310613055139
0
0
0
0
0
0
0
0
246.743406677339
0
0
0
0
1.01208841134775
0
0
0
0
0
0
1.01208841134775
0
1.01208841134775
1.0120884113478
0
0
0
0
0
0
0
0
0
0
0
0
0
0
0
0
0
0
0
0
0
0
0
0
0
0
0
0
0
0
0
0
0
0
0
0
0
460.420603272106
460.420603272106
0
0
0
0
0
0
0
0
0
0
0
0
0
0
0
0
0
0
0
0
0
0
0
0
0
0
0
0
0
0
0
0
0
0
0
0
0
0
0
0
0
0
0
0
0
0
0
0
1000
399.455573633567
-1000
0
0
0
-1000
414.888835062516
1000
0
0
0
0
-1000
398.745108962569
0
0
0
0
0
0
0
0
0
0
0
0
0
0
0
0
0
0
0
0
0
0
0
0
0
0
0
0
0
0
0
0
0
0
0
0
0
0
0
0
-414.888835062516
0
0
0
0
0
0
0
0
0
0
0
0
0
0
0
0
0
-999.996327935408
999.996327935408
1000
999.996327935408
1000
-1000
-1000
0
0
0
0
0
0
0.00367206459168301
0
0
0
0
0
0
0
0
0
0
0
0
0
0
0
0
0
12.2235403637163
0
0
0
0.0146563273702575
0
0.00367206459167671
0.0219898128881278
1000
0.00183071046309679
0.00183071046309679
0.00367206459168301
0
0.0128256169071607
0.00183071046309679
0.0274925879429166
-0.00183071046308214
0.00183071046309679
0.00183071046309679
0.00183071046309679
0.00183071046309679
0.00183071046309679
-0.00183071046308214
-0.00366142092616428
-0.00550277505476515
0.00183071046309679
0.00183071046309679
0.00183071046308214
0.00183071046309679
-0.00550277505476515
-0.00183071046308214
0.00367206459168301
0.00183071046309679
0.00183071046309679
0.00367206459167671
0.00367206459167671
-0.00367206459168301
-0.00367206459168301
0.00367206459168301
0.00367206459168301
0.00183071046309679
0.00183071046309679
0.00183071046309679
0.00183071046309679
0.0403394921810332
-0.00550277505476515
-999.97433812252
0
0
0
0
0
0
-1000
0
0
0
0.00367206459167671
0
0
0
0
0.00183603229583836
0.00367206459168301
0.00367206459168301
0
0.00367206459167671
0
0
0
0
0
-0.00367206459168301
0
0
0.00732284185238718
0.00183071046309679
0.00549213138929038
0.00183071046309679
-0.00183071046308214
0.00183071046309679
0.00183071046309679
0.00183071046309679
0.00183071046309679
0.00183071046309679
0.00183071046309679
0.00366142092619359
0.00183071046309679
0.00183071046309679
0.00183071046309679
0.00183071046309679
0.00183071046309679
0
0.00183071046309679
0.00367206459167671
0
0.00367206459167671
0
0.00367206459167671
0.00367206459167671
0.00367206459167671
0.00367206459167671
0.00367206459167671
0.00367206459167671
0
0.00367206459167671
0
0.00367206459167671
0.00367206459167671
0.00367206459167671
0.00367206459167671
0.00367206459167671
0
0
0
0
0
0
0
0
0
0
0
0
0
0
0
0
-0.00367206459168301
0.00367206459167671
0.00367206459167671
0
0
0
0
0
0
0
0
0
0
0
0
0
0
0
0
0
0
0
0
0
0
0
0
0
0
0
0
0
0
0
0
0
0
0
0
0
0
0
0
0
0
0
0
0
0
0
0
0
0
0
0
0
0
0
0
0
0
0
0
0
1000
472.497160403326
0
0
0
0
0
0.00367206459167671
0
0
0
0
0
0
0
0
0
0
0
1000
0
0
0
0
0
0
0
0
0
0
0
-1000
0
0
0
-152.627644648712
0
-123.575828054596
0
0
0
0.120881988940461
0
0
42.1955201148113
0
0
0
0
0
0
0.120881988940461
0
0
0
0
0
0
386.912150000886
0.241763977880923
0
0
0
0.120881988940461
0
45.2693908334294
0
0
0
7.55512430877883
0
47.0542555213998
0
0.120881988940369
0
0
0
0
0
0.120881988940461
0
0.120881988940461
0
0.120881988940461
0
0.120881988940461
0
0.119940662615162
0
0.120881988940461
0
0.120881988940461
0
0.120881988940461
0
0.120881988940461
0
0.120881988940461
0
0.120881988940461
0
0.120881988940461
0
0.120881988940461
0
0.120881988940461
0
0.120881988940461
0
0.120881988940461
0
2.53852176774969
0
0
0
3.47535718203826
0
0
0
1.7830093368718
0
0.120881988940461
0
83.4547228181572
0
12.6669744308784
0
0.120881988940461
0
0.120881988940461
0
0.120881988940461
0
0.120881988940461
0
57.8722522052458
0
0.876394419818344
0
6.49740690554979
0
32.7287985056299
0
0.419414896699938
0
0.120881988940461
0
1.26926088387484
0
0
0
0.120881988940461
0
0.120881988940461
0
0.120881988940461
0
0
-1000
0
0
298.488474003973
0
0
0
0
0
0
-1000
-1000
-1000
0
1.01208841134775
-1000
1000
246.910658575825
0
459.062911494633
1000
-1000
-1000
0
0
1000
0
0
0
0
0
-5.60986806897643
1000
0
0
0
0
-1000
1000
-0.00367206459168301
0
0
-3.2931935621117
1000
0
0
0
0
0.0128149732416887
284.169928958309
1000
-1000
-4.04341321066158
-246.910658575825
0
625.536975865378
0
1000
-1000
0
0
1000
111.364874086371
1000
1000
0
1000
0
0
-1000
1000
1000
1000
0
0
0
0
0
-502.698378081907
0
0
0
0
0
0
0
0
0
0
0
1000
0
0
0
0
0
0
0
0
0
0
1000
0
0
0
0
0
0
1000
0
0
-1000
-1000
-1000
-591.954270786289
1000
-384.885593065732
-986.461607859459
-1000
-1000
-1000
-1000
726.855366927112
1000
-1000
-1000
-1000
-1000
-1000
250.18213499442
1000
-1000
1000
-1000
1000
-1000
1000
1000
1000
1000
1000
-1000
1000
-1000
-1000
-1000
-1000
-1000
-1000
-1000
65.0113825464607
-381.803926610379
1000
-1000
-1000
-1000
-1000
-1000
1000
-1000
-17.8047635339102
-1000
961.980602764745
-1000
1000
-1000
-1000
-1000
-1000
-1000
-1000
-1000
-1000
-1000
569.403370863413
-1000
-1000
-1000
754.667531441727
-1000
-1000
-1000
-1000
-1000
1000
1000
-1000
-1000
-1000
-1000
-1000
-1000
-1000
1000
-1000
-1000
1000
1000
1000
-1000
1000
1000
1000
234.859106157742
-1000
1000
1000
1000
1000
-1000
1000
-1000
-1000
43.5661149373757
-1000
-1000
-1000
-1000
-1000
983.863934949855
1000
1000
1000
1000
1000
1000
1000
-1000
-1000
-994.773412411168
-1000
-1000
1000
-965.836636631092
975.696498153176
1000
-1000
-975.696498153176
-339.262590784506
0
0
0
0
0
0
0
0
0
0
0
0
0
0
0
0
0
0
0
0
0
0
0
0
0
0
0
0
0
0
0
0
0
0
0
0
0
0
0
0
0
0
0
0
0
0
0
0
0
0
0
0
0
0
0
0
0
0
0
0
0
0
0
0
0
0
0
0
0
0
0
0
0
0
0
0
0
0
0
0
0
0
0
0
0
0
0
0
0
0
0
0
0
0
0
0
0
0
0
0
0
0
0
0
0
0
0
0
0
0
0
0
0
0
0
0
0
0
0
0
0
0
0
0
0
0
0
0
0
0
0
0
0
0
0
0
0
0
0
0
0
0
0
0
0
0
0
0
0
0
0
0
0
0
0
0
0
0
0
0
0
0
0
0
0
0
0
0
0
0
0
0
0
0
0
0
0
0
0
0
0
0
0
0
0
0
0
0
0
0
0
0
0
0
0
0
0
0
0
0
0
0
0
0
0
0
0
0
0
0
0
0
0
0
0
0
0
0
0
0
0
0
0
0
0
0
0
0
0
0
0
0
0
0
0
0
0
0
0
0
0
0
0
0
0
0
0
0
0
0
0
0
0
0
0
0
0
0
0
0
0
0
0
0
0
0
0
0
0
0
0
0
0
0
0
0
0
0
0
0
0
0
0
0
0
0
0
0
0
0
0
0
0
0
0
0
0
0
0
0
0
0
0
0
305.099227415599
0
0
0
0
0
0
0
0
0
0
0
0
0
0
0
0
0
0
0
0
1000
112.912926532024
-1000
1000
1000
1000
887.087073467976
1000
-1000
-1000
1000
-1000
1000
1000
1000
0
-1000
-1000
1000
-1000
1000
-1000
0
-1000
-1000
-1000
-1000
1000
1000
1000
-1000
887.087073467976
-1000
-1000
-1000
1000
1000
-1000
-889.586113878311
-1000
-1000
1000
-1000
-1000
-1000
1000
-1000
1000
-1000
-1000
-1000
-1000
-1000
-999.948665601375
-0.0513343986250447
0
0
0
0
0
0
0
0
0
0
0
0
0
0
0
-1000
-1000
-0.402899104393214
0
0
0
0
1000
1000
1000
0
0
0
0
0
0
0
0
0
-0.00367206459168301
0.00367206459167671
0
0
-0.00367206459168301
-0.00367206459168301
0
0
0
0
0
0
999.814652734319
0
0
0
0
0
0
0
0
0
0
0
0
0
0
0
0
0
0
0
0.00367206459167671
0
0
1000
-33.2195292364148
601.254891037431
-568.035361801016
1000
0
0
0
0
-0.00367206459168301
0
0
0
0
0
246.743406677339
0
0
0
0
0
0
0
0
0
0
-1000
0
0
0
0
0.00367206459167671
0
0
0
0
0
-0.0257044521417811
0
0
0
0
0
0
-1000
1000
999.629305468638
0
0
0
0
0
0
0
0
0
0
0
0
0
0
0
0
0
0
0
0
0
0
0
0
0
0
0
0
0
0
0
0
0
0.00367206459167671
0
0
0
0
1000
0
-1000
0
-123.575828054596
0
1.98552612543728
0
0
0
0
1000
0
-1000
0
0
0
0
0
0
0
0
0
0
0
0
0.00367206459168301
0
-1000
-1000
1000
0
1000
-1000
0
-1000
1000
0
-1000
1000
-878.409698070842
165.419565315037
0
0
0
49.5432289624917
-1000
1000
1000
0
0
0
1000
0
0.00367206459168301
0
0
1000
0
0
0
0
1000
0
0
-156.952034910451
0
0
-1000
0
-49.3974196150941
1000
0
0
0
0
0
0
0
0
0
0
0
0
1000
0
0
0
0
0
0
0
0
0
0
0
0
1000
0
0
0
998.021818003746
0
0
0
0
0
0
0
0
0
0
0.992763062718641
0
0.00367206459167671
-0.00367206459168301
0.00367206459167671
0.00367206459167671
0
0
247.268866033541
-247.268866033541
0.00367206459168301
1000
0
0
0.992763062718609
0
0
-0.011016193775049
-1000
-998.021818003746
-1000
1000
0
-1000
0
0
-1000
-1000
1000
-1000
0
0
0
0
0
0
0
0
0
0
0
0
0
0
0
0
0
0
0
0
0
0
0
0
1000
0
0
0
0
0
0
0.00183071046309679
0
156.952034910451
0
0
0
0
0
0
0.00367206459167671
-1000
1000
0
0
0
0
0
0
0
1.14837889493435
83.3338408292168
0
-944.994320806651
0
69.2938038194958
0
0
0
0
0
0
0
0
0
0
0
1000
0
0
0
944.994320806651
0
0
0
0
0
0
0
0
0
0
0
0
0
0
0
0
0
0
0
0
0
0
0
0
0
0
0
2.36821556999439
0
0
0
0
0
0
0
0
0
0
0
0
0
0
0
0
0
0
0
0
0
0
0
0
0
0
0
0
0
0
0
0
0
0
0
0
0
0
0
0
0
0
0
0
0
0
0
0
0
0
0
0
0
0
0
0
0
0
0
0
0
0
0
0
0
0
0
0
0
0
0
0
0
0
0
0
0
0
0
0
0
0
0
0
0
0
0
0
0
0
0
0
0
0
0
0
0
0
0
0
0
0
0
0
0
0
0
0
0
0
0
0
0
0
-999.987185026758
0
0.00183071046308214
0
0.020148458759536
0
0
-0.0128149732416887
0
1000
0
0
0
0
0.0164870378333717
0
0
0
0
0
0
0
0
0
0
0
0
0
0
0
0
0.00367206459167671
0.00367206459167671
0.00367206459167671
1000
-1000
0
-102.338112177045
869.474793269229
0
0
0
0
0
0
-1000
0
0
0
0
0
0
0
0
0
0
0
-1000
0
612.966968010174
-387.033031989826
-1000
-1000
-999.757294695794
-1000
-1000
-1000
0
0
0
0
0
0
0
0
0
0
-1000
0
1000
0.402206379164667
0.00367206459167671
0.00367206459167671
0.00367206459167671
0.00367206459167671
0.00367206459167671
0
0
0
0
1000
0
0
0
0
0
0.120881988940461
0
0
0
0
0
0
0
0
0
1000
0
0
0
0
0
0
1000
-1000
0
1000
0
0
-1000
0
0
0
0
0
0
0
0
0
0
69.2938038194958
0
0
0
0
0
0
0
0
0
0
0
0
0
83.3338408292167
0
0
0
0
0
0.756426455651246
83.3338408292167
0
0
0
0
4.26200413492462
83.3338408292167
0
0
0
0
1.14837889493438
83.3338408292167
0
0
0
0
-1000
0
0
0
0
0
0
0
0
0
0
-1000
0
0
0
0
0
0
0
834.580434684963
1000
-1000
-1000
-1000
-1000
-1000
0
0.0219898128881278
0
0
0
0
1000
-1000
-1000
0
246.743406677339
0
0
0
999.97796761245
14.8107527648636
0
0
0
0
0.590556683553974
0.590556683553974
-289.672165102962
-999.985354316295
0
0
0
0
0
0
0.372776644103838
0
1000
0
0
0
0
0
0
0
999.243573544349
0.00367206459167671
0
0
0
0
0
0
0
0
-201.320966497823
-1000
0
0
996.494422320727
0
0
0
1000
0
0.00549213138929038
0
0
-442.692765752734
0
-1000
0
0
0
-1000
-1000
0
0
0
0
0
0
0
0
0
0
0
0
0
0
-750
0
0
0
0
-482.02894383689
-1000
0
0
-445.136640387395
0
0
0
0
0.000914024773363007
0
0
0
0
0
0
0
0
998.021818003746
0
1000
0
0
0
0
0
0
0
0
0
1000
0
-1000
-1000
950.602580384906
-1000
-1000
1000
0
0
0
0
0
0
0
0
-1000
0
0
500.190559498204
0.00183071046309679
0.00183071046309679
0
-1000
0
0
375.819612579883
0
0
0
0
0
0
0
0
0
0
0
0
0
0
-1000
0
0
0
0
0
0
0
0
0
0
0.00367206459168301
0
0
0
0
0
0
0
0
0
0
0
0
0
0
0
0
0
0
0
0
0
0
0
0
0
0
0
0
0
0
0
0
0
0
0
0
0
0
0
0
0
0
0
0
0
0
0
-1000
0
-1000
0
0
0
0
0
0
-1000
0
0
0
0
0
0
0
0
0
0
0
-1000
0
0
0
0
0
0
0
0
0
0
0
0
0
1000
0
0
0
-1000
0
0
0
0
0
0
0
0
0
0
0
0
0
0
0
0
0
0
0
0
0
0
0
0
0
0
0
0
0
0
0
0
0
0
0
0
0
0
123.575828054596
0
0
0
0
0
0
0
0
0
0
0
0
0
0
123.696710043536
0
0
0
0
0
0
0
0
0
0
0
0
0
0
0
0
0
0
0
0
0
0
0
0
0
0
0
0
0
0
0
0
0
0
0
0
0
0
0
0
0
0
0
0
0
0
0
0
0
0
0
0
0
0
0
0
0
0
0
0
0
0
0
0
0
0
0
0
0
0
0
0
0
0
0
0
0
0
0
0
0
0
0
0
0
0
0
0
0
0
0
0
0
0
0
0
0
0
0
0
0
0
0
0
0
0
0
0
0
0
0
0
0
0
0
0
0
0
0
0
0
0
0
0
0
0
0
-1000
0
0
0
0
0
0
0
0
0
0
0
0
0
0
0
0
0
0
0
0
0
0
0
194.274066962782
0
0
0
-98.5123274248583
0
1000
0
-999.832748101515
0
-999.629305468638
0
0
-1000
0
0
0
0
1000
0.0220323875500981
0
0
0
0
0
0
0
0
0
0
0
0
0
0
0
-33.2195292364148
0
0
0
0
0
0
0
0
0
0
0
0
0
0
0
0
0
0
0
0
0
0
0
0
0
0
0
0
0
0
0
0
0
0
0
0
0
0
0
0
0
0
0
0
0
0
0
0
0
0
0
0
0
0
0
0
0
0
0
0
0
0
0
0
0
0
0
0
0
0
0
0
0
0
0
0
0
0
0
0
0
0
0
0
0
0
0
0
0
0
0
0
0
0
0
0
0
0
0
0
0
0
0
0
0
0
0
0
0
0
0
0
0
0
0
0
0
0
0
0
0
0
0
0
0
0
0
0
0
0
0
0
0
0
0
0
0
0
0
0
0
0
0
0
0
0
0
0
0
0
0
0
0
0
0
0
0
0
0
0
0
0
0
0
0
0
0
0
0
0
0
0
0
0
0
0
0
0
0
0
0
0
0
0
0
0
0
0
0
0
0
0
0
0
0
0
0
0
0
0
0
0
0
0
0
0
0
0
0
0
0
0
0
0
0
0
0
0
0
0
0
0
0
0
0
0
0
0
0
0
0
0
0
0
0
0
0
0
0
0
0
0
0
0
0
0
0
0
0
0
0
0
0
0
0
0
0
0
0
0
0
0
0
0
0
0
0
0
0
0
0
0
0
0
0
0
0
375.819612579883
0
0
0
0
0
0
0
0
0
0
0
-1000
0
0
1.01208841134775
0
0.00367206459168301
-597.044935439793
-289.672165102962
0
0
0
0
0
0
0
0
0
0
0
0
0
0
0
0
0
0
0
0
0
0
0
0
0
0
0
0
0
0
0
0
0
0
0
0
0
0
0
0
0
0
0
0
0
0
0
0
0
0
0
0
0
0
0
0
0
0
0
0
0
0
0
0
0
0
0
0
0
0
0
0
0
0
0
0
0
0
0
0
0
0
0
0
0
0
0
0
0
0
0
0
0
0
0
0
0
0
0
0
0
0
0
0
0
0
0
0
0
0
0
0
0
0
0
0
0
0
0
0
0
0
0
0
0
0
0
0
0
0
0
0
0
0
0
0
0
0
0
0
0
0
0
0
0
0
0
0
0
0
0
0
0
0
0
0
966.780470763585
0
887.138407866601
201.324638562415
0
0
0
0
0
0
0
1000
0.00367206459168301
0
0
-1000
1000
0
0
0
0
0
0
0
0
0
0
0
0
0
0
0
0
0
0
0
0
1000
0
0
0
0
298.488474003973
0
0
0
0
0
0
0
0
0
0
0
0
0
0
0
0
0
0
0
0
0
0
0
0
0
0
0
0
0
0
0
0
0
0
0
0
0
0
0
0
0
0
0
0
0
0
0
0
0
0
0
0
0
0
0
0
0
0
0
0
0
0
0
0
0
0
0
0
0
0
0
0
0
0
0
0
0
0
0
0
0
0
0
0
0
0
0
0
0
0
0
0
0
0
0
0
0
0
0
0
0
0
0
0
0
0
0
0
0
0
0
0
0
0
0
0
0
0
0
0
710.327834897038
500
88.6972123593408
-304.5582881644
2.35331581324715
0
0
-0.992763062718609
0
0
473.421370967982
19.6198233738862
42.8851021757413
0.106436654831209
88.6972123593408
0
0
0
0
0
0
0
0
0
0
0
0
0
0
0
0
0
0
0
492.542170202644
-1000
0
-1000
0
289.66849303837
-1000
0
289.672165102962
0
0
0
-152.627644648713
500.0030449753
-27.5058845719745
0
-1.14837889493435
0
0
0
0
0.00367206459167671
0
0
0
0
0
0
0
0
0
0
0
0
0
0
0
0
0
152.627644648712
0
123.575828054596
0
0
298.501288977215
-57.8722522052458
-2.53852176774967
0
-10.8969315032917
-21.3626526389774
-43.5661149373757
-34.1633633689075
22.5508999228754
-615.114406934268
-26.9919853112058
-4.68241453766177
-31.9545943427108
-1000
-1000
0
0
0
0
-1000
250.18213499442
-17.8047635339102
-316.792544063918
-13.538392140541
-10.4733624005306
-24.3035018468242
-236.446104784367
975.551025855185
-131.579507787715
0
805.725933037218
-1000
0
0
1000
24.4470807274324
0
999.814652734319
-1000
0
0
0
0
0
0
1000
0
0
-24.4470807274325
0
0
0
0
0
0
0
0
-0.00367206459168301
-0.00367206459168301
0
0
0
0
0
0
0
0
0
0
0
0
0
0
0
-1000
1000
1000
110.413886121688
0
0
-1000
1000
246.743406677339
-0.00367206459168301
-0.00367206459168301
-1.0120884113478
601.254891037431
0
0
-0.00367206459168301
0
-0.00367206459168301
0
0
-12.2235403637162
-0.00367206459168301
0
0
0
-0.00367206459168301
0
0
0
0
0
1000
0
0
0
0
0
887.138407866601
0
0
0
0
0
-33.2195292364148
0
0
0
0
0
0
0
-715.830071041691
0
0
0
-1000
0
1000
0
0
-0.00367206459168301
-1000
0
0
0
0
0
0
0
0
0
0
0
0
0
-0.0257044521417811
-3.2931935621117
-0.402899104393214
-1000
-1000
12.2235403637162
0
0
0
0
0
0
2.49904041033597
0
0
0
0
0
0
-4.04341321066158
0
0
0
0
1000
1000
246.910658575825
0
0
459.062911494633
753.089341424175
0
0
0
0
0
0
0
0
0
0
-1000
-1000
0
0
0
0
0
-0.0513343986250447
0
0
0
0
-366.714395303193
-1000
1000
0
0
0
0
0
0
1000
-1000
-1000
-5.60986806897643
0
0
0
0
0
0
0
0
0
1000
0
-0.419414896699891
-0.120881988940482
-32.7287985056299
-502.698378081907
-1.78300933687183
-12.6669744308783
0
-6.49740690554984
-3.47535718203824
-0.120881988940369
0
0
0
0
-0.120881988940482
-966.780470763585
-0.241763977880964
-0.120881988940482
0
-0.876394419818325
0
-0.120881988940482
-45.2693908334294
-47.0542555213998
0
-14.8107527648635
0
-0.372776644103851
-0.120881988940482
0
0
-83.4547228181572
-0.120881988940482
-1.26926088387484
-0.120881988940482
0
42.1955201148112
-7.55512430877877
0
0
0
-1000
1000
0
0
-1000
1000
-0.00367206459168301
-1000
750
-750
0
0
0
-1000
0
0
1000
0
0
0
0
0
0
0
0
0
0
0
0
0
0
0
-500.190559498204
500.190559498204
1000
-1000
-1000
298.488474003973
-1000
-1000
0
0
0
-0.120881988940482
-0.120881988940482
0
0
0
0
966.780470763585
-1000
999.832748101515
1000
0.0220323875500981
0
0
0
0
0
1000
-1000
0
0
0
0
0
0
0
0
0
0
0
0
0
0
0
0
0
0
0
0
0
0
0
0
0
0
0
0
0
0
0
0
0
0
0
0
0
0
0
0
0
0
0
0
0
0
0
0
0
0
0
0
0
0
0
0
0
0
0
0
0
0
0
0
0
0
0
0
0
0
0
-0.120881988940482
0
0
0
0
0
0
0
0
0
0
0
0
0
0
0
0
0
0
0
0
0
0
0
0
0
0
0
0
0
0
0
0
0
0
0
0
0
0
0
0
0
0
0
0
0
0
0
0
0
0
0
0
0
0
0
0
0
0
0
0
0
0
0
0
0
0
0
0
0
0
0
0
0
0
0
0
0
0
0
0
0
0
0
0
0
0
0
0
0
0
0
0
0
0
0
0
0
0
0
0
0
0
0
0
0
0
0
0
0
0
0
0
0
0
0
0
0
0
0
0
0
0
0
0
0
0
0
0
0
0
0
0
0
0
0
0
0
0
0
0
0
0
0
0
0
0
0
0
0
0
0
0
0
0
0
0
0
0
0
0
0
0
0
0
0
0
0
0
0
0
0
0
0
0
0
0
0
0
0
0
0
0
0
0
0
0
0
0
0
0
0
0
0
0
0
0
0
0
0
0
0
0
0
0
0
0
0
0
0
0
0
0
0
0
0
0
0
0
0
0
0
0
0
0
0
0
0
0
0
0
0
0
0
0
0
0
0
0
0
0
0
0
0
0
0
0
0
0
0
0
0
0
0
0
0
0
0
-887.138407866601
0
1000
0
0
597.044935439793
0
0
0
0
0
0
0
0
0
0
0
0
0
0
0
0
0
0
0
0
0
0
0
966.780470763585
0
-1000
0
-201.324638562415
-0.00367206459168301
0
0
0
0
0
0
0
0
1000
0
0
0
0
0
-1000
0
0
0
0
0
0
0
0
0
0
0
0
0
0
0
0
0
0
0
0
0
0
0
0
0
0
0
0
0
0
0
0
0
0
0
0
0
0
0
0
0
0
0
0
0
0
0
0
0
0
-0.120881988940482
-0.120881988940482
-0.120881988940482
0
-0.120881988940482
0
0
-0.120881988940482
-0.120881988940482
-0.120881988940482
-0.120881988940482
386.912150000886
-0.120881988940482
-0.119940662615136
-0.120881988940482
-0.120881988940482
-0.120881988940482
-0.120881988940482
-0.120881988940482
0
-0.120881988940482
-0.120881988940482
-0.120881988940482
0
-1000
88.6972123593409
0
0
0
0
0
0
0
0
0
0
0
