0
0
0
0
0
0
0
315.619445230188
-1000
712.455833388721
287.544166611279
52.1068715158158
0
0
999.830109816418
0
999.830109816418
-999.830109816418
999.961008810325
0
0.0389911896744611
0
-1000
-51.8617840378621
0
1000
50.4734569066466
0
-23.6813961091394
0.0202254195870835
0
0
0
0
0
0.0214730915745983
0
0
0
23.3981699597668
0
0
0
0
0
465.456820963282
0
465.456820963282
0
465.456820963282
0
465.456820963282
0
465.456820963282
0
465.456820963282
0
534.522953617131
465.456820963282
0
0
0
0
0
0
23.6813961091394
0
0
0
0
0
0
0
0
0
0
0
0
0
0
0
-1000
0
258.197746742974
0
0
0
0
0
0
0
0
0
0
0
0
0
0
0
0
0
0
0
0
0
0
0
0
0
0
0
0
0
0
0
0
0
0
0
0
0
0
0
0
0
0
0
0
0
0
683.263735694136
0
0
1000
0
0
0
0
0
0
1000
0
0
0
0
-9.76155061177042
0
0
0
0
-1000
0
0
0
0
0
0
-204.62592052939
-306.933310624131
1000
-102.312960264695
0
0
0
-1000
-102.312960264695
-102.312960264695
1000
-1000
0
0
1000
0
0
0
0
0
1000
-1000
0
0
0
0
0
-2.62312666909747
0
0
0
0
0
0
0
250.619602347778
-1000
0
0
0
0
0
0
0
0
0
0
0
0
0
0
-2.6259117540742
0
-999.997214915023
0
0
0
0
1000
0
0
0
0
0
0
-1000
0
0
-1000
999.23100549246
0
0.307597803016165
0
0
0
0
0.461396704524204
0
-58.5095101698553
0
0
2.19580189350279
-997.804198106497
0
-2.19580189350279
0
0
0
0
0
0
0
0
0
0
-1000
0
-1000
1000
-489.046282387422
-1000
1000
1000
3.32801986818205
-1000
-4.35575827448872
-0.644729603328642
-1000
0
0
-0.461396704524191
1000
-1000
-1000
1000
0
0
1000
0
0.119758654000131
0
-0.119758654000179
0
0.00118891735098372
0
0
0
0
1.44245397608099
0
0
0
1000
349.63014919232
0
0
0
0
0
0
0
1000
0
1000
0.313167972969723
0
0
1000
997.91281642059
-0.119758654000179
0
-0.461396704524191
0
0
0.461396704524191
0
0
0
0
0
0
0
0
-1000
0
0
0
-1000
0.461396704524191
0
1000
-0.644729603328642
0
0
0.00238474701215334
0
0
0
0
0
0
0
0
0
0
0
0
0
0
0
0
1.53798901508068
0
6.47453053539582
0
0
0
0
0
0
0
0
-463.417721334011
745.319756716706
1000
-3.32920878553307
1000
1000
-1000
1000
0
-1000
1000
-1000
-1000
-996.671980131818
1000
0
-1000
0
0
0
0
-1000
0
-1000
1000
-1000
1000
1000
0
996.723493547409
-1000
0
0
0
0
0
0
0
0.644729603328608
1000
-1000
1000
1000
1000
-1000
-487.354494470833
1000
-978.229494759384
0
1000
1000
-1000
-534.723608572799
-1000
-1000
0
1000
1000
-1000
-1000
-1000
-1000
-2.96890864957447
1000
0
0
0
-1000
1000
1.23317629704127
0
0
-248.423800454275
0
0
0
-935.560866785083
1000
0
0
0
-19.6232882472916
0
0
0
0
0
64.4391332149168
0
0
0
0
0
0
0
0
0
0
0
0
0
1000
-64.4391332149168
-935.560866785083
0
0
935.560866785083
0
0
0
0
0
0
0
0
0
0
0
1000
0
0
0
0
0
0
0
0
0
0
0
1000
0
0
0
0
0
-1000
1000
0
0
0
0
0
0
0
0
0
0
0.00238474701211544
1000
0.0696271244187301
0.0696271244187301
0
-999.538603295476
0
0
0
0
0
0
0
0
21.5737417231313
0
0
0
0
-510.012370410954
0
0
0
0
0
0
0
0
0
0
0
0
0
0
0
0
0
0
0
0
0
0
0
0
0
0
0
0
0
0
0
0
0
0.108618314093148
0
0
0
1000
0
0
0
0
0
0
-1000
0
0
0
0
0
0
0
0
0
0
0
0
0
0
0
0
0
0
0
0
0
0
0
0
0
181.886504720479
0
0
0.108618314093148
0
0
0
0
0
0
0
0
0
988.54923112295
0
0
0
0
0
0
0
0
0
0
0
0
0
0
0
0
0
0
0
0
0
0
0.00238474701214757
0
0
0
0
0
0
0
0
0
0
0
0
0
0
0
0
0
0
0
0
0
0
0
0
0
0
0
0
0
0
0
0
0
0
0
0
0
0
0
0
0
0
0
0
0
0
237.453760095623
0
-1000
0
237.4565451806
0
0
0
0
0.504100380791248
0.504100380791248
0
0
0
0
0
0
0
0
0
0
0
0
0
0
0
0
0
0
0
0
0
0
0
0
0
0
0
-0.00238474701211544
0
0
0
-1000
0
0
-1000
0
0
0
0
1.44824418790856
0
0
1.44824418790856
0
0
0
0
0
0
0
0
0
0
1.44824418790856
0
1.44824418790856
0
0
0
8.6394516831688
24.6270491039794
15.7416343835674
11.5295173707769
17.0944310884052
5.62640447693911
13.1590224925133
24.0736322701821
22.167418731547
7.00994656143234
13.589457807689
28.0090408660739
22.1059279722362
6.82547428349991
11.314299713189
15.6801436242565
20.3226959522227
16.4487781156417
3.01304720622969
20.5071682301551
0
0
0
0
0
0
0
0
0
0
0
0
0
0
0
0
0
0
0
0
0
0
0
0
0
0
0
0
0
0
0
0
0
0
0
0
0
0
0
0
0
0
0
0
0
0
0
0
0
0
0
0
0
0
0
0
0
0
0
0
0
0
0
0
0
0
0
0
0
0
0
0
0
0
0
0
0
0
0
0
0
0
0
0
247.885072279611
0
0
247.885072279611
0
0
0
0
0
-1000
0
0
0
0
21.5737417231313
1000
1000
-254.680243283294
-254.680243283294
0
0
0
0
0
489.985244842034
0
-19.6232882472916
-490.085507901197
-490.085507901197
-1000
0
-489.987629589046
0
29.2164438144721
480.717944217133
1000
489.990815011987
1000
0
0
510.014755157966
0
-1000
-1000
-1000
0
0
510.012370410954
0
510.012370410954
489.987629589046
0
0
0
0
0
0
0
0
0
0
0
1000
255.327357633635
1000
1000
0
500
2.13340901125659
2.50834315838743
5
0
0
0
0
0
0
284.445797390104
0
0
0
0
-0.000972107673192113
0
0
0
0
-0.000972107673192113
0
351.015753494072
0
-0.000972107673192113
0.000972107673192113
-0.000972107673192113
-0.362429194774109
0
-0.0607567295722902
0
-1000
-0.376448696429748
0.000972107673192113
-0.000972107673192113
-0.000972107673192113
0.000972107673192113
-0.000972107673192113
0.000972107673192113
-0.000972107673192113
-0.000972107673192113
-0.000972107673192113
-0.000972107673192113
-0.000972107673192113
-0.000972107673192113
-0.000972107673192113
-0.000972107673192113
-0.000972107673192113
-0.000972107673192113
-0.000972107673192113
-0.0204142611362386
-0.00964501712644505
-0.0279480956032785
-0.0281911225215481
-0.0143385881790437
0.000972107673192113
39.4522483835849
-0.0580432321662556
0.000972107673192113
0.000972107673192113
0.000972107673192113
0.000972107673192113
-0.465396548523586
-0.00704778063038702
-0.0522507874321718
-0.263198152507016
-0.0129206279740401
0.000972107673192113
0.0102071305681193
0
0.000972107673192113
0.000972107673192113
-0.000972107673192113
0
0
0
0
0
0
0
0
0
0
0
0
0
0
0
0
0
0
0
0
0
0
0
0
0
0
0
0
0
0
0
0
0
0
0
0
0.00356934416925014
0
0
0
0
0
0
0
0
0
0
0
0
0
0
0
0
0
0
0
0
0
0
0
0
0
0
0
0
0
0
0
0
0
0
0
0
0
0
0
0
0
0
0
0
0
0
0
0
0
0
0
0
0
0
0
0
0
0
0
0
0
0
0
0
0
0
0
0
0
0
0
0
0
0
0
0
0
0
0
0
0
0
0
0
0
0
0
0
0
0
0
0
0
0
0
0
0
0
0
0
0
0
0
0
0
0
0
0
0
0
0
0
0
0
0
0
0
0
0
0
0
0
0
0
0
0
0
0
0
0
0
0
0
0
0
0
0
0
0
0
0
0.000972107673156275
244.996465329539
0.000972107673156275
753.631044723645
0.000972107673156275
0
0
0
0.000972107673156275
0.000972107673156275
0
0
0
0
0
0
0
0
0
0
0
0
0
0
0
0
0
0
0
0
0
0
0
0
0
0
0
0
0
0
0
0
0
0
0
0
0
0
0
0
0
0
0
0
0
0
0
0
0
0
0
0
0
0
0
0
0
0
0
0
0
0
0
0
0
0
0
0
0
0
0
0
0
0
0
0
0
0
0
0
0
0
0
0
0
0
0
0
0
0
0
0
0
0
0
0
0
0
0
0
0
0
0
0
0
0
0
0
0
0
0
0
0
0
0
0
0
0
0
0
0
0
0
0
0
0
0
0
0
0
0
0
0
0
0
0
0
0
0
0
0
0
0
0
0
0
0
0
0
0
0
0
0
0
0
0
0
0
0
0
0
0
0
0
0
0
0
0
0
0
0
0
0
0
0
0
0
0
0
0
0
0
0
0
0
0
0
0
0
0
0
0
0
0
0
0
0
-1000
0
0
0
0
0
0
0
0
0
0
0
0
0
0
0
0
0
0
0
0
0
0
0
22.8089156778146
0
0
0
0
0
0
0
0
0
0
0
0
0
0
0
0
0
0
0
0
0
0
0
0
0
0
0
0
0
0
0
0
0
-0.00297574953253843
0
0
0.00297574953253843
0
0.00297574953254936
0
0.00297574953254936
0
0
0
0
0
0
0
0
0
0
0
0
0
0
0
0
0
0
0
0
0
0
0
0
0
0
0
0
0
0
0
0
0
0
0
0
0
0
0
0
0
0
0
1000
1000
0
0
0
0
0
0
0
0
0
0
0
0
0
0
0
0
0
0
0
0
0
-1000
0
-1000
0
0
0
0
0
0
0
1000
1000
0
0
0
0
0
0
0
0
0
0
0
0
0
0
0
0
0
0
0
0
0
0
0
0
0
0
0
0
0
0
0
0
0
0
0
0
0
0
0
0
0
0
0
0
0
0
0
0
0
0
0
0
0
0
0
0
0
0
0
0
0
0
0
0
0
0
0
0
0
0
0
0
0
0
0
0
0
0
0
0
0
0
0
-998.710540793342
-8.71281008273854
0
0
0.000972107673192113
0
-754.969267874983
0
244.995493221866
0
0
754.969267874983
0
-402.562068334468
0
0
0
0.00356934416925014
0.375476588756555
0
-999.624523411243
1000
0
0
0
0
0
0
0
0
0
0
0
0
0
-1000
0.00356934416925014
0
0
0
-0.00951825111803828
0
0
0
0
0
0
0
0.00951825111803828
0
0
0
0
0
284.445797390104
1000
-998.710540793342
-244.994521114192
-244.994521114192
0
-489.941683409132
1000
-0.01430848207292
0
0
0.000972107673192113
-0.000972107673192113
0
0
245.030732125017
-245.030732125017
1000
0
-244.995493221866
-244.995493221866
0
0
-1000
0
-245.030732125017
-754.969267874983
-1000
0
-745.348373680851
-254.651626319149
-1000
0
0
0
0
0
-1000
0
-0.375476588756555
0
0
0
-999.624523411243
999.624523411243
-1000
0
0
0
-1000
0
0
0
1000
0
0
0
0
0
0
0
0
0
0
0
0
0
0
0
0
0
0
0
-1000
1000
-1000
0
-1000
0
-1000
0
-1000
0
0
0
0
0
0
0
0
0
-1000
0
1000
0
-257.971300202962
0
-1000
0
-1000
0
-1000
0
0
0
0
0
0
0
0
0
-723.831831045724
-276.168168954276
39.4512762759116
-39.4512762759116
0
0
0
0
0
0
0
0
0
0
0
0
0
0
0
0
0
0
0
0
0
0
0
0
0
0
0
0
0
0
0
0
0.00356934416925014
-0.00356934416925014
0
0
0
0
0
0
0
0
0
0
0
0
0
0
0
0
0
0
0
0
0
0
0
0
0
0
0
0
0
0
0
0
0
0
0
0
0.00356934416925014
-0.00356934416925014
0
0
0
0
0
0
0.00951825111803828
0.00951825111803828
0
0
0
0
0
0
0
0
0
0
0
0
0
0
0
0
-0.00951825111803828
-0.00951825111803828
0
0
0
0
0
0
0
0
0
0
0
0
0
0
0
0
0
0
0
0
0
0
0
0
0
0
0
0
0
0
0
0
0
0
0
0
0
0
0
0
0
0
0
0
0.781065705218254
0.00238474701214757
0
0
0
0
0
0
0
0
0.0982746179344137
0
0
0
0
0
0
0
0
0
0
0
0
0
0
0
0
0
0
0
0
0
0
0
0
0
0
0
0
0
0
0
0
0
0
0
0
0
0
0
0
0
0
0
0
0
0
0
0
0
0
0
0
0
0
0
0
0
245.030732125017
245.030732125017
245.030732125017
0
0
0
0
0
0
0
0
0
0
0
0
0
0
0
0
0
0
0
0
0
0
0
0
0
0
0
0
0
0
0
0
0
0
0
0
0
0
0
0
0
0
0
0
0
0
0
0
0
0
0
0
0
0
0
0
0
0
0
0
0
0
0
0
0
0
0
0
0
0
0
0
0
0
0
0
0
0
0
0
0
0
0
0
0
0
0
0
0
0
244.995493221866
244.995493221866
244.995493221866
244.995493221866
-244.995493221866
0
0
0
0
0
0
0
0
0
0
0
0
0
0
0
0
0
0
0
0
0
0
0
0
0
0
0
0
0
0
0
0
0
0
0
0
0
0
0
0
0
0
0
0
0
0
0
0
0
0
0
0
0
0
0
0
0
0
0
0
0
0
0
0
0
0
0
0
0
0
0
0
0
0
0
0
0.00238474701214757
0.00238474701214757
0.00238474701214757
0.00238474701214757
0.00238474701214757
0
0
0
0
0
0
0
0
0
0
0
0
0
0
0
0
0
0
0
0
0
0
0
0
0
0
0
0
0
0
0
0
0
0
0
0
0
0
0
0
0
0
0
0
0
0
9.76155061177037
9.76155061177037
-9.76155061177042
3.24828579422844
-1.6229505236081
1.62295052360815
1.62295052360815
1.62295052360815
1.62295052360815
1.62295052360815
1.62295052360815
1.62295052360815
1.62295052360815
1.62295052360815
1.62295052360815
0
1.62295052360815
1.6229505236081
1.62295052360815
1.62295052360815
1.62295052360815
1.62295052360815
1.62295052360815
1.62295052360815
0
0
0
1.62295052360815
1.62295052360815
0
1.61819485420421
0
0
0
0
0
0
0
0
0
0
0
0
0
0
0
0
9.76155061177037
9.76155061177037
3.24828579422844
3.24828579422844
0
0
0
0
0
0
0
0
0
0
0
0
0
0
0
0
0
0
0
0
0
0
0
0
0
0
0
0
0
0
0
0
0
0
0
0
0
0
0
0
0
0
0
0
0
0
0
0
0
0
0
0
0
0
0
0
0
0
0
0
0
0
0
0
0
0
0
0
0
0
0
0
0
0
0
0
0
0
0
0
0
0
0
0
0
0
0
0
0
0
0
0
0
0
0
0
0
0
0
0
0
0
0
0
0
0
0
0
0
0
0
0
0
0
0
0
0
0
0
0
0
0
0
0
0
0
0
0
0
0
0
0
0
0
0
0
0
0
0
0
0
0
0
0
0
0
0
0
0
0
0
0
0
0
0
0
0
0
0
0
0
0
0
0
0
0
0
0
0
0
0
0
0
0
0
0
0
0
0
0
0
0
0
0
0
0
0
0
0
0
0
0
0.781065705218254
0.797731285062567
0.797731285062567
0
0
0
0
-0.797731285062582
0
0
0
0.0166655798443124
0
0
1000
0
0
0
0
0
0
0
0
0
0
0
0
0
0
0
0
0
0
0
0
0
0
0
0
0
0
0
0
0
0
0
0
0
0
0
0
0
0
0
0
0
0.797731285062567
0
0
0
0
0
0
0
0
0
0
0
0
0
0
0
0
0
0
0
0
0
0
0
0
0
0
0
0
0
0
0
0
0
0
0
0
0
0
0
0
0
0
0
0
0
0
0
0
0
0
0
0
0
0
0
0
0
0
0
0
0
0
0
0
0
0
0
0
0
0
0
0
0
0
0
0
0
0
0.781065705218254
0.00238474701214757
0
0
0
0
0
0
0
1.02825452546677
0
0
0
0.644729603328608
0.644729603328608
0.644729603328608
0
0
0
0
0
0
0.881725070164815
0
0
0
0.00238474701214757
0
0
0
0
-0.881725070164862
0.881725070164815
0
0
0
0
0
0
0
0
0
0
0.160810288134121
0
0.146529455301956
0
0
0
0
0
0
0
0
0
0
7.18886249403163
7.18886249403163
7.18886249403163
0
0
0
0
-0.0982746179344076
0
0
0
0
0
0
0
0
0
0
0
0
0
0
0
0
0
0
0
0
0
0
0
0
0
0
0
0
0
0
0
0
0
0
0
0
0
0
0
0
0
0
0
0
0
0
0
0
0
0
0
0
0
0
0
0
0
0
0
0
0
0
0
0
0
0
0
0
0
0
0
0
0
0
0
0
0
0
0
0
0
0
0
0
0
0
0
0
0
0
0
0
0
0
0
0
0
0
0
0
0
0
0
0
0
0
0
0
0
0
0
0
0
0
0
1000
0
0
1000
1000
0
0
0
0
0
0
0
0
0
0
0
0
0
0
0
0
0
0
0
0
0
0
0
0
0
0
0
0
0
0
0
0
0
0
0
0
0
0
0
0
0
0
0
0
0
0
0
0
0
0
0
0
0
0
0
0
0
0
0
0
0
0
0
0
0
0
0
0
0
0
0
0
0
0
0
0
0
0
0
0
0
0
0
0
0
0
0
0
0
0
0
0
0
0
0
0
0
0
0
0
0
0
0
0
0
0
0
0
0
0
0
0
0
0
0
0
0
0
0
0
0
0
0
0
0
0
0
0
0
0
0
0
0
0
0
0
0
0
0
0
0
0
0
0
0
0
0
0
0
0
0
0
0
0
0
0
0
0
0
0
0
0
0
0
0
0
0
0
0
0
0
0
0
0
0
0
0
0
0
0
0
0
0
0
0
0
0
0
0
0
0
0
0
0
0
0
0
0
0
0
0
0
0
0
0
0
0
0
0
0
0
0
0
0
0
0
0
0
0
0
0
0
0
0
0
0
0
0
0
0
0
0
0
0
0
0
0
0
0
0
0
0
0
0
0
0
0
0
0
0
0
0
0
0
0
0
0
0
0
0
0
0
0
0
0
0
0
0
0
0
0
0
0
0
0
0
0
746.263693286467
0
746.263693286467
0
253.736306713533
746.263693286467
0
253.736306713533
0
746.263693286467
0
0
0
0
0
0
0
0
0
0
0
0
0
0
0
0
0
0
0
0
0
0
0
0
0
1000
0
0
0
0
0
0
0
0
0
0
0
0
0
0
0
0
0
0
0
0
0
0
0
0
0
0
0
0
0
0
0
0
0
0
0
0
0
0
0
0
0
0
0
-746.263693286467
0
0
0
746.263693286467
0
0
0
0
0
0
0
0
0
0
0
0
0
0
0
0
0
0
0
0
0
0
0
0
0
0
0
0
0
0
0
0.108618314093148
0.108618314093148
0
0
0
0.108618314093178
0
0.108618314093148
-247.885072279611
0
0
0
0.0167105098604815
0
0
0
0
0
0
0
0
247.885072279611
0
0
0
0
0.657280054512285
0
0
0
0
0
0
0.657280054512285
0
0.657280054512285
0.657280054512285
0
0
0
0
0
0
0
0
0
0
0
0
0
0
0
0
0
0
0
0
0
0
0
0
0
0
0
0
0
0
0
0
0
0
0
0
0
976.18976015718
976.18976015718
0
0
0
0
0
0
0
0
0
0
0
0
0
0
0
0
0
0
0
0
0
0
0
0
0
0
0
0
0
0
0
0
0
0
0
0
0
0
0
0
0
0
0
0
0
0
0
0
1000
125.801996618662
-912.936940359294
0
0
0
-1000
1000
1000
0
0
0
0
212.403659554843
-1000
0
0
0
0
0
0
0
0
0
0
0
0
0
0
0
0
0
0
0
0
0
0
0
0
0
0
0
0
0
0
0
0
0
0
0
0
0
0
0
0
-1000
0
0
1000
0
0
0
0
0
0
0
0
0
0
0
0
0
0
-999.997615252988
999.997615252988
1000
999.997615252988
1000
-1000
-1000
0
0
0
0
0
0
0.00238474701211544
0
0
0
0
0
0
0
0
0
0
0
0
0
0
0
0
0
0
0
0
0
0.00951825111804987
0
0.00238474701214757
0.0142808328321649
1000
0.00118891735098372
0.00118891735098372
0.00238474701211544
0
0.00832933376706615
0.00118891735098372
0.0178544971953408
-0.00118891735098714
0.00118891735098372
0.00118891735098372
0.00118891735098372
0.00118891735098372
0.00118891735098372
-0.00118891735098714
-0.00237783470197428
0.00118891735098372
0.00118891735098372
0.00118891735098714
0.00118891735098372
-0.00357366436310258
-0.00357366436310258
0.00238474701211544
0.00238474701211544
0.00118891735098372
0.00118891735098372
0.00238474701214757
0.00238474701214757
-0.00238474701211544
-0.00238474701211544
0.00238474701211544
0.00238474701211544
0.00118891735098372
0.00118891735098372
0.00118891735098372
0.00118891735098372
0.029771319945894
-0.00357366436310258
-999.983334420156
0
0
0
0
0
0
-1000
0
0
0
0.00238474701214757
0
0
0
0
0.00119237350607379
0.00238474701211544
0.00238474701211544
0
0
0.00238474701214757
0.00238474701214757
0
0
0
0
0
0
0.00475566940393487
0.00118891735098372
0.00356675205295115
0.00118891735098372
-0.00118891735098714
0.00118891735098372
0.00118891735098372
0.00118891735098372
0.00118891735098372
0.00118891735098372
0.00118891735098372
0.00237783470196743
0.00118891735098372
0.00118891735098372
0.00118891735098372
0.00118891735098372
0.00118891735098372
0
0.00118891735098372
0.00238474701214757
0
0.00238474701214757
0
0.00238474701214757
0.00238474701214757
0.00238474701214757
0.00238474701214757
0.00238474701214757
0.00238474701214757
0
0.00238474701214757
0
0.00238474701214757
0.00238474701214757
0.00238474701214757
0.00238474701214757
0.00238474701214757
0
0
0
0
0
0
0
0
0
0
0
0
0
0
0
0
-0.00238474701211544
0.00238474701214757
0.00238474701214757
0
0
0
0
0
0
0
0
0
0
0
0
0
0
0
0
0
0
0
0
0
0
0
0
0
0
0
0
0
0
0
0
0
0
0
0
0
0
0
0
0
0
0
0
0
0
0
0
0
0
0
0
0
0
0
0
0
0
0
0
0
0
14.5710813126547
157.809722615094
21.5737417231313
0
0
0
0
0.00238474701214757
0
0
0
0
0
0
0
0
0
0
0
0
0
0
0
0
0
0
0
0
0
0
0
-1000
0
0
0
-284.445797390104
0
0
0
0
0
0.000972107673156275
0
0
0
0
0
0
0
0
0
0.000972107673156275
0
0
0
0
96.3641271749231
0
0
0.000972107673156275
0
0.000972107673156275
0
0.000972107673156275
0
0.362429194774069
0
0
0
0.0607567295722672
0
0
0
0
0
0.376448696429767
0
0.000972107673156275
0
0.000972107673156275
0
0.000972107673156275
0
0.000972107673156275
0
0.000972107673156275
0
0.000972107673156275
0
0.000972107673156275
0
0.000972107673156275
0
0.000972107673156275
0
0.000972107673156275
0
0.000972107673156275
0
0.000972107673156275
0
0.000972107673156275
0
0.000972107673156275
0
0.000972107673156275
0
0.000972107673156275
0
0.000972107673156275
0
0.0204142611362818
0
0.00964501712649542
0
0.0279480956032429
0
0.028191122521532
0
0.0143385881790551
0
0.000972107673156275
0
39.4522483835848
0
0.0580432321663112
0
0.000972107673156275
0
0.000972107673156275
0
0.000972107673156275
0
0.000972107673156275
0
0.465396548523567
0
0.00704778063038299
0
0.0522507874321498
0
0.263198152507061
0
0.0129206279740968
0
0.000972107673156275
0
0.0102071305681409
0
0
0
0.000972107673156275
0
0.000972107673156275
0
0.000972107673156275
0
0
663.703147235278
0
0
0.0166655798443571
0
0
0
0
0
0
-787.598725192169
-1000
1000
0
0
0
-751.578584292737
1000
-997.804198106497
0
975.308035087015
1000
-1000
-1000
0
0
1000
0
0
0
0
-3.6432137240605
1000
0
0
0
0
-1000
938.864578076071
-0.00238474701211544
0
0
-1000
0
0
0
0
0
465.477046382869
1000
1000
-2.08718357940961
58.5095101698553
248.421415707263
0
1000
705.629452575275
1000
-1000
0
0
1000
1000
-1000
1000
0
1000
0
0
-1000
842.247064053955
1000
1000
0
0
0
0
-21.5737417231313
-501.752406284751
0
0
0
0
0
0
0
0
0
1000
0
0
0
0
0
0
0
1000
0
0
0
0
1000
0
0
0
0
0
0
0
0
-1000
1000
-1000
1000
1000
-1000
-991.207768981075
-1000
-1000
-1000
-1000
-1000
1000
968.39885330326
-1000
-1000
-25.6436051204921
-1000
-1000
1000
-1000
-1000
-1000
1000
1000
1000
1000
1000
1000
-1000
-993.07147757236
1000
-1000
-1000
-1000
-1000
-1000
-897.252267740911
1000
1000
-1000
-986.126463524683
-1000
-1000
-1000
-1000
-1000
595.816932788907
-1000
-1000
-1000
-1000
-1000
1000
-1000
-1000
-1000
-1000
-1000
-1000
-1000
-1000
-1000
-1000
-1000
-1000
-1000
-1000
1000
-1000
-1000
-1000
-1000
1000
1000
-1000
-1000
-1000
-1000
1000
-1000
0
1000
-1000
1000
1000
-1000
1000
-1000
1000
1000
1000
-1000
226.962677880031
1000
1000
1000
1000
-1000
658.726651470382
-1000
-1000
1000
-1000
-1000
-1000
-111.918164569262
968.39885330326
-1000
1000
1000
1000
1000
800.591288165204
1000
1000
-1000
-1000
-1000
-1000
-1000
-410.614956281013
-272.8278008577
935.560866785083
596.461832319862
-1000
-1000
-1000
0
0
0
0
0
0
0
0
0
0
0
0
0
0
0
0
0
0
0
0
0
0
0
0
0
0
0
0
0
0
0
0
0
0
0
0
0
0
0
0
0
0
0
0
0
0
0
0
0
0
0
0
0
0
0
0
0
0
0
0
0
0
0
0
0
0
0
0
0
0
0
0
0
0
0
0
0
0
0
0
0
0
0
0
0
0
0
0
0
0
0
0
0
0
0
0
0
0
0
0
0
0
0
0
0
0
0
0
0
0
0
0
0
0
0
0
0
0
0
0
0
0
0
0
0
0
0
0
0
0
0
0
0
0
0
0
0
0
0
0
0
0
0
0
0
0
0
0
0
0
0
0
0
0
0
0
0
0
0
0
0
0
0
0
0
0
0
0
0
0
0
0
0
0
0
0
0
0
0
0
0
0
0
0
0
0
0
0
220.160967542905
0
0
0
0
0
0
0
0
0
0
0
0
0
0
0
0
0
0
0
0
0
0
0
0
0
0
0
0
0
0
0
0
0
0
0
0
0
0
0
0
0
0
0
0
0
0
0
0
0
0
0
0
0
0
0
0
0
0
0
0
0
0
0
0
0
0
0
452.193890236837
0
0
0
0
0
0
0
0
0
0
0
0
185.036021090569
0
0
0
0
0
0
0
0
0
0
0
0
0
0
0
0
0
0
0
0
0
0
0
0
0
0
0
0
0
0
0
0
0
0
0
0
0
0
0
87.7917797671307
0
0
0
0
0
0
0
0
0
0
0
0
0
0
0
1000
1000
10.9527219518985
1000
1000
1000
10.9527219518985
-1000
-1000
-1000
1000
-1000
1000
1000
1000
1000
-1000
-1000
0
-1000
1000
1000
1000
-1000
-1000
-1000
-1000
1000
1000
-0.0333380719988554
989.047278048101
-1000
-1000
-1000
-1000
0
-1000
-1000
-1.11681907567561
-1000
-1000
1000
-1000
-1000
-1000
1000
-1000
1000
-1000
-1000
-1000
-1000
-1000
0.0333380719988554
-1000
0
0
0
0
0
0
0
0
0
0
0
0
0
0
0
0
-1000
-1000
-0.313167972969723
0
0
0
0
0
0
0
0
0
0
0
0
0
0
0
0
-0.00238474701211544
0.00238474701214757
0
0
-0.00238474701211544
-0.00238474701211544
0
0
0
0
0
0
0
0
0
0
0
0
0
0
0
0
0
0
0
0
0
0
0
0
0
0
0
0.00238474701214757
0
0
-1000
-212.401274807831
1000
-787.598725192169
-1000
0
0
0
0
-0.00238474701211544
0
0
0
0
0
247.885072279611
0
0
0
0
0
0
0
0
0
0
0
1000
0
-465.456820963282
465.456820963282
0.00238474701214757
0
0
0
11.458853399831
-1000
0
0
0
0
0
0
-1000
0
1000
0
0
0
0
0
0
0
0
0
0
0
0
0
0
0
0
0
0
0
0
0
0
0
0
0
0
0
0
0
0
0
0
0
0
0.657280054512285
0.00238474701214757
0
0
0
0
1000
0
-998.710540793342
0
0
1.28945920665722
0
0
0
-746.263693286467
0
0
1000
0
-935.560866785083
0
0
0
0
0
0
0
0
0
0
0
0.00238474701211544
-980.073137490243
-29.294426193821
0
-1000
683.263735694136
0
0
0
0.0946928892094547
1000
0
0
0
0
0
0.00238474701211544
0
0
1000
0
64.4391332149168
0
0
935.560866785083
0
0
0
-287.544166611279
0
0
-1000
0
-1000
1000
0
0
0
0
0
0
0
0
0
0
0
-0.0946928892094547
0
0
0
0
0
1000
1000
0
0
0
1000
0
0
1000
0
998.766823702959
0
0
0
0
0
0
0
0
0
0
0.644729603328608
0
0.00238474701214757
-0.00238474701211544
0.00238474701214757
0.00238474701214757
0
0
0.00238474701211544
0
0
0
0.644729603328642
0
0
-0.00715424103646001
-1000
-2.09484357114081
-1000
1000
-1000
3.27650645259052
0
0
-1000
996.671980131818
-1000
-1000
0
0
0
0
0
0
0
0
0
0
0
0
0
0
0
0
0
996.723493547409
0
0
0
0
0
0
0
3.32801986818205
0
0
0
0
0
0.00118891735098372
0
287.544166611279
0
0
0
0
0
0
0.00238474701214757
0
0
0
0
0
0
0
0.00923502289504086
39.4512762759116
0
-315.619445230188
0
0
0
0
0
0
0
0
0
0
0
0
0
1000
0
0
0
315.619445230188
0
0
0
0
0
0
0
0
0
0
0
0
0
0
0
0
0
0
0
0
0
0
0
0
0
0
0
1.53798901508071
0
0
0
0
0
0
0
0
0
0
0
0
0
0
0
0
0
0
0
0
0
0
0
0
0
0
0
0
0
0
0
0
0
0
0
0
0
0
0
0
0
0
0
0
0
0
0
0
0
0
0
0
0
0
0
0
0
0
0
0
0
0
0
0
0
0
0
0
0
0
0
0
0
0
0
0
0
0
0
0
0
0
0
0
0
0
0
0
0
0
0
0
0
0
0
0
0
0
0
0
0
0
0
0
0
0
0
0
0
0
0
0
-999.979774580413
0
0.00118891735098714
0
0.0190365022360766
0
0
-0.0202254195870637
0
1000
0
0
0
0
0.0107071684690254
0
0
0
0
0
0
0
0
0
0
0
0
0
0
0
0
0
0.00238474701214757
0.00238474701214757
0.00238474701214757
-1000
-1000
0
-489.941683409132
-1000
0
0
0
0
0
0
1000
-1000
0
0
0
0
0
0
0
0
0
0
-1000
0
1000
0
-1000
-1000
-1000
-999.624523411243
-1000
-1000
0
0
0
0
0
0
0
0
0
0
-1000
981.315485270842
1000
0.261204681190444
0.00238474701214757
0.00238474701214757
0.00238474701214757
0.00238474701214757
0.00238474701214757
567.946949671151
0
0
1000
0
0
0
0
0
0
0
0
0
0
0
0
0
0
0
-257.971300202962
0
0
0
0
0
0
0
1000
-1000
0
1000
0
0
-1000
0
0
0
0
0
0
0
0
0
0
0
0
0
0
0
0
0
0
0
0
0
0
0
39.4512762759116
0
0
0
0
0
0
39.4512762759116
0
0
0
0
0
39.4512762759116
0
0
0
0
0.00923502289498461
39.4512762759116
0
0
0
0
-410.650319548298
0
0
0
0
0
0
0
0
0
-1000
0
0
0
0
0
0
0
316.736264305864
1000
-1000
-1000
-1000
-1000
1000
0
0.0142808328321649
0
0
0
0
-14.4513226586545
-1000
-1000
0
247.885072279611
0
0
0
999.985691517927
9.6185395223501
0
0
0
0
0.383524922138164
0.383524922138164
0
-999.978585663062
0
0
0
0
0
0
0.242092143542363
0
-1000
0
0
0
0
0
0
0
1000
0.00238474701214757
0
0
0
0
0
0
0
0
-1000
1000
0
0
1000
0
0
0
1000
0
0.00356675205295115
0
0
0
-754.969267874983
0
-1000
0
0
0
-1000
-1000
0
0
0
0
-244.995493221866
0
0
244.994521114192
0
0
-519.96994790138
519.96994790138
0
0
-1000
0
0
0
0
-1000
-1000
0
0
-999.899736940837
0
0
0
0
0.0035693441692687
0
0
0
0
0
0
0
0
998.766823702959
0
1000
0
0
0
0
0
0
0
0
0
1000
0
0
-1000
1000
-1000
-1000
1000
0
0
0
0
0
0
0
-1000
0
0
1000
0.00118891735098372
0.00118891735098372
0
-1000
-253.736306713533
-1000
254.651626319149
0
0
0
0
0
0
0
0
0
0
0
0
0
0
0
0
0
0
0
0
0
0
0
0
0
-0.00951825111803828
0
0
0
0
0
0
0
0
0
0
0
0
0
0
0
0
0
0
0
0
0
0
0
0
0
0
0
0
0
0
0
0
0
0
0
0
0
0
0
0
0
0
0
0
0
0
-1000
0
-1000
0
0
0
0
0
-1000
0
0
0
0
0
0
0
0
0
0
0
-1000
0
0
0
0
0
0
0
0
0
0
0
0
0
1000
0
0
0
1.28945920665751
0
0
0
0
0
0
0
0
0
0
0
0
0
0
0
244.994521114192
0
0
0
0
0
0
0
0
0
0
0
0
0
0
0
0
0
0
0
0
0
0
0
244.994521114192
0
0
0
0
0
0
0
0
0
0
0
0
0
0
0
0
0
0
0
0
0
0
0
0
0
0
0
0
0
0
0
0
0
0
0
0
0
0
0
0
0
0
0
0
0
0
0
0
0
0
0
0
0
0
0
0
0
0
0
0
0
0
0
0
0
0
0
0
0
0
0
0
0
0
0
0
0
0
0
0
0
0
0
0
0
0
0
0
0
0
0
0
0
0
0
0
0
0
0
0
0
0
0
0
0
0
0
0
0
0
0
0
0
0
0
0
0
0
0
0
0
0
0
0
0
0
0
0
0
0
0
0
0
0
0
0
0
0
0
0
0
0
0
0
-1000
623.053979103142
0
0
0
0
0
0
0
0
0
0
0
0
0
0
0
0
0
0
0
0
0
0
0
0
0
0
-602.312960264695
0
783.496896131749
-965.383400852228
181.995123034572
0
-1000
0
-1000
663.703147235278
0
0
0
0
774.822662446147
0.0143084820728854
0
0
0
0
657.213694653617
0
0
0
0
0
0
0
0
0
0
0
0
0
0
0
0
0
0
0
0
0
0
0
0
0
0
0
0
0
0
0
0
0
0
0
0
0
0
0
0
0
0
0
0
0
0
0
0
0
0
0
0
0
0
0
0
0
0
0
0
0
0
0
0
0
0
0
0
0
0
0
0
0
0
0
0
0
0
0
0
0
0
0
0
0
0
0
0
0
0
0
0
0
0
0
0
0
0
0
0
0
0
0
0
0
0
0
0
0
0
0
0
0
0
0
0
0
0
0
0
0
0
0
0
0
0
0
0
0
0
0
0
0
0
0
0
0
0
0
0
0
0
0
0
0
0
0
0
0
0
0
0
0
0
0
0
0
0
0
0
0
0
0
0
0
0
0
0
0
0
0
0
0
0
0
0
0
0
0
0
0
0
0
0
0
0
0
0
0
0
0
0
0
0
0
0
0
0
0
0
0
0
0
0
0
0
0
0
0
0
0
0
0
0
0
0
0
0
0
0
0
0
0
0
0
0
0
0
0
0
0
0
0
0
0
0
0
0
0
0
0
0
0
0
0
0
0
0
0
0
0
0
0
0
0
0
0
0
0
0
0
0
0
0
0
0
0
0
0
0
0
0
0
0
0
0
0
0
0
0
0
0
0
0
254.651626319149
0
0
0
0
0
0
0
0
0
0
0
-1000
0
0
0.657280054512285
0
0.00238474701211544
-988.265152455322
0
0
0
0
0
0
0
0
0
0
0
0
0
0
0
0
0
0
0
0
0
0
0
0
0
0
0
0
0
0
0
0
0
0
0
0
0
0
0
0
0
0
0
0
0
0
0
0
0
0
0
0
0
0
0
0
0
0
0
0
0
0
0
0
0
0
0
0
0
0
0
0
0
0
0
0
0
0
0
0
0
0
0
0
0
0
0
0
0
0
0
0
0
0
0
0
0
0
0
0
0
0
0
0
0
0
0
0
0
0
0
0
0
0
0
0
0
0
0
0
0
0
0
0
0
0
0
0
0
0
0
0
0
0
0
0
0
0
0
0
0
0
0
0
0
0
0
0
0
0
0
0
0
0
0
0
1000
0
0
1000
1000
0
0
0
0
0
0
0
1000
0.00238474701211544
0
0
-1000
1000
0
0
0
0
0
0
0
0
0
0
0
0
0
0
0
0
0
0
0
0
0
0
0
0
0
0
0
0
0
0
0
0
0
0
0
0
0
0
0
0
0
0
0
0
0
0
0
0
0
0
0
0
0
0
0
0
0
0
0
0
0
0
0
0
0
0
0
0
0
0
0
0
0
0
0
0
0
0
0
0
0
0
0
0
0
0
0
0
0
0
0
0
0
0
0
0
0
0
0
0
0
0
0
0
0
0
0
0
0
0
0
0
0
0
0
0
0
0
0
0
0
0
0
0
0
0
0
0
0
0
0
0
0
0
0
0
0
0
0
0
0
0
0
0
0
0
0
0
0
0
0
0
0
0
0
0
0
0
0
0
0
0
0
0
0
0
0
0
0
0
0
0
0
0
0
0
0
0
0
0
0
0
0
0
0
0
0
0
500
57.6025848344824
0
0
-0.644729603328642
0
0
307.45379655405
12.7416917653875
27.8508497674722
0.0691231018013789
57.6025848344824
0
0
0
0
0
0
0
0
0
0
0
0
0
0
0
0
0
0
0
0
0
0
0
0
0
-1000
0
0
-1000
867.556949785306
0
0
64.4391332149168
0
-1000
-39.4512762759117
236.70765765547
-78.8979350403758
0
-0.00923502289504086
-2.4302691828907
0
0
-0.00297574953253843
0
0.00238474701211544
0
0
0
0
0
0
0
0
0
0
0
0
0
0
0
0
0
0
284.445797390104
0
0
0
0
1000
-0.465396548523586
-0.0204142611362386
0
-7.07678860087424
-13.8735364753172
-28.2931195337022
977.813304563438
-6.92852242763956
-1000
-17.5293910866195
-3.0408980559971
-20.7522557081089
-1000
-1000
0
0
0
0
-1000
-25.6436051204921
-11.5629383904977
-81.9456733561325
-8.79223101892524
-6.80171033712645
-15.7834106582186
-1000
919.682982127477
977.632782094748
0
0
-1000
867.556949785306
0
1000
0
0
14.4513226586545
-1000
0
0
0
0
0
0
1000
-935.560866785083
0
0
0
0
0
0
0
0
0
-0.00238474701211544
999.997615252988
-1000
0
0
0
0
0
0
0
0
0
0
0
0
0
0
0
0
1000
0
-1.11681907567561
0
0
1000
-1000
247.885072279611
-0.00238474701211544
-0.00238474701211544
-0.657280054512285
787.596340445157
0
0
-0.00238474701211544
0
-0.00238474701211544
0
0
0
-0.00238474701211544
0
0
0
-0.00238474701211544
0
0
0
0
0
0
0
0
0
0
0
1000
0
0
0
0
0
0
0
0
0
0
0
0
0
248.421415707263
0
0
0
-989.013939976103
0
1000
0
0
-0.00238474701211544
0
0
0
0
0
0
0
0
0
0
0
0
0
0
-432.053050328849
-1000
-0.313167972969723
-1000
-1000
0
0
0
0
0
0
0
1.6229505236081
0
0
0
0
0
0
58.5095101698553
0
0
0
0
938.864578076071
1000
-997.804198106497
0
0
975.308035087015
1000
0
-22.8089156778146
22.8089156778146
999.979774580413
-534.522953617131
-21.5737417231313
0
0
0
-1000
-1000
0
0
0
0
0
-0.0333380719988554
0
0
0
0
212.401274807831
-1000
1000
0
0
0
0
0
349.63014919232
1000
-1000
-2.08718357940961
-353.27336291638
0
0
-465.456820963282
0
0
0
0
0
0
0
0
1000
0
-0.0129206279740401
-0.000972107673192113
-0.263198152507016
-501.752406284751
-0.0143385881790437
-0.0580432321662556
0
-0.0522507874321718
-0.0279480956032785
0
0
0
0
96.3641271749232
-0.000972107673192113
-1000
-0.000972107673192113
-0.000972107673192113
-0.000972107673192113
-0.00704778063038702
0
-0.000972107673192113
-0.362429194774109
0
0
-9.61853952235015
0
-0.242092143542322
-0.000972107673192113
-0.00964501712644505
0
-39.4522483835848
-0.000972107673192113
-0.0102071305681193
-0.000972107673192113
-0.0281911225215481
0
-0.0607567295722902
0
0
0
-1000
1000
0
0
-1000
1000
-0.00238474701211544
0
1000
-1000
0
0
0
-1000
0
0
0
0
0
0
0
0
0
0
0
0
0
0
0
0
0
0
0
-1000
1000
1000
-1000
-1000
0
-1000
-1000
0
-0.000972107673192113
-0.000972107673192113
0
0
0
0
1000
181.886504720479
-181.995123034572
774.822662446147
0.01430848207292
0
0
0
0
657.213694653617
1000
-1000
0
0
0
0
0
0
0
0
0
0
0
0
0
0
0
0
0
0
0
0
0
0
0
0
0
0
0
0
0
0
0
0
0
0
0
0
0
0
0
0
0
0
0
0
0
0
0
0
0
0
0
0
0
0
0
0
0
0
0
0
0
0
0
0
0
0
0
0
0
-0.000972107673192113
0
0
0
0
0
0
0
0
0
0
0
0
0
0
0
0
0
0
0
0
0
0
0
0
0
0
0
0
0
0
0
0
0
0
0
0
0
0
0
0
0
0
0
0
0
0
0
0
0
0
0
0
0
0
0
0
0
0
0
0
0
0
0
0
0
0
0
0
0
0
0
0
0
0
0
0
0
0
0
0
0
0
0
0
0
0
0
0
0
0
0
0
0
0
0
0
0
0
0
0
0
0
0
0
0
0
0
0
0
0
0
0
0
0
0
0
0
0
0
0
0
0
0
0
0
0
0
0
0
0
0
0
0
0
0
0
0
0
0
0
0
0
0
0
0
0
0
0
0
0
0
0
0
0
0
0
0
0
0
0
0
0
0
0
0
0
0
0
0
0
0
0
0
0
0
0
0
0
0
0
0
0
0
0
0
0
0
0
0
0
0
0
0
0
0
0
0
0
0
0
0
0
0
0
0
0
0
0
0
0
0
0
0
0
0
0
0
0
0
0
0
0
0
0
0
0
0
0
0
0
0
0
0
0
0
0
0
0
0
0
0
0
0
0
0
0
0
0
0
0
0
0
0
0
0
0
0
-1000
349.63014919232
132.443050214694
0
0
1000
988.265152455322
0
0
0
0
0
0
0
0
0
0
0
0
0
0
0
0
0
0
0
0
0
0
0
1000
0
-1000
0
-1000
-0.00238474701211544
0
0
0
0
0
0
0
0
-999.983334420156
0
0
0
0
0
0
0
0
0
0
0
0
0
0
0
0
0
0
0
0
0
0
0
0
0
0
0
0
0
0
0
0
0
0
0
0
0
0
0
0
0
0
0
0
0
0
0
0
0
0
0
0
0
0
0
0
0
0
0
0
0
0
0
0
0
0
0
0
0
0
0
0
0
0
0
-0.000972107673192113
-0.000972107673192113
-0.000972107673192113
-0.000972107673192113
0
-0.000972107673192113
-0.376448696429748
0
-0.000972107673192113
-0.000972107673192113
-0.000972107673192113
-0.000972107673192113
0
-0.000972107673192113
-0.000972107673192113
-0.000972107673192113
-0.000972107673192113
-0.000972107673192113
-0.000972107673192113
-0.000972107673192113
0
-0.000972107673192113
-0.000972107673192113
-0.000972107673192113
0
-1000
57.6025848344825
0
1000
0
0
0
0
0
0
0
0
0
0
0
