0
0
0
0
0
0
0
45.6167306901707
-47.2741209673752
0
439.623567464683
0
0
199.306481028894
502.643526953652
0
999.747878287009
-999.747878287009
999.942136000297
0
0.0578639997028963
0
-1000
0.363716569561007
0
1000
-201.730513310258
0
-35.1323654920602
0.0238294704641444
0
0
0
0
0
0.0318666594906865
0
0
0
34.7235288511102
0
0
0
0
0
0
0
0
0
0
0
0
0
0
0
0
0
0
0
0
0
31.74313266351
0
0
0
0
0
35.1323654920602
0
0
0
0
-999.185308393842
-999.185308393842
0
0
0
35.1323654920602
0
0
-1000
0
0
0
0
0
0
0
0
0
0
0
0
0
0
0
0
0
0
0
0
0
0
0
0
560.376432535317
0
0
0
0
0
0
0
0
0
0
0
0
0
0
0
0
0
0
0
0
0
0
0
0
961.944183507557
0
0
1000
0
0
0
0
0
0
1000
0
0
0
-14.4864100432733
0
0
0
0
-537.354178096873
0
0
0
-539.209860704407
0
0
263.657691398394
665.099733735466
1000
401.4337760514
0
0
0
-1000
401.4337760514
600.740257080294
1000
-800.693518971106
0
0
1000
0
0
0
0
0
-938.469725650128
-1000
0
0
0
0
0
-3.89279224533959
0
0
0
0
0
0
1000
-995.941882041223
-1000
0
0
0
1000
0
0
0
0
1000
0
0
0
0
0
-3.89692538817553
0
-999.995866857164
0
0
0
0
0
0
0
0
0
0
0
-1000
0
0
-1000
0
0.688858564050575
0
0.456483614143053
0
0
0
9.5625666360864
0
-330.842148305758
0
0
0
-1000
0
0
0
0
0
0
0
0
0
0
0
0
-1000
0
1000
1000
-1000
999.185308393842
0
988.75916024362
10.7843561422364
-1000
-1000
-0.95679649394981
999.543516385857
0
8.87784121487175
-0.684725421214694
0
-1000
-1000
10.70790881428
0
327.007877220087
1000
2.14064144080379
0.17772514194461
0
-0.17772514194462
0
0.00176438610410368
0
0
0
1000
0
0
0
0
497.104351333357
656.567010585444
0
0
0
0
0
0
0
287.001911677519
0
1000
0.464749899814945
0
0
1000
0
-0.17772514194462
0
-0.684725421214694
0
0
0.684725421214694
0
0
0
0
8.87784121487175
0
0
-1000
0
0
0
-326.844920263382
0.684725421214694
0
322.234746921652
-0.95679649394981
0
8.88138024513834
0
0
0
0
0
0
0
0
0
0
0
712.998088322481
0
0
0
2.28241807071551
0
9.60838169095219
0
0
0
0
8.87784121487175
0
0
0
1000
864.786310030279
1000
-1000
-1000
1000
0
327.006112833983
-1000
-1000
1000
-1000
1000
1000
1000
8.87784121487175
-1000
0
0
0
0
-1000
8.87784121487175
-1000
-1000
0
1000
1000
0
0
1000
0
0
0
0
0
0
0
0.956796493949773
-1000
1000
1000
-1000
1000
-1000
-1000
1000
-1000
-1000
1000
1000
1000
-1000
0
-0.456483614143053
0
1000
-1000
-1000
-1000
1.36945084242927
-1000
1000
1000
0
0
0
-1000
1000
0
0
0
995.941882041223
0
0
0
926.326896006025
-1000
0
0
0
-29.1215003899936
0
0
0
0
0
0
0
0
961.944183507557
0
0
0
0
0
0
0
0
0
0
920.674166726697
79.3258332733028
-1000
0
1000
0
0
0
0
0
0
0
0
0
0
0
0
0
0
0
0
0
0
0
0
0
0
0
0
0
0
0
0
0
0
0
0
0
0
0
0
0
0
0
0
-1000
0
0
0
-0.00353903026700664
0.103328570898043
0.103328570898043
0
-999.315274578785
0
0
0
0
0
0
0
0
0
0
0
0
0
0
0
0
-262.516952309322
0
0
0
0
0
0
0
0
0
0
0
0
0
0
0
0
0
0
0
0
0
0
0
0
0
0
0
0
0
0
0
0
0
0.161192570600925
0
0
0
-1000
0
0
0
0
0
0
1000
0
0
0
0
0
0
0
0
0
0
0
0
0
0
0
0
0
0
0
0
0
0
0
0
0
0
0
0
-1000
0
0
0.161192570600925
0
0
0
0
0
0
0
0
0
1000
0
0
0
0
0
0
0
0
0
0
0
0
0
0
0
0
0
0
0
0
0.00353903026695214
0
0
0
0
0
0
0
0
0
0
0
0
0
0
0
0
0
0
0
0
0
0
0
0
32.0160270840693
0
32.0160270840693
0
0
0
0
0
0
0
0
0
0
0
0
0
0
0
0
0
0
0
0
0
0
1000
0
0.00413314283592116
0
0
0
0
0.74809885330173
0.74809885330173
0
33.8490592624551
0
0
0
0
0
0
0
0
0
0
0
0
0
0
0
0
0
0
0
0
0
0
0
0
0
1000
0
0
0
0.00353903026700664
0
0
-1000
0
0
0
0
2.149234274679
0
0
2.149234274679
0
0
0
0
0
0
0
0
0
2.149234274679
0
2.149234274679
0
0
0
12.8211843188643
36.5472193573322
23.3610191147991
17.110121421972
25.3686066949771
8.34973925392233
19.5283519162774
35.7259335290775
32.8970601206448
10.402953824559
20.1671297826976
41.5661883077773
32.8058061397276
10.1291918818074
16.7907324887618
23.2697651338819
30.1594406931293
24.4104398953467
4.47144506494201
30.4332026358808
0
0
0
0
0
0
0
0
0
0
0
0
0
0
0
0
0
0
0
0
0
0
0
0
0
0
0
0
0
0
0
0
0
0
0
0
0
0
0
0
0
0
0
0
0
0
0
0
0
0
0
0
0
0
0
0
0
0
0
0
0
0
0
0
0
0
0
0
0
0
0
0
0
0
0
0
0
0
0
0
0
0
0
0
0
0
0
0
0
0
0
0
0
-1000
0
0
0
0
0
-135.213689969721
-135.213689969721
1000
1000
0
0
0
0
232.79614620812
0
0
-29.1215003899936
-232.944939350213
-232.944939350213
-1000
0
-737.483047690678
262.516952309322
-519.029150326103
781.430374636019
1000
232.804412493792
1000
0
-232.79614620812
1000
0
-1000
-1000
-1000
0
0
0
262.516952309322
262.516952309322
737.483047690678
0
0
0
0
0
0
0
0
0
0
0
1000
127.296184279067
1000
1000
0
351.950967763595
161.721722870939
2.51238147690496
5
0
0
0
0
0
0
132.346607371207
0
242.098058304006
0
0
-0.00143804306185302
0
0
0
0
-0.00143804306185302
0
126.293380391646
21.5714543027252
-0.00143804306185302
0.00143804306185302
-0.00143804306185302
-0.534799721049012
0
-0.0898776913688835
0
-1000
-0.556882175721853
0.00143804306185302
-0.00143804306185302
-0.00143804306185302
0.00143804306185302
-0.00143804306185302
0.00143804306185302
-0.00143804306185302
-0.00143804306185302
-0.00143804306185302
-0.00143804306185302
-0.00143804306185302
-0.00143804306185302
-0.00143804306185302
-0.00143804306185302
-0.00143804306185302
-0.00143804306185302
-0.00143804306185302
-0.0301989042999367
-0.0141732178324219
-0.0413437380296955
-0.0417032487952156
-0.021211135163071
0.00143804306185302
0.00143804306185302
-0.0805254875983792
0.00143804306185302
0.00143804306185302
0.00143804306185302
0.00143804306185302
-0.688463115885952
-0.0104258121988323
-0.0772948145772716
-0.389350159010178
-0.0381130650085879
0.00143804306185302
5.70352937933319
0
0.00143804306185302
0.00143804306185302
-0.00143804306185302
0
0
0
0
0
0
0
0
0
0
0
0
0
0
0
0
0
0
0
0
0
0
0
0
0
0
0
0
0
0
0
0
0
0
0
0
0.00518544869544257
0
0
0
0
0
0
0
0
0
0
0
0
0
0
0
0
0
0
0
0
0
0
0
0
0
0
0
0
0
0
0
0
0
0
0
0
0
0
0
0
0
0
0
0
0
0
0
0
0
0
0
0
0
0
0
0
0
0
0
0
0
0
0
0
0
0
0
0
0
0
0
0
0
0
0
0
0
0
0
0
0
0
0
0
0
0
0
0
0
0
0
0
0
0
0
0
0
0
0
0
0
0
0
0
0
0
0
0
0
0
0
0
0
0
0
0
0
0
0
0
0
0
0
0
0
0
0
0
0
0
0
0
0
0
0
0
0
0
0
0
0
0.0014380430619028
0.0014380430619028
0.0014380430619028
0
0
0
0
0
0
0.0014380430619028
0
0
0
0
0
0
0
0
0
0
0
0
0
0
0
0
0
0
0
0
0
0
0
0
0
0
0
0
0
0
0
0
0
0
0
0
0
0
0
0
0
0
0
0
0
0
0
0
0
0
0
0
0
0
0
0
0
0
0
0
0
0
0
0
0
0
0
0
0
0
0
0
0
0
0
0
0
0
0
0
0
0
0
0
0
0
0
0
0
0
0
0
0
0
0
0
0.0136614090880766
0
0
0
0
0
0
0
0
0
0
0
0
0
0
0
0
0
0
0
0
0
0
0
0
0
0
0
0
0
0
0
0
0
0
0
0
0
0
0
0
0
0
0
0
0
0
0
0
0
0
0
0
0
0
0
0
0
0
0
0
0
0
0
0
0
0
0
0
0
0
0
0
0
0
0
0
0
0
0
0
0
0
0
0
0
0
0
0
0
0
0
0
0
0
0
0
0
0
0
0
0
0
0
0
0
1000
0
0
0
0
0
0
0
0
0
0
0
0
0
0
0
0
0
0
0
0
0
0
0
0
0
0
0
0
0
0
0
0
0
0
0
0
0
0
0
0
0
0
0
0
0
0
0
0
0
0
0
0
0
0
0
0
0
0
0
0
0
0
0
0
0
0
0
0
0
0
0
0
0
0
0
0
0
0
0
0
0
0
0
0
0
0
0
0
0
0
0
0
0
0
0
0
0
0
0
0
0
0
0
0
0
0
0
0
0
0
0
0
0
0
0
0
0
0
0
0
1000
1000
0
0
0
0
0
0
0
0
0
0
0
0
0
0
0
0
0
0
0
0
0
0
-1000
0
-1000
0
0
0
0
0
0
0
0
0
0
0
1000
1000
0
0
0
0
0
0
0
0
0
0
0
0
0
0
0
0
0
0
0
0
0
0
0
0
0
0
0
0
0
0
0
0
0
0
0
0
0
0
0
0
0
0
0
0
0
0
0
0
0
0
0
0
0
0
0
0
0
0
0
0
0
0
0
0
0
0
0
0
0
0
0
0
0
0
0
0
0
0
0
0
0
0
0
-1000
39.9146393538995
0
0
0.00143804306185302
0
-999.947870939006
0
0
0
0
2.04922319417255
-21.5728923457871
126.293380391646
0
0
0
0.00518544869544257
0.55544413266
0
-999.44455586734
999.998561956938
0
0
0
0
0
0
0
0
0
0
0
0
0
-1000
0.00518544869544257
0
0
0
-0.0194185052039302
0
0
0
0
0
0
0
0.0194185052039302
0
0
0
0
0
132.346607371207
1000
-1000
-126.644516034936
-126.644516034936
0
-1000
-999.978765818398
-0.0212341816016988
0
0
0.00143804306185302
-0.00143804306185302
0
0
0.0521290609939342
-0.0521290609939342
-1000
0
0
0
0
0
-245.107428378184
0
-997.950776805827
-2.04922319417255
-1000
0
-873.706619608354
-126.293380391646
1000
0
0
0
0
0
-1000
0
1000
0
0
0
-999.44455586734
999.44455586734
-1000
0
0
0
-1000
0
0
0
1000
0
0
0
0
0
0
0
0
0
0
0
0
0
0
0
0
0
0
0
-1000
1000
-1000
0
-1000
0
-1000
0
-1000
0
0
0
0
0
0
0
0
0
1000
0
-1000
0
-1000
0
1000
0
-1000
0
-1000
0
0
0
0
0
0
0
0
0
-960.085360646101
-39.9146393538994
5.70209133627134
-5.70209133627134
0
0
0
0
0
0
0
0
0
0
0
0
0
0
0
0
0
0
0
0
0
0
0
0
0
0
0
0
0
0
0
0
0.00518544869544257
-0.00518544869544257
0
0
0
0
0
0
0
0
0
0
0
0
0
0
0
0
0
0
0
0
0
0
0
0
0
0
0
0
0
0
0
0
0
0
0
0
0.00518544869544257
-0.00518544869544257
0
0
0
0
0
0
0.0194185052039302
0.0194185052039302
0
0
0
0
0
0
0
0
0
0
0
0
0
0
0
0
-0.0194185052039302
-0.0194185052039302
0
0
0
0
0
0
0
0
0
0
0
0
0
0
0
0
0
0
0
0
0
0
0
0
0
0
0
0
0
0
0
0
0
0
0
0
0
0
0
0
0
0
0
0
0
1.15912302527907
0.00353903026695214
0
0
0
0
0
0
0
0
0.145842240527578
0
0
0
0
0
0
0
0
0
0
0
0
0
0
0
0
0
0
0
0
0
0
0
0
0
0
0
0
0
0
0
0
0
0
0
0
0
0
0
0
0
0
0
0
0
0
0
0
0
0
0
0
0
0
0
0
0
0
0
0
0
0
0
0
0
368.796141442997
368.796141442997
368.796141442997
0
368.744012382003
368.744012382003
0
368.742574338942
368.742574338942
0
0
0
0
0
0
0
0
0
0
0
0
0
0
0
0
0
0
0
0
0
0
0
0
0
0
0
0
0
0
0
0
0
0
0
0
0
0
0
0
0
0
0
0
0
0
0
0
0
0
0
0
0
0
0
0
0
0
0
0
0
0
0
0
0
0
0
0
0
0
0
0
0
0
0
0
0
0
0
0
0
0
0
0
0
0
0
0
0
0
0
0
0
0
0
0
0
0
0
0
0
0
0
0
0
0
0
0
0
0
0
0
0
0
0
0
0
0
0
0
0
0
0
0
0
0
0
0
0
0
0
0
0
0
0
0
0
0
0
0
0
0
0
0
0
0
0
0
0
0
0
0
0
0
0
0
0
0
0
0
0
0
0
0
0
0
0
0
0
0.00353903026695214
0.00353903026695214
0.00353903026695214
0.00353903026695214
0.00353903026695214
0
0
0
0
0
0
0
0
0
0
0
0
0
0
0
0
0
0
0
0
0
0
0
0
0
0
0
0
0
0
0
0
0
0
0
0
0
0
0
0
0
0
0
0
0
0
0
14.4864100432733
14.4864100432733
-14.4864100432733
4.82054561046821
-2.40850329010061
2.40850329010063
2.40850329010063
2.40850329010063
0
0
0
0
0
0
0
0
0
0
0
0
0
0
0
0
0
0
0
2.40850329010063
2.40144574568421
2.40850329010063
2.40850329010063
2.40850329010063
2.40850329010063
2.40850329010063
2.40850329010063
2.40850329010063
2.40850329010063
2.40850329010063
2.40850329010063
2.40850329010063
2.40850329010063
2.40850329010063
2.40850329010063
2.40850329010063
2.40850329010063
14.4864100432733
14.4864100432733
4.82054561046821
4.82054561046821
0
0
0
0
0
0
0
0
0
0
0
0
0
0
0
0
0
0
0
0
0
0
0
0
0
0
0
0
0
0
0
0
0
0
0
0
0
0
0
0
0
0
0
0
0
0
0
0
0
0
0
0
0
0
0
0
0
0
0
0
0
0
0
0
0
0
0
0
0
0
0
0
0
0
0
0
0
0
0
0
0
0
0
0
0
0
0
0
0
0
0
0
0
0
0
0
0
0
0
0
0
0
0
0
0
0
0
0
0
0
0
0
0
0
0
0
0
0
0
0
0
0
0
0
0
0
0
0
0
0
0
0
0
0
0
0
0
0
0
0
0
0
0
0
0
0
0
0
0
0
0
0
0
0
0
0
0
0
0
0
0
0
0
0
0
0
0
0
0
0
0
0
0
0
0
0
0
0
0
0
0
0
0
0
0
0
0
0
0
0
1.15912302527907
1.17237643717734
1.17237643717734
0
0
0
0
-1.17237643717738
0
0
0
0.0132534118982672
0
0
1000
0
0
0
0
0
0
0
0
0
0
0
0
0
0
0
0
0
0
0
0
0
0
0
0
0
0
0
0
0
0
0
0
0
0
0
0
0
0
0
0
0
0
0
1.17237643717734
0
0
0
0
0
0
0
0
0
0
0
0
0
0
0
0
0
0
0
0
0
0
0
0
0
0
0
0
0
0
0
0
0
0
0
0
0
0
0
0
0
0
0
0
0
0
0
0
0
0
0
0
0
0
0
0
0
0
0
0
0
0
0
0
0
0
0
0
0
0
0
0
0
0
0
0
0
0
1.15912302527907
0.00353903026695214
0
0
0
0
0
0
0
1.52595804469855
0
0
0
0.956796493949773
0.956796493949773
0.956796493949773
0
0
0
0
0
0
1.3085042960736
0
0
0
0.00353903026695214
0
0
0
0
-1.30850429607358
1.3085042960736
0
0
0
0
0
0
0
0
0
0
0.227168130256263
0
0.217453748624948
0
0
0
0
0
0
0
0
0
0
10.6684699977562
10.6684699977562
10.6684699977562
0
0
0
0
-0.1458422405276
0
0
0
0
0
0
0
0
0
0
0
0
0
0
0
0
0
0
0
0
0
0
0
0
0
0
0
0
0
0
0
0
0
0
0
0
0
0
0
0
0
0
0
0
0
0
0
0
0
0
0
0
0
0
0
0
0
0
0
0
0
0
0
0
0
0
0
0
0
0
0
0
0
0
0
0
0
0
0
0
0
0
0
0
0
0
0
0
0
0
0
0
0
0
0
0
0
0
0
0
0
0
0
0
0
0
0
0
0
0
0
0
0
0
0
0
0
0
0
0
0
0
0
0
0
0
0
0
0
0
0
0
0
0
0
0
0
0
0
0
0
0
0
0
0
0
0
0
0
0
0
0
0
0
0
0
0
0
0
0
0
0
0
0
0
0
0
0
0
0
0
0
0
0
0
0
0
0
0
0
0
0
0
0
0
0
0
0
0
0
0
0
0
0
0
0
0
0
0
0
0
0
0
0
0
0
0
0
0
0
0
0
0
0
0
0
0
0
0
0
0
0
0
0
0
0
0
0
0
0
0
0
0
0
0
0
0
0
0
0
0
0
0
0
0
0
0
0
0
0
0
0
0
0
0
0
0
0
0
0
0
0
0
0
0
0
0
0
0
0
0
0
0
0
0
0
0
0
0
0
0
0
0
0
0
0
0
0
0
0
0
0
0
0
0
0
0
0
0
0
0
0
0
0
0
0
0
0
0
0
0
0
0
0
0
0
0
0
0
0
0
0
0
0
0
0
0
0
0
0
0
0
0
0
0
0
0
0
0
0
0
0
0
0
0
0
0
0
0
0
0
0
0
0
0
0
0
0
0
0
0
0
0
0
0
0
0
0
0
0
0
0
0
0
0
0
0
0
0
0
0
0
0
0
0
0
0
0
0
0
0
0
0
0
0
0
0
492.540642428747
0
492.540642428747
0
0
492.540642428747
0
0
0
492.540642428747
0
0
0
0
0
0
0
0
0
0
0
0
0
0
0
0
0
0
0
0
0
0
0
0
0
0
0
0
0
0
0
0
0
0
0
0
0
0
0
0
0
0
0
0
0
0
0
0
0
0
0
0
0
0
0
0
0
0
0
0
0
0
0
0
0
0
0
0
0
0
-492.540642428747
0
0
0
492.540642428747
0
0
0
0
0
0
0
0
0
0
0
0
0
0
0
0
0
0
0
0
0
0
0
0
0
0
0
0
0
0
0.0787328576391246
0.161192570600925
0.161192570600925
0
0
0
0
0.161192570600974
0
0.161192570600925
0
0
0
0
0
0.024798857015527
0
0
0
0
0
0
0
0
0
0
0
0
0
0.975421709277214
0
0
0
0
0
0
0.975421709277214
0.975421709277214
0.975421709277214
0.975421709277271
0
0
0
0
0
0
0
0
0
0
0
0
0
0
0
0
0
0
0
0
0
0
0
0
0
0
0
0
0
0
0
0
0
0
0
0
0
425.472751762468
425.472751762468
0
0
0
0
0
0
0
0
0
0
0
0
0
0
0
0
0
0
0
0
0
0
0
0
0
0
0
0
0
0
0
0
0
0
0
0
0
0
0
0
0
0
0
0
0
0
0
0
1000
-1000
913.157948947752
0
0
0
-133.450176520164
-1000
133.450176520164
0
0
0
0
83.0397007821623
-170.566477255624
0
0
0
0
0
0
0
0
0
0
0
0
0
0
0
0
0
0
0
0
0
0
0
0
0
0
0
0
0
55.51428841966
0
0
0
0
0
0
0
0
0
0
1000
0
0
0
0
0
0
0
0
0
0
0
0
0
0
0
0
0
-999.996460969733
-1000
1000
-1000
1000
999.996460969733
-1000
0
0
0
0
0
0
0.00353903026700664
0
0
0
0
0
0
0
0
0
0
0
0
0
0
0
0
0
0
0
0
0
0
0.00264657915615552
0.00353903026695214
0.00971438163131501
1000
0.00176438610410368
0.00176438610410368
0.00353903026700664
0
0.000882193052051839
0.00176438610410368
0.015017798002394
-0.00176438610412788
0.00176438610410368
0.00176438610410368
0.00176438610410368
0.00176438610410368
0.00176438610410368
-0.00176438610412788
-0.00352877220825576
0.00176438610410368
0.00176438610410368
0.00176438610412788
0.00176438610410368
-0.00530341637102083
-0.00530341637102083
0.00353903026700664
0.00353903026700664
0.00176438610410368
0.00176438610410368
0.00353903026695214
0.00353903026695214
-0.00353903026700664
-0.00353903026700664
0.00353903026700664
0.00353903026700664
0.00176438610410368
0.00176438610410368
0.00176438610410368
0.00176438610410368
0.0327026912783595
-0.00530341637102083
-999.986746588102
0
0
0
0
0
0
-944.48571158034
0
0
0
0.00353903026695214
0
0
0
0
0.00176951513347607
0.00353903026700664
0.00353903026700664
0
0
0.00353903026695214
0.00353903026695214
0
0
0
0
0.00705754441641471
0.00176438610410368
0.00529315831231103
0.00176438610410368
-0.00176438610412788
0.00176438610410368
0.00176438610410368
0.00176438610410368
0.00176438610410368
0.00176438610410368
0.00176438610410368
0.00352877220820735
0.00176438610410368
0.00176438610410368
0.00176438610410368
0.00176438610410368
0.00176438610410368
0
0.00176438610410368
0.00353903026695214
0.00353903026695214
0.00353903026695214
0.00353903026695214
0.00353903026695214
0.00353903026695214
0.00353903026695214
0.00353903026695214
0.00353903026695214
0.00353903026695214
0.00353903026695214
0.00353903026695214
0.00353903026695214
0.00353903026695214
0
0
0
0
0
0
0
0
0
0
0
0
-0.00353903026700664
0.00353903026695214
0.00353903026695214
0
0
0
0
0
0
0
0
0
0
0
0
0
0
0
0
0
0
0
0
0
0
0
0
0
0
0
0
0
0
0
0
0
0
0
0
0
0
0
0
0
0
0
0
0
0
0
0
0
0
0
0
0
0
0
0
0
0
0
0
0
56.1389055926455
22.8083653450853
0
0
0
0
0
0.00353903026695214
0
0
0
0
0
0
0
0
0
0
0
0
0
0
0
0
0
0
0
0
0
0
0
0
0
-1000
0
0
0
-132.346607371207
0
-242.098058304006
0
0
0
0.0014380430619028
0
0
0
0
0
0
0
0
0
0.0014380430619028
0
0
0
0
0
0
21.5714543027252
0.0014380430619028
0
0.0014380430619028
0
0.0014380430619028
0
0.534799721049009
0
0
0
0.0898776913689247
0
0
0
0.00143804306185302
0
0.556882175721857
0
0.0014380430619028
0
0.0014380430619028
0
0.0014380430619028
0
0.0014380430619028
0
0.0014380430619028
0
0.0014380430619028
0
0.0014380430619028
0
0.0014380430619028
0
0.0014380430619028
0
0.0014380430619028
0
0.0014380430619028
0
0.0014380430619028
0
0.0014380430619028
0
0.0014380430619028
0
0.0014380430619028
0
0.0014380430619028
0
0.0014380430619028
0
0.0301989042999587
0
0.0141732178323832
0
0.0413437380297054
0
0.0417032487951811
0
0.0212111351630662
0
0.0014380430619028
0
0.0014380430619028
0
0.080525487598359
0
0.0014380430619028
0
0.0014380430619028
0
0.0014380430619028
0
0.0014380430619028
0
0.688463115885963
0
0.0104258121987953
0
0.0772948145772752
0
0.389350159010182
0
0.0381130650086216
0
0.0014380430619028
0
5.70352937933324
0
0
0
0.0014380430619028
0
0.0014380430619028
0
0.0014380430619028
0
0
-1000
0
0.0132534118982903
55.9611804507009
0
0
0
0
-32.0160270840694
-703.901935527191
63.48626532702
1000
0.975421709277214
-1000
1000
0
0
424.164247466394
287.001911677519
-1000
-1000
0
0
1000
0
0
0
0
0
-343.432989414556
1000
0
0
0
0
-287.001911677519
665.260926306067
-0.00353903026700664
0
0
0
-0.95679649394981
0
712.998088322481
0
0
0
-999.976170529536
27.1927647977075
287.001911677519
-664.114281565041
330.842148305758
0
0
1000
146.176666065231
0
-1000
0
0
1000
847.006400970877
-1000
-1000
53.3948182495839
1000
0
0
-1000
1000
1000
1000
0
0
0
0
0
0
0
0
0
0
0
0
0
0
0
0
0
122.643529184403
0
0
0
0
0
695.633071196043
1000
0
0
0
1000
0
0
0
0
0
0
0
0
1000
-1000
-1000
-1000
1000
-1000
-1000
-1000
1000
-1000
-1000
-1000
1000
-1000
966.150940737545
-1000
-1000
-1000
1000
-1000
1000
-1000
-1000
-1000
-1000
1000
1000
1000
1000
1000
-1000
1000
-1000
-1000
-1000
-1000
-1000
-1000
-1000
974.01981211685
-1000
1000
-1000
-1000
-1000
-1000
-1000
-1000
-1000
-1000
-1000
-1000
-1000
1000
-1000
-1000
-32.7038606970838
-1000
-1000
-1000
-1000
-1000
-1000
-1000
945.562230385583
-1000
-1000
-1000
4.67396906390218
-1000
-1000
-1000
-1000
-1000
1000
-1000
-1000
-1000
-1000
-17.159719136003
-1000
-1000
96.6633413012532
-1000
-1000
-1000
45.7517737593548
1000
-1000
1000
1000
1000
-930.685007965413
-1000
1000
1000
1000
1000
-1000
-1000
1000
-1000
1000
-1000
1000
1000
-1000
1000
1000
1000
1000
1000
1000
-1000
1000
1000
-96.6633413012532
-1000
-1000
-1000
-920.674166726697
-1000
966.074834490041
1000
10.5021492526211
-33.925165509959
-1000
-1000
0
0
0
0
0
0
0
0
0
0
0
0
0
0
0
0
0
0
0
0
0
0
0
0
0
0
0
0
0
0
0
0
0
0
0
0
0
0
0
0
0
0
0
0
0
0
0
0
0
0
0
0
0
0
0
0
0
0
0
0
0
0
0
0
0
0
0
0
0
0
0
0
0
0
0
0
0
0
0
0
0
0
0
0
0
0
0
0
0
0
0
0
0
0
0
0
0
0
0
0
0
0
0
0
0
0
0
0
0
0
0
0
0
0
0
0
0
0
0
0
0
0
0
0
0
0
0
0
0
0
0
0
0
0
0
0
0
0
0
0
0
0
0
0
0
0
0
0
0
0
0
0
0
0
0
0
0
0
0
0
0
0
0
0
0
0
0
0
0
0
0
0
0
0
0
0
0
0
0
0
0
0
0
0
0
0
30.7969192054419
0
0
0
0
0
0
0
0
0
0
0
0
0
0
0
0
0
0
0
0
0
0
0
0
0
0
0
0
0
0
0
0
0
0
0
0
0
0
0
0
0
0
0
0
0
0
0
0
0
0
0
0
0
0
0
0
0
0
0
0
0
0
0
0
0
0
0
0
0
0
0
0
0
0
0
0
0
0
0
0
0
0
0
0
0
0
0
0
0
0
0
0
0
0
0
0
0
0
0
0
0
0
0
0
0
0
0
0
0
0
0
0
0
0
0
0
0
0
0
0
0
0
0
0
0
0
0
0
0
0
0
0
0
0
0
0
0
0
1000
1000
-1000
1000
1000
1000
1000
1000
-1000
-1000
-462.645821903127
-1000
1000
1000
1000
-1000
-1000
-1000
497.640971327226
-1000
1000
502.359028672774
-1000
1000
-1000
0
-1000
-1000
1000
1000
-1000
-1000
-1000
-1000
497.591496709899
-999.950525382674
-502.359028672774
-1000
-1000
-502.408503290101
-1000
1000
462.645821903127
-1000
-1000
1000
0
-1000
-1000
-1000
-1000
-1000
-1000
1000
-1000
0
0
0
0
0
0
0
55.9611804507008
55.9611804507009
-55.9611804507009
0
0
0
0
0
0
0
0
0
-1000
-1000
-0.464749899814933
0
0
0
0
1000
1000
186.175687860374
0
0
0
0
0
0
0
0
0
-0.00353903026700664
0.00353903026695214
0
0
-0.00353903026700664
-0.00353903026700664
0
0
0
0
0
0
0
0
0
0
0
0
0
0
0
0
0
0
0
0
0
0
0
0
0
0
0
0
0.00353903026695214
0
0
-1000
-1000
1000
-55.5142884196599
-1000
0
0
0
0
-0.00353903026700664
0
0
0
0
0
0
0
0
0
0
0
0
0
0
0
0
0
0
0
0
0
0
-31.74313266351
0.00353903026695214
0
0
0
500
-607.606516228912
0
0
0
0
0
-1000
0
1000
0
0
0
0
71.3712699825707
0
0
0
0
0
0
0
0
0
0
0
0
0
0
0
0
0
0
0
0
0
0
0
0
0
0
0
0
0
0
0
0.00353903026695214
0
0
0
0
0
1000
0
-1000
0
-242.098058304006
0
1.91359298789955
0
0
0
-492.540642428747
0
0.00529315831231103
1000
0
-1000
0
0
0
0
0
0
0
0
0
0
0
0.00353903026700664
29.0228990745004
518.913422326697
-759.815534683894
0
0
0
999.450886115391
1000
1000
0
0
0
0
0
8.8813802451383
0
0
1000
0
0
961.944183507557
0
921.363807467727
0
0
-439.623567464683
0
0
-1000
0
-1000
1000
0
0
0
0
0
0
0
0
0
0
0
-1000
0
0
0
79.3258332733027
0
952.382320040471
952.382320040471
0
0
0
0
920.674166726697
0
1000
0
8.87784121487175
0
0
0
0
0
0
0
0
0
0
0.956796493949773
0
0.00353903026695214
-0.00353903026700664
0.00353903026695214
0.00353903026695214
0
0
0.00353903026700664
1000
0
-8.87784121487175
0.95679649394981
0
0
-0.0106170908009062
-1000
-1000
-1000
1000
-1000
991.122158785128
0
0
-1000
-1000
989.215643857764
980.337802642892
0
0
0
0
0
0
0
0
0
0
0
0
0
0
0
0
0
0
0
0
0
0
0
0
0
10.7843561422364
0
0
0
0
0
0.00176438610410368
0
439.623567464683
0
0
0
0
0
0
0.00353903026695214
0
0
0
0
0
0
0
5.70209133627134
0
0
-45.6167306901707
0
0
0
0
0
0
0
0
0
0
0
0
0
1000
0
0
0
45.6167306901707
0
0
0
0
0
0
0
0
0
0
0
0
0
0
0
0
0
0
0
0
0
0
0
0
0
0
0
2.28241807071549
0
0
0
0
0
0
0
0
0
0
0
0
0
0
0
0
0
0
0
0
0
0
0
0
0
0
0
0
0
0
0
0
0
0
0
0
0
0
0
0
0
0
0
0
0
0
0
0
0
0
0
0
0
0
0
0
0
0
0
0
0
0
0
0
0
0
0
0
0
0
0
0
0
0
0
0
0
0
0
0
0
0
0
0
0
0
0
0
0
0
0
0
0
0
0
0
0
0
0
0
0
0
0
0
0
0
0
0
0
0
0
-999.976170529536
0
0.00176438610412788
0
0
0
-0.023829470464193
0
1000
0.00441096526026286
0
0
0
0
0
0
0
0
0
0
0
0
0
0
0
0
0
0
0
0
0
0.00353903026695214
0.00353903026695214
0.00353903026695214
-1000
-1000
0
-1000
-1000
0
0
0
0
0
0
1000
1000
0
0
0
0
0
0
0
0
0
0
-1000
0
370.84536463717
-629.15463536283
-1000
-1000
-1000
-999.44455586734
0.55544413266
1000
0
0
0
0
0
0
0
0
0
0
-1000
1000
1000
0.387634943200995
0.00353903026695214
0.00353903026695214
0.00353903026695214
0.00353903026695214
0.00353903026695214
0
0
0
0
1000
0
0
0
0
0
0
0
0
0
0
-1000
0
0
0
0
0
0
1000
-999.998561956938
0
1000
0
0
-999.998561956938
0
0
0
0
0
0
0
0
0
0
0
0
0
0
0
0
0
0
0
0
0
0
0
5.70209133627134
0
0
0
0
0
0
5.70209133627134
0
0
0
5.70209133627134
0
0
0
0
0
0
5.70209133627134
0
0
0
0
0
912.473223526538
0
0
0
0
0
0
0
0
0
1000
0
0
0
0
0
0
38.0558164924433
1000
1000
-1000
-1000
-1000
-1000
0
0.00971438163131501
0
0
0
0
1000
-1000
-1000
0
0
0
0
0
-1000
14.2741776465494
0
0
0
0
0.569161550748778
0.569161550748778
-968.286553527914
-999.974406143432
0
0
0
0
0
0
0.359271410771654
0
-245.107428378184
0
0
0
0
0
0
0
1000
0.00353903026695214
0
0
0
0
0
0
0
0
-1000
1000
0
0
1000
0
0
0
-1000
0
0
0
-2.04922319417255
0
-1000
0
0
0
-1000
-1000
0.078732857639178
0
0
0
0
0
0
0
126.644516034936
0
0
0
0
0
0
-750
0
0
0
0
-1000
-1000
0
0
232.804412493792
0
0
0
0
0.00518544869549075
0
0
0
0
0
0
0
0
0
8.87784121487175
0
0
0
0
0
0
0
0
0
0
-1000
0
0
-1000
1000
-1000
-1000
1000
0
0
0
0
0
0
0
0
0
0
0
1000
0.00176438610410368
0.00176438610410368
0
1000
1000
-1000
0
-492.540642428747
126.293380391646
0
0
0
0
0
0
0
0
0
0
0
0
0
0
0
0
0
0
0
0
0
0
0
0
0
-0.0194185052039302
0
0
0
0
0
0
0
0
0
0
0
0
0
0
0
0
0
0
0
0
0
0
0
0
0
0
0
0
0
0
0
0
0
0
0
0
0
0
0
0
0
0
0
0
0
-1000
0
-1000
0
0
0
0
0
0
-1000
0
0
0
0
0
0
0
0
0
0
0
-1000
0
0
0
0
0
0
0
0
0
0
0
0
0
1000
0
0
0
0
0
0
0
0
0
0
0
0
0
0
0
0
0
0
0
0
126.644516034936
0
0
0
0
0
0
0
0
0
0
0
0
0
0
0
0
0
0
0
0
0
0
0
0
368.742574338942
0
0
0
0
0
0
0
0
0
0
0
0
0
0
368.744012382003
0
0
0
0
0
0
0
0
0
0
0
0
0
0
0
0
0
0
0
0
0
0
0
0
0
0
0
0
0
0
0
0
0
0
0
0
0
0
0
0
0
0
0
0
0
0
0
0
0
0
0
0
0
0
0
0
0
0
0
0
0
0
0
0
0
0
0
0
0
0
0
0
0
0
0
0
0
0
0
0
0
0
0
0
0
0
0
0
0
0
0
0
0
0
0
0
0
0
0
0
0
0
0
0
0
0
0
0
0
0
0
0
0
0
0
0
0
0
0
0
0
0
0
0
0
0
0
0
0
0
0
0
0
-1000
0
0
0
0
0
0
0
0
0
0
0
0
0
0
0
0
0
0
0
0
1000
0
0
179.736620234802
179.736620234802
0
-98.5662239485998
0
20.6476386252596
979.35236137474
-999.838807429399
0
-1000
0
-1000
-1000
0
0
0
0
1000
0.0212341816017129
0
0
0
0
0
0
0
0
0
0
0
0
0
0
0
-32.0160270840694
0
0
0
0
0
0
0
0
0
0
0
0
0
0
0
0
0
0
0
0
0
0
0
0
0
0
0
0
0
0
0
0
0
0
0
0
0
0
0
0
0
0
0
0
0
0
0
0
0
0
0
0
0
0
0
0
0
0
0
0
0
0
0
0
0
0
0
0
0
0
-973.985900684316
0
0
0
0
0
0
0
0
0
0
0
0
0
0
0
0
0
0
0
0
0
0
0
0
0
0
0
0
0
0
0
0
0
0
0
0
0
0
0
0
0
0
0
0
0
0
0
0
0
0
0
0
0
0
0
0
0
0
0
0
0
0
0
0
0
0
0
0
0
0
0
0
0
0
0
0
0
0
0
0
0
0
0
0
0
0
0
0
0
0
0
0
0
0
0
0
0
0
0
0
0
0
0
0
0
0
0
0
0
0
0
0
0
0
0
0
0
0
0
0
0
0
0
0
0
0
0
0
0
0
0
0
0
0
0
0
0
0
0
0
0
0
0
0
0
0
0
0
0
0
0
0
0
0
0
0
0
0
0
0
0
0
0
0
0
0
0
0
0
0
0
0
0
0
0
0
0
0
0
0
0
0
0
0
0
0
0
0
-973.985900684316
0
0
0
0
0
0
0
0
0
0
0
0
0
126.293380391646
0
0
0
0
0
0
0
0
0
0
-1000
0
0
0
0
0.00353903026700664
-31.2918659028223
-968.286553527914
0
0
0
0
0
0
0
0
0
0
0
0
0
0
0
0
0
0
0
0
0
0
0
0
0
0
0
0
0
0
0
0
0
0
0
0
0
0
0
0
0
0
0
0
0
0
0
0
0
0
0
0
0
0
0
0
0
0
0
0
0
0
0
0
0
0
0
0
0
0
0
0
0
0
0
0
0
0
0
0
0
0
0
0
0
0
0
0
0
0
0
0
0
0
0
0
0
0
0
0
0
0
0
0
0
0
0
0
0
0
0
0
0
0
0
0
0
0
0
0
0
0
0
0
0
0
0
0
0
0
0
0
0
0
0
0
0
0
0
0
0
0
0
0
0
0
0
0
0
179.876329728248
0
537.354178096873
1000
0
0
0
0
0
0
0
1000
0.00353903026700664
0
0
-1000
0
392.418256982957
0
0
0
0
0
0
0
0
0
0
0
0
0
0
0
0
0
0
0
0
0
0
0
0
0
0
0
0
0
0
0
0
0
0
0
0
0
0
0
0
0
0
0
0
0
0
0
0
0
0
0
0
0
0
0
0
0
0
0
0
0
0
0
0
0
0
0
0
0
0
0
0
0
0
0
0
0
0
0
0
0
0
0
0
0
0
0
0
0
0
0
0
0
0
0
0
0
0
0
0
0
0
0
0
0
0
0
0
0
0
0
0
0
0
0
0
0
0
0
0
0
0
0
0
0
0
0
0
0
0
0
0
0
0
0
0
0
0
0
0
0
0
0
0
0
0
0
0
0
0
0
0
0
0
0
0
0
0
0
0
0
0
0
0
0
0
0
0
0
0
0
0
0
0
0
0
0
0
0
0
0
0
500
85.4838228732402
0
0
-0.95679649394981
0
0
456.269904585919
18.9090216195607
41.3314283592116
0.102580587447888
85.4838228732402
0
0
0
0
0
0
0
0
0
0
0
0
0
0
0
0
0
0
0
0
0
0
0
0
0
-944.48571158034
0
-1000
0
-73.6731039939754
-262.520491339589
0
968.286553527914
0
0.689640741029893
0
-5.70209133627134
28.5104566813566
-5.70209133627134
0
0
0
0
-3.59510765475704
0
0.00353903026700664
0.0194185052039302
0
0.0114787677354842
0
0
0
0
0
0
0
0
0
0
0
0
0
0
0
0
132.346607371207
0
242.098058304006
0
0
-999.976170529536
-0.688463115885952
-0.0301989042999367
0
-10.5021492526211
-20.5887103519616
984.026330438643
-32.9256672819693
21.7339089173329
-48.7067029598082
-1000
-4.5127764933012
-30.7969192054419
-1000
-1000
0
0
0
0
0
0
0
-1000
-1000
-17.159719136003
-25.9801878831502
-13.047913062271
-950.230766952542
-23.4230162573378
-1000
976.436781724768
966.817911168749
0
222.05715367864
1000
71.3712699825708
0
1000
0
0
55.9611804507008
-1000
0
0
0
0
0
0
1000
-79.3258332733027
0
0
0
0
0
0
0
0
0
0
0
0
-0.00353903026700664
-0.00353903026700664
0
0
0
0
0
0
0
0
0
0
0
0
0
0
0
0
0
1000
0
960.286793230352
0
0
63.48626532702
-1000
0
999.996460969733
-0.00353903026700664
-0.975421709277271
87.5267764734622
0
0
-0.00353903026700664
0
-0.00353903026700664
0
0
0
-0.00353903026700664
0
0
0
-0.00353903026700664
0
0
0
0
0
0
0
0
0
0
0
537.354178096873
0
0
0
0
0
-32.0160270840694
-55.5142884196599
0
0
0
0
0
0
-972.807235202293
0
0
0
-1000
0
1000
0
0
-0.00353903026700664
0
0
0
0
-33.8490592624551
0
0
0
0
0
0
0
-1000
0
-607.606516228912
999.04320350605
-0.464749899814933
-1000
-1000
0
0
0
0
0
712.998088322481
0
0
0
2.40850329010061
0
0
0
0
0
0
330.842148305758
0
0
0
0
665.260926306067
1000
0
0
0
424.164247466394
1000
0
0
0
-31.74313266351
0
0
0
0
0
-703.901935527191
-944.48571158034
0
0
0
0
0
-0.0494746173261547
0
0
0
1000
-287.001911677519
287.001911677519
0
0
0
0
0
656.567010585444
287.001911677519
-1000
-664.114281565041
-1000
0
0
0
0
0
0
0
0
0
0
0
1000
0
-0.0381130650085879
-0.00143804306185302
-0.389350159010178
0
-0.021211135163071
-0.0805254875983792
0
-0.0772948145772716
-0.0413437380296955
-0.00143804306185302
0
0
0
0
-0.00143804306185302
-179.876329728248
-0.00143804306185302
-0.00143804306185302
-0.00143804306185302
-0.0104258121988323
0
-0.00143804306185302
-0.534799721049012
0
0
-14.2741776465494
0
-0.359271410771612
-0.00143804306185302
-0.0141732178324219
0
-0.00143804306185302
-0.00143804306185302
-5.70352937933319
-0.00143804306185302
-0.0417032487952156
0
-0.0898776913688835
0
0
0
-1000
1000
0
0
-1000
1000
-0.00353903026700664
0
750
-750
0
0
0
-1000
0
0
0
0
0
0
0
0
0
0
0
0
0
0
0
0
0
0
0
-1000
1000
-1000
1000
-1000
1000
1000
-1000
-1000
0
-1000
1000
-0.00143804306185302
-0.00143804306185302
0
0
0
-1000
179.876329728248
-1000
999.838807429399
1000
0.0212341816016988
0
0
0
0
0
-1000
-211.892356812317
0
0
0
0
0
0
0
0
0
0
0
0
0
0
0
0
0
0
0
0
0
0
0
0
0
0
0
0
0
0
0
0
0
0
0
0
0
0
0
0
0
0
0
0
0
0
0
0
0
0
0
0
0
0
0
0
0
0
0
0
0
0
0
0
0
0
0
0
0
-0.00143804306185302
0
0
0
0
0
0
0
0
0
0
0
0
0
0
0
0
0
0
0
0
0
0
0
0
0
0
0
0
0
0
0
0
0
0
0
0
0
0
0
0
0
0
0
0
0
0
0
0
0
0
0
0
0
0
0
0
0
0
973.985900684316
0
0
0
0
0
0
0
0
0
0
0
0
0
0
0
0
0
0
0
0
0
0
0
0
0
0
0
0
0
0
0
0
0
0
0
0
0
0
0
0
0
0
0
0
0
0
0
0
0
0
0
0
0
0
0
0
0
0
0
0
0
0
0
0
0
0
0
0
0
0
0
0
0
0
0
0
0
0
0
0
0
0
0
0
0
0
0
0
0
0
0
0
0
0
0
0
0
0
0
0
0
0
0
0
0
0
0
0
0
0
0
0
0
0
0
0
0
0
0
0
0
0
0
0
0
0
0
0
0
0
0
0
0
0
0
0
0
0
0
0
0
0
0
0
0
0
0
0
0
0
0
0
0
0
0
0
0
0
0
0
0
0
0
0
0
0
0
0
0
0
0
0
0
0
0
0
0
0
0
0
0
0
0
0
0
0
0
0
0
0
0
0
0
0
0
0
0
0
-537.354178096873
656.567010585444
1000
0
0
31.2918659028223
0
0
0
0
0
0
0
0
0
0
0
0
0
0
0
0
0
0
179.876329728248
0
-392.418256982957
0
-1000
-0.00353903026700664
0
0
0
0
0
0
0
0
-999.986746588102
0
0
0
0
0
0
0
0
0
0
0
0
0
0
0
0
0
0
0
0
0
0
0
0
0
0
0
0
0
0
0
0
0
0
0
0
0
0
0
0
0
0
0
0
0
0
0
0
0
0
0
0
0
0
0
0
0
0
0
0
0
0
0
0
0
0
0
0
0
0
0
0
0
0
0
0
-0.00143804306185302
-0.00143804306185302
-0.00143804306185302
-0.00143804306185302
0
-0.00143804306185302
-0.556882175721853
0
-0.00143804306185302
-0.00143804306185302
-0.00143804306185302
-0.00143804306185302
21.5714543027252
-0.00143804306185302
-0.00143804306185302
-0.00143804306185302
-0.00143804306185302
-0.00143804306185302
-0.00143804306185302
-0.00143804306185302
0
-0.00143804306185302
-0.00143804306185302
-0.00143804306185302
-1000
85.4838228732401
0
1000
0
0
0
0
0
0
0
0
0
0
0
