0
0
0
0
0
0
0
0
-988.927110087917
1000
0
0
55.3892053069635
0
244.201202254134
0
999.809436119438
-999.809436119438
999.956264027412
0
0.0437359725880714
0
-1000
-55.1142934792671
0
1000
45.493357738027
0
-232.866023792481
0.0440396497503759
0
0
0
0
0
0.0240861218221026
0
0
0
26.2454602825744
0
0
0
0
0
465.456820963282
0
465.456820963282
0
465.456820963282
0
465.456820963282
0
465.456820963282
0
465.456820963282
0
0
465.456820963282
0
0
0
0
0
0
0
0
0
232.866023792481
0
0
0
0
12.1311195346602
12.1311195346602
0
0
0
0
232.866023792481
0
-1000
0
1000
0
0
0
0
0
0
0
0
0
0
0
0
0
0
0
0
0
0
0
0.00267494351476755
0
0
0
0
450.281698208524
0
0
0
12.325613126927
0
0
0
0
0
0
0
0
0
0
0
450.281698208524
0
0
0
0
0
1000
0
0
1000
0
0
0
0
0
0
1000
0
0
0
-10.9494199468629
0
0
0
0
0
0
0
0
0
0
0
-201.165318465916
-301.74172970279
1000
-100.582659232958
0
0
0
-1000
-100.582659232958
-100.582659232958
1000
-1000
0
0
1000
0
0
0
0
0
1000
500.367863308082
0
0
0
0
0
-2.94233125617666
0
0
0
0
0
0
1000
-253.288575718585
-1000
0
0
0
755.608233865304
0
0
0
0
1000
0
0
0
0
0
-2.9454552542187
0
-999.996876001958
0
0
0
0
258.197746742974
0
0
0
0
0
0
-1000
0
0
-1000
39.0298224335906
0
0
0.345028946107732
0
0
0.351276942191703
0.517543419161598
0
-301.74707958982
0
0
0
-1000
0
0
0
0
0
0
0
0
0
0
0
0
-1000
0
-1000
0
762.56756059512
-270.328866277634
0
959.704794244506
39.9501768093868
-1000
-1000
-0.723185840014708
999.654971053892
0
0
-0.517543419161598
0
1000
-1000
40.2436717410517
0
0
1000
0
0.134331915806219
0
-0.134331915806229
0
0.00133359502765223
0
0
0
0
1.96926110949079
0
0
0
1000
0
494.006525760603
0
0
0
0
0
0
1000
0
1000
0
0
0
1000
0
-0.134331915806229
0
-0.517543419161598
0
0
0.517543419161598
0
0
0
0
0
0
0
0
-1000
0
0
0
-12.4823964768518
0.517543419161598
0
-1000
-0.723185840014708
0
0
0.002674943514684
0
0
0
0
0
0
0
0
0
0
0
0
0
0
0
0
1.72514473053849
7.26240703043171
0
0
0
0
0
0
0
0
0
261.434478035024
-1000
1000
-1000
-1000
1000
-1000
-1000
-1000
-494.00785935563
1000
-1000
1000
1000
1000
0
0
0
0
0
0
-1000
0
1000
-1000
0
-1000
1000
0
0
1000
0
0
0
0
0
0
0
0.723185840014712
-1000
1000
1000
-1000
1000
-1000
-781.419315644517
-1000
-218.574436359399
1000
0
0
1000
-1000
1000
-1000
-1000
1000
-1000
-1000
1000
1000
-1000
1000
1000
0
0
0
0
0
0
0
0
0.00534988702963801
0
0
0
-19.6368863356249
1000
0
0
0
-22.011218535184
0
0
0
0
0
980.363113664375
0
0
0
0
500.002218135528
0
0
0
0
0
0.00267494351476755
0
1000
-980.36578860789
-19.6342113921102
0
19.6342113921102
0
0
0
0
0
0
0
0
0
0
0
7.0024520292194
0
0
0
0
0
0
0
0
0
0
0
0
1000
0
0
0
0
0
-1000
1000
0
0
0
0
0
0
0
0
0
0
0
1000
1000
0.0780999510501488
0.0780999510501488
0
-21.4435607992199
0
0
0
0
0
0
0
0
0
0
0
0
0
0
0
0
-999.995484054394
0
0
0
0
0
0
0
0
0
0
0
0
0
0
0
0
0
0
0
0
0
0
0
0
0
0
0
0
0
0
0
0
0
0
0
0
0
0
0
0.121835923638197
0
0
0
-1000
0
519.296267035357
0
519.296267035357
0
0
1000
0
0
0
0
0
0
0
0
0
0
0
0
0
0
0
0
0
0
0
0
0
0
0
0
0
0
0
0
-477.337862932591
0
0
0.121835923638197
0
0
0
0
0
0
0
0
0
987.1558031981
0
0
0
0
0
0
0
0
0
0
0
0
0
0
0
0
0
0
0
0
0
0
0
0
0
0
0
0
0
0
0
0
0
-1000
0
0
0
0
0
0
0
0
0
0
0
0
0.00802483054430265
0.00802483054430265
0
0.00802483054430265
0
0
0
0
0
0
0
0
0
0
0
0
0
0
0
0
0
0
0
0
0
1000
0
500.00534213357
0
0
0
0
0.565443645602923
0.565443645602923
0
0
0
0
0
0
0
0
0
0
0
0
0
0
0
0
0
0
0
0
0
0
0
0
0
0
0
-1000
0
0
0
-1000
0
0
-1000
0
0
0
0
1.62447898184265
0
0
1.62447898184265
0
0
0
0
0
0
0
0
0
1.62447898184265
0
1.62447898184265
0
0
0
9.69077438123231
27.6238799977476
17.6572116839535
12.9325280888332
19.1746283130433
6.31107370735058
14.7603253920549
27.0031186494836
24.8649406721299
7.86297707801056
15.243139774038
31.417421570472
24.7959671889894
7.65605662858923
12.6911208978416
17.5882382008131
22.7957361779166
18.4504067400686
3.37970067388173
23.0026566273379
0
0
0
0
0
0
0
0
0
0
0
0
0
0
0
0
0
0
0
0
0
0
0
0
0
0
0
0
0
0
0
0
0
0
0
0
0
0
0
0
0
0
0
0
0
0
0
0
0
0
0
0
0
0
0
0
0
0
0
0
0
0
0
0
0
0
0
0
0
0
0
0
0
0
0
0
0
0
0
0
0
0
0
0
0
0
0
0
249.637607342956
0
0
0
0
0
0
0
-1000
0
0
0
0
-1000
-1000
1000
1000
0
0
0
0
965.205672676193
0
0
-22.011218535184
-965.318136605705
-965.318136605705
-1000
0
-0.00451594560558988
0
-0.091987890781752
1000
1000
965.211920672277
1000
0
-965.205672676193
1000
0
-1000
-1000
-1000
0
0
999.995484054394
0
999.995484054394
0.00451594560558988
0
0
0
0
0
0
0
0
0
0
0
0.00267494351476216
500.357997475447
1000
1000
0
500
0
2.50935842557195
5
0
0
0
0
0
0
373.868791307183
0
0
0
0
-0.00719088912035204
0
0.00719088912035204
0.00719088912035204
0
-0.00719088912035204
0
499.206336190402
0
-0.0143817782407041
0
-0.00719088912035204
-3.14026748524009
0
0
2.78467181185326
-1000
-0.00719088912035204
0
-0.00719088912035204
-0.00719088912035204
0.00719088912035204
-0.00719088912035204
0.00719088912035204
-0.00719088912035204
-0.00719088912035204
-0.00719088912035204
-0.00719088912035204
-0.00719088912035204
-0.00719088912035204
-0.00719088912035204
-0.00719088912035204
-0.00719088912035204
-0.00719088912035204
-0.00719088912035204
-0.151008671527279
-0.0542850064726963
-0.206738062209865
-0.208535784489982
-0.10606561452505
0.00719088912035204
0.00719088912035204
-0.467737252821848
0.00719088912035204
0.00719088912035204
0.00719088912035204
0.00719088912035204
-3.44263816636476
-0.052133946122467
-2.33344351955168
0
-0.0571976529632821
0.00719088912035204
0.00719088912035204
0.0683134466432875
0.00719088912035204
0.00719088912035204
-0.00719088912035204
0
0
0
0
0
0
0
0
0
0
0
0
0
0
0
0
0
0
0
0
0
0
0
0
0
0
0
0
0
0
0
0
0
0
0
0
0.00934194947058131
0
0
0
0
0
0
0
0
0
0
0
0
0
0
0
0
0
0
0
0
0
0
0
0
0
0
0
0
0
0
0
0
0
0
0
0
0
0
0
0
0
0
0
0
0
0
0
0
0
0
0
0
0
0
0
0
0
0
0
0
0
0
0
0
0
0
0
0
0
0
0
0
0
0
0
0
0
0
0
0
0
0
0
0
0
0
0
0
0
0
0
0
0
0
0
0
0
0
0
0
0
0
0
0
0
0
0
0
0
0
0
0
0
0
0
0
0
0
0
0
0
0
0
0
0
0
0
0
0
0
0
0
0
0
0
0
0
0
0
0
0
0.449430570021508
0.00719088912034413
0.00719088912034413
0
0.00719088912034413
0
0
0
0
0
0
0
0
0
0
0
0
0
0
0
0
0
0
0
0
0
0
0
0
0
0
0
0
0
0
0
0
0
0
0
0
0
0
0
0
0
0
0
0
0
0
0
0
0
0
0
0
0
0
0
0
0
0
0
0
0
0
0
0
0
0
0
0
0
0
0
0
0
0
0
0
0
0
0
0
0
0
0
0
0
0
0
0
0
0
0
0
0
0
0
0
0
0
0
0
0
0
0
0
0
0
0
0
0
0
0
0
0
0
0
0
0
0
0
0
0
0
0
0
0
0
0
0
0
0
0
0
0
0
0
0
0
0
0
0
0
0
0
0
0
0
0
0
0
0
0
0
0
0
0
0
0
0
0
0
0
0
0
0
0
0
0
0
0
0
0
0
0
0
0
0
0
0
0
0
0
0
0
0
0
0
0
0
0
0
0
0
0
0
0
0
-1000
0
0
0
0
0
0
0
0
0
0
0
0
0
0
0
0
0
0
0
0
0
0
0
1000
0
0
0
0
0
0
0
0
0
0
0
0
0
0
0
0
0
0
0
0
0
0
0
0
0
0
0
0
0
0
0
0
0
-0.00867612113916039
0
0
0.00867612113916039
0
0.00867612113920258
0
0.00867612113920258
0
0
0
0
0
0
0
0
0
0
0
0
0
0
0
0
0
0
0
0
0
0
0
0
0
0
0
0
0
0
0
0
0
0
0
0
0
0
0
0
0
0
0
0
0
0
0
0
0
0
0
1000
1000
0
0
0
0
0
0
0
0
0
0
0
0
0
0
0
0
0
0
0
0
0
0
0
0
0
-1000
0
-1000
0
0
0
0
0
0
0
0
0
0
0
1000
1000
0
0
0
0
0
0
0
0
0
0
0
0
0
0
0
0
0
0
0
-1000
0
-1000
0
0
0
0
0
0
0
0
0
0
0
0
0
0
0
0
0
0
0
0
0
0
0
0
0
0
0
0
0
0
0
0
0
0
0
0
0
0
0
0
0
0
0
0
0
0
0
0
0
0
0
0
0
0
0
0
0
0
0
0
0
0
0
0
0
-998.553628319971
34.4789868185153
0
0
0.00719088912035204
0
1000
0
0
-0.00719088912035204
0
4.00963705255651
-0.00719088912035204
499.60003736974
0
0
0
0.00934194947058131
0
0
-1000
999.99280911088
0
0
0
0
0
0
0
0
0
0
0
0
0
-1000
0.00934194947058131
0
0
0
-0.0320295410419931
0
0
0
0
0
0
0
0.0320295410419931
0
0
0
0
0
373.868791307183
1000
-998.553628319971
-373.868791307183
-373.868791307183
0
-530.431073071212
1000
-0.016049661088573
0
0
0.00719088912035204
-0.00719088912035204
0
0
0.239097063251393
-0.239097063251393
1000
0
0
0
0.00719088912035204
0.00719088912035204
-1000
0
-374.129461037795
-625.870538962205
-1000
-0.00719088912035204
-500.399962630259
-499.600037369741
-1000
0
0
0
0
0
-1000
0
0
0
0
0
-1000
1000
-1000
0
0
0
-1000
0
0
0
-1000
0
0
0
0
0
0
0
0
0
0
0
0
0
0
0
0
0
0
0
-1000
1000
-1000
0
-1000
0
-1000
0
-1000
0
0
0
0
0
0
0
0
0
27.1616076311027
0
1000
0
1000
0
-1000
0
-1000
0
-1000
0
0
0
0
0
0
0
0
0
1000
0
0
0
0
0
0
0
0
0
0
0
0
0
0
0
0
0
0
0
0
0
0
0
0
0
0
0
0
0
0
0
0
0
0
0
0.00934194947058131
-0.00934194947058131
0
0
0
0
0
0
0
0
0
0
0
0
0
0
0
0
0
0
0
0
0
0
0
0
0
0
0
0
0
0
0
0
0
0
0
0
0.00934194947058131
-0.00934194947058131
0
0
0
0
0
0
0.0320295410419931
0.0320295410419931
0
0
0
0
0
0
0
0
0
0
0
0
0
0
0
0
-0.0320295410419931
-0.0320295410419931
0
0
0
0
0
0
0
0
0
0
0
0
0
0
0
0
0
0
0
0
0
0
0
0
0
0
0
0
0
0
0
0
0
0
0
0
0
0
0
0
0
0
0
0
0
0
0.00267494351476755
0
0
0
0
0
0
0
0
8.17389855594011
0
0
0
0
0
0
0
0
0
0
0
0
0
0
0
0
0
0
0
0
0
0
0
0
0
0
0
0
0
0
0
0
0
0
0
0
0
0
0
0
0
0
0
0
0
0
0
0
0
0
0
0
0
0
0
0
0
0
0
0
0
0
0
0
0
0
0
0
0
0
0
0
0
0
0
0
0
0
0
0
0
0
0
0
0
0
0
0
0
0
0
0
0
0
0
0
0
0
0
0
0
0
0
0
0
374.115079259554
374.115079259554
374.115079259554
0
373.875982196303
373.875982196303
373.875982196303
0
373.868791307183
373.868791307183
373.868791307183
0
0
0
0
0
0
0
0
0
0
0
0
0
0
0
0
0
0
0
0
0
0
0
0
0
0
0
0
0
0
0
0
0
0
0
0
0
0
0
0
0
0
0
0
0
0
0
0
0
0
0
0
0
0
0
0
0
0
0
0
0
0
0
0
0
0
0
0
0
0
0
0
0
0
0
0
0
0
0
0
0
0
0
0
0
0
0
0
0
0
0
0
0
0
0
0
0
0
0
0
0
0
0
0
0
0
0
0
0
0.00719088912034413
0.00719088912034413
0.00719088912034413
0.00719088912034413
0
0
0
0
0
0
0
0
0
0
0
0
0
0
0
0
0
0
0
0
0
0
0
0
0
0
0
0
0
0
0
0
0
0
0
0
0
0
0
0
0
0
0
0
0
0
0
0
0
0
0
0
0
0
0
0
0
0
0
0.00267494351476755
0.00267494351476755
0.00267494351476755
0.00267494351476755
0.00267494351476755
0
0
0
0
0
0
0
0
0
0
0
0
0
0
0
0
0
0
0
0
0
0
0
0
0
0
0
0
0
0
0
0
0
0
0
0
0
0
0
0
0
0
0
0
0
10.9494199468629
10.9494199468629
-10.9494199468629
3.64356511408651
-1.82044508528588
1.82044508528587
1.82044508528587
1.82044508528587
0
0
0
0
0
0
0
0
0
0
0
0
0
0
0
0
0
0
0
0
1.82044508528587
0
1.81511070517526
1.82044508528587
1.82044508528587
1.82044508528587
1.82044508528587
1.82044508528587
1.82044508528587
1.82044508528587
1.82044508528587
1.82044508528587
1.82044508528587
1.82044508528587
1.82044508528587
1.82044508528587
1.82044508528587
1.82044508528587
1.82044508528587
10.9494199468629
10.9494199468629
3.64356511408651
3.64356511408651
0
0
0
0
0
0
0
0
0
0
0
0
0
0
0
0
0
0
0
0
0
0
0
0
0
0
0
0
0
0
0
0
0
0
0
0
0
0
0
0
0
0
0
0
0
0
0
0
0
0
0
0
0
0
0
0
0
0
0
0
0
0
0
0
0
0
0
0
0
0
0
0
0
0
0
0
0
0
0
0
0
0
0
0
0
0
0
0
0
0
0
0
0
0
0
0
0
0
0
0
0
0
0
0
0
0
0
0
0
0
0
0
0
0
0
0
0
0
0
0
0
0
0
0
0
0
0
0
0
0
0
0
0
0
0
0
0
0
0
0
0
0
0
0
0
0
0
0
0
0
0
0
0
0
0
0
0
0
0
0
0
0
0
0
0
0
0
0
0
0
0
0
0
0
0
0
0
0
0
0
0
0
0
0
0
0
0
0
0
0
0
0
0.876112489978297
0.0186935907655205
0.0186935907655205
0
0
0
0
-0.0186935907655652
0.0186935907655205
0
0
206.321565560388
207.178984459601
0
1000
0
0
0
0
0
0
0
0
0
0
0
0
0
0
0
0
0
0
0
0
0
0
0
0
0
0
0
0
0
0
0
0
0
0
0
0
0
0
0
0
0
0
0
0
0
0
0
0
0
0
0
0
0
0
0
0
0
0
0
0
0
0
0
0
0
0
0
0
0
0
0
0
0
0
0
0
0
0
0
0
0
0
0
0
0
0
0
0
0
0
0
0
0
0
0
0
0
0
0
0
0
0
0
0
0
0
0
0
0
0
0
0
0
0
0
0
0
0
0
0
0
0.00267494351476755
0
0
0
0
0
0
0
1.15338136935153
0
0
0
0.723185840014712
0.723185840014712
0.723185840014712
0
0
0
7.18755254828851
0
0
0.989020951166365
0
0
7.18755254828851
0.00267494351476755
0
0
0
0
-0.989020951166367
0.989020951166365
0
0
0
0
0
0
8.06366503826681
0
0
0
0.180379065435915
0
0.164360418185162
0
8.06366503826681
8.06366503826681
0
0
0
0
0
0
0
0
0
0
0
0
0
0
-8.17389855594013
0
0
0
0
0
0
0
0
0
0
0
0
0
0
0
0
0
0
0
0
0
0
0
0
0
0
0
0
0
0
0
0
0
0
0
0
0
0
0
0
0
0
0
0
0
0
0
0
0
0
0
0
0
0
0
0
0
0
0
0
0
0
0
0
0
0
0
0
0
0
0
0
0
0
0
0
0
0
0
0
0
0
0
0
0
0
0
0
0
0
0
0
0
0
0
0
0
0
0
0
0
0
0
0
0
0
0
0
0
0
0
0
0
0
0
1000
0
0
1000
1000
0
0
0
0
0
0
0
0
0
0
0
0
0
0
0
0
0
0
0
0
0
0
0
0
0
0
0
0
0
0
0
0
0
0
0
0
0
0
0
0
0
0
0
0
0
0
0
0
0
0
0
0
0
0
0
0
0
0
0
0
0
0
0
0
0
0
0
0
0
0
0
0
0
0
0
0
0
0
0
0
0
0
0
0
0
0
0
0
0
0
0
0
0
0
0
0
0
0
0
0
0
0
0
0
0
0
0
0
0
0
0
0
0
0
0
0
0
0
0
0
0
0
0
0
0
0
0
0
0
0
0
0
0
0
0
0
0
0
0
0
0
0
0
0
0
0
0
0
0
0
0
0
0
0
0
0
0
0
0
0
0
0
0
0
0
0
0
0
0
0
0
0
0
0
0
0
0
0
0
0
0
0
0
0
0
0
0
0
0
0
0
0
0
0
0
0
0
0
0
0
0
0
0
0
0
0
0
0
0
0
0
0
0
0
0
0
0
0
0
0
0
0
0
0
0
0
0
0
0
0
0
0
0
0
0
0
0
0
0
0
0
0
0
0
0
0
0
0
0
0
0
0
0
0
0
0
0
0
0
0
0
0
0
0
0
0
0
0
0
0
0
0
0
0
0
0
0
0
0
0
0
0
0
0
0
0
0
0
0
0
0
0
0
0
0
0
0
0
0
0
0
0
0
0
0
0
0
0
0
0
0
0
0
0
1000
0
0
0
0
507.469280793607
0
0
0
0
0
0
0
0
0
0
0
0
0
0
0
0
0
0
0
0
0
0
0
0
0
0
0
0
0
0
0
0
0
0
0
0
0
0
0
0
0
0
0
0
0
0
0
0
0
0
0
0
0
0
0
0
0
0
0
0
0
0
0
0
0
0
0
0
0
0
0
0
0
0
0
0
0.121835923638197
0.121835923638197
0
0
0
0.121835923638173
0
0.121835923638197
-249.637607342956
0
0
0
0.018743988252028
0
0
0
0
0
0
0
249.637607342956
0
0
0
0
0
0.737263537913214
0
0
0
0
0
0
0.737263537913214
0.737263537913214
0.737263537913214
0.737263537913236
0
0
0
0
0
0
0
0
0
0
0
0
0
0
0
0
0
0
0
0
0
0
0
0
0
0
0
0
0
0
0
0
0
0
0
0
0
766.96810063413
766.96810063413
0
0
0
0
0
0
0
0
0
0
0
0
0
0
0
0
0
0
0
0
0
0
0
0
0
0
0
0
0
0
0
0
0
0
0
0
0
0
0
0
0
0
0
0
0
0
0
0
0
1000
-543.624355461539
1000
0
0
0
-1000
1000
1000
978.038895781619
0
0
0
1000
-544.141898880701
0
0
0
0
0
0
0
0
0
0
0
0
0
0
0
0
0
0
0
0
0
0
0
0
0
0
0
0
0
0
0
0
0
0
0
0
0
0
0
0
-1000
0
0
0
0
0
0
0
0
0
0
0
0
0
0
0
0
0
-999.997325056485
999.997325056485
1000
999.997325056485
1000
-1000
-1000
0
0
0
0
0
0
0.00267494351476216
0
0
0
0
0
0
0
0
0
0
0
0
0
0
0
0
0
0
0
0
0
0
0.0106765136806809
0.00267494351476755
0.0160186472507529
1000
0.00133359502765223
0.00133359502765223
0.00267494351476216
0
0.00934291865302869
0.00133359502765223
0.0200271857932174
-0.00133359502763142
0.00133359502765223
0.00133359502765223
0.00133359502765223
0.00133359502765223
0.00133359502765223
-0.00133359502763142
-0.00266719005526284
-0.0333941499075081
0.00133359502765223
0.00133359502765223
0.00133359502763142
0.00133359502765223
0.0293856113651145
-0.00400853854239358
-0.0307192063927459
0.00267494351476216
0.00133359502765223
0.00133359502765223
0.00267494351476755
0.00267494351476755
-0.00267494351476216
-0.00267494351476216
0.00267494351476216
0.00267494351476216
0.00133359502765223
0.00133359502765223
0.00133359502765223
0.00133359502765223
-0.00400853854239358
-999.981306409234
0
0
0
0
0
0
-1000
0
0
0
0.00267494351476755
0
0
0
0
0.00133747175738378
0.00267494351476216
0.00267494351476216
0
0
0.00267494351476755
0.00267494351476755
0
0
0
0
0
0
0.00533438011060891
0.00133359502765223
0.00400078508295668
0.00133359502765223
-0.00133359502763142
0.00133359502765223
0.00133359502765223
0.00133359502765223
0.00133359502765223
0.00133359502765223
0.00133359502765223
0.00266719005530446
0.00133359502765223
0.00133359502765223
0.00133359502765223
0.00133359502765223
0.00133359502765223
0
0.00133359502765223
0.00267494351476755
0
0.00267494351476755
0
0.00267494351476755
0.00267494351476755
0.00267494351476755
0.00267494351476755
0.00267494351476755
0.00267494351476755
0
0.00267494351476755
0
0.00267494351476755
0.00267494351476755
0.00267494351476755
0.00267494351476755
0.00267494351476755
0
0
0
0
0
0
0
0
0
0
0
0
0
0
0
0
-0.00267494351476216
0
0
0
0
0
0
0
0
0
0
0
0
0
0
0
0
0
0
0
0
0
0
0
0
0
0
0
0
0
0
0
0
0
0
0
0
0
0
0
0
0
0
0
0
0
0
0
0
0
0
0
0
0
0
0
0
0
0
0
0
0
0
0
0
1000
0
0
0
0
0
0
0.00267494351476755
0
0
0
0
0
0
0
0
0
0
0
0
0
0
0
0
0
0
0
0
0
0
0
0
0
0
-12.8559400623784
0
0
0
-373.868791307183
0
0
0
0
0
0.00719088912034413
0
0
0
0.00719088912034413
0
0.00719088912034413
0
0
0
0.00719088912034413
0
0
0
0.393701179338848
0
0
0
0.0143817782406883
0
0
0
0.00719088912034413
0
3.14026748524013
0
0
0
0
0
2.78467181185326
0
0.00719088912035204
0
0.00719088912034413
0
0
0
0.00719088912034413
0
0.00719088912034413
0
0.00719088912034413
0
0.00719088912034413
0
0.00719088912034413
0
0.00719088912034413
0
0.00719088912034413
0
0.00719088912034413
0
0.00719088912034413
0
0.00719088912034413
0
0.00719088912034413
0
0.00719088912034413
0
0.00719088912034413
0
0.00719088912034413
0
0.00719088912034413
0
0.00719088912034413
0
0.151008671527227
0
0.0542850064727466
0
0.206738062209894
0
0.20853578448998
0
0.106065614525076
0
0.00719088912034413
0
0.00719088912034413
0
0.467737252821874
0
0.00719088912034413
0
0.00719088912034413
0
0.00719088912034413
0
0.00719088912034413
0
3.44263816636475
0
0.0521339461224949
0
2.33344351955167
0
0
0
0.0571976529632472
0
0.00719088912034413
0
0.00719088912034413
0
0.0683134466432692
0
0.00719088912034413
0
0.00719088912034413
0
0.00719088912034413
0
663.703147235278
0
0
-0.857418899212803
1000
-1000
0
0
0
0
-1000
-1000
1000
0
0.737263537913214
-1000
746.716774168445
0
0
765.979079682964
505.993474239398
-1000
-1000
0
0
1000
0
0
0
0
0
489.919974493552
1000
-8.06366503826678
0
0
0
-1000
695.307465155961
-0.00267494351476216
0
0
-2.69244694950555
1000
0
0
0
0
672.679845072633
1000
1000
-1000
301.74707958982
0
0
1000
0
0
-1000
0
0
1000
1000
-1000
1000
0
266.651319272258
0
0
-1000
842.247064053955
1000
1000
0
0
0
0
0
-1000
0
0
0
0
0
0
0
0
0
549.008964675848
1000
1000
0
65.8131273131667
0
0
0
0
0
0
0
0
1000
0
0
0
0
0
0
0
0
0
-1000
1000
1000
-1000
1000
-1000
-1000
-1000
-1000
1000
1000
952.454395304016
1000
-1000
-1000
-1000
-1000
-1000
-1000
1000
-1000
-1000
-1000
1000
1000
1000
1000
1000
1000
-1000
1000
1000
-1000
-1000
-1000
-1000
-1000
-1000
-1000
-1000
-1000
0
-1000
-1000
-1000
-1000
-1000
-1000
-1000
-1000
-1000
-1000
-1000
1000
1000
-1000
-1000
-1000
-992.228355443857
-1000
-1000
-1000
-1000
-1000
-1000
-1000
-1000
526.194913645349
-1000
-1000
-1000
-1000
-1000
-1000
1000
-795.032957669193
-546.794330591763
-1000
-1000
1000
-1000
248.23862707743
1000
-1000
-1000
1000
778.788028413011
1000
-1000
1000
1000
1000
-1000
-12.9700160653372
1000
1000
1000
1000
-1000
-1000
1000
-1000
1000
-1000
-1000
-1000
-1000
1000
-15.5617875743226
1000
1000
1000
1000
-929.176826848982
1000
1000
-1000
-1000
-1000
-967.175483836774
-1000
-7.93795303101865
0
982.580938686606
1000
-1000
-1000
-1000
0
0
0
0
0
0
0
0
0
0
0
0
0
0
0
0
0
0
0
0
0
0
0
0
0
0
0
0
0
0
0
0
0
0
0
0
0
0
0
0
0
0
0
0
0
0
971.23586071692
0
0
0
0
0
0
0
0
0
0
0
0
0
0
0
0
0
0
0
0
0
0
0
0
0
0
0
0
0
0
0
0
0
0
0
0
0
0
0
0
0
0
0
0
0
0
0
0
0
0
0
0
0
0
0
0
0
0
0
0
0
0
0
0
0
0
0
0
0
0
0
0
0
0
0
0
0
0
0
0
0
0
0
0
0
0
0
0
0
0
0
0
0
0
0
0
0
0
0
0
0
0
0
0
0
0
0
0
0
0
0
0
0
0
0
0
0
0
0
0
0
0
0
0
0
0
0
0
0
0
0
0
0
0
0
0
0
0
0
0
0
0
0
0
0
0
0
0
0
0
0
0
0
0
0
0
0
0
0
0
0
0
0
0
0
0
0
0
0
0
0
0
0
0
0
0
0
0
0
0
0
0
0
0
0
0
0
0
0
0
0
0
0
0
0
0
0
0
0
0
0
0
0
0
0
0
0
0
0
0
955.944275265277
0
0
0
0
0
0
0
0
0
0
0
0
0
0
0
0
0
0
0
0
0
0
0
0
0
0
0
0
0
0
0
0
0
0
0
0
0
0
0
0
0
0
0
0
0
0
0
0
0
0
0
0
0
0
0
0
0
0
0
0
0
0
0
0
0
0
0
1000
1000
998.179554914714
1000
1000
1000
1000
1000
-1000
-1000
-1000
-1000
1000
1000
1000
1.82044508528588
-1000
-1000
998.179554914714
-1000
1000
-1000
1000
-1000
1000
-1000
-1000
-0.0373949349904024
-999.96260506501
1000
-1000
-1000
-1000
-1000
-1000
1000
-998.179554914714
-1000
-1000
-1000
-1000
1000
-1000
-1000
-1000
1000
-1000
998.179554914714
-987.106665002631
-1000
-1000
-1000
-1000
1000
-1000
0
0
0
0
0
0
0
0
0
0
0
0
0
0
0
0
0
-1000
-1000
0
0
0
0
0
245.340851311486
0
75.0717004351105
0
0
0
0
0
0
0
0
0
-0.00267494351476216
0.00267494351476755
0
0
-0.00267494351476216
-0.00267494351476216
0
0
0
0
0
0
0
0
0
0
0
0
0
0
0
0
0
0
0
0
0
0
0
0
0
0
0
0
0.00267494351476755
0
0
1000
1000
472.835004338732
-522.17544477529
1000
0
0
0
0
-0.00267494351476216
0
0
0
0
249.637607342956
0
0
0
0
0
0
0
0
0
0
0
0
1000
0
-465.456820963282
465.456820963282
0.00267494351476755
0
0
0
0
-117.831712766947
0
0
0
0
0
0
0
-1000
0
0
0
0
0
0
0
0
0
0
0
0
0
0
0
0
0
0
0
0
0
0
0
0
0
0
0
0
0
0
0
0
0
0
0
0.00267494351476755
0
0
0
0
1000
0
-998.553628319971
0
0
1.44637168002942
0
0
0
0
1000
0
-19.6342113921102
0
0
0
0
0
0
0
0
0
0
0
0
0.00267494351476216
1000
-1000
0
1000
0
1000
1000
0
999.995484054394
-1000
0
-1000
1000
-1000
1000
0
0
0
0
-999.889268120966
1000
0
0
0
0
0
0.00267494351464848
0
0
1000
0
0
0
0
19.6368863356248
0
0
0
0
0
-1000
0
-1000
1000
0
0
0
0
0
0
0
0
0
0
484.642339484896
-0.110731879033779
1000
0
980.36578860789
0
0
19.6315364485954
19.6315364485954
0
0
980.36578860789
0
1000
0
1000
0
0
0
38.5091550163871
0
0
0
0
0
0
0
0
0
0
0.723185840014712
0
0.00267494351476755
-0.00267494351476216
0.00267494351476755
0.00267494351476755
0
0
1000
-1000
0.00267494351476216
0
0
0
0.723185840014708
0
0
-0.00802483054428649
-1000
-1000
-1000
1000
-961.490844983613
961.490844983613
0
0
921.540668174226
-1000
-961.490844983613
-1000
0
0
0
0
0
0
0
0
0
0
0
0
0
0
0
0
0
0
0
0
0
0
0
0
0
39.9501768093868
0
0
0
0
0
0.00133359502765223
0
0
0
0
0
0
0
0
0.00267494351476755
-1000
-999.995484054394
0
0
0
0
0
0
0
0
0
0
0
0
0
0
0
0
0
0
0
0
0
0
0
0
-1000
0
0
0
0
0
0
0
0
0
0
0
0
0
0
0
0
0
0
0
0
0
0
0
0
0
0
0
0
0
0
0
1.72514473053855
0
0
0
0
0
0
0
0
0
0
0
0
0
0
0
0
0
0
0
0
0
0
0
0
0
0
0
0
0
0
0
0
0
0
0
0
0
0
0
0
0
0
0
0
0
0
0
0
0
0
0
0
0
0
0
0
0
0
0
0
0
0
0
0
0
0
0
0
0
0
0
0
0
0
0
0
0
0
0
0
0
0
0
0
0
0
0
0
0
0
0
0
0
0
0
0
0
0
0
0
0
0
0
0
0
0
0
0
0
0
0
0
0
-999.95596035025
0
0.00133359502763142
0
0.0320295410419931
0
0
-0.0440396497504025
0
1000
0
0
0
0
0.0120101087082958
0
0
0
0
0
0
0
0
0
0
0
0
0
0
0
0
0.00267494351476755
0.00267494351476755
0.00267494351476755
1000
-978.030870951074
0
-530.431073071212
-1000
0
0
0
0
0
0
-1000
1000
0
0
0
0
0
0
0
0
0
0
-1000
0
999.985618221759
-0.00719088912035204
-1000
-1000
-1000
-1000
-1000
-1000
0
0
0
0
0
0
0
0
0
0
-1000
0.0671659579031143
1000
0.292990310677897
0.00267494351476755
0.00267494351476755
0.00267494351476755
0.00267494351476755
0.00267494351476755
0
0
0
1000
0
0
0
0
0
1.94693322933317
0
0
0
0
0
1000
0
0
0
0
0
0
0
1000
-999.99280911088
0
1000
0
0
-999.99280911088
0
0
0
0
0
0
0
0
0
0
0
0
0
0
0
0
0
0
0
0
0
0
0
0
0
0
0
0
0
0
0
0
0
0
0
0
0
0
0
0
0
0
0
0
0
0
0
0
-71.3068945419687
0
0
0
0
0
0
0
0
0
-1000
0
0
0
0
0
0
0
0
1000
27.1616076311027
-1000
-1000
-1000
1000
0
0.0160186472507529
0
0
0
0
-999.865668084194
-1000
-999.878164076362
0
249.637607342956
0
0
0
999.983950338911
2.72534100127766
0
0
0
0
0.430195529336815
0.430195529336815
0
0
-999.954626755222
0
0
0
0
0
0
0.271551995262441
0
-1000
0
0
0
0
0
0
0
1000
0.00267494351476755
0
0
0
0
0
0
0
-1000
-1000
0
0
1000
0
0
0
1000
0
0.00400078508295668
0
0
0
-625.870538962205
0
-1000
0
0
0
-1000
-1000
0
0
373.868791307183
373.875982196303
0
373.868791307183
0
0
-1000
1000
-1000
1000
-750
0
0
0
0
965.322652551311
-1000
0
0
-1000
0
0
0
0
0.0093419494705958
0
0
0
0
0
0
0
0
38.5091550163871
0
38.5091550163871
0
0
0
0
0
0
0
0
0
1000
999.995484054394
-1000
-1000
999.995484054394
-1000
-1000
484.646855430502
0
0
0
0
0
0
0
0
-1000
-507.469280793607
0
1000
0.00133359502765223
0.00133359502765223
0
-1000
0
0
499.600037369741
0
0
0
0
0
0
0
0
0
0
0
0
0
0
0
0
0
0
0
0
0
0
0
0
0
-0.0320295410419931
0
0
0
0
0
0
0
0
0
0
0
0
0
0
0
0
0
0
0
0
0
0
0
0
0
0
0
0
0
0
0
0
0
0
0
0
0
0
0
0
0
0
0
0
0
0
-1000
0
-1000
0
0
0
0
0
0
-1000
0
0
0
0
0
0
0
0
0
0
0
999.760902936749
0
0
0
0
0
0
0
0
0
0
0
0
0
-1000
0
0
0
1.44637168002942
0
0
0
0
0
0
0
0
0
0
0
0
0
0
0
373.868791307183
0
0
0
0
0
0
0
0
0
0
0
0
0
0
0
0
0
0
0
0
0
0
0
0
0
0
0
0
0
0
0
0
0
0
0
0
0
0
0
0
0
0
0
0
0
0
0
0
0
0
0
0
0
0
0
0
0
0
0
0
0
0
0
0
0
0
0
0
0
0
0
0
0
0
0
0
0
0
0
0
0
0
0
0
0
0
0
0
0
0
0
0
0
0
0
0
0
0
0
0
0
0
0
0
0
0
0
0
0
0
0
0
0
0
0
0
0
0
0
0
0
0
0
0
0
0
0
0
0
0
0
0
0
0
0
0
0
0
0
0
0
0
0
0
0
0
0
0
0
0
0
0
0
0
0
0
0
0
0
0
0
0
0
0
0
0
0
0
0
0
0
0
0
0
0
0
0
0
0
0
0
0
-1000
0
0
0
0
0
0
0
0
0
0
0
0
0
0
0
0
0
0
0
0
0
0
0
0
0
0
0
-600.582659232958
0
783.496896131749
-306.159033199158
-477.216027008953
0
0
0
-1000
663.703147235278
0
0
0
0
495.952086252696
0.0160496610886053
0
0
0
621.860901909648
0
0
0
0
0
0
0
0
0
0
0
0
0
0
0
0
0
0
0
0
0
0
0
0
0
0
0
0
0
0
0
0
0
0
0
0
0
0
0
0
0
0
0
0
0
0
0
0
0
0
0
0
0
0
0
0
0
0
0
0
0
0
0
0
0
0
0
0
0
0
0
0
0
0
0
0
0
0
0
0
0
0
0
0
0
0
0
0
0
0
0
0
0
0
0
0
0
0
0
0
0
0
0
0
0
0
0
0
0
0
0
0
0
0
0
0
0
0
0
0
0
0
0
0
0
0
0
0
0
0
0
0
0
0
0
0
0
0
0
0
0
0
0
0
0
0
0
0
0
0
0
0
0
0
0
0
0
0
0
0
0
0
0
0
0
0
0
0
0
0
0
0
0
0
0
0
0
0
0
0
0
0
0
0
0
0
0
0
0
0
0
0
0
0
0
0
-333.941389776772
0
0
0
0
0
0
0
0
0
0
0
0
0
0
0
0
0
0
0
0
0
0
0
0
0
0
0
0
0
0
0
0
0
0
0
0
0
0
0
0
0
0
0
0
0
0
0
0
0
0
0
0
26.1070744751967
0
0
0
0
0
0
0
0
0
0
0
0
0
0
0
0
0
0
0
0
0
0
-333.941389776772
26.1070744751967
0
0
0
0
0
0
0
0
0
0
0
0
0
0
499.60003736974
0.00267494351476216
0
0
0
0
0
0
0
0
0
0
0
-1000
0
0
0
0
-986.837155397816
0
0
0
0
0
0
0
0
0
0
0
0
0
0
0
0
0
0
0
0
0
0
0
0
0
0
0
0
0
0
0
0
0
0
0
0
0
0
0
0
0
0
0
0
0
0
0
0
0
0
0
0
0
0
0
0
0
0
0
0
0
0
0
0
0
0
0
0
0
0
0
0
0
0
0
0
0
0
0
0
0
0
0
0
0
0
0
0
0
0
0
0
0
0
0
0
0
0
0
0
0
0
0
0
0
0
0
0
0
0
0
0
0
0
0
0
0
0
0
0
0
0
0
0
0
0
0
0
0
0
0
0
0
0
0
0
0
0
0
0
0
0
0
0
0
0
0
0
0
0
0
0
0
0
0
0
0
1000
0
0
0
49.3404404365577
0
0
0
0
0
0
0
1000
0.00267494351476216
0
7.0024520292194
-49.3404404365577
1000
0
0
0
0
0
0
0
0
0
0
0
0
0
0
0
0
1000
-1000
0
0
0.857418899212803
0
0
0
0
0
0
0
0
0
0
0
0
0
0
0
0
0
0
0
0
0
0
0
0
0
0
0
0
0
0
0
0
0
0
0
0
0
0
0
0
0
0
0
0
0
0
0
0
0
0
0
0
0
0
0
0
0
0
0
0
0
0
0
0
0
0
0
0
0
0
0
0
0
0
0
0
0
0
0
0
0
0
0
0
0
0
0
0
0
0
0
0
0
0
0
0
0
0
0
0
0
0
0
0
0
0
0
0
0
0
0
0
0
0
0
0
0
0
0
0
0
0
0
0
0
0
0
0
0
0
0
0
0
0
0
0
0
0
0
0
0
0
0
0
0
0
0
0
0
0
0
0
0
0
0
0
0
0
0
0
0
0
0
1000
500
64.6121621924529
0
0
-0.723185840014708
0
0
344.867415702217
14.2922102769706
31.239980420051
0.0775345946309435
64.6121621924529
0
0
0
0
0
0
0
0
0
0
0
0
0
0
0
0
0
0
0
1000
-1000
0
-999.878164076362
-0.121835923638173
0
0
980.363113664375
0
-999.998158997909
0
0
0
0
-17.9772228008603
0
-0.00867612113916039
0
0.00267494351476755
0
0
0
0
0
0
0
0
0
0
0
0
0
0
0
0
0
0
373.868791307183
0
0
0
0
672.679845072633
-3.44263816636476
-0.151008671527279
-7.93795303101865
-15.5617875743226
-31.7360693707565
-24.8865631322077
-7.77164455614343
-1000
-19.6625179803665
-3.41094065430184
-23.2775684550344
-713.831165669631
-1000
0
0
0
0
0
-1000
-28.7641392830795
-12.9700160653372
-1000
16.2449292561813
-7.62940088107678
8.40300282061321
-47.5456046959839
-1000
-2.25183641730769
0
-65.8131273131667
-1000
-0.121835923638173
0
1000
0
0
999.865668084194
-1000
0
0
0
-8.06366503826678
0
0
1000
973.36333657867
0
0
0
0
0
0
0
0
0
0
-0.00267494351476216
-0.00267494351476216
0
0
0
0
0
0
0
0
0
0
0
0
0
0
0
0
0
1000
0
11.0728899120829
0
0
1000
-999.142581100787
249.637607342956
-0.00267494351476216
-0.00267494351476216
-0.737263537913236
-455.858101119299
0
0
-0.00267494351476216
0
-0.00267494351476216
0
0
0
-0.00267494351476216
0
0
0
-0.00267494351476216
0
0
0
0
0
0
0
0
0
0
0
0
0
0
0
0
0
978.030870951074
0
0
0
0
0
0
-253.283225831555
0
0
0
0
-1000
0
1000
0
0
-0.00267494351476216
0
0
0
0
0
0
0
0
0
0
0
0
0
0
-117.831712766947
-2.69244694950555
0
-1000
-1000
0
0
0
0
0
0
0
0
1.82044508528588
0
0
0
0
0
0
301.74707958982
0
0
0
0
695.307465155961
1000
0
0
0
765.979079682964
1000
1000
-1000
0
465.456820963282
0
0
0
0
0
-1000
-1000
0
0
0
0
0
-0.0373949349904024
0
0
0
0
477.82455522471
-1000
1000
0
0
0
0
0
0
505.993474239398
-1000
-1000
489.919974493552
0
0
-465.456820963282
0
0
0
0
0
0
1000
0
-0.0571976529632821
-0.00719088912035204
0
-1000
-0.10606561452505
-0.467737252821848
-0.0683134466432875
-2.33344351955168
-0.206738062209865
-0.00719088912035204
0
0
0
-0.393701179338905
-0.00719088912035204
-1000
-0.0143817782407041
-0.00719088912035204
0
-0.052133946122467
0
-0.00719088912035204
-3.14026748524009
-2.78467181185329
0
-2.72534100127768
0
0
-0.271551995262485
-0.00719088912035204
-0.0542850064726963
0
-0.00719088912035204
-0.00719088912035204
-0.00719088912035204
-0.00719088912035204
-0.208535784489982
0
0
0
0
0
-1000
1000
0
0
-1000
1000
-0.00267494351476216
0
750
-750
0
0
0
-1000
0
0
0
0
0
0
0
0
0
0
0
0
0
0
0
0
0
0
0
-1000
1000
1000
-1000
-1000
0
-1000
-1000
-0.00719088912035204
-0.00719088912035204
0
0
0
0
1000
-477.337862932591
477.216027008953
495.952086252696
0.016049661088573
0
0
0
621.860901909648
0
1000
-1000
0
0
0
0
0
0
0
0
0
0
0
0
0
0
0
0
0
0
0
0
0
0
0
0
0
0
0
0
0
0
0
0
0
0
0
0
0
0
0
0
0
0
0
0
0
0
0
0
0
0
0
0
0
0
0
0
0
0
0
0
0
0
0
0
0
0
0
0
0
0
0
-0.00719088912035204
0
-0.00719088912035204
0
0
0
0
0
0
0
0
0
0
0
0
0
0
0
0
0
0
0
0
0
0
0
0
0
0
0
0
0
0
0
0
0
0
0
0
0
0
0
0
0
0
0
0
0
0
0
0
0
0
0
0
0
0
0
0
0
0
0
0
0
0
0
0
0
0
0
0
0
0
0
0
0
0
0
0
0
0
0
0
0
0
0
0
0
0
0
0
0
0
0
0
0
0
0
0
0
0
0
0
0
0
0
0
0
0
0
0
0
0
0
0
0
0
0
0
0
0
0
0
0
0
0
0
0
0
0
0
0
0
0
0
0
0
0
0
0
0
0
0
0
0
0
0
0
0
0
0
0
0
0
0
0
0
0
0
0
0
0
0
0
0
0
0
0
0
0
0
0
333.941389776772
0
0
0
0
0
0
0
0
0
0
0
0
0
0
0
0
0
0
0
0
0
0
0
0
0
0
0
0
0
0
0
0
0
0
0
0
0
0
0
0
0
0
0
0
0
0
0
0
0
0
0
0
-26.1070744751967
0
0
0
0
0
0
0
0
0
0
0
0
0
0
0
0
0
0
0
0
0
0
0
0
0
0
0
0
0
0
0
0
0
0
1000
0
0
7.0024520292194
986.837155397815
0
0
0
0
0
0
0
0
0
0
0
0
0
0
0
0
0
0
0
0
0
0
0
1000
0
-1000
0
-1000
-0.00267494351476216
0
0
0
0
0
0
0
0
-1000
0
0
0
0
0
-0.857418899212803
0
0
0
0
0
0
0
0
0
0
0
0
0
0
0
0
0
0
0
0
0
0
0
0
0
0
0
0
0
0
0
0
0
0
0
0
0
0
0
0
0
0
0
0
0
0
0
0
0
0
0
0
0
0
0
0
0
0
0
0
0
0
0
0
-0.00719088912035204
-0.00719088912035204
-0.00719088912035204
0
-0.00719088912035204
-0.00719088912035204
-0.00719088912035204
-0.00719088912035204
-0.00719088912035204
-0.00719088912035204
-0.00719088912035204
0
-0.00719088912035204
-0.00719088912035204
-0.00719088912035204
-0.00719088912035204
-0.00719088912035204
-0.00719088912035204
-0.00719088912035204
0
-0.00719088912035204
-0.00719088912035204
-0.00719088912035204
0
-1000
64.6121621924528
0
1000
0
0
0
0
0
0
0
0
0
