0
0
0
0
0
0
0
0
-983.931873770724
1000
0
0
0
194.558787657621
0
0
999.723468352713
-999.723468352713
999.936533720295
0
0.0634662797052147
0
-1000
0.398930901004178
0
1000
-208.918880564337
0
-38.8061130373412
0.0329210815926946
0
0
0
0
0
0.0349519275351011
0
0.28683677364418
0.28683677364418
38.0853934351577
0.28683677364418
0.28683677364418
0
0
0.28683677364418
0
0
0
0
0
0
0
0
0
0
0
0
0
0
0
0
0
0
0
0
0
0
0
41.674480773783
0
0
0
0
-983.466112474021
-983.466112474021
0
0
0
0
41.674480773783
0
-1000
0
0
0
0
0
0
0
0
0
0
0
0
0
0
0
0
0
0
0
0
0
0.00388167229989052
0
0
0
0
172.638528017117
0
0
0
17.8859818122616
0
0
1000
0
0
0
0
0
0
0
0
172.638528017117
0
0
0
0
0
1000
0
0
-1000
0
0
0
0
0
0
-1000
0
0
0
-15.8889561117704
0
0
0
0
-1000
0
0
0
-211.747663316913
0
0
596.078067820105
1000
1000
403.912865568509
0
211.747663316913
0
-1000
403.912865568509
598.47165322613
1000
-805.441212342379
0
0
1000
0
0
0
0
0
1000
-1000
0
0
0
0
0
-4.26968482554878
0
0
0
0
0
0
966.432292401885
-712.507151701049
-1000
0
0
0
999.723468352713
0
0
0
0
1000
33.5677075981147
0
0
0
0
-37.8419257293567
0
1000
37.8496890739565
0
0
0
0
0
0
0
0
0
0
0
0
0
-1000
63.4039229055265
0
0
0.500679470565588
0
0.751019205848382
0.509746081952048
0
0
37.8419257293567
0
0
0
-1000
0
0
0
0
0
0
0
0
0
0
0
0
-1000
0
-368.167048574236
1000
-1000
983.466112474021
1000
-1000
64.739470391628
-911.884379186259
-1000
-1.04943167112151
1000
-2.10662106123073
0
-1000
1000
1000
-0.751019205848365
65.1653676638925
0
0
1000
0
0.194932144808874
0
-0.194932144808831
0
0.00193521053791643
0
0
0
0
0
0
0
0
0
0
0
0
0
0
0
0
0
1000
0
1000
0
0
0
1000
0
-0.194932144808831
0
-0.751019205848365
0
0
0.751019205848365
2.85764026707914
0
0
0
0
0
0
0
-1000
0
0
0
45.6138033974401
0.751019205848365
0
-1000
-1.04943167112151
0
0
0.00388167229989051
0
0
0
0
0
0
0
0
0
0
0
0
0
0
0
0
2.50339735282794
10.5386465340023
0
0
0
0
0
0
0
0
0
-409.241766899689
550.930375812393
-999.995466694307
-1000
0
1000
0
-0.502614681103523
-1000
-1000
0
-999.499320529434
1000
1000
1000
0
-1000
0
0
0
0
-1000
0
1000
-1000
-1000
-1000
1000
0
0
1000
-1000
0
0
0
0
0
0
1.04943167112151
-1000
1000
-934.759850137806
-1000
1000
-1000
1000
-1000
-65.2310832508072
1000
0
1000
0
-1000
1000
-1000
-1000
1000
-1000
-1000
1000
937.342562994629
-1000
1000
1000
0
0
0
1000
-1000
937.351629606015
0
0
-37.8419257293567
0
0
0
-28.4955391858872
1000
0
0
0
-31.9409874650324
0
0
0
0
0
971.504460814113
0
0
0
0
0
0
0
0
0
0
0.00388167229989052
0
1000
-971.508342486413
-28.4916575135873
0
28.4916575135873
0
0
0
0
0
0
0
0
0
0
0
0
0
0
0
0
0
0
0
0
0
0
0
0
0
0
0
0
0
0
0
0
0
0
0
0
0
0
0
0
0
0
0
-1000
-0.00388167229993996
0.113332642330761
0.113332642330761
0
0.751019205848365
0
0
0
0
0
0
0
0
0
0
0
0
0
0
0
0
-899.200325063235
0
0
0
0
0
0
0
0
0
0
0
0
0
0
0
0
0
0
0
0
0
0
0
0
0
0
0
0
0
0
0
0
0
0
0
0
0
0
0
0.176798922035952
0
0
0
1000
0
65.3497101704948
0
65.3497101704947
0
0
-1000
0
0
0
0
0
0
0
0
0
0
0
0
0
0
0
0
0
0
0
0
0
0
0
0
0
0
0
0
-720.23070692949
0
0
0.176798922035952
0
0
0
0
0
0
0
0
0
981.361489442662
0
0
0
0
0
0
0
0
0
0
0
0
0
0
0
0
0
0
0
0
0
0
0
0
0
0
0
0
0
0
0
0
0
-1000
0
0
0
0
0
0
0
0
0
0
0
0
0.0116450168996715
0.0116450168996715
0
0.0116450168996715
0
0
0
0
0
0
0
0
0
0
0
0
0
0
0
0
0
0
0
0
0
-1000
0
0.00453330569322962
0
0
0
0
0.820528330474562
0.820528330474562
0
0
0
0
0
0
0
0
0
0
0
0
0
0
0
0
0
0
0
0
0
0
0
0
0
0
0
1000
0
0
0
0.00388167229993996
0
0
1000
0
0
0
0
2.3573189604794
0
0
2.3573189604794
0
0
0
0
0
0
0
0
0
2.3573189604794
0
2.3573189604794
0
0
0
14.0625064688093
40.0856501121574
25.6227875872966
18.7666901274145
27.8247458955799
9.15814478217829
21.4190489987558
39.1848489860415
36.0820895516423
11.410147597468
22.1196720968459
45.5905458828657
35.9820005376294
11.1098805554294
18.4163785783695
25.5226985732838
33.079419131256
26.7738112484447
4.90436168663099
33.3796861732946
0
0
0
0
0
0
0
0
0
0
0
0
0
0
0
0
0
0
0
0
0
0
0
0
0
0
0
0
0
0
0
0
0
0
0
0
0
0
0
0
0
0
0
0
0
0
0
0
0
0
0
0
0
0
0
0
0
0
0
0
0
0
0
0
0
0
0
0
0
0
0
0
0
0
0
0
0
0
0
0
0
0
0
0
0
0
0
0
249.474123647558
0
0
0
0
0
0
0
-1000
0
0
0
0
-449.069624187607
-449.069624187607
1000
1000
848.716026460422
0
0
0
0
0
0
-31.9409874650324
-848.879225465379
-848.879225465379
-1000
0
-100.799674936765
0
-100.926607496176
1000
1000
848.725093071809
1000
0
0
1000
0
-1000
-1000
-1000
0
0
899.200325063235
0
899.200325063235
100.799674936765
0
0
0
0
0
0
0
0
0
0
0
1000
450.122937531028
1000
1000
0
500
250.001609393841
2.51358022743759
5
0
0
0
0
0
0
409.46418601055
0
0
0
0
-0.0104348652432691
0
0.0104348652432691
0.0104348652432691
0
-0.0104348652432691
0
448.451735247938
0
-0.0208697304865382
0
-0.0104348652432691
0
0
-0.65217907770591
4.04090156546579
-1000
-0.0104348652432691
0
-0.0104348652432691
-0.0104348652432691
0.0104348652432691
-0.0104348652432691
0.0104348652432691
-0.0104348652432691
-0.0104348652432691
-0.0104348652432691
-0.0104348652432691
-0.0104348652432691
-0.0104348652432691
-0.0104348652432691
-0.0104348652432691
-0.0104348652432691
-0.0104348652432691
-0.0104348652432691
-0.219132170109219
-0.0710277585933454
-0.602613467800211
0
-0.153914262338617
0.0104348652432691
0.0104348652432691
-0.70973019888163
0.0104348652432691
0.0104348652432691
0.0104348652432691
0.0104348652432691
-5.07134450824117
0
-0.560874006827135
-2.82523976462198
-0.0520149638789462
0.0104348652432691
0.0104348652432691
0.0991312198112837
0.0104348652432691
0.0104348652432691
-0.0104348652432691
0
0
0
0
0
0
0
0
0
0
0
0
0
0
0
0
0
0
0
0
0
0
0
0
0
0
0
0
0
0
0
0
0
0
0
0
0.0058098508227431
0
0
0
0
0
0
0
0
0
0
0
0
0
0
0
0
0
0
0
0
0
0
0
0
0
0
0
0
0
0
0
0
0
0
0
0
0
0
0
1000
0
0
0
0
0
0
0
0
0
0
0
0
0
0
0
0
0
0
0
0
0
0
0
0
0
0
0
0
0
0
0
0
0
0
0
0
0
0
0
0
0
0
0
0
0
0
0
0
0
0
0
0
0
0
0
0
0
0
0
0
0
0
0
0
0
0
0
0
0
0
0
0
3.9124820480343
0
0
0
0
0
0
0
0
0
0
0
0
0
0
0
0
0
0
0
0
0
0
0
0
0
0
0
0
0
0.0104348652432945
0.0104348652432945
0
0.0104348652432945
0
0
0
0
0
0
0
0
0
0
0
0
0
0
0
0
0
0
0
0
0
0
0
0
0
0.30261109205554
0
0
0
0
0
0
0
0
0
0
0
0
0
0
0
0
0
0
0
0
0
0
0
0
0
0
0
0
0
0
0
0
0
0
0
0
0
0
0
0
0
0
0
0
0
0
0
0
0
0
0
0
0
0
0
0
0
0
0
0
0
0
0
0
0
0
0
0
0
0
0
0
0
0
0
0
0
0
0
0
0
0
0
0
0
0
0
0
0
0
0
0
0
0
0
0
0
0
0
0
0
0
0
0
0
0
0
0
0
0
0
0
0
0
0
0
0
0
0
0
0
0
0
0
0
0
0
0
0
0
0
0
0
0
0
0
0
0
0
0
0
0
0
0
0
0
0
0
0
0
0
0
0
0
0
0
0
0
0
0
0
0
0
0
0
0
0
0
0
0
-1000
0
0
0
0
0
0
0
0
0
0
0
0
0
0
0
0
0
0
0
0
0
0
0
0
0
0
0
0
0
0
0
0
0
0
0
0
0
0
0
0
0
0
0
0
0
0
0
0
0
0
0
0
0
0
0
0
0
-0.00484365195677583
0
0
0.00484365195677583
0
0.0048436519568199
0
0.0048436519568199
0
0
0
0
0
0
0
0
0
0
0
0
0
0
0
0
0
0
0
0
0
0
0
0
0
0
0
0
0
0
0
0
0
0
0
0
0
0
0
0
0
0
0
0
0
0
0
0
0
0
0
1000
1000
0
0
0
0
0
0
0
0
0
0
0
0
0
0
0
0
0
0
0
0
0
0
0
0
0
-1000
0
-1000
0
0
0
0
0
0
0
0
0
0
0
1000
1000
0
0
0
0
0
0
0
0
0
0
0
0
0
0
0
0
0
0
0
-604.80998619178
0
-604.80998619178
0
0
0
0
0
0
0
0
0
0
0
0
0
0
0
0
0
0
0
0
0
0
0
0
0
0
0
0
0
0
0
0
0
0
0
0
0
0
0
0
0
0
0
0
0
0
0
0
0
0
0
0
0
0
0
0
0
0
0
0
0
0
0
0
0
-380.784020088779
50.0332539071771
0
0
0.0104348652432691
0
1000
0
0
-0.0104348652432691
0
5.81847691123141
-0.0104348652432691
449.023044120008
0
0
0
0.0058098508227431
0
0
-1000
999.989565134757
0
0
0
0
0
0
0
0
0
0
0
0
0
-1000
0.0058098508227431
0
0
0
-0.0154929355273907
0
0
0
0
0
0
0
0.0154929355273907
0
0
0
0
0
409.46418601055
1000
-380.784020088779
-409.46418601055
-409.46418601055
0
-789.375190803391
1000
-0.0232900337992987
0
0
0.0104348652432691
-0.0104348652432691
0
0
0.34695926933955
-0.34695926933955
1000
0
0
0
0.0104348652432691
0.0104348652432691
-1000
0
-409.84244987562
-590.15755012438
-1000
-0.0104348652432691
-550.976955879992
-449.023044120008
-1000
0
0
0
0
0
-1000
0
0
0
0
0
-1000
1000
-1000
0
0
0
-1000
0
0
0
-1000
0
0
0
0
0
0
0
0
0
0
0
0
0
0
0
0
0
0
0
-1000
1000
-1000
0
-1000
0
-1000
0
-1000
0
0
0
0
0
0
0
0
0
-1000
0
1000
0
1000
0
-1000
0
-1000
0
-1000
0
0
0
0
0
0
0
0
0
-1000
0
0
0
0
0
0
0
0
0
0
0
0
0
0
0
0
0
0
0
0
0
0
0
0
0
0
0
0
0
0
0
0
0
0
0
0.0058098508227431
-0.0058098508227431
0
0
0
0
0
0
0
0
0
0
0
0
0
0
0
0
0
0
0
0
0
0
0
0
0
0
0
0
0
0
0
0
0
0
0
0
0.0058098508227431
-0.0058098508227431
0
0
0
0
0
0
0.0154929355273907
0.0154929355273907
0
0
0
0
0
0
0
0
0
0
0
0
0
0
0
0
-0.0154929355273907
-0.0154929355273907
0
0
0
0
0
0
0
0
0
0
0
0
0
0
0
0
0
0
0
0
0
0
0
0
0
0
0
0
0
0
0
0
0
0
0
0
0
0
0
0
0
0
0
0
0
0
0.00388167229989052
0
0
0
0
0
0
0
0
11.861332933404
0
0
0
0
0
0
0
0
0
0
0
0
0
0
0
0
0
0
0
0
0
0
0
0
0
0
0
0
0
0
0
0
0
0
0
0
0
0
0
0
0
0
0
0
0
0
0
0
0
0
0
0
0
0
0
0
0
0
0
0
0
0
0
0
0
0
0
0
0
0
0
0
0
0
0
0
0
0
0
0
0
0
0
0
0
0
0
0
0
0
0
0
0
0
0
0
0
0
0
0
0
0
0
0
0
409.821580145133
409.821580145133
409.821580145133
0
409.474620875793
409.474620875793
409.474620875793
100.793121743822
409.46418601055
409.46418601055
409.46418601055
0
0
0
0
0
0
0
0
0
0
0
0
0
0
0
0
0
0
0
0
0
0
0
0
0
0
0
0
0
0
0
0
0
0
0
0
0
0
0
0
0
0
0
0
0
0
0
0
0
0
0
0
0
0
0
0
0
0
0
0
0
0
0
0
0
0
0
0
0
0
0
0
0
0
0
0
0
0
0
0
0
0
0
0
0
0
0
0
0
0
0
0
0
0
0
0
0
0
0
0
0
0
0
0
0
0
0
0
0
0.0104348652432945
0.0104348652432945
0.0104348652432945
0.0104348652432945
0
0
0
0
0
0
0
0
0
0
0
0
0
0
0
0
0
0
0
0
0
0
0
0
0
0
0
0
0
0
0
0
0
0
0
0
0
0
0
0
0
0
0
0
0
0
0
0
0
0
0
0
0
0
0
0
0
0
0
0.00388167229989052
0.00388167229989052
0.00388167229989052
0.00388167229989052
0.00388167229989052
0
0
0
0
0
0
0
0
0
0
0
0
0
0
0
0
0
0
0
0
0
0
0
0
0
0
0
0
0
0
0
0
0
0
0
0
0
0
0
0
0
0
0
0
0
15.8889561117704
15.8889561117704
-15.8889561117704
5.28726146855705
-2.64168989812856
2.64168989812858
2.64168989812858
2.64168989812858
0
0
0
0
0
0
0
0
0
0
0
0
0
0
0
0
0
0
0
0
2.64168989812858
0
2.63394905597692
2.64168989812858
2.64168989812858
2.64168989812858
2.64168989812858
2.64168989812858
2.64168989812858
2.64168989812858
2.64168989812858
2.64168989812858
2.64168989812858
2.64168989812858
2.64168989812858
2.64168989812858
2.64168989812858
2.64168989812858
2.64168989812858
15.8889561117704
15.8889561117704
5.28726146855705
5.28726146855705
0
0
0
0
0
0
0
0
0
0
0
0
0
0
0
0
0
0
0
0
0
0
0
0
0
0
0
0
0
0
0
0
0
0
0
0
0
0
0
0
0
0
0
0
0
0
0
0
0
0
0
0
0
0
0
0
0
0
0
0
0
0
0
0
0
0
0
0
0
0
0
0
0
0
0
0
0
0
0
0
0
0
0
0
0
0
0
0
0
0
0
0
0
0
0
0
0
0
0
0
0
0
0
0
0
0
0
0
0
0
0
0
0
0
0
0
0
0
0
0
0
0
0
0
0
0
0
0
0
0
0
0
0
0
0
0
0
0
0
0
0
0
0
0
0
0
0
0
0
0
0
0
0
0
0
0
0
0
0
0
0
0
0
0
0
0
0
0
0
0
0
0
0
0
0
0
0
0
0
0
0
0
0
0
0
0
0
0
0
0
0
0
1.27134706402665
0.027126701203003
0.027126701203003
0
0
0
0
-0.0271267012029739
0.027126701203003
0
0
0
1.24422036282365
0
1000
0
0
0
0
0
0
0
0
0
0
0
0
0
0
0
0
0
0
0
0
0
0
0
0
0
0
0
0
0
0
0
0
0
0
0
0
0
0
0
0
0
0
0
0
0
0
0
0
0
0
0
0
0
0
0
0
0
0
0
0
0
0
0
0
0
0
0
0
0
0
0
0
0
0
0
0
0
0
0
0
0
0
0
0
0
0
0
0
0
0
0
0
0
0
0
0
0
0
0
0
0
0
0
0
0
0
0
0
0
0
0
0
0
0
0
0
0
0
0
0
0
0.00388167229989052
0
0
0
0
0
0
0
1.67369833714439
0
0
0
1.04943167112151
1.04943167112151
1.04943167112151
0
0
0
10.4300234665417
0
0
1.43519113916223
0
0
10.4300234665417
0.00388167229989052
0
0
0
0
-1.43519113916227
1.43519113916223
0
0
0
0
0
0
11.7013705305683
0
0
0
0.261752226885274
0
0.238507197982162
0
11.7013705305683
11.7013705305683
0
0
0
0
0
0
0
0
0
0
0
0
0
0
-11.861332933404
0
0
0
0
0
0
0
0
0
0
0
0
0
0
0
0
0
0
0
0
0
0
0
0
0
0
0
0
0
0
0
0
0
0
0
0
0
0
0
0
0
0
0
0
0
0
0
0
0
0
0
0
0
0
0
0
0
0
0
0
0
0
0
0
0
0
0
0
0
0
0
0
0
0
0
0
0
0
0
0
0
0
0
0
0
0
0
0
0
0
0
0
0
0
0
0
0
0
0
0
0
0
0
0
0
0
0
0
0
0
0
0
0
0
0
1000
0
0
1000
1000
0
0
0
0
0
0
0
0
0
0
0
0
0
0
0
0
0
0
0
0
0
0
0
0
0
0
0
0
0
0
0
0
0
0
0
0
0
0
0
0
0
0
0
0
0
0
0
0
0
0
0
0
0
0
0
0
0
0
0
0
0
0
0
0
0
0
0
0
0
0
0
0
0
0
0
0
0
0
0
0
0
0
0
0
0
0
0
0
0
0
0
0
0
0
0
0
0
0
0
0
0
0
0
0
0
0
0
0
0
0
0
0
0
0
0
0
0
0
0
0
0
0
0
0
0
0
0
0
0
0
0
0
0
0
0
0
0
0
0
0
0
0
0
0
0
0
0
0
0
0
0
0
0
0
0
0
0
0
0
0
0
0
0
0
0
0
0
0
0
0
0
0
0
0
0
0
0
0
0
0
0
0
0
0
0
0
0
0
0
0
0
0
0
0
0
0
0
0
0
0
0
0
0
0
0
0
0
0
0
0
0
0
0
0
0
0
0
0
0
0
0
0
0
0
0
0
0
0
0
0
0
0
0
0
0
0
0
0
0
0
0
0
0
0
0
0
0
0
0
0
0
0
0
0
0
0
0
0
0
0
0
0
0
0
0
0
0
0
0
0
0
0
0
0
0
0
0
0
0
0
507.455422650284
0
0
0
507.455422650284
0
0
0
0
0
0
0
0
0
0
0
0
0
0
0
0
0
0
0
0
0
0
0
0
0
0
0
0
0
1000
0
0
0
0
0
0
0
0
0
0
0
0
0
0
0
0
0
0
0
0
0
0
0
0
0
0
0
0
0
0
0
0
0
0
0
0
0
0
0
0
0
0
0
0
0
0
0
0
0
0
0
0
0
0
0
0
0
0
0
0
0
0
0
0
0
0
0
0
0
0
0
0
0
0
0
0
0
0
0
0
0
0.176798922035952
0.176798922035952
0
0
0
0.176798922035914
0
0.176798922035952
-249.474123647558
0
0
0
0.0271998341593189
0
480.185044287827
0
0
0
0
0
249.474123647558
0
0
0
0
0
1.06986014360218
0
0
0
0
0
0
1.06986014360218
0
1.06986014360218
1.06986014360223
0
0
0
0
0
0
0
0
0
0
0
0
0
0
0
0
0
0
0
0
0
0
0
0
0
0
0
0
0
0
0
0
0
0
0
0
0
749.236503642118
749.236503642118
0
0
0
0
0
0
0
0
0
0
0
0
0
0
0
0
0
0
0
0
0
0
0
0
0
0
0
0
0
0
0
0
0
0
0
0
0
0
0
0
0
0
0
0
0
0
0
0
0
1000
1000
-815.017799554179
0
0
0
-1000
1000
1000
1000
0
0
0
-815.768818760028
1000
0
0
0
0
0
0
0
0
0
0
0
0
0
0
0
0
0
0
0
0
0
0
0
0
0
0
0
0
0
0
0
0
0
0
0
0
0
0
0
0
-1000
0
0
1000
0
0
0
0
0
0
0
0
0
0
0
0
0
0
-999.9961183277
999.9961183277
1000
999.9961183277
1000
-1000
-1000
0
0
0
0
0
0
0.00388167229993996
0
0
0
0
0
0
0
0
0
0
0
0
0
0
0
0
0
0
0
0
0
0.0154929355273891
0
0.00388167229989052
0.0232450289031125
1000
0.00193521053791643
0.00193521053791643
0.00388167229993996
0
0.0135577249894727
0.00193521053791643
0.0290619117408903
-0.00193521053790846
0.00193521053791643
0.00193521053791643
0.00193521053791643
0.00193521053791643
0.00193521053791643
-0.00193521053790846
-0.00387042107581692
-0.0484590220163454
0.00193521053791643
0.00193521053791643
0.00193521053790846
0.00193521053791643
0.042642139178497
-0.00581688283784842
-0.0445773497164055
0.00388167229993996
0.00193521053791643
0.00193521053791643
0.00388167229989052
0.00388167229989052
-0.00388167229993996
-0.00388167229993996
0.00388167229993996
0.00388167229993996
0.00193521053791643
0.00193521053791643
0.00193521053791643
0.00193521053791643
-0.00581688283784842
-999.972873298797
0
0
0
0
0
0
-1000
0
0
0
0.00388167229989052
0
0
0
0
0.00194083614994526
0.00388167229993996
0.00388167229993996
0
0.00388167229989052
0
0
0
0
0
-0.00388167229993996
0
0
0.00774084215166572
0.00193521053791643
0.00580563161374929
0.00193521053791643
-0.00193521053790846
0.00193521053791643
0.00193521053791643
0.00193521053791643
0.00193521053791643
0.00193521053791643
0.00193521053791643
0.00387042107583286
0.00193521053791643
0.00193521053791643
0.00193521053791643
0.00193521053791643
0.00193521053791643
0
0.00193521053791643
0.00388167229989052
0
0.00388167229989052
0
0.00388167229989052
0.00388167229989052
0.00388167229989052
0.00388167229989052
0.00388167229989052
0.00388167229989052
0
0.00388167229989052
0
0.00388167229989052
0.00388167229989052
0.00388167229989052
0.00388167229989052
0.00388167229989052
0
0
0
0
0
0
0
0
0
0
0
0
0
0
0
0
-0.00388167229993996
0
0
0
0
0
0
0
0
0
0
0
0
0
0
0
0
0
0
0
0
0
0
0
0
0
0
0
0
0
0
0
0
0
0
0
0
0
0
0
0
0
0
0
0
0
0
0
0
0
0
0
0
0
0
0
0
0
0
0
0
0
0
0
0
1000
0
0
0
0
0
0
0.00388167229989052
0
0
0
0
0
0
0
0
0
0
0
0
0
0
0
0
0
0
0
0
0
0
0
0
0
0
-1000
0
0
0
-409.46418601055
0
0
0
0
0
0.0104348652432945
0
0
0
0.0104348652432945
0
0.0104348652432945
0
0
0
0.0104348652432945
0
0
0
0.571308872070347
0
0
0
0.020869730486589
0
0
0
0.0104348652432945
0
0
0
0
0
0.652179077705905
0
4.04090156546579
0
3.92291691327762
0
0.0104348652432945
0
0
0
0.0104348652432945
0
0.0104348652432945
0
0.0104348652432945
0
0.0104348652432945
0
0.0104348652432945
0
0.0104348652432945
0
0.0104348652432945
0
0.0104348652432945
0
0.0104348652432945
0
0.0104348652432945
0
0.0104348652432945
0
0.0104348652432945
0
0.0104348652432945
0
0.0104348652432945
0
0.0104348652432945
0
0.0104348652432945
0
0.219132170109184
0
0.0710277585933614
0
0.602613467800256
0
0
0
0.153914262338594
0
0.0104348652432945
0
0.0104348652432945
0
0.709730198881577
0
0.0104348652432945
0
0.0104348652432945
0
0.0104348652432945
0
0.0104348652432945
0
5.07134450824112
0
0
0
0.560874006827078
0
2.82523976462198
0
0.0520149638789198
0
0.0104348652432945
0
0.0104348652432945
0
0.0991312198112975
0
0.0104348652432945
0
0.0104348652432945
0
0.0104348652432945
0
-1000
0
0
-1.24422036282363
604.80998619178
-604.80998619178
0
0
0
0
999.9883549831
-1000
-1000
0
1.06986014360218
-1000
249.650922569594
1000
0
747.801312502955
1000
-1000
-1000
0
0
1000
0
0
0
0
0
-5.93008890386716
1000
-11.7013705305683
0
0
0
-1000
1000
-0.00388167229993996
0
0
-3.9070719382006
184.231181239972
0
0
0
0
1.56397821806047
1000
1000
-1000
-37.8419257293567
-962.150310926044
0
1000
1000
0
-1000
0
0
1000
1000
-1000
1000
0
199.937732932636
0
0
-1000
1000
701.897394448631
1000
0
0
0
0
0
-508.697268860723
0
0
0
0
0
0
0
0
0
0
0
1000
0
712.506726311691
0
0
0
0
0
0
0
0
1000
0
0
0
0
0
0
0
0
0
-1000
1000
1000
-1000
1000
-1000
-1000
-1000
-1000
1000
1000
1000
1000
-641.936245592093
-1000
-1000
-1000
-1000
-1000
1000
-1000
-1000
-1000
1000
1000
1000
1000
1000
1000
-1000
1000
1000
29.8922895804544
-1000
-1000
-1000
-1000
-1000
-1000
-1000
-1000
-29.8922895804545
-1000
-1000
-1000
-1000
-1000
-1000
-1000
-1000
-1000
-1000
-1000
1000
1000
-1000
-1000
-1000
-1000
-1000
-1000
-1000
-765.64936617272
-1000
245.628246693359
-1000
-1000
-1000
-1000
-1000
-1000
-1000
-1000
284.895786736109
1000
-1000
-1000
-1000
-1000
970.107710419546
-1000
-1000
-1000
-1000
1000
1000
782.802499505986
1000
-1000
205.817899969862
1000
1000
-1000
11.0711997847212
1000
1000
1000
1000
1000
-1000
-966.221382925701
-1000
1000
-1000
-1000
-1000
-1000
73.1679676717981
-1000
1000
1000
1000
1000
1000
1000
1000
1000
-1000
-1000
-1000
28.4916575135871
-935.39487608368
1000
-1000
1000
0
-1000
-1000
0
0
0
0
0
0
0
0
0
0
0
0
0
0
0
0
0
0
0
0
0
0
0
0
0
0
0
0
0
0
0
0
0
0
0
0
0
0
0
0
0
0
0
0
0
0
958.259693309814
0
0
0
0
0
0
0
0
0
0
0
0
0
0
0
0
0
0
0
0
0
0
0
0
0
0
0
0
0
0
0
0
0
0
0
0
0
0
0
0
0
0
0
0
0
0
0
0
0
0
0
0
0
0
0
0
0
0
0
0
0
0
0
0
0
0
0
0
0
0
0
0
0
0
0
0
0
0
0
0
0
0
0
0
0
0
0
0
0
0
0
0
0
0
0
0
0
0
0
0
0
0
0
0
0
0
0
0
0
0
0
0
0
0
0
0
0
0
0
0
0
0
0
0
0
0
0
0
0
0
0
0
0
0
0
0
0
0
0
0
0
0
0
0
0
0
0
0
0
0
0
0
0
0
0
0
0
0
0
0
0
0
0
0
0
0
0
0
0
0
0
0
0
0
0
0
0
0
0
0
0
0
0
0
0
0
0
0
0
0
0
0
0
0
0
0
0
0
0
0
0
0
0
0
0
0
0
0
0
0
0
923.875929149574
0
0
0
0
0
0
0
0
0
0
0
0
0
0
0
0
0
0
0
0
0
0
0
0
0
0
0
0
0
0
0
0
0
0
0
0
0
0
0
0
0
0
0
0
0
0
0
0
0
0
0
0
0
0
0
0
0
0
0
0
0
0
0
0
0
0
1000
1000
1000
1000
1000
1000
1000
1000
-1000
-1000
0
-1000
1000
1000
1000
0
-1000
-1000
1000
-1000
1000
-1000
1000
-1000
0
-1000
-1000
-983.986138424354
983.986138424354
1000
-1000
-983.986138424354
-1000
-1000
983.986138424354
1000
1000
-1000
-1000
-1000
-1000
1000
-1000
-1000
-1000
1000
-1000
1000
-1000
-983.931873770724
-1000
-1000
-1000
-1000
-1000
0
0
0
0
0
0
0
0
0
0
0
0
0
0
0
0
0
-1000
-1000
0
0
0
0
0
709.634531834188
0
153.00033478441
0
0
1000
0
0
0
0
0
0
-0.00388167229993996
0.00388167229989052
0
0
-0.00388167229993996
-0.00388167229993996
0
0
0
0
0
0
0
0
0
0
0
0
0
0
0
0
0
0
0
0
0
0
0
0
0
0
0
0
0.00388167229989052
0
0
0
-1000
-1000
1000
-1000
0
0
0
0
-0.00388167229993996
0
0
0
0
249.474123647558
0
0
0
0
0
0
0
0
0
0
0
0
1000
0
0
0
0.00388167229989052
0
0
0
18.6555514737749
-323.708181815462
0
0
0
0
0
0
0
-1000
0
37.1161708027411
0
0
0
0
37.6728901519206
0
0
0
0
0
0
0
0
0
0
0
0
0
0
0
0
0
0
0
0
0
0
0
0
0
0
0
0
0.00388167229989052
0
0
0
0
1000
0
-380.784020088779
0
0
2.09886334224302
0
0
0
0
1000
0
-28.4916575135873
0
0
0
0
0
0
0
0
0
0
0
0
0.00388167229993996
1000
-1000
-50.321099597856
1000
0
1000
1000
0
848.879225465379
-1000
0
-1000
1000
-382.882883431022
1000
0
0
0
0
0.154132393569853
1000
0
0
0
0
0
0.00388167229993996
0
0
1000
0
971.508342486413
0
0
28.4955391858873
0
0
0
519.811074039873
519.811074039873
-1000
0
-1000
1000
0
0
0
0
0
0
0
0
50.321099597856
0
0
999.84586760643
-1000
0
0
0
0
0
0
0
0
0
0
0
0
1000
0
0
0
62.6483703939848
0
0
0
0
0
0
0
0
0
0
1.04943167112151
0
0.00388167229989052
-0.00388167229993996
0.00388167229989052
0.00388167229989052
0
0
1000
-1000
0.00388167229993996
0
0
0
1.04943167112151
0
0
-0.0116450168997062
-1000
-1000
-1000
1000
-937.351629606015
937.351629606015
0
0
872.612159214387
-1000
-937.351629606015
-1000
0
0
0
0
0
0
0
0
0
0
0
0
0
0
0
0
0
0
0
0
0
0
0
0
0
64.739470391628
0
0
0
0
0
0.00193521053791643
0
0
0
0
0
0
0
0
0.00388167229989052
-1000
-848.879225465379
0
0
0
0
0
0
0
0
0
0
0
0
0
0
0
0
0
0
0
0
0
0
0
0
1000
0
0
0
0
0
0
0
0
0
0
0
0
0
0
0
0
0
0
0
0
0
0
0
0
0
0
0
0
0
0
0
2.50339735282796
0
0
0
0
0
0
0
0
0
0
0
0
0
0
0
0
0
0
0
0
0
0
0
0
0
0
0
0
0
0
0
0
0
0
0
0
0
0
0
0
0
0
0
0
0
0
0
0
0
0
0
0
0
0
0
0
0
0
0
0
0
0
0
0
0
0
0
0
0
0
0
0
0
0
0
0
0
0
0
0
0
0
0
0
0
0
0
0
0
0
0
0
0
0
0
0
0
0
0
0
0
0
0
0
0
0
0
0
0
0
0
0
0
-999.967078918407
0
0.00193521053790846
0
0.0309858710547815
0
0
-0.0329210815926899
0
1000
0
0
0
0
0.0174281460652992
0
0
0
0
0
0
0
0
0
0
0
0
0
0
0
0
0.00388167229989052
0.00388167229989052
0.00388167229989052
0
-1000
0
-789.375190803391
-1000
0
0
0
0
0
0
-1000
0
0
0
0
0
0
0
0
0
0
0
-1000
0
999.979130269513
-0.0104348652432691
-1000
-1000
-1000
-1000
-1000
-1000
0
0
0
0
0
0
0
0
0
0
-1000
0
1000
0.425165005098636
0.00388167229989052
0.00388167229989052
0.00388167229989052
0.00388167229989052
0.00388167229989052
0
0
0
1000
0
0
0
0
0.0756527730138849
0
0
0
0
0
0
1000
0
0
0
0
0
0
0
1000
-999.989565134757
0
1000
0
0
-996.077083086722
0
0
0
0
0
0
0
0
0
0
0
0
0
0
0
0
0
0
0
0
0
0
0
0
0
0
0
0
0
0
0
0
0
0
0
0
0
0
0
0
0
0
0
0
0
0
0
0
-1000
0
0
0
0
0.28683677364418
0
0
0
0
-1000
0
0
0
0
0
0
0
0
1000
-1000
-1000
-1000
-1000
1000
0
0.0232450289031125
0
0
0
0
-999.805067855191
-1000
-1000
0
249.474123647558
0
0
0
999.976709966201
3.95480525626527
0
0
0
0
0.624266666022876
0.624266666022876
0
0
-999.965143707869
0
0
0
0
0
0
0.394055370579224
0
-1000
0
0
0
0
0
0
0
1000
0.00388167229989052
0
0
0
0
0
0
0
815.761055415428
1000
0
0
1000
0
0
0
1000
0
0.00580563161374929
0
0
0
-590.15755012438
0
-579.980521806273
0
0
0
-1000
-1000
0
0
308.671064266728
409.474620875793
1000
409.46418601055
-1000
1000
0
0
-1000
1000
-750
0
0
0
0
-1000
-1000
0
0
-151.120774534621
0
0
0
0
0.00580985082277091
0
0
0
0
0
0
0
0
62.6483703939848
0
1000
0
0
0
0
0
0
0
0
0
1000
0
-1000
-1000
50.3210995978561
-1000
1000
1000
0
0
0
0
0
0
0
0
-1000
0
0
1000
0.00193521053791643
0.00193521053791643
0
394.497356858878
-507.455422650284
-507.455422650284
449.023044120008
0
0
0
0
0
0
0
0
0
0
0
0
0
0
0
0
0
0
0
0
0
0
0
0
0
-0.0154929355273907
0
0
0
0
0
0
0
0
0
0
0
0
0
0
0
0
0
0
0
0
0
0
0
0
0
0
0
0
0
0
0
0
0
0
0
0
0
0
0
0
0
0
0
0
0
0
-1000
0
-1000
0
0
0
0
0
0
-1000
0
0
0
0
0
0
0
0
0
0
0
999.65304073066
0
0
0
0
0
0
0
0
0
0
0
0
0
1000
0
0
0
619.215979911221
0
0
0
0
0
0
0
0
0
0
0
0
0
0
0
409.46418601055
0
0
0
0
0
0
0
0
0
0
0
0
0
0
0
0
0
0
0
0
0
0
0
0
0
0
0
0
0
0
0
0
0
0
0
0
0
0
0
0
0
0
0
0
0
0
0
0
0
0
0
0
0
0
0
0
0
0
0
0
0
0
0
0
0
0
0
0
0
0
0
0
0
0
0
0
0
0
0
0
0
0
0
0
0
0
0
0
0
0
0
0
0
0
0
0
0
0
0
0
0
0
0
0
0
0
0
0
0
0
0
0
0
0
0
0
0
0
0
0
0
0
0
0
0
0
0
0
0
0
0
0
0
0
0
0
0
0
0
0
0
0
0
0
0
0
0
0
0
0
0
0
0
0
0
0
0
0
0
0
0
0
0
0
0
0
0
0
0
0
0
0
0
0
0
0
0
0
0
0
0
0
-1000
0
0
0
0
0
0
0
0
0
0
0
0
0
0
0
0
0
0
0
0
0
0
0
0
0
70.5825544389709
0
-96.0871344314912
0
1000
-279.76929307051
-720.053908007454
0
-37.1161708027411
0
-1000
-1000
0
0
0
0
739.341936896214
0.0232900337993431
0
0
0
584.339073213149
0
0
0
0
0
0
0
0
0
0
0
0
0
0
0
0
0
0
0
0
0
0
0
0
0
0
0
0
0
0
0
0
0
0
0
0
0
0
0
0
0
0
0
0
0
0
0
0
0
0
0
0
0
0
0
0
0
0
0
0
0
0
0
0
0
0
0
0
0
0
0
0
0
0
0
0
0
0
0
0
0
0
0
0
0
0
0
0
0
0
0
0
0
0
0
0
0
0
0
0
0
0
0
0
0
0
0
0
0
0
0
0
0
0
0
0
0
0
0
0
0
0
0
0
0
0
0
0
0
0
0
0
0
0
0
0
0
0
0
0
0
0
0
0
0
0
0
0
0
0
0
0
0
0
0
0
0
0
0
0
0
0
0
0
0
0
0
0
0
0
0
0
0
0
0
0
0
0
0
0
0
0
0
0
0
0
0
0
0
0
0
0
0
0
0
0
-334.215698078695
0
0
0
0
0
0
0
0
0
0
0
0
0
0
0
0
0
0
0
0
0
0
0
0
0
0
0
0
0
0
0
0
0
0
0
0
0
0
0
0
0
0
0
0
0
0
0
0
0
0
0
0
-974.309212827305
0
0
0
0
0
0
0
0
0
0
0
0
0
0
0
0
0
0
0
0
0
0
-334.215698078695
-974.309212827305
0
0
0
0
0
0
0
0
0
0
0
0
0
0
449.023044120008
0.00388167229993996
0
0
0
0
0
0
0
0
0
0
0
-1000
0
0
1.06986014360218
0
-980.899092261953
0
0
0
0
0
0
0
0
0
0
0
0
0
0
0
0
0
0
0
0
0
0
0
0
0
0
0
0
0
0
0
0
0
0
0
0
0
0
0
0
0
0
0
0
0
0
0
0
0
0
0
0
0
0
0
0
0
0
0
0
0
0
0
0
0
0
0
0
0
0
0
0
0
0
0
0
0
0
0
0
0
0
0
0
0
0
0
0
0
0
0
0
0
0
0
0
0
0
0
0
0
0
0
0
0
0
0
0
0
0
0
0
0
0
0
0
0
0
0
0
0
0
0
0
0
0
0
0
0
0
0
0
0
0
0
0
0
0
0
0
0
0
0
0
0
0
0
0
0
0
0
0
0
0
0
0
0
1000
0
0
1000
1000
0
0
0
0
0
0
0
1000
0.00388167229993996
0
0
-1000
1000
0
0
0
0
0
0
0
0
0
0
0
0
0
0
0
1000
0
-1000
0
0
1.24422036282365
0
0
0
0
0
0
0
0
0
0
0
0
0
0
0
0
0
0
0
0
0
0
0
0
0
0
0
0
0
0
0
0
0
0
0
0
0
0
0
0
0
0
0
0
0
0
0
0
0
0
0
0
0
0
0
0
0
0
0
0
0
0
0
0
0
0
0
0
0
0
0
0
0
0
0
0
0
0
0
0
0
0
0
0
0
0
0
0
0
0
0
0
0
0
0
0
0
0
0
0
0
0
0
0
0
0
0
0
0
0
0
0
0
0
0
0
0
0
0
0
0
0
0
0
0
0
0
0
0
0
0
0
0
0
0
0
0
0
0
0
0
0
0
0
0
0
0
0
0
0
0
0
0
0
0
0
0
0
0
0
0
0
0
1000
500
93.7602004804473
0
0
-1.04943167112151
0
0
500.445070064387
20.7397563462749
45.3330569322962
0.112512240576537
93.7602004804473
0
0
0
0
0
0
0
0
0
0
0
0
0
0
0
0
0
0
0
1000
-1000
0
-1000
0
0
0
971.504460814113
0
-899.204206735535
0
0
0
0
-26.0871631082362
0
-0.00484365195677583
0
0.00388167229989052
0
0
0
0
0
0
0
0
0
0
0
0
0
0
0
0
0
0
409.46418601055
0
0
0
0
1.56397821806047
-5.07134450824117
-0.219132170109219
-11.5189469341055
-22.5820692775553
-46.0529430635752
963.886533597267
-11.2776128660789
-1000
-28.5327338574178
-4.94969474356333
-33.7786170742988
1000
-1000
0
0
0
0
0
-1000
-41.7403066901862
-18.8210897957333
-1000
-988.620399475849
-11.0711997847212
-1000
-641.936245592093
-1000
-35.1359572437982
0
-712.506726311691
-1000
37.6728901519205
0
1000
0
0
999.805067855191
-1000
0
0
0
-11.7013705305683
0
0
1000
971.508342486413
0
0
0
0
0
0
0
0
0
0
-0.00388167229993996
999.9961183277
-1000
0
0
0
0
0
0
0
0
0
0
0
0
0
0
0
0
1000
0
16.0681262292765
0
0
-1000
-998.755779637176
249.474123647558
-0.00388167229993996
-0.00388167229993996
-1.06986014360223
-184.231181239972
0
0
-0.00388167229993996
0
-0.00388167229993996
0
0
0
-0.00388167229993996
0
0
0
-0.00388167229993996
0
0
0
0
0
0
0
0
0
0
0
1000
0
0
0
0
0
999.9883549831
0
0
0
0
0
0
-750.349077430406
0
0
0
0
-1000
0
1000
0
0
-0.00388167229993996
0
0
0
0
0
0
0
0
0
0
0
0
0
0
-323.708181815462
-3.9070719382006
0
-1000
-1000
0
0
0
0
0
0
0
0
2.64168989812856
0
0
0
0
0
0
-37.8419257293567
0
0
0
0
1000
1000
1000
0
0
747.801312502955
37.8496890739566
604.80998619178
0
-604.80998619178
0
0
0
0
0
0
-1000
-1000
0
0
0
0
0
-0.0542646536300708
0
0
0
0
184.238944584572
-1000
1000
0
0
0
0
0
0
1000
-1000
-1000
-5.93008890386716
0
0
0
0
0
0
0
0
0
1000
0
-0.0520149638789462
-0.0104348652432691
-2.82523976462198
-508.697268860723
-0.153914262338617
-0.70973019888163
-0.0991312198112837
-0.560874006827135
-0.602613467800211
-3.92291691327762
0
0
0
-0.571308872070404
-0.0104348652432691
-1000
-0.0208697304865382
-0.0104348652432691
0
0
0
-0.0104348652432691
0
-4.04090156546579
0
-3.95480525626522
0
0
-0.394055370579167
-0.0104348652432691
-0.0710277585933454
0
-0.0104348652432691
-0.0104348652432691
-0.0104348652432691
-0.0104348652432691
0
0
-0.65217907770591
0
0
0
-579.980521806273
579.980521806273
0
0
-1000
1000
-0.00388167229993996
0
750
-750
0
0
0
-1000
0
0
0
0
0
0
0
0
0
0
0
0
0
0
0
0
0
0
0
-1000
1000
-394.497356858878
394.497356858878
394.497356858878
0
-1000
-1000
-0.0104348652432691
-0.0104348652432691
0
0
0
0
1000
-720.23070692949
720.053908007454
739.341936896214
0.0232900337992987
0
0
0
584.339073213149
0
1000
-1000
0
0
0
0
0
0
0
0
0
0
0
0
0
0
0
0
0
0
0
0
0
0
0
0
0
0
0
0
0
0
0
0
0
0
0
0
0
0
0
0
0
0
0
0
0
0
0
0
0
0
0
0
0
0
0
0
0
0
0
0
0
0
0
0
0
0
0
0
0
0
0
-0.0104348652432691
0
-0.0104348652432691
0
0
0
0
0
0
0
0
0
0
0
0
0
0
0
0
0
0
0
0
0
0
0
0
0
0
0
0
0
0
0
0
0
0
0
0
0
0
0
0
0
0
0
0
0
0
0
0
0
0
0
0
0
0
0
0
0
0
0
0
0
0
0
0
0
0
0
0
0
0
0
0
0
0
0
0
0
0
0
0
0
0
0
0
0
0
0
0
0
0
0
0
0
0
0
0
0
0
0
0
0
0
0
0
0
0
0
0
0
0
0
0
0
0
0
0
0
0
0
0
0
0
0
0
0
0
0
0
0
0
0
0
0
0
0
0
0
0
0
0
0
0
0
0
0
0
0
0
0
0
0
0
0
0
0
0
0
0
0
0
0
0
0
0
0
0
0
0
0
334.215698078695
0
0
0
0
0
0
0
0
0
0
0
0
0
0
0
0
0
0
0
0
0
0
0
0
0
0
0
0
0
0
0
0
0
0
0
0
0
0
0
0
0
0
0
0
0
0
0
0
0
0
0
0
974.309212827305
0
0
0
0
0
0
0
0
0
0
0
0
0
0
0
0
0
0
0
0
0
0
0
0
0
0
0
0
0
0
0
0
-1000
420.019478193727
1000
0
0
0
980.899092261953
0
0
0
0
0
0
0
0
0
0
0
0
0
0
0
0
0
0
0
0
0
0
0
1000
0
-1000
0
-1000
-0.00388167229993996
0
0
0
0
0
0
0
0
-1000
0
0
0
0
0
-1.24422036282363
0
0
0
0
0
0
0
0
0
0
0
0
0
0
0
0
0
0
0
0
0
0
0
0
0
0
0
0
0
0
0
0
0
0
0
0
0
0
0
0
0
0
0
0
0
0
0
0
0
0
0
0
0
0
0
0
0
0
0
0
0
0
0
0
-0.0104348652432691
-0.0104348652432691
-0.0104348652432691
0
-0.0104348652432691
-0.0104348652432691
-0.0104348652432691
-0.0104348652432691
-0.0104348652432691
-0.0104348652432691
-0.0104348652432691
0
-0.0104348652432691
-0.0104348652432691
-0.0104348652432691
-0.0104348652432691
-0.0104348652432691
-0.0104348652432691
-0.0104348652432691
0
-0.0104348652432691
-0.0104348652432691
-0.0104348652432691
0
-1000
93.7602004804473
0
1000
0
0
0
0
0
0
0
0
0
