0
0
0
0
0
0
0
0
-1000
0
950.070723094588
0
0
199.289694434776
875.065644850416
0
999.741775692789
-999.741775692789
999.940735404902
0
0.0592645950975461
0
-1000
0.372520312041729
0
1000
-201.772400303642
0
-444.116789673028
0.030741593485966
0
0
0
0
0
0.0326379904867236
0
0
0
35.5640102358151
0
0
0
0
0
36.1534064608588
0
36.1534064608588
0
36.1534064608588
0
36.1534064608588
0
36.1534064608588
0
36.1534064608588
0
0
0
0
36.1534064608588
0
0
0
0
444.116789673028
0
0
0
0
0
0
0
2.55933396595674
2.55933396595674
0
0
0
0
0
-1000
0
0
0
0
0
0
0
0
0
0
0
0
0
0
0
0
0
0
0
0
0
0
0
0
0
49.9292769054122
0
0
0
0
0
0
0
0
0
0
0
0
0
0
0
0
0
0
0
0
0
0
0
998.302492668992
0
0
-1000
0
0
0
0
-1000
0
0
0
0
-14.8370529178723
0
0
0
0
779.02274330944
0
0
0
1000
0
0
598.523053095899
1000
1000
401.468480533373
0
0
0
-1000
401.468480533373
600.758174968149
1000
-800.710305565224
0
0
1000
0
0
0
0
0
1000
-126.075237479573
0
0
0
0
0
-777.073034352682
0
0
0
0
0
0
559.259638428721
217.982723338526
-1000
0
773.086017253908
0
0
0
0
0
0
782.182370890675
222.922732461954
0
0
0
773.086017253908
-1000
0
-999.995766814636
0
0
0
0
0
0
0
0
0
0
0
217.817629109325
0
0
-1000
216.574124123264
0
773.553550032488
0
0
0
0
9.87232584424839
0
782.182370890675
0
0
0
-1000
0
0
0
0
0
0
0
0
0
0
0
0
-1000
0
1000
-1000
1000
-2.55933396595674
0
1000
1000
-1000
-1000
-0.979955708140324
-1000
0
0
220.192146255344
-9.0927289444387
-1000
-1000
1000
0
328.968927686387
1000
0
0.182026970656749
0
-0.182026970656693
0
0.00180709298687155
0
0
0
0
2.19245556632191
0
0
0
903.782685419159
0
0
0
0
0
0
0
9.0927289444387
287.080209409459
0
1000
0.47599914930836
0
0
1000
0
-0.182026970656693
0
-9.79402811230887
0.0782977319394771
0
9.79402811230887
0
0
0
9.0927289444387
0
0
0
0
-779.106554576786
0
0
0
1000
9.87232584424839
0
-1000
-0.979955708140324
0
656.322548884431
782.182370890675
0
0
0
0
0
0
0
0
0
0
0
0
712.919790590541
0
0
0
2.3376638929007
0
9.8409521184284
0
0
0
0
0
0
0
0
244.23967592861
-1000
1000
-1000
-1000
1000
0
532.606489456561
-1000
-1000
1000
-1000
1000
796.36063113684
1000
0
-1000
0
0
0
0
-1000
0
-1000
-1000
9.0927289444387
1000
1000
0
0
1000
0
0
0
0
0
0
0
0.979955708140355
-569.446648390747
1000
1000
-1000
-999.53246722142
-1000
1000
1000
-1000
-1000
1000
1000
0
-0.935065557160328
1000
-1000
-1000
1000
0
-1000
-1000
-436.064971210738
-1000
1000
1000
0
0
0
-1000
1000
11.0453909760628
0
0
-1000
1000
0
0
-217.982723338526
1000
0
0
0
-29.8263849389522
0
0
0
0
0
0
0
0
0
0
0
0
0
0
0
0
0.00362469232831793
0
782.020901353803
217.979098646197
-1000
0
0
1000
0
0
0
0
0
0
0
0
0
0
0
0
0
0
0
0
0
0
0
0
0
1000
0
0
0
0
0
-1000
1000
0
0
0
0
0
0
0
0
0
0
0.00362469232834428
1000
1000
0.105829634102747
0.105829634102747
0
-990.205971887691
0
0
0
0
0
0
0
0
0
0
32.7909735156877
0
0
0
0
-697.876541292017
0
0
0
0
0
0
0
0
0
0
0
0
0
0
0
0
0
0
0
0
0
0
0
0
0
0
0
0
0
0
0
0
0.165094229200307
0
0
0
1000
0
39.973350865031
0
39.9733508650311
0
0
-1000
0
0
0
0
0
0
0
0
0
0
0
0
0
0
0
0
0
0
0
0
0
0
0
0
0
0
0
-132.361564177596
0
0
0.165094229200307
0
0
0
0
0
0
0
0
0
862.564103924716
0
0
0
0
0
0
0
0
0
0
0
0
0
0
0
0
0
0
0
0
0
0
0
0
0
0
0
0
0
0
0
0
0
-1000
0
0
0
0
0
0
0
0
0
0
0
0
0
0
0
0
0
0
0
0
0
0
0
0
0
0
0
0
0
0
0
0
0
0
0
0
0
-1000
0
0.00423318536411044
0
0
0
0
0.766206550903989
0.766206550903989
0
25.575645207406
0
0
0
0
0
0
0
0
0
0
0
0
0
0
0
0
0
0
0.00362469232831793
0
0
0
0
0
-1000
0
0
0
-1000
0
0
1000
0
0
0
0
2.20125638933743
0
0
2.20125638933743
0
0
0
0
0
0
0
0
0
0
2.20125638933743
0
2.20125638933743
0
0
0
13.1315204830279
37.4318430850724
23.92647148509
17.5242711072436
25.9826526283399
8.55184430033489
20.0010347570674
36.5906780719247
33.6933319155271
10.6547568332041
20.6552742117378
42.5722959431972
33.5998691362885
10.3743684954882
17.1971513799084
23.8330087058513
30.8894485383681
25.0012934463342
4.579676182693
31.169836876084
0
0
0
0
0
0
0
0
0
0
0
0
0
0
0
0
0
0
0
0
0
0
0
0
0
0
0
0
0
0
0
0
0
0
0
0
0
0
0
0
0
0
0
0
0
0
0
0
0
0
0
0
0
0
0
0
0
0
0
0
0
0
0
0
0
0
0
0
0
0
0
0
0
0
0
0
0
0
0
0
0
0
0
0
0
0
0
0
0
0
0
0
0
-911.415989739444
0
0
0
0
32.7909735156878
0
0
1000
1000
365.316510459614
0
0
0
0
302.119834015655
0
-29.8263849389522
-667.588739148377
-667.588739148377
-1000
0
-302.123458707983
0
-191.320288521212
889.078300623034
1000
667.444810845997
1000
0
0
697.880165984345
0
-1000
-1000
-1000
0
0
697.876541292017
0
697.876541292017
302.123458707983
0
0
0
0
0
0
0
0
0
0
0
-1000
344.880071681695
1000
1000
0
500
233.606016088625
2.51268116997182
5
0
0
0
0
0
0
0
0
150.981178465358
0
0.16472646959653
0
255.721888991766
-0.16472646959653
-0.16472646959653
0.16472646959653
0
174.119725306145
352.871769183695
0.16472646959653
0
0
0
0.00542521884358393
-0.16472646959653
0
0
-1000
-0.329452939192947
-0.16472646959653
0
0
0
0
0
0
0
0
0
0
0
0
0
0
0
0
0
-0.00542521884358393
0
4.77706761829836
0
0
0
-4.76260036804877
0
0
0
0
0
0
0
0
-0.0144672502495951
0
0
0
0
0
0
0
0
0
0
0
0
0
0
0
0
0
0
0
0
0
0
0
0
0
0
0
0
0
0
0
0
0
0
0
0
0
0
0
0
0
0
0.00542521884358393
0
0
0
0
0
0
0
0
0
0
0
0
0
0
0
0
0
0
0
0
0
0
0
0
0
0
0
0
0
0
0
0
0
0
0
0
0
0
0
1000
0
0
0
0
0
0
0
0
0
0
0
0
0
0
0
0
0
0
0
0
0
0
0
0
0
0
0
0
0
0
0
0
0
0
0
0
0
0
0
0
0
0
0
0
0
0
0
0
0
0
0
0
0
0
0
0
0
0
0
0
0
0
0
0
0
0
0
0
0
0
0
0
0
0
0
0
0
0
0
0
0
0
0
0
0
0
0
0
0
0
0
0
0
0
0
0
0
0
0
0
0
0.164726469596494
0.164726469596494
151.31063140455
0
0
0
0
0
0
0
0.164726469596494
0
0
0
0
0
0
0
0
0
0
0
0
0
0
0
0
0
0
0
0
0
0
0
0
0
0
0
0
0
0
0
0
0
0
0
0
0
0
0
0
0
0
0
0
0
0
0
0
0
0
0
0
0
0
0
0
0
0
0
0
0
0
0
0
0
0
0
0
0
0
0
0
0
0
0
0
0
0
0
0
0
0
0
0
0
0
0
0
0
0
0
0
0
0
0
0
0
0
0
0
0
0
0
0
0
0
0
0
0
0
0
0
0
0
0
0
0
0
0
0
0
0
0
0
0
0
0
0
0
0
0
0
0
0
0
0
0
0
0
0
0
0
0
0
0
0
0
0
0
0
0
0
0
0
0
0
0
0
0
0
0
0
0
0
0
0
0
0
0
0
0
0
0
0
0
0
0
0
0
0
0
0
0
0
0
0
0
0
0
0
0
0
0
0
0
0
0
0
-1000
0
0
0
0
0
0
0
0
0
0
0
0
0
0
0
0
0
0
0
0
0
0
0
0
0
0
0
0
0
0
0
0
0
0
0
0
0
0
0
0
0
0
0
0
0
0
0
0
0
0
0
0
0
0
0
0
0
-0.00452298564448483
0
0
0.00452298564448483
0
0.00452298564446629
0
0.00452298564446629
0
0
0
0
0
0
0
0
0
0
0
0
0
0
0
0
0
0
0
0
0
0
0
0
0
0
0
0
0
0
0
0
0
0
0
0
0
0
0
0
0
0
0
1000
1000
0
0
0
0
0
0
0
0
0
0
0
0
0
0
0
0
0
0
0
0
0
-1000
0
-1000
0
0
0
0
0
0
0
1000
1000
0
0
0
0
0
0
0
0
0
0
0
0
0
0
0
0
0
0
0
0
0
0
0
0
0
0
0
0
0
0
0
0
0
0
0
0
0
0
0
0
0
0
0
0
0
0
0
0
0
0
0
0
0
0
0
0
0
0
0
0
0
0
0
0
0
0
0
0
0
0
0
0
0
0
0
0
0
0
0
0
0
0
0
850.978732950924
46.7208815136823
0
0
0.16472646959653
0
-592.638026664491
0
0
151.145904934954
0
592.473300194894
-0.16472646959653
343.852994973287
0
0
0
0.00542521884358393
0.16472646959653
0
-999.835273530403
1000
0
0
0
0
0
0
0
0
0
0
0
0
0
-1000
0.00542521884358393
0
-4.77706761829836
0
4.76260036804877
0
0
0
0
0
0
0
0.0144672502495951
0
0
0
0
0
0
-1000
850.978732950924
0
0
0
-46.6955086673842
1000
-0.021748153969952
0
0
0.16472646959653
-0.16472646959653
0
0
407.361973335509
-407.361973335509
1000
0
0
0
-151.145904934954
-151.145904934954
-306.445420019311
0
-407.526699805106
-592.473300194894
-1000
0
-656.147005026713
-343.852994973287
-1000
0
0
0
0
0
-1000
0
-0.16472646959653
0
0
0
-999.835273530403
999.835273530403
-1000
0
0
0
-1000
0
0
0
-1000
0
0
0
0
0
0
0
0
0
0
0
0
0
0
0
0
0
0
0
-1000
1000
-1000
0
-1000
0
-1000
4.77706761829836
-1000
0
-4.77706761829836
-4.77706761829836
0
0
0
0
0
0
-1000
0
1000
0
-1000
0
-1000
0
-1000
0
-1000
0
0
0
0
0
0
0
0
0
-1000
0
0
0
0
0
0
0
0
0
0
0
0
0
0
0
0
0
0
0
0
0
0
0
0
0
0
0
0
0
0
0
0
0
0
0
0.00542521884358393
-0.00542521884358393
0
0
0
0
0
0
0
0
0
0
0
0
0
0
0
0
0
0
0
0
0
0
0
0
0
0
0
0
0
0
0
0
0
0
0
0
0.00542521884358393
-0.00542521884358393
0
0
0
0
0
0
0.0144672502495951
0.0144672502495951
0
0
0
0
0
0
0
0
0
0
0
0
0
0
0
0
-0.0144672502495951
-0.0144672502495951
0
0
0
0
0
0
0
0
0
0
0
0
0
0
0
0
0
0
0
0
0
0
0
0
0
0
0
0
0
0
0
0
0
0
0
0
0
0
0
0
0
0
0
0
1.1871795436562
0.00362469232831793
0
0
0
0
0
0
0
0
0.149372345108615
0
0
0
0
0
0
0
0
0
0
0
0
0
0
0
0
0
0
0
0
0
0
0
0
0
0
0
0
0
0
0
0
0
0
0
0
0
0
0
0
0
0
0
0
0
0
0
0
0
0
0
0
407.361973335509
407.361973335509
407.361973335509
0
0
0
0
0
0
0
0
0
0
0
0
0
0
0
0
0
0
0
0
0
0
0
0
0
0
0
0
0
0
0
0
0
0
0
0
0
0
0
0
0
0
0
0
0
0
0
0
0
0
0
0
0
0
0
0
0
0
0
0
0
0
0
0
0
0
0
0
0
0
0
0
0
0
0
0
0
0
0
0
0
0
0
0
0
0
0
0
0
0
0
0
0
0
0
0
0
0
0
0
0
0
0
0
0
0
0
0
0
0
0
0
151.145904934954
151.145904934954
151.145904934954
151.145904934954
-151.145904934954
0
0
0
0
0
0
0
0
0
0
0
0
0
0
0
0
0
0
0
0
0
0
0
0
0
0
0
0
0
0
0
0
0
0
0
0
0
0
0
0
0
0
0
0
0
0
0
0
0
0
0
0
0
0
0.00362469232831793
0.00362469232831793
0.00362469232831793
0.00362469232831793
0.00362469232831793
0
0
0
0
0
0
0
0
0
0
0
0
0
0
0
0
0
0
0
0
0
0
0
0
0
0
0
0
0
0
0
0
0
0
0
0
0
0
0
0
0
0
0
0
0
0
0
0
14.8370529178723
14.8370529178723
-14.8370529178723
4.93722669052468
-2.46680099909815
2.46680099909818
2.46680099909818
2.46680099909818
0
0
0
0
0
0
0
0
0
0
0
0
0
0
0
0
0
0
0
0
2.46680099909818
0
2.45957262715069
2.46680099909818
2.46680099909818
2.46680099909818
2.46680099909818
2.46680099909818
2.46680099909818
2.46680099909818
2.46680099909818
2.46680099909818
2.46680099909818
2.46680099909818
2.46680099909818
2.46680099909818
2.46680099909818
2.46680099909818
2.46680099909818
14.8370529178723
14.8370529178723
4.93722669052468
4.93722669052468
0
0
0
0
0
0
0
0
0
0
0
0
0
0
0
0
0
0
0
0
0
0
0
0
0
0
0
0
0
0
0
0
0
0
0
0
0
0
0
0
0
0
0
0
0
0
0
0
0
0
0
0
0
0
0
0
0
0
0
0
0
0
0
0
0
0
0
0
0
0
0
0
0
0
0
0
0
0
0
0
0
0
0
0
0
0
0
0
0
0
0
0
0
0
0
0
0
0
0
0
0
0
0
0
0
0
0
0
0
0
0
0
0
0
0
0
0
0
0
0
0
0
0
0
0
0
0
0
0
0
0
0
0
0
0
0
0
0
0
0
0
0
0
0
0
0
0
0
0
0
0
0
0
0
0
0
0
0
0
0
0
0
0
0
0
0
0
0
0
0
0
0
0
0
0
0
0
0
0
0
0
0
0
0
0
0
0
0
0
0
0
0
1.1871795436562
409.33480067834
409.33480067834
0
3.6938836774296
3.6938836774296
0
-413.02868435577
413.02868435577
3.6938836774296
0
408.147621134684
0
0
408.147621134684
0
3.6938836774296
0
3.6938836774296
3.6938836774296
0
0
0
0
0
0
0
0
0
0
0
0
0
0
0
0
0
0
0
0
0
0
0
0
0
0
0
0
0
0
0
0
0
0
0
0
0
0
0
0
0
0
0
0
0
0
0
0
0
0
0
0
0
0
0
0
0
0
0
0
0
0
0
0
0
0
0
0
0
0
0
0
0
0
0
0
0
0
0
0
0
0
0
0
0
0
0
0
0
0
0
0
0
0
0
0
0
0
0
0
0
0
0
0
0
0
0
0
0
0
0
0
0
0
1.1871795436562
0.00362469232831793
0
0
0
0
0
0
0
1.56289378748867
0
0
0
0.979955708140355
0.979955708140355
0.979955708140355
0
0
0
0
0
0
1.34017658109313
0
0
0
0.00362469232831793
0
0
0
0
-1.34017658109315
1.34017658109313
0
0
0
0
0
0
0
0
0
0
0.244423334947143
0
0.222717206395535
0
0
0
0
0
0
0
0
0
0
10.926699812901
10.926699812901
10.926699812901
0
0
0
0
-0.149372345108645
0
0
0
0
0
0
0
0
0
0
0
0
0
0
0
0
0
0
0
0
0
0
0
0
0
0
0
0
0
0
0
0
0
0
0
0
0
0
0
0
0
0
0
0
0
0
0
0
0
0
0
0
0
0
0
0
0
0
0
0
0
0
0
0
0
0
0
0
0
0
0
0
0
0
0
0
0
0
0
0
0
0
0
0
0
0
0
0
0
0
0
0
0
0
0
0
0
0
0
0
0
0
0
0
0
0
0
0
0
0
0
0
0
0
0
0
0
0
0
0
0
0
1000
0
0
1000
1000
0
0
0
0
0
0
0
0
0
0
0
0
0
0
0
0
0
0
0
0
0
0
0
0
0
0
0
0
0
0
0
0
0
0
0
0
0
0
0
0
0
0
0
0
0
0
0
0
0
0
0
0
0
0
0
0
0
0
0
0
0
0
0
0
0
0
0
0
0
0
0
0
0
0
0
0
0
0
0
0
0
0
0
0
0
0
0
0
0
0
0
0
0
0
0
0
0
0
0
0
0
0
0
0
0
0
0
0
0
0
0
0
0
0
0
0
0
0
0
0
0
0
0
0
0
0
0
0
0
0
0
0
0
0
0
0
0
0
0
0
0
0
0
0
0
0
0
0
0
0
0
0
0
0
0
0
0
0
0
0
0
0
0
0
0
0
0
0
0
0
0
0
0
0
0
0
0
0
0
0
0
0
0
0
0
0
0
0
0
0
0
0
0
0
0
0
0
0
0
0
0
0
0
0
0
0
0
0
0
0
0
0
0
0
0
0
0
0
0
0
0
0
0
0
0
0
0
0
0
0
0
0
0
0
0
0
0
0
0
0
0
0
0
0
0
0
0
0
0
0
0
0
0
0
0
0
0
0
0
0
0
0
0
0
0
0
0
0
0
0
0
0
0
0
0
0
0
0
0
0
0
507.458373823174
0
0
507.458373823174
0
0
0
0
0
0
0
0
0
0
0
0
0
0
0
0
0
0
0
0
0
0
0
0
0
0
0
0
0
0
0
0
0
0
0
0
0
0
0
0
0
0
0
0
0
0
0
0
0
0
0
0
0
0
0
0
0
0
0
0
0
0
0
0
0
0
0
0
0
0
0
0
0
0
0
0
0
0
0
0
0
0
0
0
0
0
0
0
0
0
0
0
0
0
0
0
0
0
0
0
0
0
0
0
0
0
0
0
0
0
0
0
0
0
0
0
0.165094229200307
0.165094229200307
0
0
0
0
0.165094229200349
0
0.165094229200307
0
0
0
0
0
0.0253991121846626
0
0
0
0
0
0
0
0
0
0
0
0
0
0.999031745929869
0
0
0
0
0
0
0.999031745929869
0.999031745929869
0.999031745929869
0.999031745929869
0
0
0
0
0
0
0
0
0
0
0
0
0
0
0
0
0
0
0
0
0
0
0
0
0
0
0
0
0
0
0
0
0
0
0
0
0
351.273466533439
351.273466533439
0
0
0
0
0
0
0
0
0
0
0
0
0
0
0
0
0
0
0
0
0
0
0
0
0
0
0
0
0
0
0
0
0
0
0
0
0
0
0
0
0
0
0
0
0
0
0
0
1000
599.692247332118
-1000
0
0
0
1000
-246.186435166174
-1000
0
0
0
0
-1000
589.898219219809
0
0
0
0
0
0
0
0
0
0
0
0
0
0
0
0
0
0
0
0
0
0
0
0
0
0
0
0
0
0
0
0
0
0
0
0
0
0
0
0
246.186435166174
0
0
0
0
0
0
0
0
0
0
0
0
0
0
0
0
0
-999.996375307672
999.996375307672
1000
999.996375307672
1000
-1000
-1000
0
0
0
0
0
0
0.00362469232834428
0
0
0
0
0
0
0
0
0
0
0
0
0
0
0
0
0
0
0
0
0
0.0144672502495472
0
0.00362469232831793
0.0217061285516083
1000
0.00180709298687155
0.00180709298687155
0.00362469232834428
0
0.0126601572626757
0.00180709298687155
0.0271379138668296
-0.00180709298683723
0.00180709298687155
0.00180709298687155
0.00180709298687155
0.00180709298687155
0.00180709298687155
-0.00180709298683723
-0.00361418597378815
0.00180709298687155
0.00180709298687155
0.00180709298683723
0.00180709298687155
-0.00543178531518151
-0.00543178531518151
0.00362469232834428
0.00362469232834428
0.00180709298687155
0.00180709298687155
0.00362469232831793
0.00362469232831793
-0.00362469232834428
-0.00362469232834428
0.00362469232834428
0.00362469232834428
0.00180709298687155
0.00180709298687155
0.00180709298687155
0.00180709298687155
0.0452508691538469
-0.00543178531518151
-999.97466917912
0
0
0
0
0
0
-1000
0
0
0
0.00362469232831793
0
0
0
0
0.00181234616415897
0.00362469232834428
0.00362469232834428
0
0.00362469232831793
0
0
0
0
0
-0.00362469232834428
0
0
0.00722837194748619
0.00180709298687155
0.00542127896061465
0.00180709298687155
-0.00180709298683723
0.00180709298687155
0.00180709298687155
0.00180709298687155
0.00180709298687155
0.00180709298687155
0.00180709298687155
0.0036141859737431
0.00180709298687155
0.00180709298687155
0.00180709298687155
0.00180709298687155
0.00180709298687155
0
0.00180709298687155
0.00362469232831793
0
0.00362469232831793
0
0.00362469232831793
0.00362469232831793
0.00362469232831793
0.00362469232831793
0.00362469232831793
0.00362469232831793
0
0.00362469232831793
0
0.00362469232831793
0.00362469232831793
0.00362469232831793
0.00362469232831793
0.00362469232831793
0
0
0
0
0
0
0
0
0
0
0
0
0
0
0
0
-0.00362469232834428
0.00362469232831793
0.00362469232831793
0
0
0
0
0
0
0
0
0
0
0
0
0
0
0
0
0
0
0
0
0
0
0
0
0
0
0
0
0
0
0
0
0
0
0
0
0
0
0
0
0
0
0
0
0
0
0
0
0
0
0
0
0
0
0
0
0
0
0
0
0
1000
0
32.7909735156878
0
0
0
0
0.00362469232831793
0
0
0
0
0
0
0
0
0
1000
0
0
0
0
0
0
0
0
0
0
0
641.570934484623
0
0
0
0
0
-150.981178465357
0
0
0
0.164726469596494
0
0
250.244733877683
0
0
0
0
0
0
0.164726469596494
0
0
82.6965346800916
0
0
0
0
0.164726469596494
0
0.164726469596494
0
0.164726469596494
0
61.6846376450433
0
0
0
10.2954043497808
0
63.6255988816456
0
0.164726469596494
0
0.494179408789481
0
0
0
0.164726469596494
0
0.164726469596494
0
0.164726469596494
0
0.164726469596494
0
0.164726469596494
0
0.164726469596494
0
0.164726469596494
0
0.164726469596494
0
0.164726469596494
0
0.164726469596494
0
0.164726469596494
0
0.164726469596494
0
0.164726469596494
0
0.164726469596494
0
0.164726469596494
0
0.164726469596494
0
3.45925586152636
0
1.03496565382166
0
4.73588600089919
0
0
0
2.42971542654828
0
0.164726469596494
0
0.164726469596494
0
16.2110900050051
0
0.164726469596494
0
0.164726469596494
0
0.164726469596494
0
0.164726469596494
0
78.8627973193213
0
1.19426690457458
0
8.85404774081153
0
44.5996916432506
0
0.591009893837275
0
0.164726469596494
0
0.164726469596494
0
1.56490146116669
0
0.164726469596494
0
0.164726469596494
0
0.164726469596494
0
0
-1000
0
0
408.147621134684
1000
0
0
0
0
-1000
-1000
-710.77274831313
0
0.999031745929869
-782.182370890675
217.982723338526
1000
0
349.933289952346
287.080209409459
-594.664960624283
-1000
0
0
1000
0
0
0
0
-343.677451115569
1000
0
0
0
0
-287.080209409459
782.182370890675
-0.00362469232834428
0
0
-3.17241127446221
0
712.998088322481
0
0
0
0.0307415934859137
1000
296.172938353897
-671.031072313613
-9.09635363676705
-1000
0
74.0094190528957
0
0
-1000
0
0
1000
847.006400970877
-1000
1000
0
1000
1000
0
1000
1000
1000
1000
0
0
0
0
-32.7909735156878
0
0
0
0
0
0
0
0
0
0
0
1000
0
0
0
0
0
0
0
0
0
0
1000
0
0
0
0
0
0
0
0
-1000
-974.424354792594
-1000
-1000
1000
-1000
-1000
-1000
-1000
-1000
-1000
1000
1000
-1000
-1000
-1000
-38.9769557429727
1000
-1000
1000
1000
-1000
-1000
-1000
-1000
1000
1000
1000
1000
1000
1000
1000
-1000
-69.7597516494626
-1000
-1000
-1000
-17.5750693316129
-1000
-1000
-1000
1000
-1000
-664.26964949267
-1000
-1000
-1000
-1000
-1000
-1000
-1000
-1000
-1000
978.912940881123
1000
-1000
-1000
-1000
-1000
-1000
-1000
-1000
-10.5309963539603
-1000
-1000
-452.966563895403
-1000
-10.3382485239893
-1000
-1000
-1000
-1000
-1000
-1000
1000
-1000
-1000
-1000
-1000
-1000
-1000
-787.459589250498
1000
-1000
-1000
1000
-1000
1000
-83.1234888344807
1000
1000
1000
-1000
-1000
1000
1000
1000
1000
-1000
-1000
-1000
824.634354972068
1000
-1000
1000
114.665846022607
-1000
1000
1000
1000
1000
1000
1000
1000
1000
1000
-1000
-1000
-1000
673.265159753413
-1000
-1000
-639.542528241565
1000
-697.255129018964
-1000
-782.020901353803
-1000
0
0
0
0
0
0
0
0
0
0
0
0
0
0
0
0
0
0
0
0
0
0
0
0
0
0
0
0
0
0
0
0
0
0
0
0
0
0
0
0
0
0
0
0
0
0
0
0
0
0
0
0
0
0
0
0
0
0
0
0
0
0
0
0
0
0
0
0
0
0
0
0
0
0
0
0
0
0
0
0
0
0
0
0
0
0
0
0
0
0
0
0
0
0
0
0
0
0
0
0
0
0
0
0
0
0
0
0
0
0
0
0
0
0
0
0
0
0
0
0
0
0
0
0
0
0
0
0
0
0
0
0
0
0
0
0
0
0
0
0
0
0
0
0
0
0
0
0
0
0
0
0
0
0
0
0
0
0
0
0
0
0
0
0
0
0
0
0
0
0
0
0
0
0
0
0
0
0
0
0
0
0
0
0
0
0
0
0
0
0
0
0
0
0
0
0
0
0
0
0
0
0
0
0
0
0
0
0
0
0
0
0
0
0
0
0
0
0
0
0
0
0
0
0
0
0
0
0
0
0
0
0
0
0
0
0
0
0
0
0
0
0
0
0
0
0
0
0
0
0
0
0
0
0
0
0
0
0
0
0
0
0
0
0
0
0
0
0
0
0
0
0
0
0
639.542528241565
0
0
0
0
0
0
0
0
0
0
0
0
0
0
0
0
0
0
0
0
0
0
0
0
0
0
0
0
0
0
0
0
0
0
0
0
0
0
0
0
0
0
0
0
0
0
0
0
0
0
1000
1000
-1000
1000
1000
1000
1000
863.266812695158
-1000
-1000
1000
-1000
-1000
1000
136.733187304842
-1000
-1000
-1000
1000
-1000
1000
1000
-1000
-1000
-1000
-1000
1000
-1000
1000
-1000
-1000
-1000
-1000
-1000
0
1000
1000
-1000
997.533199000902
-1000
-1000
1000
-1000
-1000
-1000
1000
-1000
-1000
358.429065515377
-1000
357.659771847287
-1000
-1000
-999.949327851886
-357.710443995401
0
0
0
0
0
1000
0
0
0
0
-1000
0
0
0
0
-1000
0
0
-1000
-1000
-0.475999149308336
0
0
0
0
138.79941088931
0
1000
0
0
0
0
0
0
0
0
0
-0.00362469232834428
0.00362469232831793
0
0
-0.00362469232834428
-0.00362469232834428
0
0
0
0
0
0
0
0
0
0
0
0
0
0
0
0
0
0
0
0
0
0
0
1000
0
0
0
0.00362469232831793
0
0
-1000
1000
-589.898219219809
589.898219219809
-1000
0
0
0
0
-0.00362469232834428
0
0
0
0
0
0
0
0
0
0
0
0
0
0
0
0
0
0
70.2762170322399
0
-36.1534064608588
36.1534064608588
0.00362469232831793
0
0
0
0
1000
0
0
0
0
0
-1000
0
929.541755997103
0
0
0
0
0
0
0
0
0
0
0
0
0
0
0
0
0
0
0
0
0
0
0
0
0
0
0
0
0
0
0
0
0
0
0.00362469232831793
0
0
0
0
1000
0
850.978732950924
0
-150.981178465357
0
1.95991141628071
0
0
0
0
0.00542127896061465
1000
0
-1000
0
0
0
0
0
0
0
0
0
0
0
0
0.00362469232834428
-604.243292723638
191.201759331017
0
1000
998.302492668992
0
0
0
-999.85607169762
1000
0
0
0
0
0
782.182370890675
-9.0927289444387
773.086017253908
1000
0
782.015480074842
0
0
782.020901353803
0
0
-950.070723094588
0
0
-1000
0
-1000
1000
0
0
0
0
0
0
0
0
0
0
0
-0.143928302379777
1000
0
0
999.994578721039
0
0
0
0
0
0
0
0.00542127896062539
0
1000
0
998.047337968376
0
0
0
0
0
0
0
0
0
0
0.979955708140355
0
0.00362469232831793
-0.00362469232834428
0.00362469232831793
0.00362469232831793
0
0
0.00362469232834428
0
0
0
0.979955708140324
0
0
-0.0108740769849192
-1000
-224.961320714468
9.0927289444387
-1000
-9.0927289444387
1000
0
0
1000
-1000
-1000
-1000
0
0
0
0
0
0
0
0
0
0
0
0
0
0
0
0
0
0
0
0
0
0
0
0
0
1000
0
0
0
0
0
0.00180709298687155
0
950.070723094588
0
0
0
0
0
0
0.00362469232831793
0
0
0
0
0
0
0
0
0
0
0
0
0
0
0
0
0
0
0
0
0
0
0
0
1000
0
0
0
0
0
0
0
0
0
0
0
0
0
0
0
0
0
0
0
0
0
0
0
0
0
0
0
0
0
0
2.33766389290065
0
0
0
0
0
0
0
0
0
0
0
0
0
0
0
0
0
0
0
0
0
0
0
0
0
0
0
0
0
0
0
0
0
0
0
0
0
0
0
0
0
0
0
0
0
0
0
0
0
0
0
0
0
0
0
0
0
0
0
0
0
0
0
0
0
0
0
0
0
0
0
0
0
0
0
0
0
0
0
0
0
0
0
0
0
0
0
0
0
0
0
0
0
0
0
0
0
0
0
0
0
0
0
0
0
0
0
0
0
0
0
0
0
0
-999.969258406514
0
0.00180709298683723
0
0.0289345004990764
0
0
-0.0307415934859137
0
1000
0
0
0
0
0.0162743432364323
0
0
0
0
0
0
0
0
0
0
0
0
0
0
0
0
0
0
0.00362469232831793
0.00362469232831793
0.00362469232831793
-1000
0
0
-46.6955086673842
-1000
0
0
0
0
0
0
-1000
1000
0
0
0
0
0
0
0
0
0
0
-1000
0
999.835273530403
-0.16472646959653
-1000
-1000
-1000
-999.835273530403
-1000
-1000
0
0
0
0
0
0
0
0
0
0
-1000
0
1000
0.397017628792041
0.00362469232831793
0.00362469232831793
0.00362469232831793
0.00362469232831793
0.00362469232831793
0
0
0
1000
9.01877421040803
0
0
0
0
0
0
0
0
0
0
0
0
0
0
-1000
0
0
0
0
0
0
0
1000
-1000
0
1000
1000
1000
-1000
0
0
0
0
0
0
0
0
0
0
0
0
0
0
0
0
0
0
0
0
0
0
0
0
0
0
0
0
0
0
0
0
0
0
0
4.77706761829831
0
0
0
0
0
0
0
0
0
0
0
-1000
0
0
0
0
0
0
0
0
0
0
-1000
0
0
0
0
0
0
1.6975073310083
1000
-1000
-1000
-1000
-1000
1000
0
0.0217061285516083
0
0
0
0
-999.817973029343
-1000
-1000
1000
0
0
0
0
999.97825184603
14.6196834459553
0
0
0
0
0
0.582938079348314
0.582938079348314
-1000
-999.967451313527
0
0
0
0
0
0
0.367967558392623
0
-306.445420019311
0
0
0
0
0
0
0
1000
0.00362469232831793
0
0
0
0
0
0
0
0
0.00362469232834428
1000
0
0
995.222932381702
0
0
0
1000
0
0
0
-592.473300194894
0
-1000
0
0
0
-1000
-1000
0
0
0
0
-151.145904934954
0
1000
0
0
0
0
0
0
0
-727.853997434861
0
0
0
0
-634.531094867278
-1000
0
0
-1000
0
0
0
0
0.00542521884358021
0
0
0
0
0
0
0
0
215.86859177003
773.086017253908
1000
0
0
0
0
0
0
0
0
0
1000
1000
0
-1000
1000
-1000
-1000
0
0
0
0
0
0
0
0
0
0
0
0
1000
0.00180709298687155
0.00180709298687155
0
-1000
43.0040808503363
-1000
-507.458373823174
-507.458373823174
343.852994973287
0
0
0
0
0
0
0
0
0
0
0
0
0
0
0
0
0
0
0
0
0
0
0
0
0
-0.0144672502495951
0
0
0
0
0
0
0
0
0
0
0
0
0
0
0
0
0
0
0
0
0
0
0
0
0
0
0
0
0
0
0
0
0
0
0
0
0
0
0
0
0
0
0
0
0
0
-1000
0
-1000
0
0
0
0
0
-1000
0
0
0
0
0
0
0
0
0
0
0
-1000
0
0
0
0
0
0
0
0
0
0
0
0
0
1000
0
0
0
-149.021267049077
0
0
0
0
0
0
0
0
0
0
0
0
0
0
0
0
0
0
0
0
0
0
0
0
0
0
0
0
0
0
0
0
0
0
0
0
0
0
0
150.981178465357
0
0
0
0
0
0
0
0
0
0
0
0
0
0
0
0
0
0
0
0
0
0
0
0
0
0
0
0
0
0
0
0
0
0
0
0
0
0
0
0
0
0
0
0
0
0
0
0
0
0
0
0
0
0
0
0
0
0
0
0
0
0
0
0
0
0
0
0
0
0
0
0
0
0
0
0
0
0
0
0
0
0
0
0
0
0
0
0
0
0
0
0
0
0
0
0
0
0
0
0
0
0
0
0
0
0
0
0
0
0
0
0
0
0
0
0
0
0
0
0
0
0
0
0
0
0
0
0
0
0
0
0
0
0
0
0
0
0
0
0
0
0
0
0
0
0
-1000
0
0
0
0
0
0
0
0
0
0
0
0
0
0
0
0
0
0
0
0
0
0
401.471302656949
0
68.1379693236156
68.1379693236156
0
-98.5315194666271
0
1000
-867.638435822404
-132.196469948396
0
-929.541755997103
0
-70.27621703224
-1000
0
0
0
0
-0.0253728462981826
0.0217481539699076
0
0
0
0
0
0
0
0
0
0
0
0
0
0
0
0
0
0
0
0
0
0
0
0
0
0
0
0
0
0
0
0
0
0
0
0
0
0
0
0
0
0
0
0
0
0
0
0
0
0
0
0
0
0
0
0
0
0
0
0
0
0
0
0
0
0
0
0
0
0
0
0
0
0
0
0
0
0
0
0
0
0
0
0
0
0
0
0
0
0
0
0
0
0
0
0
0
0
0
0
0
0
0
0
0
0
0
0
0
0
0
0
0
0
0
0
0
0
0
0
0
0
0
0
0
0
0
0
0
0
0
0
0
0
0
0
0
0
0
0
0
0
0
0
0
0
0
0
0
0
0
0
0
0
0
0
0
0
0
0
0
0
0
0
0
0
0
0
0
0
0
0
0
0
0
0
0
0
0
0
0
0
0
0
0
0
0
0
0
0
0
0
0
0
0
0
0
0
0
0
0
0
0
0
0
0
0
0
0
0
0
0
0
0
0
0
0
0
0
0
0
0
0
0
0
0
0
0
0
0
0
0
0
0
0
0
0
0
0
0
0
0
0
0
0
0
0
0
0
0
0
0
0
0
0
0
0
0
0
0
0
0
0
0
0
0
0
0
0
0
0
0
0
0
0
0
0
0
0
0
0
0
0
0
0
0
0
0
0
0
0
0
343.852994973287
0
0
0
0
0
0
0
0
0
0
0
-1000
0
0
0
0
0.00362469232834428
137.867680982423
-1000
0
0
0
0
0
0
0
0
0
0
0
0
0
0
0
0
0
0
0
0
0
0
0
0
0
0
0
0
0
0
0
0
0
0
0
0
0
0
0
0
0
0
0
0
0
0
0
0
0
0
0
0
0
0
0
0
0
0
0
0
0
0
0
0
0
0
0
0
0
0
0
0
0
0
0
0
0
0
0
0
0
0
0
0
0
0
0
0
0
0
0
0
0
0
0
0
0
0
0
0
0
0
0
0
0
0
0
0
0
0
0
0
0
0
0
0
0
0
0
0
0
0
0
0
0
0
0
0
0
0
0
0
0
0
0
0
0
0
0
0
0
0
0
0
0
0
0
0
0
0
0
0
0
0
0
0
0
0
-779.02274330944
0
0
0
0
0
0
0
0
1000
0.00362469232834428
0
0
0
1000
0
0
0
0
0
0
0
0
0
0
0
0
0
0
0
1000
0
-1000
0
0
1000
0
0
0
0
0
0
0
0
0
0
0
0
0
1000
0
0
0
0
0
0
0
0
0
0
0
0
0
0
0
0
0
0
0
0
0
0
0
0
0
0
0
0
0
0
0
0
0
0
0
0
0
0
0
0
0
0
0
0
0
0
0
0
0
0
0
0
0
0
0
0
0
0
0
0
0
0
0
0
0
0
0
0
0
0
0
0
0
0
0
0
0
0
0
0
0
0
0
0
0
0
0
0
0
0
0
0
0
0
0
0
0
0
0
0
0
0
0
0
0
0
0
0
0
0
0
0
0
0
0
0
0
0
0
0
0
0
0
0
0
0
0
0
0
0
0
0
0
0
0
0
0
0
0
500
87.5529547902882
0
0
-0.979955708140324
0
0
0
467.313896193163
19.3667135996118
42.3318536411044
0.105063545748346
87.5529547902882
0
0
0
0
0
0
0
0
0
0
0
0
0
0
0
0
0
0
0
1000
-1000
0
0
-1000
782.017276661474
-1000
0
1000
0
0
0
0
0
0
0
0
-411.816173991234
0
-0.00452298564448483
0
0
0.00362469232831793
0
0
0
0
0
0
0
0
0
0
0
0
0
0
0
0
0
0
0
150.981178465358
0
0
0.0307415934859137
-78.8627973193213
-3.45925586152634
0
-10.7563532819428
-21.0870591188771
-1000
-33.7226315118477
-10.5309963539603
120.031318612534
-26.6437693676091
-4.62200803633414
-31.5423571881257
-1000
-1000
0
0
0
0
-1000
-38.9769557429727
-17.5750693316129
-26.6090371104436
-13.3637371850182
15.2373966834167
-23.9899692655516
-1000
975.866435133297
548.787964398304
0
1000
656.322548884431
-1000
0
1000
0
0
999.817973029343
-1000
0
0
0
0
0
0
1000
-217.979098646197
0
0
0
0
0
0
0
0
0
-0.00362469232834428
-0.00362469232834428
0
0
0
0
0
0
0
0
0
0
0
0
0
0
0
0
0
1000
0
-1.69750733100841
0
0
-710.77274831313
591.852378865316
0
-0.00362469232834428
-0.00362469232834428
-0.999031745929869
410.101780780191
0
0
-0.00362469232834428
0
-0.00362469232834428
0
0
0
-0.00362469232834428
0
0
0
-0.00362469232834428
0
0
0
0
0
0
0
0
0
0
0
-779.02274330944
0
0
0
0
0
0
0
0
0
0
0
0
-782.017276661474
217.817629109325
0
0
0
-863.266812695158
0
1000
0
0
-0.00362469232834428
0
0
0
0
-25.575645207406
0
0
0
0
0
0
0
0
0
1000
-3.17241127446221
-0.475999149308336
-1000
-1000
0
0
0
0
0
712.998088322481
0
0
2.46680099909815
0
0
0
0
0
0
-9.09635363676705
0
0
0
0
782.182370890675
1000
1000
0
0
349.933289952346
-217.817629109325
0
0
0
36.1534064608588
0
-32.7909735156878
0
0
0
-1000
-1000
0
0
0
0
0
0
-0.0506721481143586
0
0
0
589.89459452748
-287.080209409459
296.172938353897
0
0
0
0
656.322548884431
-1000
287.080209409459
-1000
328.968927686387
-1000
0
0
-36.1534064608588
0
0
0
0
0
0
0
1000
0
-0.591009893837281
-0.16472646959653
-44.5996916432506
0
-2.42971542654823
-16.2110900050051
-1.56490146116664
-8.85404774081155
-4.7358860008992
-0.16472646959653
0
0
82.6965346800916
0
-0.16472646959653
0
-0.16472646959653
-0.16472646959653
0
-1.19426690457453
0
-0.16472646959653
-61.6846376450433
-63.6255988816456
0
-14.6196834459553
0
-0.367967558392593
-0.16472646959653
-1.0349656538217
0
-0.16472646959653
-0.16472646959653
-0.16472646959653
-0.16472646959653
0
250.244733877683
-10.2954043497808
0
0
0
-1000
1000
0
0
-1000
1000
-0.00362469232834428
-1000
727.853997434861
-727.853997434861
0
0
0
-1000
0
0
1000
0
0
0
0
0
0
0
0
0
0
0
0
0
0
0
-1000
1000
1000
-1000
-43.0040808503364
43.0040808503363
1000
-1000
-1000
0
-1000
-1000
0
0
0
-0.16472646959653
-0.16472646959653
0
0
0
0
0
-132.361564177596
132.196469948396
-0.0253728462981826
0.021748153969952
0
0
0
0
0
1000
0
0
0
0
0
0
0
0
0
0
0
0
0
0
0
0
0
0
0
0
0
0
0
0
0
0
0
0
0
0
0
0
0
0
0
0
0
0
0
0
0
0
0
0
0
0
0
0
0
0
0
0
0
0
0
0
0
0
0
0
0
0
0
0
0
0
0
0
0
0
0
0
-0.16472646959653
0
0
0
0
0
0
0
0
0
0
0
0
0
0
0
0
0
0
0
0
0
0
0
0
0
0
0
0
0
0
0
0
0
0
0
0
0
0
0
0
0
0
0
0
0
0
0
0
0
0
0
0
0
0
0
0
0
0
0
0
0
0
0
0
0
0
0
0
0
0
0
0
0
0
0
0
0
0
0
0
0
0
0
0
0
0
0
0
0
0
0
0
0
0
0
0
0
0
0
0
0
0
0
0
0
0
0
0
0
0
0
0
0
0
0
0
0
0
0
0
0
0
0
0
0
0
0
0
0
0
0
0
0
0
0
0
0
0
0
0
0
0
0
0
0
0
0
0
0
0
0
0
0
0
0
0
0
0
0
0
0
0
0
0
0
0
0
0
0
0
0
0
0
0
0
0
0
0
0
0
0
0
0
0
0
0
0
0
0
0
0
0
0
0
0
0
0
0
0
0
0
0
0
0
0
0
0
0
0
0
0
0
0
0
0
0
0
0
0
0
0
0
0
0
0
0
0
0
0
0
0
0
0
0
0
0
0
0
0
0
0
0
0
0
0
0
0
0
0
1000
0
0
0
0
0
0
0
779.02274330944
0
1000
0
0
0
-137.867680982423
0
0
0
0
0
0
0
0
0
0
0
0
0
0
0
0
0
0
0
0
0
0
0
0
0
-1000
0
-1000
-0.00362469232834428
0
0
0
0
0
0
0
0
1000
-1000
0
0
0
0
0
0
0
0
0
0
0
0
0
0
0
0
0
0
0
0
0
0
0
0
0
0
0
0
0
0
0
0
0
0
0
0
0
0
0
0
0
0
0
0
0
0
0
0
0
0
0
0
0
0
0
0
0
0
0
0
0
0
0
0
0
0
0
0
-0.16472646959653
-0.16472646959653
-0.16472646959653
-0.16472646959653
0
-0.16472646959653
-0.494179408789478
0
-0.16472646959653
-0.16472646959653
-0.16472646959653
-0.16472646959653
0
-0.16472646959653
-0.16472646959653
-0.16472646959653
-0.16472646959653
-0.16472646959653
-0.16472646959653
-0.16472646959653
0
-0.16472646959653
-0.16472646959653
-0.16472646959653
0
-911.415989739444
87.5529547902881
0
408.147621134684
0
0
0
0
0
0
0
0
0
