0
0
0
0
0
0
0
385.509020071058
-1000
1000
0
0
0
193.365976909549
0
0
999.662943865933
-999.662943865933
999.922642854477
0
0.0773571455235328
0
-1000
0.48624491471935
0
1000
-210.873794871565
0
-785.462791736857
0
0
0
0
0
0
0
0.0378706025758433
0
18.4579491450103
18.4579491450103
46.4211442039578
18.4579491450103
18.4579491450103
0
0
18.4579491450103
0
0
0
0
0
883.699413485345
0
0
0
0
0
0
0
0
0
0
0
0
0
0
0
0
0
970.042283186959
0
0
0
0
-728.41811533092
-728.41811533092
0
0
0
0
970.042283186959
0
-1000
0
0
0
0
0
0
0
0
0
0
0
0
0
0
0.00473125398829112
0.00473125398832508
0
0
0
0.00473125398832508
-0.00473125398832508
0
0
0
-0.00473125398832508
0
0
0
0
0
0
0
0
0
387.724749739268
0
384.946640822836
0
0
0
0
0
0
0
0
0
0
0
0
0
0
0
1000
0
0
-1000
0
0
0
0
-1000
0
0
0
0
-19.3665722311789
0
0
0
0
-1000
0
0
0.0118075643012135
1000
0
0
595.218728200222
1000
1000
404.770220778989
0
214.321713357756
0
-1000
404.770220778989
598.136197688538
1000
-806.634023090451
0
214.321713357756
1000
0
0
0.0118075643011935
0
0
1000
707.097659308689
0
0
0
0
0
-337.679736760694
0
0
0
0
0
0
0
974.269532848301
-1000
0
332.475545938045
0
1000
0
0
0
0
0
0
0
0
0
332.475545938045
-337.685262271089
0
-999.994474489605
0
0
0
0
0
0
0
0
0
0
0
0
0
0
-989.667524662841
0
665.998796072977
0
333.085809133636
0
0.91539479338676
0
0
0
-0.0141937619648616
0
0
984.616201947425
974.283726610266
0
-984.616201947425
0
0
0
0
0
0
0
0
0
0
-540.952833109901
0
1000
-387.724749739268
-1000
728.41811533092
1000
-1000
332.480277192033
-1000
-1000
-1.27912080047884
171.171607100178
0.915394793386781
0
1.52565798897797
1000
1000
-1000
1000
0
0
1000
0
0.237596946965136
0
-0.237596946965141
0
0.00235877010430746
0
0
0
0
0
0
0
0
1000
0
636.368775671825
0
0
0
0
0
0
-1000
0
1000
0.621314216380264
0
0
1000
0
-0.237596946965141
0
-0.915394793386781
0
0
0.915394793386781
0
0
0
0
0
0
-997.558947217635
0
0
0
-995.417123393731
0.915394793386781
0
1000
-1.27912080047884
0
0
0
2.86177782905111
0
0
0
0
0
0
0
0
0
1000
0
0
0
3.05131597795587
12.8452402967131
0
0
0
0
0
0
0
0
0
1000
-1000
1000
-636.371134441929
-1000
1000
1000
1000
-1000
-1000
0
-1000
1000
-1000
1000
0
-1000
0
0
0
0
-1000
0
0
-1000
-1000
-1000
1000
0
57.9058417713579
1000
-1000
0
0
0
0
0
0
1.27912080047888
-666.909459612376
1000
1000
-1000
1000
-1000
-0.610263195591187
-1000
-1000
1000
1000
1000
1000
-1000
0
-1000
0
1000
-1000
412.481479888992
-1000
-1000
-1000
229.687712067127
1000
0
0
0
1000
-1000
2.44657829275923
0
0
0.0141937619648616
0
0
0
-910.671130518454
1000
0
0
0
-38.9319119849848
0
0
0
0
0
0
104.693742518168
0
0
0
0
0
0
0
0
0
0.00473125398829112
0
999.962149968094
-89.37145076744
-910.590699200654
0
910.590699200654
0
0
0
0
0
0
0
0
0
0
1000
0
0
0
0
0
0
0
0
0
0
0
0
0
0
0
0
0
0
0
0
0
0
0
0
0
0
0
0
0
0
0
0
0.00473125398832508
1000
0.138137759863412
0.138137759863412
0
-951.390616673226
0
0
0
0
0
0
0
0
0
0
0
0
0.037850031906329
0
0
0
0
0
0
0
0
0
0
0
0
0
0
0
0
0
0
0
0
0
0
0
0
0
0
0
0
0
0
0
0
0
0
0
0
0
0.215494905387005
0
0
0
1000
0
0
0
0
0
0
0
-1000
0
0
0
0
0
0
0
0
0
0
0
0
0
0
0
0
0
0
0
0
0
0
0
0
-694.854569237117
0
0
0.215494905387005
0
0
0
0
0
0
0
0
0
0.222540359695586
0
0
0
0
0
0
0
0
0
0
0
0
0
0
0
0
0
0
0
0
0
0
0
0
0
0
0
0
0
0
0
0
0
-1000
0
0
0
0
0
0
0
0
0
0
0
0
0.0141937619648734
0.0141937619648734
0
0.0141937619648734
0
0
0
0
0
0
0
0
0
0
0
0
0
0
0
0
0
0
0
169.567620365753
0
-1000
0
169.573145876147
0
0
0
0
1.00011738141144
1.00011738141144
0
0
0
0
0
0
0
0
0
0
0
0
0
0
0
0
0
0
0
0
0
0
0
0
0
0
0
-0.00473125398832508
0
0
0
-1000
0
0
1000
0
0
500
0
0
2.87326540515979
0
0
2.87326540515979
0
0
0
0
0
0
0
0
0
0
2.87326540515979
0
2.87326540515979
0
0
0
17.1403675209265
48.8591970970183
31.2308475826135
22.874155944297
33.9147485467443
11.1625881008169
26.1070366510909
47.7612376116921
43.979377162235
13.9074868141326
26.961005139678
55.5689495073454
43.8573816638654
13.5415003190238
22.4471717000034
31.1088520842439
40.3195122111475
32.6337958138637
5.97777942010961
40.6854987062562
0
0
0
0
0
0
0
0
0
0
0
0
0
0
0
0
0
0
0
0
0
0
0
0
0
0
0
0
0
0
0
0
0
0
0
0
0
0
0
0
0
0
0
0
0
0
0
0
0
0
0
0
0
0
0
0
0
0
0
0
0
0
0
0
0
0
0
0
0
0
0
0
0
0
0
0
0
0
0
0
0
0
0
0
0
0
0
0
0
0
0
0
-1000
0
0
0
0
1000
1000
-1000
-1000
0
0
0
0
134.562237231692
25.0873604898893
0
-38.9319119849848
-547.573265835052
-159.848516095785
-1000
0
-412.892541546958
0
-413.047255838005
1000
1000
159.660648742371
1000
0
-134.562237231692
974.912639510111
0
-1000
-1000
-1000
0
587.145308484948
0
0
0
412.892541546958
0
0
0
0
0
0
0
0
0
0
0
1000
294.190923999766
1000
1000
0
500
0
2.52364941305162
5
0
0
0
0
0
0
261.390245591104
0
1000
0
0.249495287860668
-0.0127206368945281
8.29571832136753
-0.249495287860668
-0.249495287860668
0.249495287860668
-0.0127206368945281
138.469884762675
306.510163907812
0.249495287860668
-0.0127206368945281
0.0127206368945281
-0.0127206368945281
93.4359853038231
-0.249495287860668
-0.79503980591096
0
-1000
-5.17556192528491
0.0127206368945281
-0.0127206368945281
-0.0127206368945281
0.0127206368945281
-0.0127206368945281
0.0127206368945281
-0.0127206368945281
-0.0127206368945281
-0.0127206368945281
-0.0127206368945281
-0.0127206368945281
-0.0127206368945281
-0.0127206368945281
-0.0127206368945281
-0.0127206368945281
-0.0127206368945281
-0.0127206368945281
-0.267133374786113
-0.0806816514208322
-0.365718310718989
-0.368898469942678
-0.187629394195028
0.0127206368945281
0.0127206368945281
-55.9615326711696
0.0127206368945281
0.0127206368945281
0.0127206368945281
0.0127206368945281
-6.09000491327777
-0.0922246174856127
-0.683734233083442
-3.44411243920615
-0.0397909751427505
0.0127206368945281
0.0127206368945281
0.120846050498471
0.0127206368945281
0.0127206368945281
-0.0127206368945281
0
0
0
0
0
0
0
0
0
0
0
0
0
0
0
0
0
0
0
0
0
0
0
0
0
0
0
0
0
0
0
0
0
0
0
0
0.00117767082974751
0
0
0
0
0
0
0
0
0
0
0
0
0
0
0
0
0
0
0
0
0
0
0
0
0
0
0
0
0
0
0
0
0
0
0
0
0
0
0
1000
0
0
0
0
0
0
0
0
0
0
0
0
0
0
0
0
0
0
0
0
0
0
0
0
0
0
0
0
0
0
0
0
0
0
0
0
0
0
0
0
0
0
0
0
0
0
0
0
0
0
0
0
0
0
0
0
0
0
0
0
0
0
0
0
0
0
0
0
0
0
0
0
98.2114067869065
0
0
0
0
0
0
0
0
0
0
0
0
0
0
0
0
0
0
0
0
0
0
0
0
0
0
0
0
0.262215924755251
113.41473075279
0.262215924755251
14.35632188035
0.262215924755251
0
0
0
0
0.0127206368945751
0
0
0
0
0
0
0
0
0
0
0
0
0
0
0
0
0
0
0
0
0
0
0
0
0
0
0
0
0
0
0
0
0
0
0
0
0
0
0
0
0
0
0
0
0
0
0
0
0
0
0
0
0
0
0
0
0
0
0
0
0
0
0
0
0
0
0
0
0
0
0
0
0
0
0
0
0
0
0
0
0
0
0
0
0
0
0
0
0
0
0
0
0
0
0
0
0
0
0
0
0
0
0
0
0
0
0
0
0
0
0
0
0
0
0
0
0
0
0
0
0
0
0
0
0
0
0
0
0
0
0
0
0
0
0
0
0
0
0
0
0
0
0
0
0
0
0
0
0
0
0
0
0
0
0
0
0
0
0
0
0
0
0
0
0
0
0
0
0
0
0
0
0
0
0
0
0
0
0
0
0
0
0
0
0
0
0
0
0
0
0
0
0
0
0
0
0
0
0
0
0
1000
0
0
0
0
0
0
0
0
0
0
0
0
0
0
0
0
0
0
0
0
0
0
0
1000
0
0
0
0
0
0
0
0
0
0
0
0
0
0
0
0
0
0
0
0
0
0
0
0
0
0
0
0
0
0
0
0
0
0
0
0
0
0
0
0
0
0
0
0
0
0
0
0
0
0
0
0
0
0
0
0
0
0
0
0
0
0
0
0
0
0
0
0
0
0
0
1000
1000
0
0
0
0
0
0
0
0
0
0
0
0
0
0
0
0
0
-1000
0
-1000
0
0
0
0
0
0
0
1000
1000
0
0
0
0
0
0
0
0
0
0
0
0
0
0
0
0
0
0
0
0
0
0
0
0
0
0
0
0
0
0
0
0
0
0
0
0
0
0
0
0
0
0
0
0
0
0
0
0
0
0
0
0
0
0
0
0
0
0
0
0
0
0
0
0
0
0
0
0
0
0
0
0
0
0
0
0
0
0
0
0
0
0
0
1000
60.9840331194857
0
0
0.262215924755196
0
-877.342157899587
0
113.152514828035
0
0
783.914928364771
0
292.85029689744
0
0
0
0.00117767082974751
4.9133460005296
0
-995.08665399947
999.987279363105
0
0
0
0
0
0
0
0
0
0
0
0
0
-1000
0.00117767082974751
0
0
0
0.00473125398832508
0
0
0
0
0
0
0
-0.00473125398832508
0
0
0
0
0
261.390245591104
-1000
1000
-206.317528438096
-206.317528438096
0
-675.475013048428
1000
-0.0283875239297231
0
0
0.262215924755196
-0.262215924755196
0
0
122.657842100413
-122.657842100413
1000
0
-113.152514828035
-113.152514828035
0
0
-1000
0
-216.085071635229
-783.914928364771
-1000
0
-707.14970310256
-292.85029689744
-1000
0
0
0
0
0
-1000
0
-4.9133460005296
0
0
0
-995.08665399947
995.08665399947
-1000
0
0
0
-1000
0
0
0
-1000
0
0
0
0
0
0
0
0
0
0
0
0
0
0
0
0
0
0
0
-1000
1000
-1000
0
-1000
0
-1000
0
-1000
0
0
0
0
0
0
0
0
0
-1000
0
1000
0
-31.6463025302029
0
-1000
0
-1000
0
-1000
0
0
0
0
0
0
0
0
0
-614.490979928942
-385.509020071058
55.0727171530084
-55.0727171530083
0
0
0
0
0
0
0
0
0
0
0
0
0
0
0
0
0
0
0
0
0
0
0
0
0
0
0
0
0
0
0
0
0.00117767082974751
-0.00117767082974751
0
0
0
0
0
0
0
0
0
0
0
0
0
0
0
0
0
0
0
0
0
0
0
0
0
0
0
0
0
0
0
0
0
0
0
0
0.00117767082974751
-0.00117767082974751
0
0
0
0
0
0
-0.00473125398832508
-0.00473125398832508
0
0
0
0
0
0
0
0
0
0
0
0
0
0
0
0
0.00473125398832508
0.00473125398832508
0
0
0
0
0
0
0
0
0
0
0
0
0
0
0
0
0
0
0
0
0
0
0
0
0
0
0
0
0
0
0
0
0
0
0
0
0
0
0
0
0
0
0
0
0
0
0
0
0
0
0
0
0
0
14.4621543469164
0
0
0
0
0
0
0
0
0
0
0
0
0
0
0
0
0
0
0
0
0
0
0
0
0
0
0
0
0
0
0
0
0
0
0
0
0
0
0
0
0
0
0
0
0
0
0
0
0
0
216.085071635229
216.085071635229
216.085071635229
0
93.427229534816
93.427229534816
0
0
0
0
0
0
0
0
0
0
0
0
0
0
0
0
0
0
0
0
0
0
0
0
0
0
0
0
0
0
0
0
0
0
0
0
0
0
0
0
0
0
0
0
0
0
0
0
0
0
0
0
0
0
0
0
0
0
0
0
0
0
0
0
0
0
0
0
0
0
0
0
0
0
0
0
0
0
0
0
0
0
0
0
0
0
0
113.152514828035
113.152514828035
113.152514828035
113.152514828035
-113.152514828035
0
0
0
0
0
0
0
0
0
0
0
0
0
0
0
0
0
0
0
0
0
0
0
0
0
0
0
0
0
0
0
0
0
0
0
0
0
0
0
0
0
0
0
0
0
0
0
0
0
0
0
0
0
0
0
0
0
0
0
0
0
0
0
0
0
0
0
0
0
0
0
0
0
0
0
0
0.00473125398829112
0.00473125398829112
0.00473125398829112
0.00473125398829112
0.00473125398829112
0
0
0
0
0
0
0
0
0
0
0
0
0
0
0
0
0
0
0
0
0
0
0
0
0
0
0
0
0
0
0
0
0
0
0
0
0
0
0
0
0
0
0
0
0
0
0
19.366572231179
19.366572231179
-19.3665722311789
6.44448448442031
-3.21987661521598
3.21987661521601
3.21987661521601
3.21987661521601
3.21987661521601
3.21987661521601
3.21987661521601
3.21987661521601
3.21987661521601
3.21987661521601
3.21987661521601
3.21987661521601
0
3.21987661521598
3.21987661521601
3.21987661521601
3.21987661521601
3.21987661521601
3.21987661521601
3.21987661521601
3.21044153479878
3.21044153479878
3.21044153479878
0.00943508041722983
0
0.00943508041722983
0
0
0
0
0
0
0
0
0
0
0
0
0
0
0
0
0
19.366572231179
19.366572231179
6.44448448442031
6.44448448442031
0
0
0
0
0
0
0
0
0
0
0
0
0
0
0
0
0
0
0
0
0
0
0
0
0
0
0
0
0
0
0
0
0
0
0
0
0
0
0
0
0
0
0
0
0
0
0
0
0
0
0
0
0
0
0
0
0
0
0
0
0
0
0
0
0
0
0
0
0
0
0
0
0
0
0
0
0
0
0
0
0
0
0
0
0
0
0
0
0
0
0
0
0
0
0
0
0
0
0
0
0
0
0
0
0
0
0
0
0
0
0
0
0
0
0
0
0
0
0
0
0
0
0
0
0
0
0
0
0
0
0
0
0
0
0
0
0
0
0
0
0
0
0
0
0
0
0
0
0
0
0
0
0
0
0
0
0
0
0
0
0
0
0
0
0
0
0
0
0
0
0
0
0
0
0
0
0
0
0
0
0
0
0
0
0
0
0
0
0
0
0
0
1.54960681955248
623.766552320502
623.766552320502
0
0
0
0
-623.766552320502
179.638680357723
0
0
720.059582870593
97.8426373696444
0
1000
0
0
0
0
0
1000
0
0
0
0
0
0
0
0
0
0
0
0
0
0
0
0
0
0
0
0
0
0
0
0
0
0
0
0
0
0
0
0
0
0
0
444.127871962779
0
0
0
0
0
0
0
0
0
0
0
0
0
0
0
0
0
0
0
0
0
0
0
0
0
0
0
0
0
0
0
0
0
0
0
0
0
0
0
0
0
0
0
0
0
0
0
0
0
0
0
0
0
0
0
0
0
0
0
0
0
0
0
0
0
0
0
0
0
0
0
0
0
0
0
0
0
0
0
0
0
0
0
-1000
0
0
0
0
2.0400207232934
0
0
0
1.27912080047888
1.27912080047888
1.27912080047888
0
0
0
12.7128428964591
0
0
1.74931145045729
0
0
12.7128428964591
0.00473125398829112
0
0
0
0
-1.7493114504573
1.74931145045729
0
0.00473125398829112
0
0
0
0
14.2624497160116
0
0
0
0.319041941647152
0
0.29070927283611
0
14.2624497160116
14.2624497160116
0
0
0
0
0
0.00473125398829112
0.00473125398829112
0
0
0
0
0
0
0
-14.4621543469163
0
0
0
0
0
0
0
0
0
0
0
0
0
0
0
0
0
0
0
0
0
0
0
0
0
0
0
0
0
0
0
0
0
0
0
0
0
0
0
0
0
0
0
0
0
0
0
0
0
0
0
0
0
0
0
0
0
0
0
0
0
0
0
0
0
0
0
0
0
0
0
0
0
0
0
0
0
0
0
0
0
0
0
0
0
0
0
0
0
0
0
0
0
0
0
0
0
0
0
0
0
0
0
0
0
0
0
0
0
0
0
0
0
0
0
1000
0
0
1000
1000
0
0
0
0
0
0
0
0
0
0
0
0
0
0
0
0
0
0
0
0
0
0
0
0
0
0
0
0
0
0
0
0
0
0
0
0
0
0
0
0
0
0
0
0
0
0
0
0
0
0
0
0
0
0
0
0
0
0
0
0
0
0
0
0
0
0
0
0
0
0
0
0
0
0
0
0
0
0
0
0
0
0
0
0
0
0
0
0
0
0
0
0
0
0
0
0
0
0
0
0
0
0
0
0
0
0
0
0
0
0
0
0
0
0
0
0
0
0
0
0
0
0
0
0
0
0
0
0
0
0
0
0
0
0
0
0
0
0
0
0
0
0
0
0
0
0
0
0
0
0
0
0
0
0
0
0
0
0
0
0
0
0
0
0
0
0
0
0
0
0
0
0
0
0
0
0
0
0
0
0
0
0
0
0
0
0
0
0
0
0
0
0
0
0
0
0
0
0
0
0
0
0
0
0
0
0
0
0
0
0
0
0
0
0
0
0
0
0
0
0
0
0
0
0
0
0
0
0
0
0
0
0
0
0
0
0
0
0
0
0
0
0
0
0
0
0
0
0
0
0
0
0
0
0
0
0
0
0
0
0
0
0
0
0
0
0
0
0
0
0
0
0
0
0
0
0
0
0
0
0
0
0
0
0
0
0
0
0
0
0
0
0
0
0
0
0
0
0
0
0
0
0
0
0
0
0
0
0
0
0
0
0
1000
0
0
0
0
106.309181877975
0
0
0
0
0
0
0
0
0
0
0
0
0
0
0
0
0
0
0
0
0
0
0
0
0
0
0
0
0
0
0
0
0
0
0
0
0
0
0
0
0
0
0
0
0
0
0
0
0
0
0
0
0
0
0
0
0
0
0
0
0
0
0
0
0
0
0
0
0
0
0
0
0
0
0.215494905387005
0.215494905387005
0
0
0
0
0.215494905387004
0.215494905387005
0
0
0
0
0
0
0.033153062367262
0
1000
0
0
0
0
0
0
0
0
0
0
0
1.30402045311079
0
0
0
0
0
0
1.30402045311079
0
1.30402045311079
1.30402045311075
0
0
0
0
0
0
0
0
0
0
0
0
0
0
0
0
0
0
0
0
0
0
0
0
0
0
0
0
0
0
0
0
0
0
0
0
0
0
0
0
0
0
0
0
0
0
0
0
0
0
0
0
0
0
0
0
0
0
0
0
0
0
0
0
0
0
0
0
0
0
0
0
0
0
0
0
0
0
0
0
0
0
0
0
0
0
0
1000
-1000
48.5999208187975
0
0
0
-1000
180.175561373238
1000
47.6939885333874
0
0
0
47.6845260254108
-1000
0
0
0
0
0
0
0
0
0
0
0
0
0
0
0
0
0
0
0
0
0
0
0
0
0
0
0
0
0
0
0
0
0
0
0
0
0
0
0
0
-180.175561373238
0
0
1000
0
0
0
0
0
0
0
0
0
0
0
0
0
0
-999.995268746012
999.995268746012
1000
999.995268746012
1000
-1000
-1000
0
0
0
0
0
0
0
0.00473125398832508
0
0
0
0
0
0
0
0.0189250159531645
0.00473125398829112
0.00473125398829112
0.00473125398829112
0.00473125398829112
0.00473125398829112
0
0
0
0
0
0
0
0
0.0188838746141359
0
0.00473125398829112
0.0283326688110419
1000
0.00235877010430746
0.00235877010430746
0.00473125398832508
0
0.0165251045098284
0.00235877010430746
0.0354226929036362
-0.00235877010425156
0.00235877010430746
0.00235877010430746
0.00235877010430746
0.00235877010430746
0.00235877010430746
-0.00235877010425156
-0.00471754020861681
0.00235877010430746
0.00235877010430746
0.00235877010425156
0.00235877010430746
-0.00709002409257664
-0.00709002409257664
0.00473125398832508
0.00473125398832508
0.00235877010430746
0.00235877010430746
0.00473125398829112
0.00473125398829112
-0.00473125398832508
-0.00473125398832508
0.00473125398832508
0.00473125398832508
0.00235877010430746
0.00235877010430746
0.00235877010430746
0.00235877010430746
0.0590652490653838
-0.00709002409257664
-999.966936077201
0
0
0
0
0
0
-1000
0
0
0
0.00473125398829112
0
0
0
0
0.00236562699414556
0.00473125398832508
0.00473125398832508
0
0
0.00473125398829112
0.00473125398829112
0
0
0
0
0
0
0.00943508041722983
0.00235877010430746
0.00707631031292237
0.00235877010430746
-0.00235877010425156
0.00235877010430746
0.00235877010430746
0.00235877010430746
0.00235877010430746
0.00235877010430746
0.00235877010430746
0.00471754020861491
0.00235877010430746
0.00235877010430746
0.00235877010430746
0.00235877010430746
0.00235877010430746
0
0.00235877010430746
0.00473125398829112
0.00473125398829112
0.00473125398829112
0.00473125398829112
0.00473125398829112
0.00473125398829112
0.00473125398829112
0.00473125398829112
0.00473125398829112
0.00473125398829112
0.00473125398829112
0.00473125398829112
0.00473125398829112
0.00473125398829112
0
0
0
0
0
0
0
0
0
0
0
0
-0.00473125398832508
0
0
0
0
0
0
0
0
0
0
0
0
0
0
0
0
0
0
0
0
0
0
0
0
0
0
0
0
0
0
0
0
0
0
0
0
0
0
0
0
0
0
0
0
0
0
0
0
0
0
0
0
0
0
0
0
0
0
0
0
0
0
0
0
1000
1000
192.754510035529
0
0
0
0
0
0.00473125398829112
0
0
0
0
0
0
0
0
0
0
0
0
0
0
0
0
0
0
0
0
0
-1000
0
0
0
-261.390245591104
0
-1000
0
0
0
0.262215924755251
0
0
0
0
0
0
0
0
0
0.262215924755251
0
0
0
0
0
0
0
0.262215924755251
0
0.262215924755251
0
0.262215924755251
0
0
0
0
0
16.3884952972032
0
96.3675549361862
0
98.4736227116617
0
5.42505721314555
0
0.262215924755251
0
0.262215924755251
0
0.262215924755251
0
0.262215924755251
0
0.262215924755251
0
0.262215924755251
0
0.262215924755251
0
0.262215924755251
0
0.262215924755251
0
0.262215924755251
0
0.262215924755251
0
0.262215924755251
0
0.262215924755251
0
0.262215924755251
0
0.262215924755251
0
0.262215924755251
0
0.262215924755251
0
5.50653441986028
0
1.64002720055001
0
7.53870783671347
0
7.60426181790229
0
3.86768489013996
0
0.262215924755251
0
0.262215924755251
0
73.3014551774866
0
0.262215924755251
0
0.262215924755251
0
0.262215924755251
0
0.262215924755251
0
125.535873976577
0
1.90106545447557
0
14.0941059555948
0
70.9949616274843
0
0.913024482655088
0
0.262215924755251
0
0.262215924755251
0
2.49105128517489
0
0.262215924755251
0
0.262215924755251
0
0.262215924755251
0
0
-1000
0
0
622.216945500949
0
0
0
0
0
0
47.6797947714226
-1000
-1000
1000
1.30402045311079
-1000
0
984.616201947425
0
-1.7493114504573
-636.368775671825
-1000
-1000
0
0
1000
0
0
0
0
0
629.140768099384
1000
-14.2624497160116
0
0
0
1000
651.968068629787
-0.00473125398832508
0
0
-4.14089862952994
0
1000
0
0
0
116.300586514655
1000
-1000
-1000
332.48973970001
-1000
0
1000
0
986.254055796378
-1000
0
0
1000
1000
-1000
1000
0
-1000
0
0
-1000
1000
1000
1000
0
0
0
0
0
-980.731842960671
0
0
0
0
0
0
0
0
0
578.3921214607
0
0
0
1000
0
0
0
0
1000
0
0
0
1000
0
0
0
0
0
0
57.0256856748406
0
0
863.054486446117
-191.862765983684
-1000
1000
1000
-1000
-1000
-1000
-1000
-1000
-1000
-388.785306518202
1000
-937.61891900297
1000
-1000
86.0695051628586
-1000
-1000
1000
1000
-1000
-1000
-1000
-1000
1000
1000
1000
1000
1000
-1000
1000
34.7776938469444
-982.55652366378
-1000
-1000
-1000
-1000
-1000
-1000
-1000
1000
-1000
-1000
-1000
-1000
-990.553891418281
-1000
-1000
-1000
-1000
-1000
-1000
1000
-1000
-1000
-1000
-1000
-1000
-1000
-1000
-1000
-1000
-1000
-1000
-1000
-1000
-1000
311.393960192325
-1000
-1000
-1000
-1000
1000
1000
-1000
-1000
-1000
-1000
-1000
-1000
-1000
1000
-1000
-1000
1000
-1000
1000
-1000
1000
1000
1000
-1000
-1000
1000
1000
1000
1000
-1000
-1000
-1000
-1000
-937.61891900297
-1000
1000
429.957050139177
-1000
-1000
972.475392800079
1000
1000
1000
1000
1000
1000
1000
1000
1000
-1000
-1000
-1000
-14.0400990636015
58.0577205289082
910.62854923256
1000
-941.942279471092
-1000
-1000
0
0
0
0
0
0
0
0
0
0
0
0
0
0
0
0
0
0
0
0
0
0
0
0
0
0
0
0
0
0
0
0
0
0
0
0
0
0
0
0
0
0
0
0
0
0
0
0
0
0
0
0
0
0
0
0
0
0
0
0
0
0
0
0
0
0
0
0
0
0
0
0
0
0
0
0
0
0
0
0
0
0
0
0
0
0
0
0
0
0
0
0
0
0
0
0
0
0
0
0
0
0
0
0
0
0
0
0
0
0
0
0
0
0
0
0
0
0
0
0
0
0
0
0
0
0
0
0
0
0
0
0
0
0
0
0
0
0
0
0
0
0
0
0
0
0
0
0
0
0
0
0
0
0
0
0
0
0
0
0
0
0
0
0
0
0
0
0
0
0
0
0
0
0
0
0
0
0
0
0
0
0
0
0
0
0
0
0
0
0
0
0
0
0
0
0
0
0
0
0
0
34.7776938469444
0
0
0
0
0
0
0
0
0
0
0
0
0
0
0
0
0
0
0
0
0
0
0
0
0
0
0
0
0
0
0
0
0
0
0
0
0
0
0
0
0
0
0
0
0
0
0
0
0
0
0
0
0
0
0
0
0
0
0
0
0
0
0
0
0
0
0
0
0
0
0
0
0
0
0
0
0
0
0
0
0
0
0
0
0
0
0
0
0
0
0
0
0
0
0
0
0
0
0
0
0
0
0
0
0
0
0
0
0
0
0
0
0
0
0
0
0
0
0.00473125398829112
0
0
0
0
1000
1000
1000
1000
1000
1000
1000
0
-1000
-1000
1000
-1000
1000
1000
1000
1000
-1000
-1000
1000
-1000
1000
-1000
1000
-1000
-1000
-1000
-1000
611.135475175543
1000
1000
-1000
-1000
-1000
-1000
385.44287851168
614.55712148832
1000
-1000
-1000
-3.42164631277694
-1000
1000
-1000
-1000
-1000
1000
-1000
1000
-1000
-614.490979928942
-1000
-1000
-1000
-1000
-1000
0
0
0
0
0
0
0
0
0
0
0
0
0
0
0
-989.667524662841
-10.3324753371589
-0.621314216380256
0
0
0
0
1000
618.738028045105
0
0
0
0
0
0
0
0
0
0
-0.00473125398832508
0.00473125398829112
0
0
-0.00473125398832508
-0.00473125398832508
0
0
0
0
0
0
0
0
0
0
0
0
0
0
0
0
0
0
0
0
0
0
0
0
0
0
0.00473125398829112
0
0
-1000
-1000
1000
1000
-1000
0
0
0
0
0
-0.00473125398832508
0
0
0
0
0
0
0
0
0
0
0
0
0
0
0
0
0
0
0
0
0
0.00473125398829112
0
0
0
999.798230302439
999.966881222082
0
0
0
0
0
0
-1000
-0.00473125398832508
942.333177983072
0
0
0
0
0
0
0
0
0
0
0
0
0
0
0
0
0
0
0
0
0
0
0
0
0
0
0
0
0
0
0
0
0
0
0
0.00473125398829112
0
0
0
0
1000
0
1000
0
0
2.55824160095777
0
0
0
0
0.00707631031292237
1000
0
-910.590699200654
0
0
0
0
0
0
0
0
0
-0.0378500319063733
0.00473125398829112
0
0
1000
-1000
-1000
1000
0
1000
0
0
-1000
587.107458453042
0
-412.892541546958
412.892541546958
997.441758399042
1000
0
0
0
0
-561.832230609738
1000
0
0
0
0
0
0
0
332.475545938045
1000
0
0
0
0
1000
0.0378500319063733
0
0
0
0
-1000
0.00473125398829112
-1000
1000
0
0
0
0
0
0
0
0
0
0
562.020097963153
-825.892519129529
1000
0
0
0
89.37145076744
0
0
0
0
0
0
0
0
1000
0
0
0
665.073144515208
0
0
0
0
0
0
0
0
0
0
1.27912080047888
0
0.00473125398829112
-0.00473125398832508
0.00473125398829112
0.00473125398829112
0
0
1000
-1000
0.00473125398832508
898.525664250483
0
0
1.27912080047884
0
0
-0.0141937619648616
-1000
-1000
-1000
1000
-334.922124230804
277.016282459446
0
0
334.922124230804
-1000
-334.922124230804
-1000
0
0
0
0
0
0
0
0
0
0
0
0
0
0
0
0
0
57.9058417713579
0
0
0
0
0
0
0
0
0
0
0
0
0
0.00235877010430746
0
0
0
0
0
0
0
0
0.00473125398829112
-1000
412.892541546958
0
0
0
0
0
0
0
0
0
0
-385.509020071058
0
0
0
0
0
0
0
0
0
0
0
0
0
1000
0
0
0
385.509020071058
0
0
0
0
0
0
0
0
0
0
0
0
0
0
0
0
0
0
0
0
0
0
0
0
0
0
3.05131597795582
0
0
0
0
0
0
0
0
0
0
0
0
0
0
0
0
0
0
0
0
0
0
0
0
0
0
0
0
0
0
0
0
0
0
0
0
0
0
0
0
0
0
0
0
0
0
0
0
0
0
0
0
0
0
0
0
0
0
0
0
0
0
0
0
0
0
0
0
0
0
0
0
0
0
0
0
0
0
0
0
0
0
0
0
0
0
0
0
0
0
0
0
0
0
0
0
0
0
0
0
0
0
0
0
0
0
0
0
0
0
0
0
0
-1000
0
0.00235877010425156
0
0.0259601849270439
0
0
0
0
1000
0.0212426447184271
0
0
0
0
0
0
0
0
0
0
0
0
0
0
0
0
0
0
0.00473125398829112
0.00473125398829112
0.00473125398829112
-1000
-1000
0
-675.475013048428
-1000
0
0
0
0
0
0
-1000
-89.37145076744
0
0
0
0
0
0
0
0
0
1000
-1000
0
1000
0
-1000
-1000
-1000
-995.08665399947
-1000
-1000
0
0
0
0
0
0
0
0
0
0
-1000
0
1000
0.51822087766437
0.00473125398829112
0.00473125398829112
0.00473125398829112
0.00473125398829112
0.00473125398829112
0
0
0
0
1000
0
0
0
0
0
0
0
0
0
0
0
0
0
0
0
-31.6463025302029
0
0
0
0
0
0
1000
-999.987279363105
0
1000
0
0
-901.775872576199
0
0
0
0
0
0
0
0
0
0
0
0
0
0
0
0
0
0
0
0
0
0
0
55.0727171530083
0
0
0
0
0
0
55.0727171530083
0
0
0
0
0
55.0727171530083
0
0
0
0
0
0
0
0
0
0.00473125398829112
47.6845260254108
0
0
0
0
18.4579491450103
0
0
0
0
-1000
0
0
0
0
0
0
0
0
1000
-1000
-1000
-1000
-1000
1000
0
0.0283326688110419
0
0
0
0
0
57.2632826218057
-1000
-1000
0
0
0
0
0
999.97161247607
4.81566230219817
0
0
0
0
0.760899922814514
0.760899922814514
0
-999.997641229896
0
0
0
0
0
0
0.48030227685966
0
-1000
0
0
0
0
0
0
0
1000
0.00473125398829112
0
0
0
0
0
0
0
0
1000
1000
0
0
1000
0
0
0
1000
0
0
0
-783.914928364771
0
-1000
0
0
0
-1000
0
0
0
0
0
-113.152514828035
0
1000
-666.666666666667
206.317528438095
0
0
-880.758187752446
880.758187752446
0
0
-1000
1000
0
0
0
960.465807382011
-1000
0
0
-1000
0
0
0
0
0.0011776708296942
0
0
0
0
0
0
0
0
0
665.077875769196
332.475545938045
1000
0
0
0
0
0
0
0
0
0
0
1000
562.020097963153
-1000
-1000
562.020097963153
-1000
-1000
1000
0
0
0
0
0
0
0
-1000
-106.309181877975
0
1000
0.00235877010430746
0.00235877010430746
0
-1000
56.1325515675883
0
0
292.85029689744
0
0
0
0
0
0
0
0
0
0
0
0
0
0
0
0
0
0
0
0
0
0
0
0
0
0.00473125398832508
0
0
0
0
0
0
0
0
0
0
0
0
0
0
0
0
0
0
0
0
0
0
0
0
0
0
0
0
0
0
0
0
0
0
0
0
0
0
0
0
0
0
0
0
0
0
-1000
0
-1000
0
0
0
0
0
-1000
0
0
0
0
-1000
0
0
0
0
0
0
-1000
0
0
0
0
0
0
0
0
0
0
0
0
0
1000
0
0
0
0
0
0
0
0
0
0
0
0
0
0
0
0
0
0
0
0
206.317528438096
0
0
0
0
0
0
0
0
0
0
0
0
0
0
0
0
0
0
0
0
0
206.317528438096
0
0
0
0
0
0
0
0
0
0
0
0
0
0
93.427229534816
0
0
0
0
0
0
0
0
0
0
0
0
0
0
0
0
0
0
0
0
0
0
0
0
0
0
0
0
0
0
0
0
0
0
0
0
0
0
0
0
0
0
0
0
0
0
0
0
0
0
0
0
0
0
0
0
0
0
0
0
0
0
0
0
0
0
0
0
0
0
0
0
0
0
0
0
0
0
0
0
0
0
0
0
0
0
0
0
0
0
0
0
0
0
0
0
0
0
0
0
0
0
0
0
0
0
0
0
0
0
0
0
0
0
0
0
0
0
0
0
0
0
0
0
0
-1000
0
0
0
0
0
0
0
0
0
0
0
0
0
0
0
0
0
0
332.480277192033
0
0
0
404.773904452585
0
0
0
0
-95.2297792210109
0
1000
-305.145430762883
-694.63907433173
0
-942.333177983072
0
-1000
-1000
0
0
0
0
1000
0.0283875239297467
0
0
0
0
0
0
0
0
0
0
0
0
0
0
0
0
0
0
0
0
0
0
0
0
0
0
0
0
0
0
0
0
0
0
0
0
0
0
0
0
0
0
0
0
0
0
0
0
0
0
0
0
0
0
0
0
0
0
0
0
0
0
0
0
-977.059537930969
0
0
0
0
0
0
0
0
0
0
0
0
0
0
0
0
0
0
0
0
0
0
0
0
0
0
0
0
0
0
0
0
0
0
0
0
0
0
0
0
0
0
0
0
0
0
0
0
0
0
0
0
0
0
0
0
0
0
0
0
0
0
0
0
0
0
0
0
0
0
0
0
0
0
0
0
0
0
0
0
0
0
0
0
0
0
0
0
0
0
0
0
0
0
0
0
0
0
0
0
0
0
0
0
0
0
0
0
0
0
0
0
0
0
0
0
0
0
0
0
0
0
0
0
0
0
0
0
0
0
0
0
0
0
0
0
0
0
0
0
0
0
0
0
0
0
0
0
0
0
0
0
0
0
0
0
0
0
0
0
0
0
0
0
0
0
0
0
0
0
0
0
0
0
0
0
0
0
0
0
0
0
0
0
0
0
0
0
0
0
0
0
0
0
0
0
0
0
0
0
0
0
0
0
0
0
0
0
0
0
-977.059537930969
0
0
0
0
0
0
0
1000
0
0
0
0
0
0
0
0
0
0
292.85029689744
0
0
0
0
0
0
0
0
0
0
0
-1000
0
0
1.30402045311079
0
0.00473125398832508
0.341061700547243
0
0
0
0
0
0
0
0
0
0
0
0
0
0
0
0
0
0
0
0
0
0
0
0
0
0
0
0
0
0
0
0
0
0
0
0
0
0
0
0
0
0
0
0
0
0
0
0
0
0
0
0
0
0
0
0
0
0
0
0
0
0
0
0
0
0
0
0
0
0
0
0
0
0
0
0
0
0
0
0
0
0
0
0
0
0
0
0
0
0
0
0
0
0
0
0
0
0
0
0
0
0
0
0
0
0
0
0
0
0
0
0
0
0
0
0
0
0
0
0
0
0
0
0
0
0
0
0
0
0
0
0
0
0
0
0
0
0
0
0
0
0
0
0
0
0
0
0
0
0
0
0
0
0
0
0
1000
0
0
0
1000
0
0
0
0
0
0
0
1000
0.00473125398832508
0
0
0
1000
0
0
0
0
0
0
0
0
0
0
0
0
0
0
0
1000
0
-1000
0
0
0
0
0
0
0
0
0
0
0
0
0
0
0
0
0
0
0
0
0
0
0
0
0
0
0
0
0
0
0
0
0
0
0
0
0
0
0
0
0
0
0
0
0
0
0
0
0
0
0
0
0
0
0
0
0
0
0
0
0
0
0
0
0
0
0
0
0
0
0
0
0
0
0
0
0
0
0
0
0
0
0
0
0
0
0
0
0
0
0
0
0
0
0
0
0
0
0
0
0
0
0
0
0
0
0
0
0
0
0
0
0
0
0
0
0
0
0
0
0
0
0
0
0
0
0
0
0
0
0
0
0
0
0
0
0
0
0
0
0
0
0
0
0
0
0
0
0
0
0
0
0
0
0
0
0
0
0
0
0
0
0
0
0
0
0
0
0
0
0
0
0
0
0
910.621472922247
500
114.281497301718
0
0
-1.27912080047884
0
0
609.977491847919
25.27906720314
55.2551039453806
0.137137796762061
114.281497301718
0
0
0
0
0
0
0
0
0
0
0
0
0
0
0
0
0
0
0
0
0
0
0
0
0
598.870612754034
-1000
0
-1000
0
89.3288694815456
0
0
0
0
55.0727171530084
0
-1000
0
0
-0.016511390730102
-623.738219651691
-31.8015922364377
330.43630291805
-137.681792882521
-55.0727171530083
0
0
0.00473125398829112
0
0
0
0
0
0
0
0
0
0
0
0
0
0
0
0
261.390245591104
0
1000
0
0
1000
-125.535873976577
-5.50653441986026
0
-14.0400990636015
-27.5246071999209
-1000
955.982378534693
-13.7459442036218
-1000
-34.7776938469444
-6.03303452405498
-41.1717436209756
607.852560972477
-1000
0
0
0
0
-1000
-50.8760083910247
-1000
-139.64159580052
-17.4434763362199
-990.553891418281
-31.3137302385317
2.40405401639555
879.089535878398
285.746358210317
0
-1000
-1000
0
0
540.9528331099
-0.00473125398832508
0
999.762403053035
-1000
0
0
0
-14.2624497160116
-0.00473125398832508
0
1000
-910.62854923256
0
0
0
0
0
0
1000
0
0
0
-666.666666666667
999.995268746012
-1000
0
0
0
0
0
0
0
0
0
0
0
0
0
0
0
1000
0
385.509020071058
0
0
-1000
-1000
0
-0.00473125398832508
-0.00473125398832508
-1.30402045311075
952.315473974589
0
0
-0.00473125398832508
0
-0.00473125398832508
0
0
0
-0.00473125398832508
0
0
0
-1000
-0.00473125398832508
0
0
0
0
0
-0.00473125398832508
0
0
0
0
0
1000
0
0
0
0
0
47.6797947714226
0
0
0
0
0
0
-1000
0
0
0
0
-388.864524824457
0
1000
0
0
-0.00473125398832508
0
0
0
0
0
0
0
0
0
0
0
0
0
0
999.966881222082
-4.14089862952994
-0.621314216380256
-10.3324753371589
-989.667524662841
0
0
0
0
1000
0
0
0
3.21987661521598
0
0
0
0
0
0
332.48973970001
0
0
0
0
651.968068629787
540.9528331099
984.616201947425
0
0
-1.7493114504573
0
0
-1000
1000
0
0
0
0
0
0
-1000
-1000
0
0
0
0
0
-0.0661415593781385
-1000
0
0
0
0
1000
-1000
0
0
0
0
0
0
-636.368775671825
-540.952833109901
-1000
629.140768099384
0
0
0
0
0
0
0
0
0
-1000
0
1000
0
-0.913024482655032
-0.262215924755196
-70.9949616274843
-980.731842960671
-3.86768489013991
-73.3014551774866
-2.49105128517488
-14.0941059555947
-7.53870783671346
-98.4736227116617
0
0
0
0
-0.262215924755196
-1000
-0.262215924755196
-0.262215924755196
-0.262215924755196
-1.90106545447554
0
-0.262215924755196
0
-96.3675549361861
0
-4.81566230219812
0
-0.480302276859675
-0.262215924755196
-1.64002720054998
0
-0.262215924755196
-0.262215924755196
-0.262215924755196
-0.262215924755196
-7.60426181790228
0
-16.3884952972032
0
0
0
666.666666666667
0
-1000
1000
-1000
1000
-1000
0
-0.00473125398832508
0
1000
-1000
0
0
0
-1000
0
1000
0
0
0
500
0
0
0
0
0
0
0
0
0
0
0
-883.699413485345
0
-1000
1000
1000
-1000
-56.1325515675883
56.1325515675883
0
-540.952833109901
1000
-1000
0
0
0
-0.262215924755196
-0.262215924755196
0
0
0
0
1000
-694.854569237117
694.63907433173
1000
0.0283875239297231
0
0
0
0
0
-1000
-1000
0
0
0
0
0
0
0
0
0
0
0
0
0
0
0
0
0
0
0
0
0
0
0
0
0
0
0
0
0
0
0
0
0
0
0
0
0
0
0
0
0
0
0
0
0
0
0
0
0
0
0
0
0
0
0
0
0
0
0
0
0
0
0
0
0
0
0
0
0
0
0
-0.262215924755196
0
0
0
0
0
0
0
0
0
0
0
0
0
0
0
0
0
0
0
0
0
0
0
0
0
0
0
0
0
0
0
0
0
0
0
0
977.059537930969
0
0
0
0
0
0
0
0
0
0
0
0
0
0
0
0
0
0
0
0
0
0
0
0
0
0
0
0
0
0
0
0
0
0
0
0
0
0
0
0
0
0
0
0
0
0
0
0
0
0
0
0
0
0
0
0
0
0
0
0
0
0
0
0
0
0
0
0
0
0
0
0
0
0
0
0
0
0
0
0
0
0
0
0
0
0
0
0
0
0
0
0
0
0
0
0
0
0
0
0
0
0
0
0
0
0
0
0
0
0
0
0
0
0
0
0
0
0
0
0
0
0
0
0
0
0
0
0
0
0
0
0
0
0
0
0
0
0
0
0
0
0
0
0
0
0
0
0
0
0
0
0
0
0
0
0
0
0
0
0
0
0
0
0
0
0
0
0
0
0
0
0
0
0
0
0
0
0
0
0
0
0
0
0
0
0
0
0
0
0
0
0
0
0
0
0
0
0
0
0
0
0
0
0
0
0
0
0
0
0
0
0
0
0
0
0
0
0
0
0
-1000
0
1000
0
883.699413485345
1000
-0.341061700547243
0
0
0
0
0
0
0
0
0
0
0
0
0
0
0
0
0
0
0
0
0
0
0
0
1000
1000
-1000
0
-1000
-0.00473125398832508
0
0
0
0
0
0
0
0
-377.783054499051
0
0
0
0
0
0
0
0
0
0
0
0
0
0
0
0
0
0
0
0
0
0
0
0
0
0
0
0
0
0
0
0
0
0
0
0
0
0
0
0
0
0
0
0
0
0
0
0
0
0
0
0
0
0
0
0
0
0
0
0
0
0
0
0
0
0
0
0
0
0
0
0
0
0
0
0
0
0
-0.262215924755196
-0.262215924755196
-0.262215924755196
-0.262215924755196
0
-0.262215924755196
-5.42505721314558
0
-0.262215924755196
-0.262215924755196
-0.262215924755196
-0.262215924755196
0
-0.262215924755196
-0.262215924755196
-0.262215924755196
-0.262215924755196
-0.262215924755196
-0.262215924755196
-0.262215924755196
0
-0.262215924755196
-0.262215924755196
-0.262215924755196
0
-1000
114.281497301718
0
1000
0
0
0
0
0
0
0
0
0
0
0
