0
0
0
0
0
0
0
60.9840331194857
-1000
0
1000
0
0
193.365976909549
0
0
999.662943865933
-999.662943865933
999.922642854477
0
0.0773571455235328
0
-1000
0.48624491471935
0
1000
-210.873794871564
0
-696.514939582634
0
0
0
0
0
0
0
0.0378706025758433
0
27.3527343604325
27.3527343604325
46.4211442039578
27.3527343604325
27.3527343604325
0
0
27.3527343604325
125.393882915865
0
125.393882915865
0
125.393882915865
0
125.393882915865
0
125.393882915865
0
125.393882915865
0
0
0
0
125.393882915865
0
0
0
0
0
0
0
970.042283186959
0
0
0
0
1000
1000
0
0
0
0
970.042283186959
0
-1000
0
0
0
0
0
0
0
0
0
0
0
0
0
0
0.00473125398829112
0.00473125398832508
0
0
0
0.00473125398832508
-0.00473125398832508
0
0
0
-0.00473125398832508
0
0
0
0
0
0
0
0
0
376.178942228671
0
0
0
0
0
0
0
0
0
0
0
0
0
0
0
0
0
1000
0
0
-1000
0
0
0
0
-1000
0
0
0
0
-19.3665722311789
0
0
0
0
-60.4315979481131
0
0
0.0118075643012135
1000
0
0
595.218728200222
1000
1000
404.770220778989
0
214.321713357756
0
-1000
404.770220778989
598.136197688538
588.82254056412
-395.456563654571
0
214.321713357756
1000
0
0
0.0118075643011935
0
0
1000
-1000
0
0
0
0
0
-337.679736760694
0
0
0
0
0
0
0
972.965512395188
-1000
0
332.475545938044
0
1000
0
0
0
0
0
0
374.926491301218
0
0
332.475545938044
-337.685262271088
0
40.0154180912036
0
1000
0
0
0
0
0
0
0
0
0
1000
0
0
-1000
665.998796072978
0
333.085809133635
0
0
0.91539479338676
0
0
0
-27.0344876048116
0
0
0
-1000
0
0
0
0
0
0
0
0
0
0
0
0
1000
0
-338.278948935496
1000
-1000
-1000
0
953.635234485248
378.840311452796
-1000
-21.461411503098
-1.27912080047884
1000
0.915394793386781
0
1000
0
-1000
-1000
1000
0
0
1000
0
0.237596946965136
0
-0.237596946965141
0
0.00235877010430746
0
0
0
0
0
0
0
0
0
0
635.064755218713
0
0
0
0
0
0
0
0
1000
0.621314216380264
0
0
1000
0
-0.237596946965141
0
-0.915394793386781
0
0
0.915394793386781
0
0
0
0
0
0
0.915394793386781
0
0
0
-1000
0.915394793386781
0
342.861211312493
-1.27912080047884
0
0
0
2.86177782905099
0
0
0
0
0
0
0
0
0
1000
0
0
0
3.05131597795587
12.8452402967131
0
0
0
0
0
0
0
0
0
1000
707.097659308689
-40.009892580809
-1000
-1000
1000
1000
-1000
-1000
-1000
1000
-635.067113988817
1000
1000
-1000
0
0
0
0
0
0
-1000
0
-1000
-1000
0
1000
-1000
0
0
1000
-1000
0
0
0
0
0
0
1.27912080047888
-1000
1000
1000
-1000
1000
-1000
-1000
0
-1000
0
1000
1000
1000
-0.610263195591187
0
-1000
0
1000
-1000
1000
-1000
-1000
-1000
635.677377184409
1000
0
0
0
1000
-1000
0
0
0
-972.965512395188
0
0
0
-1000
1000
0
0
0
-38.9319119849848
0
0
0
0
0
0
248.227278366898
0
312.979179440976
0
0
0
312.979179440976
0
0
0
0.00473125398829112
0
817.345714108184
-0.0425812858946983
0
-817.303132822289
0
0
0
0
0
0
0
0
0
0
0
0
0
0
0
0
0
0
0
0
0
0
0
0
1000
0
0
0
0
0
-1000
1000
0
0
0
0
0
0
0
817.303132822289
0
0
0
0
1000
-0.00473125398832508
0.138137759863412
0.138137759863412
0
334.355741537091
0
0
0
0
0
0
0
0
0
0
0
0
0.037850031906329
0
0
0
0
0
0
0
0
0
0
0
0
0
0
0
0
0
0
0
0
0
0
0
0
0
0
0
0
0
0
0
0
0
0
0
0
0
0.215494905386984
0
0
321.641040423486
-1000
0
511.22571244393
0
511.22571244393
0
0
0
1000
0
0
0
0
0
0
0
0
0
0
0
0
0
0
0
0
0
0
0
0
0
0
0
0
-164.922852570605
0
0
0.215494905386984
0
0
0
0
0
0
0
0
0
0.222540359695586
0
0
0
0
0
0
0
0
0
0
0
0
0
0
0
0
0
0
0
0
0
0
0
0
0
0
0
0
0
0
0
0
0
-1000
0
0
0
0
0
0
0
0
0
0
0
0
0.0141937619648734
0.0141937619648734
0
0.0141937619648734
0
0
0
0
0
0
0
0
0
0
0
0
0
0
0
0
0
0
0
0
0
1000
0
0.00552551039453806
0
0
0
0
1.00011738141139
1.00011738141139
0
0
0
0
0
0
0
0
0
0
0
0
0
0
0
0
0
0
0
0
0
0
0
0
0
0
0
-1000
0
0
0
0.00473125398832508
0
0
1000
0
0
0
0
0
2.87326540515979
0
0
2.87326540515979
0
0
0
0
0
0
0
0
0
0
2.87326540515979
0
2.87326540515979
0
0
0
17.1403675209265
48.8591970970183
31.2308475826135
22.874155944297
33.9147485467443
11.1625881008169
26.1070366510909
47.7612376116921
43.979377162235
13.9074868141326
26.961005139678
55.5689495073454
43.8573816638654
13.5415003190238
22.4471717000034
31.1088520842439
40.3195122111475
32.6337958138637
5.97777942010961
40.6854987062562
0
0
0
0
0
0
0
0
0
0
0
0
0
0
0
0
0
0
0
0
0
0
0
0
0
0
0
0
0
0
0
0
0
0
0
0
0
0
0
0
0
0
0
0
0
0
0
0
0
0
0
0
0
0
0
0
0
0
0
0
0
0
0
0
0
0
0
0
0
0
0
0
0
0
0
0
0
0
0
0
0
0
0
0
0
0
0
0
0
0
0
0
-1000
0
0
0
0
-669.081282919982
-669.081282919982
1000
1000
0
0
0
0
171.195405232178
0
0
-38.9319119849848
-547.573265835052
-171.394323606381
-1000
0
-412.892541546958
0
-413.047255838005
1000
1000
171.206456252967
1000
0
-171.195405232178
1000
0
-1000
-1000
-1000
0
587.145308484948
0
0
0
412.892541546958
0
0
0
0
0
0
0
0
0
0
0
-1000
294.190923999766
1000
1000
0
500
224.94063773675
67.5538481807025
5
0
0
0
0
0
0
279.710964348773
0
1000
0
0.249495287860668
-0.0127206368945281
8.29571832136753
-0.249495287860668
-0.249495287860668
0.249495287860668
-0.0127206368945281
138.469884762675
306.510163907812
0.249495287860668
-0.0127206368945281
0.0127206368945281
-0.0127206368945281
93.4359853038231
-0.249495287860668
-0.79503980591096
0
-1000
-5.43777785004011
-0.249495287860668
-0.0127206368945281
-0.0127206368945281
0.0127206368945281
-0.0127206368945281
0.0127206368945281
-0.0127206368945281
-0.0127206368945281
-0.0127206368945281
-0.0127206368945281
-0.0127206368945281
-0.0127206368945281
-0.0127206368945281
-0.0127206368945281
-0.0127206368945281
-0.0127206368945281
-0.0127206368945281
-0.267133374786113
1.55934554912926
-0.365718310718989
7.23536334795961
-0.187629394195028
0.0127206368945281
0.0127206368945281
-18.489244798658
0.0127206368945281
0.0127206368945281
0.0127206368945281
0.0127206368945281
-6.09000491327777
-65.129520266119
-0.683734233083442
-3.44411243920615
-0.0397909751427505
0.0127206368945281
2.50377192206952
-2.3702052346764
0.0127206368945281
0.0127206368945281
-0.0127206368945281
0
0
0
0
0
0
0
0
0
0
0
0
0
0
0
0
0
0
0
0
0
0
0
0
0
0
0
0
0
0
0
0
0
0
0
0
0.00117767082974751
0
0
0
0
0
0
0
0
0
0
0
0
0
0
0
0
0
0
0
0
0
0
0
0
0
0
0
0
0
0
0
0
0
0
0
0
0
0
0
1000
0
0
0
0
0
0
0
0
0
0
0
0
0
0
0
0
0
0
0
0
0
0
0
0
0
0
0
0
0
0
0
0
0
0
0
0
0
0
0
0
0
0
0
0
0
0
0
0
0
0
0
0
0
0
0
0
0
0
0
0
0
0
0
0
0
0
0
0
0
0
0
0
98.2114067869065
0
0
0
0
0
0
0
0
0
0
0
0
0
0
0
0
0
0
0
0
0
0
0
0
0
0
0
0
0.262215924755251
0.262215924755251
206.841960287606
0
0.262215924755251
0
0
0
0
0.0127206368945751
0.262215924755251
0
0
0
0
0
0
0
0
0
0
0
0
0
0
0
0
0
0
0
0
0
0
0
0
0
0
0
0
0
0
0
0
0
0
0
0
0
0
0
0
0
0
0
0
0
0
0
0
0
0
0
0
0
0
0
0
0
0
0
0
0
0
0
0
0
0
0
0
0
0
0
0
0
0
0
0
0
0
0
0
0
0
0
0
0
0
0
0
0
0
0
0
0
0
0
0
0
0
0
0
0
0
0
0
0
-2.49105128517488
0
0
0
0
0
0
0
0
0
0
0
0
0
0
0
0
0
0
0
0
0
0
0
0
0
0
0
0
0
0
0
0
0
0
0
0
0
0
0
0
0
0
0
0
0
0
0
0
0
0
0
0
0
0
0
0
0
0
0
0
0
0
0
0
0
0
0
0
0
0
0
0
0
0
0
0
0
0
0
0
0
0
0
0
0
0
0
0
0
0
0
0
0
0
1000
0
0
0
0
0
0
0
0
0
0
0
0
0
0
0
0
0
0
0
0
0
0
0
0
0
0
0
0
0
0
0
0
0
0
0
0
0
0
0
0
0
0
0
0
0
0
0
0
0
0
0
0
0
0
0
0
0
0
0
0
0
0
0
0
0
0
0
0
0
0
0
0
0
0
0
0
0
0
0
0
0
0
0
0
0
0
0
0
0
0
0
0
0
0
0
1000
1000
0
0
0
0
0
0
0
0
0
0
0
0
0
0
0
0
0
-1000
0
-1000
0
0
0
0
0
0
0
1000
1000
0
0
0
0
0
0
0
0
0
0
0
0
0
0
0
0
0
0
0
0
0
0
0
0
0
0
0
0
0
0
0
0
0
0
0
0
0
0
0
0
0
0
0
0
0
0
0
0
0
0
0
0
0
0
0
0
0
0
0
0
0
0
0
0
0
0
0
0
0
0
0
0
0
0
0
0
0
0
0
0
0
0
0
0
60.9840331194857
0
0
0.26221592475531
0
1000
0
0
206.579744362851
0
783.914928364771
0
292.85029689744
0
0
0
0.00117767082974751
5.17556192528491
0
-994.824438074715
999.987279363105
0
0
0
0
0
0
0
0
0
0
0
0
0
-1000
-1.63884952972035
0
-7.60426181790228
0
9.24902027244059
0
0
0
0
-65.0372956486333
0
0
-0.00473125398832508
0
0
0
0
0
279.710964348773
-1000
0
-271.354824086729
-271.354824086729
0
-1000
-999.97161247607
-0.0283875239297231
0
0
0.26221592475531
-0.26221592475531
0
0
216.085071635229
-216.085071635229
-1000
0
0
0
-206.579744362851
-206.579744362851
237.057290267258
0
-216.085071635229
-783.914928364771
-1000
0
-707.14970310256
-292.85029689744
-1000
0
0
0
0
0
1000
0
-5.17556192528491
0
0
0
-994.824438074715
994.824438074715
-1000
0
0
0
-1000
0
0
0
-1000
0
0
0
0
0
0
0
0
0
0
0
0
0
0
0
0
0
0
0
-1000
1000
-1000
1.64002720054998
-1000
0
-1000
7.60426181790228
-1000
0
-9.24428901845226
-9.24428901845226
0
0
0
0
0
0
-1000
0
-1000
65.0372956486333
1000
0
1000
0
1000
0
-1000
0
0
0
0
0
0
0
0
0
-939.015966880514
-60.9840331194857
8.35614026204439
-8.35614026204439
0
0
0
0
0
0
0
0
0
0
0
0
0
0
0
0
0
0
0
0
0
0
0
0
0
0
0
0
0
0
0
0
0.00117767082974751
-0.00117767082974751
0
0
0
0
0
0
0
0
0
0
0
0
0
0
0
0
0
0
0
0
0
0
0
0
0
0
0
0
0
0
0
0
0
0
0
0
0.00117767082974751
-0.00117767082974751
0
0
0
0
0
0
-0.00473125398832508
-0.00473125398832508
0
0
0
0
0
0
0
0
0
0
0
0
0
0
0
0
0.00473125398832508
0.00473125398832508
0
0
0
0
0
0
0
0
0
0
0
0
0
0
0
0
0
0
0
0
0
0
0
0
0
0
0
0
0
0
0
0
0
0
0
0
0
0
0
0
0
0
0
0
0
0
0
0
0
0
0
0
0
0
14.4621543469164
0
0
0
0
0
0
0
0
0
0
0
0
0
0
0
0
0
0
0
0
0
0
0
0
0
0
0
0
0
0
0
0
0
0
0
0
0
0
0
0
0
0
0
0
0
0
0
0
0
0
216.085071635229
216.085071635229
216.085071635229
0
0
0
0
206.317528438096
206.317528438096
0
0
0
0
0
0
0
0
0
0
0
0
0
0
0
0
0
0
0
0
0
0
0
0
0
0
0
0
0
0
0
0
0
0
0
0
0
0
0
0
0
0
0
0
0
0
0
0
0
0
0
0
0
0
0
0
0
0
0
0
0
0
0
0
0
0
0
0
0
0
0
0
0
0
0
0
0
0
0
0
0
0
0
0
0
0
0
0
0
0
0
0
0
0
0
0
0
0
0
0
0
0
0
0
0
0
206.579744362851
206.579744362851
206.579744362851
206.579744362851
-206.579744362851
0
0
0
0
0
0
0
0
0
0
0
0
0
0
0
0
0
0
0
0
0
0
0
0
0
0
0
0
0
0
0
0
0
0
0
0
0
0
0
0
0
0
0
0
0
0
0
0
0
0
0
0
0
0
0.00473125398829112
0.00473125398829112
0.00473125398829112
0.00473125398829112
0.00473125398829112
0
0
0
0
0
0
0
0
0
0
0
0
0
0
0
0
0
0
0
0
0
0
0
0
0
0
0
0
0
0
0
0
0
0
0
0
0
0
0
0
0
0
0
0
0
0
0
19.366572231179
19.366572231179
-19.3665722311789
6.44448448442031
-3.21987661521598
3.21987661521601
3.21987661521601
3.21987661521601
0
0
0
0
0
0
0
0
0
0
0
0
0
0
0
0
0
0
0
0
3.21987661521601
0
3.21044153479878
3.21987661521601
3.21987661521601
3.21987661521601
3.21987661521601
3.21987661521601
3.21987661521601
3.21987661521601
3.21987661521601
3.21987661521601
3.21987661521601
3.21987661521601
3.21987661521601
3.21987661521601
3.21987661521601
3.21987661521601
3.21987661521601
19.366572231179
19.366572231179
6.44448448442031
6.44448448442031
0
0
0
0
0
0
0
0
0
0
0
0
0
0
0
0
0
0
0
0
0
0
0
0
0
0
0
0
0
0
0
0
0
0
0
0
0
0
0
0
0
0
0
0
0
0
0
0
0
0
0
0
0
0
0
0
0
0
0
0
0
0
0
0
0
0
0
0
0
0
0
0
0
0
0
0
0
0
0
0
0
0
0
0
0
0
0
0
0
0
0
0
0
0
0
0
0
0
0
0
0
0
0
0
0
0
0
0
0
0
0
0
0
0
0
0
0
0
0
0
0
0
0
0
0
0
0
0
0
0
0
0
0
0
0
0
0
0
0
0
0
0
0
0
0
0
0
0
0
0
0
0
0
0
0
0
0
0
0
0
0
0
0
0
0
0
0
0
0
0
0
0
0
0
0
0
0
0
0
0
0
0
0
0
0
0
0
0
0
0
0
0
1.54960681955248
623.766552320501
623.766552320501
0
0
0
0
-623.766552320501
0
0
0
622.216945500949
0
0
0
0
0
0
0
0
1000
0
0
0
0
0
0
0
0
0
0
0
0
0
0
0
0
0
0
0
0
0
0
0
0
0
0
0
0
0
0
0
0
0
0
0
623.766552320501
0
0
0
0
0
0
0
0
0
0
0
0
0
0
0
0
0
0
0
0
0
0
0
0
0
0
0
0
0
0
0
0
0
0
0
0
0
0
0
0
0
0
0
0
0
0
0
0
0
0
0
0
0
0
0
0
0
0
0
0
0
0
0
0
0
0
0
0
0
0
0
0
0
0
0
0
0
0
0
0
0
0
0
1000
0
0
0
0
2.0400207232934
0
0
0
1.27912080047888
1.27912080047888
1.27912080047888
0
0
0
12.7128428964591
0
0
1.74931145045729
0
0
12.7128428964591
0.00473125398829112
0
0
0
0
-1.7493114504573
1.74931145045729
0
0.00473125398829112
0
0
0
0
14.2624497160116
0
0
0
0.319041941647152
0
0.29070927283611
0
14.2624497160116
14.2624497160116
0
0
0
0
0
0.00473125398829112
0.00473125398829112
0
0
0
0
0
0
0
-14.4621543469163
0
0
0
0
0
0
0
0
0
0
0
0
0
0
0
0
0
0
0
0
0
0
0
0
0
0
0
0
0
0
0
0
0
0
0
0
0
0
0
0
0
0
0
0
0
0
0
0
0
0
0
0
0
0
0
0
0
0
0
0
0
0
0
0
0
0
0
0
0
0
0
0
0
0
0
0
0
0
0
0
0
0
0
0
0
0
0
0
0
0
0
0
0
0
0
0
0
0
0
0
0
0
0
0
0
0
0
0
0
0
0
0
0
0
0
0
0
0
0
0
0
0
0
0
0
0
0
0
0
0
0
0
0
0
0
0
0
0
0
0
0
0
0
0
0
0
0
0
0
0
0
0
0
0
0
0
0
0
0
0
0
0
0
0
0
0
0
0
0
0
0
0
0
0
0
0
0
0
0
0
0
0
0
0
0
0
0
0
0
0
0
0
0
0
0
0
0
0
0
0
0
0
0
0
0
0
0
0
0
0
0
0
0
0
0
0
0
0
0
0
0
0
0
0
0
0
0
0
0
0
0
0
0
0
0
0
0
0
0
0
0
0
0
0
0
0
0
0
0
0
0
0
0
0
0
0
0
0
0
0
0
0
0
0
0
0
0
0
0
0
0
0
0
0
0
0
0
0
0
0
0
0
0
0
0
0
0
0
0
0
0
0
0
0
0
0
0
0
0
0
0
0
0
0
0
0
0
0
0
0
0
0
0
0
0
0
0
0
0
0
0
0
0
0
0
0
0
0
0
0
0
0
0
0
0
0
0
0
0
0
0
0
0
0
0
0
0
0
0
0
0
0
0
0
0
0
0
0
0
0
0
0
0
0
0
0
0
0
0
0
0
0
0
0
0
0
0
0
0
0
0
0
0
0
0
0
0
0
0
0
0
0
0
0
0
0
0
0
0
0
442.40837035629
0
0
0
442.40837035629
0
0
0
0
0
0
0
0
0
0
0
0
0
0
0
0
0
0
0
0
0
0
0
0
0
0
0
0
0
0
0
0
0
0
0
0
0
0
0
0
0
0
0
0
0
0
0
0
0
0
0
0
0
0
0
0
0
0
0
0
0
0
0
0
0
0
0
0
0
0
0
0
0
0
0
0
0
0
0
0
0
0
0
0
0
0
0
0
0
0
0
0
0
0
0
0
0
0
0
0
0
0
0
0
0
0
14.35632188035
0.215494905386984
0.215494905386984
0
0
0
0
0.215494905387004
0.215494905386984
0
0
0
0
0
0
0.0331530623672282
0
0
0
0
0
0
0
0
0
0
0
0
0
1.30402045311098
0
0
0
0
0
0
1.30402045311098
1.30402045311098
1.30402045311098
1.30402045311098
0
0
0
0
0
0
0
0
0
0
0
0
0
0
0
0
0
0
0
0
0
0
0
0
0
0
0
0
0
0
0
0
0
0
0
0
0
88.9478521542222
88.9478521542222
0
0
0
0
0
0
0
0
0
0
0
0
0
0
0
0
0
0
0
0
0
0
0
0
0
0
0
0
0
0
0
0
0
0
0
0
0
0
0
0
0
0
0
0
0
0
0
0
1000
-40.9312114257534
-624.722509545132
0
0
0
1000
1000
-1000
1000
0
0
0
-1000
333.430884235728
0
0
0
0
0
0
0
0
0
0
0
0
0
0
0
0
0
0
0
0
0
0
0
0
0
0
0
0
0
0
0
0
0
0
0
0
0
0
0
0
-1000
0
0
1000
0
0
0
0
0
0
0
0
0
0
0
0
0
0
-999.995268746012
999.995268746012
1000
999.995268746012
1000
-1000
-1000
0
0
0
0
0
0
0
0.00473125398832508
0
0
0
0
0
0
0
0.0189250159531645
0.00473125398829112
0.00473125398829112
0.00473125398829112
0.00473125398829112
0
0.00473125398829112
0
0
0
0
0
0
0
0.0188838746141359
0
0.00473125398829112
0.0283326688110419
1000
0.00235877010430746
0.00235877010430746
0.00473125398832508
0
0.0165251045098284
0.00235877010430746
0.0354226929036362
-0.00235877010425156
0.00235877010430746
0.00235877010430746
0.00235877010430746
0.00235877010430746
0.00235877010430746
-0.00235877010425156
-0.00471754020861681
0.00235877010430746
0.00235877010430746
0.00235877010425156
0.00235877010430746
-0.00709002409257664
-0.00709002409257664
0.00473125398832508
0.00473125398832508
0.00235877010430746
0.00235877010430746
0.00473125398829112
0.00473125398829112
-0.00473125398832508
-0.00473125398832508
0.00473125398832508
0.00473125398832508
0.00235877010430746
0.00235877010430746
0.00235877010430746
0.00235877010430746
0.0590652490653838
-0.00709002409257664
-999.966936077201
0
0
0
0
0
0
-678.358959576514
0
0
0
0.00473125398829112
0
0
0
0
0.00236562699414556
0.00473125398832508
0.00473125398832508
0
0.00473125398829112
0
0
0
0
0
-0.00473125398832508
0
0
0.00943508041722983
0.00235877010430746
0.00707631031292237
0.00235877010430746
-0.00235877010425156
0.00235877010430746
0.00235877010430746
0.00235877010430746
0.00235877010430746
0.00235877010430746
0.00235877010430746
0.00471754020861491
0.00235877010430746
0.00235877010430746
0.00235877010430746
0.00235877010430746
0.00235877010430746
0
0.00235877010430746
0.00473125398829112
0.00473125398829112
0.00473125398829112
0.00473125398829112
0.00473125398829112
0.00473125398829112
0.00473125398829112
0.00473125398829112
0.00473125398829112
0.00473125398829112
0.00473125398829112
0.00473125398829112
0.00473125398829112
0.00473125398829112
0
0
0
0
0
0
0
0
0
0
0
0
-0.00473125398832508
0
0
0
0
0
0
0
0
0
0
0
0
0
0
0
0
0
0
0
0
0
0
0
0
0
0
0
0
0
0
0
0
0
0
0
0
0
0
0
0
0
0
0
0
0
0
0
0
0
0
0
0
0
0
0
0
0
0
0
0
0
0
0
0
1000
1000
30.4920165597429
0
0
0
0
0
0.00473125398829112
0
0
0
0
0
0
0
0
0
0
0
0
0
0
0
0
0
0
0
0
0
-1000
0
0
0
-279.710964348773
0
-1000
0
0
0
0.262215924755251
0
0
0
0
0
0
0
0
0
0.262215924755251
0
0
0
0
0
0
0
0.262215924755251
0
0.262215924755251
0
0.262215924755251
0
0
0
0
0
16.3884952972032
0
96.3675549361862
0
98.4736227116616
0
5.6872731379008
0
0
0
0.262215924755251
0
0.262215924755251
0
0.262215924755251
0
0.262215924755251
0
0.262215924755251
0
0.262215924755251
0
0.262215924755251
0
0.262215924755251
0
0.262215924755251
0
0.262215924755251
0
0.262215924755251
0
0.262215924755251
0
0.262215924755251
0
0.262215924755251
0
0.262215924755251
0
0.262215924755251
0
5.50653441986028
0
0
0
7.53870783671347
0
0
0
3.86768489013996
0
0.262215924755251
0
0.262215924755251
0
35.829167304975
0
0.262215924755251
0
0.262215924755251
0
0.262215924755251
0
0.262215924755251
0
125.535873976577
0
66.9383611031089
0
14.0941059555948
0
70.9949616274843
0
0.913024482655088
0
0.262215924755251
0
2.75326720993014
0
0
0
0.262215924755251
0
0.262215924755251
0
0.262215924755251
0
0
-1000
0
0
622.216945500949
0
0
0
0
0
0
999.985806238035
-1000
3.15106332692267
0
1.30402045311098
0
1000
1000
0
87.198540703765
-635.064755218713
-1000
-1000
0
0
1000
0
0
0
0
0
627.836747646272
1000
-14.2624497160116
0
0
0
0
635.2802501241
-0.00473125398832508
0
0
-4.14089862952983
0
1000
0
0
0
27.3527343604326
972.979706157153
0
-1000
359.510033542856
-1000
0
1000
89.3288694815454
0
-1000
0
0
1000
847.006400970877
-1000
399.309205034356
0
1000
0
0
-1000
1000
1000
1000
0
0
0
0
0
-979.427822507558
0
0
0
0
0
0
0
0
0
1000
0
1000
0
673.850028291361
0
0
0
383.623956054829
0
0
0
0
1000
0
0
0
0
0
0
0
0
0
-1000
-1000
-625.950996832684
13.7459442036217
1000
-1000
-1000
-1000
-1000
-1000
-1000
-1000
1000
-1000
900.355464855775
-1000
-1000
1000
-1000
1000
-1000
-1000
-1000
1000
1000
1000
1000
1000
262.103171049951
-1000
-1000
1000
-1000
-1000
-1000
-1000
-1000
-1000
1000
-1000
403.845688909775
1000
-1000
-1000
-1000
-1000
-1000
778.944595861807
-1000
1000
-1000
-1000
-1000
1000
-1000
-1000
-1000
-1000
-1000
-1000
-1000
-1000
1000
-1000
-1000
600.690794965644
272.813250457162
-451.774173802701
-1000
-1000
-1000
-1000
-34.7776938469444
1000
1000
-1000
-1000
-1000
-1000
1000
-1000
-1000
1000
-1000
-1000
1000
-255.369774120942
1000
-1000
1000
1000
1000
-1000
-1000
1000
1000
461.22028238442
1000
-1000
-1000
-1000
-1000
1000
-1000
-1000
-958.828256379024
-1000
-1000
1000
1000
1000
1000
1000
1000
1000
1000
-1000
1000
-134.934028705805
-1000
-968.728851047363
985.959900936399
-1000
968.686269761468
1000
-1000
-1000
0
0
0
0
0
0
0
0
0
0
0
0
0
0
0
0
0
0
0
0
0
0
0
0
0
0
0
0
0
0
0
0
0
0
0
0
0
0
0
0
0
0
0
0
0
0
0
0
0
0
0
0
0
0
0
0
0
0
0
0
0
0
0
0
0
0
0
0
0
0
0
0
0
0
0
0
0
0
0
0
0
0
0
0
0
0
0
0
0
0
0
0
0
0
0
0
0
0
0
0
0
0
0
0
0
0
0
0
0
0
0
0
0
0
0
0
0
0
0
0
0
0
0
0
0
0
0
0
0
0
0
0
0
0
0
0
0
0
0
0
0
0
0
0
0
0
0
0
0
0
0
0
0
0
0
0
0
0
0
0
0
0
0
0
0
0
0
0
0
0
0
0
0
0
0
0
0
0
0
0
0
0
0
0
0
0
0
0
0
0
0
0
0
0
0
0
0
0
0
0
0
0
0
0
0
0
0
0
0
0
0
0
0
0
0
0
0
0
0
0
0
0
0
0
0
0
0
0
0
0
0
0
0
0
0
0
0
0
0
0
0
0
0
0
0
0
0
0
0
0
0
0
0
0
0
0
0
0
0
0
0
0
0
0
0
0
0
0
0
0
0
0
0
0
0
0
0
0
0
0
0
0
0
0
0
0
0
0
0
0
0
0
0
0
0
0
0
0
0
0
0
0
0
0
0
0
0
0
0
0
0
0
0
0
0
0
0
0
0
0
0
0.00473125398829112
0
0
0
0
1000
-57.0099516353362
-1000
1000
1000
1000
996.092060075229
1000
-1000
-1000
-1000
-1000
1000
1000
1000
1000
-1000
-1000
-939.015966880514
-1000
1000
-60.9840331194857
-1000
-1000
1000
-1000
-1000
1000
1000
1000
-935.660462127115
-942.990048364664
-1000
-1000
-1000
1000
1000
-1000
1000
-1000
-1000
1000
-1000
-1000
-1000
1000
-1000
60.9178915601076
-1000
-1000
-1000
-1000
-1000
-999.933858440622
-1000
0
0
0
0
0
0
0
0
0
0
0
0
0
0
0
-1000
-1000
-0.621314216380256
0
0
0
0
0
1000
0
0
0
0
0
0
0
0
0
0
-0.00473125398832508
0.00473125398829112
0
0
-0.00473125398832508
-0.00473125398832508
0
0
0
0
0
0
0
0
0
0
0
0
0
0
0
0
0
0
0
0
0
0
0
0
0
0
0.00473125398829112
0
0
1000
-1000
1000
0
655.081387167191
0
0
0
0
0
-0.00473125398832508
0
0
0
0
0
0
0
0
0
0
0
0
0
0
0
0
0
120.222059554139
0
-125.393882915865
125.393882915865
0.00473125398829112
0
0
0
60.2298282505521
999.966881222083
0
0
0
0
0
0
-1000
-0.00473125398832508
1000
0
0
0
0
561.225382823827
0
0
0
0
0
0
0
0
0
0
0
0
0
0
0
0
0
0
0
0
0
0
0
0
0
0
0
0
0
0
0.00473125398829112
0
0
0
0
1000
0
0
0
0
2.55824160095777
0
0
0
0
0.00707631031292237
1000
0
0
0
0
0
0
0
0
0
0
0
-0.0378500319063733
0
0.00473125398832508
0
1000
-1000
-1000
1000
0
1000
39.5341926179894
0
-1000
-39.5341926179894
0
-1000
1000
-2.55824160095779
1000
0
0
0
0
39.7220599714037
1000
0
0
0
0
0
0
0
332.475545938044
1000
0
0
0
0
817.38356414009
0.0378500319063733
0
-1000
0
0
-1000
0.00473125398829112
-1000
1000
0
39.5341926179894
0
0
0
0
0
0
0
0
0
-828.793543747033
412.892541546958
0
0
399.134403993172
399.176985279067
0
0
0
0
0
384.37840159516
0
0
1000
0
0
0
665.073144515208
0
0
0
0
0
0
0
0
0
0
1.27912080047888
0
0.00473125398829112
-0.00473125398832508
0.00473125398829112
0.00473125398829112
0
0
412.892541546958
-412.892541546958
0.00473125398832508
0
0
0
1.27912080047884
0
0
-0.0141937619648616
-1000
288.56208997004
-1000
1000
953.639965739237
-1000
0
0
-1000
-1000
1000
-1000
0
0
0
0
0
0
0
0
0
0
0
0
0
0
0
0
0
0
0
0
0
0
0
0
46.3600342607633
0
0
0
0
0
0
0.00235877010430746
0
1000
0
0
0
0
0
0
0.00473125398829112
-1000
1000
0
0
0
0
0
0
0
2.49105128517488
0
0
-60.9840331194857
0
0
0
0
0
0
0
0
0
0
0
0
0
1000
0
0
0
60.9840331194857
0
0
0
0
0
0
0
0
0
0
0
0
0
0
0
0
0
0
0
0
0
0
0
0
0
0
3.05131597795582
0
0
0
0
0
0
0
0
0
0
0
0
0
0
0
0
0
0
0
0
0
0
0
0
0
0
0
0
0
0
0
0
0
0
0
0
0
0
0
0
0
0
0
0
0
0
0
0
0
0
0
0
0
0
0
0
0
0
0
0
0
0
0
0
0
0
0
0
0
0
0
0
0
0
0
0
0
0
0
0
0
0
0
0
0
0
0
0
0
0
0
0
0
0
0
0
0
0
0
0
0
0
0
0
0
0
0
0
0
0
0
0
0
-1000
0
0.00235877010425156
0
0.0259601849270439
0
0
0
0
1000
0.0212426447184271
0
0
0
0
0
0
0
0
0
0
0
0
0
0
0
0
0
0
0.00473125398829112
0.00473125398829112
0.00473125398829112
1000
-1000
0
-1000
1000
0
0
0
0
0
0
-1000
-384.420982881054
0
0
0
0
0
0
0
0
0
1000
-1000
0
1000
0
-1000
1000
-1000
-994.824438074715
-1000
1000
0
0
0
0
0
0
0
0
0
0
-1000
0
1000
0.51822087766437
0.00473125398829112
0.00473125398829112
0.00473125398829112
0.00473125398829112
0.00473125398829112
0
0
0
0
1000
0
0
0
0
0
0
0
0
0
0
0
0
0
0
0
1000
0
0
0
0
0
0
1000
-999.987279363105
0
1000
0
0
-901.775872576199
0
0
0
0
0
0
0
0
0
0
0
0
0
0
0
0
0
0
0
0
0
65.0372956486333
0
8.35614026204441
0
0
0
0
0
1.64002720055001
8.35614026204441
0
0
0
0
9.2442890184523
8.35614026204441
0
0
0
0
2.49105128517489
0
0
0
0
0.00473125398829112
333.430884235728
0
0
0
0
27.3527343604325
0
0
0
0
-1000
0
0
0
0
0
0
0
0
1000
-1000
-1000
-1000
-1000
-934.962704351367
0
0.0283326688110419
0
0
0
0
0
-999.762403053035
-1000
0
0
0
0
0
0
-1000
4.81566230219817
0
0
0
0
0.760899922814514
0.760899922814514
0
-999.997641229896
0
0
0
0
0
0
0.48030227685966
0
237.057290267258
0
0
0
0
0
0
0
998.35997279945
0.00473125398829112
0
0
0
0
0
0
0
0
1000
-655.081387167191
0
0
992.395738182098
0
0
0
-1000
0
0
0
-783.914928364771
0
-1000
0
0
0
-1000
-1000
14.35632188035
0
0
0
-206.579744362851
0
1000
-1000
206.317528438096
-1000
1000
-1000
1000
0
0
-455.019589881006
1000
0
0
0
1000
-1000
0
0
-1000
0
0
0
0
0.0011776708296942
0
0
0
0
0
0
0
0
0
665.077875769197
332.475545938044
997.553421707241
0
0
0
0
0
0
0
0
0
0
1000
0
-1000
-1000
587.107458453042
-1000
-1000
1000
0
0
0
0
0
0
0
0
0
0
1000
0.00235877010430746
0.00235877010430746
0
56.1325515675883
-1000
-442.40837035629
-442.40837035629
292.85029689744
0
0
0
0
0
0
0
0
0
0
0
0
0
0
0
0
0
0
0
0
0
0
0
0
0
0.00473125398832508
0
0
0
0
0
0
0
0
0
0
0
0
0
0
0
0
0
0
0
0
0
0
0
0
0
0
0
0
0
0
0
0
0
0
0
0
0
0
0
0
0
0
0
0
0
0
-1000
0
-1000
0
0
0
0
0
-1000
0
0
0
0
-1000
0
0
0
0
0
0
783.914928364771
0
0
0
0
0
0
0
0
0
0
0
0
0
1000
0
0
0
-1000
0
0
0
0
0
0
0
0
0
0
0
0
0
0
0
0
206.317528438096
0
0
0
0
0
0
0
0
0
0
0
0
0
0
0
0
0
0
0
0
0
0
206.317528438096
0
0
0
0
0
0
0
0
0
0
0
0
0
0
0
0
0
0
0
0
0
0
0
0
0
0
0
0
0
0
0
0
0
0
0
0
0
0
0
0
0
0
0
0
0
0
0
0
0
0
0
0
0
0
0
0
0
0
0
0
0
0
0
0
0
0
0
0
0
0
0
0
0
0
0
0
0
0
0
0
0
0
0
0
0
0
0
0
0
0
0
0
0
0
0
0
0
0
0
0
0
0
0
0
0
0
0
0
0
0
0
0
0
0
0
0
0
0
0
0
0
0
0
0
0
0
0
0
0
0
0
0
0
0
0
0
0
0
0
-1000
0
0
0
0
0
0
0
0
0
0
0
0
0
0
0
0
0
0
332.480277192033
0
0
0
404.773904452585
0
0
0
0
-95.229779221011
0
1000
-835.077147429395
-164.707357665218
0
-1000
0
-120.222059554139
-1000
0
0
0
0
1000
0.0283875239297231
0
0
0
0
0
0
0
0
0
0
0
0
0
0
0
0
0
0
0
0
0
0
0
0
0
0
0
0
0
0
0
0
0
0
0
0
0
0
0
0
0
0
0
0
0
0
0
0
0
0
0
0
0
0
0
0
0
0
0
0
0
0
0
0
-977.059537930969
0
0
0
0
0
0
0
0
0
0
0
0
0
0
0
0
0
0
0
0
0
0
0
0
0
0
0
0
0
0
0
0
0
0
0
0
0
0
0
0
0
0
0
0
0
0
0
0
0
0
0
0
0
0
0
0
0
0
0
0
0
0
0
0
0
0
0
0
0
0
0
0
0
0
0
0
0
0
0
0
0
0
0
0
0
0
0
0
0
0
0
0
0
0
0
0
0
0
0
0
0
0
0
0
0
0
0
0
0
0
0
0
0
0
0
0
0
0
0
0
0
0
0
0
0
0
0
0
0
0
0
0
0
0
0
0
0
0
0
0
0
0
0
0
0
0
0
0
0
0
0
0
0
0
0
0
0
0
0
0
0
0
0
0
0
0
0
0
0
0
0
0
0
0
0
0
0
0
0
0
0
0
0
0
0
0
0
0
0
0
0
0
0
0
0
0
0
0
0
0
0
0
0
0
0
0
0
0
0
0
-977.059537930969
0
0
0
0
0
0
0
1000
0
0
0
0
0
0
0
0
0
0
292.85029689744
0
0
0
0
0
0
0
0
0
0
0
-1000
0
0
0
0
0.00473125398832508
0.341061700547243
0
0
0
0
0
0
0
0
0
0
0
0
0
0
0
0
0
0
0
0
0
0
0
0
0
0
0
0
0
0
0
0
0
0
0
0
0
0
0
0
0
0
0
0
0
0
0
0
0
0
0
0
0
0
0
0
0
0
0
0
0
0
0
0
0
0
0
0
0
0
0
0
0
0
0
0
0
0
0
0
0
0
0
0
0
0
0
0
0
0
0
0
0
0
0
0
0
0
0
0
0
0
0
0
0
0
0
0
0
0
0
0
0
0
0
0
0
0
0
0
0
0
0
0
0
0
0
0
0
0
0
0
0
0
0
0
0
0
0
0
0
0
0
0
0
0
0
0
0
0
0
0
0
0
0
0
1000
0
0
0
60.431597948113
0
0
0
0
0
0
0
1000
0.00473125398832508
0
0
-333.440346743705
1000
0
0
0
0
0
0
0
0
0
0
0
0
0
0
0
0
1000
-1000
0
0
1000
0
0
0
0
622.216945500949
0
0
0
0
0
0
0
0
0
0
0
0
0
1000
0
0
0
0
0
0
0
0
0
0
0
0
0
0
0
0
0
0
0
0
0
0
0
0
0
0
0
0
0
0
0
0
0
0
0
0
0
0
0
0
0
0
0
0
0
0
0
0
0
0
0
0
0
0
0
0
0
0
0
0
0
0
0
0
0
0
0
0
0
0
0
0
0
0
0
0
0
0
0
0
0
0
0
0
0
0
0
0
0
0
0
0
0
0
0
0
0
0
0
0
0
0
0
0
0
0
0
0
0
0
0
0
0
0
0
0
0
0
0
0
0
0
0
0
0
0
0
0
0
0
0
0
0
0
0
0
0
0
0
0
0
0
0
0
0
0
0
0
0
0
0
0
0
0
500
114.281497301718
0
0
-1.27912080047884
0
0
609.977491847919
25.27906720314
55.2551039453806
0.137137796762061
114.281497301718
0
0
0
0
0
0
0
0
0
0
0
0
0
0
0
0
0
0
0
0
0
0
0
0
0
1000
-1000
0
0
-1000
0
0
0
817.303132822289
0
8.35614026204439
0
-963.366831999514
0
0
-0.016511390730102
-623.73821965169
-31.8015922364377
50.1368415722663
-19.6448250125236
-8.35614026204439
0
0
0.00473125398829112
0
0
0
0
0
0
0
0
0
0
0
0
0
0
0
0
279.710964348773
0
1000
0
0
649.569679861381
-125.535873976577
-5.50653441986026
0
-14.0400990636015
-27.5246071999209
-1000
955.982378534693
-13.7459442036217
-1000
-34.7776938469444
-6.03303452405498
-41.1717436209756
-1000
-1000
0
0
0
0
179.921640475975
262.103171049951
-1000
-596.154311090225
-17.4434763362199
-990.553891418281
-31.3137302385317
288.150412226713
785.801969500033
-1000
0
-673.850028291361
-1000
561.225382823827
0
-1000
-0.00473125398832508
0
999.762403053035
-1000
0
0
0
-14.2624497160116
-0.00473125398832508
0
1000
0.0425812858946983
0
0
0
0
0
0
1000
0
0
0
-1000
999.995268746012
-1000
0
0
0
0
0
0
0
0
0
0
0
0
0
0
0
1000
0
60.9840331194857
0
0
3.15106332692267
1000
0
-0.00473125398832508
-0.00473125398832508
-1.30402045311098
666.569115764272
0
0
-0.00473125398832508
0
-0.00473125398832508
0
0
0
-0.00473125398832508
0
0
0
0
-0.00473125398832508
0
0
0
0
0
-0.00473125398832508
0
0
0
0
0
60.431597948113
0
0
0
0
0
999.985806238035
0
0
0
0
0
0
0
-27.0202938428467
0
0
0
-64.3395378728845
0
1000
0
0
-0.00473125398832508
0
0
0
0
0
0
0
0
0
0
0
0
0
0
999.966881222083
-4.14089862952983
-0.621314216380256
-1000
-1000
0
0
0
0
1000
0
0
0
3.21987661521598
0
0
0
0
0
-1000
359.510033542856
0
0
0
0
635.2802501241
-1000
1000
0
0
87.198540703765
0
0
0
0
125.393882915865
0
0
0
0
0
-1000
-678.358959576514
0
0
0
0
0
-0.0661415593781385
-1000
0
0
0
-1000
0
0
0
0
0
0
0
0
-635.064755218713
1000
-1000
627.836747646272
0
0
-125.393882915865
0
0
0
0
0
0
-1000
0
1000
0
-0.913024482655032
-0.262215924755196
-70.9949616274843
-979.427822507558
-3.86768489013991
-35.8291673049749
0
-14.0941059555947
-7.53870783671346
-98.4736227116616
0
0
0
0
-0.262215924755196
-1000
-0.262215924755196
-0.262215924755196
0
-66.9383611031088
0
-0.262215924755196
0
-96.3675549361861
0
-4.81566230219812
0
-0.480302276859675
-0.262215924755196
0
0
-0.262215924755196
-0.262215924755196
-2.75326720993019
-0.262215924755196
0
0
-16.3884952972032
0
0
0
1000
0
-1000
1000
1000
-1000
-1000
1000
-0.00473125398832508
0
455.019589881006
-455.019589881006
0
0
0
-1000
0
0
0
0
0
0
0
0
0
0
0
0
0
0
0
0
0
0
0
-1000
1000
-56.1325515675883
56.1325515675883
1000
-1000
622.216945500949
1000
1000
-1000
0
0
0
-0.262215924755196
-0.262215924755196
0
0
0
0
1000
-164.922852570605
164.707357665218
1000
0.0283875239297231
0
0
0
0
0
-1000
-1000
0
0
0
0
0
0
0
0
0
0
0
0
0
0
0
0
0
0
0
0
0
0
0
0
0
0
0
0
0
0
0
0
0
0
0
0
0
0
0
0
0
0
0
0
0
0
0
0
0
0
0
0
0
0
0
0
0
0
0
0
0
0
0
0
0
0
0
0
0
0
0
-0.262215924755196
0
0
0
0
0
0
0
0
0
0
0
0
0
0
0
0
0
0
0
0
0
0
0
0
0
0
0
0
0
0
0
0
0
0
0
0
977.059537930969
0
0
0
0
0
0
0
0
0
0
0
0
0
0
0
0
0
0
0
0
0
0
0
0
0
0
0
0
0
0
0
0
0
0
0
0
0
0
0
0
0
0
0
0
0
0
0
0
0
0
0
0
0
0
0
0
0
0
0
0
0
0
0
0
0
0
0
0
0
0
0
0
0
0
0
0
0
0
0
0
0
0
0
0
0
0
0
0
0
0
0
0
0
0
0
0
0
0
0
0
0
0
0
0
0
0
0
0
0
0
0
0
0
0
0
0
0
0
0
0
0
0
0
0
0
0
0
0
0
0
0
0
0
0
0
0
0
0
0
0
0
0
0
0
0
0
0
0
0
0
0
0
0
0
0
0
0
0
0
0
0
0
0
0
0
0
0
0
0
0
0
0
0
0
0
0
0
0
0
0
0
0
0
0
0
0
0
0
0
0
0
0
0
0
0
0
0
0
0
0
0
0
0
0
0
0
0
0
0
0
0
0
1000
0
0
0
0
0
0
0
-60.4315979481131
0
1000
0
0
0
-0.341061700547243
0
0
0
0
0
0
0
0
0
0
0
0
0
0
0
0
0
0
0
0
0
0
0
0
1000
1000
-1000
0
-666.559653256295
-0.00473125398832508
0
0
0
0
0
0
0
0
1000
0
0
0
0
0
-1000
0
0
0
0
1000
0
0
0
0
0
0
0
0
0
0
0
0
0
0
0
0
0
0
0
0
0
0
0
0
0
0
0
0
0
0
0
0
0
0
0
0
0
0
0
0
0
0
0
0
0
0
0
0
0
0
0
0
0
0
0
0
0
0
0
0
0
0
0
0
0
0
0
-0.262215924755196
-0.262215924755196
-0.262215924755196
-0.262215924755196
0
-0.262215924755196
-5.68727313790077
0
-0.262215924755196
-0.262215924755196
-0.262215924755196
-0.262215924755196
0
-0.262215924755196
-0.262215924755196
-0.262215924755196
-0.262215924755196
-0.262215924755196
-0.262215924755196
-0.262215924755196
0
-0.262215924755196
-0.262215924755196
-0.262215924755196
0
-1000
114.281497301718
0
0
0
0
0
0
0
0
0
0
0
0
0
