0
0
0
0
0
0
0
157.756179180467
-1000
0
0
0
0
198.729693838424
997.717676335982
0
999.723566161269
-999.723566161269
999.93655616816
0
0.0634438318398194
0
-1000
0.398789800136001
0
1000
-202.662253522167
0
-40.5027309836947
0.013541682411312
0
0
0
0
0
0
0.0349395651252
0
0.718420901824138
0.718420901824138
38.0719227261555
0.718420901824138
0.718420901824138
0
0
0.718420901824138
209.119434661278
0
209.119434661278
0
209.119434661278
0
209.119434661278
0
209.119434661278
0
209.119434661278
0
0
209.119434661278
0
0
0
0
0
0
47.6869400019362
0
0
0
0
0
0
0
1000
1000
0
0
0
0
0
-463.836042628944
-536.163957371056
0
0
0
0
0
0
0
0
0
0
0
0
1000
0
-1000
0
1000
-1000
0
0
0
0
0
1000
0
0
0
0
0
0
0
0
0
0
0
0
0
0
0
0
0
0
0
0
0
0
0
0
0
1000
0
0
-1000
0
0
0
0
-1000
0
0
0
0
-15.8833362274834
0
0
0
0
1000
0
0
0.00968387753832197
1000
0
0
598.16394581653
1000
1000
401.826990778922
0
205.490035741313
0
-1000
401.826990778922
600.556684617346
1000
-801.270306161576
0
0
1000
0
0
0.00968387753835032
0
0
1000
-1000
0
0
0
0
0
-4.26429434927525
0
0
0
0
0
0
1000
-748.995705183696
-1000
0
0
0
1000
0
0
0
0
1000
0
0
0
0
-4.26882605154947
0
-999.995468297726
0
0
0
0
0
0
0
0
0
0
0
-447.67079381619
0
0
-999.996119700638
0
998.752624345659
0
0.496622082118775
0
0
0
0.750753572221825
0
-338.413733777238
0
0
37.0888224097316
-962.911177590268
0
-37.0888224097316
0
0
0
0
0
0
0
0
0
0
-1000
0
-1000
1000
1000
-1000
1000
715.892580806395
854.224989676895
-1000
1000
-1.0490604897476
-1000
-2.34706374078928
0
1.25513625306553
1000
1000
-1000
1000
0
0
1000
0
0.194863197793731
0
-0.194863197793779
0
0.00193452605875886
0
0
0
0
0
0
0
0
0
0
0
0
0
0
0
0
0
286.998031378157
0
1000
0.509565786029762
0
0
1000
0
-0.194863197793779
0
-0.750753572221811
0
0
0.750753572221811
2.34706374078925
0
0
0
0
0
0
0
-997.994110174713
0
0
0
-1000
0.750753572221811
0
-1000
-1.0490604897476
0
0
0
0
0
0
0
0
0
0
0
0.00388029936244228
0
0
0
712.998088322481
0
0
0
2.50251190740608
10.5349190409155
0
0
0
0
0
0
0
0
0
-419.721094263673
800.00116849498
1000
5.90028948288852
-1000
1000
1000
423.479703126281
-1000
-1000
1000
-1000
1000
-429.381927135228
0
0
-1000
0
0
0
0
-1000
0
0
-1000
-1000
-1000
1000
0
145.854949176316
1000
1000
0
0
0
0
0
0
1.04906048974765
1000
1000
1000
0
1000
-1000
-0.500502381481169
0
-1000
-1000
1000
1000
1000
-1000
0
-1000
0
1000
-1000
-152.255741040686
-1000
1000
-1000
-853.644548442203
1000
0
0
0
-1000
1000
-0.00388029936243584
0
0
0
786.084527593428
0
0
0
-481.105193580038
1000
0
0
-464.605406827732
432.675716810582
0
0
0
0
0
0
0
0
0
0
0
0
0
0
0
0
0
0
0
0
0
0
0
0
0
0
0
0
0
0
0
0
0
0
0
0
0
0
0
0
0
0
0
0
0
0
0
0
0
0
0
0
0
0
0
0
0
0
0
1000
1000
0.113292556856777
0.113292556856777
0
-877.103596391095
0
0
0
0
0
0
0
0
0
0
0
0
0
0
0
-401.066124996599
0
0
0
0
0
0
0
0
0
0
0
0
0
0
0
0
0
0
0
0
0
0
0
0
0
0
0
0
0
0
0
0.176736388696639
0
0
0
1000
0
0
0
0
0
0
-1000
0
0
0
0
0
0
0
0
0
0
0
0
0
0
0
0
0
0
0
0
0
0
0
0
-800.561058703176
0
0
0.176736388696639
0
0
0
0
0
0
0
0
0
1000
0
0
0
0
0
0
0
0
0
0
0
0
0
0
0
0
0
0
0
0
0
0
0.00388029936204539
0
0
0
0
0
0
0
0
0
0
-1000
0
0
0
0
0
0
0
0
0
0
0
0
0
35.1033362527674
0
35.1033362527674
0
0
0
0
0
0
0
0
0
0
0
0
0
0
0
0
0
0
0
0
-1000
0
0.00453170227427281
0
0
0
0
0.820238111643379
0.820238111643379
0
0
0
0
0
0
0
0
0
0
0
0
0
0
0
0
0
0
0
0
0
0
0
0
0
0
-1000
0
0
0
-1000
0
0
1000
0
0
0
0
2.35648518262186
0
0
2.35648518262186
0
0
0
0
0
0
0
0
0
2.35648518262186
0
2.35648518262186
0
0
0
14.0575325952216
40.0714719173399
25.6137248710088
18.7600523957584
27.8149043521111
9.1549055691301
21.4114731343589
39.1709894023435
36.0693274062448
11.4061118566211
22.1118484238006
45.5744206200957
35.9692737934674
11.105951018289
18.4098647510376
25.5136712582314
33.0677190229235
26.7643414179486
4.90262702609153
33.3678798612556
0
0
0
0
0
0
0
0
0
0
0
0
0
0
0
0
0
0
0
0
0
0
0
0
0
0
0
0
0
0
0
0
0
0
0
0
0
0
0
0
0
0
0
0
0
0
0
0
0
0
0
0
0
0
0
0
0
0
0
0
0
0
0
0
0
0
0
0
0
0
0
0
0
0
0
0
0
0
0
0
0
0
246.558732376058
0
0
246.558732376058
0
0
0
0
0
0
0
-1000
0
0
0
0
0
1000
1000
-199.998831505021
-199.998831505021
0
0
0
0
0
368.479338149679
0
-464.605406827732
-368.642479431553
-368.642479431553
-1000
0
-598.933875003401
401.066124996599
-19.3348938631214
852.949848006622
368.488401554227
1000
1000
0
0
631.520661850321
0
-1000
-1000
-1000
0
0
0
401.066124996599
401.066124996599
598.933875003401
0
0
0
0
0
0
0
0
0
0
0
0.00388029936209477
201.055652593492
1000
1000
0
500
250.001608824603
2.5135754241449
5
0
0
0
0
0
0
353.046608637872
0
299.407708198902
0
0
-0.00208236433968523
0
0
0
0
-0.00208236433968523
0
199.956148212038
0
-0.00208236433968523
0.00208236433968523
-0.00208236433968523
0
0
0
0
-998.956139549665
-0.80639559055976
0
-0.00208236433968523
0
0
-0.00208236433968523
0
0
0
-0.00208236433968523
0
-0.00208236433968523
0
-0.00208236433968523
-0.00208236433968523
-0.00208236433968523
-0.00208236433968523
-0.00208236433968523
-0.0437296511342993
-0.0139806342471047
-0.059867974767144
-0.0603885658521222
-0.0307148740109824
0.00208236433968523
19.7216047618981
-0.148604620973174
0.00208236433968523
0.00208236433968523
0.00208236433968523
0.00208236433968523
-0.996931927644937
-0.0150971414630021
-0.111927083260412
-0.563800144981428
-0.0034079758270309
0.00208236433968523
0.00208236433968523
0.0197824612274644
0.00208236433968523
0.00208236433968523
-0.00208236433968523
0
0
0
0
0
0
0
0
0
0
0
0
0
0
0
0
0
0
0
0
0
0
0
0
0
0
0
0
0
0
0
0
0
0
0
0
0.000965857123787828
0
0
0
0
0
0
0
0
0
0
0
0
0
0
0
0
0
0
0
0
0
0
0
0
0
0
0
0
0
0
0
0
0
0
0
0
0
0
0
1000
0
0
0
0
0
0
0
0
0
0
0
0
0
0
0
0
0
0
0
0
0
0
0
0
0
0
0
0
0
0
0
0
0
0
0
0
0
0
0
0
0
0
0
0
0
0
0
0
0
0
0
0
0
0.00208236433972834
0.00208236433972834
0.00208236433972834
0.00208236433972834
0.00416472867945667
0.00416472867945667
0.00416472867945667
0.00416472867945667
0.00208236433972834
0.00208236433972834
0.00208236433972834
0.00208236433972834
0.00416472867945667
0.00416472867945667
0.00416472867945667
0.00416472867945667
0
0
0
1.03761335731569
0.00416472867945667
0.00416472867945667
0.00416472867945667
0.00416472867945667
0.00208236433972834
0.00208236433972834
0.00208236433972834
0.00208236433972834
0
0
0
0
0
0
0
0
0
0
0
0
0
0
0
0
0
0
0
0
0.00208236433972834
0.248321947512604
0.00624709301918501
0
0.00208236433972834
0
0
0
0
0
0
0
0
0
0
0
0
0
0
0
0
0
0
0
0
0
0
0
0
0
0
0
0
0
0
0
0
0
0
0
0
0
0
0
0
0
0
0
0
0
0
0
0
0
0
0
0
0
0
0
0
0
0
0
0
0
0
0
0
0
0
0
0
0
0
0
0
0
0
0
0
0
0
0
0
0
0
0
0
0
0
0
0
0
0
0
0
0
0
0
0
0
0
0
0
0
0
0
0
0
0
0
0
0
0
0
0
0
0
0
0
0
0
0
0
0
0
0
0
0
0
0
0
0
0
0
0
0
0
0
0
0
0
0
0
0
0
0
0
0
0
0
0
0
0
0
0
0
0
0
0
0
0
0
0
0
0
0
0
0
0
0
0
0
0
0
0
0
0
0
0
0
0
0
0
0
0
0
0
0
0
0
0
0
0
0
0
0
0
0
0
0
0
0
0
0
1000
0
0
0
0
0
0
0
0
0
0
0
0
0
0
0
0
0
0
0
0
0
0
0
0
0
0
0
0
0
0
0
0
0
0
0
0
0
0
0
0
0
0
0
0
0
0
0
0
0
0
0
0
0
0
0
0
0
0
0
0
0
0
0
0
0
0
0
0
0
0
0
0
0
0
0
0
0
0
0
0
0
0
0
0
0
0
0
0
0
0
0
0
0
0
0
1000
1000
0
0
0
0
0
0
0
0
0
0
0
0
0
0
0
0
0
-1000
0
-1000
0
0
0
0
0
0
0
1000
1000
0
0
0
0
0
0
0
0
0
0
0
0
0
0
0
0
0
0
0
0
0
0
0
0
0
0
0
0
0
0
0
0
0
0
0
0
0
0
0
0
0
0
0
0
0
0
0
0
0
0
0
0
0
0
0
0
0
0
0
0
0
0
0
0
0
0
0
0
0
0
0
0
0
0
0
0
0
0
0
0
0
0
0
0
0
383.342643509935
0
0
0.00208236433968523
0
1000
0
-0.00208236433968523
-0.00208236433968523
0
3.705267590733
-0.00208236433968523
200.070157659638
0
0
0
0.000965857123787828
0.804313226220074
-0.116091811939896
-999.19568677378
998.954057185325
0
0
0
0
0
0
0
0
0
0
0
0
0
-1000
0.000965857123787828
0
0
0
0.00388029936209477
0
0
0
0
0
0
0
-0.00388029936209477
0
0
0
0
0
19.7195223975584
1000
0
0
0
0
-529.795788909898
1000
-0.0232817961722276
0
0
0.00208236433968523
-0.00208236433968523
0
0
0.0713209786357538
-0.0713209786357538
1000
0
0.00208236433968523
0.00208236433968523
0.00208236433968523
0.00208236433968523
-1000
0
-299.485276270557
-700.514723729443
-1000
-0.00208236433968523
-799.929842340362
-200.070157659638
-1000
0
0
0
0
0
-1000
0
728.972988056228
0
-0.116091811939896
0.116091811939896
-999.19568677378
999.19568677378
-1000
0
0
0
-1000
0
0
0
-1000
0
0
0
0
0
0
0
0
0
0
0
0
0
0
0
0
0
0
0
-1000
1000
-1000
0
-1000
0
-1000
0
-1000
0
0
0
0
0
0
0
0
0
-1000
0
1000
0
-1000
0
-1000
0
-1000
0
-1000
0
0
0
0
0
0
0
0
0
-842.243820819533
-157.756179180467
19.7195223975584
-19.7195223975584
0
0
0
0
0
0
0
0
0
0
0
0
0
0
0
0
0
0
0
0
0
0
0
0
0
0
0
0
0
0
0
0
0.000965857123787828
-0.000965857123787828
0
0
0
0
0
0
0
0
0
0
0
0
0
0
0
0
0
0
0
0
0
0
0
0
0
0
0
0
0
0
0
0
0
0
0
0
0.000965857123787828
-0.000965857123787828
0
0
0
0
0
0
-0.00388029936209477
-0.00388029936209477
0
0
0
0
0
0
0
0
0
0
0
0
0
0
0
0
0.00388029936209477
0.00388029936209477
0
0
0
0
0
0
0
0
0
0
0
0
0
0
0
0
0
0
0
0
0
0
0
0
0
0
0
0
0
0
0
0
0
0
0
0
1000
0
0
0
0
0
0
0
1.27089739172986
0.00388029936204539
0
0
0
1.27089739172986
0.00388029936204539
0
0
0
1.43468351562327
0
0
0
0
0
0
0
0
0
0
0
0
0
0
0
0
0
0
0
0
0
0
0
0
0
0
0
0
0
0
0
0
0
0
0
0
0
0
0
0
0
0
0
0
0
0
0
0
0
0
0
0
0
0
0
0
0
299.481111541877
299.481111541877
299.481111541877
0
299.409790563242
299.409790563242
0
0
0
0
0
0
0
0
0
0
0
0
0
0
0
0
0
0
0
0
0
0
0
0
0
0
0
0
0
0
0
0
0
0
0
0
0
0
0
0
0
0
0
0
0
0
0
0
0
0
0
0
0
0
0
0
0
0
0
0
0
0
0
0
0
0
0
0
0
0
0
0
0
0
0
0
0
0
0
0.116091811939855
0.116091811939855
0.116091811939855
0.116091811939855
0.00208236433972834
0.00208236433972834
0.00208236433972834
0.00208236433972834
0
0
0
0
0
0
0
0
0
0
0
0
0
0
0
0
0
0
0.00208236433972834
0.00208236433972834
0.00208236433972834
0.00208236433972834
0
0
0
0
0
0
0
0
0
0
0
0
0
0
0
0
0
0
0
0
0
0
0
0
0
0
0
0
0
0
0
0
0
0
0
0
0
0
0
0
0
0
0
0
0
0
0
0
0
0
0
0
0
0
0
0
0
0
0
0.00388029936204539
0.00388029936204539
0.00388029936204539
0.00388029936204539
0.00388029936204539
0
0
0
0
0
0
0
0
0
0
0
0
0
0
0
0
0
0
0
0
0
0
0
0
0
0
0
0
0
0
0
0
0
0
0
0
0
0
0
0
0
0
0
0
15.8833362274834
15.8833362274834
-15.8833362274834
5.28539137731636
-2.64075553897715
2.64075553897716
2.64075553897716
2.64075553897716
0
0
0
0
0
0
0
0
0
0
0
0
0
0
0
0
0
0
0
0
0
2.64075553897716
2.63301743474212
2.64075553897716
2.64075553897716
2.64075553897716
2.64075553897716
2.64075553897716
2.64075553897716
2.64075553897716
2.64075553897716
2.64075553897716
2.64075553897716
2.64075553897716
2.64075553897716
2.64075553897716
2.64075553897716
2.64075553897716
2.64075553897716
15.8833362274834
15.8833362274834
5.28539137731636
5.28539137731636
0
0
0
0
0
0
0
0
0
0
0
0
0
0
0
0
0
0
0
0
0
0
0
0
0
0
0
0
0
0
0
0
0
0
0
0
0
0
0
0
0
0
0
0
0
0
0
0
0
0
0
0
0
0
0
0
0
0
0
0
0
0
0
0
0
0
0
0
0
0
0
0
0
0
0
0
0
0
0
0
0
0
0
0
0
0
0
0
0
0
0
0
0
0
0
0
0
0
0
0
0
0
0
0
0
0
0
0
0
0
0
0
0
0
0
0
0
0
0
0
0
0
0
0
0
0
0
0
0
0
0
0
0
0
0
0
0
0
0
0
0
0
0
0
0
0
0
0
0
0
0
0
0
0
0
0
0
0
0
0
0
0
0
0
0
0
0
0
0
0
0
0
0
0
0
0
0
0
0
0
0
0
0
0
0
0
0
0
0
0
0
0
1.27089739172986
2.54955538218381
2.54955538218381
0
0
0
0
-2.54955538218383
0
0
0
1.27865799045395
0
0
1000
0
0
0
0
0
0
0
0
0
0
0
0
0
0
0
0
0
0
0
0
0
0
0
0
0
0
0
0
0
0
0
0
0
0
0
2.54955538218381
0
0
0
0
0
0
0
0
0
0
0
0
0
0
0
0
0
0
0
0
0
0
0
0
0
0
0
0
0
0
0
0
0
0
0
0
0
0
0
0
0
0
0
0
0
0
0
0
0
0
0
0
0
0
0
0
0
0
0
0
0
0
0
0
0
0
0
0
0
0
0
0
0
0
0
0
0
0
0
0
0
0
0
0
0
0
1.67310635420228
0
0
0
1.04906048974765
1.04906048974765
1.04906048974765
0
0
0
0
0
0
1.43468351562327
0
0
0
0.00388029936204539
0
0
0
0
-1.43468351562331
1.43468351562327
0
0
0
0
0.393915994174018
0
0
0
0
0
0.238422838579011
0
0.238422838579011
0
0
0
0
0
0
0
0
0
0
11.6972317848937
11.6972317848937
11.6972317848937
0
0
0
0
-1.43468351562331
0
0
0
0
0
0
0
0
0
0
0
0
0
0
0
0
0
0
0
0
0
0
0
0
0
0
0
0
0
0
0
0
0
0
0
0
0
0
0
0
0
0
0
0
0
0
0
0
0
0
0
0
0
0
0
0
0
0
0
0
0
0
0
0
0
0
0
0
0
0
0
0
0
0
0
0
0
0
0
0
0
0
0
0
0
0
0
0
0
0
0
0
0
0
0
0
0
0
0
0
0
0
0
0
0
0
0
0
0
0
0
0
0
0
0
0
1000
0
0
1000
1000
0
0
0
0
0
0
0
0
0
0
0
0
0
0
0
0
0
0
0
0
0
0
0
0
0
0
0
0
0
0
0
0
0
0
0
0
0
0
0
0
0
0
0
0
0
0
0
0
0
0
0
0
0
0
0
0
0
0
0
0
0
0
0
0
0
0
0
0
0
0
0
0
0
0
0
0
0
0
0
0
0
0
0
0
0
0
0
0
0
0
0
0
0
0
0
0
0
0
0
0
0
0
0
0
0
0
0
0
0
0
0
0
0
0
0
0
0
0
0
0
0
0
0
0
0
0
0
0
0
0
0
0
0
0
0
0
0
0
0
0
0
0
0
0
0
0
0
0
0
0
0
0
0
0
0
0
0
0
0
0
0
0
0
0
0
0
0
0
0
0
0
0
0
0
0
0
0
0
0
0
0
0
0
0
0
0
0
0
0
0
0
0
0
0
0
0
0
0
0
0
0
0
0
0
0
0
0
0
0
0
0
0
0
0
0
0
0
0
0
0
0
0
0
0
0
0
0
0
0
0
0
0
0
0
0
0
0
0
0
0
0
0
0
0
0
0
0
0
0
0
0
0
0
0
0
0
0
0
0
0
0
0
0
0
0
0
0
0
0
0
0
0
0
0
0
0
0
407.597337290226
0
0
407.597337290226
0
0
0
0
0
0
0
0
0
0
0
0
0
0
0
0
0
0
0
0
0
0
0
0
0
0
0
1000
0
0
0
0
0
0
0
0
0
0
0
0
0
0
0
0
0
0
0
0
0
0
0
0
0
0
0
0
0
0
0
0
0
0
0
0
0
0
0
0
0
0
0
0
0
0
0
0
0
0
0
0
0
0
0
0
0
0
0
0
0
0
0
0
0
0
0
0
0
0
0
0
0
0
0
0
0
0.176736388696639
0.176736388696639
0
0
0
0
0.176736388696668
0
0.176736388696639
-246.558732376058
0
0
0
0
0.0271902136456361
0
0
0
0
0
0
0
0
246.558732376058
0
0
0
0
1.06948173672839
0
0
0
0
0
0
1.06948173672839
1.06948173672839
1.06948173672839
1.06948173672833
0
0
0
0
0
0
0
0
0
0
0
0
0
0
0
0
0
0
0
0
0
0
0
0
0
0
0
0
0
0
0
0
0
0
0
0
0
753.816955203884
753.816955203884
0
0
0
0
0
0
0
0
0
0
0
0
0
0
0
0
0
0
0
0
0
0
0
0
0
0
0
0
0
0
0
0
0
0
0
0
0
0
0
0
0
0
0
0
0
0
0
0
1000
1000
-1000
0
0
0
741.660555132079
-1000
-741.66055513208
0
0
0
0
999.249246427778
-1000
0
0
0
0
0
0
0
0
0
0
0
0
0
0
0
0
0
0
0
0
0
0
0
0
0
0
0
0
0
0
0
0
0
0
0
0
0
0
0
0
1000
0
0
221.281955553359
0
0
0
0
0
0
0
0
0
0
0
-999.996119700638
999.996119700638
1000
999.996119700638
1000
-1000
-1000
0
0
0
0
0
0
0.00388029936209477
0
0
0
0
0
0
0
0
0
0
0
0
0
0
0
0
0
0
0
0
0.0154874557145985
0
0.00388029936204539
0
1000
0.00193452605875886
0.00193452605875886
0.00388029936209477
0
0.0135529296558397
0.00193452605875886
0.0290516326150201
-0.00193452605878974
0.00193452605875886
0.00193452605875886
0.00193452605875886
0.00193452605875886
0.00193452605875886
-0.00193452605878974
-0.0038690521174658
0.00193452605875886
0.00193452605875886
0.00193452605878974
0.00193452605875886
-0.00581482542077083
-0.00581482542077083
0.00388029936209477
0.00388029936209477
0.00193452605875886
0.00193452605875886
0
0
0.00388029936204539
0.00388029936204539
-0.00388029936209477
-0.00388029936209477
0.00388029936209477
0.00388029936209477
0.00193452605875886
0.00193452605875886
0.00193452605875886
0.00193452605875886
0.0484418821806685
-0.00581482542077083
-999.972882893444
0
0.0232368071941664
0
0
0
0
0
877.103596391095
0
0
0
0.00388029936204539
0
0
0
0
0.00194014968102269
0.00388029936209477
0.00388029936209477
0
0
0.00388029936204539
0.00388029936204539
0
0
0
0
0
0
0.00773810423503544
0.00193452605875886
0.00580357817627658
0.00193452605875886
-0.00193452605878974
0.00193452605875886
0.00193452605875886
0.00193452605875886
0.00193452605875886
0.00193452605875886
0.00193452605875886
0.00386905211751772
0.00193452605875886
0.00193452605875886
0.00193452605875886
0.00193452605875886
0.00193452605875886
0.00193452605875886
0.00388029936204539
0.00388029936204539
0.00388029936204539
0.00388029936204539
0.00388029936204539
0.00388029936204539
0.00388029936204539
0.00388029936204539
0.00388029936204539
0.00388029936204539
0.00388029936204539
0.00388029936204539
0.00388029936204539
0.00388029936204539
0
0
0
0
0
0
0
0
0
0
0
0
0.00388029936204539
0
0
0
0
0
0
0
0
0
0
0
0
0
0
0
0
0
0
0
0
0
0
0
0
0
0
0
0
0
0
0
0
0
0
0
0
0
0
0
0
0
0
0
0
0
0
0
0
0
0
0
0
0
0
0
0
0
0
0
0
0
0
0
0
0
0
0
1000
19.7195223975584
0
0
0
0
0
0.00388029936204539
0
0
0
0
0
0
0
0
0
0
0
479.752688079129
0
0
0
0
0
0
0
0
0
0
86.2059350196353
0
0
0
-353.046608637873
0
-299.407708198902
0
0
0
0.00208236433972834
0
0
0
0
0
0
0
0
0
0.00208236433972834
0
0
0
0
0
0
0
0.00208236433972834
0
0.00208236433972834
0
0.00208236433972834
0
0
0
0
0
0
0
0
0
0
0
0.806395590559799
0
0
0
0.00208236433972834
0
0
0
0
0
0.00208236433972834
0
0
0
0
0
0
0
0.00208236433972834
0
0
0
0.00208236433972834
0
0
0
0.00208236433972834
0
0.00208236433972834
0
0.00208236433972834
0
0.00208236433972834
0
0.00208236433972834
0
0.0437296511342951
0
0.0139806342471156
0
0.0598679747671897
0
0.0603885658521218
0
0.030714874010993
0
0.00208236433972834
0
19.7216047618981
0
0.148604620973165
0
0.00208236433972834
0
0.00208236433972834
0
0.00208236433972834
0
0.00208236433972834
0
0.996931927644942
0
0.0150971414630304
0
0.111927083260398
0
0.563800144981447
0
0.00340797582700379
0
0.00208236433972834
0
0.00208236433972834
0
0.0197824612274192
0
0.00208236433972834
0
0.00208236433972834
0
0.00208236433972834
0
0
663.703147235278
0
0
1.27865799045389
1000
-1000
0
0
0
0
-35.1033362527673
-1000
1000
0
-1000
1000
589.418028593542
0
752.382271688261
287.001911677519
-1000
-1000
0
0
1000
0
0
0
0
0
-5.92799144616015
1000
0
0
0
0
-286.998031378157
657.31355987185
-0.00388029936209477
0
0
0
-3.39612423053688
0
712.998088322481
0
0
0
-326.312560125542
249.01880865934
286.998031378157
-1000
338.413733777238
-552.32920618381
0
-122.777880182284
1000
1000
-1000
0
0
1000
1000
-1000
1000
0
-63.1008168234985
0
0
-1000
1000
1000
1000
0
0
0
0
0
0
-502.851397214942
0
0
0
0
0
0
0
0
0
1000
0
0
0
0
0
0
0
0
0
0
0
0
1000
0
0
0
0
0
0
0
0
0
-1000
-1000
1000
-1000
-1000
-1000
-1000
28.0940443295779
-1000
-1000
-1000
1000
1000
-1000
1000
-1000
-1000
-1000
-1000
1000
-41.7255432474495
-1000
-1000
1000
1000
1000
1000
1000
1000
-1000
1000
345.15723875714
-1000
-1000
-1000
-1000
-1000
-1000
-966.233330338608
1000
-1000
1000
-1000
-1000
-1000
-1000
-1000
-1000
-1000
-1000
-1000
-1000
-1000
1000
-1000
-1000
-1000
-1000
-1000
-1000
-1000
-1000
-976.17028774967
-1000
-1000
-1000
-894.808062002939
-1000
-1000
-1000
964.598320974276
-1000
1000
1000
1000
-1000
-1000
-1000
-1000
1000
-1000
955.532659717818
974.164577880295
-1000
1000
1000
-1000
1000
-1000
950.839730067782
1000
0
-1000
-960.838671741549
1000
1000
-1000
1000
-1000
-1000
-1000
-1000
-1000
-1000
-1000
-1000
-1000
-974.164577880295
1000
1000
1000
1000
1000
1000
1000
1000
-1000
1000
-1000
221.281955553359
-1000
-1000
-1000
1000
-246.963655958482
-1000
-1000
-886.873433568375
0
0
0
0
0
0
0
0
0
0
0
0
0
0
0
0
0
0
0
0
0
0
0
0
0
0
0
0
0
0
0
0
0
0
0
0
0
0
0
0
0
0
0
0
0
0
0
0
0
0
0
0
0
0
0
0
0
0
0
0
0
0
0
0
0
0
0
0
0
0
0
0
0
0
0
0
0
0
0
0
0
0
0
0
0
0
0
0
0
0
0
0
0
0
0
0
0
0
0
0
0
0
0
0
0
0
0
0
0
0
0
0
0
0
0
0
0
0
0
0
0
0
0
0
0
0
0
0
0
0
0
0
0
0
0
0
0
0
0
0
0
0
0
0
0
0
0
0
0
0
0
0
0
0
0
0
0
0
0
0
0
0
0
0
0
0
0
0
0
0
0
0
0
0
0
0
0
0
0
0
0
0
0
0
0
0
0
0
0
0
0
0
0
0
0
0
0
0
0
0
0
0
0
0
0
0
0
0
0
0
0
0
0
0
0
0
0
0
0
0
0
0
0
0
0
0
0
0
0
0
0
0
0
0
0
0
0
0
0
0
0
0
0
0
886.873433568375
0
0
0
0
0
0
0
0
0
0
0
0
0
0
0
0
0
0
0
0
0
0
0
0
0
0
0
0
0
0
0
0
0
0
0
0
0
0
0
0
0
0
0
0
0
0
0
0
0
0
0
0
0
0
0
0
0
0
0
0
0
0
0
0
0
0
0
0
0
0
0
0
0
0
0
0
0
0
0
0
-1000
1000
1000
1000
1000
1000
1000
159.57339179245
-1000
-1000
-73.3674567728152
-1000
-86.2059350196351
1000
1000
1000
-1000
-1000
1000
-1000
1000
1000
913.024767513728
-1000
-1000
-1000
-1000
-1000
1000
-1000
-1000
-1000
-86.9752324862718
-1000
-1000
1000
1000
-1000
-1000
-1000
-1000
997.359244461023
-839.657310740913
-1000
-1000
1000
1000
1000
-1000
-1000
-997.41348992138
-1000
-1000
-999.945754539643
-1000
0
0
0
0
0
1000
0
0
0
0
-1000
0
0
0
0
0
0
-1000
-1000
-0.509565786029725
0
0
0
0
0
1000
160.185534049531
0
0
0
0
0
0
0
0
0
-0.00388029936209477
0.00388029936204539
0
0
-0.00388029936209477
-0.00388029936209477
0
0
0
0
0
0
0
0
0
0
0
0
0
0
0
0
0
0
0
0
0
0
0
0.00388029936204539
0
0
-1000
-1000
-999.249246427778
1000
-1000
0
0
0
0
-0.00388029936209477
0
0.393915994173994
0
0
0
0
246.558732376058
0
0
0
0
499.902568401103
0
0
0
0
0
-1000
0
0
-209.119434661278
209.119434661278
0.00388029936204539
0
0
0
0
1000
0
0
0
0
0
0
-1000
1000
0
0
0
1000
0
0
0
0
0
0
0
0
0
0
0
0
0
0
0
0
0
0
0
0
0
0
0
0
0
1.06948173672839
0.00388029936204539
0
0
0
0
0
1000
0
0
0
-299.407708198902
0
2.0981209794953
0
0
0
0
1000
0
0
0
0
0
0
0
0
0
0
0
0
0.00388029936209477
-967.576354434953
451.883723010023
297.309587219406
1000
0
0
0
0
631.520661850321
0
0
0.00388029936244228
0
0
1000
0
0
0
0
481.105193580038
0
0
0
0
0
-1000
0
-1000
1000
0
0
0
0
0
0
0
0
0
0
0
-1000
1000
0
500
500
0
0
0
0
0
500
0
500
0
1000
0
997.993458771801
0
0
0
0
0
0
0
0
0
0
1.04906048974765
0
0.00388029936204539
-0.00388029936209477
0.00388029936204539
0.00388029936204539
0
0
0
0
0.00388029936209477
207.570978872002
0
1.0490604897476
0
0
-0.0116408980861706
2.00654122819913
-1000
-1000
-0.0838191525731418
-1000
1000
0
0
-1000
1000
-1000
147.861490404515
0
0
0
0
0
0
0
0
0
0
0
0
0
0
0.00388029936244228
0
0
145.854949176316
0
0
0
0
0
0
854.224989676895
0
0
0
0
0
0.00193452605875886
0
0
0
0
0
0
0
0
0.00388029936204539
0
0
0
0
0
0
0
0
0
19.7195223975584
0
-157.756179180467
0
0
0
0
0
0
0
0
0
0
0
0
0
1000
0
0
0
157.756179180467
0
0
0
0
0
0
0
0
0
0
0
0
0
0
0
0
0
0
0
0
0
0
0
0
0
0
0
2.50251190740607
0
0
0
0
0
0
0
0
0
0
0
0
0
0
0
0
0
0
0
0
0
0
0
0
0
0
0
0
0
0
0
0
0
0
0
0
0
0
0
0
0
0
0
0
0
0
0
0
0
0
0
0
0
0
0
0
0
0
0
0
0
0
0
0
0
0
0
0
0
0
0
0
0
0
0
0
0
0
0
0
0
0
0
0
0
0
0
0
0
0
0
0
0
0
0
0
0
0
0
0
0
0
0
0
0
0
0
0
0
0
0
-999.986458317589
0
0
0.00193452605878974
0
0
0
-0.0135416824113008
0
1000
0.0174219817733956
0
0
0
0
0
0
0
0
0
0
0
0
0
0
0
0.00388029936204539
0.00388029936204539
0.00388029936204539
-1000
-1000
0
-529.795788909898
-1000
0
0
0
0
0
0
-1000
1000
0
0
0
0
0
0
0
0
0
0
-1000
0
999.995835271321
-0.00208236433968523
-1000
-1000
-1000
-999.19568677378
-270.222698717552
-1000
0
0
0
0
0
0
0
0
0
0
-1000
0
1000
0.42501462529302
0.00388029936204539
0.00388029936204539
0.00388029936204539
0.00388029936204539
0.00388029936204539
0
0
0
1000
0
0
0
0.00624709301918501
0
0
0
0
0
0
0
-1000
0
0
0
0
0
0
0
1000
-1000
0
1000
0
0
-998.956139549665
0
0
0
0
0
0
0
0
0
0
0
0
0
0
0
0
0
0
0
0
0
0
0
19.7195223975584
0
0
0
0
0
0
19.7195223975584
0
0
0
0
0
19.7195223975584
0
0
0
0
0
19.7195223975584
0
0
333.327086240314
0
-1000
0
0
0
0
0.718420901824138
0
0
0
0
-1000
0
0
0
0
0
0
0
1000
-1000
-1000
-1000
-1000
1000
0
0
0
0
0
0
0
-1000
-950.692996411654
0
246.558732376058
0
0
999.976718203828
16.044554230543
0
0
0
0
0.624045864454629
0.624045864454629
-1000
-999.98452379153
0
0
0
0
0
0
0
0
-1000
0
0
0
0
0
0
0
1000
0.00388029936204539
0
0
0
0
0
0
0
0
87.7969476554995
1000
0
0
1000
0
0
0
1000
0
0.00580357817627658
0
0
-700.514723729443
0
0
-1000
0
0
0
-1000
-1000
0
0
0
0
1000
0
0
0
0
0
0
0
-750
0
0
0
0
-1000
-1000
0
0
1000
0
0
0
0
0.000965857123813471
0
0
0
0
0
0
0
0
997.997339071163
0
997.997339071163
0
0
0
0
0
0
0
0
0
-1000
519.057947701836
0
-1000
519.057947701836
-1000
-1000
480.942052298164
0
0
0
0
0
0
0
0
-1000
0
0
-1000
0.00193452605875886
0.00193452605875886
0
724.333934478825
-407.597337290226
-407.597337290226
0
199.956148212038
0
0
0
0
0
0
0
0
0
0
0
0
0
0
0
0
0
0
0
0
0
0
0
0
0
0.00388029936209477
0
0
0
0
0
0
0
0
0
0
0
0
0
0
0
0
0
0
0
0
0
0
0
0
0
0
0
0
0
0
0
0
0
0
0
0
0
0
0
0
0
0
0
0
0
-1000
0
-1000
0
0
0
0
0
0
-1000
0
0
0
0
0
0
0
0
0
0
0
999.928679021364
0
0
0
0
0
0
0
0
0
0
0
0
0
1000
0
0
0
1000
0
0
0
0
0
0
0
0
0
0
0
0
0
0
0
0
0
0
0
0
0
0
0
0
0
0
0
0
0
0
0
0
0
0
0
0
0
0
0
0
299.407708198902
0
0
0
0
0
0
0
0
0
0
0
0
0
0
299.409790563242
0
0
0
0
0
0
0
0
0
0
0
0
0
0
0
0
0
0
0
0
0
0
0
0
0
0
0
0
0
0
0
0
0
0
0
0
0
0
0
0
0
0
0
0
0
0
0
0
0
0
0
0
0
0
0
0
0
0
0
0
0
0
0
0
0
-1000
0
0
0
0
0
0
0
0
0
0
0
0
0
0
0
0
0
0
0
0
0
0
0
0
0
0
0
0
0
0
0
0
0
0
0
0
0
0
0
0
0
0
0
0
0
0
0
0
0
0
0
0
0
0
0
0
0
0
0
0
0
0
0
0
0
0
-1000
0
0
0
0
0
0
0
0
0
0
0
0
0
0
0
0
0
0
0
0
0
0
401.830011913771
0
0
68.4966785804378
0
-98.1730092210782
0
0
783.496896131749
17.0641625714269
-800.384322314479
0
0
662.428369544186
0
0
0
0
304.20932458043
0.0232817961722723
0
0
0
696.80945613871
0
0
0
0
0
0
0
0
0
0
0
-1.04594281467462
0
-35.1033362527673
0
0
0
0
0
0
0
0
0
0
0
0
0
0
0
0
0
0
0
0
0
0
0
0
0
0
0
0
0
0
0
0
0
0
0
0
0
0
0
0
0
0
0
0
0
0
0
0
0
0
0
0
0
0
0
0
0
0
0
0
0
0
0
0
0
0
0
0
0
0
0
0
0
0
0
0
0
0
0
-592.590631196969
0
0
0
0
0
0
0
0
0
0
0
0
0
0
0
0
0
0
0
0
0
0
0
0
0
0
0
0
0
0
0
0
0
0
0
0
0
0
0
0
-977.425917944224
0
0
0
0
0
0
0
0
0
0
0
0
0
0
0
0
0
0
0
0
0
0
0
0
0
0
0
0
0
0
0
0
0
0
0
0
0
0
0
0
0
0
0
0
0
0
0
0
0
0
0
0
0
0
0
0
0
0
0
0
0
0
0
0
0
0
0
0
0
0
0
0
0
0
0
0
0
0
0
0
0
0
0
0
0
0
0
0
0
0
0
0
0
0
0
0
0
0
0
0
0
0
0
0
0
0
0
0
0
0
0
0
0
0
0
0
0
0
0
0
0
0
0
0
0
0
0
0
0
0
0
0
0
0
0
0
0
0
0
0
0
-592.590631196969
-977.425917944224
0
0
0
0
0
0
0
0
1000
0
0
0
0
0
0
199.956148212038
0
0
0
0
0
0
0
0
0
0
0
0
-1000
0
0
0
0
0.00388029936209477
0.462233631975778
-1000
0
0
0
0
0
0
0
0
0
0
0
0
0
0
0
0
0
0
0
0
0
0
0
0
0
0
0
0
0
0
0
0
0
0
0
0
0
0
0
0
0
0
0
0
0
0
0
0
0
0
0
0
0
0
0
0
0
0
0
0
0
0
0
0
0
0
0
0
0
0
0
0
0
0
0
0
0
0
0
0
0
0
0
0
0
0
0
0
0
0
0
0
0
0
0
0
0
0
0
0
0
0
0
0
0
0
0
0
0
0
0
0
0
0
0
0
0
0
0
0
0
0
0
0
0
0
0
0
0
0
0
0
0
0
0
0
0
0
0
0
0
0
0
0
0
0
0
0
0
0
0
0
0
0
0
0
0
0
-1000
0
0
0
0
0
0
0
1000
0.00388029936209477
0
0
-122.145650036683
1000
0
0
0
0
0
0
0
0
0
0
0
0
0
0
0
0
0
1000
-1000
0
0
0
0
0
0
0
0
0
0
0
0
0
0
0
0
0
0
0
0
0
0
0
0
0
0
0
0
0
0
0
0
0
0
0
0
0
0
0
0
0
0
0
0
0
0
0
0
0
0
0
0
0
0
0
0
0
0
0
0
0
0
0
0
0
0
0
0
0
0
0
0
0
0
0
0
0
0
0
0
0
0
0
0
0
0
0
0
0
0
0
0
0
0
0
0
0
0
0
0
0
0
0
0
0
0
0
0
0
0
0
0
0
0
0
0
0
0
0
0
0
0
0
0
0
0
0
0
0
0
0
0
0
0
0
0
0
0
0
0
0
0
0
0
0
0
0
0
0
0
0
0
0
0
0
0
0
0
0
500
93.7270377305649
0
0
-1.0490604897476
0
0
500.26806388689
20.732420746001
45.3170227427281
0.112472445276678
93.7270377305649
0
0
0
0
0
0
0
0
0
0
0
0
0
0
0
0
0
0
0
900.141898873045
877.103596391095
0
-950.692996411654
-49.3070035883457
518.894806419962
-769.54934344564
0
1000
0
481.105193580038
0
118.31713438535
19.7195223975584
-19.7195223975584
0
-5.20591084932084
0
0
0.00388029936209477
0.0212910338908614
0
0
0
0
0
0
0
0
0
0
0
0
0
0
0
0
0
0
0
353.046608637872
0
299.407708198902
0
0
-326.312560125542
-0.996931927644937
-0.0437296511342993
0
-988.940790655427
-1000
-46.0366542520716
-1000
23.8297122503303
-18.6319181624771
-28.5226419003664
-4.94794404883442
-33.7666696613916
-1000
-1000
0
0
0
0
-1000
-41.7255432474495
-996.240350767273
-621.076091581468
-14.3061248173938
-11.0672839288731
-25.6817004051229
-914.967477897953
-25.8354221197047
839.814465950469
0
479.752688079129
-1000
-49.3070035883457
0
1000
0
0
999.805136802206
-1000
0
0
0
0
0.393915994173994
1.27477769109191
1000
0
0
0
0
0
0
0
0
0
0
-0.00388029936209477
221.278075253997
-221.281955553359
0
0
0
0
0
0
0
0
0
0
0
0
0
0
0
840.42660820755
0
157.756179180467
0
0
1000
-1000
246.558732376058
-0.00388029936209477
-0.00388029936209477
-1.06948173672833
0.750753572221811
0
0
-0.00388029936209477
0
-0.00388029936209477
0
0
0
-0.00388029936209477
0
0
0
-0.00388029936209477
0
0
0
0
0
1000
0
0
0
0
0
-1000
0
0
0
0
0
-35.1033362527673
0
0
0
0
0
0
0
-750.98119134066
0
0
0
-86.9752324862718
0
1000
0
0
-0.00388029936209477
-1000
0
0
0
0
0
0
0
0
0
0
0
0
0
1000
0
-3.39612423053688
-0.509565786029725
-1000
-1000
0
0
0
0
712.998088322481
0
0
2.64075553897715
0
0
0
0
0
338.413733777238
0
0
0
0
657.31355987185
1000
589.418028593542
0
0
752.382271688261
447.67079381619
0
0
0
209.119434661278
0
0
0
0
0
-1000
877.103596391095
0
0
0
0
0
-0.0542454603570377
0
0
0
912.203052344501
-286.998031378157
286.998031378157
0
0
0
0
0
0
0
287.001911677519
-1000
-1000
-5.92799144616015
0
-209.119434661278
0
0
0
0
0
0
1000
0
-0.0034079758270309
0
-0.563800144981428
-502.851397214942
-0.0307148740109824
-0.148604620973174
-0.0197824612274644
-0.111927083260412
-0.059867974767144
0
0
0
0
0
-0.00208236433968523
0
-0.00208236433968523
-0.00208236433968523
0
-0.0150971414630021
0
-0.00208236433968523
0
0
0
-16.044554230543
0
0
-0.00208236433968523
-0.0139806342471047
0
-19.7216047618981
-0.00208236433968523
-0.00208236433968523
-0.00208236433968523
-0.0603885658521222
0
0
0
0
0
-1000
1000
0
0
-1000
1000
-0.00388029936209477
-479.752688079129
750
-750
0
0
0
-1000
0
0
0
479.752688079129
0
0
0
0
0
0
0
0
0
0
0
0
0
0
0
1000
-1000
-724.333934478825
724.333934478825
724.333934478825
0
-1000
1000
0
-1000
-0.00208236433968523
0
0
0
0
0
0
0
-800.561058703176
800.384322314479
304.20932458043
0.0232817961722276
0
0
0
696.80945613871
0
-1000
0
-35.1033362527673
0
0
0
0
-1.04594281467462
0
0
0
0
0
0
0
0
0
0
0
0
0
0
0
0
0
0
0
0
0
0
0
0
0
0
0
0
0
0
0
0
0
0
0
0
0
0
0
0
0
0
0
0
0
0
0
0
0
0
0
0
0
0
0
0
0
0
0
0
0
0
0
0
0
0
0
0
-0.00208236433968523
0
0
0
0
0
0
0
0
0
0
0
0
0
0
0
0
0
0
0
0
0
0
0
0
0
0
0
0
0
0
0
0
0
0
0
0
0
0
0
0
0
0
0
0
0
0
0
0
0
0
0
0
0
0
0
0
0
0
0
0
0
0
0
0
592.590631196969
0
0
0
0
0
0
0
0
0
0
0
0
0
0
0
0
0
0
0
0
0
0
0
0
0
0
0
0
0
0
0
0
0
0
0
0
0
0
0
0
977.425917944224
0
0
0
0
0
0
0
0
0
0
0
0
0
0
0
0
0
0
0
0
0
0
0
0
0
0
0
0
0
0
0
0
0
0
0
0
0
0
0
0
0
0
0
0
0
0
0
0
0
0
0
0
0
0
0
0
0
0
0
0
0
0
0
0
0
0
0
0
0
0
0
0
0
0
0
0
0
0
0
0
0
0
0
0
0
0
0
0
0
0
0
0
0
0
0
0
0
0
0
0
0
0
0
0
0
0
0
0
0
0
0
0
0
0
0
0
0
0
0
0
0
0
0
0
0
0
0
0
0
0
0
0
0
0
0
0
0
0
0
0
0
0
0
0
0
0
0
0
0
0
0
1000
0
1000
0
0
0
-0.462233631975778
0
0
0
0
0
0
0
0
0
0
0
0
0
0
0
0
0
0
0
0
0
0
0
0
0
-1000
0
-877.854349963317
-0.00388029936209477
0
0
0
0
0
0
0
0
-998.721342009546
0
0
0
0
0
0
0
0
0
0
0
0
0
0
0
0
0
0
0
0
0
0
0
0
0
0
0
0
0
0
0
0
0
0
0
0
0
0
0
0
0
0
0
0
0
0
0
0
0
0
0
0
0
0
0
0
0
0
0
0
0
0
0
0
0
-1000
1000
1000
0
-0.00208236433968523
-0.00208236433968523
-0.00208236433968523
0
0
-0.00208236433968523
-0.80639559055976
0
-0.00208236433968523
-0.00208236433968523
-0.00208236433968523
-0.00208236433968523
0
0
0
-0.00208236433968523
0
-0.00208236433968523
0
-0.00208236433968523
0
-0.00208236433968523
-0.00208236433968523
-0.00208236433968523
0
-1000
93.7270377305649
0
1000
0
0
0
0
0
0
0
0
