0
0
0
0
0
0
0
700.019349516357
-919.321908694765
0
984.901563770087
0
0
199.292697767586
999.044533607498
0
999.742867523647
-999.742867523647
999.940985989034
0
0.0590140109663659
0
-1000
0.37094521178858
0
1000
-201.764906193719
0
-35.8386970970665
0.0306116110659039
0
0
0
0
0
0
0.028890623362438
0
0
0
35.4136375454835
0
0
0
0
0
0
0
0
0
0
0
0
0
0
0
0
0
0
0
0
0
0
0
0
0
0
0
0
35.8386970970664
0
0
0
0
1000
1000
0
0
0
0
35.8386970970665
0
-1000
0
0
0
0
0
0
0
0
0
0
0
0
0
0
0.00360936630818074
0.00360936630818287
0
0
0
0.00360936630818287
-0.00360936630818287
0
0
0
-0.00360936630818287
15.0984362299134
0
0
0
0
0
0
0
0
0
0
0
0
0
0
0
0
0
0
0
0
0
0
0
0
0
0
217.612229292871
0
0
1000
0
0
0
0
1000
0
0
0
0
-14.7743184976239
0
0
-1000
0
603.491099496149
0
0
0
-745.684977579284
0
0
57.2395653508661
458.710267388936
1000
401.462271465075
0
0
0
-1000
401.462271465075
600.754969232661
1000
-800.707302232414
0
0
1000
0
0
0
0
0
1000
767.27309739589
0
0
0
0
0
-3.97015908744299
0
0
0
0
0
0
480.529147544514
-229.591365957138
-1000
0
0
0
0
0
0
0
0
902.616324073131
422.087176528617
0
0
0
0
-426.061550902557
0
-999.995784713502
0
0
0
0
0
0
0
0
0
0
0
-1000
0
0
-1000
243.540341030593
0
0
0.465555944098676
0.465555944098676
0.698333916148014
0
0
0
426.061550902557
0
0
0
-1000
0
0
0
0
0
0
0
0
0
0
0
0
-1000
0
-1000
-1000
-289.532769965271
-1000
1000
-1000
244.782197562235
-1000
1000
-0.975812233451734
1000
0.698333916148044
0
-1000
1000
0
1000
245.169786834938
0
0
1000
0
0.181257319396695
0
-0.18125731939665
0
0.00179945218842634
0
0
0
0
0
0
0
0
0
0
0
0
0
0
0
0
0
1000
0
1000
0.00843057299522343
0
0
1000
0
-0.18125731939665
0
-0.698333916148044
0
0
0.698333916148044
0
0
0
0
0
0
0
0.698333916148044
0
0
0
1000
0.698333916148044
0
-1000
-0.975812233451734
0
0.00360936630818071
0
2.64874131170695
0
0
0
0
0
0
0
0
0
0
0
0
0
2.32777972049338
0
9.79934234394966
0
0
0
0
0
0
0
0
-443.640729827044
-1000
1000
3.01406846637246
-1000
1000
-1000
-556.19487399955
-1000
-1000
1000
-1000
1000
553.179006080989
1000
0
0
0
0
0
0
-1000
0
1000
-1000
-1000
0
0
0
0
1000
-1000
0
0
0
0
0
0
0.97581223345171
-1000
0
-307.931252574656
-1000
1000
-1000
473.579094089842
-1000
-165.647841515186
1000
1000
0
1000
-1000
1000
-1000
-1000
1000
-1000
-1000
1000
-5.95387116955737
-1000
1000
1000
0
0
0
0
0
757.162208172052
0
0
32.6487164863786
1000
0
0
-999.971125069534
1000
0
0
-466.350054453922
534.019020687642
0
0
0
0
0
0.0288749304655767
0
0
0
0
97.3692384616364
0
0
0
0
0.00360936630818074
0
1000
-0.0613592272393362
-999.938640772761
0
0
999.938640772761
0
0
0
0
0
0
0
0
0
0
0
0
0
0
0
0
0
0
0
0
0
0
0
0
0
0
0
0
0
0
0
0
0
0
0
0
0
0
0
0
0.00360936630818287
1000
0.105382162439923
0.105382162439923
0
-964.751002739654
0
0
-0.028874930465463
0
0
0
0
0
0
0
0
0
0
0
0
-466.469320471062
0
0
0
0
0
0
0
0
0
0
0
0
0
0
0
0
0
0
0
0
0
0
0
0
0
0
0
0
0
0
0
0
0.164396173406167
0
0
0
1000
0
371.106922868216
0
371.106922868216
0
0
-1000
0
0
0
0
0
0
0
0
0
0
0
0
0
0
0
0
0
0
0
0
0
0
0
0
0
0
0
0
0
0
0.164396173406167
0
0
0
0
0
0
0
0
0
982.669013032805
0
0
0
0
0
0
0
0
0
0
0
0
0
0
0
0
0
0
0
0
0
0
0
0
0
0
0
0
0
0
0
0
0
0
0
0
0
0
0
0
0
0
0
0
32.6523258526867
0
32.6523258526867
0
0
0
0
0
0
0
0
0
0
0
0
0
0
0
0
0
0
0
0
0
-1000
0
0.00421528649759756
0
0
0
0
0.762966856065158
0.762966856065158
0
0
0
0
0
0
0
0
0
0
0
0
0
0
0
0
0
0
0
0
0
0
0
0
0
0
-0.00360936630818287
0
0
0
-1000
0
0
-1000
0
0
0
0
2.19194897875073
0
0
2.19194897875073
0
0
0
0
0
0
0
0
0
0
2.19194897875073
0
2.19194897875073
0
0
0
13.0759974402078
37.2735727744002
23.8253049444356
17.4501745198503
25.872792088098
8.51568516568694
19.9164658519891
36.4359643974474
33.5508688768322
10.609706108069
20.5679390340636
42.3922906335563
33.457801279393
10.3305033157514
17.1244379288131
23.7322373469964
30.7588409536561
24.8955823149864
4.56031227452088
31.0380437459737
0
0
0
0
0
0
0
0
0
0
0
0
0
0
0
0
0
0
0
0
0
0
0
0
0
0
0
0
0
0
0
0
0
0
0
0
0
0
0
0
0
0
0
0
0
0
0
0
0
0
0
0
0
0
0
0
0
0
0
0
0
0
0
0
0
0
0
0
0
0
0
0
0
0
0
0
0
0
0
0
0
0
0
0
0
0
0
246.799011040029
0
0
0
0
0
0
-632.569122975326
0
0
0
0
1000
1000
0
0
0
0
0
0
0
533.498195232164
0
534.019020687642
-1000
-533.649945546078
-1000
0
-533.559554459404
466.469320471062
-533.677582481336
1000
1000
533.50662580516
1000
0
0
466.501804767835
0
-1000
-1000
-1000
0
0
0
466.469320471062
466.469320471062
533.559554459403
0
0
0
0
0
0
0
0
0
0
0
1000
233.70632420387
1000
1000
0
500
0
2.51262755111297
5
0
0
0
0
0
0
100.002764216622
0
266.780846259836
0
0
-0.00147130604023005
0
0
0
0
-0.00147130604023005
274.226006865301
232.683590208412
0
-0.00294261208046009
0
-0.00147130604023005
-0.547073138320116
0
-0.0919566275149464
0
-1000
-0.57123457012267
0
-0.00147130604023005
-0.00147130604023005
0.00147130604023005
-0.00147130604023005
0.00147130604023005
-0.00147130604023005
-0.00147130604023005
-0.00147130604023005
-0.00147130604023005
-0.00147130604023005
-0.00147130604023005
-0.00147130604023005
-0.00147130604023005
-0.00147130604023005
-0.00147130604023005
-0.00147130604023005
-0.0308974268450584
-0.0145979425410587
-0.0423000486568981
-0.0426678751668987
-0.0217017640935637
0.00147130604023005
0.00147130604023005
-0.0878496903578707
0.00147130604023005
0.00147130604023005
0.00147130604023005
0.00147130604023005
-0.704387766764285
-0.0106669687917247
-0.0790826996628766
-0.398356110394616
-0.0195556505796048
0.00147130604023005
0.00147130604023005
100.016741624005
0.00147130604023005
0.00147130604023005
-0.00147130604023005
0
0
0
0
0
0
0
0
0
0
0
0
0
0
0
0
0
0
0
0
0
0
0
0
0
0
0
0
0
0
0
0
0
0
0
0
0.00540227978956409
0
0
0
0
0
0
0
0
0
0
0
0
0
0
0
0
0
0
0
0
0
0
0
0
0
0
0
0
0
0
0
0
0
0
0
0
0
0
0
0
0
0
0
0
0
0
0
0
0
0
0
0
0
0
0
0
0
0
0
0
0
0
0
0
0
0
0
0
0
0
0
0
0
0
0
0
0
0
0
0
0
0
0
0
0
0
0
0
0
0
0
0
0
0
0
0
0
0
0
0
0
0
0
0
0
0
0
0
0
0
0
0
0
0
0
0
0
0
0
0
0
0
0
0
0
0
0
0
0
0
0
0
0
0
0
0
0
0
0
0
0
0.00147130604023876
0.00147130604023876
266.783788871916
0
456.833828270741
0
0
0
0
0.00147130604023876
0
0
0.00147130604023876
0
0
0
0
0
0
0
0
0
0
0
0
0
0
0
0
0
0
0
0
0
0
0
0
0
0
0
0
0
0
0
0
0
0
0
0
0
0
0
0
0
0
0
0
0
0
0
0
0
0
0
0
0
0
0
0
0
0
0
0
0
0
0
0
0
0
0
0
0
0
0
0
0
0
0
0
0
0
0
0
0
0
0
0
0
0
0
0
0
0
0
0
0
0
0
0
0
0
0
0
0
0
0
0
0
0
0
0
0
0
0
0
0
0
0
0
0
0
0
0
0
0
0
0
0
0
0
0
0
0
0
0
0
0
0
0
0
0
0
0
0
0
0
0
0
0
0
0
0
0
0
0
0
0
0
0
0
0
0
0
0
0
0
0
0
0
0
0
0
0
0
0
0
0
0
0
0
0
0
0
0
0
0
0
0
0
0
0
0
0
0
0
0
0
0
0
0
0
0
0
0
0
1000
0
0
0
0
0
0
0
0
0
0
0
0
0
0
0
0
0
0
0
0
0
0
0
0
0
0
0
0
0
0
0
0
0
0
0
0
0
0
0
0
0
0
0
0
0
0
0
0
0
0
0
0
0
0
0
0
0
0
0
0
0
-0.00450386143677406
0
0
0.00450386143677406
0
0.00450386143672989
0
0.00450386143672989
0
0
0
0
0
0
0
0
0
0
0
0
0
0
0
0
0
0
0
0
0
0
0
0
0
0
0
0
0
0
0
0
0
0
0
0
0
0
0
0
0
0
0
1000
1000
0
0
0
0
0
0
0
0
0
0
0
0
0
0
0
0
0
0
0
0
0
-1000
0
-1000
0
0
0
0
0
0
0
1000
1000
0
0
0
0
0
0
0
0
0
0
0
0
0
0
0
0
0
0
0
0
0
0
0
0
0
0
0
0
0
0
0
0
0
0
0
0
0
0
0
0
0
0
0
0
0
0
0
0
0
0
0
0
0
0
0
0
0
0
0
0
0
0
0
0
0
0
0
0
0
0
0
0
0
0
0
0
0
0
0
0
0
0
0
-1000
-53.4794291720049
0
0
0.00147130604023005
0
1000
0
0
266.782317565876
0
733.164347590165
456.8323569647
232.683590208412
0
0
0
0.00540227978956409
0.569763264082439
0
-999.430236735918
999.99852869396
0
0
0
0
0
0
0
0
0
0
0
0
0
-1000
0.00540227978956409
0
0
0
-0.014406079438686
0
0
0
0
0
0
0
0.014406079438686
0
0
0
0
0
100.002764216622
1000
-1000
0
0
0
-266.766917521009
1000
-0.0216561978490972
0
0
0.00147130604023005
-0.00147130604023005
0
0
266.835652409835
-266.835652409835
1000
0
0
0
-266.782317565876
-266.782317565876
-1000
0
-266.835652409835
-733.164347590165
-1000
0
-767.316409791588
-232.683590208412
-1000
0
0
0
0
0
-500.52783607273
0
-0.569763264082439
0
0
0
-999.430236735918
999.430236735918
-1000
0
0
0
-1000
0
0
0
-1000
0
0
0
0
0
0
0
0
0
0
0
0
0
0
0
0
0
0
0
-1000
1000
-1000
0
-1000
0
-1000
0
-1000
0
0
0
0
0
0
0
0
0
-1000
0
1000
0
-1000
0
-1000
0
1000
0
-1000
0
0
0
0
0
0
0
0
0
-399.983414700266
-600.016585299734
100.002764216622
-100.002764216622
0
0
0
0
0
0
0
0
0
0
0
0
0
0
0
0
0
0
0
0
0
0
0
0
0
0
0
0
0
0
0
0
0.00540227978956409
-0.00540227978956409
0
0
0
0
0
0
0
0
0
0
0
0
0
0
0
0
0
0
0
0
0
0
0
0
0
0
0
0
0
0
0
0
0
0
0
0
0.00540227978956409
-0.00540227978956409
0
0
0
0
0
0
0.014406079438686
0.014406079438686
0
0
0
0
0
0
0
0
0
0
0
0
0
0
0
0
-0.014406079438686
-0.014406079438686
0
0
0
0
0
0
0
0
0
0
0
0
0
0
0
0
0
0
0
0
0
0
0
0
0
0
0
0
0
0
0
0
0
0
0
0
0
0
0
0
0
0
0
0
1.18215987965593
0.00360936630818074
0
0
0
0
0
0
0
0
0.148740765001474
0
0
0
0
0
0
0
0
0
0
0
0
0
0
0
0
0
0
0
0
0
0
0
0
0
0
0
0
0
0
0
0
0
0
0
0
0
0
0
0
0
0
0
0
0
0
0
0
0
0
0
0
0
0
0
0
0
266.835652409835
266.835652409835
266.835652409835
0
0
0
0
266.780846259836
266.780846259836
0
0
0
0
0
0
0
0
0
0
0
0
0
0
0
0
0
0
0
0
0
0
0
0
0
0
0
0
0
0
0
0
0
0
0
0
0
0
0
0
0
0
0
0
0
0
0
0
0
0
0
0
0
0
0
0
0
0
0
0
0
0
0
0
0
0
0
0
0
0
0
0
0
0
0
0
0
0
0
0
0
0
0
0
0
0
0
0
0
0
0
0
0
0
0
0
0
0
0
0
0
0
0
0
0
0
266.782317565876
266.782317565876
266.782317565876
266.782317565876
-266.782317565876
0
0
0
0
0
0
0
0
0
0
0
0
0
0
0
0
0
0
0
0
0
0
0
0
0
0
0
0
0
0
0
0
0
0
0
0
0
0
0
0
0
0
0
0
0
0
0
0
0
0
0
0
0
0
0.00360936630818074
0.00360936630818074
0.00360936630818074
0.00360936630818074
0.00360936630818074
0
0
0
0
0
0
0
0
0
0
0
0
0
0
0
0
0
0
0
0
0
0
0
0
0
0
0
0
0
0
0
0
0
0
0
0
0
0
0
0
0
0
0
0
0
0
0
0
14.7743184976239
14.7743184976239
-14.7743184976239
4.9163509778222
-2.45637080575705
2.45637080575701
2.45637080575701
2.45637080575701
0
0
0
0
0
0
0
0
0
0
0
0
0
0
0
0
0
0
0
0
2.45637080575701
0
2.4491729970033
2.45637080575701
2.45637080575701
2.45637080575701
2.45637080575701
2.45637080575701
2.45637080575701
2.45637080575701
2.45637080575701
2.45637080575701
2.45637080575701
2.45637080575701
2.45637080575701
2.45637080575701
2.45637080575701
2.45637080575701
2.45637080575701
14.7743184976239
14.7743184976239
4.9163509778222
4.9163509778222
0
0
0
0
0
0
0
0
0
0
0
0
0
0
0
0
0
0
0
0
0
0
0
0
0
0
0
0
0
0
0
0
0
0
0
0
0
0
0
0
0
0
0
0
0
0
0
0
0
0
0
0
0
0
0
0
0
0
0
0
0
0
0
0
0
0
0
0
0
0
0
0
0
0
0
0
0
0
0
0
0
0
0
0
0
0
0
0
0
0
0
0
0
0
0
0
0
0
0
0
0
0
0
0
0
0
0
0
0
0
0
0
0
0
0
0
0
0
0
0
0
0
0
0
0
0
0
0
0
0
0
0
0
0
0
0
0
0
0
0
0
0
0
0
0
0
0
0
0
0
0
0
0
0
0
0
0
0
0
0
0
0
0
0
0
0
0
0
0
0
0
0
0
0
0
0
0
0
0
0
0
0
0
0
0
0
0
0
0
0
0
0
1.18215987965593
1.20738359608788
1.20738359608788
0
0
0
0
-1.20738359608788
1.20738359608788
0
0
0.0252237164319529
0
0
1000
0
0
0
0
0
0
0
0
0
0
0
0
0
0
0
0
0
0
0
0
0
0
0
0
0
0
0
0
0
0
0
0
0
0
0
0
0
0
0
0
0
0
0
0
0
0
0
0
0
0
0
0
0
0
0
0
0
0
0
0
0
0
0
0
0
0
0
0
0
0
0
0
0
0
0
0
0
0
0
0
0
0
0
0
0
0
0
0
0
0
0
0
0
0
0
0
0
0
0
0
0
0
0
0
0
0
0
0
0
0
0
0
0
0
0
0
0
0
0
0
1.18215987965593
0.00360936630818074
0
0
0
0
0
0
0
1.55628551856824
0
0
0
0.97581223345171
0.97581223345171
0.97581223345171
0
0
0
0
0
0
1.33451001096558
0
0
0
0.00360936630818074
0
0
0
0
-1.33451001096557
1.33451001096558
0
0
0
0
217.685459984043
0
0
232.24332809711
0
0
0.243389857726434
0
0.221775507602661
0
0
0
0
0
0
0
0
0
0
10.8804992512541
10.8804992512541
10.8804992512541
0
0
0
0
-0.148740765001435
0
0
0
0
0
0
0
0
0
0
0
0
0
0
0
0
0
0
0
0
0
0
0
0
0
0
0
0
0
0
0
0
0
0
0
0
0
0
0
0
0
0
0
0
0
0
0
0
0
0
0
0
0
0
0
0
0
0
0
0
0
0
0
0
0
0
0
0
0
0
0
0
0
0
0
0
0
0
0
0
0
0
0
0
0
0
0
0
0
0
0
0
0
0
0
0
0
0
0
0
0
0
0
0
0
0
0
0
0
0
0
0
0
0
0
0
0
1000
0
0
1000
1000
0
0
0
0
0
0
0
0
0
0
0
0
0
0
0
0
0
0
0
0
0
0
0
0
0
0
0
0
0
0
0
0
0
0
0
0
0
0
0
0
0
0
0
0
0
0
0
0
0
0
0
0
0
0
0
0
0
0
0
0
0
0
0
0
0
0
0
0
0
0
0
0
0
0
0
0
0
0
0
0
0
0
0
0
0
0
0
0
0
0
0
0
0
0
0
0
0
0
0
0
0
0
0
0
0
0
0
0
0
0
0
0
0
0
0
0
0
0
0
0
0
0
0
0
0
0
0
0
0
0
0
0
0
0
0
0
0
0
0
0
0
0
0
0
0
0
0
0
0
0
0
0
0
0
0
0
0
0
0
0
0
0
0
0
0
0
0
0
0
0
0
0
0
0
0
0
0
0
0
0
0
0
0
0
0
0
0
0
0
0
0
0
0
0
0
0
0
0
0
0
0
0
0
0
0
0
0
0
0
0
0
0
0
0
0
0
0
0
0
0
0
0
0
0
0
0
0
0
0
0
0
0
0
0
0
0
0
0
0
0
0
0
0
0
0
0
0
0
0
0
0
0
0
0
0
0
0
0
0
0
0
0
0
0
0
0
0
0
0
0
0
0
0
0
0
0
0
0
0
0
405.258985233543
0
0
405.258985233543
0
0
0
0
0
0
0
0
0
0
0
0
0
0
0
0
0
0
0
0
0
0
0
0
0
0
0
0
0
0
0
0
0
0
0
0
0
0
0
0
0
0
0
0
0
0
0
0
0
0
0
0
0
0
0
0
0
0
0
0
0
0
0
0
0
0
0
0
0
0
0
0
0
0
0
0
0
0
0
0
0
0
0
0
0
0
0
0
0
0
0
0
0
0
0
0
0
0
0
0
0
0
0
0
0
0
0
0
0.164396173406167
0.164396173406167
0
0
0
0.164396173406203
0.164396173406167
0
-246.799011040029
0
0
0
0.0252917189854475
0
0
0
0
0
0
0
246.799011040029
0
0
0
0
0
0.994807613433125
0
0
0
0
0
0
0.994807613433125
0.994807613433125
0.994807613433125
0.994807613433068
0
0
0
0
0
0
0
0
0
0
0
0
0
0
0
0
0
0
0
0
0
0
0
0
0
0
0
0
0
0
0
0
0
0
0
0
0
218.281317539177
218.281317539177
0
0
0
0
0
0
0
0
0
0
0
0
0
0
0
0
0
0
0
0
0
0
0
0
0
0
0
0
0
0
0
0
0
0
0
0
0
0
0
0
0
0
0
0
0
0
0
0
1000
1000
-1000
0
0
0
1000
1000
-1000
34.5506633441982
0
0
0
-1000
999.301666083852
0
0
0
0
0
0
0
0
0
0
0
0
0
0
0
0
0
0
0
0
0
0
0
0
0
0
0
0
0
0
0
0
0
0
0
0
0
0
0
0
-1000
0
0
0
0
0
0
0
0
0
0
0
0
0
0
0
0
0
-999.996390633692
999.996390633692
1000
999.996390633692
1000
-1000
-1000
0
0
0
0
0
0
0.00360936630818287
0
0
0
0
0
0
0.028874930465446
0.014437465232723
0.00360936630818074
0.00360936630818074
0.00360936630818074
0.00360936630818074
0
0.00360936630818074
0
0
0
0
0
0
0
0.0144060794387388
0
0.00360936630818074
0.0216143501237722
1000
0.00179945218842634
0.00179945218842634
0.00360936630818287
0
0.0126066272503125
0.00179945218842634
0.0270231686203503
-0.00179945218837929
0.00179945218842634
0.00179945218842634
0.00179945218842634
0.00179945218842634
0.00179945218842634
-0.00179945218837929
-0.00359890437687227
0.00179945218842634
0.00179945218842634
0.00179945218837929
0.00179945218842634
-0.00540881849656216
-0.00540881849656216
0.00360936630818287
0.00360936630818287
0.00179945218842634
0.00179945218842634
0.00360936630818074
0.00360936630818074
-0.00360936630818287
-0.00360936630818287
0.00360936630818287
0.00360936630818287
0.00179945218842634
0.00179945218842634
0.00179945218842634
0.00179945218842634
0.045059538229907
-0.00540881849656216
-999.974776283568
0
0
0
0
0
0
-1000
0
0
0
0.00360936630818074
0
0
0
0
0.00180468315409037
0.00360936630818287
0.00360936630818287
0
0.00360936630818074
0
0
0
0
0
-0.00360936630818287
0
0
0.00719780875370537
0.00179945218842634
0.00539835656527903
0.00179945218842634
-0.00179945218837929
0.00179945218842634
0.00179945218842634
0.00179945218842634
0.00179945218842634
0.00179945218842634
0.00179945218842634
0.00359890437685268
0.00179945218842634
0.00179945218842634
0.00179945218842634
0.00179945218842634
0.00179945218842634
0
0.00179945218842634
0.00360936630818074
0
0.00360936630818074
0
0.00360936630818074
0.00360936630818074
0.00360936630818074
0.00360936630818074
0.00360936630818074
0.00360936630818074
0
0.00360936630818074
0
0.00360936630818074
0.00360936630818074
0.00360936630818074
0.00360936630818074
0.00360936630818074
0
0
0
0
0
0
0
0
0
0
0
0
0
0
0
0
-0.00360936630818287
0
0
0
0
0
0
0
0
0
0
0
0
0
0
0
0
0
0
0
0
0
0
0
0
0
0
0
0
0
0
0
0
0
0
0
0
0
0
0
0
0
0
0
0
0
0
0
0
0
0
0
0
0
0
0
0
0
0
0
0
0
0
0
0
0
1000
350.009674758178
0
0
0
0
0
0.00360936630818074
0
0
0
0
0
0
0
0
0
0
0
0
0
0
0
0
0
0
0
0
0
0
0
611.52164259258
0
0
0
-100.002764216622
0
-266.780846259836
0
0
0
0.00147130604023876
0
0
0
0
0
0
0
0
0
0.00147130604023876
0
0
274.226006865301
0
0
0
0
0.00294261208047753
0
0
0
0.00147130604023876
0
0.547073138320128
0
0
0
0.0919566275149227
0
0
0
0.00147130604023005
0
0.5712345701227
0
0
0
0.00147130604023876
0
0.00147130604023876
0
0.00147130604023876
0
0.00147130604023876
0
0.00147130604023876
0
0.00147130604023876
0
0.00147130604023876
0
0.00147130604023876
0
0.00147130604023876
0
0.00147130604023876
0
0.00147130604023876
0
0.00147130604023876
0
0.00147130604023876
0
0.00147130604023876
0
0.00147130604023876
0
0.00147130604023876
0
0.030897426845014
0
0.0145979425410193
0
0.0423000486568644
0
0.0426678751669241
0
0.0217017640935217
0
0.00147130604023876
0
0.00147130604023876
0
0.0878496903578552
0
0.00147130604023876
0
0.00147130604023876
0
0.00147130604023876
0
0.00147130604023876
0
0.704387766764308
0
0.010666968791731
0
0.0790826996628335
0
0.398356110394645
0
0.0195556505795745
0
0.00147130604023876
0
0.00147130604023876
0
100.016741624005
0
0.00147130604023876
0
0.00147130604023876
0
0.00147130604023876
0
0
-1000
0
0.025223716431924
0
0
0
0
0
0
-1000
-1000
-1000
0
0.994807613433125
-1000
803.05735052924
-97.383675926869
0
216.946807528212
1000
-1000
-1000
0
0
1000
0
0
0
0
-5.51408296231989
763.729740450422
0
0
0
0
-1000
1000
-0.00360936630818287
0
0
0
0
-3.62455354515862
1000
0
0
0
0
0
0.030611611065865
1000
1000
-1000
-426.061550902557
0
23.8271750146603
955.709082428165
0
1000
-1000
0
0
1000
1000
381.482754285502
1000
0
1000
0
0
-1000
1000
1000
1000
0
0
0
0
0
-502.652304907066
0
0
0
0
0
0
0
0
0
1000
0
1000
0
0
0
0
0
0
0
0
0
0
1000
0
0
0
0
0
0
0
0
-1000
1000
-1000
-1000
1000
-1000
-1000
-1000
-1000
1000
-1000
1000
1000
-1000
-1000
-1000
-1000
-38.8121523460235
-1000
1000
-1000
-1000
-1000
1000
1000
1000
1000
1000
1000
-1000
-47.6876974354292
1000
-1000
-1000
-1000
-1000
-1000
-1000
-1000
1000
-1000
20.9978982568185
-1000
-1000
1000
-1000
-1000
-1000
-1000
354.898495737169
68.8091031507138
-1000
-1000
1000
-1000
-1000
-1000
-1000
-1000
-1000
-935.666007155071
-1000
-1000
-1000
-1000
-1000
-1000
-1000
1000
-1000
-587.21927092554
-1000
-26.5311134760543
1000
1000
-1000
-1000
-1000
-1000
1000
-1000
-1000
1000
0
1000
1000
-24.0928819155652
1000
-37.4001141929514
1000
1000
1000
-1000
10.2945360676732
1000
1000
1000
1000
-1000
-957.177750143689
-1000
-1000
1000
-1000
-1000
-1000
-1000
-1000
-1000
1000
1000
1000
1000
-1000
1000
1000
-1000
-1000
-1000
-1000
-1000
1000
-966.419955412177
999.938640772761
1000
-1000
-1000
-33.5800445878233
0
0
0
0
0
0
0
0
0
0
0
0
0
0
0
0
0
0
0
0
0
0
0
0
0
0
0
0
0
0
0
0
0
0
0
0
0
0
0
0
0
0
0
0
0
0
0
0
0
0
0
0
0
0
0
0
0
0
0
0
0
0
0
0
0
0
0
0
0
0
0
0
0
0
0
0
0
0
0
0
0
0
0
0
0
0
0
0
0
0
0
0
0
0
0
0
0
0
0
0
0
0
0
0
0
0
0
0
0
0
0
0
0
0
0
0
0
0
0
0
0
0
0
0
0
0
0
0
0
0
0
0
0
0
0
0
0
0
0
0
0
0
0
0
0
0
0
0
0
0
0
0
0
0
0
0
0
0
0
0
0
0
0
0
0
0
0
0
0
0
0
0
0
0
0
0
0
0
0
0
0
0
0
0
0
0
0
0
0
0
0
0
0
0
0
0
0
0
0
0
0
0
0
0
0
0
0
0
0
0
0
0
0
0
0
0
0
0
0
0
0
0
0
0
0
0
0
0
0
0
0
0
0
0
0
0
0
0
0
0
0
0
0
0
0
0
0
0
0
0
0
0
0
0
0
0
0
0
0
0
0
0
0
0
0
0
0
0
0
0
0
0
0
0
0
0
0
0
0
0
0
0
0
0
0
0
0
0
0
0
0
0
0
0
0
0
0
0
0
0
0
0
0
0
0
0
0
0
0
0
0
0
0
0
0
0
0
0
0
0
0.00360936630818074
0
0
0
0
1000
1000
-1000
1000
1000
1000
1000
1.69032988553681
-1000
-1000
-605.181429381686
-1000
1000
1000
1000
-1000
-1000
-1000
998.309670114463
-1000
1000
1000
-1000
-371.847107998826
-1000
-1000
-1000
-611.52164259258
1000
-1000
-1000
394.768112723519
605.231887276481
-1000
-1000
-1000
1000
-1000
-1000
-1000
-1000
1000
-1000
-1000
-999.949542105205
1000
-1000
0
-1000
-1000
-1000
-1000
-1000
1000
-1000
0
0
0
0
0
0
0
0
0
0
0
0
0
0
0
0
0
0
0
0
-1000
-1000
-0.00843057299516659
0
0
0
0
0
1000
0
0
0
0
0
0
0
0
0
0
-0.00360936630818287
0.00360936630818074
0
0
-0.00360936630818287
-0.00360936630818287
0
0
0
0
0
0
0
0
0
0
0
0
0
0
0
0
0
0
0
0
0
0
0
0
0
0
0.00360936630818074
0
0
-1000
1.8983374915116
1000
-1.8983374915116
-1000
0
0
0
0
217.685459984043
0
0
0
0
246.799011040029
0
0
0
0
0
0
0
0
0
0
0
0
87.3199161258257
0
0
0
0.00360936630818074
0
0
0
0
25.37737553045
622.879445478394
1000
0
0
0
0
0
-763.729740450422
-0.00360936630818287
963.253577615678
0
0
0
0
0
0
0
0
0
0
0
0
0
0
0
0
0
0
0
0
0
0
0
0
0
0
0
0
0
0
0
0
0
0
0
0.00360936630818074
0
0
0
0
0
1000
0
-1000
0
-266.780846259836
0
1.95162446690342
0
0
0
0
1000
0
-999.938640772761
466.350054453922
0
0
0
0
0
0
0
-0.028874930465463
0
0.00360936630818287
0
-1000
533.559554459403
0
-735.170778207068
217.612229292871
0
0
0
533.551123886408
1000
1000
0
0
0
1000
0
0.00360936630818287
0
0
1000
0
0.0613592272393362
0
0
1000
0.028874930465463
0
-984.901563770087
0
0
-1000
0.00360936630818074
-1000
1000
0
0
0
0
0
0
0
0
0
0
0
0.00843057299516659
-533.559554459404
0
0
0
0
0
0
0
0
0
0
0
0
1000
0
242.837791827948
0
0
0
0
0
0
0
0
0
0
0.97581223345171
0
0.00360936630818074
-0.00360936630818287
0.00360936630818074
0.00360936630818074
0
0
0.00360936630818287
0
0
0
0.975812233451734
0
0
-0.0108280989245486
-1000
512.380010609818
-1000
1000
-1000
1000
0
0
-1000
755.217802437765
-1000
-1000
0
0
0
0
0
0
0
0
0
0
0
0
0
0
0
0
0
0
0
0
0
0
0
0
0
244.782197562235
0
0
0
0
0
0.00179945218842634
0
984.901563770087
0
0
0
0
0
0
0.00360936630818074
0
0
0
0
0
0
0
0
0
0
-700.019349516357
0
0
0
0
0
0
0
0
0
0
0
0
0
1000
0
0
0
700.019349516357
0
0
0
0
0
0
0
0
0
0
0
0
0
0
0
0
0
0
0
0
0
0
0
0
0
0
0
2.32777972049337
0
0
0
0
0
0
0
0
0
0
0
0
0
0
0
0
0
0
0
0
0
0
0
0
0
0
0
0
0
0
0
0
0
0
0
0
0
0
0
0
0
0
0
0
0
0
0
0
0
0
0
0
0
0
0
0
0
0
0
0
0
0
0
0
0
0
0
0
0
0
0
0
0
0
0
0
0
0
0
0
0
0
0
0
0
0
0
0
0
0
0
0
0
0
0
0
0
0
0
0
0
0
0
0
0
0
0
0
0
0
0
0
0
-999.969388388934
0
0
0.00179945218837929
0
0.0288121588774857
0
0
-0.030611611065865
0
1000
0
0
0
0
0.016205531627179
0
0
0
0
0
0
0
0
0
0
0
0
0
0
0
0
0
0
0
0.00360936630818074
0.00360936630818074
0.00360936630818074
-1000
-1000
0
-266.766917521009
1000
0
0
0
0
0
0
-1000
0
0
0
0
0
0
0
0
0
0
0
-1000
0
1000
0
-1000
-500.52783607273
-1000
-999.430236735918
-1000
-1000
0
0
0
0
0
0
0
0
0
0
-1000
0
1000
0.395338948335179
0.00360936630818074
0.00360936630818074
0.00360936630818074
0.00360936630818074
0.00360936630818074
0
0
0
0
1000
0.0805540057030723
0
0
0
0
0.00147130604023876
0
0
0
0
0
0
0
0
0
-1000
0
0
0
0
0
0
1000
-999.99852869396
0
1000
0
0
-999.99852869396
0
0
0
0
0
0
0
0
0
0
0
0
0
0
0
0
0
0
0
0
0
0
0
100.002764216622
0
0
0
0
0
0
100.002764216622
0
0
0
100.002764216622
0
0
0
0
0
0
0
0
0
0
0
0.00360936630818074
-0.698333916148044
0
0
0
0
0
0
0
0
0
-1000
0
0
0
0
0
0
0
782.387770707129
1000
-1000
-1000
-1000
-1000
1000
0
0.0216143501237722
0
0
0
0
-999.818742680603
-1000
-1000
0
246.799011040029
0
0
999.978343802151
0
0
0
0
0
0.580473285116531
0.580473285116531
0
-999.967588936746
0
0
0
0
0
0
14.9242798212803
0
-1000
0
0
0
0
0
0
0
1000
0.00360936630818074
0
0
0
0
0
0
0
0
-999.298056717544
1000
0
0
1000
0
0
0
1000
0
0.00539835656527903
0
0
-733.164347590165
0
-131.157008108788
0
0
0
-1000
-1000
0
0
0
0
-266.782317565876
0
0
0
-1000
1000
-1000
1000
0
0
-658.142280743831
0
0
0
0
-1000
-1000
0
0
-1000
0
0
0
0
0.00540227978952705
0
0
0
0
0
0
0
0
242.837791827948
0
1000
0
0
0
0
0
0
0
0
0
466.59219585451
0
0
-1000
1000
-1000
-466.440445540596
1000
0
0
0
0
0
0
0
0
0
0
0
1000
0.00179945218842634
0.00179945218842634
0
-1000
-405.258985233543
-405.258985233543
232.683590208412
0
0
0
0
0
0
0
0
0
0
0
0
0
0
0
0
0
0
0
0
0
0
0
0
0
-0.014406079438686
0
0
0
0
0
0
0
0
0
0
0
0
0
0
0
0
0
0
0
0
0
0
0
0
0
0
0
0
0
0
0
0
0
0
0
0
0
0
0
0
0
0
0
0
0
-1000
0
-1000
0
0
0
0
0
0
-1000
0
0
0
0
0
0
0
0
0
0
0
733.164347590165
0
0
0
0
0
0
0
0
0
0
0
0
0
1000
0
0
0
0
0
0
0
0
0
0
0
0
0
0
0
0
0
0
0
0
0
0
0
0
0
0
0
0
0
0
0
0
0
0
0
0
0
0
0
0
0
0
0
0
0
266.780846259836
0
0
0
0
0
0
0
0
0
0
0
0
0
0
0
0
0
0
0
0
0
0
0
0
0
0
0
0
0
0
0
0
0
0
0
0
0
0
0
0
0
0
0
0
0
0
0
0
0
0
0
0
0
0
0
0
0
0
0
0
0
0
0
0
0
0
0
0
0
0
0
0
0
0
0
0
0
0
0
0
0
0
0
0
0
0
0
0
0
0
0
0
0
0
0
0
0
0
0
0
0
0
0
0
0
0
0
0
0
0
0
0
0
0
0
0
0
0
0
0
0
0
0
0
0
0
0
0
0
0
0
0
0
0
0
0
0
0
0
0
0
0
0
0
0
0
-1000
0
0
0
0
0
0
0
0
0
0
0
0
0
0
0
0
0
0
0
0
0
0
0
248.561659193095
248.561659193095
0
-98.537728534925
0
1000
-1000
0.164396173406203
0
-963.253577615678
0
-87.3199161258257
-1000
0
0
0
0
920.262931992748
0.0216561978490972
0
0
0
0
0
0
0
0
0
0
0
0
0
0
0
-32.6523258526867
0
0
0
0
0
0
0
0
0
0
0
0
0
0
0
0
0
0
0
0
0
0
0
0
0
0
0
0
0
0
0
0
0
0
0
0
0
0
0
0
0
0
0
0
0
0
0
0
0
0
0
0
0
0
0
0
0
0
0
0
0
0
0
0
0
0
0
0
0
0
0
0
0
0
0
0
0
0
0
0
0
0
0
0
0
0
0
0
0
0
0
0
0
0
0
0
0
0
0
0
0
0
0
0
0
0
0
0
0
0
0
0
0
0
0
0
0
0
0
0
0
0
0
0
0
0
0
0
0
0
0
0
0
0
0
0
0
0
0
0
0
0
0
0
0
0
0
0
0
0
0
0
0
0
0
0
0
0
0
0
0
0
0
0
0
0
0
0
0
0
0
0
0
0
0
0
0
0
0
0
0
0
0
0
0
0
0
0
0
0
0
0
0
0
0
0
0
0
0
0
0
0
0
0
0
0
0
0
0
0
0
0
0
0
0
0
0
0
0
0
0
0
0
0
0
0
0
0
0
0
0
0
0
0
0
0
0
0
0
0
0
0
0
0
0
0
0
0
0
0
0
0
0
0
0
0
0
0
0
0
0
0
0
0
0
0
0
0
0
0
0
0
232.683590208412
0
0
0
0
0
0
0
0
0
0
0
-1000
0
0
0
0
0.00360936630818287
-982.23905381005
0
0
0
0
0
0
0
0
0
0
0
0
0
0
0
0
0
0
0
0
0
0
0
0
0
0
0
0
0
0
0
0
0
0
0
0
0
0
0
0
0
0
0
0
0
0
0
0
0
0
0
0
0
0
0
0
0
0
0
0
0
0
0
0
0
0
0
0
0
0
0
0
0
0
0
0
0
0
0
0
0
0
0
0
0
0
0
0
0
0
0
0
0
0
0
0
0
0
0
0
0
0
0
0
0
0
0
0
0
0
0
0
0
0
0
0
0
0
0
0
0
0
0
0
0
0
0
0
0
0
0
0
0
0
0
0
0
0
0
0
0
0
0
0
0
0
0
0
0
0
0
0
0
0
0
0
0
0
-603.491099496149
0
0
0
0
0
0
0
1000
0.00360936630818287
0
0
0
0
0
543.1676430353
0
0
0
0
0
0
0
0
0
0
0
0
0
0
0
0
0
0
0
0
0
0
0
0
0
0
0
0
0
0
0
0
0
0
0
0
0
0
1000
0
0
0
0
0
0
0
0
0
0
0
0
0
0
0
0
0
0
0
0
0
0
0
0
0
0
0
0
0
0
0
0
0
0
0
0
0
0
0
0
0
0
0
0
0
0
0
0
0
0
0
0
0
0
0
0
0
0
0
0
0
0
0
0
0
0
0
0
0
0
0
0
0
0
0
0
0
0
0
0
0
0
0
0
0
0
0
0
0
0
0
0
0
0
0
0
0
0
0
0
0
0
0
0
0
0
0
0
0
0
0
0
0
0
0
0
0
0
0
0
0
0
0
0
0
0
0
0
0
0
0
0
0
0
0
533.64633617977
500
87.1827610671678
0
0
-0.975812233451734
0
0
465.337987196008
19.2848267480575
42.1528649759756
0.104619313280601
87.1827610671678
0
0
0
0
0
0
0
0
0
0
0
0
0
0
0
0
0
0
0
897.800435405464
-1000
0
-1000
0
0
0
0
0.0288749304655767
0
-1000
-100.002764216622
500.013821083112
-150.004146324934
0
100.002764216622
-3.67826510059695
0
-0.00450386143677406
0.00360936630818074
0
0
0
0
0
0
0
0
0
0
0
0
0
0
0
0
0
0
0
100.002764216622
0
266.780846259836
0
0
0.030611611065865
-0.704387766764285
-0.0308974268450584
0
-10.7108729840113
-20.9978982568185
-42.8222498563113
-33.5800445878233
22.1658569365242
-1000
-26.5311134760543
-4.60246513949687
-31.4089889577623
-1000
-1000
0
0
0
0
-1000
-38.8121523460235
-114.869996419458
-26.6897991786107
-13.3072322773862
-10.2945360676732
-23.8885342418996
-1000
975.907118084435
713.910607413544
0
0
0
0
0
1000
-0.00360936630818287
0
999.818742680603
-1000
0
0
0
0
217.685459984043
0
1000
0.0613592272393362
0
0
0
0
0
0
0
0
0
0
0
0
0
-0.00360936630818287
0
0
0
0
0
0
0
0
0
0
0
0
0
0
0
-1000
1000
1000
-1.69032988553681
0
0
-1000
-1000
246.799011040029
-0.00360936630818287
-0.00360936630818287
-0.994807613433068
0.698333916148044
0
0
-0.00360936630818287
0
-0.00360936630818287
0
0
0
-0.00360936630818287
0
0
0
-0.00360936630818287
0
0
0
0
0
-0.00360936630818287
0
0
0
0
0
-603.491099496149
0
0
0
0
0
1.8983374915116
0
0
0
0
0
0
0
-196.94264947076
0
0
0
0
-983.368750591406
0
1000
0
0
-0.00360936630818287
0
0
0
0
0
0
0
0
0
0
0
0
0
0
-377.120554521606
-3.62455354515862
-0.00843057299516659
-1000
-1000
0
0
0
0
0
0
0
0
2.45637080575693
0
0
0
0
0
0
-426.061550902557
0
0
0
0
1000
1000
-97.383675926869
0
0
216.946807528212
1000
0
0
0
0
0
0
0
0
0
-1000
-1000
0
0
0
0
0
0
-0.0504578947950449
0
0
0
0
0
997.399719226032
-1000
1000
0
0
0
0
0
-1000
1000
-1000
0
-5.51408296231989
0
0
0
0
0
0
0
0
0
0
1000
0
0
-0.0195556505796048
-0.00147130604023005
-0.398356110394616
-502.652304907066
-0.0217017640935637
-0.0878496903578707
-100.016741624005
-0.0790826996628766
-0.0423000486568981
-0.00147130604023005
0
0
274.226006865301
0
-0.00147130604023005
0
-0.00294261208046009
-0.00147130604023005
0
-0.0106669687917247
0
-0.00147130604023005
-0.547073138320116
0
0
0
0
-14.9242798212803
-0.00147130604023005
-0.0145979425410587
0
-0.00147130604023005
-0.00147130604023005
-0.00147130604023005
-0.00147130604023005
-0.0426678751668987
0
-0.0919566275149464
0
0
0
-131.157008108788
131.157008108788
0
0
-1000
1000
-0.00360936630818287
0
658.142280743831
-658.142280743831
0
0
0
-1000
0
0
0
0
0
0
0
0
0
0
0
0
0
0
0
0
0
0
-1000
1000
1000
-1000
-1000
0
-1000
1000
0
-0.00147130604023005
-0.00147130604023005
0
0
0
0
0
0
-0.164396173406203
920.262931992748
0.0216561978490972
0
0
0
0
0
-1000
-32.6523258526867
0
0
0
0
0
0
0
0
0
0
0
0
0
0
0
0
0
0
0
0
0
0
0
0
0
0
0
0
0
0
0
0
0
0
0
0
0
0
0
0
0
0
0
0
0
0
0
0
0
0
0
0
0
0
0
0
0
0
0
0
0
0
0
0
0
0
0
0
0
-0.00147130604023005
0
0
0
0
0
0
0
0
0
0
0
0
0
0
0
0
0
0
0
0
0
0
0
0
0
0
0
0
0
0
0
0
0
0
0
0
0
0
0
0
0
0
0
0
0
0
0
0
0
0
0
0
0
0
0
0
0
0
0
0
0
0
0
0
0
0
0
0
0
0
0
0
0
0
0
0
0
0
0
0
0
0
0
0
0
0
0
0
0
0
0
0
0
0
0
0
0
0
0
0
0
0
0
0
0
0
0
0
0
0
0
0
0
0
0
0
0
0
0
0
0
0
0
0
0
0
0
0
0
0
0
0
0
0
0
0
0
0
0
0
0
0
0
0
0
0
0
0
0
0
0
0
0
0
0
0
0
0
0
0
0
0
0
0
0
0
0
0
0
0
0
0
0
0
0
0
0
0
0
0
0
0
0
0
0
0
0
0
0
0
0
0
0
0
0
0
0
0
0
0
0
0
0
0
0
0
0
0
0
0
0
0
0
0
0
0
0
0
0
0
0
0
0
0
0
0
0
0
0
0
0
0
0
0
0
0
0
0
0
0
0
0
0
0
0
0
0
0
0
1000
0
0
0
0
0
0
0
603.491099496149
868.842991891212
1000
0
0
0
982.23905381005
0
0
0
0
0
0
0
0
0
0
0
0
0
0
0
0
0
0
0
0
0
0
0
0
0
0
0
0
-543.1676430353
0
-1000
-0.00360936630818287
0
0
0
0
0
0
0
-1000
-999.974776283568
1000
0
0
0
0
0
0
0
0
0
0
0
0
0
0
0
0
0
0
0
0
0
0
0
0
0
0
0
0
0
0
0
0
0
0
0
0
0
0
0
0
0
0
0
0
0
0
0
0
0
0
0
0
0
0
0
0
0
0
0
0
0
0
0
0
0
0
0
0
0
-0.00147130604023005
-0.00147130604023005
-0.00147130604023005
0
-0.00147130604023005
-0.57123457012267
0
-0.00147130604023005
-0.00147130604023005
-0.00147130604023005
-0.00147130604023005
0
-0.00147130604023005
-0.00147130604023005
-0.00147130604023005
-0.00147130604023005
-0.00147130604023005
-0.00147130604023005
-0.00147130604023005
0
-0.00147130604023005
-0.00147130604023005
-0.00147130604023005
-632.569122975326
0
0
87.1827610671678
0
1000
0
0
0
0
0
0
0
0
0
