0
0
0
0
0
0
0
780.256659884898
-1000
0
1000
0
0
199.292697767587
0
0
999.742867523647
-999.742867523647
999.940985989034
0
0.0590140109663658
0
-1000
0.37094521178858
0
1000
-201.764906193719
0
-35.8386970970665
0.0594237699433815
0
0
0
0
0
0
0.028890623362438
0
0
0
35.4136375454835
0
0
0
0
0
0
0
0
0
0
0
0
0
0
0
0
0
0
0
0
0
0
0
0
0
35.8386970970665
0
0
0
0
0
0
0
1000
1000
0
0
0
0
0
0
-1000
0
0
0
0
0
0
0
0
0
0
0
0
0
0
0.00360936630818074
0.00360936630818287
0
0
0
0.00360936630818287
-0.00360936630818287
0
0
0
-0.00360936630818287
0
0
0
0
0
0
0
0
0
0
0
0
0
0
0
0
0
0
0
0
0
0
0
0
0
0
0
218.053010229566
0
0
1000
0
0
0
0
1000
0
0
0
0
-14.7743184976239
0
0
-1000
0
-18.8126562527609
0
0
0
-204.39524496822
0
0
598.52929796193
1000
1000
401.462271465075
0
0
0
-1000
401.462271465075
600.754969232662
1000
-800.707302232413
0
0
1000
0
0
0
0
0
1000
767.314196439241
0
0
0
0
0
-3.97015908744311
0
0
0
0
0
0
0
748.285476680309
-1000
0
0
0
0
0
0
0
0
0
0
0
0
0
0
-3.97437437394069
0
223.042055921212
0
0
0
0
0
0
0
0
0
0
1000
0
0
0
-1000
0
0.702549202645611
0
0.465555944098676
0
0
0.431197945799588
0.698333916148014
0
-32.6487164863785
0
0
780.934193166688
-219.065806833312
0
-780.934193166688
0
0
0
0
0
0
0
0
0
0
-1000
0
-1000
0
-1000
-1000
0
1000
0
-1000
-2.54851252227365
-0.975812233451734
997.590038321614
0
0
-0.698333916148044
0
0
-1000
2.29763700869189
0
0
1000
0
0.181257319396695
0
-0.18125731939665
0
0.00179945218842634
0
0
0
0
0
0
0
0
999.742867523647
0
497.347695092934
0
0
0
0
0
0
287.001911677519
0
1000
0.0427885712942819
0
0
1000
0
-0.18125731939665
0
-0.698333916148044
0
0
0.698333916148044
0
0
0
0
0
0
0
-1000
0
0
0
-1000
0.698333916148044
0
-5.91951317125813
-0.975812233451734
1000
0.00360936630818074
0
2.61438331340785
0
0
0
0
0
0
0
0
0
712.998088322481
0
0
0
2.32777972049338
0
9.79934234394965
0
0
0
0
0
0
0
0
53.7069652658899
-1000
-223.037840634714
-1000
-1000
555.727518603262
-1000
946.457430907516
0
-1000
1000
-1000
1000
0.465555944098696
1000
0
-1000
0
0
0
0
-1000
0
1000
-1000
0
0
0
0
1.9444057342871
1000
-1000
0
0
0
0
0
0
0.97581223345171
-1000
0
1000
-1000
1000
-1000
-775.56549153299
-1000
-224.468866465309
1000
1000
1000
1000
-1000
0
-1000
-1000
1000
-1000
-1000
1000
1000
-1000
1000
1000
0
0
0
0
0
0
0
0
32.6487164863786
0
0
0
-999.971125069535
1000
0
0
0
67.8333624071258
0
0
0
0
0
0.028874930465463
0
0
0
0
0
0
0
0
0
0.00360936630818074
0
1000
-0.0613592272391088
-999.938640772761
0
0
999.938640772761
0
0
0
0
0
0
0
0
0
0
0
0
0
0
0
0
0
0
0
0
0
1000
0
0
0
0
0
-1000
1000
0
0
0
0
0
0
0
0
0
0
0
0.00360936630818287
1000
0.105382162439923
0.105382162439923
0
-999.301666083852
0
0
-0.028874930465463
0
0
0
0
0
0
0
0
0
0
0
0
-466.387122384359
0
0
0
0
0
0
0
0
0
0
0
0
0
0
0
0
0
0
0
0
0
0
0
0
0
0
0
0
0
0
0
0
0.164396173406306
0
0
0
-1000
0
0
0
0
0
0
1000
0
0
0
0
0
0
0
0
0
0
0
0
0
0
0
0
0
0
0
0
0
0
0
0
0
0
0
-541.591514630281
0
0
0.164396173406306
0
0
0
0
0
0
0
0
0
982.669013032805
0
0
0
0
0
0
0
0
0
0
0
0
0
0
0
0
0
0
0
0
0
0
0
0
0
0
0
0
0
0
0
0
0
0
0
0
0
0
0
0
0
0
0
0
32.6523258526867
0
32.6523258526867
0
0
0
0
0
0
0
0
0
0
0
0
0
0
0
0
0
0
0
0
0
1000
0
0.00421528649759756
0
0
0
0
0.762966856065158
0.762966856065158
0
34.5506633441981
0
0
0
0
0
0
0
0
0
0
0
0
0
0
0
0
0
0
0
0
0
0
0
0
-0.00360936630818287
0
0
0
-1000
0
0
-1000
0
0
0
0
2.19194897875073
0
0
2.19194897875073
0
0
0
0
0
0
0
0
0
0
2.19194897875073
0
2.19194897875073
0
0
0
13.0759974402078
37.2735727744002
23.8253049444356
17.4501745198503
25.872792088098
8.51568516568694
19.9164658519891
36.4359643974474
33.5508688768322
10.609706108069
20.5679390340635
42.3922906335563
33.457801279393
10.3305033157514
17.1244379288131
23.7322373469964
30.7588409536561
24.8955823149864
4.56031227452088
31.0380437459737
0
0
0
0
0
0
0
0
0
0
0
0
0
0
0
0
0
0
0
0
0
0
0
0
0
0
0
0
0
0
0
0
0
0
0
0
0
0
0
0
0
0
0
0
0
0
0
0
0
0
0
0
0
0
0
0
0
0
0
0
0
0
0
0
0
0
0
0
0
0
0
0
0
0
0
0
0
0
0
0
0
0
0
0
0
246.799011040028
0
0
246.799011040028
0
0
0
0
0
-1000
0
0
0
0
1000
1000
-1000
-1000
0
0
0
0
0
533.580393318868
0
67.8333624071258
-533.732143632781
-533.732143632781
-1000
0
-533.641752546107
466.387122384359
-533.759780568039
1000
1000
533.588823891863
1000
0
0
466.419606681132
0
-1000
-1000
-1000
0
0
0
466.387122384359
466.387122384359
533.641752546107
0
0
0
0
0
0
0
0
0
0
0
1000
233.665225160518
1000
1000
0
500
0
2.51804160057524
5
0
0
0
0
0
0
111.730332807193
0
266.821945303187
0
0
-0.00147130604023005
0
0
0
0
-0.00147130604023005
245.288164817498
232.64249116506
0
-0.00147130604023005
0.00147130604023005
-0.00147130604023005
0
0
-0.0919566275149464
0
-1000
-0.57123457012267
0
-0.00147130604023005
-0.00147130604023005
0.00147130604023005
-0.00147130604023005
0.00147130604023005
-0.00147130604023005
-0.00147130604023005
-0.00147130604023005
-0.00147130604023005
-0.00147130604023005
-0.00147130604023005
-0.00147130604023005
-0.00147130604023005
-0.00147130604023005
-0.00147130604023005
-0.00147130604023005
-0.0308974268450584
-0.0218009822604017
-0.0423000486568981
-0.0426678751668987
-0.0217017640935637
0.00147130604023005
83.3353034700715
-0.059037531480385
0.00147130604023005
0.00147130604023005
0.00147130604023005
0.00147130604023005
-0.715054735556009
0
-0.0790826996628766
-0.398356110394616
-0.0483678094570905
0.00147130604023005
0.00147130604023005
0.0139774073822991
0.00147130604023005
0.00147130604023005
-0.00147130604023005
0
0
0
0
0
0
0
0
0
0
0
0
0
0
0
0
0
0
0
0
0
0
0
0
0
0
0
0
0
0
0
0
0
0
0
0
0.0126053195089071
0
0
0
0
0
0
0
0
0
0
0
0
0
0
0
0
0
0
0
0
0
0
0
0
0
0
0
0
0
0
0
0
0
0
0
0
0
0
0
1000
0
0
0
0
0
0
0.541341404640998
0
0
0
0
0
0
0
0
0
0
0
0
0
0
0
0
0
0
0
0
0
0
0
0
0
0
0
0
0
0
0
0
0
0
0
0
0
0
0
0
0
0
0
0
0
0
0
0
0
0
0
0
0
0
0
0
0
0
0
0
0
0
0.541341404640998
0.541341404640998
0.541341404640998
0.539870098600759
0
0
0
0
0
0
0
0
0
0
0
0
0
0
0
0
0
0
0
0
0
0
0
0
0
0
0
0
0.00147130604023876
0.00147130604023876
0.00147130604023876
0
256.877237588276
0
0
0
0
0.00147130604023876
0.00147130604023876
0
0
0
0
0
0
0
0
0
0
0
0
0
0
0
0
0
0
0
0
0
0
0
0
0
0
0
0
0
0
0
0
0
0
0
0
0
0
0
0
0
0
0
0
0
0
0
0
0
0
0
0
0
0
0
0
0
0
0
0
0
0
0
0
0
0
0
0
0
0
0
0
0
0
0
0
0
0
0
0
0
0
0
0
0
0
0
0
0
0
0
0
0
0
0
0
0
0
0
0
0
0
0
0
0
0
0
0
0
0
0
0
0
0
0
0
0
0
0
0
0
0
0
0
0
0
0
0
0
0
0
0
0
0
0
0
0
0
0
0
0
0
0
0
0
0
0
0
0
0
0
0
0
0
0
0
0
0
0
0
0
0
0
0
0
0
0
0
0
0
0
0
0
0
0
0
0
0
0
0
0
0
0
0
0
0
0
0
0
0
0
0
0
0
0
0
0
0
0
0
0
0
0
0
1000
0
0
0
0
0
0
0
0
0
0
0
0
0
0
0
0
0
0
0
0
0
0
0
0
0
0
0
0
0
0
0
0
0
0
0
0
0
0
0
0
0
0
0
0
0
0
0
0
0
0
0
0
0
0
0
0
0
0
0
0
0
-0.0117069011561171
0
0
0.0117069011561171
0
0.0117069011560993
0
0.0117069011560993
0
0
0
0
0
0
0
0
0
0
0
0
0
0
0
0
0
0
0
0
0
0
0
0
0
0
0
0
0
0
0
0
0
0
0
0
0
0
0
0
0
0
0
1000
1000
0
0
0
0
0
0
0
0
0
0
0
0
0
0
0
0
0
0
0
0
0
-1000
0
-1000
0
0
0
0
0
0
0
1000
1000
0
0
0
0
0
0
0
0
0
0
0
0
0
0
0
0
0
0
0
0
0
0
0
0
0
0
0
0
0
0
0
0
0
0
0
0
0
0
0
0
0
0
0
0
0
0
0
0
0
0
0
0
0
0
0
0
0
0
0
0
0
0
0
0
0
0
0
0
0
0
0
0
0
0
0
0
0
0
0
0
0
0
0
735.129679163716
-64.6656563579347
0
0
0.00147130604023005
0
1000
0
0
0
0
533.207756907701
256.875766282236
232.64249116506
0
0
0
0.0126053195089071
0.569763264082439
0
-999.430236735918
999.99852869396
0
0
0
0
0
0
0
0
0
0
0
0
0
-1000
0.0126053195089071
0
0
0
-0.0432182383161717
0
0
0
0
0
0
0
0.0432182383161717
0
0
0
0
0
111.730332807193
-1000
735.129679163716
0
0
0
-266.808016564361
1000
-0.0216561978490972
0
0
0.00147130604023005
-0.00147130604023005
0
0
0.0533348439587371
-0.0533348439587371
1000
0
0
0
0
0
-1000
0
-466.792243092299
-533.207756907701
-1000
0
-767.35750883494
-232.64249116506
-1000
0
0
0
0
0
-1000
0
-0.569763264082439
0
0
0
-999.430236735918
999.430236735918
-1000
0
0
0
-1000
0
0
0
-1000
0
0
0
0
0
0
0
0
0
0
0
0
0
0
0
0
0
0
0
-1000
1000
-1000
0
-1000
0
-1000
0
-1000
0
0
0
0
0
0
0
0
0
-1000
0
1000
0
229.128297238952
0
-1000
0
-1000
0
-1000
0
0
0
0
0
0
0
0
0
-331.473672922295
-668.526327077705
111.730332807193
-111.730332807193
0
0
0
0
0
0
0
0
0
0
0
0
0
0
0
0
0
0
0
0
0
0
0
0
0
0
0
0
0
0
0
0
0.0126053195089071
-0.0126053195089071
0
0
0
0
0
0
0
0
0
0
0
0
0
0
0
0
0
0
0
0
0
0
0
0
0
0
0
0
0
0
0
0
0
0
0
0
0.0126053195089071
-0.0126053195089071
0
0
0
0
0
0
0.0432182383161717
0.0432182383161717
0
0
0
0
0
0
0
0
0
0
0
0
0
0
0
0
-0.0432182383161717
-0.0432182383161717
0
0
0
0
0
0
0
0
0
0
0
0
0
0
0
0
0
0
0
0
0
0
0
0
0
0
0
0
0
0
0
0
0
0
0
0
0
0
0
0
0
0
0
0
1.18215987965593
0.00360936630818074
0
0
0
0
0
0
0
0
0.148740765001474
0
0
0
0
0
0
0
0
0
0
0
0
0
0
0
0
0
0
0
0
0
0
0
0
0
0
0
0
0
0
0
0
0
0
0
0
0
0
0
0
0
0
0
0
0
0
0
0
0
0
0
0
0
0
0
0
0
266.876751453186
266.876751453186
266.876751453186
0
0
0
0
0
0
0
0
0
0
0
0
0
0
0
0
0
0
0
0
0
0
0
0
0
0
0
0
0
0
0
0
0
0
0
0
0
0
0
0
0
0
0
0
0
0
0
0
0
0
0
0
0
0
0
0
0
0
0
0
0
0
0
0
0
0
0
0
0
0
0
0
0
0
0
0
0
0
0
0
0
0
0
0
0
0
0
0
0
0
0
0
0
0
0
0
0
0
0
0
0
0
0
0
0
0
0
0
0
0
0
0
0
0
0
0
0
0
0
0
0
0
0
0
0
0
0
0
0
0
0
0
0
0
0
0
0
0
0
0
0
0
0
0
0
0
0
0
0
0
0
0
0
0
0
0
0
0
0
0
0
0
0
0
0
0
0
0
0
0
0
0.00360936630818074
0.00360936630818074
0.00360936630818074
0.00360936630818074
0.00360936630818074
0
0
0
0
0
0
0
0
0
0
0
0
0
0
0
0
0
0
0
0
0
0
0
0
0
0
0
0
0
0
0
0
0
0
0
0
0
0
0
0
0
0
0
0
0
0
0
0
14.7743184976239
14.7743184976239
-14.7743184976239
4.9163509778222
-2.45637080575705
2.45637080575701
2.45637080575701
2.45637080575701
2.45637080575701
2.45637080575701
2.45637080575701
2.45637080575701
2.45637080575701
2.45637080575701
2.45637080575701
0
2.45637080575701
2.45637080575705
2.45637080575701
2.45637080575701
2.45637080575701
2.45637080575701
2.45637080575701
2.45637080575701
0
0
0
2.45637080575701
2.45637080575701
0
2.4491729970033
0
0
0
0
0
0
0
0
0
0
0
0
0
0
0
0
14.7743184976239
14.7743184976239
4.9163509778222
4.9163509778222
0
0
0
0
0
0
0
0
0
0
0
0
0
0
0
0
0
0
0
0
0
0
0
0
0
0
0
0
0
0
0
0
0
0
0
0
0
0
0
0
0
0
0
0
0
0
0
0
0
0
0
0
0
0
0
0
0
0
0
0
0
0
0
0
0
0
0
0
0
0
0
0
0
0
0
0
0
0
0
0
0
0
0
0
0
0
0
0
0
0
0
0
0
0
0
0
0
0
0
0
0
0
0
0
0
0
0
0
0
0
0
0
0
0
0
0
0
0
0
0
0
0
0
0
0
0
0
0
0
0
0
0
0
0
0
0
0
0
0
0
0
0
0
0
0
0
0
0
0
0
0
0
0
0
0
0
0
0
0
0
0
0
0
0
0
0
0
0
0
0
0
0
0
0
0
0
0
0
0
0
0
0
0
0
0
0
0
0
0
0
0
0
1.18215987965593
1.20738359608788
1.20738359608788
0
0
0
0
-1.20738359608788
0
0
0
0.025223716431953
0
0
1000
0
0
0
0
0
0
0
0
0
0
0
0
0
0
0
0
0
0
0
0
0
0
0
0
0
0
0
0
0
0
0
0
0
0
0
0
0
0
0
0
0
1.20738359608788
0
0
0
0
0
0
0
0
0
0
0
0
0
0
0
0
0
0
0
0
0
0
0
0
0
0
0
0
0
0
0
0
0
0
0
0
0
0
0
0
0
0
0
0
0
0
0
0
0
0
0
0
0
0
0
0
0
0
0
0
0
0
0
0
0
0
0
0
0
0
0
0
0
0
0
0
0
0
1.18215987965593
0.00360936630818074
0
0
0
0
0
0
0
1.55628551856824
0
0
0
0.97581223345171
0.97581223345171
0.97581223345171
0
0
0
0
0
0
1.33451001096558
0
0
0
0.00360936630818074
0
0
0
0
-1.33451001096557
1.33451001096558
0
0
0
0
0
0
0
0
0
0
0.243389857726434
0
0.221775507602661
0
0
0
0
0
0
0
0
0
0
10.880499251254
10.880499251254
10.880499251254
0
0
0
0
-0.148740765001435
0
0
0
0
0
0
0
0
0
0
0
0
0
0
0
0
0
0
0
0
0
0
0
0
0
0
0
0
0
0
0
0
0
0
0
0
0
0
0
0
0
0
0
0
0
0
0
0
0
0
0
0
0
0
0
0
0
0
0
0
0
0
0
0
0
0
0
0
0
0
0
0
0
0
0
0
0
0
0
0
0
0
0
0
0
0
0
0
0
0
0
0
0
0
0
0
0
0
0
0
0
0
0
0
0
0
0
0
0
0
0
0
0
0
0
0
0
0
0
0
0
0
0
0
0
0
0
0
0
0
0
0
0
0
0
0
0
0
0
0
0
0
0
0
0
0
0
0
0
0
0
0
0
0
0
0
0
0
0
0
0
0
0
0
0
0
0
0
0
0
0
0
0
0
0
0
0
0
0
0
0
0
0
0
0
0
0
0
0
0
0
0
0
0
0
0
0
0
0
0
0
0
0
0
0
0
0
0
0
0
0
0
0
0
0
0
0
0
0
0
0
0
0
0
0
0
0
0
0
0
0
0
0
0
0
0
0
0
0
0
0
0
0
0
0
0
0
0
0
0
0
0
0
0
0
0
0
0
0
0
0
0
0
0
0
0
0
0
0
0
0
0
0
0
0
0
0
0
0
0
0
0
0
0
0
0
0
0
0
0
0
0
0
0
0
0
0
0
0
0
0
0
0
0
0
0
0
0
0
0
0
0
0
0
0
0
0
0
0
0
0
0
0
0
0
0
0
0
0
0
0
0
0
0
0
0
0
0
0
0
0
0
0
0
0
0
0
0
0
0
0
0
0
0
0
0
0
0
0
0
0
0
0
0
0
0
0
0
0
0
0
0
0
0
0
0
0
0
0
0
0
0
0
0
0
0
0
0
0
0
0
0
0
0
0
0
0
0
0
0
0
0
0
291.466091471766
0
291.466091471766
0
0
0
0
0
0
0
0
0
0
0
0
0
0
0
0
0
0
0
0
0
0
0
0
0
0
0
0
1000
0
0
0
0
0
0
0
0
0
0
0
0
0
0
0
0
0
0
0
0
0
0
0
0
0
0
0
0
0
0
0
0
0
0
0
0
0
0
0
0
0
0
0
0
0
0
0
0
0
0
0
0
0
0
0
0
0
0
0
0
0
0
0
0
0
0
0
0
0
0
0
0
0
0
0
0
0
0
0.0805540057031067
0.164396173406306
0.164396173406306
0
0
0
0.164396173406317
0
0.164396173406306
-246.799011040028
0
0
0
0.0252917189855816
0
0
0
0
0
0
0
0
246.799011040028
0
0
0
0
0.994807613433006
0
0
0
0
0
0
0.994807613433006
0.994807613433006
0.994807613433006
0.994807613432954
0
0
0
0
0
0
0
0
0
0
0
0
0
0
0
0
0
0
0
0
0
0
0
0
0
0
0
0
0
0
0
0
0
0
0
0
0
759.542237991364
759.542237991364
0
0
0
0
0
0
0
0
0
0
0
0
0
0
0
0
0
0
0
0
0
0
0
0
0
0
0
0
0
0
0
0
0
0
0
0
0
0
0
0
0
0
0
0
0
0
0
0
1000
-1000
746.993261960596
0
0
0
-1000
51.8813206684918
1000
0
0
0
0
-1000
746.294928044448
0
0
0
0
0
0
0
0
0
0
0
0
0
0
0
0
0
0
0
0
0
0
0
0
0
0
0
0
0
0
0
0
0
0
0
0
0
0
0
0
-51.8813206684918
0
0
0
0
0
0
0
0
0
0
0
0
0
0
0
0
0
-999.996390633692
999.996390633692
1000
999.996390633692
1000
-1000
-1000
0
0
0
0
0
0
0.00360936630818287
0
0
0
0
0
0
0.028874930465446
0.014437465232723
0.00360936630818074
0.00360936630818074
0.00360936630818074
0.00360936630818074
0.00360936630818074
0
0
0
0
0
0
0
0
0
0.0144060794387388
0.00360936630818074
0.0216143501237722
1000
0.00179945218842634
0.00179945218842634
0.00360936630818287
0
0.0126066272503125
0.00179945218842634
0.0270231686203503
-0.00179945218837929
0.00179945218842634
0.00179945218842634
0.00179945218842634
0.00179945218842634
0.00179945218842634
-0.00179945218837929
-0.00359890437687227
0.00179945218842634
0.00179945218842634
0.00179945218837929
0.00179945218842634
-0.00540881849656216
-0.00540881849656216
0.00360936630818287
0.00360936630818287
0.00179945218842634
0.00179945218842634
0.00360936630818074
0.00360936630818074
-0.00360936630818287
-0.00360936630818287
0.00360936630818287
0.00360936630818287
0.00179945218842634
0.00179945218842634
0.00179945218842634
0.00179945218842634
0.045059538229907
-0.00540881849656216
-999.974776283568
0
0
0
0
0
0
-631.524059012472
0
0
0
0.00360936630818074
0
0
0
0
0.00180468315409037
0.00360936630818287
0.00360936630818287
0
0
0.00360936630818074
0.00360936630818074
0
0
0
0
0
0
0.00719780875370537
0.00179945218842634
0.00539835656527903
0.00179945218842634
-0.00179945218837929
0.00179945218842634
0.00179945218842634
0.00179945218842634
0.00179945218842634
0.00179945218842634
0.00179945218842634
0.00359890437685268
0.00179945218842634
0.00179945218842634
0.00179945218842634
0.00179945218842634
0.00179945218842634
0
0.00179945218842634
0.00360936630818074
0
0.00360936630818074
0
0.00360936630818074
0.00360936630818074
0.00360936630818074
0.00360936630818074
0.00360936630818074
0.00360936630818074
0
0.00360936630818074
0
0.00360936630818074
0.00360936630818074
0.00360936630818074
0.00360936630818074
0.00360936630818074
0
0
0
0
0
0
0
0
0
0
0
0
0
0
0
0
-0.00360936630818287
0
0
0
0
0
0
0
0
0
0
0
0
0
0
0
0
0
0
0
0
0
0
0
0
0
0
0
0
0
0
0
0
0
0
0
0
0
0
0
0
0
0
0
0
0
0
0
0
0
0
0
0
0
0
0
0
0
0
0
0
0
0
0
0
0
263.218227278042
390.128329942449
0
0
0
0
0
0.00360936630818074
0
0
0
0
0
0
0
0
0
0
0
0
0
0
0
0
0
0
0
0
0
0
0
0.0504578947950449
0
0
0
-111.730332807193
0
-266.821945303187
0
0
0
0.00147130604023876
0
0
0
0
0
0
0
0
0
0.00147130604023876
0
0
245.288164817498
0
0
0
0
0.00147130604023876
0
0.00147130604023876
0
0.00147130604023876
0
0
0
0
0
0.0919566275149227
0
0
0
0
0
0.5712345701227
0
0
0
0.00147130604023876
0
0.00147130604023876
0
0.00147130604023876
0
0.00147130604023876
0
0.00147130604023876
0
0.00147130604023876
0
0.00147130604023876
0
0.00147130604023876
0
0.00147130604023876
0
0.00147130604023876
0
0.00147130604023876
0
0.00147130604023876
0
0.00147130604023876
0
0.00147130604023876
0
0.00147130604023876
0
0.00147130604023876
0
0.030897426845014
0
0.0218009822603887
0
0.0423000486568644
0
0.0426678751669241
0
0.0217017640935217
0
0.00147130604023876
0
83.3353034700715
0
0.0590375314803776
0
0.00147130604023876
0
0.00147130604023876
0
0.00147130604023876
0
0.00147130604023876
0
0.715054735556039
0
0
0
0.0790826996628335
0
0.398356110394645
0
0.0483678094570521
0
0.00147130604023876
0
0.00147130604023876
0
0.0139774073822682
0
0.00147130604023876
0
0.00147130604023876
0
0.00147130604023876
0
0
-1000
0
0.025223716431924
0
0
0
0
0
0
-885.232740334332
-1000
-1000
0
0
-1000
1000
780.934193166688
0
758.207727980398
-210.345783415415
-1000
-1000
0
0
1000
0
0
0
0
491.833612130614
1000
0
0
0
0
-287.001911677519
963.376909139681
-0.00360936630818287
0
0
0
0
-3.5901955468596
1000
712.998088322481
0
0
0
0
0.0594237699433506
1000
287.001911677519
-1000
32.6487164863786
-1000
0
1000
68.118092586495
0
-1000
0
0
1000
847.006400970877
-207.755631634016
1000
0
1000
1000
0
-1000
0
1000
1000
0
0
0
0
0
-1000
0
0
0
0
0
0
0
0
0
346.069753125561
0
1000
0
0
0
0
0
0
0
0
0
0
1000
0
0
0
0
0
0
0
0
-1000
-1000
-813.153131712662
-1000
1000
-1000
-259.896187846176
-1000
-1000
-1000
-17.5007579578214
1000
1000
-1000
-979.002101743181
-1000
-1000
-1000
-1000
1000
-294.231867394629
-1000
-1000
1000
1000
1000
1000
1000
1000
-1000
1000
1000
-1000
973.474596994796
-1000
-1000
-1000
-1000
1000
-1000
-1000
-1000
-1000
-1000
-1000
-1000
-1000
-1000
-1000
-1000
-1000
-1000
1000
1000
-1000
22.1658569365242
-1000
-1000
-1000
-1000
-1000
-1000
-1000
-1000
-1000
-1000
-1000
1000
-1000
-1000
-1000
-1000
-1000
1000
1000
-1000
-1000
-1000
-214.148700507281
1000
-1000
-348.099207042787
415.586235513408
-1000
-1000
1000
-1000
1000
-1000
-406.039309476604
1000
1000
-10.2945360676731
1000
1000
1000
1000
1000
-1000
-1000
-1000
-1000
-415.586235513408
-1000
-1000
-1000
-1000
-1000
-1000
1000
1000
1000
1000
-968.591011042238
1000
1000
-1000
-1000
-1000
-1000
-1000
965.461952001328
-1000
976.111465758101
1000
-1000
-976.17282498534
0
0
0
0
0
0
0
0
0
0
0
0
0
0
0
0
0
0
0
0
0
0
0
0
0
0
0
0
0
0
0
0
0
0
0
0
0
0
0
0
0
0
0
0
0
0
0
0
0
0
0
0
0
0
0
0
0
0
0
0
0
0
0
0
0
0
0
0
0
0
0
0
0
0
0
0
0
255.419715048606
0
0
0
0
0
0
0
0
0
0
0
0
0
0
0
0
0
0
0
0
0
0
0
0
0
0
0
0
0
0
0
0
0
0
0
0
0
0
0
0
0
0
0
0
0
0
0
0
0
0
0
0
0
0
0
0
0
0
0
0
0
0
0
0
0
0
0
0
0
0
0
0
0
0
0
0
0
0
0
0
0
0
0
0
0
0
0
0
0
0
0
0
0
0
0
0
0
0
0
0
0
0
0
0
0
0
0
0
0
0
0
0
0
0
0
0
0
0
0
0
0
0
0
0
0
0
0
0
0
0
0
0
0
0
0
0
0
0
0
0
0
0
0
0
0
0
0
0
0
0
0
0
0
0
0
0
0
0
0
0
0
0
0
0
0
0
0
0
0
0
0
0
0
0
0
0
0
0
0
0
0
0
0
0
0
0
0
0
0
0
0
0
0
0
0
0
0
0
0
0
0
0
0
0
0
0
0
0
0
0
0
0
0
0
0
0
0
0
0
0
0
0
0
0
0
0
0
0
0
0
0
0
0
0
0
0
0
0
0
0
0
0
0
0.00360936630818074
0
0
0
0
1000
1000
-1000
1000
1000
1000
1000
-981.187343747239
-1000
-1000
1000
-1000
1000
1000
16.6312494085942
-1000
966.246424224182
-1000
998.309670114463
-1000
1000
1000
-1000
1000
-1000
-1000
-1000
-1000
1000
-1000
-1000
1000
-1000
-1000
-0.0504578947950449
-999.949542105205
1000
-1000
-1000
-1000
-1000
1000
-1000
-1000
-1000
1000
-1000
0
-1000
-1000
-1000
-1000
-1000
1000
-1000
0
0
0
0
0
0
0
0
0
0
0
0
0
0
0
0
0
0
0
0
-1000
-1000
-0.0427885712942953
0
0
0
0
1000
0
1000
0
0
0
0
0
0
0
0
0
-0.00360936630818287
0.00360936630818074
0
0
-0.00360936630818287
-0.00360936630818287
0
0
0
219.215765541486
0
0
0
0
0
0
0
0
0
0
0
0
0
0
0
0
0
0
0
0
0
0
0.00360936630818074
0
0
-1000
-147.419585518355
1000
-221.056355469174
-1000
0
0
0
0
0
0
0
0
0
246.799011040028
0
0
0
0
0
0
0
0
0
0
0
0
481.71139409549
0
0
0
0.00360936630818074
0
0
0
0
0
543.183476514494
1000
0
0
0
0
0
-1000
-0.00360936630818287
0
0
0
0
0
0
0
0
0
0
0
0
0
0
0
0
0
0
0
0
0
0
0
0
0
0
0
0
0
0
0
0
0
0
0
0.994807613433006
0.00360936630818074
0
0
0
0
0
1000
0
735.129679163716
0
-266.821945303187
0
1.95162446690342
0
0
0
0
1000
0
-999.938640772761
0
0
0
0
0
0
0
0
-0.028874930465463
0.00360936630818074
0
0
932.626103821112
533.641752546107
0
1000
218.053010229566
0
0
1000
1000
1000
1000
0
0
0
1000
0
0.00360936630818287
0
0
1000
0
0.0613592272391088
0
0
1000
0.028874930465463
0
-1000
0
0
-1000
0.00360936630818074
-1000
1000
0
0
0
0
0
0
0
0
0
0
0
0
-1000
0
0
0
0
0
0
0
0
0
984.419683790041
0
15.5767068436512
1000
0
0
0
0
0
0
0
0
0
0
0
0
0.97581223345171
0
0.00360936630818074
-0.00360936630818287
0.00360936630818074
0.00360936630818074
0
0
0.00360936630818287
0
0
0
0.975812233451734
0
0
-0.0108280989245486
-1000
-1000
-1000
1000
-1000
1000
0
0
-1000
-998.055594265713
998.055594265713
1000
0
0
0
0
0
0
0
0
0
0
0
0
0
0
0
0
0
0
0
1.94440573428706
0
0
0
0
0
0
0
0
0
0
0
0.00179945218842634
0
1000
0
0
0
0
0
0
0.00360936630818074
0
0
0
0
0
0
0
0
83.3338321640313
0
-780.256659884898
0
28.396500643162
0
0
0
0
0
0
0
0
0
0
0
1000
0
0
0
780.256659884898
0
0
0
0
0
0
0
0
0
0
0
0
0
0
0
0
0
0
0
0
0
0
0
0
0
0
0
2.32777972049337
0
0
0
0
0
0
0
0
0
0
0
0
0
0
0
0
0
0
0
0
0
0
0
0
0
0
0
0
0
0
0
0
0
0
0
0
0
0
0
0
0
0
0
0
0
0
0
0
0
0
0
0
0
0
0
0
0
0
0
0
0
0
0
0
0
0
0
0
0
0
0
0
0
0
0
0
0
0
0
0
0
0
0
0
0
0
0
0
0
0
0
0
0
0
0
0
0
0
0
0
0
0
0
0
0
0
0
0
0
0
0
0
0
-999.940576230057
0
0
0.00179945218837929
0
0.0432182383161717
0
0
-0.0594237699433506
0
1000
0
0
0
0
0.016205531627179
0
0
0
0
0
0
0
0
0
0
0
0
0
0
0
0
0
0
0
0.00360936630818074
0.00360936630818074
0.00360936630818074
-1000
-1000
0
-266.808016564361
-1000
0
0
0
0
0
0
-1000
-984.419683790041
0
0
0
0
0
0
0
0
0
0
-1000
0
800.084508360887
-199.915491639113
-1000
-1000
-1000
-999.430236735918
-1000
-1000
0
0
0
0
0
0
0
0
0
-15.5767068436512
-1000
0
1000
0.395338948335179
0.00360936630818074
0.00360936630818074
0.00360936630818074
0.00360936630818074
0.00360936630818074
0
0
0
0
1000
0
0
0
0
0
0
0
0
0.010666968791731
0
0
0
0
0
0
229.128297238952
0
0
0
0
0
0
1000
-999.99852869396
0
1000
0
0
-1000
0
0
0
0
0
0
0
0
0
28.396500643162
0
0
0
0
0
0
0
0
0
0
0
0
0
83.3338321640313
0
0
0
0
0
0
83.3338321640313
0
0
0
0
0
83.3338321640313
0
0
0
0
0
83.3338321640313
0
0
0
0.00360936630818074
-253.705071955552
0
0
0
0
0
0
0
0
0
-1000
0
0
0
0
0
0
0
781.946989770434
1000
-1000
-1000
-1000
-1000
1000
0
0.0216143501237722
0
0
0
0
-262.495628554004
-1000
-1000
0
246.799011040028
0
0
999.978343802151
14.5578681130672
0
0
0
0
0.580473285116531
0.580473285116531
0
-999.938776777868
0
0
0
0
0
0
0.366411708213093
0
-1000
0
0
0
0
0
0
0
1000
0.00360936630818074
0
0
0
0
0
0
0
0
-1000
1000
0
0
1000
0
0
0
1000
0
0.00539835656527903
0
0
-533.207756907701
0
-1000
0
0
0
-1000
-1000
0.0805540057030723
0
0
0
0
0
1000
0
-999.650777391146
999.650777391146
0
0
0
0
-750
0
0
0
0
-1000
-1000
0
0
-999.991569427005
0
0
0
0
0.0126053195088964
0
0
0
0
0
0
0
0
0
0
0
0
0
0
0
0
0
0
0
0
-999.856680259082
0
0
-1000
1000
-1000
0
1000
0
0
0
0
0
0
0
0
-1000
0
0
1000
0.00179945218842634
0.00179945218842634
0
711.744264700249
-291.466091471766
-291.466091471766
232.64249116506
0
0
0
0
0
0
0
0
0
0
0
0
0
0
0
0
0
0
0
0
0
0
0
0
0
-0.0432182383161717
0
0
0
0
0
0
0
0
0
0
0
0
0
0
0
0
0
0
0
0
0
0
0
0
0
0
0
0
0
0
0
0
0
0
0
0
0
0
0
0
0
0
0
0
0
-1000
0
-1000
0
0
0
0
0
0
-1000
0
0
0
0
0
0
0
0
0
0
0
999.946665156041
0
0
0
0
0
0
0
0
0
0
0
0
0
1000
0
0
0
-264.870320836284
0
0
0
0
0
0
0
0
0
0
0
0
0
0
0
0
0
0
0
0
0
0
0
0
0
0
0
0
0
0
0
0
0
0
0
0
0
0
0
0
266.821945303187
0
0
0
0
0
0
0
0
0
0
0
0
266.823416609228
0
0
0
0
0
0
0
0
0
0
0
0
0
0
0
0
0
0
0
0
0
0
0
0
0
0
0
0
0
0
0
0
0
0
0
0
0
0
0
0
0
0
0
0
0
0
0
0
0
0
0
0
0
0
0
0
0
0
0
0
0
0
0
0
0
0
0
0
0
0
0
0
0
0
0
0
0
0
0
0
0
0
0
0
0
0
0
0
0
0
0
0
0
0
0
0
0
0
0
0
0
0
0
0
0
0
0
0
0
0
0
0
0
0
0
0
0
0
0
0
0
0
0
0
0
0
0
0
0
0
0
0
0
0
-1000
0
0
0
0
0
0
0
0
0
0
0
0
0
0
0
0
0
97.5336346350425
0
0
0
0
0
68.1317483227399
68.1317483227399
0
-98.5377285349252
0
1000
-458.408485369719
-541.427118456875
0
0
0
-481.71139409549
-1000
0
0
0
0
1000
0.0216561978490845
0
0
0
0
0
0
0
0
0
0
0
0
0
0
0
-32.6523258526867
0
0
0
0
0
0
0
0
0
0
0
0
0
0
0
0
0
0
0
0
0
0
0
0
0
0
0
0
0
0
0
0
0
0
0
0
0
0
0
0
0
0
0
0
0
0
0
0
0
0
0
0
0
0
0
0
0
0
0
0
0
0
0
0
0
0
0
0
0
0
0
0
0
0
0
0
0
0
0
0
0
0
0
0
0
0
0
0
0
0
0
0
0
0
0
0
0
0
0
0
0
0
0
0
0
0
0
0
0
0
0
0
0
0
0
0
0
0
0
0
0
0
0
0
0
0
0
0
0
0
0
0
0
0
0
0
0
0
0
0
0
0
0
0
0
0
0
0
0
0
0
0
0
0
0
0
0
0
0
0
0
0
0
0
0
0
0
0
0
0
0
0
0
0
0
0
0
0
0
0
0
0
0
0
0
0
0
0
0
0
0
0
0
0
0
0
0
0
0
0
0
0
0
0
0
0
0
0
0
0
0
0
0
0
0
0
0
0
0
0
0
0
0
0
0
0
0
0
0
0
0
0
0
0
0
0
0
0
0
0
0
0
0
0
0
0
0
0
0
0
0
0
0
0
0
0
0
0
0
0
0
0
0
0
0
0
0
0
0
0
0
0
232.64249116506
0
0
0
0
0
0
0
0
0
0
0
-1000
0
0
0
0
0.00360936630818287
-982.23905381005
0
0
0
0
0
0
0
0
0
0
0
0
0
0
0
0
0
0
0
0
0
0
0
0
0
0
0
0
0
0
0
0
0
0
0
0
0
0
0
0
0
0
0
0
0
0
0
0
0
0
0
0
0
0
0
0
0
0
0
0
0
0
0
0
0
0
0
0
0
0
0
0
0
0
0
0
0
0
0
0
0
0
0
0
0
0
0
0
0
0
0
0
0
0
0
0
0
0
0
0
0
0
0
0
0
0
0
0
0
0
0
0
0
0
0
0
0
0
0
0
0
0
0
0
0
0
0
0
0
0
0
0
0
0
0
0
0
0
0
0
0
0
0
0
0
0
0
0
0
0
0
0
0
0
0
0
0
0
18.8126562527609
0
0
0
0
0
0
0
1000
0.00360936630818287
0
0
0
0
0
543.208742078651
0
0
0
0
0
0
0
0
0
0
0
0
0
0
0
0
0
0
0
0
0
0
0
0
0
0
0
0
0
0
0
0
0
0
0
0
0
0
0
0
0
0
0
0
0
0
0
0
0
0
0
0
0
0
0
0
0
0
0
0
0
0
0
0
0
0
0
0
0
0
0
0
0
0
0
0
0
0
0
0
0
0
0
0
0
0
0
0
0
0
0
0
0
0
0
0
0
0
0
0
0
0
0
0
0
0
0
0
0
0
0
0
0
0
0
0
0
0
0
0
0
0
0
0
0
0
0
0
0
0
0
0
0
0
0
0
0
0
0
0
0
0
0
0
0
0
0
0
0
0
0
0
0
0
0
0
0
0
0
0
0
0
0
0
0
0
0
0
0
0
0
0
0
0
0
500
87.1827610671677
0
0
-0.975812233451734
0
0
465.337987196008
19.2848267480575
42.1528649759756
0.104619313280601
87.1827610671677
0
0
0
0
0
0
0
0
0
0
0
0
0
0
0
0
0
0
0
784.01295569315
-631.524059012472
0
-780.784234458514
-219.215765541486
0
0
0
0.028874930465463
36.2099465815755
-1000
-111.730332807193
500.002992984188
-109.874663041739
0
0
-3.67826510059695
0
-0.0117069011561171
0.00360936630818074
0
0
0
0
0
0
0
0
0
0
0
0
0
0
0
0
0
0
0
111.730332807193
0
266.821945303187
0
0
0.0594237699433506
-0.715054735556009
-0.0308974268450584
0
-10.7108729840113
-20.9978982568185
-42.8222498563113
-33.5800445878233
22.1658569365242
-1000
-26.5311134760542
-4.60246513949687
-31.4089889577623
-1000
-1000
0
0
0
0
-1000
-38.8121523460234
-17.5007579578214
-26.5254030052043
-13.3072322773863
24.2561272765251
-23.8885342418995
-1000
975.907118084435
966.146730741785
-97.5336346350425
0
0
-219.215765541486
0
1000
-0.00360936630818287
0
262.495628554004
-1000
0
0
0
0
0
0
1000
0.0613592272391088
0
0
0
0
0
0
0
0
0
0
0
0
0
-0.00360936630818287
0
0
0
0
0
0
0
0
0
0
0
0
0
0
0
-1000
1000
1000
-1.69032988553658
0
0
-1000
-1000
246.799011040028
-0.00360936630818287
-0.00360936630818287
-0.994807613432954
253.705071955552
0
0
-0.00360936630818287
0
-0.00360936630818287
0
0
0
-0.00360936630818287
0
0
0
-0.00360936630818287
0
0
0
0
0
-0.00360936630818287
0
0
0
0
0
18.8126562527609
0
0
0
0
0
-32.6523258526868
0
0
0
0
0
0
0
0
0
0
0
0
-983.368750591406
0
1000
0
0
-0.00360936630818287
0
0
0
0
-34.5506633441981
0
0
0
0
0
0
0
0
0
-456.816523485506
-3.5901955468596
-0.0427885712942953
-1000
-1000
0
0
0
0
0
712.998088322481
0
0
-33.7535757758185
0
0
0
0
0
0
32.6487164863786
0
0
0
0
963.376909139681
1000
780.934193166688
0
0
758.207727980398
0
0
0
0
0
0
0
0
0
0
-1000
-631.524059012472
0
0
0
0
0
0
-0.0504578947950449
0
0
0
0
0
778.943644530827
-287.001911677519
287.001911677519
0
0
0
0
1000
0
-210.345783415415
-1000
-1000
-508.166387869386
0
0
0
0
0
0
0
0
0
0
1000
0
0
-0.0483678094570905
-0.00147130604023005
-0.398356110394616
-1000
-0.0217017640935637
-0.059037531480385
-0.0139774073822991
-0.0790826996628766
-0.0423000486568981
0
0
0
245.288164817498
0
-0.00147130604023005
0
-0.00147130604023005
-0.00147130604023005
0
0
0
-0.00147130604023005
0
0
0
-14.5578681130672
0
-0.366411708213036
-0.00147130604023005
-0.0218009822604017
0
-83.3353034700715
-0.00147130604023005
-0.00147130604023005
-0.00147130604023005
-0.0426678751668987
0
-0.0919566275149464
0
0
0
-1000
1000
0
0
-1000
1000
-0.00360936630818287
0
750
-750
0
0
0
-1000
0
0
0
0
0
0
0
0
0
0
0
0
0
0
0
0
0
0
-1000
1000
-711.74426470025
711.744264700249
711.744264700249
0
-1000
1000
0
-0.00147130604023005
-0.00147130604023005
0
0
0
0
0
-541.591514630281
541.427118456875
1000
0.0216561978490972
0
0
0
0
0
-1000
-32.6523258526867
0
0
0
0
0
0
0
0
0
0
0
0
0
0
0
0
0
0
0
0
0
0
0
0
0
0
0
0
0
0
0
0
0
0
0
0
0
0
0
0
0
0
0
0
0
0
0
0
0
0
0
0
0
0
0
0
0
0
0
0
0
0
0
0
0
0
0
0
0
-0.00147130604023005
0
0
0
0
0
0
0
0
0
0
0
0
0
0
0
0
0
0
0
0
0
0
0
0
0
0
0
0
0
0
0
0
0
0
0
0
0
0
0
0
0
0
0
0
0
0
0
0
0
0
0
0
0
0
0
0
0
0
0
0
0
0
0
0
0
0
0
0
0
0
0
0
0
0
0
0
0
0
0
0
0
0
0
0
0
0
0
0
0
0
0
0
0
0
0
0
0
0
0
0
0
0
0
0
0
0
0
0
0
0
0
0
0
0
0
0
0
0
0
0
0
0
0
0
0
0
0
0
0
0
0
0
0
0
0
0
0
0
0
0
0
0
0
0
0
0
0
0
0
0
0
0
0
0
0
0
0
0
0
0
0
0
0
0
0
0
0
0
0
0
0
0
0
0
0
0
0
0
0
0
0
0
0
0
0
0
0
0
0
0
0
0
0
0
0
0
0
0
0
0
0
0
0
0
0
0
0
0
0
0
0
0
0
0
0
0
0
0
0
0
0
0
0
0
0
0
0
0
0
0
0
0
0
0
0
0
0
0
0
0
0
0
0
0
0
0
0
0
0
0
0
0
0
0
0
0
0
-18.8126562527609
0
1000
0
0
0
982.23905381005
0
0
0
0
0
0
0
0
0
0
0
0
0
0
0
0
0
0
0
0
0
0
0
0
0
0
0
0
-543.208742078651
0
-1000
-0.00360936630818287
0
0
0
0
0
0
0
0
-999.974776283568
0
0
0
0
0
0
0
0
0
0
0
0
0
0
0
0
0
0
0
0
0
0
0
0
0
0
0
0
0
0
0
0
0
0
0
0
0
0
0
0
0
0
0
0
0
0
0
0
0
0
0
0
0
0
0
0
0
0
0
0
0
0
0
0
0
0
0
0
0
-0.00147130604023005
-0.00147130604023005
-0.00147130604023005
-0.00147130604023005
0
-0.00147130604023005
-0.57123457012267
0
-0.00147130604023005
-0.00147130604023005
-0.00147130604023005
-0.00147130604023005
0
-0.00147130604023005
-0.00147130604023005
-0.00147130604023005
-0.00147130604023005
-0.00147130604023005
-0.00147130604023005
-0.00147130604023005
0
-0.00147130604023005
-0.00147130604023005
-0.00147130604023005
-1000
0
0
87.1827610671678
0
1000
0
0
0
0
0
0
0
0
0
