0
0
0
0
0
0
0
737.291094830585
-737.291094830585
90.8593077408926
909.140692259107
0
0
250.20332479459
839.677318509463
0
999.740903650099
-999.740903650098
999.940535263957
0
0.0594647360429853
0
-1000
0.373778340841568
0
1000
-263.658015036666
0
-312.59798485006
0.0126923697200333
0
0
0
0
0
276.54009396577
0
0
0
35.684112543449
0
0
0
0
0
0
0
0
0
0
0
0
0
0
0
0
0
455.688555731069
0
0
0
0
0
0
0
0
0
0
312.59798485006
0
1000
0
0
1000
1000
0
0
0
312.59798485006
0
0
-456.867020473114
0
0
0
0
0
0
0
0
0
0
0
0
0
0
0
0
0
0
0
0
0
0.00363693318389658
0
0
0
0
0
0
0
0
194.58801644312
0
0.399044484634388
0
267.669854732979
0
0
0
0
0
0
0
1000
0
1000
0
0
0
1000
0
0
-1000
0
0
0
0
-1000
0
0
0
0
-14.8871587490794
0
0
0
0
1000
0
0
0.0235926274364074
-542.815789026086
0
0
485.722407016443
1000
1000
514.269098021265
0
0
0
-1000
514.269098021265
764.472422815855
-336.69140929873
586.89473409332
0
542.815789026086
1000
0
0
0.0235926274364147
0
0
1000
-1000
0
0
0
0
0
-750.322820646276
0
0
0
0
0
0
0
1000
0
0
746.322339094226
0
0
0
0
0
0
0
0
892.792774892291
0
0
746.322339094226
-750.327068127422
0
-999.995752518854
0
749.623400620103
0
0
0
0
0
0
0
0
0
1000
0
0
-0.703667507319096
0
252.73094260039
746.791450765772
0
0.477606633837935
0
0
0
0
-250.376599379897
0
0
0
-749.623400620103
0
749.623400620103
0
0
0
0
0
0
0
0
0
0
-133.864244645758
0
-1000
-1000
1000
-1000
1000
1000
0
-1000
-1000
-0.983265091450789
1000
-2.67746628567079
0
-0.703667507319096
0.703667507319096
1000
-1000
1000
0
0
1000
0
0.182641689274884
0
-0.182641689274874
0
0.00181319567429047
1000
0
0
0
0
0
0
0
0
0
0
0
0
0
0
0
0
-999.296332492681
0
1000
0
0
0
1000
0
-0.182641689274874
0
0
0
0
0
2.67746628567079
0
0
999.296332492681
0
0
0
0
-1000
0
0
0
-125.585999597831
0
1000
1000
-0.983265091450789
0
0
745.622308520091
0
0
0
0
0
0.703667507319096
0
0
0
0
0
0
0
0
0
0
2.3455583577304
0
9.87418574565157
0
0
0
0
0
0
0
0
872.544915323968
-111.774749033363
1000
-1000
1000
-1000
-1000
-0.00181319567434457
-1000
1000
-1000
1000
1000
-1000
0
0
1000
0
0
0
0
-1000
0
0
1000
-0.703667507319096
-1000
1000
0
1000
0
0
0
0
0
0
0
0
0.983265091450795
1000
1000
253.677660905774
0
-0.00849496229182023
-1000
-1000
-1000
1000
1000
-1000
1000
1000
-1000
-1000
-253.66067098119
1000
-1000
-1000
-1000
-1000
-891.385439877653
1000
1000
0
250.376599379897
0
0
-1000
1000
1.65463329384909
0
0
-749.623400620103
0
0
0
1000
-0.0581909309423736
0
0
0
-29.9271108592236
0
0
0
132.078143970168
0
0
0
0
0
0
0
0
0
0
0
0
0
0
999.970904534529
-999.970904534529
0
0
0
0
0
0
0
0
0
0
0
0
0
1000
0
0
0
0
0
0
0
0
0
0
1000
0
0
0
0
0
0
-1000
1000
0
0
0
0
0
0
0
0
0
0
0.00363693318388414
1000
1000
0.106187028648151
0.106187028648151
0
35.5182148026004
0
0
0
-0.0290954654711868
0
0
0
0
0
0
0
0
0
0
0
-733.335426249387
0
0
0
0
0
0
0
0
0
0
0
0
0
0
0
0
0
0
0
0
0
0
0
0
0
0
0
0
0
0
0
0
0
0.165651764691174
0
0
0
1000
0
1000
0
1000
0
0
-1000
0
0
0
0
0
0
0
0
0
0
0
0
0
0
0
0
0
0
0
0
0
0
0
0
732.991222810904
0
0
0.165651764691174
0
0
0
0
0
0
0
0
0
804.304220268838
0
0
0
0
0
0
0
0
0
0
0
0
0
0
0
0
0
0
0
0
0.00363693318389658
0
0
0
0
0
0
0
0
0
0
0
0
0
0
0
0
0
0
0
0
0
0
0.0109107995516897
0.0109107995516897
0
0.0109107995516897
0
0
0
0
0
0
0
0
0
0
0
0
0
0
0
0
0
0
0
500.003015843387
0
-1000
0
500.007263324532
500
132.078143970168
0
0
0.768794087412882
0.768794087412882
0
1000
0
0
0
0
0
0
0
0
0
0
0
0
0
0
0
0
0
0
0.00363693318389658
0
0
0
0
0
-1000
0
0
0
-1000
0
0
1000
0
0
0
0
278.716035950244
0
0
278.716035950244
0
0
0
0
0
0
0
0
0
278.716035950244
0
278.716035950244
0
0
0
13.1758666043538
37.558253203158
24.0072729588226
17.5834518741377
26.0703979787214
8.58072451457918
20.0685797390158
36.7142475131994
33.807116803342
10.6907387394757
20.7250286089836
42.7160657529051
33.7133383933466
10.4094035094895
17.2552274391538
23.9134945488272
30.99376450348
25.0857246737697
4.59514208977464
31.2750997334662
0
0
0
0
0
0
0
0
0
0
0
0
0
0
0
0
0
0
0
0
0
0
0
0
0
0
0
0
0
0
0
0
0
0
0
0
0
0
0
0
0
0
0
0
0
0
0
0
0
0
0
0
0
0
0
0
0
0
0
0
0
0
0
0
0
0
0
0
0
0
0
0
0
0
0
0
0
0
0
0
0
0
0
0
0
0
249.507280107886
0
0
249.507280107886
0
0
0
0
0
0
0
0
0
0
1000
1000
-378.867462734082
-378.867462734082
0
0
0
0
507.776274230778
0
0
-29.9271108592236
-508.328228036666
-507.929183552032
266.693669216084
0
1000
0
120.861417120752
612.325984191078
-1000
507.78476919307
-1000
0
-507.776274230778
-1000
0
1000
1000
-1000
0
0
733.335426249387
0
733.335426249387
266.693669216084
0
0
0
0
0
0
0
0
0
0
0
-1000
367.142979471091
1000
1000
0
500
0
0
5
0
0
0
0
0
0
283.36684667986
0
0
0
0
-0.00977694785672156
0
0
0
0
-0.00977694785672156
226.417568019313
1000
0
-0.00977694785672156
0.00977694785672156
-0.00977694785672156
0
0
0
0
1000
0
0.00977694785672156
-0.00977694785672156
-0.00977694785672156
0.00977694785672156
-0.00977694785672156
0.00977694785672156
-0.00977694785672156
-0.00977694785672156
-0.00977694785672156
-0.00977694785672156
-0.00977694785672156
-0.00977694785672156
-0.00977694785672156
0
-0.00977694785672156
-12.6679285721136
-3.7861230575071
-0.205315904990698
0
-0.564618738724448
0
-0.14420998088633
0.00977694785672156
76.0523471174222
-0.683134809224498
0.00977694785672156
0.00977694785672156
0.00977694785672156
0.00977694785672156
0
0
-3.17261957949916
0
-0.0305823843145845
0.00977694785672156
0.00977694785672156
4.4558439856911
0.00977694785672156
0.00977694785672156
-0.00977694785672156
0
0
0
0
0
0
0
0
0
0
0
0
0
0
0
0
0
0
0
0
0
0
0
0
0
0
0
0
0
0
0
0
0
0
0
0
4.30185705694805
0
0
0
0
0
0
0
0
0
0
0
0
0
0
0
0
0
0
0
0
0
0
0
0
0
0
0
0
0
0
0
0
0
0
0
0
0
0
0
1000
0
0
0
0
0
0
0
0
0
0
0
0
0
0
0
0
0
0
0
0
0
0
0
0
0
0
0
0
0
0
0
0
0
0
0
0
0
0
0
0
0
0
0
0
0
0
0
0
0
0
0
0
0
0
0
0
0
0
0
0
0
0
0
0
0
0
0
0
0
0
0
0
610.081758081867
0
0
0
0
0
0
0
0
0
0
0
0
0
0
0
0
0
0
0
0
0
0
0
0
0
0
0
0
0.00977694785670009
0.00977694785670009
133.363318496419
0
0
0.00977694785670009
0.611059241043756
0
431.161879689251
0.00977694785670009
0
0
0
0
0
0
0
0
0
0
0
0
0
0
0
0
0
0
0
0
0
0
0
0
0
0
0
0
0
0
0
0
0
0
0
0
0
0
0
0
0
0
0
0
0
0
0
0
0
0
0
0
0
0
0
0
0
0
0
0
0
0
0
0
0
0
0
0
0
0
0
0
0
0
0
0
0
0
0
0
0
0
0
0
0
0
61.4030201051494
0
0
0
0
0
0
0
0
0
0
0
0
0
0
0
0
0
0
0
0
0
0
0
0
0
0
0
0
0
0
0
0
0
0
0
0
0
0
0
0
0
0
0
0
0
0
0
0
0
0
0
0
0
0
0
0
0
0
0
0
0
0
0
0
0
0
0
0
0
0
0
0
0
0
0
0
0
0
0
0
0
0
0
0
0
0
0
0
0
0
0
0
0
0
0
0
0
0
0
0
0
0
0
0
-1000
0
0
0
0
0
0
0
0
0
0
0
0
0
0
0
0
0
0
0
1000
0
0
0
0
0
0
0
0
0
0
0
0
0
0
0
0
0
0
0
0
0
0
0
0
0
0
0
0
0
0
0
0
0
0
0
0
0
0
0
0
0
0
0
0
0
0
0
0
0
0
0
0
0
0
0
0
0
0
0
0
0
0
0
0
0
0
0
0
0
0
0
0
0
0
0
0
0
0
0
0
0
0
0
0
0
1000
1000
0
0
0
0
0
0
0
0
0
0
0
0
0
0
0
0
0
0
0
0
0
-1000
0
-1000
0
0
0
0
0
0
0
1000
1000
0
0
0
0
0
0
0
0
0
0
0
0
0
0
0
0
0
0
0
0
0
0
0
0
0
0
0
0
0
0
0
0
0
0
0
0
0
0
0
0
0
0
0
0
0
0
0
0
0
0
0
0
0
0
0
0
0
0
0
0
0
0
0
0
0
0
0
0
0
0
0
0
0
0
0
0
0
0
0
0
0
0
0
0
0
323.386007159774
0
0
0.00977694785672156
0
-866.292044091632
0
0
133.353541548562
0
866.292044091632
-0.00977694785672156
366.11243424825
0
0
0
4.30185705694805
0
0
1000
-568.847897258606
0
0
0
0
0
0
0
0
0
0
0
0
0
1000
-0.0611059241043677
0
0
0
0.00363693318388414
0
0
0
0
-61.3321372331883
0
0
-0.00363693318388414
4.36296298105242
0
0
0
0
283.36684667986
-1000
0
-194.675901833894
-194.675901833894
658.775360099724
-341.224639900276
-999.978178400897
-0.0218215991034185
0
0
0.00977694785672156
-0.00977694785672156
0
0
133.707955908368
-133.707955908368
1000
0
0
0
-133.353541548562
-133.353541548562
-1000
0
1000
-866.292044091632
0
0
-633.88756575175
-366.11243424825
1000
0
0
0
0
0
1000
0
0
0
0
0
1000
-1000
-1000
0
0
0
1000
0
0
0
1000
0
0
0
0
0
0
0
0
0
0
0
0
0
0
0
0
0
0
0
1000
-1000
995.637037018947
4.36296298105242
-1000
0
1000
0
1000
0
0
0
0
0
0
0
0
0
-1000
0
938.667862766812
61.3321372331884
-771.95848464117
0
1000
0
1000
0
1000
-4.36296298105242
0
0
0
0
0
0
0
0
1000
-737.291094830585
88.6909448459658
-88.6909448459658
0
0
0
0
0
0
0
0
0
0
0
0
0
0
0
0
0
0
0
0
0
0
0
0
0
0
0
0
0
0
0
0
4.30185705694805
-4.30185705694805
0
0
0
0
0
0
0
0
0
0
0
0
0
0
0
0
0
0
0
0
0
0
0
0
0
0
0
0
0
0
0
0
0
0
0
0
4.30185705694805
-4.30185705694805
0
0
0
0
0
0
-0.00363693318388414
-0.00363693318388414
0
0
0
0
0
0
0
0
0
0
0
0
0
0
0
0
0.00363693318388414
0.00363693318388414
0
0
0
0
0
0
0
0
0
0
0
0
0
0
0
0
0
0
0
0
0
0
0
0
0
0
0
0
0
0
0
0
0
0
0
0
0
0
0
0
0
0
0
0
0
0.00363693318389658
0
0
0
0
0
0
0
0
11.1134768774683
0
0
0
0
0
0
0
0
0
0
0
0
0
0
3.77634610965041
3.77634610965041
3.77634610965041
3.77634610965041
0
0
0
0
0
0
0
0
0
0
0
0
0
0
0
0
0
0
0
0
0
0
0
0
0
0
0
0
0
0
0
0
0
0
0
0
0
0
0
133.707955908368
133.707955908368
133.707955908368
0
0
0
0
133.343764600706
133.343764600706
0
0
0
0
0
0
0
0
0
0
0
0
0
0
0
0
0
0
0
0
0
0
0
0
0
0
0
0
0
0
0
0
0
0
0
0
0
0
0
0
0
0
0
0
0
0
0
0
0
0
0
0
0
0
0
0
0
0
0
0
0
0
0
0
0
0
0
0
0
0
0
0
0
0
0
0
0
0
0
0
0
0
0
0
0
0
0
0
0
0
0
0
0
0
0
0
0
0
0
0
0
0
0
0
0
0
133.353541548562
133.353541548562
133.353541548562
133.353541548562
-133.353541548562
0
0
0
0
0
0
0
0
0
0
0
0
0
0
0
0
0
0
0
0
0
0
0
0
0
0
0
0
0
0
0
0
0
0
0
0
0
0
0
0
0
0
0
0
0
0
0
0
0
0
0
0
0
0
0.00363693318389658
0.00363693318389658
0.00363693318389658
0.00363693318389658
0.00363693318389658
0
0
0
0
0
0
0
0
0
0
0
0
0
0
0
0
0
0
0
0
0
0
0
0
0
0
0
0
1000
0
0
0
0
0
0
0
0
0
0
0
0
0
0
0
0
0
0
0
14.8871587490794
14.8871587490794
-14.8871587490794
4.95390007226403
-2.47513156954005
2.47513156954007
2.47513156954007
2.47513156954007
0
0
0
0
0
0
0
0
0
0
0
0
0
0
0
0
0
0
0
0
2.47513156954007
0
2.4678787868429
2.47513156954007
2.47513156954007
2.47513156954007
2.47513156954007
2.47513156954007
2.47513156954007
2.47513156954007
2.47513156954007
2.47513156954007
2.47513156954007
2.47513156954007
2.47513156954007
2.47513156954007
2.47513156954007
2.47513156954007
2.47513156954007
14.8871587490794
14.8871587490794
4.95390007226403
4.95390007226403
0
0
0
0
0
0
0
0
0
0
0
0
0
0
0
0
0
0
0
0
0
0
0
0
0
0
0
0
0
0
0
0
0
0
0
0
0
0
0
0
0
0
0
0
0
0
0
0
0
0
0
0
0
0
0
0
0
0
0
0
0
0
0
0
0
0
0
0
0
0
0
0
0
0
0
0
0
0
0
0
0
0
0
0
0
0
0
0
0
0
0
0
0
0
0
0
0
0
0
0
0
0
0
0
0
0
0
0
0
0
0
0
0
0
0
0
0
0
0
0
0
0
0
0
0
0
0
0
0
0
0
0
0
0
0
0
0
0
0
0
0
0
0
0
0
0
0
0
0
0
0
0
0
0
0
0
0
0
0
0
0
0
0
0
0
0
0
0
0
0
0
0
0
0
0
0
0
0
0
0
0
0
0
0
0
0
0
0
0
0
0
0
1.19118873727142
0.0254163649460135
0.0254163649460135
0
0
0
0
-0.0254163649460679
0.0254163649460135
0
0
0
1.1657723723254
0
998.834227627675
0
0
0
0
0
0
0
0
0
0
0
0
0
0
0
0
0
0
0
0
0
0
0
0
0
0
0
0
0
0
0
0
0
0
0
0
0
0
0
0
0
0
0
0
0
0
0
0
0
0
0
0
0
0
0
0
0
0
0
0
0
0
0
0
0
0
0
0
0
0
0
0
0
0
0
0
0
0
0
0
0
0
0
0
0
0
0
0
0
0
0
0
0
0
0
0
0
0
0
0
0
0
0
0
0
0
0
0
0
0
0
0
0
0
0
0.00363693318389658
0
0
0
0
0
0
0
1.56817179604899
0
0
0
0.983265091450795
0.983265091450795
0.983265091450795
0
0
0
9.77241135356926
0
0
1.3447024570829
0
0
9.77241135356926
0.00363693318389658
0
0
0
0
-1.34470245708292
1.3447024570829
0
0
0
0
0.369210212204844
0
10.9636000908407
0
0
0
0.245248770728207
0
0.22346933896609
0
10.9636000908407
10.9636000908407
0
0
0
0
0
0
0
0
0
0
0
0
0
0
-11.1134768774683
0
0
0
0
0
491.147425710999
0
0
0
0
0
0
0
0
0
0
0
0
0
0
0
0
0
0
0
0
0
0
0
0
0
0
0
0
0
0
0
0
0
0
0
0
0
0
0
0
0
0
0
0
0
0
0
0
0
0
0
0
0
0
0
0
0
0
0
0
0
0
0
0
0
0
0
0
0
0
0
0
0
0
0
0
0
0
0
0
0
0
0
0
0
0
0
0
0
0
0
0
0
0
0
0
0
0
0
0
0
0
0
0
0
0
0
0
0
0
0
0
1000
0
0
1000
1000
0
0
0
0
0
0
0
0
0
0
0
0
0
0
0
0
0
0
0
0
0
0
0
0
0
0
0
0
0
0
0
0
0
0
0
0
0
0
0
0
0
0
0
0
0
0
0
0
0
0
0
0
0
0
0
0
0
0
0
0
0
0
0
0
0
0
0
0
0
0
0
0
0
0
0
0
0
0
0
0
0
0
0
0
0
0
0
0
0
0
0
0
0
0
0
0
0
0
0
0
0
0
0
0
0
0
0
0
0
0
0
0
0
0
0
0
0
0
0
0
0
0
0
0
0
0
0
0
0
0
0
0
0
0
0
0
0
0
0
0
0
0
0
0
0
0
0
0
0
0
0
0
0
0
0
0
0
0
0
0
0
0
0
0
0
0
0
0
0
0
0
0
0
0
0
0
0
0
0
0
0
0
0
0
0
0
0
0
0
0
0
0
0
0
0
0
0
0
0
0
0
0
0
0
0
0
0
0
0
0
0
0
0
0
0
0
0
0
0
0
0
0
0
0
0
0
0
0
0
0
0
0
0
0
0
0
0
0
0
0
0
0
0
0
0
0
0
0
0
0
0
0
0
0
0
0
0
0
0
0
0
0
0
0
0
0
0
0
0
0
0
0
0
0
1000
0
0
0
0
0
0
0
0
0
0
0
0
0
0
0
0
0
0
0
0
0
0
0
0
0
0
0
0
0
0
0
0
0
0
0
0
0
0
0
0
0
0
0
0
0
0
0
0
0
0
0
0
0
0
0
0
0
0
0
0
0
0
0
0
0
0
0
0
0
0
0
0
0
0
0
0
0
-1000
0
0
0
1000
0
0
0
0
0
0
0
0
0
0
0
0
0
0
0
0
0
0
0
0
0
0
0
0
0
0
0
0
0
0
0
634.422853646905
0.165651764691174
0.165651764691174
0
0
0
0
0.16565176469112
0
0.165651764691174
-249.507280107886
0
0
0
0
0.0254848868755623
0
0
0
0
0
750.492719892114
0
0
249.507280107886
0
249.507280107886
0
0
1.00240555043888
0
0
1.00240555043888
0
1.00240555043888
0
1.00240555043888
1.00240555043888
0
1.00240555043888
1.00240555043888
0
0
0
0
0
0
0
0
0
0
0
0
0
0
0
0
0
0
0
0
0
0
0
0
0
0
0
0
0
0
0
0
0
0
0
0
144.407881989442
144.407881989442
0
0
0
0
0
0
0
0
0
0
0
0
0
0
0
0
0
0
0
0
0
0
0
0
0
0
0
0
0
0
0
0
0
0
0
0
0
0
0
0
0
0
0
0
0
0
0
0
1000
1000
-578.68316403096
0
0
0
-1000
-1000
1000
1000
0.0109107995516897
0
0
1000
-578.68316403096
0
0
0
0
0
0
0
0
0
0
0
0
0
0
0
0
0
0
0
0
0
0
0
0
0
0
0
0
0
0
0
0
0
0
0
0
0
0
0
0
1000
0
0
1000
0
0
0
0
0
0
0
0
0
0
0
0
-999.996363066816
999.996363066816
1000
999.996363066816
1000
-1000
-1000
0
0
0
0
0
0
0.00363693318388414
0
0
0
0
0
0.0290954654711726
0.0145477327355863
0.00363693318389658
0.00363693318389658
0.00363693318389658
0.00363693318389658
0.00363693318389658
0
0
0
0
500
0
0
0
0
0.0145161072296394
0.00363693318389658
0.0217794317621169
1000
0.00181319567429047
0.00181319567429047
1000
999.954596315295
0.0127029115553489
0.00181319567429047
0.0272295606203584
-0.00181319567434457
0.00181319567429047
0.00181319567429047
0.00181319567429047
0.00181319567429047
0.00181319567429047
-0.00181319567434457
-0.00362639134857545
0.00181319567429047
0.00181319567429047
0.00181319567434457
0.00181319567429047
-0.00545012885822871
-0.00545012885822871
0.00363693318388414
0.00363693318388414
0.00181319567429047
0.00181319567429047
0.00363693318389658
0.00363693318389658
-0.00363693318388414
-0.00363693318388414
0.00363693318388414
0.00363693318388414
0.00181319567429047
0.00181319567429047
0.00181319567429047
0.00181319567429047
1000
-0.00545012885822871
-999.974583635054
0
0
0
0
0
0
-1000
0
0
0
0.00363693318389658
0
0
0
0
0.00181846659194829
0.00363693318388414
0.00363693318388414
0
0.00363693318389658
0
0
0
0
0.0929131010132141
0.0892761678293255
0
0
0.00725278269716187
0.00181319567429047
0.0054395870228714
0.00181319567429047
-0.00181319567434457
0.00181319567429047
0.00181319567429047
0.00181319567429047
0.00181319567429047
0.00181319567429047
0.00181319567429047
0.00362639134858093
0.00181319567429047
0.00181319567429047
0.00181319567429047
0.00181319567429047
0.00181319567429047
0
0.00181319567429047
0
0
0
0
0
0
0
0
0.00363693318389658
0
0
0
0
0
0
0
0
0.00363693318389658
0.00363693318389658
0
0.00363693318389658
0
0.00363693318389658
0.00363693318389658
0.00363693318389658
0.00363693318389658
0.00363693318389658
0
0.00363693318389658
0
0.00363693318389658
0.00363693318389658
0.00363693318389658
0.00363693318389658
-0.00363693318388414
0
0
0
0
0
0
0
0
0
0
0
0
0
0
0
0
0
0
0
0
0
0
0
0
0
0
0
0
0
0
0
0
0
0
0
0
0
0
0
0
0
0
0
0
0
0
0
0
0
0
0
0
0
0
0
0
0
0
0
0
0
0
0
1000
140.517836906596
0
0
0
0
0
0.00363693318389658
0
0
0
0
0
0
0
0
0
0
1000
0
0
0
0
0
0
0
0
0
0
1000
0
-195.70810928605
0
0
0
-283.36684667986
0
0
0
0
0
0.00977694785670009
0
0
0
0
0
0
0
0
0
0.00977694785670009
0
0
226.417568019313
0
633.877788803893
0
0
0.00977694785670009
0
0.00977694785670009
0
0.00977694785670009
0
0
0
0
0
0
0
0
0
0
0
0
0
0.00977694785670009
0
0.00977694785670009
0
0.00977694785670009
0
0.00977694785670009
0
0.00977694785670009
0
0.00977694785670009
0
0.00977694785670009
0
0.00977694785670009
0
0.00977694785670009
0
0.00977694785670009
0
0.00977694785670009
0
0.00977694785670009
0
0.00977694785670009
0
0
0
0
0
12.6679285721137
0
3.78612305750711
0
0.205315904990702
0
0
0
0.56461873872443
0
0
0
0.144209980886326
0
0.00977694785670009
0
76.0523471174222
0
0
0
0.00977694785670009
0
0.00977694785670009
0
0.00977694785670009
0
0.00977694785670009
0
0
0
0
0
3.17261957949918
0
0
0
0.0305823843145537
0
0.00977694785670009
0
0.00977694785670009
0
4.45584398569107
0
0.00977694785670009
0
0.00977694785670009
0
0.00977694785670009
0
0
1000
0
0
-1.16577237232536
1000
0
0
0
0
1000
-1000
0
1.00240555043888
1000
1000
250.376599379897
0
1000
1000
-1000
-1000
0
0
0
1000
0
0
0
0
-4.85252978386893
1000
-10.9636000908407
0
0
0
999.296332492681
-1000
0.0892761678293255
0
0
0
0
-3.66073137712158
1000
0
-0.0929131010132096
0
0
0
-455.688555731069
-995.987997100436
-1000
-1000
996.698938474122
0
194.449536852094
1000
1000
0
1000
0
1000
-1000
0
1000
-1000
1000
-1000
1000
1000
1000
1000
1000
0
0
0
0
0
0
-508.852574289001
0
0
0
0
0
0
0
0
0
0
0
0
0
0
0
0
0
0
0
0
0
0
-1000
0
0
0
0
0
1000
0
0
-1000
1000
-1000
1000
1000
-1000
1000
1000
-1000
1000
1000
1000
-1000
1000
1000
1000
1000
-1000
1000
-1000
-1000
1000
-1000
-1000
1000
1000
1000
-1000
1000
-1000
1000
-1000
1000
1000
1000
1000
1000
1000
-1000
-1000
1000
34.5671392052859
-1000
-1000
1000
1000
-1000
-1000
1000
-1000
-1000
-1000
1000
1000
1000
-86.1344345561744
1000
1000
1000
1000
1000
1000
1000
1000
-1000
-1000
-1000
-1000
-1000
1000
-1000
-1000
1000
-262.205508523171
1000
1000
1000
1000
102.692622834732
1000
1000
1000
1000
1000
-1000
-1000
1000
-1000
1000
1000
-1000
1000
1000
1000
-1000
1000
1000
-1000
1000
1000
1000
-1000
1000
-1000
-1000
-1000
1000
1000
-1000
1000
-1000
1000
-1000
-1000
1000
-1000
-1000
1000
1000
1000
1000
51.4709369944674
-1000
-999.970904534529
1000
-1000
-1000
0
0
0
0
0
0
0
0
0
0
0
0
0
101.372199102867
0
0
39.1085838214216
0
0
0
0
0
0
0
0
0
0
0
0
0
0
0
0
0
0
0
0
0
0
0
0
0
0
0
0
0
0
0
0
0
0
0
0
0
0
0
0
0
0
0
0
0
0
662.226617232544
0
0
0
0
0
0
0
0
0
0
262.205508523171
0
0
0
0
0
0
0
0
0
0
0
0
0
0
0
0
0
0
0
0
0
0
0
0
0
0
0
0
0
0
0
0
0
0
0
0
0
0
0
0
0
0
0
0
0
13.4088675194178
0
0
0
10.3731615581606
0
0
0
0
0
0
0
0
0
0
0
0
0
0
0
0
0
0
0
0
0
0
0
0
0
0
0
0
0
921.522442875457
0
0
0
0
0
0
0
0
0
0
0
0
0
0
0
0
0
0
0
0
0
0
0
0
0
0
0
0
0
0
0
0
159.754824535564
0
0
0
0
0
0
0
0
0
0
0
0
0
0
0
0
0
0
0
0
128.105946461256
0
0
0
0
0
0
0
0
0
0
0
1000
0
0
0
0
0
0
0
0
0
1000
0
0
0
0
0
0
0
0
0
0
0
0
0
937.736384718555
0
0
0
0
0
0
0
0
0
0
0
0
0
0
0
0
0
0
0
0
0
0
0
0
0
0
0
0
0
0
0
0
0
0
0
0
0
0
0
0
0
0
0
0
0
0
0
0
0
0
0
17.6344216478888
0
0
0
0
0
0
0
0
0
0
0
0
0
0
0
0
0
0
0
0
0
0
0
0
0.00363693318389658
0
0
0
0
2.4242882978125
1000
997.52486843046
0.0508432717275582
1000
1000
1000
-1000
1000
1000
-0.0508432717275582
0
1000
-999.949156728272
1000
1000
1000
-1000
1000
-195.70810928605
1000
-1000
0
-1000
1000
-1000
1000
-1000
-1000
1000
-1000
1000
-1000
1000
1000
1000
1000
1000
1000
-1000
-1000
-1000
-1000
-1000
1000
1000
-1000
-1000
1000
-1000
1000
1000
-1000
-1000
1000
999.817358310725
0
0
999.817358310725
0
0
1000
0
0
0
0
0
0
-1000
0
0
0
0
1000
0
0
0
-0.703667507319096
-749.623400620103
0
749.623400620103
0
0
0
0
0
0
0
0
0
0
0
0
0
0
0
0
0
-0.00363693318388414
-0.00363693318388414
-0.00363693318388414
-0.00363693318388414
0
0
0
0
0
0
0
500
0
0
0
0
0
0
0
0
0
0
0
0
0
276.507345754362
0
0
1000
0
0
0
0
0
0.00363693318389658
0
0
1000
1000
1000
464.492695996951
1000
0
0
0
0
0.369210212204848
0
0
0
0
249.507280107886
0
0
0
0
1000
0
0
0
689.841913981114
0
0
0
0
0
0
0
0.00363693318389658
0
0
0
0
244.844813896627
0
0
0
0
0
-1000
0
0
0
0
0
0
0
0
0
0
0
0
0
0
0
0
0.683134809224553
0
0.00977694785670009
0
0
0
0
0
0
0
0
0
0
0
0
0
0.00363693318389658
0
856.936820467641
0
0
0
456.867020473114
0
0
0
0
1.96653018290159
0
0
0
0
0.0054395870228714
0
0
0
0
0
0
0
0
0
0
0
-0.0290954654711868
0.00363693318389658
0
0
1000
-120.980346592838
0
-1.96653018290169
1000
0
0
1000
1000
1000
0
0
0
0
0
745.622308520091
0.703667507319096
746.322339094226
1000
0
0
0
0
1000
0.0290954654711868
0
-909.140692259107
0
0
-1000
0.00363693318389658
1000
1000
0
0
0
0
0
572.272967681018
0
0
0
0
346.751406090173
-1000
-0.399044484634373
499.997280206489
499.997280206489
0
0
0
0
0
999.970904534529
0
0
0
1000
1000
0
0
0
0
0
0
0
0
0
0
0
0
0.983265091450795
0
0
-0.00363693318388414
0
0.00363693318389658
0.00363693318389658
0.00363693318389658
0.00363693318388414
0
0
0
0.983265091450789
0
0
-0.0109107995516524
1000
-1000
253.677660905774
-253.677660905774
1000
-1000
997.641699198832
0
1000
-747.976972388075
1000
1000
0
0
0
0
0
0
0
0
0
0
0
0
0
0
0
0
1000
0
0
0
0
0
0
0
0
0
0
0
0
0
0
0.00181319567429047
0
909.140692259107
0
0
0
0
0
0
0.00363693318389658
0
0
0
0
0
0
0
0
76.0425701695656
0
-737.291094830585
0
0
0
0
0
0
-0.00977694785672156
0
0
12.658151624257
3.77634610965041
0
0
-351.399850015381
0
0
0
737.291094830585
0
0
0
0
0
0
0
0
0
0
0
0
0
0
0
0
0
0
0
0
0
0
0
0
0
0
0
2.3455583577304
0
0
0
0
0
0
0
0
0
0
0
0
0
0
0
0
0
0
0
0
0
0
0
0
0
0
0
0
0
0
0
0
0
0
0
0
0
0
0
0
0
0
0
0
0
0
0
0
0
0
0
0
0
0
0
0
0
0
0
0
0
0
0
0
0
0
0
0
0
0
0
0
0
0
0
0
0
0
0
0
0
0
0
0
0
0
0
0
0
0
0
0
0
0
0
0
0
0
0
0
0
0
0
0
0
0
0
0
0
0
0.0126923697200709
0
0
0.00181319567434457
0
0.0199556942525305
0
0
-0.0126923697200709
34.4076142147226
0
0
0
0
0
0
0.0163293029039551
0
0
0
0
0
0
0
0
0
0
0
0
0
0
0
0
0
0
0
0.00363693318389658
0.00363693318389658
0.00363693318389658
1000
1000
0
-1000
1000
0
0
0
0
0
0
1000
0
0
0
0
0
0
0
0
0
0
0
133.707955908368
0.00977694785672156
1000
1000
-1000
1000
1000
1000
1000
1000
0
0
0
0
0
0
0
0
0
-0.0290954654711868
-0.144414358961512
0
-1000
0.398358386852595
0.00363693318389658
0.00363693318389658
0.00363693318389658
0.00363693318389658
0.00363693318389658
0
0
0
-995.637037018948
0
0
0
0
178.929655340473
0
0
0
0
2.64710863220155
0.283531487844303
0
0
0
0
-771.95848464117
0
0
0
0
0
0
1000
568.847897258606
0
1000
1000
1000
1000
0
0
0
0
0
0
0
0
0
12.6483746764003
0
0
0
0
12.6483746764003
0
0
0
0
0
0
61.3321372331883
0
76.0425701695655
0
12.6483746764003
0
0
0
4.36296298105241
76.0425701695655
0
0
4.36296298105241
0
0
76.0425701695655
12.6483746764003
3.77634610965041
0
0
0
76.0425701695655
12.658151624257
0
0
0.00363693318389658
421.31683596904
0
0
0
0
0
0
0
0
0
1000
0
0
0
0
0
0
0
-1000
-1000
1000
1000
1000
1000
0
0.0217794317621169
0
0
0
0
1000
-1000
0
1000
249.507280107886
0
0
-1000
4.07466532565309
0
0
0
0
0.5849067045982
0.5849067045982
0
34.4221197801169
0
0
0
0
0
0
0
0
-1000
0
0
999.996363066816
0
0
0
0
-1000
0.00363693318389658
0
0
0
0
0
0
0
78.6868009641439
-1000
0
0
-1000
0
0
0
1000
0
0
0
-866.292044091632
0
-1000
0
0
0
-1000
-1000
634.422853646904
0
0
0
-133.353541548562
0
1000
133.343764600706
0
0
0
0
0
0
-1000
0
0
0
0
1000
1000
0
0
-266.693669216084
0
0
0
0.00977694785670009
4.30185705694804
0
0
0
0
0
0
0
0
252.023027611925
746.322339094226
1000
0
0
0
0
0
0
0
0
0
-1000
-1000
0
346.751406090173
1000
1000
-652.849549425193
1000
0
0
0
0
0
0
0
0
0
0
0
-1000
0.00181319567429047
0.00181319567429047
0
43.1493088297898
-1000
-1000
1000
1000
366.11243424825
0
0
0
0
0
0
0
0
0
0
0
0
0
0
0
0
0
0
0
0
0
0
0
0
0
0.00363693318388414
0
0
0
0
0
0
0
0
0
0
0
0
0
0
0
0
0
0
0
0
0
0
0
0
0
0
0
0
0
0
0
0
0
0
0
0
0
0
0
0
0
0
0
1000
0
-1000
0
-1000
0
0
0
0
0
0
-1000
0
0
0
0
0
0
0
0
0
0
0
-1000
0
0
0
0
0
0
0
0
0
0
0
0
0
-262.708905169415
0
0
0
-1000
0
0
0
88.6909448459658
-88.6909448459658
-88.6909448459658
0
0
0
0
0
0
0
0
0
133.343764600706
0
0
0
0
0
0
0
0
0
0
0
0
0
0
0
0
0
0
0
0
0
0
0
0
133.343764600706
0
0
0
0
0
0
0
0
0
0
0
0
0
0
0
0
0
0
0
0
0
0
0
0
0
0
0
0
0
0
0
0
0
0
0
0
0
0
0
0
0
0
0
0
0
0
0
0
0
0
0
0
0
0
0
0
0
0
0
0
0
0
0
0
0
0
0
0
0
0
0
0
0
0
0
0
0
0
0
0
0
0
0
0
0
0
0
0
0
0
0
0
0
0
0
0
0
0
0
0
0
0
0
0
0
0
0
0
0
0
0
0
0
0
0
0
0
0
0
0
0
0
0
0
0
0
0
0
0
0
0
0
0
0
0
0
0
0
689.841913981115
0
0
0
0
-1000
0
0
0
0
0
0
0
0
66.0837338915445
0
0
0
170.349456210612
0
0
0
0
0
0
1000
0
0
0
180.938596342029
0
0
14.2690980212649
0
-1000
1000
-732.991222810904
733.156874575595
0
0
1000
0
0
0
0
755.129727571087
0.0218215991034185
0
0
0
0
0
0
0
0
0
0
0
0
0
0
0
0
0
0
0
0
0
0
0
0
0
0
0
0
0
0
0
0
0
0
0
0
0
0
0
0
0
0
0
0
0
0
0
0
0
0
0
0
0
0
0
0
0
0
0
0
0
0
0
0
0
0
0
0
0
0
0
0
0
0
0
0
0
0
0
0
0
0
0
0
0
0
0
0
0
0
0
0
0
0
0
0
0
0
0
0
0
0
0
0
0
0
0
0
0
0
0
0
0
0
0
0
0
0
0
0
0
0
0
0
0
0
0
0
0
0
0
0
0
0
0
0
0
0
0
0
0
0
0
0
0
0
0
0
0
0
0
0
0
0
0
0
0
0
0
0
0
0
0
0
0
0
0
0
0
0
0
0
0
0
0
0
0
0
0
0
0
0
0
0
0
0
0
0
0
0
0
0
0
0
0
0
0
0
0
0
0
0
0
0
0
0
0
0
0
0
0
0
0
0
0
0
0
0
0
0
0
0
0
0
0
0
0
0
0
0
0
0
0
0
0
0
0
0
0
0
0
0
0
0
0
0
0
0
0
0
0
0
0
0
0
0
0
0
0
0
0
0
0
0
0
0
0
0
0
0
0
0
0
0
0
0
0
0
0
0
0
0
0
0
0
0
0
0
0
366.11243424825
0
0
0
0
0
0
0
0
0
0
0
-1000
0
0
0
0
0.00363693318388414
-803.870977191953
0
0
0
0
0
0
0
0
0
0
0
0
0
0
0
0
0
0
0
0
0
0
0
0
0
0
0
0
0
0
0
0
0
0
0
0
0
0
0
0
0
0
0
0
0
0
0
0
0
0
0
0
0
0
0
0
0
0
0
0
0
0
0
0
0
0
0
0
0
0
0
0
0
0
0
0
0
0
0
0
0
0
0
0
0
0
0
0
0
0
0
0
0
0
0
0
0
0
0
0
0
0
0
0
0
0
0
0
0
0
0
0
0
0
0
0
0
0
0
0
0
0
0
0
0
0
0
0
0
0
0
0
0
0
0
0
0
0
0
0
0
0
0
0
0
0
0
0
0
0
0
0
0
0
0
0
0
0
0
0
0
-1000
0
0
0
0
0
0
0
0
0.00363693318388414
0
0
964.492695996951
0
0
1000
0
0
0
0
0
0
0
0
0
0
0
0
0
0
0
0
0
0
0
0
0
0
0
0
0
0
0
0
0
0
0
0
0
0
1000
0
0
0
0
0
0
0
0
0
0
0
0
0
0
0
0
0
0
0
0
0
0
0
0
0
0
0
0
0
0
0
0
0
0
0
0
0
0
0
0
0
0
0
0
0
0
0
0
0
0
0
0
0
0
0
0
0
0
0
0
0
0
0
0
0
0
0
0
0
0
0
0
0
0
0
0
0
0
0
0
0
0
0
0
0
0
0
0
0
0
0
0
0
0
0
0
0
0
0
0
0
0
0
0
0
0
0
0
0
0
0
0
0
0
0
0
0
0
0
0
0
0
0
0
0
0
0
0
0
0
0
0
0
0
0
0
0
0
0
0
500
87.8486276303521
0
0
-0.983265091450789
0
0
0
468.892049977004
19.4321164318339
42.4748114592752
0.105418353156422
87.8486276303521
1000
0
0
0
0
0
0
0
0
0
0
0
0
0
0
0
0
0
0
0
622.107186726463
-1000
0
1000
0
999.941809069058
0
0
0
-733.767203132677
456.255421017393
140.517836906596
88.6909448459658
-3.77634610965038
-24.4423696417502
0
0
0
0.00363693318388414
0
0
0
0
0
0
0
0
0
0
0
0
0
0
0
0
0
0
0
283.36684667986
0
0
0
-1000
1000
4.91626610845549
0.294684095009302
0
-10.792678286978
-21.1582716858682
-1000
966.163484653422
-10.5665603118888
-821.767574284142
-26.7337473583896
-4.63761690123397
-31.6488780743078
-1000
-1000
0
0
0
0
-1000
-39.1085838214216
-17.6344216478888
-303.20624356217
-13.4088675194178
989.626838441839
-24.0709851760116
1000
-24.215065710188
-68.1043955663829
0
-1000
1000
1000
0
133.864244645758
999.996363066816
0
999.817358310725
1000
0
0
0
-10.9636000908407
0.369210212204848
0
1000
-0.0290954654711868
0
0
0
0
-1000
0
0
0
0
0
0
0
0
999.996363066816
-1000
0
0
0
0
0
0
0
0
0
0
0
276.507345754362
0
0
0
0
0
193.283820988238
0
1000
0
0
1000
-998.834227627675
1000
-0.00363693318388414
0.0892761678293255
-1.00240555043888
-421.31683596904
0
-0.00363693318388414
0
-0.00363693318388414
0
0
0
-500
-0.00363693318388414
0
0
0
-0.00363693318388414
0
0
0
0
0
0
0
0
0
0
0
-1000
0
0
0
0
0
1000
0
0
0
0
0
0
0
1000
-745.611397720539
-508.852574289001
249.507280107886
0
-1000
0
1000
0
0
-0.00363693318388414
0
0
0
0
-1000
0
0
0
0
0
0
0
0
0
244.844813896627
-3.66073137712158
0
-1000
-0.703667507319096
500
0
0
1000
0
0
0
2.47513156954005
0
0
0
0
0
996.698938474122
0
500
-1000
0
-1000
-366.135755354242
250.376599379897
0
0
143.063179532359
-250.376599379897
-1000
1000
0
455.688555731069
-455.688555731069
0
-750.492719892114
-249.507280107886
1000
-1000
-1000
0
0
0
0
-0.0929131010132096
-0.0508432717275582
0
0
-1000
0
385.805895032807
999.296332492681
-1000
0
0
0
0
-1000
1000
1000
-133.864244645758
-1000
-4.85252978386893
0
0
0
0
0
0
0
0
0
1000
456.867020473114
0
0
1.66941761568546
1.0902230521433
13.7
-1000
1.75579001911365
3.91686519077541
-4.35584398569108
-0.672619579499155
-0.464618738724425
0.100000000000023
0
0
521.317568019313
702.477788803893
-12.1679285721136
0
5.5902230521433
1.20000000000005
0.0902230521433012
4.79999999999995
0
0.290223052143347
103.1
374.6
0
-4.07466532565309
0
0
2.99022305214328
0.100000000000023
0
-75.9523471174222
0.0902230521433012
0.0902230521433012
0.0902230521433012
2
28.3
0.100000000000023
0
0
0
-1000
1000
-491.147425710999
491.147425710999
-1000
1000
-0.00363693318388414
0
1000
-1000
1000
0
0
0
0
0
-1000
0
0
0
0
0
0
0
0
0
0
0
0
0
0
0
0
1000
-1000
-43.1493088297897
43.1493088297898
1000
-1000
1000
-1000
-1000
0
-133.864244645758
-1000
0
0.190223052143324
0.690223052143324
0
0
0
0
0
732.991222810904
-733.156874575595
755.129727571087
0.0218215991034185
0
0
0
0
0
1000
0
0
0
0
0
0
0
0
0
0
0
0
0
0
0
0
0
0
0
0
0
0
0
0
0
0
0
0
0
0
0
0
0
0
0
0
0
0
0
0
0
0
0
0
0
0
0
0
0
0
0
0
0
0
0
0
0
0
0
0
0
0
0
0
0
0
0
0
0
0
0
0
0
0.0902230521433012
3.39999999999998
0.100000000000023
0
0
0
0
0
0
0
0
0
0
0
0
0
0
0
0
0
0
0
0
0
0
0
0
0
0
0
0
0
0
0
0
0
0
0
0
0
0
0
0
0
0
0
0
0
0
0
0
0
0
0
0
0
0
0
0
0
0
0
0
0
0
0
0
0
0
0
0
0
0
0
0
0
0
0
0
0
0
0
0
0
0
0
0
0
0
0
0
0
0
0
0
0
0
0
0
0
0
0
0
0
0
0
0
0
0
0
0
0
0
0
0
0
0
0
0
0
0
0
0
0
0
0
0
0
0
0
0
0
0
0
0
0
0
0
0
0
0
0
0
0
0
0
0
0
0
0
0
0
0
0
0
0
0
0
0
0
0
0
0
0
0
0
0
0
0
0
0
0
0
0
0
0
0
0
0
0
0
0
0
0
0
0
0
0
0
0
0
0
0
0
0
0
0
0
0
0
0
0
0
0
0
0
0
0
0
0
0
0
0
0
0
0
0
0
0
0
0
0
0
0
0
0
0
0
0
0
0
0
0
0
0
0
0
0
0
0
0
0
0
0
0
0
0
0
0
0
1000
0
0
0
0
0
0
0
1000
-1000
-1000
0
1000
0
803.870977191953
0
0
0
0
0
0
0
0
0
0
0
0
0
0
0
0
0
0
0
0
0
0
0
0
0
0
0
0
-1000
0
-964.492695996951
-0.00363693318388414
0
0
0
0
0
0
0
0
-1000
-1000
0
0
0
0
1000
0
0
0
0
0
0
0
0
0
0
0
0
0
0
0
0
0
0
0
0
0
0
0
0
0
0
0
0
0
0
0
0
0
0
0
0
0
0
0
0
0
0
0
0
0
0
0
0
0
0
0
0
0
0
0
0
0
0
0
0
0
0
0
4.79022305214335
1.5902230521433
1.5902230521433
0.0902230521433012
0.100000000000023
0.0902230521433012
0.100000000000023
0.100000000000023
0.0902230521433012
0.0902230521433012
0.0902230521433012
0.0902230521433012
0.100000000000023
0.0902230521433012
0.0902230521433012
0.0902230521433012
0.0902230521433012
0.0902230521433012
0.490223052143278
0.0902230521433012
0.100000000000023
0.190223052143324
0.0902230521433012
-3.68612305750707
0
0
0
0
87.848627630352
0
998.834227627675
0
0
0
0
0
0
0
0
0
