0
0
0
0
0
0
0
0
-547.616125243748
131.747383631535
868.252616368465
0
0
199.306481028894
0
0
999.747878287009
-999.747878287009
999.942136000297
0
0.0578639997028963
0
-1000
0.363716569561007
0
1000
-201.730513310258
0
-35.1323654920602
0.0238294704641444
0
0
0
0
0
0
0.0318666594906865
0
0
0
34.7235288511102
0
0
0
0
0
0
0
0
0
0
0
0
0
0
0
0
0
0
0
0
0
1000
0
0
0
0
0
0
35.1323654920602
0
0
0
0
-1000
-1000
0
0
0
0
35.1323654920602
0
-1000
0
0
0
0
0
0
0
0
0
0
0
0
0
0
0
0
0
0
0
0
0
0
0
0.00353903026695214
0
0
0
0
0
0
0
0
0
0
0
0
0
0
0
0
0
0
0
0
0
0
0
0
0
0
0
547.616125243748
0
0
1000
0
0
0
0
1000
0
0
0
0
-14.4864100432733
0
0
0
0
-479.080940940462
0
0
0
-204.309594439873
0
0
598.557957662928
1000
1000
401.4337760514
0
204.309594439873
0
-1000
401.4337760514
600.740257080294
1000
-800.693518971106
0
204.309594439873
1000
0
0
0
0
0
1000
545.051538576822
0
0
0
0
0
-3.89279224533959
0
0
0
0
0
0
995.176737713641
-991.118619754864
-1000
0
0
0
942.319858048501
0
0
0
0
995.176737713641
0
0
0
0
0
-3.89692538817553
0
-999.995866857164
0
0
0
0
0
0
0
0
0
0
0
8.8813802451358
0
0
-1000
989.516199849958
0
0
0.456483614143103
0
0
0.464749899814945
9.5625666360836
0
-1000
0
0
0
-1000
0
4.05811795877651
0
0
0
0
0
0
0
0
0
0
-318.552438938223
0
-1000
0
-1000
1000
1000
-1000
0
-1000
327.55514550896
-0.95679649394981
1000
0
8.87784121486895
11.1685255712563
1000
1000
-451.994331987138
1000
0
326.543127320273
1000
0
0.17772514194461
0
-0.17772514194462
0
0.00176438610410368
0
0
0
0
0
0
0
2.60539134061873
497.569101233174
0
0
0
0
0
0
0
0
995.941882041223
0
1000
0
0
0
1000
0
-0.17772514194462
0
-0.68472542121458
0
0
0.68472542121458
0
0
0
0
8.87784121486891
0
0
-440.141080994667
0
0
0
-2.26530079002339
0.68472542121458
0
1000
-0.95679649394981
0
8.8813802451358
0
0
0
0
0
0
0
0
0
0
0
0
0
0
0
2.28241807071551
0
9.6083816909522
0
0
0
0
8.87784121486895
0
0
0
-939.445147359406
-1000
1000
-673.526818108117
0
1000
-1000
-1000
-1000
-1000
1000
0.0681810422854596
1000
1000
1000
8.87784121486891
-1000
0
0
0
0
-1000
8.87784121486891
1000
-1000
-1000
-1000
1000
0
999.611697428142
1000
0
0
0
0
0
0
0
0.956796493949773
-1000
1000
-999.543516385857
-1000
1000
-1000
-1000
-1000
-1000
1000
0
1000
0
-0.448217328471287
1000
1000
-1000
1000
-1000
-1000
1000
-1000
-1000
1000
1000
0
0
0
0
0
0
0
0
991.118619754864
0
0
0
0
1000
0
0
0
-29.1215003899935
0
0
0
0
0
0
76.5592493620829
0
0
0
0
0
0
0
0
0
0.00353903026695214
0
1000
-0.00353903026700664
-999.996460969733
0
999.996460969733
0
0
0
0
1000
0
0
0
0
0
1000
0
0
0
0
0
0
0
0
0
0
0
0
0
0
0
0
0
0
0
0
0
0
0
0
0
0
0
0
0
1000
0.00353903026700664
1000
0.103328570898043
0.103328570898043
0
-999.315274578785
0
0
0
0
0
0
0
0
0
0
0
32.0160270840693
0
0
0
0
-901.986495216238
0
0
0
0
0
0
0
0
0
0
0
0
0
0
0
0
0
0
0
0
0
0
0
0
0
0
0
0
0
0
0
0
0
0
0.161192570600925
0
0
494.309290151241
1000
0
0
0
0
0
0
-1000
0
0
0
0
0
0
0
0
0
0
0
0
0
0
0
0
0
0
0
0
0
0
0
0
0
0
0
0.161192570600925
0
0
0
0
0
0
0
0
0
999.313898289237
0
0
0
0
0
0
0
0
0
0
0
0
0
0
0
0
0
0
0
0
0
0
0
0
0
0
0
0
0
0
0
0
0
0
0
0
0
0
0
0
0
0
0
0
0
0
0
0
0
0
0
0
0
0
0
0
0
0
0
0
0
0
0
0
0
0
0
0
0
0
0
0
0
0
0
-1000
0
0.00413314283592116
0
0
0
0
0.74809885330173
0.74809885330173
0
1000
0
0
0
0
0
0
0
0
0
0
0
0
0
0
0
0
0
0
0
0
1000
0
0
0
0
0
-0.00353903026700664
0
0
0
-1000
0
0
-1000
0
0
0
0
2.149234274679
0
0
2.149234274679
0
0
0
0
0
0
0
0
0
2.149234274679
0
2.149234274679
0
0
0
12.8211843188643
36.5472193573322
23.3610191147991
17.110121421972
25.3686066949771
8.34973925392233
19.5283519162774
35.7259335290775
32.8970601206448
10.402953824559
20.1671297826976
41.5661883077773
32.8058061397276
10.1291918818074
16.7907324887618
23.2697651338819
30.1594406931293
24.4104398953467
4.47144506494201
30.4332026358808
0
0
0
0
0
0
0
0
0
0
0
0
0
0
0
0
0
0
0
0
0
0
0
0
0
0
0
0
0
0
0
0
0
0
0
0
0
0
0
0
0
0
0
0
0
0
0
0
0
0
0
0
0
0
0
0
0
0
0
0
0
0
0
0
0
0
0
0
0
0
0
0
0
0
0
0
0
0
0
0
0
0
0
0
0
0
0
0
0
0
0
0
-1000
0
0
0
0
0
32.0160270840694
-1000
-1000
1000
1000
0
0
0
0
0
872.265689115036
0
-29.1215003899935
-872.41448225713
-872.41448225713
-1000
0
-98.0135047837615
901.986495216238
-98.1292327831673
1000
1000
872.273955400708
1000
0
0
127.734310884964
0
-1000
-1000
-1000
0
0
0
901.986495216238
901.986495216238
98.0135047837616
0
0
0
0
0
0
0
0
0
0
0
-1000
447.030955732526
1000
1000
0
122.510896006468
447.630989292412
100.130293975512
5
0
0
0
0
0
0
49.0078028854832
0
0
0
0
-0.00143804306185302
0
0
0
0
-0.00143804306185302
21.5714543027241
446.028151845106
0
-0.00143804306185302
0.00143804306185302
-0.00143804306185302
-0.534799721049012
0
-0.0898776913688835
0
-1000
-0.558320218783706
0
-0.00143804306185302
-0.00143804306185302
0.00143804306185302
-0.00143804306185302
0.00143804306185302
-0.00143804306185302
-0.00143804306185302
-0.00143804306185302
-0.00143804306185302
-0.00143804306185302
-0.00143804306185302
-0.00143804306185302
-0.00143804306185302
-0.00143804306185302
-0.00143804306185302
-0.00143804306185302
-0.0301989042999367
-0.0141732178324219
-0.0413437380296955
-0.0417032487952156
-0.021211135163071
0.00143804306185302
0.00143804306185302
-0.0805254875983792
0.00143804306185302
0.00143804306185302
0.00143804306185302
0.00143804306185302
-0.688463115885952
-0.0104258121988323
-0.0772948145772716
-0.389350159010178
-0.0244516559205294
0.00143804306185302
0.00143804306185302
0.0136614090880585
0.00143804306185302
0.00143804306185302
-0.00143804306185302
0
0
0
0
0
0
0
0
0
0
0
0
0
0
0
0
0
0
0
0
0
0
0
0
0
0
0
0
0
0
0
0
0
0
0
0
0.00518544869544257
0
0
0
0
0
0
0
0
0
0
0
0
0
0
0
0
0
0
0
0
0
0
0
0
0
0
0
0
0
0
0
0
0
0
0
0
0
0
0
1000
0
0
0
0
0
0
0
0
0
0
0
0
0
0
0
0
0
0
0
0
0
0
0
0
0
0
0
0
0
0
0
0
0
0
0
0
0
0
0
0
0
0
0
0
0
0
0
0
0
0
0
0
0
0
0
0
0
0
0
0
0
0
0
0
0
0
0
0
0
0
0
0
0
0
0
0
0
0
0
0
0
0
0
0
0
0
0
0
0
0
0
0
0
0
0
0
0
0
0
0
0
0.0014380430619028
49.0106789716071
0.0014380430619028
0.0787328576391781
0.0014380430619028
0
0
0
0
0.0014380430619028
0
0
0
0
0
0
0
0
0
0
0
0
0
0
0
0
0
0
0
0
0
0
0
0
0
0
0
0
0
0
0
0
0
0
0
0
0
0
0
0
0
0
0
0
0
0
0
0
0
0
0
0
0
0
0
0
0
0
0
0
0
0
0
0
0
0
0
0
0
0
0
0
0
0
0
0
0
0
0
0
0
0
0
0
0
0
0
0
0
0
0
0
0
0
0
0
0
0
0
0
0
0
0
0
0
0
0
0
0
0
0
0
0
0
0
0
0
0
0
0
0
0
0
0
0
0
0
0
0
0
0
0
0
0
0
0
0
0
0
0
0
0
0
0
0
0
0
0
0
0
0
0
0
0
0
0
0
0
0
0
0
0
0
0
0
0
0
0
0
0
0
0
0
0
0
0
0
0
0
0
0
0
0
0
0
0
0
0
0
0
0
0
0
-1000
0
0
0
0
0
0
0
0
0
0
0
0
0
0
0
0
0
0
0
0
0
0
0
0
0
0
0
0
0
0
0
0
0
0
0
0
0
0
0
0
0
0
0
0
0
0
0
0
0
0
0
0
0
0
0
0
0
0
0
0
0
0
0
0
0
0
0
0
0
0
0
0
0
0
0
0
0
0
0
0
0
0
0
0
0
0
0
0
0
0
0
1000
1000
0
0
0
0
0
0
0
0
0
0
0
0
0
0
0
0
0
-1000
0
-1000
0
0
0
0
0
0
0
1000
1000
0
0
0
0
0
0
0
0
0
0
0
0
0
0
0
0
0
0
0
0
0
0
0
0
0
0
0
0
0
0
0
0
0
0
0
0
0
0
0
0
0
0
0
0
0
0
0
0
0
0
0
0
0
0
0
0
0
0
0
0
0
0
0
0
0
0
0
0
0
0
0
0
0
0
0
0
0
0
0
0
0
0
0
-998.0864070121
45.6167306901707
0
0
0.00143804306185302
0
-950.938630010461
0
49.0092409285451
0
0
23.6221155399586
0
446.028151845106
0
0
0
0.00518544869544257
0.556882175721853
0
-999.443117824278
999.998561956938
0
0
0
0
0
0
0
0
0
0
0
0
0
-1000
0.00518544869544257
0
0
0
-0.0194185052039302
0
0
0
0
0
0
0
0.0194185052039302
0
0
0
0
0
49.0078028854832
1000
-998.0864070121
-49.0078028854832
-49.0078028854832
0
676.310570416744
1000
-0.0212341816016988
0
0
0.00143804306185302
-0.00143804306185302
0
0
49.0613699895391
-49.0613699895391
1000
0
-49.0092409285452
-49.0092409285452
0
0
-1000
0
-49.0613699895391
-950.938630010461
-1000
0
-553.971848154894
-446.028151845106
-1000
0
0
0
0
0
-1000
0
-0.556882175721853
0
0
0
-999.443117824278
999.443117824278
-1000
0
0
0
-1000
0
0
0
-1000
0
0
0
0
0
0
0
0
0
0
0
0
0
0
0
0
0
0
0
-1000
1000
-1000
0
-1000
0
-1000
0
-1000
0
0
0
0
0
0
0
0
0
-1000
0
1000
0
1000
0
-1000
0
-1000
0
-1000
0
0
0
0
0
0
0
0
0
0
-1000
0
0
0
0
0
0
0
0
0
0
0
0
0
0
0
0
0
0
0
0
0
0
0
0
0
0
0
0
0
0
0
0
0
0
0
0.00518544869544257
-0.00518544869544257
0
0
0
0
0
0
0
0
0
0
0
0
0
0
0
0
0
0
0
0
0
0
0
0
0
0
0
0
0
0
0
0
0
0
0
0
0.00518544869544257
-0.00518544869544257
0
0
0
0
0
0
0.0194185052039302
0.0194185052039302
0
0
0
0
0
0
0
0
0
0
0
0
0
0
0
0
-0.0194185052039302
-0.0194185052039302
0
0
0
0
0
0
0
0
0
0
0
0
0
0
0
0
0
0
0
0
0
0
0
0
0
0
0
0
0
0
0
0
0
0
0
0
1000
0
0
0
0
0
0
0
1.15912302527907
0.00353903026695214
0
0
0
0
0
0
0
0
0.145842240527578
0
0
0
0
0
0
0
0
0
0
0
0
0
0
0
0
0
0
0
0
0
0
0
0
0
0
0
0
0
0
0
0
0
0
0
0
0
0
0
0
0
0
0
0
0
0
0
0
0
0
0
0
49.0613699895392
49.0613699895392
49.0613699895392
0
0
0
0
49.0078028854833
49.0078028854833
0
0
0
0
0
0
0
0
0
0
0
0
0
0
0
0
0
0
0
0
0
0
0
0
0
0
0
0
0
0
0
0
0
0
0
0
0
0
0
0
0
0
0
0
0
0
0
0
0
0
0
0
0
0
0
0
0
0
0
0
0
0
0
0
0
0
0
0
0
0
0
0
0
0
0
0
0
0
0
0
0
0
0
0
49.0092409285452
49.0092409285452
49.0092409285452
49.0092409285452
-49.0092409285452
0
0
0
0
0
0
0
0
0
0
0
0
0
0
0
0
0
0
0
0
0
0
0
0
0
0
0
0
0
0
0
0
0
0
0
0
0
0
0
0
0
0
0
0
0
0
0
0
0
0
0
0
0
0
0
0
0
0
0
0
0
0
0
0
0
0
0
0
0
0
0
0
0
0
0
0
0.00353903026695214
0.00353903026695214
0.00353903026695214
0.00353903026695214
0.00353903026695214
0
0
0
0
0
0
0
0
0
0
0
0
0
0
0
0
0
0
0
0
0
0
0
0
0
0
0
0
0
0
0
0
0
0
0
0
0
0
0
0
0
0
0
0
0
0
0
0
0
0
0
14.4864100432733
14.4864100432733
-14.4864100432733
4.82054561046821
-2.40850329010061
2.40850329010063
2.40850329010063
2.40850329010063
2.40850329010063
2.40850329010063
2.40850329010063
2.40850329010063
2.40850329010063
2.40850329010063
2.40850329010063
2.40850329010063
0
2.40850329010061
2.40850329010063
2.40850329010063
2.40850329010063
2.40850329010063
2.40850329010063
2.40850329010063
2.40144574568421
2.40144574568421
2.40144574568421
0.00705754441641471
0.00705754441641471
0
0
0
0
0
0
0
0
0
0
0
0
0
0
0
0
0
0
14.4864100432733
14.4864100432733
4.82054561046821
4.82054561046821
0
0
0
0
0
0
0
0
0
0
0
0
0
0
0
0
0
0
0
0
0
0
0
0
0
0
0
0
0
0
0
0
0
0
0
0
0
0
0
0
0
0
0
0
0
0
0
0
0
0
0
0
0
0
0
0
0
0
0
0
0
0
0
0
0
0
0
0
0
0
0
0
0
0
0
0
0
0
0
0
0
0
0
0
0
0
0
0
0
0
0
0
0
0
0
0
0
0
0
0
0
0
0
0
0
0
0
0
0
0
0
0
0
0
0
0
0
0
0
0
0
0
0
0
0
0
0
0
0
0
0
0
0
0
0
0
0
0
0
0
0
0
0
0
0
0
0
0
0
0
0
0
0
0
0
0
0
0
0
0
0
0
0
0
0
0
0
0
0
0
0
0
0
0
0
0
0
0
0
0
0
0
0
0
0
0
0
0
0
0
0
0
1.15912302527907
1.17237643717734
1.17237643717734
0
0
0
0
-1.17237643717738
0
0
0
0.0132534118982672
0
0
0
0
0
0
0
0
0
0
0
0
0
0
0
0
0
0
0
0
0
0
0
0
0
0
0
0
0
0
0
0
0
0
0
0
0
0
1.17237643717734
0
0
0
0
0
0
0
0
0
0
0
0
0
0
0
0
0
0
0
0
0
0
0
0
0
0
0
0
0
0
0
0
0
0
0
0
0
0
0
0
0
0
0
0
0
0
0
0
0
0
0
0
0
0
0
0
0
0
0
0
0
0
0
0
0
0
0
0
0
0
0
0
0
0
0
0
0
0
1.15912302527907
0.00353903026695214
0
0
0
0
0
0
0
1.52595804469855
0
0
0
0.956796493949773
0.956796493949773
0.956796493949773
0
0
0
0
0
0
1.3085042960736
0
0
0
0.00353903026695214
0
0
0
0
-1.30850429607358
1.3085042960736
0
0
0
0
0.359271410771654
0
0
0
0
0
0.227168130256263
0
0.217453748624948
0
0
0
0
0
0
0
0
0
0
10.6684699977562
10.6684699977562
10.6684699977562
0
0
0
0
-0.1458422405276
0
0
0
0
0
0
0
0
0
0
0
0
0
0
0
0
0
0
0
0
0
0
0
0
0
0
0
0
0
0
0
0
0
0
0
0
0
0
0
0
0
0
0
0
0
0
0
0
0
0
0
0
0
0
0
0
0
0
0
0
0
0
0
0
0
0
0
0
0
0
0
0
0
0
0
0
0
0
0
0
0
0
0
0
0
0
0
0
0
0
0
0
0
0
0
0
0
0
0
0
0
0
0
0
0
0
0
0
0
0
0
0
0
0
0
0
903.765240598982
96.2347594010182
0
1000
1000
0
0
0
0
0
0
0
0
0
0
0
0
0
0
0
0
0
0
0
0
0
0
0
0
0
0
0
0
0
0
0
0
0
0
0
0
0
0
0
0
0
0
0
0
0
0
0
0
0
0
0
0
0
0
0
0
0
0
0
0
0
0
0
0
0
0
0
0
0
0
0
0
0
0
0
0
0
0
0
0
0
0
0
0
0
0
0
0
0
0
0
0
0
0
0
0
0
0
0
0
0
0
0
0
0
0
0
0
0
0
0
0
0
0
0
0
0
0
0
0
0
0
0
0
0
0
0
0
0
0
0
0
0
0
0
0
0
0
0
0
0
0
0
0
0
0
0
0
0
0
0
0
0
0
0
0
0
0
0
0
0
0
0
0
0
0
0
0
0
0
0
0
0
0
0
0
0
0
0
0
0
0
0
0
0
0
0
0
0
0
0
0
0
0
0
0
0
0
0
0
0
0
0
0
0
0
0
0
0
0
0
0
0
0
0
0
0
0
0
0
0
0
0
0
0
0
0
0
0
0
0
0
0
0
0
0
0
0
0
0
0
0
0
0
0
0
0
0
0
0
0
0
0
0
0
0
0
0
0
0
0
0
0
0
0
0
0
0
0
0
0
0
0
0
0
0
0
0
0
0
0
605.07727006986
0
0
605.07727006986
0
0
0
0
0
0
0
0
0
0
0
0
0
0
0
0
0
0
0
0
0
0
0
0
0
0
0
1000
0
0
0
0
0
0
0
0
0
0
0
0
0
0
0
0
0
0
0
0
0
0
0
0
0
0
0
0
0
0
0
0
0
0
0
0
0
0
0
0
0
0
0
0
0
0
0
0
0
0
0
0
0
0
0
0
0
0
0
0
0
0
0
0
0
0
0
0
0
0
0
0
0
0
0
0
0.161192570600925
0.161192570600925
0
0
0
0.161192570600974
0.161192570600925
0
0
0
0
0
0.024798857015527
0
0
0
0
0
0
0
0
0
0
0
0
0
0.975421709277395
0
0
0
0
0
0
0.975421709277395
0
0.975421709277395
0.975421709277384
0
0
0
0
0
0
0
0
0
0
0
0
0
0
0
0
0
0
0
0
0
0
0
0
0
0
0
0
0
0
0
0
0
0
0
0
0
760.373018027002
760.373018027002
0
0
0
0
0
0
0
0
0
0
0
0
0
0
0
0
0
0
0
0
0
0
0
0
0
0
0
0
0
0
0
0
0
0
0
0
0
0
0
0
0
0
0
0
0
0
0
0
1000
-1000
0.68472542121458
0
0
0
-1000
-1000
1000
0
0
0
0
-1000
0
0
0
0
0
0
0
0
0
0
0
0
0
0
0
0
0
0
0
0
0
0
0
0
0
0
0
0
0
0
0
0
0
0
0
0
0
0
0
0
0
1000
0
0
0
0
0
0
0
0
0
0
0
0
0
0
0
0
0
-999.996460969733
999.996460969733
1000
999.996460969733
1000
-1000
-1000
0
0
0
0
0
0
0.00353903026700664
0
0
0
0
0
0
0
0
0
0
0
0
0
0
0
0
0
0
0
0
0
0
0.00264657915615552
0.00353903026695214
0.00971438163131502
1000
0.00176438610410368
0.00176438610410368
0.00353903026700664
0
0.000882193052051839
0.00176438610410368
0.015017798002394
-0.00176438610412788
0.00176438610410368
0.00176438610410368
0.00176438610410368
0.00176438610410368
0.00176438610410368
-0.00176438610412788
-0.00352877220825576
-0.0327026912784731
0.00176438610410368
0.00176438610410368
0.00176438610412788
0.00176438610410368
0.0273992749073386
-0.00530341637102083
-0.0291636610114665
0.00353903026700664
0.00176438610410368
0.00176438610410368
0.00353903026695214
0.00353903026695214
-0.00353903026700664
-0.00353903026700664
0.00353903026700664
0.00353903026700664
0.00176438610410368
0.00176438610410368
0.00176438610410368
0.00176438610410368
-0.00530341637102083
-999.986746588102
0
0
0
0
0
0
-505.690709848759
0
0
0
0.00353903026695214
0
0
0
0
0.00176951513347607
0.00353903026700664
0.00353903026700664
0
0.00353903026695214
0
0
0
0
0
-0.00353903026700664
0
0
0.00705754441641471
0.00176438610410368
0.00529315831231103
0.00176438610410368
-0.00176438610412788
0.00176438610410368
0.00176438610410368
0.00176438610410368
0.00176438610410368
0.00176438610410368
0.00176438610410368
0.00352877220820735
0.00176438610410368
0.00176438610410368
0.00176438610410368
0.00176438610410368
0.00176438610410368
0
0.00176438610410368
0.00353903026695214
0.00353903026695214
0.00353903026695214
0.00353903026695214
0.00353903026695214
0.00353903026695214
0.00353903026695214
0.00353903026695214
0.00353903026695214
0.00353903026695214
0.00353903026695214
0.00353903026695214
0.00353903026695214
0.00353903026695214
0
0
0
0
0
0
0
0
0
0
0
0
-0.00353903026700664
0
0
0
0
0
0
0
0
0
0
0
0
0
0
0
0
0
0
0
0
0
0
0
0
0
0
0
0
0
0
0
0
0
0
0
0
0
0
0
0
0
0
0
0
0
0
0
0
0
0
0
0
0
0
0
0
0
0
0
0
0
0
0
0
0
0.17772514194461
0
32.0160270840694
0
0
0
0
0.00353903026695214
0
0
0
0
0
0
0
0
0
0
0
0
0
0
0
0
0
0
0
0
0
-479.782579336031
0
0
0
-49.0078028854832
0
0
0
0
0
0.0014380430619028
0
0
0
0
0
0
0
0
0
0.0014380430619028
0
0
21.5714543027241
0
0
0
0
0.0014380430619028
0
0.0014380430619028
0
0.0014380430619028
0
0.534799721049009
0
0
0
0.0898776913689247
0
0
0
0.00143804306185302
0
0.55832021878376
0
0
0
0.0014380430619028
0
0.0014380430619028
0
0.0014380430619028
0
0.0014380430619028
0
0.0014380430619028
0
0.0014380430619028
0
0.0014380430619028
0
0.0014380430619028
0
0.0014380430619028
0
0.0014380430619028
0
0.0014380430619028
0
0.0014380430619028
0
0.0014380430619028
0
0.0014380430619028
0
0.0014380430619028
0
0.0014380430619028
0
0.0301989042999587
0
0.0141732178323832
0
0.0413437380297054
0
0.0417032487951811
0
0.0212111351630662
0
0.0014380430619028
0
0.0014380430619028
0
0.080525487598359
0
0.0014380430619028
0
0.0014380430619028
0
0.0014380430619028
0
0.0014380430619028
0
0.688463115885963
0
0.0104258121987953
0
0.0772948145772753
0
0.389350159010182
0
0.024451655920545
0
0.0014380430619028
0
0.0014380430619028
0
0.0136614090880766
0
0.0014380430619028
0
0.0014380430619028
0
0.0014380430619028
0
-1000
0
0
0.0132534118982903
0
0
0
0
0
786.397560578108
-245.021792012937
1000
0
0
0.975421709277395
-991.118619754864
1000
1000
0
759.064513730928
1000
-1000
-1000
0
0
1000
0
0
0
0
0
-343.432989414554
1000
0
0
0
0
-995.941882041223
-3.89692538817553
-0.00353903026700664
0
0
-0.95679649394981
0
0
0
0
0
0.023829470464193
-8.8813802451358
995.941882041223
-664.579031464858
1000
-1000
0
1000
66.8472937616613
795.603796439304
-1000
0
0
1000
0
-1000
1000
0
958.012231122959
0
0
-1000
1000
1000
1000
0
0
0
0
0
-32.0160270840694
0
0
0
0
0
0
0
0
0
1000
0
1000
0
0
0
0
0
0
0
0
0
0
1000
0
0
0
0
0
0
0
0
0
-38.0558164924433
-1000
-1000
-1000
1000
-1000
-1000
-1000
-1000
-1000
-1000
1000
1000
-71.9048757548984
-1000
-1000
-1000
-1000
-1000
1000
-1000
-1000
-1000
1000
1000
1000
1000
1000
1000
1000
-1000
-105.306021156453
-1000
-1000
-1000
-1000
-1000
-1000
0
1000
-1000
1000
-1000
-1000
-966.458639757977
-1000
-1000
-1000
-1000
-1000
-1000
-1000
1000
1000
-1000
-1000
-986.952086937729
-1000
-1000
-1000
984.842686099652
-1000
1000
-71.9048757548984
-94.0039826764427
-1000
-1000
-10.0939255306811
-1000
-1000
630.689555463999
-1000
-26.0140993156841
1000
1000
-1000
-1000
-1000
23.5667573054993
1000
-1000
-1000
-1000
73.4152723244811
-1000
1000
1000
1000
-1000
1000
1000
1000
-1000
-1000
1000
1000
1000
1000
-1000
-1000
-1000
-1000
-1000
-1000
-1000
-1000
-1000
-1000
1000
1000
1000
1000
1000
1000
1000
1000
-1000
-1000
1000
-1000
-1000
-1000
966.078373520308
999.996460969733
10.5021492526211
-33.921626479692
-1000
-1000
0
0
0
0
0
0
0
0
0
0
0
0
0
0
0
0
0
0
0
0
0
0
0
0
0
0
0
0
0
0
0
0
0
0
0
0
0
0
0
0
0
0
0
0
0
0
0
0
0
0
0
0
0
0
0
0
0
0
0
0
0
0
0
0
0
0
0
0
0
0
0
0
0
0
0
0
0
0
0
0
0
0
0
0
0
0
0
0
0
0
0
0
0
0
0
0
0
0
0
0
0
0
0
0
0
0
0
0
0
0
0
0
0
0
0
0
0
0
0
0
0
0
0
0
0
0
0
0
0
0
0
0
0
0
0
0
0
0
0
0
0
0
0
0
0
0
0
0
0
0
0
0
0
0
0
0
0
0
0
0
0
0
0
0
0
0
0
0
0
0
0
0
0
0
0
0
0
0
0
0
0
0
0
0
0
0
0
0
0
0
0
0
0
0
0
0
0
0
0
0
0
0
0
0
0
0
0
0
0
0
0
0
0
0
0
0
0
0
0
0
0
0
0
0
0
0
0
0
0
0
0
0
0
0
0
0
0
0
0
0
0
0
0
0
0
0
0
0
0
0
0
0
0
0
0
0
0
0
0
0
0
0
0
0
0
0
0
0
0
0
0
0
0
0
0
0
0
0
0
0
0
0
0
0
0
0
0
0
0
0
0
0
0
0
0
0
0
0
0
0
0
0
0
0
0
0
0
0
0
0
0
0
0
0
0
0
0
0
0
0
0
0
0
0
0
-1000
-1000
-1000
1000
1000
1000
-998.342609722796
1000
-1000
-1000
-522.576449336743
-1000
1000
1000
1.6573902772044
1000
-1000
-1000
1000
-1000
1000
1000
1000
-1000
-1000
-1000
1000
-1000
1000
-998.342609722796
1000
1000
1000
1000
1000
0
1000
-1000
-1000
-1000
-997.591496709899
1000
-1000
-1000
-522.576449336743
1000
-1000
998.342609722796
-1000
-1000
-1000
-479.782579336031
-1000
-1000
-1000
0
0
0
0
0
0
0
0
0
0
0
0
0
0
0
0
-1000
-1000
0
4.05811795877651
0
0
0
0
0
0
0
0
0
0
632.691960699654
0
0
0
0
-0.00353903026700664
0.00353903026695214
0
0
-0.00353903026700664
-0.00353903026700664
0
0
0
0
0
0
0
0
0
0
0
0
0
0
0
0
0
0
0
0
0
1000
0
0
0
0
0.00353903026695214
0
0
1000
-1000
1000
-494.309290151241
1000
0
0
0
0
-0.00353903026700664
0.359271410771612
0
0
0
0
0
0
0
0
0
0
0
0
0
0
0
0
0
0
0
-1000
0
-1000
0.00353903026695214
0
0
0
0
0
794.586013424543
0
0
0
0
0
0
-1000
0
1000
0
0
0
0
71.7359870757236
0
0
0
0
0
0
0
0
0
0
0
0
0
0
0
0
0
0
0
0
0
0
0
0
0
0
0
0
0
0.00353903026695214
0
0
0
1000
0
-998.0864070121
0
0
1.91359298789955
0
0
0
0
0
0.00529315831231103
765.911629634164
0
-999.996460969733
0
0
0
195.235824997214
0
0
0
0
0
0
0
0
0.00353903026700664
-970.279193898798
98.0135047837616
-1000
547.616125243748
0
0
0
0.140526856421275
1000
0
0
0
0
0
8.8813802451358
0
0
1000
0
0.00353903026700664
0
0
1000
0
0
0
-868.252616368465
0
0
-1000
0
-1000
1000
0
0
0
0
0
0
0
0
0
0
0
999.859473143579
-1000
0
0
0
0
0
0
0
0
0
0
1000
0
1000
0
997.705182500777
0
0
0
0
0
0
0
0
0
0
0.956796493949773
0
0.00353903026695214
-0.00353903026700664
0.00353903026695214
0.00353903026695214
0
0
0.00353903026700664
0
0
-8.87784121486891
0.95679649394981
0
0
-0.0106170908009062
0.388302571857594
-1000
-1000
-1000
-8.48953864301131
1000
0
0
2.2948174992232
-2.2948174992232
-1000
1000
0
0
0
0
0
0
0
0
0
0
0
0
0
0
0
0
0
999.611697428142
0
0
0
0
0
0
0
0
0
0
0
0
0
0.00176438610410368
0
868.252616368465
0
0
0
0
0
0
0.00353903026695214
0
0
0
0
0
0
0
0
0
0
0
0
0
0
0
0
0
0
0
0
0
0
0
0
1000
0
0
0
0
0
0
0
0
0
0
0
0
0
0
0
0
0
0
0
0
0
0
0
0
0
0
0
0
0
0
0
0
2.28241807071549
0
0
0
0
0
0
0
0
0
0
0
0
0
0
0
0
0
0
0
0
0
0
0
0
0
0
0
0
0
0
0
0
0
0
0
0
0
0
0
0
0
0
0
0
0
0
0
0
0
0
0
0
0
0
0
0
0
0
0
0
0
0
0
0
0
0
0
0
0
0
0
0
0
0
0
0
0
0
0
0
0
0
0
0
0
0
0
0
0
0
0
0
0
0
0
0
0
0
0
0
0
0
0
0
0
0
0
0
0
0
0
0
-999.976170529536
0
0.00176438610412788
0
0
0
-0.023829470464193
0
1000
0.00441096526026286
0
0
0
0
0
0
0
0
0
0
0
0
0
0
0
0
0
0
0
0
0.00353903026695214
0.00353903026695214
0.00353903026695214
1000
-213.602439421892
0
676.310570416744
-1000
0
0
0
0
0
-1000
1000
0
0
0
0
0
0
0
0
0
0
-1000
0
1000
0
-1000
-1000
-1000
-999.443117824278
-1000
-1000
0
0
0
0
0
0
0
0
0
0
-1000
0
1000
0.387634943200995
0.00353903026695214
0.00353903026695214
0.00353903026695214
0.00353903026695214
0.00353903026695214
0
0
0
1000
0
0
0
0
0
0.0014380430619028
0
0
0
0
0
0
0
0
0
1000
0
0
0
0
0
0
1000
-999.998561956938
0
1000
1000
1000
-999.998561956938
0
0
0
0
0
0
0
0
0
0
0
0
0
0
0
0
0
0
0
0
0
0
0
0
0
0
0
0
0
0
0
0
0
0
0
0
0
0
0
0
0
0
0
0
0
0
0
0
0
0
0
0
0
0
0
0
0
0
0
-1000
0
0
0
0
0
0
0
452.383874756252
1000
-1000
-1000
-1000
-1000
1000
0
0.00971438163131502
0
0
0
0
-1000
-1000
-1000
1000
0
0
0
0
999.978765818398
14.6334490573211
0
0
0
0
0.569161550748778
0.569161550748778
-1000
0
-999.974406143432
0
0
0
0
0
0
0
0
-1000
0
0
0
0
0
0
0
1000
0.00353903026695214
0
0
0
0
0
0
0
0
-494.305751120974
-1000
0
0
1000
0
0
0
1000
0
0
0
0
-950.938630010461
0
-1000
0
0
0
-1000
-1000
0
0
0
0
-49.0092409285452
0
1000
49.0078028854832
0
0
-686.06942404304
686.06942404304
-1000
1000
-1000
0
0
0
0
-999.851206857907
-1000
0
0
-1000
0
0
0
0
0.00518544869549075
0
0
0
0
0
0
0
0
988.827341285908
0
997.705182500777
0
0
0
0
0
0
0
0
0
1000
0
-1000
-1000
1000
0
-1000
1000
0
0
0
0
0
0
0
-1000
0
0
1000
0.00176438610410368
0.00176438610410368
0
41.9877688770412
-1000
250.090787168195
-605.07727006986
-605.07727006986
446.028151845106
0
0
0
0
0
0
0
0
0
0
0
0
0
0
0
0
0
0
0
0
0
0
0
-0.0194185052039302
0
0
0
0
0
0
0
0
0
0
0
0
0
0
0
0
0
0
0
0
0
0
0
0
0
0
0
0
0
0
0
0
0
0
0
0
0
0
0
0
0
0
0
0
0
0
-1000
0
-1000
0
0
0
0
0
0
-1000
0
0
0
0
0
0
0
0
0
0
0
-1000
0
0
0
0
0
0
0
0
0
0
0
0
0
1000
0
0
0
1.91359298789985
0
0
0
0
0
0
0
0
0
0
0
0
0
0
0
0
49.0078028854833
0
0
0
0
0
0
0
0
0
0
0
0
0
0
0
0
0
0
0
0
0
0
49.0078028854833
0
0
0
0
0
0
0
0
0
0
0
0
0
0
0
0
0
0
0
0
0
0
0
0
0
0
0
0
0
0
0
0
0
0
0
0
0
0
0
0
0
0
0
0
0
0
0
0
0
0
0
0
0
0
0
0
0
0
0
0
0
0
0
0
0
0
0
0
0
0
0
0
0
0
0
0
0
0
0
0
0
0
0
0
0
0
0
0
0
0
0
0
0
0
0
0
0
0
0
0
0
0
0
0
0
0
0
0
0
0
0
0
0
0
0
0
0
0
0
0
0
0
0
0
0
0
0
0
0
0
0
0
0
0
0
0
0
0
0
0
-1000
0
0
0
0
0
0
0
0
0
0
0
0
0
0
0
0
0
0
0
0
0
0
0
0
0
0
0
-98.5662239485997
0
1000
-1000
0.161192570600974
0
0
-1000
0
0
-1000
0
0
0
0
-721.927301106915
0.0212341816017129
0
0
0
927.316514470502
0
0
0
0
0
0
0
0
0
0
0
0
0
0
0
0
0
0
0
0
0
0
0
0
0
0
0
0
0
0
0
0
0
0
0
0
0
0
0
0
0
0
0
0
0
0
0
0
0
0
0
0
0
0
0
0
0
0
0
0
0
0
0
0
0
0
0
0
0
0
0
0
0
0
0
0
0
0
0
0
0
0
0
0
0
0
0
0
0
0
0
0
0
0
0
0
0
0
0
0
0
0
0
0
0
0
0
0
0
0
0
0
0
0
0
0
0
0
0
0
0
0
0
0
0
0
0
0
0
0
0
0
0
0
0
0
0
0
0
0
0
0
0
0
0
0
0
0
0
0
0
0
0
0
0
0
0
0
0
0
0
0
0
0
0
0
0
0
0
0
0
0
0
0
0
0
0
0
0
0
0
0
0
0
0
0
0
0
0
0
0
0
0
0
0
0
0
0
0
0
0
0
0
0
0
0
0
0
0
0
0
0
0
0
0
0
0
0
0
0
0
0
0
0
0
0
0
0
0
0
0
0
0
0
0
0
0
0
0
0
0
0
0
0
0
0
0
0
0
0
0
0
0
0
0
0
0
0
0
0
0
0
0
0
0
0
0
0
-484.601540397279
0
0
-484.601540397279
0
0
0
0
0
0
0
0
0
0
0
0
0
0
0
0
0
446.028151845106
0
0
0
0
0
0
0
0
0
0
0
-1000
0
0
0.975421709277395
0
0.00353903026700664
1.10768228002678
-1000
0
0
0
0
0
0
0
0
0
0
0
0
0
0
0
0
0
0
0
0
0
0
0
0
0
0
0
0
0
0
0
0
0
0
0
0
0
0
0
0
0
0
0
0
0
0
0
0
0
0
0
0
0
0
0
0
0
0
0
0
0
0
0
0
0
0
0
0
0
0
0
0
0
0
0
0
0
0
0
0
0
0
0
0
0
0
0
0
0
0
0
0
0
0
0
0
0
0
0
0
0
0
0
0
0
0
0
0
0
0
0
0
0
0
0
0
0
0
0
0
0
0
0
0
0
0
0
0
0
0
0
0
0
0
0
0
0
0
0
0
0
0
0
0
0
0
0
0
0
0
0
0
0
0
0
0
1000
0
479.080940940461
1000
0
0
0
0
0
0
0
1000
0.00353903026700664
0
0
-1000
1000
0
0
0
0
0
0
0
0
0
0
0
0
0
0
0
0
0
0
0
0
0
1000
0
0
0
0
0.0132534118982672
0
0
0
0
0
0
0
0
0
0
0
0
0
0
0
0
0
0
0
0
0
0
0
0
0
0
0
0
0
0
0
0
0
0
0
0
0
0
0
0
0
0
0
0
0
0
0
0
0
0
0
0
0
0
0
0
0
0
0
0
0
0
0
0
0
0
0
0
0
0
0
0
0
0
0
0
0
0
0
0
0
0
0
0
0
0
0
0
0
0
0
0
0
0
0
0
0
0
0
0
0
0
0
0
0
0
0
0
0
0
0
0
0
0
0
0
0
0
0
0
0
0
0
0
0
0
0
0
0
0
0
0
0
0
0
0
0
0
0
0
0
0
0
0
0
0
0
0
0
0
0
999.994706841688
500
85.4838228732402
-3.59510765475704
0
0
-0.95679649394981
0
0
456.26990458592
18.9090216195607
41.3314283592116
0.102580587447888
85.4838228732402
0
0
0
0
0
0
0
0
0
0
0
0
0
0
0
0
0
0
0
-1000
0
-1000
1000
0
1000
-1000
0
0
0
-774.255723361542
1000
0
0
0
0
0
0.0194185052039302
0
0.0114787677354187
0.00353903026695214
0
0
0
0
0
0
0
0
0
0
0
0
0
0
0
0
49.0078028854832
0
0
0
0
0.0370828823623697
-0.688463115885952
-0.0301989042999367
-10.5021492526211
-20.5887103519616
-1000
-32.9256672819693
-10.2821181667364
-16.3071547769591
-26.0140993156841
-489.11431689058
-1000
-1000
-1000
0
0
0
0
-1000
-38.0558164924433
-17.1597191360029
-105.306021156453
-13.047913062271
989.906074469319
-23.423016257338
-33.8490592624551
976.433242694501
966.458639757977
0
0
-1000
-928.264012924276
0
318.552438938223
0
0
1000
-1000
0
0
0
0
0.359271410771612
0
1000
-999.996460969733
0
0
0
0
0
0
0
0
0
0
-0.00353903026700664
-0.00353903026700664
0
0
0
0
0
0
0
0
0
0
0
0
0
0
0
0
998.342609722796
0
0
0
0
1000
1000
0
-0.00353903026700664
-0.00353903026700664
-0.975421709277384
1000
0
0
-0.00353903026700664
0
-0.00353903026700664
0
0
0
-0.00353903026700664
0
0
0
-0.00353903026700664
0
0
0
0
0
0
0
0
0
0
0
479.080940940461
0
0
0
0
0
0
0
0
0
0
0
0
0
-1000
0
0
0
-1000
0
1000
0
0
-0.00353903026700664
0
0
0
0
-1000
0
0
0
0
0
0
0
0
0
794.586013424543
-0.95679649394981
0
-1000
-1000
0
0
0
0
4.05811795877651
0
0
0
2.40850329010061
0
0
0
0
0
0
1000
0
0
0
0
-3.89692538817553
-681.447561061777
1000
0
0
759.064513730928
-8.8813802451358
0
0
0
-1000
0
-32.0160270840694
0
0
0
-245.021792012937
-505.690709848759
0
0
0
0
0
0
-0.0494746173262683
0
0
0
0
-0.00353903026689295
-995.941882041223
995.941882041223
0
0
0
0
0
0
1000
-318.552438938223
-664.579031464858
-343.432989414554
0
0
0
0
0
0
0
0
0
0
1000
0
-0.0244516559205294
-0.00143804306185302
-0.389350159010178
0
-0.021211135163071
-0.0805254875983792
-0.0136614090880585
-0.0772948145772716
-0.0413437380296955
-0.00143804306185302
0
0
21.5714543027241
0
-0.00143804306185302
-1000
-0.00143804306185302
-0.00143804306185302
0
-0.0104258121988323
0
-0.00143804306185302
-0.534799721049012
0
0
-14.6334490573211
0
0
0
-0.00143804306185302
-0.0141732178324219
0
-0.00143804306185302
-0.00143804306185302
-0.00143804306185302
-0.00143804306185302
-0.0417032487952156
0
-0.0898776913688835
0
0
0
-1000
1000
0
0
-1000
1000
-0.00353903026700664
0
1000
-1000
0
0
0
-1000
0
0
0
0
0
0
0
0
0
0
0
0
0
0
0
0
0
-1000
1000
-41.9877688770412
41.9877688770412
1000
-1000
-250.090787168195
250.090787168195
250.090787168195
0.0132534118982903
-318.552438938223
-1000
0
0
0
-0.00143804306185302
-0.00143804306185302
0
0
0
0
1000
0
0
-0.161192570600974
-721.927301106915
0.0212341816016988
0
0
0
927.316514470502
0
1000
-1000
0
0
0
0
0
0
0
0
0
0
0
0
0
0
0
0
0
0
0
0
0
0
0
0
0
0
0
0
0
0
0
0
0
0
0
0
0
0
0
0
0
0
0
0
0
0
0
0
0
0
0
0
0
0
0
0
0
0
0
0
0
0
0
0
0
0
0
0
0
0
-0.00143804306185302
0
0
0
0
0
0
0
0
0
0
0
0
0
0
0
0
0
0
0
0
0
0
0
0
0
0
0
0
0
0
0
0
0
0
0
0
0
0
0
0
0
0
0
0
0
0
0
0
0
0
0
0
0
0
0
0
0
0
0
0
0
0
0
0
0
0
0
0
0
0
0
0
0
0
0
0
0
0
0
0
0
0
0
0
0
0
0
0
0
0
0
0
0
0
0
0
0
0
0
0
0
0
0
0
0
0
0
0
0
0
0
0
0
0
0
0
0
0
0
0
0
0
0
0
0
0
0
0
0
0
0
0
0
0
0
0
0
0
0
0
0
0
0
0
0
0
0
0
0
0
0
0
0
0
0
0
0
0
0
0
0
0
0
0
0
0
0
0
0
0
0
0
0
0
0
0
0
0
0
0
0
0
0
0
0
0
0
0
0
0
0
0
0
0
0
0
0
0
0
0
0
0
0
0
0
0
0
0
0
0
0
0
0
0
0
0
0
0
0
0
0
0
0
0
0
0
0
0
0
0
0
0
0
0
0
0
0
0
0
0
0
0
0
0
484.601540397279
0
0
0
0
0
0
0
0
0
0
0
0
-479.080940940462
0
1000
0
1000
-1.10768228002678
0
0
0
0
0
0
0
0
0
0
0
0
0
0
0
0
0
0
0
0
0
0
0
1000
0
-1000
0
-1000
-0.00353903026700664
0
0
0
0
0
0
0
0
1000
0
0
0
0
0
-1000
0
0
0
0
0
0
0
0
0
0
0
0
0
0
0
0
0
0
0
0
0
0
0
0
0
0
0
0
0
0
0
0
0
0
0
0
0
0
0
0
0
0
0
0
0
0
0
0
0
0
0
0
0
0
0
0
0
-1000
1000
1000
0
-0.00143804306185302
-0.00143804306185302
-0.00143804306185302
-0.00143804306185302
0
-0.00143804306185302
-0.558320218783706
0
-0.00143804306185302
-0.00143804306185302
-0.00143804306185302
-0.00143804306185302
0
-0.00143804306185302
-0.00143804306185302
-0.00143804306185302
-0.00143804306185302
-0.00143804306185302
-0.00143804306185302
-0.00143804306185302
0
-0.00143804306185302
-0.00143804306185302
-0.00143804306185302
0
-1000
85.4838228732401
0
0
0
0
0
0
0
0
0
0
0
