0
0
0
0
0
0
0
0
-1000
1000
0
0
0
194.489310241445
1000
0
1000
-1000
999.935723335981
0
0.0642766640186359
0
-1000
0.404024745260017
0
1000
-209.03276341577
0
-224.856583146204
0.0264703248069655
0
0
0
0
0
0.0353982195492201
0
0
0
38.5716958551779
0
0
0
0
0
142.857142857143
0
142.857142857143
0
142.857142857143
0
142.857142857143
0
142.857142857143
0
142.857142857143
0
0
142.857142857143
0
0
0
0
0
224.856583146204
0
0
0
0
0
0
0
15.133634305573
15.133634305573
0
0
0
0
0
0
0
-1000
0
0
0
0
0
0
0
0
0
0
0
0
0
0
0
0
0
0
0
0
0
0.00393123635747012
0
0
0
0
0
0
0
0
0
0
0
0
0
0
0
0
0
0
0
0
0
0
0
0
0
0
0
1000
0
0
-1000
0
0
0
0
-1000
0
0
0
-16.0918380334684
0
0
0
0
-981.885636767587
0
0
0
-211.897666154886
0
0
596.027989694655
1000
1000
403.962827924771
0
0
0
-1000
403.962827924771
598.452138166215
1000
-805.510689758555
0
0
1000
0
0
0
0
0
1000
796.420804857318
0
0
0
0
0
-4.32420331350727
0
0
0
0
0
0
0
745.166937784731
-1000
0
0
0
0
0
0
0
0
0
0
1000
0
0
0
-4.32879450379426
0
998.483373643266
0.00786247271512139
0
0
0
0
0
0
0
0
0
0
995.671205496206
0
0
-1000
0
0.765199963797569
0
0.507072515673683
0.507072515673683
0
0
0.760608773510524
0
4.32879450379426
0
0
0
-1000
0
0
0
0
0
0
0
0
0
0
0
0
-1000
0
-1000
1000
-1000
-15.133634305573
1000
-1000
2.11780070617309
225.427032221878
-1000
-1.06283158944404
1000
-2.88494634709548
0
-0.760608773510512
1000
0
-1000
2.53995376865546
0
0
1000
0
0.197421182342953
0
-0.197421182342964
0
0.00195992073473873
0
0
0
0
0
0
0
0
0
0
491.191677989682
0
0
0
0
0
0
1000
0
1000
0.00918238057409084
436.262778078706
0
1000
0
-0.197421182342964
0
-0.760608773510512
0
0
0.760608773510512
2.88494634709545
0
0
0
0
0
0
-1000
0
0
0
-1000
0.760608773510512
0
-1000
-1.06283158944404
0
0.00393123635728898
0
0
0
0
0
0
0
0
0
0
0
0
0
0
0
2.53536257836841
0
10.6732117531314
0
0
0
0
0
0
0
0
256.169060202937
-1000
-998.478782452979
-1000
-1000
762.171492649479
-1000
-253.365130559896
-1000
-1000
1000
-1000
1000
1000
1000
0
0
0
0
0
0
-1000
0
1000
-1000
-1000
0
-1000
0
0
1000
-1000
0
0
0
0
0
0
1.06283158944403
-1000
-1000
-997.375126778153
-1000
1000
-1000
-1000
-1000
1000
1000
1000
1000
0
-2.62487322184677
1000
-1000
-1000
1000
0
-18.3355978315124
1000
1000
-1000
1000
1000
0
0
0
0
0
0
0
0
-1000
0
0
0
1000
-775.257778017754
0
0
0
592.267424157408
0
0
0
0
0
0
164.034380121109
0
0
0
0
0
624.61625773091
0
0
0
0
0.00393123635747012
0
1000
-224.746153218603
-775.253846781397
0
0
775.253846781397
0
0
0
0
0
0
0
0
0
0
0
0
0
0
0
0
0
0
0
0
0
1000
0
0
0
0
0
-1000
1000
0
0
0
0
0
0
0
0
0.280062607509771
0
0.00393123635751635
1000
1000
0.114779757176166
0.114779757176166
0
-983.555996904667
0
0
0
0
0.280062607509771
0
0
0
0
0
0
0
0
0
0
0
0
0
0
0
0
0
0
0
0
0
0
0
0
0
0
0
0
0
0
0
0
0
0
0
0
0
0
0
0
0
0
0
0
0
0
0.179056421194673
0
0
0
-1000
0
1000
0
1000
0
0
1000
0
0
0
0
0
0
0
0
0
0
0
0
0
0
0
0
0
0
0
0
0
0
0
0
84.2640345640041
0
0
0.179056421194673
0
0
0
0
0
0
0
0
0
981.123499179938
0
0
0
0
0
0
0
0
0
0
0
0
0
0
0
0
0
0
0
0
0
0
0
0
0
0
0
0
0
0
0
0
0
0
0
0
0
0
0
0
0
0
0
0
0
0
0
0.0117937090724104
0.0117937090724104
0
0.0117937090724104
0
0
0
0
0
0
0
0
0
0
0
0
0
0
0
0
0
0
0
0
0
1000
0
0.00459119028704542
0
0
41.1622096914309
0
0
0
41.1622096914309
969.219349903528
0
958.006784866614
0
0
0
0
0
0
0
0
0
0
0
0
0
0
0
0
0
0.00393123635747012
0
0
0
0
0
-1000
0
0
0
-1000
0
0
1000
0
0
0
0
2.38741894926362
0
0
2.38741894926362
0
0
0
0
0
0
0
0
0
0
2.38741894926362
0
2.38741894926362
0
0
0
14.2420669330848
40.5974932861242
25.9499582553004
19.0063170815188
28.1800327928652
9.27508273578119
21.6925432290402
39.6851900662113
36.5428123087335
11.5558407855634
22.4021124000835
46.1726796300364
36.4414452842988
11.2517397122591
18.6515324959971
25.8485912308656
33.5018015756905
27.1156790363002
4.96698419730359
33.8059026489948
0
0
0
0
0
0
0
0
0
0
0
0
0
0
0
0
0
0
0
0
0
0
0
0
0
0
0
0
0
0
0
0
0
0
0
0
0
0
0
0
0
0
0
0
0
0
0
0
0
0
0
0
0
0
0
0
0
0
0
0
0
0
0
0
0
0
0
0
0
0
0
0
0
0
0
0
0
0
0
0
0
0
0
249.46740887006
0
0
0
0
0
0
0
-1000
0
0
0
0
-1000
-1000
0
0
999.834717149666
0
0
0
0
0
0
592.267424157408
-1000
-1000
-1000
0
-591.76698441612
0
-591.895537744157
1000
1000
999.84389953024
1000
0
0
1000
0
-1000
-1000
-1000
0
408.23301558388
0
0
0
591.76698441612
0
0
0
0
0
0
0
0.280062607509771
0
0
0
-1000
204.645957968484
1000
1000
0
505
252.50162994377
0.0137536298071491
0
0
0
0
0
0
0
0
0
665.571132847168
0
0.0860754372167776
0.000665103185156113
2.862008287457
-0.0860754372167776
-0.0860754372167776
0.0860754372167776
0.000665103185156113
139.721793467545
208.244650494009
0.0860754372167776
0.000665103185156113
-0.000665103185156113
0.000665103185156113
0.254841258734132
-0.0860754372167776
0.0415689490744171
0
-999.999334896815
0.0860754372167776
-0.0860754372167776
0.000665103185156113
0.000665103185156113
-0.000665103185156113
0.000665103185156113
-0.00133020637042591
0.000665103185156113
0.000665103185156113
0.000665103185156113
0.000665103185156113
0.000665103185156113
0.000665103185156113
0.000665103185156113
0.000665103185156113
0.000665103185156113
0.000665103185156113
0.000665103185156113
0.0139671668889605
-0.00160322097281096
0.0191217165742046
0.0192879923705505
0.00981027198156426
-0.000665103185156113
-0.000665103185156113
0.0677951943408743
-0.000665103185156113
-0.000665103185156113
-0.000665103185156113
-0.000665103185156113
0.31841814991003
0.00482199809266604
0.0357492962040169
0.180076687390397
-0.019242661821977
-0.000665103185156113
-0.000665103185156113
-0.00631848025932413
-0.000665103185156113
-0.000665103185156113
0.000665103185156113
0
0
0
0
0
0
0
0
0
0
0
0
0
0
0
0
0
0
0
0
0
0
0
0
0
0
0
0
0
0
0
0
0
0
0
0
0.00576011588032088
0
0
0
0
0
0
0
0
0
0
0
0
0
0
0
0
0
0
0
0
0
0
0
0
0
0
0
0
0
0
0
0
0
0
0
0
0
0
0
1000
0
0
0
0
0
0
0
0
0
0
0
0
0
0
0
0
0
0
0
0
0
0
0
0
0
0
0
0
0
0
0
0
0
0
0
0
0
0
0
0
0
0
0
0
0
0
0
0
0
0
0
0
0
0
0
0
0
0.000665103185190602
0.000665103185190602
0.000665103185190602
0.000665103185190602
0
0
0
0
0
0
0
0
0
0
0
0
0
0
0
0
0
0
0
0
0
0
0
0
0
0
0
0
0
0
0
0
0
0
0
0
0
0
0
0
0.0854103340315598
591.856325986509
0.0854103340315598
0
0.0854103340315598
0
0
0
0
0
0.0854103340315597
0
0
0
0
0
0
0
0
0
0
0
0
0
0
0
0
0
0
0
0
0
0
0
0
0
0
0
0
0
0
0
0
0
0
0
0
0
0
0
0
0
0
0
0
0
0
0
0
0
0
0
0
0
0
0
0
0
0
0
0
0
0
0
0
0
0
0
0
0
0
0
0
0
0
0
0
0
0
0
0
0
0
0
0
0
0
0
0
0
0
0
0
0
0
0
0
0
0
0
0
0
0
0
0
0
0
0
0
0
0
0
0
0
0
0
0
0
0
0
0
0
0
0
0
0
0
0
0
0
0
0
0
0
0
0
0
0
0
0
0
0
0
0
0
0
0
0
0
0
0
0
0
0
0
0
0
0
0
0
0
0
0
0
0
0
0
0
0
0
0
0
0
0
0
0
0
0
0
0
0
0
0
0
0
0
0
0
0
0
0
0
0
0
0
0
0
0
0
0
0
0
0
0
0
0
0
1000
0
0
0
0
0
0
0
0
0
0
0
0
0
0
0
0
0
0
0
0
0
0
0
0
0
0
0
0
0
0
0
0
0
0
0
0
0
0
0
0
0
0
0
0
0
0
0
0
0
0
0
0
0
0
0
0
0
0
0
0
0
0
0
0
0
0
0
0
0
0
0
0
0
0
0
0
0
0
0
0
0
0
0
0
0
0
0
0
0
0
0
0
0
0
0
0
0
0
0
0
0
0
0
0
0
0
0
0
0
0
0
0
0
0
0
0
0
0
0
1000
1000
0
0
0
0
0
0
0
0
0
0
0
0
0
0
0
0
0
0
0
0
0
0
0
0
0
-1000
0
-1000
0
0
0
0
0
0
0
0
0
0
0
1000
1000
0
0
0
0
0
0
0
0
0
0
0
0
0
0
0
0
0
0
0
-724.412526537758
0
-724.412526537758
0
0
0
0
0
0
0
0
0
0
0
0
0
0
0
0
0
0
0
0
0
0
0
0
0
0
0
0
0
0
0
0
0
0
0
0
0
0
0
0
0
0
0
0
0
0
0
0
0
0
0
0
0
0
0
0
0
0
0
0
0
0
0
0
0
336.554530331719
50.6727805334281
0
0
0.0854103340315078
0
-405.132959738879
0
591.770915652477
0
0
331.247332210156
0
203.532020306392
0
0
0
0.00576011588032088
-0.171485771248399
0
-1000
1000
0
0
0
0
0
0
0
0
0
0
0
0
0
-1000
0.00576011588032088
0
0
0
-0.0215705229701371
0
0
0
0
0
0
0
0.0215705229701371
0
0
0
0
0
0
-1000
336.554530331719
0
0
0
-1000
1000
-0.0235874181448708
0
0
0.0854103340315078
-0.0854103340315078
0
0
594.867040261121
-594.867040261121
1000
0
-591.770915652477
-591.770915652477
0
0
1000
0
-138.306120728746
-331.247332210156
-1000
0
-796.467979693608
-203.532020306392
-1000
0
0
0
0
0
-1000
0
0
0
0
0
-1000
1000
-1000
0
0
0
-1000
0
0
0
-1000
0
0
0
0
0
0
0
0
0
0
0
0
0
0
0
0
0
0
0
-1000
1000
-1000
0
-1000
0
-1000
0
-1000
0
0
0
0
0
0
0
0
0
-1000
0
-1000
0
1000
0
-1000
0
-1000
0
-1000
0
0
0
0
0
0
0
0
0
-1000
0
0
0
0
0
0
0
0
0
0
0
0
0
0
0
0
0
0
0
0
0
0
0
0
0
0
0
0
0
0
0
0
0
0
0
0.00576011588032088
-0.00576011588032088
0
0
0
0
0
0
0
0
0
0
0
0
0
0
0
0
0
0
0
0
0
0
0
0
0
0
0
0
0
0
0
0
0
0
0
0
0.00576011588032088
-0.00576011588032088
0
0
0
0
0
0
0.0215705229701371
0.0215705229701371
0
0
0
0
0
0
0
0
0
0
0
0
0
0
0
0
-0.0215705229701371
-0.0215705229701371
0
0
0
0
0
0
0
0
0
0
0
0
0
0
0
0
0
0
0
0
0
0
0
0
0
0
0
0
0
0
0
0
0
0
0
0
0
0
0
0
0
0
0
0
0
0
0.00393123635747012
0
0
0
0
0
0
0
0
12.0127871889574
0
0
0
0
0
0
0
0
0
0
0
0
0
0
0
0
0
0
0
0
0
0
0
0
0
0
0
0
0
0
0
0
0
0
0
0
0
0
0
0
0
0
0
0
0
0
0
0
0
0
0
0
0
0
0
0
0
0
0
0
0
0
0
0
0
0
0
0
0
0
0
0
0
0
0
0
0
0
0
0
0
0
0
0
0
0
0
0
0
0
0
0
0
0
0
0
0
0
0
0
0
0
0
0
0
0
0
668.752667789844
668.752667789844
668.752667789844
0
73.8856275287231
73.8856275287231
73.8856275287231
0
665.571132847169
665.571132847169
665.571132847169
0
0
0
0
0
0
0
0
0
0
0
0
0
0
0
0
0
0
0
0
0
0
0
0
0
0
0
0
0
0
0
0
0
0
0
0
0
0
0
0
0
0
0
0
0
0
0
0
0
0
0
0
0
0
0
0
0
0
0
0
0
0
0
0
0
0
0
0
0
0
0
0
0
0
0
0
0
0
0
0
0
0
0
0
0
591.770915652477
591.770915652477
591.770915652477
591.770915652477
-591.770915652477
0
0
0
0
0
0
0
0
0
0
0
0
0
0
0
0
0
0
0
0
0
0
0
0
0
0
0
0
0
0
0
0
0
0
0
0
0
0
0
0
0
0
0
0
0
0
0
0
0
0
0
0
0
0
0
0
0
0
0
0
0
0
0
0
0
0
0
0
0
0
0
0
0
0
0
0
0
0
0
0
0
0
0.00393123635747012
0.00393123635747012
0.00393123635747012
0.00393123635747012
0.00393123635747012
0
0
0
0
0
0
0
0
0
0
0
0
0
0
0
0
0
0
0
0
0
0
0
0
0
0
0
0
0
0
0
0
0
0
0
0
0
0
0
0
0
0
0
0
0
0
0
0
0
0
0
16.0918380334684
16.0918380334684
-16.0918380334684
5.35477312632203
-2.67542094498231
2.67542094498228
2.67542094498228
2.67542094498228
2.67542094498228
2.67542094498228
2.67542094498228
2.67542094498228
2.67542094498228
2.67542094498228
2.67542094498228
0
2.67542094498228
2.67542094498231
2.67542094498228
2.67542094498228
2.67542094498228
2.67542094498228
2.67542094498228
2.67542094498228
0
0
0
2.67542094498228
2.67542094498228
0
2.66758126204333
0
0
0
0
0
0
0
0
0
0
0
0
0
0
0
0
16.0918380334684
16.0918380334684
5.35477312632203
5.35477312632203
0
0
0
0
0
0
0
0
0
0
0
0
0
0
0
0
0
0
0
0
0
0
0
0
0
0
0
0
0
0
0
0
0
0
0
0
0
0
0
0
0
0
0
0
0
0
0
0
0
0
0
0
0
0
0
0
0
0
0
0
0
0
0
0
0
0
0
0
0
0
0
0
0
0
0
0
0
0
0
0
0
0
0
0
0
0
0
0
0
0
0
0
0
0
0
0
0
0
0
0
0
0
0
0
0
0
0
0
0
0
0
0
0
0
0
0
0
0
0
0
0
0
0
0
0
0
0
0
0
0
0
0
0
0
0
0
0
0
0
0
0
0
0
0
0
0
0
0
0
0
0
0
0
0
0
0
0
0
0
0
0
0
0
0
0
0
0
0
0
0
0
0
0
0
0
0
0
0
0
0
0
0
0
0
0
0
1.2875805619154
187.133044888132
187.133044888132
0
28.0594793901014
28.0594793901014
0
-215.192524278233
215.192524278233
28.0594793901014
0
185.845464326217
0
0
185.845464326217
0
28.0594793901014
0
28.0594793901014
28.0594793901014
0
0
0
0
0
0
0
0
0
0
0
0
0
0
0
0
0
0
0
0
0
0
0
0
0
0
0
0
0
0
0
0
0
0
0
0
0
0
0
0
0
0
0
0
0
0
0
0
0
0
0
0
0
0
0
0
0
0
0
0
0
0
0
0
0
0
0
0
0
0
0
0
0
0
0
0
0
0
0
0
0
0
0
0
0
0
0
0
0
0
0
0
0
0
0
0
0
0
0
0
0
0
0
0
0
0
0
0.00393123635747012
0
0
0
0
0
0
1.69506935312517
0
0
0
1.06283158944403
1.06283158944403
1.06283158944403
0
0
0
10.5632017061542
0
0
1.45351671916062
0
0
10.5632017061542
0.00393123635747012
0
0
0
0
-1.45351671916058
1.45351671916062
0
0
0
0
0
0
11.8507822680696
4.00530312942246
0
0
0.241552633964553
0
0.241552633964553
0
11.8507822680696
11.8507822680696
0
0
0
0
0
0
0
0
0
0
0
0
0
0
-12.0127871889574
0
0
0
0
0
0
0
0
0
0
0
0
0
0
0
0
0
0
0
0
0
0
0
0
0
0
0
0
0
0
0
0
0
0
0
0
0
0
0
0
0
0
0
0
0
0
0
0
0
0
0
0
0
0
0
0
0
0
0
0
0
0
0
0
0
0
0
0
0
0
0
0
0
0
0
0
0
0
0
0
0
0
0
0
0
0
0
0
0
0
0
0
0
0
0
0
0
0
0
0
0
0
0
0
0
0
0
0
0
0
0
0
1000
0
0
1000
1000
0
0
0
0
0
0
0
0
0
0
0
0
0
0
0
0
0
0
0
0
0
0
0
0
0
0
0
0
0
0
0
0
0
0
0
0
0
0
0
0
0
0
0
0
0
0
0
0
0
0
0
0
0
0
0
0
0
0
0
0
0
0
0
0
0
0
0
0
0
0
0
0
0
0
0
0
0
0
0
0
0
0
0
0
0
0
0
0
0
0
0
0
0
0
0
0
0
0
0
0
0
0
0
0
0
0
0
0
0
0
0
0
0
0
0
0
0
0
0
0
0
0
0
0
0
0
0
0
0
0
0
0
0
0
0
0
0
0
0
0
0
0
0
0
0
0
0
0
0
0
0
0
0
0
0
0
0
0
0
0
0
0
0
0
0
0
0
0
0
0
0
0
0
0
0
0
0
0
0
0
0
0
0
0
0
0
0
0
0
0
0
0
0
0
0
0
0
0
0
0
0
0
0
0
0
0
0
0
0
0
0
0
0
0
0
0
0
0
0
0
0
0
0
0
0
0
0
0
0
0
0
0
0
0
0
0
0
0
0
0
0
0
0
0
0
0
0
0
0
0
0
0
0
0
0
0
0
0
0
0
0
0
0
0
0
0
0
0
0
0
0
0
0
0
0
0
0
0
0
0
0
499.954853453773
0
0
499.954853453773
0
0
0
0
0
0
0
0
0
0
0
0
0
0
0
0
0
0
0
0
0
0
0
0
0
0
0
0
0
1000
0
0
0
0
0
0
0
0
0
0
0
0
0
0
0
0
0
0
0
0
0
0
0
0
0
0
0
0
0
0
0
0
0
0
0
0
0
0
0
0
0
0
0
0
0
0
0
0
0
0
0
0
0
0
0
0
0
0
0
0
0
0
0
0
0
0
0
0
0
0
0
0
0
0
0
0
0
0
0
0
0
0
0
0
0
0
0
0.179056421194673
0.179056421194673
0
0
0
0
0.179056421194673
0
0.179056421194673
-249.46740887006
0
0
0
0
0.0275471417222661
0
0
0
0
0
0
0
249.46740887006
0
0
0
0
0
1.08352090774264
0
0
0
0
0
0
0
1.08352090774264
1.08352090774264
1.08352090774264
1.0835209077427
0
0
0
0
0
0
0
0
0
0
0
0
0
0
0
0
0
0
0
0
0
0
0
0
0
0
0
0
0
0
0
0
0
0
0
0
563.040223952909
563.040223952909
0
0
0
0
0
0
0
0
0
0
0
0
0
0
0
0
0
0
0
0
0
0
0
0
0
0
0
0
0
0
0
0
0
0
0
0
0
0
0
0
0
0
0
0
0
0
0
0
1000
-983.563859377382
1000
0
0
0
-1000
-611.985506891406
1000
15.6833943218222
0
0
0
-984.324468150893
1000
0
0
0
0
0
0
0
0
0
0
0
0
0
0
0
0
0
0
0
0
0
0
0
0
0
0
0
0
0
0
0
0
0
611.985506891406
0
0
0
0
0
0
0
0.000665103185190602
0.000665103185190602
0
0
0
0
0
-999.996068763642
-1000
1000
-1000
1000
999.996068763643
-1000
0
0
0
0
0
0
0.00393123635751635
0
0
0
0
0
0
0
0
0
0
0
0
0
0
0
0
0
0
0
0
0
0.00293988110210809
0.00393123635747012
0
1000
0.00195992073473873
0.00195992073473873
0.00393123635751635
0
0.000979960367369364
0.00195992073473873
0.00589115709225508
-0.00195992073474827
0.00195992073473873
0.00195992073473873
0.00195992073473873
0.00195992073473873
0.00195992073473873
-0.00195992073474827
-0.00391984146949653
-0.0186420367559776
0.00195992073473873
0.00195992073473873
0.00195992073474827
0.00195992073473873
0.00685972257156209
-0.00195992073474827
-0.00881964330631035
0.00195992073473873
0.00195992073473873
0.00393123635747012
0.00393123635747012
-0.00393123635751635
-0.00393123635751635
0.00393123635751635
0.00393123635751635
0.00195992073473873
0.00195992073473873
0.00195992073473873
0.00195992073473873
-0.00589115709226462
-999.996068763642
0
0
0
0
0
0
-1000
0
0
0
0.00393123635747012
0
0
0
0
0.00196561817873506
0.00393123635751635
0.00393123635751635
0
0.00393123635747012
0
0
0
0
0
-0.00393123635751635
0
0
0.00783968293895491
0.00195992073473873
0.00587976220421618
0.00195992073473873
-0.00195992073474827
0.00195992073473873
0.00195992073473873
0.00195992073473873
0.00195992073473873
0.00195992073473873
0.00195992073473873
0.00391984146947746
0.00195992073473873
0.00195992073473873
0.00195992073473873
0.00195992073473873
0.00195992073473873
0
0.00195992073473873
0.00393123635747012
0
0.00393123635747012
0
0.00393123635747012
0.00393123635747012
0.00393123635747012
0.00393123635747012
0.00393123635747012
0.00393123635747012
0
0.00393123635747012
0
0.00393123635747012
0.00393123635747012
0.00393123635747012
0.00393123635747012
0.00393123635747012
0
0
0
0
0
0
0
0
0
0
0
0
0
0
0
0
-0.00393123635751635
0
0
0
0
0
0
0
0
0
0
0
0
0
0
0
0
0
0
0
0
0
0
0
0
0
0
0
0
0
0
0
0
0
0
0
0
0
0
0
0
0
0
0
0
0
0
0
0
0
0
0
0
0
0
0
0
0
0
0
0
0
0
0
0
833.8136004979
0
0
0
0
0
0
0.00393123635747012
0
0
0
0
0
0
0
0
0
0
0
0
1000
0
0
0
0
0
0
0
0
0
545.60945135381
0
0
0
0
-1000
0
0
0
0
0
-665.571132847169
0
0
0
0.0854103340315598
0
0
0
0
0
0
0
0
0
0.0854103340315598
0
0
91.9499258122487
0
0
0
0
0.0854103340315598
0
0.0854103340315598
0
0.0854103340315598
0
31.9804099789388
0
0
0
5.33814587697249
0
33.2466376249698
0
0.0854103340316215
0
0
0
0
0
0.0854103340315598
0
0.0854103340315598
0
0.0854103340315598
0
0.0854103340315598
0
0.0847452308463692
0
0.0854103340315598
0
0.0854103340315598
0
0.0854103340315598
0
0.0854103340315598
0
0.0854103340315598
0
0.0854103340315598
0
0.0854103340315598
0
0.0854103340315598
0
0.0854103340315598
0
0.0854103340315598
0
0.0854103340315598
0
1.79361701466276
0
0.539574703577542
0
2.45554710340734
0
2.47689968691523
0
1.25980242696551
0
0.0854103340315598
0
0.0854103340315598
0
5.91444769222329
0
0.0854103340315598
0
0.0854103340315598
0
0.0854103340315598
0
0.0854103340315598
0
40.8901974176093
0
0.619224921728808
0
4.59080545419634
0
23.1248479390448
0
0.320506692080578
0
0.0854103340315598
0
0.0854103340315598
0
0.811398173299818
0
0.0854103340315598
0
0.0854103340315598
0
0.0854103340315598
0
0
-1000
0
185.845464326217
724.412526537758
0
0
0
0
15.6716006127498
-1000
1000
1.08352090774264
0
745.166937784731
995.671205496206
0
561.586707233748
508.808322010318
-640.05121387867
-1000
0
0
1000
0
0
0
0
485.185869332787
1000
-11.8507822680697
0
0
0
-1000
1000
-0.00393123635751635
0
0
-3.94777793653952
1000
436.262778078707
0
0
0
1000
1000
1000
-1000
-4.32879450379426
-995.663343023491
0
694.004578092206
1000
0
-1000
0
0
1000
1000
1000
-1000
969.219349903528
1000
0
0
-1000
1000
1000
1000
0
0
0
0
0
-1000
0
0
0
0
0
0
0
0
0
1000
0
1000
0
0
0
0
0
0
0
0
0
0
40.3336679192171
0
0
0
0
0
900.784037792667
0
0
276.687255359688
-1000
-1000
-1000
-427.648976611755
-1000
-1000
-1000
1000
-1000
-1000
-1000
-1000
1000
1000
-1000
-1000
-1000
1000
1000
-1000
-1000
-276.687255359688
-1000
-1000
1000
1000
1000
1000
-1000
-1000
-1000
294.311702272465
-1000
-1000
1000
-1000
487.205473660692
-1000
1000
1000
1000
-1000
-1000
-1000
-1000
-1000
676.671763600996
-1000
-130.883142756565
-1000
-1000
-1000
1000
1000
-1000
-1000
-1000
1000
-1000
-1000
-1000
-1000
-1000
11.4216137528798
-1000
-1000
-1000
-1000
-1000
1000
-1000
1000
1000
1000
-956.609016687383
-1000
-1000
-749.079281040151
-1000
-1000
-1000
-1000
-1000
1000
1000
-1000
1000
-1000
971.102939132326
1000
1000
-1000
-1000
1000
1000
1000
1000
-1000
-1000
1000
-1000
1000
-1000
-1000
1000
-1000
1000
1000
1000
1000
-1000
1000
1000
1000
0
1000
1000
8.27320145263582
0
775.253846781397
305.995421907794
-1000
-1000
1000
-1000
-1000
0
0
0
0
0
0
0
0
0
0
0
0
0
0
0
0
0
0
0
0
0
0
0
0
0
0
0
0
0
0
0
0
0
0
0
0
0
0
0
0
0
0
0
0
0
0
0
0
0
0
0
0
0
0
0
0
0
0
0
0
0
0
0
0
0
0
0
0
0
0
0
0
0
0
0
0
0
0
0
0
0
0
0
0
0
0
0
0
0
0
0
0
0
0
0
0
0
0
0
0
0
0
0
0
0
0
0
0
0
0
0
0
0
0
0
0
0
0
0
0
0
0
0
0
0
0
0
0
0
0
0
0
0
0
0
0
0
0
0
0
0
0
0
0
0
0
0
0
0
0
0
0
0
0
0
0
0
0
0
0
0
0
0
0
0
0
0
0
0
0
0
0
0
0
0
0
0
0
0
0
0
0
0
0
0
0
0
0
0
0
0
0
0
0
0
0
0
0
0
0
0
0
0
0
0
1000
0
0
0
0
0
0
0
0
0
0
0
0
0
0
0
0
0
0
0
0
0
0
0
0
0
0
0
0
0
0
0
0
0
0
0
0
0
0
0
0
0
0
0
0
0
0
0
0
0
0
0
0
0
0
0
0
0
0
0
0
0
0
0
0
0
0
0
0
0
0
0
0
0
0
0
0
0
0
0
0
0
0
0
0
0
0
0
0
0
0
0
0
0
0
0
0
0
0
0
0
0
0
0
0
0
0
0
0
0
0
0
0
0
0
0
0
0
0
0
0
1000
1000
1000
1000
1000
1000
1000
1000
-1000
-1000
1000
-1000
-18.1143632324128
1000
1000
1000
-1000
-1000
1.84106730510518
-1000
1000
-1000
1000
-1000
-1000
18.1143632324128
-1000
-1000
1000
1000
-1000
998.114766109035
-1000
-1.88523389096474
1000
-1000
1000
-1000
-1000
-1000
1000
1000
-1000
-1000
-1000
1000
-1000
-18.1143632324128
-1000
-999.95583341414
-1000
-1000
18.1143632324128
-1000
-1000
0
0
0
0
0
-1000
0
0
-724.412526537758
0
724.412526537758
0
0
-724.412526537758
-1000
0
0
-1000
-1000
-436.271960459281
0
0
0
0
1000
1000
666.846180873575
0
0
0
0
0
48.6068693718529
0
0
0
-0.00393123635751635
0.00393123635747012
0
0
-0.00393123635751635
-0.00393123635751635
0
0
0
0
0
0
0
0
0
0.0107909589290557
0
0
0
0
0
0
0
0
0
0
0
0
0
0
0
0
0
0
0
0
0.00393123635747012
0
0
1000
-1000
0
1000
-1000
0
0
0
0
-0.00393123635751635
0
0
0
0
0
249.46740887006
0
0
0
0
0
0
467.20592526387
0
0
0
0
0
0
0
-142.857142857143
142.857142857143
0.00393123635747012
0
0
0
0.790187054017565
50.6452618789258
0
0
0
0
0
0
0
-1000
0
0
0
0
1000
0
0
0
0
0
0
0
0
0
0
0
0
0
0
0
0
0
0
0
0
0
0
0
0
0
0
0
0
0.00393123635747012
0
0
0
0
0
1000
0
336.554530331719
0
-665.571132847169
0
2.12566317888807
0
0
0
0
0
0.00587976220421618
1000
0
-775.253846781397
0
0
0
0
0
0
0
0
0
0
0
0
0.00393123635751635
1000
-1000
1000
-1000
0
1000
408.23301558388
0
-1000
-408.23301558388
0
-1000
1000
1000
1000
0
0
0
1000
-999.84389953024
1000
0
0
0
0
0
0.00393123635728898
0
0
1000
0
0
0
0
1000
0
0
0
551.792486175448
551.792486175448
-1000
0
-1000
1000
0
0
0
0
0
0
0
0
0
0
0
408.076915114121
591.76698441612
0
0
0
836.473893640476
0
0
611.727740421873
0
0
0
0
0
1000
0
0
0
0
0
0
0
0
0
0
0
0
0
0
1.06283158944403
0
0.00393123635747012
-0.00393123635751635
0.00393123635747012
0.00393123635747012
0
0
591.76698441612
-591.76698441612
0.00393123635751635
0
0
0
1.06283158944404
0
0
-0.0117937090724354
-1000
-1000
-1000
1000
-1000
1000
0
0
997.882199293827
-1000
-1000
-1000
0
0
0
0
0
0
0
0
0
0
0
0
0
0
0
0
0
0
0
0
0
0
0
0
0
2.11780070617309
0
0
0
0
0
0.00195992073473873
0
0
0
-10
0
0
0
0
0
0.00393123635747012
-1000
1000
0
0
0
0
0
0
0
0
0
0
0
0
0
0
0
0
0
0
0
0
0
0
0
0
1000
0
0
0
0
0
0
0
0
0
0
0
0
0
0
0
0
0
0
0
0
0
0
0
0
0
0
0
0
0
0
2.53536257836845
0
0
0
0
0
0
0
0
0
0
0
0
0
0
0
0
0
0
0
0
0
0
0
0
0
0
0
0
0
0
0
0
0
0
0
0
0
0
0
0
0
0
0
0
0
0
0
0
0
0
0
0
0
0
0
0
0
0
0
0
0
0
0
0
0
0
0
0
0
0
0
0
0
0
0
0
0
0
0
0
0
0
0
0
0
0
0
0
0
0
0
0
0
0
0
0
0
0
0
0
0
0
0
0
0
0
0
0
0
0
0
0
0
0
-999.973529675193
0
0.00195992073474827
0
0
0
-0.0264703248069509
0
1000
0
0
0
0
0.00489980183681382
0
0
0
0
0
0
0
0
0
0
0
0
0
0
0
0
0
0
0
0
0
0
0.00393123635747012
0.00393123635747012
0.00393123635747012
1000
-1000
0
-1000
-1000
0
0
0
0
0
0
-1000
-836.473893640476
0
0
0
0
0
0
0
0
0
0
-469.553452938902
0
1000
0
-1000
-1000
-999.828514228752
-1000
-1000
-1000
0
0
0
0
0
0
0
0
0
-611.727740421873
-1000
0
1000
0.430593825762899
0.00393123635747012
0.00393123635747012
0.00393123635747012
0.00393123635747012
0.00393123635747012
0
0
0
1000
4.6762157882279
0
0
0
0
0
0
0
0
0
0
0
0
0
0
1000
0
0
0
0
0
0
0
1000
-1000
0
1000
1000
1000
-1000
0
0
0
0
0
0
0
0
0
0
0
0
0
0
0
0
0
0
0
0
0
0
0
0
0
0
0
0
0
0
0
0
0
0
0
0
0
0
0
0
0
0
0
0
0
0
0
-984.324468150893
0
0
0
0
0
0
0
0
0
-1000
0
0
0
0
0
0
0
0
1000
-1000
-1000
-1000
-1000
-1000
0
0
0
0
0
0
1.58037410803513
-1000
-1000
0
249.46740887006
0
0
0
999.976412581855
0
0
0
0
0
0
0.632237763681135
0.632237763681135
0
-999.971569754458
0
0
0
0
0
0
4.40439008988563
0
1000
0
0
0
0
0
0
0
1000
0.00393123635747012
0
0
0
0
0
0
0
0
1000
0
0
1000
0
0
928.558193409025
1000
0
0
0
-331.247332210156
0
-1000
0
0
0
-1000
-1000
0
0
0
0
73.8002171946914
73.885627528723
1000
0
0
0
0
0
-908.284064682088
908.284064682088
-1000
0
0
0
0
-1000
-1000
0
0
0
-1000
0
0
0
0
0.00576011588029318
0
0
0
0
0
0
0
0
0
0
0
0
0
0
0
0
0
0
0
0
0
0
0
1000
0
591.76698441612
-1000
408.23301558388
-1000
-1000
1000
0
0
0
0
0
0
0
0
-1000
0
0
1000
0.00195992073473873
0.00195992073473873
0
46.6409810393152
-1000
1000
-499.954853453773
-499.954853453773
0
203.532020306392
0
0
0
0
0
0
0
0
0
0
0
0
0
0
0
0
0
0
0
0
0
0
0
0
0
-0.0215705229701371
0
0
0
0
0
0
0
0
0
0
0
0
0
0
0
0
0
0
0
0
0
0
0
0
0
0
0
0
0
0
0
0
0
0
0
0
0
0
0
0
0
0
0
0
0
0
-1000
0
-1000
0
0
0
0
0
0
-1000
0
0
0
0
0
0
0
0
0
0
0
-1000
0
0
0
0
0
0
0
0
0
0
0
0
0
1000
0
0
0
-663.44546966828
0
0
0
0
0
0
0
0
0
0
0
0
0
0
0
0
0
0
0
0
0
0
0
0
0
0
0
0
0
0
0
0
0
0
0
0
0
0
0
0
0
0
0
0
0
0
0
0
0
0
0
0
0
0
0
0
0
0
0
0
0
0
0
0
0
0
0
0
0
0
0
0
0
0
0
0
0
0
0
0
0
0
0
0
0
0
0
0
0
0
0
0
0
0
0
0
0
0
0
0
0
0
0
0
0
0
0
0
0
0
0
0
0
0
0
0
0
0
0
0
0
0
0
0
0
0
0
0
0
0
0
0
0
0
0
0
0
0
0
0
0
0
0
0
0
0
0
0
0
0
0
0
0
0
0
0
0
0
0
0
0
0
0
0
0
0
0
0
0
0
0
0
0
0
0
0
0
0
0
0
0
0
0
0
0
0
0
0
0
0
0
0
0
0
0
0
0
0
0
0
0
0
-1000
0
0
0
0
0
0
0
0
0
0
0
0
0
0
0
0
0
0
0
0
0
0
0
0
70.632555384962
70.632555384962
0
-96.0371720752294
0
0
915.735965435996
-1000
84.4430909851988
0
0
-1000
0
0
0
0
949.327219466572
0.0235874181448708
0
0
0
0
0
0
0
0
0
0
0
0
0
0
0
0
0
0
0
0
0
0
0
0
0
0
0
0
0
0
0
0
0
928.558193409025
0
0
0
0
0
0
0
0
0
0
0
0
0
0
0
0
0
0
0
0
0
0
0
0
0
0
0
0
0
0
0
0
0
0
0
0
0
0
0
0
0
0
0
0
0
0
0
0
0
0
0
0
0
0
0
0
0
0
0
0
0
0
0
0
0
0
0
0
0
0
0
0
0
0
0
0
0
0
0
0
0
0
0
0
0
0
0
0
-494.166985323774
0
0
0
0
0
0
0
0
0
0
0
0
0
0
0
0
-973.981173890394
0
0
0
0
0
0
0
0
0
0
0
0
0
0
0
0
0
0
0
0
0
0
0
0
0
0
0
0
0
0
0
0
0
0
0
0
0
0
0
0
0
0
0
0
0
0
0
0
0
0
0
0
0
0
0
0
0
0
0
0
0
0
0
0
0
0
0
0
0
0
0
0
0
0
0
0
0
0
0
0
0
0
0
0
0
0
0
0
0
0
0
0
0
0
0
0
0
0
0
0
0
0
0
0
0
0
0
0
0
0
0
0
0
0
0
0
0
0
0
0
0
0
0
0
0
0
0
0
0
0
0
0
0
-482.895036302873
0
0
-494.166985323774
-973.981173890394
-482.895036302873
0
0
0
0
0
0
0
0
0
0
0
0
0
203.532020306392
0
0
0
0
0
0
0
0
0
0
0
-1000
0
0
0
0
0.00393123635751635
-980.655197770659
0
0
0
0
0
0
0
0
0
0
0
0
0
0
0
0
0
0
0
0
0
0
0
0
0
0
0
0
0
0
0
0
0
0
0
0
0
0
0
0
0
0
0
0
0
0
0
0
0
0
0
0
0
0
0
0
0
0
0
0
0
0
0
0
0
0
0
0
0
0
0
0
0
0
0
0
0
0
0
0
0
0
0
0
0
0
0
0
0
0
0
0
0
0
0
0
0
0
0
0
0
0
0
0
0
0
0
0
0
0
0
0
0
0
0
0
0
0
0
0
0
0
0
0
0
0
0
0
0
0
0
0
0
0
0
0
0
0
0
0
0
0
0
0
0
0
0
0
0
0
0
0
0
0
0
0
0
1000
0
981.885636767587
0
0
0
0
0
0
0
0
0
0.00393123635751635
0
0
1000
1000
0
0
0
0
0
0
0
0
0
0
0
0
0
0
0
0
0
0
0
0
0
0
1000
0
0
0
0
0
0
0
0
0
0
0
0
0
0
0
0
0
0
0
0
0
0
0
0
0
0
0
0
0
0
0
0
0
0
0
0
0
0
0
0
0
0
0
0
0
0
0
0
0
0
0
0
0
0
0
0
0
0
0
0
0
0
0
0
0
0
0
0
0
0
0
0
0
0
0
0
0
0
0
0
0
0
0
0
0
0
0
0
0
0
0
0
0
0
0
0
0
0
0
0
0
0
0
0
0
0
0
0
0
0
0
0
0
0
0
0
0
0
0
0
0
0
0
0
0
0
0
0
0
0
0
0
0
0
0
0
0
0
0
0
0
0
0
0
0
0
0
0
0
0
0
0
0
0
0
0
0
0
0
0
0
0
0
0
0
0
0
0
0
0
0
0
0
0
0
0
0
0
0
0
0
0
500
94.9573999388919
-215.188593041876
1.66275796297646
0
0
-1.06283158944404
0
0
0
506.835122173835
21.0045768664829
45.9119028704542
0.11394887992667
94.9573999388919
0
0
0
0
0
0
0
0
0
0
0
0
0
0
0
0
0
0
0
0
0
0
0
0
0
1000
-1000
0
-1000
0
224.742221982246
0
0
0
-408.236946820238
0
0
0
0
0
0.0196447868993346
0.0215705229701371
0
0.0127508796637944
0.00393123635747012
0
0
0
0
0
0
0
0
0
0
0
0
0
0
0
0
0
0
665.571132847168
0
0
1000
-40.8901974176092
-1.7936170146628
0
-1000
-996.851587699756
-1000
-530.741575126397
-11.4216137528798
-1000
-28.8970608676739
-487.907932403047
-1000
1000
-1000
0
0
0
0
0
0
0
-1000
-1000
-643.677669095873
-192.893771388227
-14.4939224449428
1000
-1000
-735.116882067915
749.079281040151
-212.634801718006
0
-1000
-1000
0
0
1000
0
0
833.615514212372
-1000
0
0
0
-11.8507822680697
0
0
1000
224.746153218603
0
0
0
0
0
0
0
0
0
-0.00393123635751635
-0.00393123635751635
0
0
0
0
0
0
0
0
0
0
0
0
0
0
0
0
0
0
998.158932694895
0
0
0
0
1000
814.154535673783
249.46740887006
-0.00393123635751635
-0.00393123635751635
-1.0835209077427
-15.6755318491073
-0.0107909589290784
0
0
-0.00393123635751635
0
-0.00393123635751635
0
0
0
-0.00393123635751635
0
0
0
-0.00393123635751635
0
0
0
0
0
0
0
0
0
0
0
981.885636767587
0
0
0
0
0
15.6716006127498
0
0
0
0
0
0
-254.833062215269
1000
0
0
0
-981.885636767587
0
1000
0
0
-0.00393123635751635
0
0
0
0
-11.2125650369144
0
0
0
0
0
0
0
0
0
50.6452618789258
0
-3.94777793653952
-436.271960459281
-1000
-1000
0
0
0
0
436.262778078707
0
0
0
2.67542094498231
0
958.006784866614
0
0
0
-4.32879450379426
0
0
-1000
0
1000
1000
995.671205496206
0
0
561.586707233748
-995.663343023491
724.412526537758
0
-724.412526537758
142.857142857143
0
0
0
0
0
-1000
-1000
0
0
0
0
0
0
-0.044166585859557
0
0
0
0
1000
-1000
1000
0
-928.558193409025
0
0
0
0
508.808322010318
-1000
-1000
485.185869332787
0
0
-142.857142857143
0
0
0
0
0
0
0
0
1000
0
-0.320506692080585
-0.0854103340315078
-23.1248479390448
-1000
-1.25980242696551
-5.91444769222323
-0.811398173299835
-4.59080545419636
-2.4555471034073
-0.0854103340316215
0
0
91.9499258122487
0
-0.0854103340315078
-1000
-0.0854103340315078
-0.0854103340315078
0
-0.619224921728801
0
-0.0854103340315078
-31.9804099789388
-33.2466376249698
0
0
0
-4.40439008988562
-0.0854103340315078
-0.5395747035775
-545.60945135381
-0.0854103340315078
-0.0854103340315078
-0.0854103340315078
-0.0854103340315078
-2.4768996869152
0
-5.33814587697248
0
0
0
-1000
1000
0
0
-1000
1000
-0.00393123635751635
0
1000
-1000
1000
0
0
-1000
0
0
-1000
0
0
0
0
0
0
0
0
0
0
0
0
0
0
0
-1000
1000
-46.6409810393152
46.6409810393152
1000
-1000
-1000
1000
1000
0
-1000
1000
-0.0854103340315078
-0.0854103340315078
0
0
0
0
1000
0
84.2640345640041
-84.4430909851988
949.327219466572
0.0235874181448708
0
0
0
0
0
-1000
0
-1000
0
0
0
0
0
0
0
0
0
0
0
0
0
0
0
0
0
0
0
0
0
0
0
0
0
0
0
0
0
0
0
0
0
0
0
0
0
0
0
0
0
0
0
0
0
0
0
0
0
0
0
0
0
0
0
0
0
0
0
0
0
0
0
0
0
0
0
0
0
0
-0.0854103340315078
0
0
0
0
0
0
0
0
0
0
0
0
0
0
0
0
0
0
0
0
0
0
0
0
0
0
0
0
0
0
0
0
0
0
0
0
0
0
0
0
0
0
0
0
0
0
0
0
0
0
0
0
0
0
0
0
0
0
0
0
0
0
0
0
0
0
0
0
0
0
0
0
0
0
0
0
0
0
0
0
0
0
0
0
0
0
0
0
0
0
0
0
0
494.166985323774
0
0
0
0
0
0
0
0
0
0
0
0
0
0
0
0
973.981173890394
0
0
0
0
0
0
0
0
0
0
0
0
0
0
0
0
0
0
0
0
0
0
0
0
0
0
0
0
0
0
0
0
0
0
0
0
0
0
0
0
0
0
0
0
0
0
0
0
0
0
0
0
0
0
0
0
0
0
0
0
0
0
0
0
0
0
0
0
0
0
0
0
0
0
0
0
0
0
0
0
0
0
0
0
0
0
0
0
0
0
0
0
0
0
0
0
0
0
0
0
0
0
0
0
0
0
0
0
0
0
0
0
0
0
0
0
0
0
0
0
0
0
0
0
0
0
0
0
0
0
0
0
0
482.895036302873
0
0
0
0
0
0
0
0
0
0
0
0
-981.885636767587
0
1000
0
0
980.655197770659
0
0
0
0
0
0
0
0
0
0
0
0
0
0
0
0
0
0
0
0
0
0
0
1000
0
-1000
0
-1000
-0.00393123635751635
0
0
0
0
0
0
0
0
0
1000
0
0
0
0
0
-1000
0
0
0
0
0
0
0
0
0
0
0
0
0
0
0
0
0
0
0
0
0
0
0
0
0
0
0
0
0
0
0
0
0
0
0
0
0
0
0
0
0
0
0
0
0
0
0
0
0
0
0
0
0
0
0
0
0
0
0
0
0
0
0
0
0
0
0
0
0
0
545.60945135381
545.60945135381
0
-0.0854103340315078
-0.0854103340315078
-0.0854103340315078
-0.0854103340315078
0
-0.0854103340315078
0
0
-0.0854103340315078
-0.0854103340315078
-0.0854103340315078
-0.0854103340315078
0
-0.0854103340315078
-0.0847452308463517
-0.0854103340315078
-0.0854103340315078
-0.0854103340315078
-0.0854103340315078
-0.0854103340315078
0
-0.0854103340315078
-0.0854103340315078
-0.0854103340315078
-1000
94.957399938892
0
185.845464326217
0
0
0
0
0
0
0
0
0
0
0
