0
0
0
0
0
0
0
1000
-1000
1000
0
0
0
199.252961687114
1000
0
999.728421878908
-999.728421878908
999.937670595159
0
0.0623294048408808
0
-1000
0.391784830428378
0
1000
-201.864058227074
0
-37.8559191860362
0.013303815056006
0
0
0
0
0
0.0343258317869457
0
0
0
37.403167744668
0
0
0
0
0
0
0
0
0
0
0
0
0
0
0
0
0
641.051892429143
0
0
0
0
0
0
37.8559191860362
0
0
0
0
0
0
0
3.19230235618556
3.19230235618556
0
0
0
0
0
0
-641.317904321937
-358.682095678063
0
0
0
0
0
0
0
0
0
0
0
0
0
0
0
0
0
0
0
0
0
0
0.00381213969628079
0
0
0
0
0
0
0
0
1.78529223865666
0
0
0
0
0
0
0
0
0
0
0
0
0
0
0
0
0
0
0
0
0
-1000
0
0
0
0
0
0
-1000
0
0
0
0
-15.6043363907488
0
0
0
0
-993.001490747355
0
0
0.00951377472028335
1000
0
0
598.446674251926
1000
1000
401.544421547383
0
204.642168842839
0
-1000
401.544421547383
600.797383234496
1000
-800.747038312886
0
0
1000
0
0
0.0095137747202898
0
0
1000
-1000
0
0
0
0
0
-4.19320173280505
0
0
0
0
0
0
0
250.990465946217
-1000
0
0
0
0
0
0
0
0
0.173631913485565
0.173631913485582
0
0
0
0
-4.37128574663643
0
1000
0
0
0
0
0
0
0
0
0
0
0
999.826368086514
0
0
-1000
0
998.270108095842
0
0.491710772418826
0.500614973110381
0
0
0.737566158628239
0
0.00381213969626515
0
0
0
-1000
0
0
0
0
0
0
0
0
0
0
0
0
-1000
0
-1000
1000
-1000
-3.19230235618556
1000
715.292076753852
0
-1000
-1000
-1.0306331454434
1000
-2.80645120406746
0
163.442554710306
1000
1000
-1000
1000
0
0
1000
0
0.19144031486842
0
-0.191440314868373
0
0.00190054500800086
0
0
0
0
0
0
0
0
835.548301009973
0
0
0
0
0
0
0
0
287.001911677519
0
1000
0
0
0
1000
0
-0.191440314868373
0
-0.737566158628283
0
0
0.737566158628283
2.80645120406743
0
0
0
0
0
0
0
-835.819879131065
0
0
0
1000
0.737566158628283
0
-1000
-1.0306331454434
0
0
0.00381213969622727
0
0
0
0
0
0
0
0
0
0
0
0
712.998088322481
0
0
0
2.45855386209413
0
10.3498671947333
0
0
0
0
0
0
0
0
-440.470666554038
722.199129982826
-999.995547899654
-1000
-1000
1000
1000
-1000
-1000
284.214311928721
1000
-1000
1000
715.783787526271
0
0
-1000
0
0
0
0
-1000
0
0
-1000
-1000
-1000
1000
0
0
1000
1000
0
0
0
0
0
0
1.03063314544338
-1000
1000
1000
0
1000
-1000
-440.635394266831
0
-1000
-1000
1000
1000
1000
-559.355701532477
0
-1000
0
1000
-1000
-1000
-1000
-6.28835831391405
-1000
999.991095799308
1000
0
0
0
-1000
1000
2.4719101631315
0
0
-999.830180226211
0
0
0
-908.309812018184
1000
0
0
58.0507899580068
2.27057117634638
0
91.6901879818158
0
0
0
0
0
0
0
0
0
0
0
0
0
0.00381213969628079
0
1000
0
-1000
0
0
1000
0
0
0
0
0
0
0
0
0
0
0
0
0
0
0
0
0
0
0
0
0
0
0
0
0
0
0
0
0
0
0
0
0
0
0
0
0
0
0
0
1000
-1000
1000
0.111302508644485
0.111302508644485
0
-999.262433841372
0
0
0
0
0
0
0
0
0
0
0
0
34.4867261814893
0
0
0
0
0
0
0
0
0
0
0
0
0
0
0
0
0
0
0
0
0
0
0
0
0
0
0
0
0
0
0
0
0
0
0
0
0
0
0
0.173631913485582
0
0
0
1000
0
648.062056648254
0
648.062056648254
0
0
-1000
0
0
0
0
0
0
0
0
0
0
0
0
0
0
0
0
0
0
0
0
0
0
0
0
0
0
0
0
-425.020661939434
0
0
0.173631913485582
0
0
0
0
0
0
0
0
0
1000
0
0
0
0
0
0
0
0
0
0
0
0
0
0
0
0
0
0
0
0
0
0
0
0
0
0
0
0
0
0
0
0
0
0
-1000
0
0
0
0
0
0
0
0
0
0
0
0
0
0
0
0
0
0
0
0
0
0
0
0
0
0
0
0
0
0
0
0
0
0
0
0
0
0
0
-1000
0
0.0044521003457772
500
0
0
0
0.805830162585673
0.805830162585673
0
1000
0
0
0
0
0
0
0
0
0
0
0
0
0
0
0
0
0
0
0
1000
0
0
0
0
0
1000
0
0
0
-1000
0
0
1000
0
0
0
0
2.31509217980414
0
0
2.31509217980414
0
0
0
0
0
0
0
0
0
0
2.31509217980414
0
2.31509217980414
0
0
0
13.8106040379723
39.3675937167823
25.1638052222129
18.430521402988
27.3263197334968
8.99409444465812
21.0353684279436
38.4829286894389
35.4357491508115
11.2057570130167
21.7234412269885
44.7738799949921
35.3374530366622
10.9108686705689
18.0864850034655
25.0655091080636
32.4868657263334
26.2942105349295
4.81650959331419
32.7817540687812
0
0
0
0
0
0
0
0
0
0
0
0
0
0
0
0
0
0
0
0
0
0
0
0
0
0
0
0
0
0
0
0
0
0
0
0
0
0
0
0
0
0
0
0
0
0
0
0
0
0
0
0
0
0
0
0
0
0
0
0
0
0
0
0
0
0
0
0
0
0
0
0
0
0
0
0
0
0
0
0
0
0
0
0
0
0
0
246.61918019958
0
0
0
0
0
0
-1000
0
0
0
0
34.4867261814893
-277.800870017174
-277.800870017174
1000
1000
0
0
443.352378261424
0
171.181945683015
0
0
2.27057117634638
-556.64380959888
-614.694599556887
-1000
0
-443.35619040112
0
-443.480849210802
1000
1000
614.54322814513
1000
0
-171.181945683015
1000
0
-1000
-1000
-1000
0
556.64380959888
0
0
0
443.35619040112
0
0
0
0
0
0
0
0
0
0
0
1000
278.835315302314
1000
1000
0
500
232.758217473939
2.51333696409684
5
0
0
0
0
0
0
250
0
221.679224288567
0
0
-0.00155396368290894
0
0
0
0
-0.00155396368290894
52.3961507016668
277.755124340819
0
-0.00155396368290894
0.00155396368290894
-0.00155396368290894
0
0
0
0
-1000
0
0
-0.00155396368290894
-0.00155396368290894
0.00155396368290894
-0.00155396368290894
0.00155396368290894
-0.00155396368290894
-0.00155396368290894
-0.00155396368290894
-0.00155396368290894
-0.00155396368290894
-0.00155396368290894
-0.00155396368290894
-0.00155396368290894
-0.00155396368290894
-0.00155396368290894
-0.00155396368290894
-0.0326332373418836
-0.0106611643124097
-0.044676455884769
-0.0450649468054962
-0.0229209643234753
0.00155396368290894
0.00155396368290894
-0.111812615661279
0.00155396368290894
0.00155396368290894
0.00155396368290894
0.00155396368290894
-0.755226349913073
0
-0.0835255479585157
-0.420735667158397
-0.00162673319402984
0.00155396368290894
0.00155396368290894
0.014762654987976
0.00155396368290894
0.00155396368290894
-0.00155396368290894
0
0
0
0
0
0
0
0
0
0
0
0
0
0
0
0
0
0
0
0
0
0
0
0
0
0
0
0
0
0
0
0
0
0
0
0
0.000948891294001442
0
0
0
0
0
0
0
0
0
0
0
0
0
0
0
0
0
0
0
0
0
0
0
0
0
0
0
0
0
0
0
0
0
0
0
0
0
0
0
0
0
0
0
0
0
0
0
0
0
0
0
0
0
0
0
0
0
0
0
0
0
0
0
0
0
0
0
0
0
0
0
0
0
0
0
0
0
0
0
0
0
0
0
0
0
0
0
0
0
0
0
0
0
0
0
0
0
0
0
0
0
0
0
0
0
0
0
0
0
1.28456756542543
1.28456756542543
1.28456756542543
1.28301360174249
0
0
0
0
0
0
0
0
0
0
0
0
0
0
0
0
0
0
0
0
0
0
0
0
0
0
0
0
0.00155396368294881
0.00155396368294881
0.00155396368294881
0
0
0.603326399904874
0.0971227301843004
0
0
0.00155396368294881
0
0
0
0
0
0
0
0
0
0
0
0
0
0
0
0
0
0
0
0
0
0
0
0
0
0
0
0
0
0
0
0
0
0
0
0
0
0
0
0
0
0
0
0
0
0
0
0
0
0
0
0
0
0
0
0
0
0
0
0
0
0
0
0
0
0
0
0
0
0
0
0
0
0
0
0
0
0
0
0
0
0
0
0
0
0
0
0
0
0
0
0
0
0
0
0
0
0
0
0
0
0
0
0
0
0
0
0
0
0
0
0
0
0
0
0
0
0
0
0
0
0
0
0
0
0
0
0
0
0
0
0
0
0
0
0
0
0
0
0
0
0
0
0
0
0
0
0
0
0
0
0
0
0
0
0
0
0
0
0
0
0
0
0
0
0
0
0
0
0
0
0
0
0
0
0
0
0
0
0
0
0
0
0
0
0
0
0
0
0
0
0
0
0
0
0
0
0
0
0
0
0
0
0
1000
0
0
0
0
0
0
0
0
0
0
0
0
0
0
0
0
0
0
0
0
0
0
0
0
0
0
364.599395300741
0
0
0
0
0
0
0
0
0
0
0
0
0
0
0
0
0
0
0
0
0
0
0
0
0
0
0
0
0
0
0
0
0
0
0
0
0
0
0
0
0
0
0
0
0
0
0
0
0
0
0
0
0
0
0
0
0
0
0
0
0
0
0
0
0
0
0
0
0
0
0
0
0
0
0
0
0
0
0
0
0
0
0
0
1000
1000
0
0
0
0
0
0
0
0
0
0
0
0
0
0
0
0
0
0
0
0
0
-1000
0
-1000
0
0
0
0
0
0
0
1000
1000
0
0
0
0
0
0
0
0
0
0
0
0
0
0
0
0
0
0
0
0
0
0
0
0
0
0
0
0
0
0
0
0
0
0
0
0
0
0
0
0
0
0
0
0
0
0
0
0
0
0
0
0
0
0
0
0
0
0
0
0
0
0
0
0
0
0
0
0
0
0
0
0
0
0
0
0
0
0
0
0
0
0
0
0
50.4215731181675
0
0
0.00155396368290894
0
1000
0
0
0
0
55.9034617579644
-0.00155396368290894
277.755124340819
0
0
0
0.000948891294001442
0.60177243622195
0
-999.398227563778
999.998446036317
0
0
0
0
0
0
0
0
0
0
0
0
0
-1000
0.000948891294001442
0
0
0
0.00381213969626515
0
0
0
0
0
0
0
-0.00381213969626515
0
0
0
0
0
250
-1000
0
0
0
0
-50.4215731181675
1000
-0.0228728381777046
0
0
0.00155396368290894
-0.00155396368290894
0
0
0.0563311835069271
-0.0563311835069271
1000
0
0
0
0
0
1000
0
-221.738663399439
-778.261336600561
-1000
0
-722.244875659181
-277.755124340819
-1000
0
0
0
0
0
-1000
0
-0.60177243622195
0
0
0
-999.398227563778
999.398227563778
-1000
0
0
0
-1000
0
0
0
-1000
0
0
0
0
0
0
0
0
0
0
0
0
0
0
0
0
0
0
0
-1000
1000
-1000
0
-1000
0
-1000
0
-1000
0
0
0
0
0
0
0
0
0
-1000
0
1000
0
-1000
0
-1000
0
-671.798875739154
0
-1000
0
0
0
0
0
0
0
0
0
0
-1000
250
-250
0
0
0
0
0
0
0
0
0
0
0
0
0
0
0
0
0
0
0
0
0
0
0
0
0
0
0
0
0
0
0
0
0.000948891294001442
-0.000948891294001442
0
0
0
0
0
0
0
0
0
0
0
0
0
0
0
0
0
0
0
0
0
0
0
0
0
0
0
0
0
0
0
0
0
0
0
0
0.000948891294001442
-0.000948891294001442
0
0
0
0
0
0
-0.00381213969626515
-0.00381213969626515
0
0
0
0
0
0
0
0
0
0
0
0
0
0
0
0
0.00381213969626515
0.00381213969626515
0
0
0
0
0
0
0
0
0
0
0
0
0
0
0
0
0
0
0
0
0
0
0
0
0
0
0
0
0
0
0
0
0
0
0
0
0
0
0
0
0
0
0
0
0
1.24857335604109
0.00381213969628079
0
0
0
0
0
0
0
0
0.157096987754365
0
0
0
0
0
0
0
0
0
0
0
0
0
0
0
0
0
0
0
0
0
0
0
0
0
0
0
0
0
0
0
0
0
0
0
0
0
0
0
0
0
0
0
0
0
0
0
0
0
0
0
0
221.737109435756
221.737109435756
221.737109435756
0
0
0
0
0
0
0
0
0
0
0
0
0
0
0
0
0
0
0
0
0
0
0
0
0
0
0
0
0
0
0
0
0
0
0
0
0
0
0
0
0
0
0
0
0
0
0
0
0
0
0
0
0
0
0
0
0
0
0
0
0
0
0
0
0
0
0
0
0
0
0
0
0
0
0
0
0
0
0
0
0
0
0
0
0
0
0
0
0
0
0
0
0
0
0
0
0
0
0
0
0
0
0
0
0
0
0
0
0
0
0
0
0
0
0
0
0
0
0
0
0
0
0
0
0
0
0
0
0
0
0
0
0
0
0
0
0
0
0
0
0
0
0
0
0
0
0
0
0
0
0
0
0
0
0
0
0
0
0
0
0
0
0
0
0
0
0
0
0
0
0
0.00381213969628079
0.00381213969628079
0.00381213969628079
0.00381213969628079
0.00381213969628079
0
0
0
0
0
0
0
0
0
0
0
0
0
0
0
0
0
0
0
0
0
0
0
0
0
0
0
0
0
0
0
0
0
0
0
0
0
0
0
0
0
0
0
0
0
0
0
0
0
15.6043363907488
15.6043363907488
-15.6043363907488
5.19255047095828
-2.59436916563095
2.594369165631
2.594369165631
2.594369165631
2.594369165631
2.594369165631
2.594369165631
2.594369165631
2.594369165631
2.594369165631
2.594369165631
2.594369165631
0
2.59436916563095
2.594369165631
2.594369165631
2.594369165631
2.594369165631
2.594369165631
2.594369165631
2.586766985599
2.586766985599
2.586766985599
0.00760218003200343
0.00760218003200343
0
0
0
0
0
0
0
0
0
0
0
0
0
0
0
0
0
0
15.6043363907488
15.6043363907488
5.19255047095828
5.19255047095828
0
0
0
0
0
0
0
0
0
0
0
0
0
0
0
0
0
0
0
0
0
0
0
0
0
0
0
0
0
0
0
0
0
0
0
0
0
0
0
0
0
0
0
0
0
0
0
0
0
0
0
0
0
0
0
0
0
0
0
0
0
0
0
0
0
0
0
0
0
0
0
0
0
0
0
0
0
0
0
0
0
0
0
0
0
0
0
0
0
0
0
0
0
0
0
0
0
0
0
0
0
0
0
0
0
0
0
0
0
0
0
0
0
0
0
0
0
0
0
0
0
0
0
0
0
0
0
0
0
0
0
0
0
0
0
0
0
0
0
0
0
0
0
0
0
0
0
0
0
0
0
0
0
0
0
0
0
0
0
0
0
0
0
0
0
0
0
0
0
0
0
0
0
0
0
0
0
0
0
0
0
0
0
0
0
0
0
0
0
0
0
0
1.24857335604109
1.27521413519394
1.27521413519394
0
0
0
0
-1.27521413519389
0
0
0
0.0266407791528492
0
0
0
0
0
0
0
0
0
0
0
0
0
0
0
0
0
0
0
0
0
0
0
0
0
0
0
0
0
0
0
0
0
0
0
0
0
0
0
0
0
0
0
0
1.27521413519394
0
0
0
0
0
0
0
0
0
0
0
0
0
0
0
0
0
0
0
0
0
0
0
0
0
0
0
0
0
0
0
0
0
0
0
0
0
0
0
0
0
0
0
0
0
0
0
0
0
0
0
0
0
0
0
0
0
0
0
0
0
0
0
0
0
0
0
0
0
0
0
0
0
0
0
0
0
0
1.24857335604109
0.00381213969628079
0
0
0
0
0
0
0
1.64371728927432
0
0
0
1.03063314544338
1.03063314544338
1.03063314544338
0
0
0
0
0
0
1.40948248349174
0
0
0
0.00381213969628079
0
0
0
0
-1.40948248349173
1.40948248349174
0
0
0
0
0
0
0
0
0
0
0.257063445239155
0
0.234234805782586
0
0
0
0
0
0
0
0
0
0
11.4917632541335
11.4917632541335
11.4917632541335
0
0
0
0
-0.157096987754358
0
0
0
0
0
497.198689199281
0
0
0
0
0
0
0
0
0
0
0
0
0
0
0
0
0
0
0
0
0
0
0
0
0
0
0
0
0
0
0
0
0
0
0
0
0
0
0
0
0
0
0
0
0
0
0
0
0
0
0
0
0
0
0
0
0
0
0
0
0
0
0
0
0
0
0
0
0
0
0
0
0
0
0
0
0
0
0
0
0
0
0
0
0
0
0
0
0
0
0
0
0
0
0
0
0
0
0
0
0
0
0
0
0
0
0
0
0
1000
0
0
1000
1000
0
0
0
0
0
0
0
0
0
0
0
0
0
0
0
0
0
0
0
0
0
0
0
0
0
0
0
0
0
0
0
0
0
0
0
0
0
0
0
0
0
0
0
0
0
0
0
0
0
0
0
0
0
0
0
0
0
0
0
0
0
0
0
0
0
0
0
0
0
0
0
0
0
0
0
0
0
0
0
0
0
0
0
0
0
0
0
0
0
0
0
0
0
0
0
0
0
0
0
0
0
0
0
0
0
0
0
0
0
0
0
0
0
0
0
0
0
0
0
0
0
0
0
0
0
0
0
0
0
0
0
0
0
0
0
0
0
0
0
0
0
0
0
0
0
0
0
0
0
0
0
0
0
0
0
0
0
0
0
0
0
0
0
0
0
0
0
0
0
0
0
0
0
0
0
0
0
0
0
0
0
0
0
0
0
0
0
0
0
0
0
0
0
0
0
0
0
0
0
0
0
0
0
0
0
0
0
0
0
0
0
0
0
0
0
0
0
0
0
0
0
0
0
0
0
0
0
0
0
0
0
0
0
0
0
0
0
0
0
0
0
0
0
0
0
0
0
0
0
0
0
0
0
0
0
0
0
0
0
0
0
0
0
0
0
0
0
0
0
0
0
0
0
0
0
0
0
778.13376253506
0
778.13376253506
221.86623746494
0
778.13376253506
0
221.86623746494
0
778.13376253506
0
0
0
0
0
0
0
0
0
0
0
0
0
0
0
0
0
0
0
0
0
0
0
0
0
0
0
0
0
0
63.723746236855
0
0
0
0
0
0
0
0
0
0
0
0
0
0
0
0
0
0
0
0
0
0
0
0
0
0
0
0
0
0
0
0
0
0
0
0
0
0
-778.13376253506
0
0
0
778.13376253506
0
0
0
0
0
0
0
0
0
0
0
0
0
0
0
0
0
0
0
0
0
0
0
0
0
0
0
0
0
0
0
0.0850795116414247
0.173631913485582
0.173631913485582
0
0
0
0
0.173631913485565
0
0.173631913485582
-246.61918019958
0
0
0
0
0.0267126020746703
0
0
0
0
0
0
0
246.61918019958
0
0
0
0
0
1.05069568160302
0
0
0
0
0
0
1.05069568160302
1.05069568160302
1.05069568160302
1.05069568160297
0
0
0
0
0
0
0
0
0
0
0
0
0
0
0
0
0
0
0
0
0
0
0
0
0
0
0
0
0
0
0
0
0
0
0
0
0
757.314976242583
757.314976242583
0
0
0
0
0
0
0
0
0
0
0
0
0
0
0
0
0
0
0
0
0
0
0
0
0
0
0
0
0
0
0
0
0
0
0
0
0
0
0
0
0
0
0
0
0
0
0
0
1000
918.03718728116
-1000
0
0
0
1000
1000
-1000
0
0
0
0
-1000
917.299621122531
0
0
0
0
0
0
0
0
0
0
0
0
1000
0
0
0
0
0
0
0
0
0
0
0
0
0
0
0
0
0
0
0
0
0
0
0
0
0
0
0
-1000
0
0
0
0
0
0
0
1.28456756542543
1.28456756542543
0
0
0
0
0
0
0
0
-999.996187860304
-1000
1000
-1000
1000
999.996187860304
-1000
0
0
0
0
0
0
0.00381213969626515
0
0
0
0
0
0
0
0
0
0
0
0
0
0
0
0
0
500
0
0
0
0.0152154097442859
0
0.00381213969628079
0.0228286394565684
1000
0.00190054500800086
0.00190054500800086
0.00381213969626515
0
0.0133148647362851
0.00190054500800086
0.0285413241608999
-0.00190054500797032
0.00190054500800086
0.00190054500800086
0.00190054500800086
0.00190054500800086
0.00190054500800086
-0.00190054500797032
-0.00380109001605433
-0.0475909729619843
0.00190054500800086
0.00190054500800086
0.00190054500797032
0.00190054500800086
0.0418782882577489
-0.00571268470423547
-0.0437788332657192
0.00381213969626515
0.00190054500800086
0.00190054500800086
0.00381213969628079
0.00381213969628079
-0.00381213969626515
-0.00381213969626515
0.00381213969626515
0.00381213969626515
0.00190054500800086
0.00190054500800086
0.00190054500800086
0.00190054500800086
-0.00571268470423547
-999.973359220847
0
0
0
0
0
0
-1000
0
0
0
0.00381213969628079
0
0
0
0
0.00190606984814039
0.00381213969626515
0.00381213969626515
0
0
0.00381213969628079
0.00381213969628079
0
0
0
0
0.00760218003200343
0.00190054500800086
0.00570163502400257
0.00190054500800086
-0.00190054500797032
0.00190054500800086
0.00190054500800086
0.00190054500800086
0.00190054500800086
0.00190054500800086
0.00190054500800086
0.00380109001600171
0.00190054500800086
0.00190054500800086
0.00190054500800086
0.00190054500800086
0.00190054500800086
0
0.00190054500800086
0.00381213969628079
0
0.00381213969628079
0
0.00381213969628079
0.00381213969628079
0.00381213969628079
0.00381213969628079
0.00381213969628079
0.00381213969628079
0
0.00381213969628079
0
0.00381213969628079
0.00381213969628079
0.00381213969628079
0.00381213969628079
0.00381213969628079
0
0
0
0
0
0
0
0
0
0
0
0
0
0
0
0
-0.00381213969626515
0
0
0
0
0
0
0
0
0
0
0
0
0
0
0
0
0
0
0
0
0
0
0
0
0
0
0
0
0
0
0
0
0
0
0
0
0
0
0
0
0
0
0
0
0
0
0
0
0
0
0
0
0
0
0
0
0
0
0
0
0
0
0
0
402.18659078223
500
34.4867261814893
0
0
0
0
0.00381213969628079
0
0
0
0
0
0
0
0
0
0
0
1000
1000
0
0
0
0
0
0
0
0
0
0
-1000
0
0
0
-250
0
-221.679224288567
0
0
0
0.00155396368294881
0
0
0
0
0
0
0
0
0
0.00155396368294881
0
0
52.3961507016669
0
0
0
0
0.00155396368294881
0
0.00155396368294881
0
0.00155396368294881
0
0
0
0
0
0
0
0
0
0
0
0
0
0
0
0.00155396368294881
0
0.00155396368294881
0
0.00155396368294881
0
0.00155396368294881
0
0.00155396368294881
0
0.00155396368294881
0
0.00155396368294881
0
0.00155396368294881
0
0.00155396368294881
0
0.00155396368294881
0
0.00155396368294881
0
0.00155396368294881
0
0.00155396368294881
0
0.00155396368294881
0
0.00155396368294881
0
0.00155396368294881
0
0.0326332373419249
0
0.0106611643123956
0
0.0446764558847782
0
0.0450649468055154
0
0.0229209643234949
0
0.00155396368294881
0
0.00155396368294881
0
0.111812615661223
0
0.00155396368294881
0
0.00155396368294881
0
0.00155396368294881
0
0.00155396368294881
0
0.75522634991312
0
0
0
0.0835255479584983
0
0.420735667158389
0
0.00162673319404003
0
0.00155396368294881
0
0.00155396368294881
0
0.0147626549880137
0
0.00155396368294881
0
0.00155396368294881
0
0.00155396368294881
0
0
-1000
0
0.0266407791528991
1000
0
0
0
0
0
-358.925278931401
-1000
-641.317904321937
0
1.05069568160302
-0.173631913485565
251.160285720006
1000
0
755.905493759092
287.001911677519
-1000
-1000
0
0
1000
0
0
0
0
0
-5.82386290402303
1000
0
0
0
0
-287.001911677519
995.63252639306
-0.00381213969626515
0
0
-3.83708434951086
0
712.998088322481
0
0
0
-358.668791863007
1000
287.001911677519
-1000
-0.00381213969626515
-1000
0
1000
72.0097580954047
0
-1000
0
0
1000
847.006400970877
-1000
1000
0
1000
0
0
-1000
519.010949857355
1000
1000
0
0
0
0
-34.4867261814893
-502.801310800719
0
0
0
0
0
0
0
0
0
0
0
1000
0
0
0
0
0
1000
360.242667698589
0
0
0
1000
0
0
0
0
0
0
0
0
0
-815.728847498028
-1000
-1000
-1000
1000
-1000
768.482550847008
-1000
-1000
-1000
-1000
-1000
1000
-1000
-1000
1000
-1000
-1000
1000
-1000
1000
-1000
-258.437301744172
-1000
-1000
1000
1000
1000
1000
1000
1000
1000
-1000
-1000
-1000
-1000
972.014902932298
-1000
-1000
-1000
-1000
1000
-1000
-1000
-1000
-1000
-1000
210.926292809045
-1000
-1000
-1000
-1000
-1000
977.822444537742
-1000
-1000
-1000
-1000
-1000
-1000
-1000
-1000
-11.0755963833626
-1000
-1000
-1000
-1000
580.014000570823
-1000
-1000
-1000
-1000
-1000
-1000
1000
-1000
-1000
1000
-1000
1000
1000
-540.301477281989
1000
-1000
-1000
-1000
-754.427721250668
1000
-1000
1000
1000
1000
-1000
-409.113118638601
1000
1000
1000
1000
-1000
-1000
-1000
-939.612250722913
1000
-1000
-701.061015950352
-1000
-1000
-1000
1000
1000
1000
1000
1000
1000
1000
1000
1000
-1000
-1000
-1000
-1000
-1000
963.456805851285
1000
11.3126074213153
-36.5431941487149
-1000
-1000
0
0
0
0
0
0
0
0
0
0
0
0
0
0
0
0
0
0
0
0
0
0
0
0
0
0
0
0
0
0
0
0
0
0
0
0
0
0
0
0
0
0
0
0
0
0
0
0
0
0
0
0
0
0
0
0
0
0
0
0
0
0
0
0
0
0
0
0
0
0
0
0
0
0
0
0
0
0
0
0
0
0
0
0
0
0
0
0
0
0
379.327386925852
0
0
0
0
0
0
0
0
0
0
0
0
0
0
0
0
0
0
0
0
0
0
0
0
0
0
0
0
0
0
0
0
0
0
0
0
0
0
0
0
0
0
0
0
0
0
0
0
0
0
0
0
0
0
0
0
0
0
0
0
0
0
0
0
0
0
0
0
0
0
0
0
0
0
0
0
0
0
0
0
0
0
0
0
0
0
0
0
0
0
33.1735388992096
0
0
0
0
0
0
0
0
0
0
0
0
0
0
0
0
0
0
0
0
0
0
0
0
0
0
0
0
0
0
0
0
0
0
0
0
0
0
0
0
0
0
0
0
0
0
0
0
0
0
0
0
0
0
0
0
0
0
0
0
0
0
0
0
0
0
0
0
0
0
0
0
0
0
0
0
0
0
0
0
0
0
0
0
0
0
0
0
0
0
0
0
0
0
0
0
0
0
0
0
0
0
0
0
0
0
0
0
0
0
0
0
0
0
0
0
0
0
0
0
0
0
0
0
0
0
0
0
0
0
0
0
0
0
0
0
0
0
0
0
0
0
0
-1000
1000
1000
1000
1000
1000
1000
1000
-1000
-1000
-6.99850925264536
-1000
1000
1000
1000
1000
0
-1000
1000
-1000
1000
-1000
-992.948198139369
-2.59436916563095
-1000
-1000
-1000
1000
1000
1000
-1000
-1000
6.99850925264536
-1000
-1000
-999.946707392014
1000
-1000
-1000
-1000
-1000
1000
-1000
-1000
-1000
1000
-1000
-1000
-1000
-1000
-1000
-1000
-1000
1000
-1000
0
0
0
0
0
0
1000
0
0
0
0
-1000
0
0
0
1000
0
-1000
-1000
0
0
0
0
0
0
0
0
0
0
0
0
0
0
0
0
0
-0.00381213969626515
0.00381213969628079
0
0
-0.00381213969626515
-0.00381213969626515
0
0
0
959.532084796653
0
0
0
0
0
0
0
0
0
0
0
0
0
0
0
0
0
0
0
0
0
0
0.00381213969628079
0
0
1000
-641.074721068599
-358.925278931401
1000
1000
0
0
0
0
-0.00381213969626515
0
0
0
0
0
246.61918019958
0
0
0
0
0
0
0
0
0
0
0
0
0
0
0
0
0
0.00381213969628079
0
0
0
0
-472.38455982047
0
0
0
0
0
0
-1000
0
1000
0
0
0
0
0
0
0
0
0
0
0
0
0
0
0
0
0
0
0
0
0
0
0
0
0
0
0
0
0
0
0
0
0
0
0
0.00381213969628079
0
0
0
1000
0
0
0
-221.679224288567
0
2.06126629088676
0
0
0
0
0.00570163502400257
1000
0
-1000
33.6393980238089
0
0
0
0
0
0
0
0
0
0
0
0.00381213969626515
1000
-1000
-1000
1000
0
0
1000
0
556.64380959888
-1000
0
-1000
1000
219.617957997679
0
0
0
0
0
-171.190849883707
1000
0
0
0
0
0
0.00381213969626515
0
0
1000
0
1000
0
0
915.29158560924
0
0
0
867.679126628599
867.679126628599
-1000
0
-835.639552295593
1000
0
0
0
0
0
0
0
0
0
0
0
-828.809150116293
1000
0
0
0
0
0
0
1000
0
0
0
1000
0
0.418268151637449
0
0
0
997.528089836869
0
0
0
0
0
0
0
0
0
0
1.03063314544338
0
0.00381213969628079
-0.00381213969626515
0.00381213969628079
0.00381213969628079
0
0
1000
-1000
0.00381213969626515
972.892555350608
0
0
1.0306331454434
0
0
-0.0114364190887954
1000
-1000
-1000
1000
1000
-1000
0
0
2.4719101631315
-2.4719101631315
-1000
-1000
0
0
0
0
0
0
0
0
0
0
0
0
0
0
0
0
0
0
0
0
0
0
0
0
0
0
0
0
0
0
0
0.00190054500800086
0
0
0
0
0
0
0
0
0.00381213969628079
0
-1000
443.35619040112
0
0
0
0
0
0
0
0
0
0
-1000
0
0
0
0
0
0
0
0
0
0
0
0
0
1000
0
0
0
0
1000
0
0
0
0
0
0
0
0
0
0
0
0
0
0
0
0
0
0
0
0
0
0
0
0
0
0
2.45855386209416
0
0
0
0
0
0
0
0
0
0
0
0
0
0
0
0
0
0
0
0
0
0
0
0
0
0
0
0
0
0
0
0
0
0
0
0
0
0
0
0
0
0
0
0
0
0
0
0
0
0
0
0
0
0
0
0
0
0
0
0
0
0
0
0
0
0
0
0
0
0
0
0
0
0
0
0
0
0
0
0
0
0
0
0
0
0
0
0
0
0
0
0
0
0
0
0
0
0
0
0
0
0
0
0
0
0
0
0
0
0
0
0
0
0
-999.986696184944
0
0.00190054500797032
0
0.0209170447683391
0
0
-0.0133038150560196
0
1000
0
0
0
0
0.0171159547522848
0
0
0
0
0
0
0
0
0
0
0
0
0
0
0
0
0
0
0
0.00381213969628079
0.00381213969628079
0.00381213969628079
1000
-1000
0
-50.4215731181675
-671.798875739154
0
0
0
0
0
0
-1000
1000
0
0
0
0
0
0
0
0
0
0
-1000
0
999.998446036317
-0.00155396368290894
-1000
-1000
-1000
-999.398227563778
-1000
-1000
0
0
0
0
0
0
0
0
0
-1000
-1000
0
1000
0.417549001612436
0.00381213969628079
0.00381213969628079
0.00381213969628079
0.00381213969628079
0.00381213969628079
0
0
0
1000
0
0
0
0
0
0.00155396368294881
0
0
0.0112662367013788
0
0
0
0
0
0
-1000
0
0
0
0
0
0
0
1000
-999.998446036317
0
1000
0.00381213969628079
0.00381213969628079
-1000
0
0
0
0
0
0
0
0
0
250
0
0
0
0
0
0
0
0
0
0
0
0
0
0
0
0
0
0
0
0
0
0
0
0
0
0
0
0
0
0
0
0
0
0
0
0
0
-441.625657808869
0
0
0
0
0
0
0
0
0
0
-1000
0
0
0
0
0
0
0
1000
1000
-1000
-1000
-1000
-1000
1000
0
0.0228286394565684
0
0
0
0
-40.4679152033474
-1000
-959.532084796653
0
246.61918019958
0
0
0
999.977127161822
15.3757258722283
0
0
0
0
0
0.613084143830943
0.613084143830943
-98.6757737125679
-999.984795639936
0
0
0
0
0
0
0.386996635640795
0
1000
0
0
0
0
0
0
0
1000
0.00381213969628079
0
0
0
0
0
0
0
0
82.7041910171652
-1000
0
0
1000
0
0
0
1000
0
0
0
-778.261336600561
0
-1000
-250
0
0
-1000
-1000
0.0850795116414471
0
0
0
0
0
0
0
0
0
-1000
1000
-1000
1000
-1000
0
0
0
0
1000
-1000
0
0
-1000
0
0
0
0
0.000948891293965542
0
0
0
0
0
0
0
0
997.528089836869
0
1000
0
0
0
0
0
0
0
0
0
0
1000
0
-1000
-1000
164.360447704408
-1000
-1000
1000
0
0
0
0
0
0
0
0
-63.7237462368549
0
1000
0.00190054500800086
0.00190054500800086
0
-1000
-221.86623746494
-1000
277.755124340819
0
0
0
0
0
0
0
0
0
0
0
0
0
0
0
0
0
0
0
0
0
0
0
0
0
0.00381213969626515
0
0
0
0
0
0
0
0
0
0
0
0
0
0
0
0
0
0
0
0
0
0
0
0
0
0
0
0
0
0
0
0
0
0
0
0
0
0
0
0
0
0
0
0
0
0
-1000
0
-1000
0
0
0
0
0
0
-1000
0
0
0
0
0
0
0
0
0
0
0
999.943668816493
0
0
0
0
0
0
0
0
0
0
0
0
0
1000
0
0
0
-1000
0
0
0
0
0
0
0
0
0
0
0
0
0
0
0
0
0
0
0
0
0
0
0
0
0
0
0
0
0
0
0
0
0
0
0
0
0
0
0
221.679224288567
0
0
0
0
0
0
0
0
0
0
0
0
221.68077825225
0
0
0
0
0
0
0
0
0
0
0
0
0
0
0
0
0
0
0
0
0
0
0
0
0
0
0
0
0
0
0
0
0
0
0
0
0
0
0
0
0
0
0
0
0
0
0
0
0
0
0
0
0
0
0
0
0
0
0
0
0
0
0
0
0
0
0
0
0
0
0
0
0
0
0
0
0
0
0
0
0
0
0
0
0
0
0
0
0
0
0
0
0
0
0
0
0
0
0
0
0
0
0
0
0
0
0
0
0
0
0
0
0
0
0
0
0
0
0
0
0
0
0
0
0
0
0
0
0
0
0
0
0
-1000
0
0
0
0
0
0
0
0
0
0
0
0
0
0
0
0
0
0
0
0
0
0
0
401.54738961428
0
0
68.2140562809464
0
-98.4555784526175
0
1000
-1000
425.020661939434
-424.847030025949
0
-1000
0
0
-1000
0
0
0
0
1000
0.0228728381777046
0
0
0
472.357874842596
0
0
0
0
0
0
0
0
0
0
0
0
0
0
0
0
0
0
0
0
0
0
0
0
0
0
0
0
0
0
0
0
0
0
0
0
0
0
0
0
0
0
0
0
0
0
0
0
0
0
0
0
0
0
0
0
0
0
0
0
0
0
0
0
0
0
0
0
0
0
0
0
0
0
0
0
0
0
0
0
0
0
0
0
0
0
0
0
0
0
0
0
0
0
0
0
0
0
0
0
0
0
0
0
0
0
0
0
0
0
0
0
0
0
0
0
0
0
0
0
0
0
0
0
0
0
0
0
0
0
0
0
0
0
0
0
0
0
0
0
0
0
0
0
0
0
0
0
0
0
0
0
0
0
0
0
0
0
0
0
0
0
0
0
0
0
0
0
0
0
0
0
0
0
0
0
0
0
0
0
0
0
0
0
0
0
0
0
0
0
0
0
0
0
0
0
0
0
0
0
0
0
0
0
0
0
0
0
0
0
0
0
0
0
0
0
0
0
0
0
0
0
0
0
0
0
0
0
0
0
0
0
0
0
0
0
0
0
0
0
0
0
0
0
0
0
0
0
0
0
0
0
0
0
0
0
0
0
0
0
0
0
0
0
0
0
0
0
0
0
0
0
0
0
0
0
0
0
0
0
0
0
0
0
0
0
0
0
0
277.755124340819
0
0
0
0
0
0
0
0
0
0
0
-1000
0
0
0
0
0.00381213969626515
-900.870112052163
-98.6757737125679
0
0
0
0
0
0
0
0
0
0
0
0
0
0
0
0
0
0
0
0
0
0
0
0
0
0
0
0
0
0
0
0
0
0
0
0
0
0
0
0
0
0
0
0
0
0
0
0
0
0
0
0
0
0
0
0
0
0
0
0
0
0
0
0
0
0
0
0
0
0
0
0
0
0
0
0
0
0
0
0
0
0
0
0
0
0
0
0
0
0
0
0
0
0
0
0
0
0
0
0
0
0
0
0
0
0
0
0
0
0
0
0
0
0
0
0
0
0
0
0
0
0
0
0
0
0
0
0
0
0
0
0
0
0
0
0
0
0
0
0
0
0
0
0
0
0
0
0
0
0
0
0
0
0
0
0
0
993.001490747355
1000
0
0
0
0
0
0
0
1000
0.00381213969626515
0
0
-1000
1000
0
0
0
0
0
0
0
0
0
0
0
0
0
0
0
0
1000
-1000
0
0
1000
0
0
0
0
0.0266407791528492
0
0
0
0
0
0
0
0
0
0
0
0
0
0
0
0
0
0
0
0
0
0
0
0
0
0
0
0
0
0
0
0
0
0
0
0
0
0
0
0
0
0
0
0
0
0
0
0
0
0
0
0
0
0
0
0
0
0
0
0
0
0
0
0
0
0
0
0
0
0
0
0
0
0
0
0
0
0
0
0
0
0
0
0
0
0
0
0
0
0
0
0
0
0
0
0
0
0
0
0
0
0
0
0
0
0
0
0
0
0
0
0
0
0
0
0
0
0
0
0
0
0
0
0
0
0
0
0
0
0
0
0
0
0
0
0
0
0
0
0
0
0
0
0
0
0
0
0
0
0
0
0
0
0
0
0
0
0
0
0
0
0
0
0
0
0
0
0
0
0
0
0
0
0
0
0
500
92.0806689922896
0
0
-1.0306331454434
0
0
0
491.480570746346
20.3682439810945
44.521003457772
0.110496802790747
92.0806689922896
0
0
0
0
0
0
0
0
0
0
0
0
0
0
0
0
0
0
0
0
0
0
0
0
0
-778.13376253506
-1000
0
0
-1000
0
6.9817735910558
91.6901879818158
98.6757737125679
0
0
-1000
500
0
-250
0
0
-3.88490920737206
0
0
0
0
0
0
0.00381213969628079
0
0
0
0
0
0
0
0
0
0
0
0
0
0
0
0
250
0
221.679224288567
0
0
282.409741345289
-0.755226349913073
-0.0326332373418836
0
-11.3126074213153
-22.1775554622577
-45.2279942302613
-35.4665639466898
-11.0755963833626
-919.628864207841
-28.021625469091
-4.86103059677203
-33.1735388992097
-1000
-1000
0
0
0
0
-1000
-40.9926103429907
-110.174134588953
-27.9850970677018
-14.0548295963406
989.127119209424
-25.2305867273996
-36.4612147291109
974.618391767386
964.244861682335
0
1000
-1000
-1000
0
1000
1000
0
400.710582901936
-1000
0
0
0
0
0
0
1000
0
0
-1000
0
0
0
0
0
0
0
0
-0.00381213969626515
-0.00381213969626515
0
0
0
0
0
0
0
0
0
0
0
0
0
0
0
0
1000
0
0
0
0
-641.317904321937
1000
246.61918019958
-0.00381213969626515
-0.00381213969626515
-1.05069568160297
82.7003788774687
0
0
-0.00381213969626515
0
-0.00381213969626515
0
0
-500
-0.00381213969626515
0
0
0
-0.00381213969626515
0
0
0
0
0
0
0
0
1000
-1000
0
993.001490747355
0
0
0
0
0
0
0
0
0
0
0
0
-748.839714279994
999.826368086514
497.198689199281
0
0
-995.542567305
0
1000
0
0
-0.00381213969626515
0
0
0
0
-1000
0
0
0
0
0
0
0
0
0
-472.38455982047
-3.83708434951086
0
-1000
-1000
500
0
0
0
0
712.998088322481
0
0
0
2.59436916563095
0
0
0
0
0
0
-0.00381213969626515
0
500
-1000
0
995.63252639306
500
1000
0
0
755.905493759092
-999.826368086514
-364.599395300741
364.599395300741
0
641.051892429143
-641.051892429143
-34.4867261814893
0
0
0
-1000
-1000
0
0
0
0
0
0
-0.0532926079858953
0
0
0
0
917.295808982835
-287.001911677519
287.001911677519
0
0
0
0
0
0
287.001911677519
-1000
-1000
-5.82386290402303
0
0
0
0
0
0
0
0
0
0
364.599395300741
1000
0
-0.00162673319402984
-0.00155396368290894
-0.420735667158397
-1000
-0.0229209643234753
-0.111812615661279
-0.014762654987976
-0.0835255479585157
-0.044676455884769
0
0
0
52.3961507016668
0
-0.00155396368290894
0
-0.00155396368290894
-0.00155396368290894
0
0
0
-0.00155396368290894
0
0
0
-15.3757258722283
0
-0.386996635640799
-0.00155396368290894
-0.0106611643124097
0
-0.00155396368290894
-0.00155396368290894
-0.00155396368290894
-0.00155396368290894
-0.0450649468054962
0
0
0
0
0
-1000
1000
-497.198689199281
497.198689199281
-1000
1000
-0.00381213969626515
-1000
1000
-1000
1000
0
0
-1000
0
0
0
0
0
0
0
0
0
0
0
0
0
0
0
0
0
0
0
-1000
1000
1000
-1000
-1000
0.0266407791528991
-1000
1000
0
0
0
-0.00155396368290894
-0.00155396368290894
0
0
0
0
0
-425.020661939434
424.847030025949
1000
0.0228728381777046
0
0
0
472.357874842596
0
-1000
0
0
0
0
0
0
0
0
0
0
0
0
0
0
0
0
0
0
0
0
0
0
0
0
0
0
0
0
0
0
0
0
0
0
0
0
0
0
0
0
0
0
0
0
0
0
0
0
0
0
0
0
0
0
0
0
0
0
0
0
0
0
0
0
0
0
0
0
0
0
0
0
-0.00155396368290894
0
0
0
0
0
0
0
0
0
0
0
0
0
0
0
0
0
0
0
0
0
0
0
0
0
0
0
0
0
0
0
0
0
0
0
0
0
0
0
0
0
0
0
0
0
0
0
0
0
0
0
0
0
0
0
0
0
0
0
0
0
0
0
0
0
0
0
0
0
0
0
0
0
0
0
0
0
0
0
0
0
0
0
0
0
0
0
0
0
0
0
0
0
0
0
0
0
0
0
0
0
0
0
0
0
0
0
0
0
0
0
0
0
0
0
0
0
0
0
0
0
0
0
0
0
0
0
0
0
0
0
0
0
0
0
0
0
0
0
0
0
0
0
0
0
0
0
0
0
0
0
0
0
0
0
0
0
0
0
0
0
0
0
0
0
0
0
0
0
0
0
0
0
0
0
0
0
0
0
0
0
0
0
0
0
0
0
0
0
0
0
0
0
0
0
0
0
0
0
0
0
0
0
0
0
0
0
0
0
0
0
0
0
0
0
0
0
0
0
0
0
0
0
0
0
0
0
0
0
0
0
0
0
0
0
0
0
0
0
0
0
0
0
0
0
0
0
0
0
0
0
0
0
0
0
0
0
-993.001490747355
0
1000
0
0
900.870112052163
0
0
0
0
0
0
0
0
0
0
0
0
0
0
0
0
0
0
0
0
0
0
0
0
0
-1000
0
-1000
-0.00381213969626515
0
0
0
0
0
0
0
0
1000
0
0
0
0
0
-1000
0
0
0
0
0
0
0
0
0
0
0
0
0
0
0
0
0
0
0
0
0
0
0
0
0
0
0
0
0
0
0
0
0
0
0
0
0
0
0
0
0
0
0
0
0
0
0
0
0
0
0
0
0
0
0
0
0
0
0
0
0
0
0
0
0
0
0
0
0
0
0
-0.00155396368290894
-0.00155396368290894
-0.00155396368290894
-0.00155396368290894
0
-0.00155396368290894
0
0
-0.00155396368290894
-0.00155396368290894
-0.00155396368290894
-0.00155396368290894
0
-0.00155396368290894
-0.00155396368290894
-0.00155396368290894
-0.00155396368290894
-0.00155396368290894
-0.00155396368290894
-0.00155396368290894
0
-0.00155396368290894
-0.00155396368290894
-0.00155396368290894
-1000
92.0806689922895
0
0
0
0
0
0
0
0
0
0
0
0
0
