0
0
0
0
0
0
0
0
-1000
0
0
0
0
550.515723865578
0
0
1000
-1000
999.931321904322
0
0.0686780956776045
0
-1000
0.43169088711636
0
756.694266578029
446.607220939484
0
-42.2365456567534
0.0282829161635235
0
0
0
0
0
0.0378221605949142
0
0.538357300729498
0.538357300729498
41.2129449907563
0.538357300729498
0.538357300729498
0
0
0.538357300729498
19.9037328969344
0
19.9037328969344
0
19.9037328969344
0
19.9037328969344
0
19.9037328969344
0
19.9037328969344
0
0
19.9037328969344
0
0
0
0
0
0
47.6201186640484
0
0
0
0
0
0
0
1000
1000
0
0
0
0
0
0
-1000
0
0
0
0
0
0
0
0
0
0
0
0
0
0
0
0
0
1000
0
0
0
0
0
0
0
0
1000
0
0
0
0
0
0
0
0
0
0
0
0
0
0
0
0
0
0
0
0
0
0
0
1000
0
0
1000
0
0
0
0
0
0
1000
0
0
0
-17.1937484461023
0
0
0
0
-1000
0
0
0
-313.148126474461
0
0
895.610750404163
1000
1000
104.379438439312
0
0
0
-1000
104.379438439312
654.89516230489
1000
-449.484276134422
0
0
1000
0
0
0
0
0
1000
576.45624698254
0
0
0
0
0
-4.62030899438662
0
0
0
0
0
0
4.62521457264927
246.466137337309
-1000
0
0
0
503.395974184324
0
0
0
0
1000
995.374785427351
0
0
0
0
-1000
0
-999.995094421737
0.191317552244755
0
0
0
0
0
0
0
0
0
0
-753.533862662691
0
0
-1000
0
0.817598068109948
0.541794993231508
0
0
0
0.55160614975688
0.812692489847262
0
1000
0
0
0
-1000
0
0
0
0
0
0
0
0
0
0
0
0
-1000
0
1000
0
-1000
-1000
1000
997.737180021003
2.26281997899707
-1000
-5.22936063238649
-1.13561042259221
73.4052205245919
0
0
1000
1000
1000
-1000
2.7236917009456
0
0
1000
0
0.210939865295499
0
-0.210939865295472
0
0.00209412896260268
0
0
0
0
0
0
0
0
495.791333325829
0
0
0
0
0
0
0
0
1000
0
1000
0
0
0
1000
0
-0.210939865295472
0
-0.812692489847223
0
0
0.812692489847223
0
0
0
0
0
0
0
0
0.812692489847223
0
0
0
1000
0.812692489847223
0
1000
-1.13561042259221
0
0
0.00420043309361517
0
3.09230811363454
0
0
0
0
0
0
0
0
0
0
0
0
0
0
2.70897496615754
11.4040743893673
0
0
0
0
0
0
0
0
0
-418.252518584211
-1000
1000
-1000
-1000
1000
1000
-80.5427689187767
-1000
-1000
1000
-919.459325210186
1000
1000
0
0
-1000
0
0
0
0
-1000
0
-1000
-1000
-1000
-1000
1000
0
0
1000
0
0
0
0
0
0
0
1.13561042259217
-1000
1000
1000
0
1000
-1000
-1000
-1000
-1000
-1000
1000
1000
1000
0.00981115652541575
1000
-1000
-1000
1000
-1000
-1000
0
-999.187307510153
-1000
-6.59365927199053
1000
0
0
0
1000
-1000
0
0
0
-246.466137337309
0
0
0
-30.8355771865495
1000
0
0
0
-34.5639637828087
0
0
0
0
0
969.164422813451
0
0
0
0
0
0
0
0
0
0.00420043309359259
0
0
0
1000
-969.168623246544
-30.831376753456
0
30.8313767534559
0
0
0
0
0
0
0
0
0
0
0
0
37.9994432218007
0
0
0
0
0
0
0
0
0
0
0
0
0
0
0
0
0
0
0
0
0
0
0
0
0
0.299240274023848
0
0.00420043309361517
1000
1000
0.122639456567185
0.122639456567185
0
0.812692489847223
0
0
0
0
0
0.299240274023848
0
0
0
-37.9994432218006
0
0
0
0
0
0
-848.235717756793
-1000
0
0
0
0
0
0
0
0
0
0
0
0
0
0
0
0
0
0
0
0
0
0
0
0
0
0
0
0
0
0
0
0
0
0.191317552244755
0
0
0
-1000
0
2.10006841558106
0
2.10006841558106
0
0
1000
0
0
0
0
0
0
0
0
0
0
0
0
0
0
0
0
0
0
0
0
0
0
0
0
0
0
0
0
623.506659635328
0
0
0.191317552244755
0
0
0
0
0
0
0
0
0
979.830905209973
0
0
0
0
0
0
0
0
0
0
0
0
0
0
0
0
0
0
0
0
0
0
0
0
0
0
0
0
0
0
0
-1000
0
0
0
0
0
0
0
0
0
0
0
0
0
0
0
0
0
0
0
0
0
0
0
0
0
0
0
0
0
0
0
0
0
0
0
0
50.1606592313085
0
1000
0
50.1655648095712
0
0
0
0
0.887909665546175
0.887909665546175
0
1000
0
0
0
0
0
0
0
0
0
0
0
0
0
0
0
0
0
0
0
0.00420043309359259
0
0
0
0
0
-1000
0
0
0
-1000
0
0
-1000
0
0
0
0
2.55090069659674
0
0
2.55090069659674
0
0
0
0
0
0
0
0
0
0
2.55090069659674
0
2.55090069659674
0
0
0
15.217311763312
43.3774616455976
27.7269168071735
20.307800395879
30.10969872029
9.91020659318897
23.1779695184966
42.4026872265954
39.0451308944768
12.3471426406945
23.9361273999428
49.3344164283888
38.9368226256988
12.0222178343604
19.928721455156
27.6186085383955
35.7958828311361
28.9724618981208
5.30710517012306
36.1208076374702
0
0
0
0
0
0
0
0
0
0
0
0
0
0
0
0
0
0
0
0
0
0
0
0
0
0
0
0
0
0
0
0
0
0
0
0
0
0
0
0
0
0
0
0
0
0
0
0
0
0
0
0
0
0
0
0
0
0
0
0
0
0
0
0
0
0
0
0
0
0
0
0
0
0
0
0
0
0
0
0
0
0
0
0
0
246.274819785065
0
0
246.274819785065
0
0
0
0
0
-1000
0
0
0
0
-1000
-1000
1000
1000
0
0
0
0
812.960445125894
0
0
-34.5639637828087
-813.137045943351
-813.137045943351
-1000
0
-151.764282243207
848.235717756793
-100.841126852179
948.939488417617
1000
812.97025628242
1000
0.299240274023848
-812.960445125894
1000
0
-1000
-1000
-1000
0
0
0
848.235717756793
848.235717756793
151.764282243207
1000
1000
1000
0
0
0
1000
0
0
0
0
-1000
424.683563873146
1000
1000
0
500
224.921411940724
2.51469542824338
5
0
0
0
0
0
0
453.262689705117
0
0
0
0
-0.00170679627228765
0
0
0
0
-0.00170679627228765
0
423.493347820337
0
-0.00170679627228765
0.00170679627228765
-0.00170679627228765
0
0
-0.106674767019399
0
-381.468995588017
0
0.00170679627228765
-0.00170679627228765
-0.00170679627228765
0.00170679627228765
-0.00170679627228765
0.00170679627228765
-0.00170679627228765
-0.00170679627228765
-0.00170679627228765
-0.00170679627228765
-0.00170679627228765
-0.00170679627228765
-0.00170679627228765
-0.00170679627228765
-0.00170679627228765
-0.00170679627228765
-0.00170679627228765
-0.0358427217184953
-0.016822024321641
-0.0490703928289804
-0.0494970918970239
-0.0251752450166123
0.00170679627228765
0.00170679627228765
-0.0955747471685982
0.00170679627228765
0.00170679627228765
0.00170679627228765
0.00170679627228765
-0.817128715368654
-0.0123742729742844
-0.09174029963674
-0.462115090728048
-0.0290213807101054
0.00170679627228765
0.00170679627228765
0.0162145645869032
0.00170679627228765
0.00170679627228765
-0.00170679627228765
0
0
0
0
0
0
0
0
0
0
0
0
0
0
0
0
0
0
0
0
0
0
0
0
0
0
0
0
0
0
0
0
0
0
0
0
0.00615454761975798
0
0
0
0
0
0
0
0
0
0
0
0
0
0
0
0
0
0
0
0
0
0
0
0
0
0
0
0
0
0
0
0
0
0
0
0
0
0
0
1000
0
0
0
0
0
0
0
0
0
0
0
0
0
0
0
0
0
0
0
0
0
0
0
0
0
0
0
0
0
0
0
0
0
0
0
0
0
0
0
0
0
0
0
0
0
0
0
0
0
0
0
0
0
0
0
0
0
0
0
0
0
0
0
0
0
0
0
0
0
0
0
0
619.82841551734
0
0
0
0
0
0
0
0
0
0
0
0
0
0
0
0
0
0
0
0
0
0
0
0
0
0
0
0
0.00170679627231044
0.00170679627231044
151.770189472573
0
544.24153340367
0.660956856452216
0
0
618.532711208255
0.00170679627231044
0
0
0
0
0
0
0
0
0
0
0
0
0
0
0
0
0
0
0
0
0
0
0
0
0
0
0
0
0
0
0
0
0
0
0
0
0
0
0
0
0
0
0
0
0
0
0
0
0
0
0
0
0
0
0
0
0
0
0
0
0
0
0
0
0
0
0
0
0
0
0
0
0
0
0
0
0
0
0
0
0
0
0
0
0
0
0
0
0
0
0
0
0
0
0
0
0
0
0
0
0
0
0
0
0
0
0
0
0
0
0
0
0
0
0
0
0
0
0
0
0
0
0
0
0
0
0
0
0
0
0
0
0
0
0
0
0
0
0
0
0
0
0
0
0
0
0
0
0
0
0
0
0
0
0
0
0
0
0
0
0
0
0
0
0
0
0
0
0
0
0
0
0
0
0
0
0
0
0
0
0
0
0
0
0
0
0
0
0
0
0
0
0
0
0
0
0
0
0
0
0
0
-1000
0
0
0
0
0
0
0
0
0
0
0
0
0
0
0
0
0
0
0
0
0
0
438.971091975324
2.17560417485277
0
0
0
0
0
0
0
0
0
0
0
0
0
0
0
0
0
0
0
0
0
0
0
0
0
0
0
0
0
0
0
0
0
0
0
0
0
0
0
0
0
0
0
0
0
0
0
0
0
0
0
0
0
0
0
0
0
0
0
0
0
0
0
0
0
0
0
0
0
0
0
0
0
0
0
0
0
0
0
0
0
0
0
0
0
0
0
0
0
0
0
0
1000
1000
0
0
0
0
0
0
0
0
0
0
0
0
0
0
0
0
0
0
0
0
0
0
0
0
0
-1000
0
-1000
0
0
0
0
0
0
0
0
0
0
0
1000
1000
0
0
0
0
0
0
0
0
0
0
0
0
0
0
0
0
0
0
0
0
0
0
0
0
0
0
0
0
0
0
0
0
0
0
0
0
0
0
0
0
0
0
0
0
0
0
0
0
0
0
0
0
0
0
0
0
0
0
0
0
0
0
0
0
0
0
0
0
0
0
0
0
0
0
0
0
0
0
0
0
0
0
0
0
0
1000
54.1419571914289
0
0
0.00170679627228765
0
1000
0
0
151.768482676301
0
546.67373213374
544.239826607397
423.493347820337
0
0
0
0.00615454761975798
0.659250060179943
0
0
1000
0
0
0
0
0
0
0
0
0
0
0
0
0
-1000
0.00615454761975798
0
0
0
-0.0230475937570418
0
0
0
0
0
0
0
0.0230475937570418
0
0
0
0
0
453.262689705117
-1000
1000
-453.262689705117
-453.262689705117
0
-1000
1000
-0.0252025985615774
0
0
0.00170679627228765
-0.00170679627228765
0
0
151.830354041172
-151.830354041172
1000
0
0
0
-151.768482676301
-151.768482676301
1000
0
-453.32626786626
-546.67373213374
-1000
0
-576.506652179663
-423.493347820337
-1000
0
0
0
0
0
-1000
0
-1000
0
0
0
0
0
-1000
0
0
0
-1000
0
0
0
-1000
0
0
0
0
0
0
0
0
0
0
0
0
0
0
0
0
0
0
0
-1000
1000
-1000
0
-423.518550418898
0
-1000
0
-1000
0
0
0
0
0
0
0
0
0
-1000
0
1000
0
-1000
0
-1000
0
-1000
0
-1000
0
0
0
0
0
0
0
0
0
0
-1000
0
0
0
0
0
0
0
0
0
0
0
0
0
0
0
0
0
0
0
0
0
0
0
0
0
0
0
0
0
0
0
0
0
0
0
0.00615454761975798
-0.00615454761975798
0
0
0
0
0
0
0
0
0
0
0
0
0
0
0
0
0
0
0
0
0
0
0
0
0
0
0
0
0
0
0
0
0
0
0
0
0.00615454761975798
-0.00615454761975798
0
0
0
0
0
0
0.0230475937570418
0.0230475937570418
0
0
0
0
0
0
0
0
0
0
0
0
0
0
0
0
-0.0230475937570418
-0.0230475937570418
0
0
0
0
0
0
0
0
0
0
0
0
0
0
0
0
0
0
0
0
0
0
0
0
0
0
0
0
0
0
0
0
0
0
0
0
947.973880096408
0
0
0
0
0
0
0
1.37574938547233
0.00420043309359259
0
0
0
0
0
0
0
0
0.173098427350639
0
0
0
0
0
0
0
0
0
0
0
0
0
0
0
0
0
0
0
0
0
0
0
0
0
0
0
0
0
0
0
0
0
0
0
0
0
0
0
0
0
0
0
0
0
0
0
0
0
0
0
0
0
0
0
0
0
0
0
0
0
0
0
0
0
0
0
0
0
0
0
0
0
0
0
0
0
0
0
0
0
0
0
0
0
0
0
0
0
0
0
0
0
0
0
0
0
0
0
0
0
0
0
0
0
0
0
0
0
0
0
0
0
0
0
0
0
0
0
0
0
453.32626786626
453.32626786626
453.32626786626
0
301.495913825088
301.495913825088
301.495913825088
0
453.262689705117
453.262689705117
453.262689705117
0
453.262689705117
453.262689705117
453.262689705117
0
0
0
0
0
0
0
0
0
0
0
0
0
0
0
0
0
0
0
0
0
0
0
0
0
0
0
0
0
0
0
0
0
0
0
0
0
0
0
0
0
0
0
0
0
0
0
0
0
0
0
0
0
0
0
0
0
0
0
0
0
0
0
0
0
0
0
0
0
0
0
0
0
0
0
0
0
0
0
0
0
0
0
0
0
0
0
0
0
0
0
0
0
0
0
0
0
0
0
0
0
0
0
0
0
0
0
0
0
0
151.768482676301
151.768482676301
151.768482676301
151.768482676301
-151.768482676301
0
0
0
0
0
0
0
0
0
0
0
0
0
0
0
0
0
0
0
0
0
0
0
0
0
0
0
0
0
0
0
0
0
0
0
0
0
0
0
0
0
0
0
0
0
0
0
0
0
0
0
0
0
0
0.00420043309359259
0.00420043309359259
0.00420043309359259
0.00420043309359259
0.00420043309359259
0
0
0
0
0
0
0
0
0
0
0
0
0
0
0
0
0
0
0
0
0
0
0
0
0
0
0
0
0
0
0
0
0
0
0
0
0
0
0
0
0
0
0
0
0
0
0
0
0
17.1937484461022
17.1937484461022
-17.1937484461023
5.72144847148236
-2.85862401919439
2.85862401919439
2.85862401919439
2.85862401919439
0
0
0
0
0
0
0
0
0
0
0
0
0
0
0
0
0
0
0
0
2.85862401919439
0
2.85024750334397
2.85862401919439
2.85862401919439
2.85862401919439
2.85862401919439
2.85862401919439
2.85862401919439
2.85862401919439
2.85862401919439
2.85862401919439
2.85862401919439
2.85862401919439
2.85862401919439
2.85862401919439
2.85862401919439
2.85862401919439
2.85862401919439
17.1937484461022
17.1937484461022
5.72144847148236
5.72144847148236
0
0
0
0
0
0
0
0
0
0
0
0
0
0
0
0
0
0
0
0
0
0
0
0
0
0
0
0
0
0
0
0
0
0
0
0
0
0
0
0
0
0
0
0
0
0
0
0
0
0
0
0
0
0
0
0
0
0
0
0
0
0
0
0
0
0
0
0
0
0
0
0
0
0
0
0
0
0
0
0
0
0
0
0
0
0
0
0
0
0
0
0
0
0
0
0
0
0
0
0
0
0
0
0
0
0
0
0
0
0
0
0
0
0
0
0
0
0
0
0
0
0
0
0
0
0
0
0
0
0
0
0
0
0
0
0
0
0
0
0
0
0
0
0
0
0
0
0
0
0
0
0
0
0
0
0
0
0
0
0
0
0
0
0
0
0
0
0
0
0
0
0
0
0
0
0
0
0
0
0
0
0
0
0
0
0
0
0
0
0
0
0
1.37574938547233
1.39147970302862
1.39147970302862
0
0
0
0
-1.39147970302861
1.39147970302862
0
0
0.0157303175562946
0
0
0
0
0
0
0
0
0
0
0
0
0
0
0
0
0
0
0
0
0
0
0
0
0
0
0
0
0
0
0
0
0
0
0
0
0
0
0
0
0
0
0
0
0
0
0
0
0
0
0
0
0
0
0
0
0
0
0
0
0
0
0
0
0
0
0
0
0
0
0
0
0
0
0
0
0
0
0
0
0
0
0
0
0
0
0
0
0
0
0
0
0
0
0
0
0
0
0
0
0
0
0
0
0
0
0
0
0
0
0
0
0
0
0
0
0
1.37574938547233
0.00420043309359259
0
0
0
0
0
0
0
1.81114152377842
0
0
0
1.13561042259217
1.13561042259217
1.13561042259217
0
0
0
0
0
0
1.55304824591656
0
0
0
0.00420043309359259
0
0
0
0
-1.55304824591656
1.55304824591656
0
0
0
0
0.42641498081524
0
0
0
0
0
0.269623162324558
0
0.258093277861856
0
0
0
0
0
0
0
0
0
0
12.6622806408399
12.6622806408399
12.6622806408399
0
0
0
0
-0.173098427350624
0
0
0
0
0
0
0
0
0
0
0
0
0
0
0
0
0
0
0
0
0
0
0
0
0
0
0
0
0
0
0
0
0
0
0
0
0
0
0
0
0
0
0
0
0
0
0
0
0
0
0
0
0
0
0
0
0
0
0
0
0
0
0
0
0
0
0
0
0
0
0
0
0
0
0
0
0
0
0
0
0
0
0
0
0
0
0
0
0
0
0
0
0
0
0
0
0
0
0
0
0
0
0
0
0
0
0
0
0
0
0
0
0
0
0
0
0
0
1000
0
0
1000
1000
0
0
0
0
0
0
0
0
0
0
0
0
0
0
0
0
0
0
0
0
0
0
0
0
0
0
0
0
0
0
0
0
0
0
0
0
0
0
0
0
0
0
0
0
0
0
0
0
0
0
0
0
0
0
0
0
0
0
0
0
0
0
0
0
0
0
0
0
0
0
0
0
0
0
0
0
0
0
0
0
0
0
0
0
0
0
0
0
0
0
0
0
0
0
0
0
0
0
0
0
0
0
0
0
0
0
0
0
0
0
0
0
0
0
0
0
0
0
0
0
0
0
0
0
0
0
0
0
0
0
0
0
0
0
0
0
0
0
0
0
0
0
0
0
0
0
0
0
0
0
0
0
0
0
0
0
0
0
0
0
0
0
0
0
0
0
0
0
0
0
0
0
0
0
0
0
0
0
0
0
0
0
0
0
0
0
0
0
0
0
0
0
0
0
0
0
0
0
0
0
0
0
0
0
0
0
0
0
0
0
0
0
0
0
0
0
0
0
0
0
0
0
0
0
0
0
0
0
0
0
0
0
0
0
0
0
0
0
0
0
0
0
0
0
0
0
0
0
0
0
0
0
0
0
0
0
0
0
0
0
0
0
0
0
0
0
0
0
0
0
0
0
0
0
0
0
0
0
0
0
0
507.45176198285
0
0
507.45176198285
0
0
0
0
0
0
0
0
0
0
0
0
0
0
0
0
0
0
0
0
0
0
0
0
0
0
0
0
0
1000
0
0
0
0
0
0
0
0
0
0
0
0
0
0
0
0
0
0
0
0
0
0
0
0
0
0
0
0
0
0
0
0
0
0
0
0
0
0
0
0
0
0
0
0
0
0
0
0
0
0
0
0
0
0
0
0
0
0
0
0
0
0
0
0
0
0
0
0
0
0
0
0
0
0
0
0
0
0
0
0
0
0
0.191317552244755
0.191317552244755
0
0
0
0.191317552244755
0
0.191317552244755
-246.274819785065
0
0
0
0.0294334695761162
0
1000
0
0
0
0
0
0
246.274819785065
0
0
0
0
1.15771646999431
0
0
0
0
0
0
1.15771646999431
0
1.15771646999431
1.15771646999428
0
0
0
0
0
0
0
0
0
0
0
0
0
0
0
0
0
0
0
0
0
0
0
0
0
0
0
0
0
0
0
0
0
0
0
0
0
401.089993978407
401.089993978407
0
0
0
0
0
0
0
0
0
0
0
0
0
0
0
0
0
0
0
0
0
0
0
0
0
0
0
0
0
0
0
0
0
0
0
0
0
0
0
0
0
0
0
0
0
0
0
0
1000
1000
0.812692489847223
0
0
0
-1000
1000
1000
0
1000
0
0
1000
0
0
0
0
0
0
0
0
0
0
0
0
0
0
0
0
0
0
0
0
0
0
0
0
0
0
0
0
0
0
0
0
0
0
0
0
0
0
0
0
0
-1000
0
0
0
0
0
0
0
0
0
0
0
0
0
0
0
0
0
-999.995799566906
-1000
1000
-1000
1000
999.995799566906
-1000
0
0
0
0
0
0
0.00420043309361517
0
0
0
0
0
0
0
0
0
0
0
0
0
0
0
0
0
0
0
0
0
0
0.00314119344390403
0.00420043309359259
0.011529884462702
1000
0.00209412896260268
0.00209412896260268
0.00420043309361517
0
0.00104706448130134
0.00209412896260268
0.0178244465188929
-0.00209412896265349
0.00209412896260268
0.00209412896260268
0.00209412896260268
0.00209412896260268
0.00209412896260268
-0.00209412896265349
-0.00418825792519328
0.00209412896260268
0.00209412896260268
0.00209412896265349
0.00209412896260268
-20.1938296592036
-0.00629456205615497
20.191735530241
0.00420043309361517
0.00209412896260268
0.00209412896260268
0.00420043309359259
0.00420043309359259
-0.00420043309361517
-0.00420043309361517
0.00420043309361517
0.00420043309361517
0.00209412896260268
0.00209412896260268
0.00209412896260268
0.00209412896260268
-0.00629456205615497
-999.984269682444
0
0
0
0
0
0
-1000
0
0
0
0.00420043309359259
0
0
0
0
0.0021002165467963
0.00420043309361517
0.00420043309361517
0
0
0.00420043309359259
0.00420043309359259
0
0
0
0
0
0
0.00837651585041073
0.00209412896260268
0.00628238688780805
0.00209412896260268
-0.00209412896265349
0.00209412896260268
0.00209412896260268
0.00209412896260268
0.00209412896260268
0.00209412896260268
0.00209412896260268
0.00418825792520537
0.00209412896260268
0.00209412896260268
0.00209412896260268
0.00209412896260268
0.00209412896260268
0
0.00209412896260268
0.00420043309359259
0
0.00420043309359259
0
0.00420043309359259
0.00420043309359259
0.00420043309359259
0.00420043309359259
0.00420043309359259
0.00420043309359259
0
0.00420043309359259
0
0.00420043309359259
0.00420043309359259
0.00420043309359259
0.00420043309359259
0.00420043309359259
0
0
0
0
0
0
0
0
0
0
0
0
0
0
0
0
-0.00420043309361517
0.00420043309359259
0.00420043309359259
0
0
0
0
0
0
0
0
0
0
0
0
0
0
0
0
0
0
0
0
0
0
0
0
0
0
0
0
0
0
0
0
0
0
0
0
0
0
0
0
0
0
0
0
0
0
0
0
0
0
0
0
0
0
0
0
0
0
0
0
0
0
1000
0
0
0
0
0
0
0.00420043309359259
0
0
0
0
0
0
0
0
0
0
0
0
0
0
0
0
0
0
0
0
0
0
0
0
0
0
-1000
0
0
0
-453.262689705117
0
0
0
0
0
0.00170679627231044
0
0
0
0
0
0
0
0
0
0.00170679627231044
0
0
0
0
0
0
0
0.00170679627231044
0
0.00170679627231044
0
0.00170679627231044
0
0
0
0
0
0.106674767019402
0
0
0
1.2974111053573
0
0
0
0.00170679627231044
0
0.00170679627231044
0
0.00170679627231044
0
0.00170679627231044
0
0.00170679627231044
0
0.00170679627231044
0
0.00170679627231044
0
0.00170679627231044
0
0.00170679627231044
0
0.00170679627231044
0
0.00170679627231044
0
0.00170679627231044
0
0.00170679627231044
0
0.00170679627231044
0
0.00170679627231044
0
0.00170679627231044
0
0.00170679627231044
0
0.0358427217185191
0
0.0168220243216824
0
0.049070392828925
0
0.0494970918970026
0
0.0251752450165789
0
0.00170679627231044
0
0.00170679627231044
0
0.0955747471685585
0
0.00170679627231044
0
0.00170679627231044
0
0.00170679627231044
0
0.00170679627231044
0
0.817128715368621
0
0.0123742729742507
0
0.0917402996366859
0
0.46211509072805
0
0.0290213807101033
0
0.00170679627231044
0
0.00170679627231044
0
0.0162145645869491
0
0.00170679627231044
0
0.00170679627231044
0
0.00170679627231044
0
0
-1000
0
0
0.0157303175562902
1000
-1000
0
0
0
0
-1000
-1000
-860.673869721459
0
1.15771646999431
-753.729380648029
1000
246.466137337309
0
399.53694573249
1000
-1000
-1000
0
0
1000
0
0
0
0
0
-6.41706454211794
1000
0
0
0
0
-1000
1000
-37.9994432218006
-0.00420043309361517
0
0
0
0
-4.22791853622675
11.1660029829047
0
0
0
0
0
20.4703731138275
1000
1000
-1000
-1000
-0.00420043309361517
0
1000
1000
0
-1000
0
0
1000
1000
-1000
1000
0
1000
0
0
-1000
1000
447.630480376167
1000
0
0
0
0
0
-503.086644123845
0
0
0
0
0
0
0
0
0
1000
0
0
0
144.341237648564
0
0
0
0
999.789060134705
0
0
0
1000
0
0
0
0
0
0
1000
0
0
0
-1000
-1000
1000
-1000
1000
-1000
-1000
-1000
-905.296457151363
-1000
-1000
-1000
1000
-96.8791470234897
-1000
-1000
-1000
-1000
-1000
1000
-1000
-1000
-44.8687574374542
1000
1000
1000
1000
1000
1000
-1000
-1000
1000
-1000
0
-1000
-1000
1000
-1000
-1000
-1000
-1000
1000
-1000
-1000
-959.890916651071
-1000
-1000
-1000
-1000
-1000
-1000
-1000
-1000
1000
-1000
-1000
-1000
-1000
-1000
-1000
-1000
-1000
-110.175838148885
-1000
1000
-1000
-1000
-370.945861859678
-1000
-1000
1000
-1000
-1000
1000
1000
-1000
-1000
-1000
-1000
1000
-1000
-1000
40.1090833489286
-1000
15.4864134225907
1000
-1000
1000
-1000
1000
1000
1000
-1000
-343.479087817044
1000
1000
1000
1000
-1000
-1000
1000
-1000
1000
-1000
997.13552784159
1000
-1000
-1000
-1000
1000
1000
314.592393309933
965.965114643864
-963.447501475413
1000
1000
177.604162937515
-1000
-1000
-1000
-1000
-71.0967537535687
-889.824161851115
68.8308199752564
941.36812276543
-1000
-1000
-1000
0
0
0
0
0
0
0
0
0
0
0
0
0
0
0
0
0
0
0
0
0
0
0
0
0
0
0
0
0
0
0
0
0
0
0
0
0
0
0
0
0
0
0
0
0
0
0
0
0
0
0
0
0
0
0
0
0
0
0
0
0
0
0
0
0
0
0
0
0
0
0
0
0
0
0
0
0
0
0
0
0
0
0
0
0
0
0
0
0
0
0
0
0
0
0
0
0
0
0
0
0
0
0
0
0
0
0
0
0
0
0
0
0
0
0
0
0
0
0
0
0
0
0
0
0
0
0
0
0
0
0
0
0
0
0
0
0
0
0
0
0
0
0
0
0
0
0
0
0
0
0
0
0
0
0
0
0
0
0
0
0
0
0
0
0
0
0
0
0
0
0
0
0
0
0
0
0
0
0
0
0
0
0
0
0
0
0
0
0
0
0
0
0
0
0
0
0
0
0
0
0
0
0
0
0
0
0
0
0
0
0
0
0
0
0
0
0
0
0
0
0
0
0
0
0
0
0
0
0
0
0
0
0
0
0
0
0
0
0
0
0
0
0
0
0
0
0
0
0
0
0
0
0
0
0
0
0
0
0
0
0
0
0
0
889.824161851115
0
0
0
0
0
0
0
0
0
0
0
0
0
0
0
0
0
0
0
0
0
0
0
0
0
0
0
0
0
0
0
0
0
0
0
0
0
0
0
0
0
0
0
0
0
0
0
0
0
0
0
0
0
0
0
0
0
0
0
0
-1000
1000
1000
1000
1000
1000
1000
1000
-1000
-1000
0
-1000
1000
1000
1000
1000
-1000
-1000
1000
-1000
1000
1.96713688333716
1000
19.354768798422
-1000
-1000
-1000
-1000
1000
1000
-1000
-1000
0
-1000
-1000
1000
1000
-1000
-1000
-1000
-979.753744065721
-1.96713688333716
-1000
-1000
-1000
1000
1000
1000
-1000
-1000
-1000
-1000
-1000
-1000
-1000
0
0
0
0
0
0
1000
0
0
0
-1000
0
0
0
0
0
0
0
0
0
0
-1000
-1000
0
0
0
0
0
0
1000
1000
0
0
0
0
954.580615313374
0
0
0
0
-0.00420043309361517
0.00420043309359259
0
0
-0.00420043309361517
-0.00420043309361517
0
0
0
0
0
1000
0
0
0
0
0
0
0
0
0
0
0
0
0
0
0
0
0
0
0
0
0
0
0
0.00420043309359259
0
0
1000
1000
11.1660029829047
-0.00420043309361517
1000
0
0
0
0
-0.00420043309361517
0.426414980815252
0
0
0
0
246.274819785065
0
0
0
0
0
0
0
0
0
0
0
0
0
0
0
0
-19.9037328969343
19.9037328969343
0.00420043309359259
0
0
0
0
-490.127272447624
0
0
0
0
0
0
-1000
0
1000
0
0
0
0
0
0
0
0
0
0
0
0
0
0
0
0
0
0
0
0
0
0
0
0
0
0
0
0
0
0
0
0
0
0
0
0
0.00420043309359259
0
0
0
0
0
1000
0
1000
0
0
2.27122084518433
0
0
0
0
0.00628238688780805
1000
0
-30.831376753456
0
0
0
0
0
0
0
0
0
0
0
0
0.00420043309361517
1000
-1000
-1000
1000
0
1000
0
0
-100.703770660824
0
0
-1000
1000
997.728779154816
1000
0
0
0
0
0.166789660931272
1000
0
0
0
0
0
0.00420043309361517
0
0
1000
0
0
0
0
30.8355771865494
0
0
0
0
0
-1000
0
-1000
1000
0
0
0
0
0
0
0
0
0
0
0
-151.931071904139
151.764282243207
0
0
15.4125471832841
984.581170429828
0
0
0
0
0
0
0
0
1000
0
0
0
0
0
0
0
0
0
0
0
0
0
0
1.13561042259217
0
0.00420043309359259
-0.00420043309361517
0.00420043309359259
0.00420043309359259
0
0
1000
-1000
0.00420043309361517
580.343700577705
0
0
1.13561042259221
0
0
-0.0126012992807318
1000
-1000
-1000
1000
1000
-1000
0
0
-1000
-1000
997.737180021003
997.737180021003
0
0
0
0
0
0
0
0
0
0
0
0
0
0
0
0
0
0
0
0
0
0
0
0
0
2.26281997899707
0
0
0
0
0
0.00209412896260268
0
0
0
0
0
0
0
0
0.00420043309359259
-1000
100.703770660824
0
0
0
0
0
0
0
0
0
0
0
0
0
0
0
0
0
0
0
0
0
0
0
0
1000
0
0
0
0
0
0
0
0
0
0
0
0
0
0
0
0
0
0
0
0
0
0
0
0
0
0
0
0
0
0
0
0
2.7089749661576
0
0
0
0
0
0
0
0
0
0
0
0
0
0
0
0
0
0
0
0
0
0
0
0
0
0
0
0
0
0
0
0
0
0
0
0
0
0
0
0
0
0
0
0
0
0
0
0
0
0
0
0
0
0
0
0
0
0
0
0
0
0
0
0
0
0
0
0
0
0
0
0
0
0
0
0
0
0
0
0
0
0
0
0
0
0
0
0
0
0
0
0
0
0
0
0
0
0
0
0
0
0
0
0
0
0
0
0
0
0
0
0
0
-999.971717083836
0
0.00209412896265349
0
0.0230475937570418
0
0
-0.0282829161635618
0
1000
0
0
0
0
0.00523532240652003
0
0
0
0
0
0
0
0
0
0
0
0
0
0
0
0
0
0
0
0.00420043309359259
0.00420043309359259
0.00420043309359259
1000
-1000
0
-1000
-1000
0
0
0
0
0
0
-1000
-969.168623246544
0
0
0
0
0
0
0
0
0
0
-1000
0
1000
0
-1000
-1000
-0.659250060179943
0
-1000
-1000
0
0
0
0
0
0
0
0
0
0
-1000
0
1000
0.460079321405917
0.00420043309359259
0.00420043309359259
0.00420043309359259
0.00420043309359259
0.00420043309359259
0
0
0
1000
0.0934470959089963
0
0
0
0
0
0
0
0
0
0
0
0
0
0
-1000
0
0
0
0
0
0
423.518550418898
-1000
0
1000
1000
1000
-380.17158448266
0
0
0
0
0
0
0
0
0
0
0
0
0
0
0
0
0
0
0
0
0
0
0
0
0
0
0
0
0
0
0
0
0
0
0
0
0
0
0
0
0
0
0
0
0
0
0
1000
0
0
0
0
0.538357300729498
0
0
0
0
-1000
0
0
0
0
0
0
0
0
1000
-1000
-1000
-1000
-1000
1000
0
0.011529884462702
0
0
0
0
1000
-1000
-1000
0
246.274819785065
0
0
0
999.974797401439
17.3682673097647
0
0
0
0
0.675531101186249
0.675531101186249
0
-999.969622954874
0
0
0
0
0
0
0
0
1000
0
0
0
0
0
0
0
1000
0.00420043309359259
0
0
0
0
0
0
0
0
-1000
-1000
0
0
1000
0
0
0
1000
0
0
0
-546.67373213374
0
-1000
0
0
0
-1000
-1000
0
0
0
0
301.494207028816
301.495913825088
1000
453.262689705117
0
0
0
0
-1000
1000
-750
0
0
0
0
964.901328186558
-1000
0
0
-1000
0
0
0
0
0.00615454761974219
0
0
0
0
0
0
0
0
0
0
0
0
0
0
0
0
0
0
0
0
0
0
1000
0
-1000
-1000
848.235717756793
-1000
-1000
1000
0
0
0
0
0
0
0
0
-1000
0
0
-1000
0.00209412896260268
0.00209412896260268
0
-950.165214588817
1000
1000
-507.45176198285
-507.45176198285
423.493347820337
0
0
0
0
0
0
0
0
0
0
0
0
0
0
0
0
0
0
0
0
0
0
0
0
0
-0.0230475937570418
0
0
0
0
0
0
0
0
0
0
0
0
0
0
0
0
0
0
0
0
0
0
0
0
0
0
0
0
0
0
0
0
0
0
0
0
0
0
0
0
0
0
0
0
0
-1000
0
-1000
0
0
0
0
0
-1000
0
0
0
0
0
0
0
0
0
0
0
848.169645958828
0
0
0
0
0
0
0
0
0
0
0
0
0
1000
0
0
0
0
0
0
0
0
0
0
0
0
0
0
0
0
0
0
0
0
0
0
0
0
0
0
0
0
0
0
0
0
0
0
0
0
0
0
0
0
0
0
0
0
0
0
0
0
0
0
0
0
0
0
0
0
0
0
0
0
0
0
0
0
0
0
0
0
0
0
0
0
0
0
0
0
0
0
0
0
0
0
0
0
0
0
0
0
0
0
0
0
0
0
0
0
0
0
0
0
0
0
0
0
0
0
0
0
0
0
0
0
0
0
0
0
0
0
0
0
0
0
0
0
0
0
0
0
0
0
0
0
0
0
0
0
0
0
0
0
0
0
0
0
0
0
0
0
0
0
0
0
0
0
0
0
0
0
0
0
0
0
0
0
0
0
0
0
0
0
0
0
0
0
0
0
0
0
0
0
0
0
0
0
0
0
0
0
0
0
0
0
0
0
0
0
0
0
0
0
0
0
-1000
0
0
0
0
0
0
0
0
0
0
0
0
0
0
0
0
0
0
0
0
0
0
0
0
104.38270882482
104.38270882482
0
104.379438439312
0
376.493340364672
-1000
623.697977187572
0
-1000
0
0
-1000
0
0
0
0
945.858042808571
0.0252025985615774
0
0
0
0
0
0
0
0
0
0
0
0
0
0
0
0
0
0
0
0
0
0
0
0
0
0
0
0
0
0
0
0
0
0
0
0
0
0
0
0
0
0
0
0
0
0
0
0
0
0
0
0
0
0
0
0
0
0
0
0
0
0
0
0
0
0
0
0
0
0
0
0
0
0
0
0
0
0
0
0
0
0
0
0
0
0
0
0
0
0
0
0
0
0
0
0
0
0
-1000
0
0
0
0
0
0
0
0
0
0
0
0
0
0
0
0
0
0
0
0
0
0
0
0
0
0
0
0
0
0
0
0
0
0
0
0
0
0
0
0
0
0
0
0
0
0
0
0
0
0
0
0
0
0
0
0
0
0
0
0
0
0
0
0
0
0
0
0
-493.89813788496
0
0
0
0
0
0
0
0
0
0
0
0
0
0
0
0
0
0
0
0
0
0
0
0
0
0
0
0
0
0
0
0
0
0
0
0
0
0
0
0
0
0
0
0
0
0
0
0
0
0
0
0
0
0
0
0
0
0
0
0
0
0
0
0
0
0
0
0
0
0
0
0
0
0
0
0
0
0
0
0
0
0
0
0
0
0
0
0
0
0
0
0
0
0
0
0
0
0
0
0
0
0
0
0
0
0
0
0
-1000
-493.89813788496
0
0
0
0
0
0
0
0
0
0
0
0
0
423.493347820337
0
0
0
0
0
0
0
0
0
0
0
-1000
0
0
1.15771646999431
0
0.00420043309361517
-979.330536227179
0
0
0
0
0
0
0
0
0
0
0
0
0
0
0
0
0
0
0
0
0
0
0
0
0
0
0
0
0
0
0
0
0
0
0
0
0
0
0
0
0
0
0
0
0
0
0
0
0
0
0
0
0
0
0
0
0
0
0
0
0
0
0
0
0
0
0
0
0
0
0
0
0
0
0
0
0
0
0
0
0
0
0
0
0
0
0
0
0
0
0
0
0
0
0
0
0
0
0
0
0
0
0
0
0
0
0
0
0
0
0
0
0
0
0
0
0
0
0
0
0
0
0
0
0
0
0
0
0
0
0
0
0
0
0
0
0
0
0
0
0
0
0
0
0
0
0
0
0
0
0
0
0
0
0
0
1000
0
0
0
1000
988.838197450189
0
0
0
0
0
0
0
0
0.00420043309361517
0
0
11.1618025498111
0
0
455.760173392603
0
0
0
0
0
0
20.1875350971474
0
0
0
0
0
0
0
0
0
0
1000
0
-1000
0
0
1000
0
0
0
0
0.0157303175562946
0
0
0
0
0
0
0
0
0
0
0
0
0
0
0
0
0
0
0
0
0
0
0
0
0
0
0
0
0
0
0
0
0
0
0
0
0
0
0
0
0
0
0
0
0
0
0
0
0
0
0
0
0
0
0
0
0
0
0
0
0
0
0
0
0
0
0
0
0
0
0
0
0
0
0
0
0
0
0
0
0
0
0
0
0
0
0
0
0
0
0
0
0
0
0
0
0
0
0
0
0
0
0
0
0
0
0
0
0
0
0
0
0
0
0
0
0
0
0
0
0
0
0
0
0
0
0
0
0
0
0
0
0
0
0
0
0
0
0
0
0
0
0
0
0
0
0
0
0
0
0
0
0
0
0
0
0
0
0
0
500
101.459736560208
0
0
-1.13561042259221
0
0
541.541343890108
22.4428937271179
49.0557826268603
0.121751683872249
101.459736560208
0
0
0
0
0
0
0
0
0
0
0
0
0
0
0
0
0
0
0
0
0
0
0
0
0
1000
-1000
0
0
-1000
0
0
0
969.164422813451
0
-848.239918189886
0
0
0
0
-4.26699068077608
0
0
20.2263495339658
0
0
0.0136240134253047
0
0.00420043309359259
0
0
0
0
0
0
0
0
0
0
0
0
0
0
0
0
453.262689705117
0
0
0
0
20.4861034313838
-0.817128715368654
-0.0358427217184953
0
-12.4648765189988
-518.334634267697
-1000
-39.0790843953166
-1000
-1000
-30.8758262640429
-5.35616095274986
-36.5524985245866
-1000
-1000
0
0
0
0
-1000
-44.8687574374542
-20.3666673350313
-1000
-15.4864134225907
988.019639379957
-989.801057259313
1000
2.86447215840974
-40.1090833489286
0
-144.341237648564
-1000
0
0
1000
0
0
999.789060134704
-1000
0
0
0
0
0.426414980815252
0
1000
931.169180024744
0
0
0
0
0
0
0
0
0
0
0
0
0
0
-0.00420043309361517
-0.00420043309361517
0
0
0
0
0
0
0
0
0
0
0
0
0
0
0
0
0
998.032863116663
0
0
0
0
-860.673869721459
1000
246.274819785065
-0.00420043309361517
-0.00420043309361517
-1.15771646999428
-1000
0
0
-0.00420043309361517
0
-0.00420043309361517
0
0
0
-0.00420043309361517
0
0
1000
-0.00420043309361517
0
0
0
0
0
0
0
0
0
0
0
1000
0
0
0
0
0
1000
0
0
0
0
0
0
0
0
246.270619351971
0
0
0
-980.645231201578
0
1000
0
0
-0.00420043309361517
0
0
0
0
-1000
0
0
0
0
0
0
0
0
-37.9994432218006
0
-490.127272447624
-4.22791853622675
0
-1000
-1000
0
0
0
0
0
0
0
0
0
2.85862401919439
0
0
0
0
0
0
-1000
0
0
0
0
1000
1000
246.466137337309
0
0
399.53694573249
753.725180214935
-438.971091975324
436.795487800471
2.17560417485277
19.9037328969343
0
0
0
0
0
-1000
-1000
0
0
0
0
0
0
-20.2462559342792
0
0
0
0
0
999.995799566906
-1000
1000
0
0
0
0
0
0
1000
-1000
-1000
-6.41706454211794
0
0
-19.9037328969343
0
0
0
0
0
0
0
438.971091975324
1000
0
0
-0.0290213807101054
-0.00170679627228765
-0.462115090728048
-503.086644123845
-0.0251752450166123
-0.0955747471685982
-0.0162145645869032
-0.09174029963674
-0.0490703928289804
-1.29741110535724
0
0
0
0
-0.00170679627228765
-1000
-0.00170679627228765
-0.00170679627228765
-0.00170679627228765
-0.0123742729742844
0
-0.00170679627228765
0
0
0
-17.3682673097647
0
0
-0.00170679627228765
-0.016822024321641
0
-0.00170679627228765
-0.00170679627228765
-0.00170679627228765
-0.00170679627228765
-0.0494970918970239
0
-0.106674767019399
0
0
0
-1000
1000
0
0
-1000
1000
-0.00420043309361517
0
750
-750
0
0
0
-1000
0
0
0
0
0
0
0
0
0
0
0
0
0
0
0
0
0
0
0
1000
-1000
950.165214588817
-950.165214588817
-1000
1000
-1000
1000
1000
0.0157303175562902
-1000
-1000
-0.00170679627228765
-0.00170679627228765
0
0
0
0
1000
623.506659635328
-623.697977187572
945.858042808571
0.0252025985615774
0
0
0
0
0
1000
-1000
0
0
0
0
0
0
0
0
0
0
0
0
0
0
0
0
0
0
0
0
0
0
0
0
0
0
0
0
0
0
0
0
0
0
0
0
0
0
0
0
0
0
0
0
0
0
0
0
0
0
0
0
0
0
0
0
0
0
0
0
0
0
0
0
0
0
0
0
0
0
0
-0.00170679627228765
0
0
0
0
0
0
0
0
0
0
0
0
0
0
0
0
0
0
0
0
0
0
0
0
0
0
0
0
0
0
0
0
0
0
0
0
0
0
0
0
0
0
0
0
0
0
0
0
0
0
0
0
0
0
0
0
0
0
0
0
0
0
0
0
0
0
0
0
0
1000
0
0
0
0
0
0
0
0
0
0
0
0
0
0
0
0
0
0
0
0
0
0
0
0
0
0
0
0
0
0
0
0
0
0
0
0
0
0
0
0
0
0
0
0
0
0
0
0
0
0
0
0
0
0
0
0
0
0
0
0
0
0
0
0
0
0
0
0
493.89813788496
0
0
0
0
0
0
0
0
0
0
0
0
0
0
0
0
0
0
0
0
0
0
0
0
0
0
0
0
0
0
0
0
0
0
0
0
0
0
0
0
0
0
0
0
0
0
0
0
0
0
0
0
0
0
0
0
0
0
0
0
0
0
0
0
0
0
0
0
0
0
0
0
0
0
0
0
0
0
0
0
0
0
0
0
0
0
0
0
0
0
0
0
0
0
0
0
0
0
0
0
0
0
0
0
0
0
0
0
0
0
0
0
0
0
0
0
0
0
-1000
0
1000
0
0
0
0
979.330536227179
0
0
0
0
0
0
0
0
0
0
0
0
0
0
0
0
0
0
0
20.1875350971474
0
0
0
0
0
0
1000
0
0
-455.760173392603
0
-1000
-0.00420043309361517
0
0
0
0
0
0
0
0
1000
0
0
0
0
0
0
-1000
0
0
0
0
0
0
0
0
0
0
0
0
0
0
0
0
0
0
0
0
0
0
0
0
0
0
0
0
0
0
0
0
0
0
0
0
0
0
0
0
0
0
0
0
0
0
0
0
0
0
0
0
0
0
0
0
0
0
0
0
0
0
0
0
0
0
-947.973880096408
947.973880096408
947.973880096408
0
0
-0.00170679627228765
-0.00170679627228765
-0.00170679627228765
-0.00170679627228765
0
-0.00170679627228765
0
0
-0.00170679627228765
-0.00170679627228765
-0.00170679627228765
-0.00170679627228765
0
-0.00170679627228765
-0.00170679627228765
-0.00170679627228765
-0.00170679627228765
-0.00170679627228765
-0.00170679627228765
-0.00170679627228765
0
-0.00170679627228765
-0.00170679627228765
-0.00170679627228765
0
-1000
0
0
101.459736560208
0
0
0
0
0
0
0
0
0
0
0
0
0
